877.61 1292.04 1824.5 2799.92 3175.35 2310.05
243.13 429.73 458.19 4357.83 1390.49 691.85
883.08 1263.11 1743.05 2633.01 3009.12 2274.04
953.01 1363.32 2073.36 3179.18 2822.25 1675.09
903.25 1327.08 1837.65 3194.56 2672.01 1749.65
376.26 510.71 683.7 1042.34 1033.24 775.62
201.28 377.36 392.88 4291.59 1375.32 649.98
891.64 1252.56 1665.46 2509.48 2720.7 2245.43
837.33 1195.46 1668.15 2638.66 2573.87 1860.95
684.3 1052.0 1492.78 4177.91 3051.74 1725.96
903.97 1309.94 1957.32 3160.54 3549.57 2252.89
314.42 433.1 610.22 863.44 781.76 521.06
640.78 914.25 1334.93 2050.02 2008.75 1293.05
506.99 821.77 930.16 4345.27 1860.31 1023.99
390.09 620.99 719.71 3937.46 1749.62 1118.04
795.05 1148.19 1556.13 3004.05 2572.51 1903.94
170.45 210.93 273.29 360.51 345.49 253.94
365.18 545.23 675.65 2685.78 1168.8 666.36
602.38 915.19 1192.09 3322.73 2149.9 1436.78
916.9 1351.99 1948.59 2876.95 2763.37 1928.0
820.69 1189.12 1621.88 2481.23 2758.3 2115.32
518.75 720.71 1027.37 1608.57 1266.37 806.63
172.83 252.33 279.73 1658.67 622.26 324.11
464.69 837.58 717.94 5279.53 1690.65 834.8
805.09 1166.81 1634.31 2618.64 2268.38 1461.5
647.81 969.69 1364.47 2899.83 2279.87 1427.3
166.2 199.1 256.68 345.02 315.6 220.93
968.91 1409.52 2079.42 3273.06 3173.24 2026.01
261.56 463.52 498.6 4585.99 1370.08 672.92
216.66 459.71 447.43 4172.91 1528.32 744.36
930.45 1334.16 1939.45 3184.04 2432.85 1507.47
937.9 1384.05 2012.29 2972.07 2787.66 1903.28
806.47 1154.72 1539.13 2376.6 2472.01 1966.3
779.41 1140.7 1563.12 3023.5 2480.84 1694.04
804.7 1183.68 1556.82 3297.33 2248.96 1452.04
532.23 820.22 1091.1 3504.82 1571.72 866.75
961.75 1378.14 1974.68 3006.4 3534.83 2480.94
891.24 1320.04 1935.89 3297.24 3104.4 1974.88
155.38 211.05 230.28 997.76 463.8 281.95
931.78 1345.19 2068.66 3178.7 2809.02 1619.47
487.49 701.93 1022.05 1548.15 1701.25 1133.23
736.58 1178.75 1529.64 3949.04 2384.6 1405.26
295.19 541.36 469.32 4422.98 1489.05 814.87
804.34 1160.14 1588.84 2863.93 2171.35 1413.57
513.32 839.36 915.95 4497.61 1978.33 1081.95
618.22 946.87 1335.75 3764.07 2202.81 1177.9
958.64 1391.03 2050.29 3222.88 3482.34 2250.72
942.9 1378.45 1971.44 2914.68 2852.5 2041.4
878.51 1293.31 1788.11 3291.47 2567.63 1623.55
500.13 711.59 992.32 1578.31 1157.83 738.12
141.37 209.55 131.64 1461.68 361.48 181.88
780.03 1156.4 1718.15 2521.21 2262.17 1435.38
817.46 1157.75 1489.64 2228.91 2575.89 2226.76
365.53 505.66 718.24 1073.55 1090.83 724.73
959.57 1389.59 2056.69 3165.2 3484.02 2257.61
513.22 740.22 1069.93 1622.44 1792.95 1216.34
935.52 1355.02 1992.67 3057.27 2935.25 1953.26
279.76 499.4 439.14 4141.02 1266.45 626.5
669.21 1044.44 1224.1 4329.68 1928.45 1069.31
688.1 1001.29 1210.23 3081.94 2293.63 1850.19
790.43 1135.67 1503.26 2286.53 2576.87 2095.28
801.39 1161.21 1626.25 2605.41 2256.98 1454.35
458.74 743.27 956.71 3812.88 1808.16 940.91
796.59 1118.32 1460.34 2177.09 2429.55 2076.81
560.33 776.82 1104.64 1660.03 1587.49 1100.87
650.14 956.46 1387.02 2047.83 2038.9 1424.5
420.18 581.79 834.76 1250.09 1183.64 787.56
893.39 1311.84 1905.96 3309.74 2961.78 1866.94
416.14 757.2 537.62 5145.26 1586.72 846.25
823.51 1182.86 1637.39 2948.28 2363.0 1666.51
892.58 1342.35 1988.86 3240.98 2691.39 1678.74
883.09 1291.6 1774.08 3085.96 2625.85 1783.36
350.54 520.77 686.59 2625.17 1202.45 658.14
595.28 833.54 1246.08 1888.35 1680.51 1013.79
624.6 885.81 1136.0 1723.58 2015.86 1697.86
487.63 680.28 1017.43 1534.73 1362.45 808.1
612.81 984.43 1326.42 4071.84 2251.87 1318.95
706.65 1043.58 1357.41 3203.4 2555.28 1854.83
259.19 338.68 459.27 661.42 637.9 453.28
648.09 1055.05 1238.44 4446.83 2071.12 1159.14
862.52 1234.82 1723.57 2726.79 2436.93 1737.48
675.88 969.05 1415.33 2224.32 2144.04 1374.14
390.24 540.98 800.81 1270.22 1413.35 859.32
891.07 1266.46 1821.38 2904.13 2648.16 1787.5
782.85 1123.01 1489.95 2264.85 2537.48 2050.24
811.19 1179.01 1733.14 2872.27 2558.85 1643.84
524.63 735.1 1013.01 1602.32 1271.73 802.55
971.68 1469.72 2224.45 3315.39 3143.14 2038.3
333.63 523.98 648.65 3216.75 1250.54 638.92
922.28 1328.23 1829.01 2781.95 3129.83 2413.56
453.64 721.29 929.9 4225.23 2028.66 1160.84
254.25 333.99 422.56 594.39 639.1 523.04
510.74 777.22 1023.4 3900.43 1699.91 941.52
860.39 1249.68 1742.01 2786.28 2470.1 1634.2
918.44 1331.42 1880.43 2945.52 2843.86 1882.58
615.61 900.96 1326.92 2026.98 2230.71 1474.87
674.87 1006.01 1441.65 3221.18 2266.4 1377.08
874.92 1260.37 1842.95 2822.17 2709.8 1798.65
709.27 1017.37 1491.32 2296.97 2250.48 1444.13
639.74 967.32 1318.16 3519.32 2172.61 1327.79
922.38 1317.99 2002.99 3069.43 2724.34 1617.29
732.51 1075.65 1554.73 2637.35 2614.88 1704.83
635.51 894.9 1206.84 1806.53 1949.37 1541.83
859.65 1220.88 1644.91 2520.88 2548.38 2014.61
805.72 1192.84 1714.9 3520.14 2780.85 1716.56
443.99 736.73 882.4 4104.88 1676.54 915.74
555.45 895.09 1047.23 4497.52 1877.0 948.0
739.19 1088.55 1517.73 2891.56 2440.64 1670.0
476.67 713.69 1002.02 2205.1 1479.72 898.41
976.93 1460.63 2193.31 3226.32 2938.57 1849.69
845.35 1266.94 1825.7 3405.37 2981.39 1880.35
365.06 498.83 708.25 1052.07 997.06 669.18
204.07 261.67 347.63 470.53 430.89 304.36
326.63 543.26 595.63 4408.31 1479.82 791.74
618.9 1026.48 1163.58 4656.35 2125.39 1214.74
811.77 1205.72 1665.64 3691.51 3180.14 2004.8
894.2 1253.37 1634.46 2455.59 2833.08 2404.86
750.3 1055.57 1469.28 2220.04 2241.32 1673.31
919.61 1314.5 1921.71 2934.07 2785.63 1865.3
322.03 448.16 596.18 1388.29 905.96 570.91
927.6 1338.19 1923.94 2937.11 3483.61 2415.2
881.23 1286.96 1986.33 3249.81 3635.09 2143.82
910.68 1316.72 1929.17 3257.41 2751.68 1697.24
905.28 1328.91 2045.87 3503.38 3780.25 2218.37
868.12 1291.76 1876.54 3414.58 3183.63 2019.02
927.5 1352.62 1893.42 3089.81 2668.36 1733.6
387.66 533.54 699.07 1063.94 1052.0 795.7
641.48 985.98 1354.42 3872.85 2525.26 1528.74
968.12 1401.74 2077.02 3179.73 3514.93 2276.93
892.14 1293.63 1832.61 2970.34 2744.21 1771.21
861.28 1233.05 1709.08 2678.05 2468.13 1797.73
849.3 1244.46 1782.88 2626.49 2585.08 1832.98
875.82 1284.32 1877.38 3393.21 2941.04 1847.1
230.92 468.94 462.67 4115.86 1533.43 748.48
791.67 1201.46 1748.8 3497.8 2477.7 1518.26
851.19 1217.15 1629.51 2453.98 2814.42 2261.89
576.13 839.93 1131.95 2746.25 2099.02 1442.48
907.75 1281.84 1694.84 2611.69 2625.11 2106.79
934.36 1373.97 2037.39 3149.56 3210.44 2072.06
492.61 693.13 971.82 1519.71 1735.63 1211.78
707.18 1059.47 1523.0 3700.76 2322.33 1287.55
217.5 276.81 369.65 522.07 497.68 352.33
938.48 1412.04 2081.76 3492.89 3587.01 2330.73
922.4 1324.6 1997.07 3286.05 2775.96 1655.06
883.46 1329.34 1998.09 2959.19 2839.6 1865.55
917.2 1354.01 2002.32 3221.48 3177.9 2032.12
324.35 440.48 641.07 947.79 838.19 511.05
882.43 1335.82 1952.97 3571.33 3426.7 2210.16
804.54 1206.21 1725.9 3339.97 2508.9 1637.98
903.5 1330.27 1894.05 2810.32 2904.35 2145.71
227.97 420.59 391.05 4391.8 1137.31 545.49
767.06 1076.66 1445.16 2174.6 2311.51 1867.13
759.1 1114.23 1594.95 3076.76 2447.67 1577.98
918.13 1318.27 1802.79 2738.37 3086.25 2411.19
937.89 1356.16 1929.09 3023.83 2862.41 1854.71
860.42 1266.14 1857.85 3521.08 2632.86 1488.12
116.74 125.03 135.99 159.22 146.18 127.69
656.41 945.39 1443.5 2343.39 2617.8 1555.67
851.49 1215.15 1717.46 2731.51 2589.74 1815.7
130.75 146.11 170.03 209.03 220.96 177.11
425.0 604.45 876.67 1259.83 1151.86 746.86
662.19 950.6 1323.35 2108.18 1828.91 1185.56
690.02 1029.84 1330.16 2950.84 2522.08 1903.16
833.93 1190.92 1567.31 2330.39 2665.78 2241.26
881.31 1229.62 1569.82 2350.97 2698.93 2389.6
237.1 463.21 451.38 4422.38 1455.63 637.12
905.38 1272.62 1716.34 2591.03 2745.72 2204.95
741.94 1101.86 1502.69 3053.49 2600.32 1811.05
905.19 1275.22 1716.03 2639.37 2611.51 2079.85
913.46 1328.02 1826.38 2902.25 2711.3 1899.02
733.24 1054.93 1486.6 2914.69 2311.17 1556.24
867.91 1239.34 1740.02 2634.16 2696.74 1986.14
822.66 1167.92 1513.65 2278.83 2554.82 2176.44
799.2 1150.48 1721.29 3131.5 2432.17 1422.96
767.62 1092.04 1577.87 2569.96 1971.34 1230.37
831.16 1212.42 1661.18 2481.8 2641.54 2035.29
753.76 1164.84 1641.85 3867.48 3039.04 1917.91
887.84 1253.91 1691.78 2555.42 2711.75 2180.77
896.48 1321.5 1888.63 3146.74 2172.28 1303.22
518.49 722.36 1067.34 1678.54 1447.49 875.5
330.36 483.87 568.78 1902.9 1055.11 732.34
694.53 1008.31 1484.29 2279.86 2318.55 1498.82
627.54 941.86 1362.19 3567.75 2157.52 1168.38
473.52 757.74 838.4 3613.12 1961.04 1365.25
204.68 379.78 399.7 4193.55 1200.91 543.07
807.59 1159.51 1534.19 2385.54 2432.87 1900.62
564.39 798.78 1165.69 1768.09 1671.7 1097.24
892.74 1278.83 1780.8 2694.59 3066.3 2274.6
744.92 1070.87 1522.22 2379.97 2236.89 1424.56
958.08 1407.87 2078.72 3203.94 3431.3 2239.18
757.47 1120.48 1671.18 2446.29 2227.88 1408.57
850.27 1256.98 1786.12 3212.53 2098.75 1249.77
643.11 910.93 1261.78 1910.78 2033.29 1510.55
910.92 1284.25 1718.65 2591.9 3006.74 2423.69
862.56 1251.65 1838.38 3082.18 3156.22 2031.45
330.73 453.06 618.35 961.4 696.45 447.31
133.85 289.43 169.91 3332.04 915.31 400.95
869.08 1306.95 1973.59 2918.31 2774.86 1803.79
805.94 1173.75 1659.46 3354.92 2231.65 1362.22
397.25 648.69 755.26 4218.97 1689.85 958.63
712.04 1075.57 1490.14 3211.02 2268.64 1470.95
791.91 1141.02 1643.25 2531.87 2555.82 1727.65
910.06 1312.89 1934.45 3362.11 3058.79 1846.89
206.09 258.66 341.08 475.0 545.88 387.23
849.22 1203.49 1632.47 2519.14 2619.12 2046.17
149.26 340.24 227.13 4659.49 1184.41 468.59
867.1 1281.13 1842.94 3394.39 2900.6 1817.5
901.98 1287.92 1955.71 2999.49 2659.92 1579.84
850.57 1232.79 1741.56 2760.26 3180.4 2253.36
780.09 1167.65 1647.21 3457.48 2439.23 1395.62
368.05 651.8 544.93 4964.33 1590.77 732.75
883.11 1292.26 1984.89 3123.68 2685.87 1536.64
331.28 536.45 645.21 4209.78 1464.06 725.76
893.17 1332.13 1987.4 3064.31 3377.71 2214.98
901.56 1305.76 1810.63 2882.46 2353.65 1657.19
259.71 348.1 480.02 668.62 607.79 413.61
389.12 549.13 787.96 1129.39 1019.26 667.74
475.46 837.62 717.59 4493.38 1699.97 1000.74
942.53 1339.07 1942.31 2961.25 2821.45 1923.06
409.63 558.58 816.49 1218.01 1088.08 671.27
917.87 1330.56 1878.71 2942.59 2842.63 1883.44
746.14 1121.03 1500.37 3397.47 2317.4 1432.93
894.51 1263.35 1660.05 2481.05 2759.35 2343.74
405.9 557.51 757.72 1182.25 944.09 606.1
538.37 842.77 1045.64 4168.92 1773.42 984.53
797.47 1128.55 1521.86 2302.29 2519.06 2001.93
779.25 1152.84 1639.35 3041.58 2497.55 1621.45
248.67 330.96 453.77 629.34 572.71 391.95
808.28 1174.92 1808.21 2776.56 2430.53 1397.71
966.21 1411.65 1985.0 3231.31 2770.94 1774.99
509.41 713.88 1032.37 1551.56 1710.33 1126.6
861.42 1255.75 1926.89 3143.98 3521.34 2102.05
969.63 1387.56 2107.19 3231.38 2876.71 1717.37
907.68 1319.75 1995.57 3321.69 2752.06 1575.07
510.48 815.13 962.58 3697.61 1951.98 1146.87
883.61 1284.35 1955.34 3297.06 2714.73 1550.35
844.5 1213.22 1683.01 2666.21 2806.53 2022.45
387.11 546.0 783.19 1173.0 1286.44 865.57
288.82 529.49 477.64 4786.59 1353.94 651.63
662.28 976.41 1153.73 2604.52 2148.49 1753.82
466.66 649.26 862.56 1288.43 1393.51 1096.8
867.68 1240.95 1702.72 2574.86 2746.3 2128.63
948.74 1391.86 1996.35 3060.19 3407.99 2428.66
797.67 1165.88 1724.44 2658.02 2703.42 1741.48
929.2 1352.47 1870.88 2982.74 2733.95 1875.83
543.62 878.36 996.01 4414.73 2078.65 1159.3
545.07 857.49 1000.23 3747.13 1739.03 940.28
757.29 1158.65 1560.11 3656.98 2868.54 1876.64
679.48 1056.86 1462.66 3719.37 2234.23 1326.58
574.5 873.39 1076.19 3040.13 2122.68 1589.99
800.36 1152.53 1538.5 2397.85 2641.6 2091.6
619.21 950.84 1171.02 4001.37 2028.72 1168.39
776.55 1113.5 1447.72 2196.25 2626.66 2181.15
809.57 1208.49 1750.65 3441.28 2876.62 1807.22
702.28 1003.94 1327.38 2333.28 2187.22 1763.24
577.98 850.57 1086.28 2403.43 1533.97 951.29
763.34 1109.67 1603.39 3536.02 2331.11 1341.13
618.51 965.98 1296.78 3722.12 2524.35 1595.19
866.87 1263.84 1949.51 2997.96 2623.31 1505.05
846.35 1224.18 1705.36 3017.03 2211.77 1352.21
968.88 1409.86 2084.34 3279.46 3176.85 2020.03
956.21 1388.75 2034.19 3151.33 3129.91 2046.84
942.65 1368.22 1998.33 3094.03 3083.86 2030.39
680.82 986.65 1449.43 2219.04 2364.92 1533.6
862.4 1263.85 1871.3 2881.52 3073.0 1981.79
811.54 1179.89 1717.52 2640.0 2719.56 1824.75
161.22 338.86 231.23 4768.08 1078.34 456.37
304.94 482.57 577.55 3426.82 1290.33 708.38
957.01 1428.94 2128.16 3136.54 2828.15 1804.44
942.03 1366.62 2010.37 3192.36 3419.65 2212.58
826.93 1191.34 1748.5 3405.79 2465.65 1437.26
873.04 1246.76 1703.78 2568.97 2949.64 2273.46
422.65 660.2 714.51 3485.49 1680.05 1185.5
875.83 1280.11 1911.4 3279.66 3513.42 2172.26
716.31 1133.11 1575.19 3700.14 2485.37 1537.44
884.16 1274.12 1785.61 2908.85 2270.52 1400.08
244.54 478.02 378.34 4744.14 1301.2 589.68
813.97 1216.84 1797.44 2798.57 2432.16 1524.67
945.22 1373.41 1969.48 3120.05 2898.46 1814.84
781.6 1127.99 1478.03 2247.73 2649.18 2182.11
564.67 796.73 1158.2 1747.46 1927.66 1265.14
722.38 1058.32 1536.04 3004.07 2344.01 1484.04
514.37 825.72 982.91 3904.16 2027.78 1207.13
794.38 1174.31 1741.57 3247.41 2539.53 1505.75
367.69 643.38 708.12 4404.39 1713.38 845.62
865.68 1268.85 1878.91 2893.48 3085.78 1989.87
972.67 1449.39 2147.68 3311.78 3659.5 2442.32
382.12 592.82 770.76 3211.5 1573.63 905.72
941.18 1379.58 2005.9 3351.35 3100.11 1967.31
836.47 1207.15 1650.92 2855.42 2233.71 1461.17
786.13 1127.23 1485.96 2295.47 2602.37 2095.06
141.01 160.58 180.47 223.08 245.18 222.36
690.75 1047.48 1228.69 3665.5 2115.23 1463.9
647.98 1028.08 1397.94 3797.71 2239.56 1307.68
728.48 1110.27 1592.84 3221.55 2872.49 1833.77
892.76 1250.73 1627.24 2443.91 2818.19 2403.25
914.0 1327.75 1942.8 3147.21 3324.3 2165.64
719.35 1061.31 1580.09 2310.25 2104.5 1332.7
923.16 1312.75 1846.02 2929.1 2979.15 2102.3
502.08 816.81 977.63 4283.44 2074.51 1167.27
796.78 1141.28 1498.89 2717.4 2530.79 2017.47
845.33 1190.47 1518.55 2569.43 2591.02 2213.63
650.96 974.33 1312.01 3312.49 2046.86 1249.8
951.15 1420.04 2127.89 3129.05 2858.13 1807.82
908.79 1345.99 1963.37 3345.98 3278.45 2091.47
562.02 871.97 1130.07 3750.23 2044.79 1148.0
342.23 579.77 602.63 3929.73 1622.98 989.05
939.34 1355.09 1902.12 3062.67 2424.42 1504.34
850.05 1280.61 1866.02 3155.96 2562.82 1589.71
910.78 1335.19 1893.48 2890.23 3262.92 2373.34
87.47 270.69 94.61 4707.6 1166.94 428.01
848.43 1271.37 1785.06 2924.31 2787.76 2001.67
525.49 760.43 1116.82 1618.45 1477.1 946.87
309.41 415.41 520.06 749.2 851.41 722.51
893.33 1332.37 1987.78 3064.91 3378.36 2215.41
577.81 845.04 1201.94 2313.83 1964.33 1268.29
647.72 919.42 1311.81 1984.95 2347.17 1626.08
387.5 642.73 781.01 3692.1 1831.72 1006.73
787.13 1128.64 1726.29 2643.28 2337.89 1355.22
673.41 974.98 1405.53 2402.29 2165.23 1376.21
704.61 1002.31 1483.17 2410.94 2287.19 1362.25
806.23 1146.11 1731.02 2644.97 2357.7 1414.18
573.51 920.39 1163.57 3988.21 2158.43 1330.41
514.9 739.95 1051.09 1532.66 1458.75 1012.43
857.88 1237.7 1852.58 3182.68 2597.25 1524.4
751.47 1149.52 1612.1 3587.62 2944.47 1909.49
818.09 1159.19 1492.89 2221.08 2611.44 2263.02
906.57 1308.53 1810.21 2920.75 3055.46 2251.27
863.27 1247.48 1701.36 2669.08 2390.11 1783.13
892.42 1287.65 1802.88 2968.97 2298.49 1414.43
651.78 949.97 1239.08 2835.42 2117.93 1542.45
612.01 877.93 1336.29 2164.37 2416.88 1439.51
618.24 913.93 1274.79 2978.21 2092.97 1364.26
752.79 1114.05 1653.34 2539.65 2797.57 1840.64
166.12 197.58 250.06 349.32 306.31 219.08
402.65 674.75 672.63 4038.26 1390.16 701.92
388.73 532.43 726.07 1076.85 1094.45 805.48
202.9 419.15 363.82 4593.27 1328.75 589.81
641.53 1035.13 1229.82 4752.48 2653.5 1432.28
488.72 822.93 938.13 4311.23 2119.74 1203.7
200.48 248.94 322.51 461.97 379.86 269.55
276.02 497.31 509.44 3552.35 1313.79 667.19
614.21 931.42 1260.74 3729.62 2635.66 1635.09
569.17 828.81 1216.4 1853.4 2038.78 1351.02
715.86 1030.93 1389.31 2342.49 2343.94 1772.33
664.45 1009.69 1423.69 2975.12 2081.31 1290.87
738.83 1121.72 1587.04 3651.07 2850.49 1756.18
250.64 329.96 449.98 649.58 687.41 471.81
810.89 1166.78 1609.82 2781.44 2352.95 1675.66
887.96 1319.64 1955.02 2877.74 2676.55 1740.5
465.8 647.88 921.54 1383.18 1335.42 919.36
338.7 462.65 616.69 1150.8 786.16 503.58
760.67 1126.32 1672.07 2452.27 2200.61 1397.35
863.79 1236.7 1750.93 2673.04 2683.75 1917.06
960.21 1375.29 1966.91 2993.82 3518.79 2479.2
531.64 789.06 952.14 2550.85 1799.49 1359.65
857.57 1245.94 1757.27 3143.03 2734.71 1897.53
457.99 656.11 951.86 1437.92 1579.37 1054.58
610.38 908.33 1312.64 2355.02 1828.87 1137.04
984.94 1420.95 2091.42 3195.4 3775.62 2507.04
719.97 1077.02 1464.78 3475.75 2352.58 1401.32
166.9 200.06 252.03 336.49 381.19 281.13
811.58 1186.45 1745.76 2696.2 2754.28 1797.33
784.57 1131.87 1579.16 2409.44 2486.77 1834.81
825.94 1219.0 1674.75 3154.63 2193.88 1440.58
835.02 1224.29 1747.11 2834.3 2014.93 1229.09
834.72 1184.36 1553.93 2324.53 2722.65 2271.25
917.23 1323.23 1903.19 2950.26 3250.7 2230.03
837.91 1203.02 1700.08 2601.78 2697.13 1923.76
549.13 785.62 1143.47 1738.58 1851.38 1208.55
908.21 1333.79 1977.75 3048.68 3251.66 2094.87
830.58 1193.87 1618.05 2461.22 2933.15 2264.86
638.2 947.43 1423.78 2090.12 1975.36 1276.01
948.99 1378.26 1979.67 3115.96 2903.28 1812.72
429.5 648.67 798.13 2886.84 1323.04 767.28
553.57 795.46 995.12 2483.56 1893.24 1468.87
634.84 961.65 1175.02 3005.28 2224.68 1680.36
668.46 968.48 1423.59 2184.27 2221.26 1437.48
923.6 1323.33 1958.26 2994.63 2794.9 1811.08
920.19 1311.82 1831.4 2869.96 3252.3 2392.83
718.84 1094.08 1520.42 3667.58 2634.98 1615.82
217.19 387.94 379.11 3765.6 1271.59 619.29
964.16 1389.88 2027.56 3092.06 3659.61 2474.13
439.57 601.13 807.15 1201.46 1263.79 971.91
280.83 390.76 519.4 1145.6 798.03 515.65
490.18 788.34 846.64 4437.54 1653.5 825.12
977.16 1433.0 2217.53 3642.78 4069.45 2394.59
914.4 1292.81 1772.41 2750.33 2579.34 1961.74
334.32 531.26 675.97 3193.29 1308.58 715.27
943.65 1379.62 1964.17 3006.68 3354.49 2425.76
340.24 456.12 632.05 965.5 769.17 505.41
893.83 1312.3 1828.71 3219.94 3103.97 2143.01
869.22 1255.97 1717.81 2543.32 2712.25 2125.26
177.51 337.05 289.2 4471.09 1118.24 489.43
531.6 755.75 1142.13 1840.16 2053.01 1229.14
583.22 884.41 1209.45 3277.02 2149.11 1335.98
897.44 1299.55 1908.89 2930.24 2815.22 1872.12
413.02 688.46 764.33 4373.9 1875.5 1026.55
817.77 1163.98 1475.88 2812.21 2576.96 2095.35
917.25 1295.95 1750.56 2643.56 3072.56 2430.82
266.16 348.84 450.64 643.47 699.3 552.26
767.28 1134.32 1574.35 3530.97 2192.43 1303.58
242.23 433.4 413.53 4110.47 1252.27 584.47
595.49 826.96 1115.35 1666.58 1934.96 1504.8
619.52 907.08 1124.86 2557.82 2194.68 1791.92
596.36 877.34 1143.74 2656.09 2143.7 1543.51
877.52 1264.12 1740.15 2638.69 2966.35 2256.3
600.53 853.16 1248.63 1897.91 1794.03 1174.85
370.88 589.92 640.99 2474.63 1244.97 724.09
415.55 721.5 905.93 3905.99 1794.57 955.06
969.91 1442.75 2130.21 3282.74 3630.47 2440.74
814.82 1164.71 1699.08 2743.86 2674.11 1686.52
275.15 633.15 243.89 5327.75 1381.08 604.33
228.68 470.22 357.55 4642.47 1249.96 581.45
773.06 1111.52 1517.97 2841.65 2477.01 1825.1
550.57 822.32 1203.71 2078.41 1723.89 1099.91
681.05 969.84 1475.22 2250.65 1992.41 1161.44
106.82 153.99 119.84 1660.23 420.04 213.4
558.93 787.02 1186.18 1798.63 1594.67 938.35
776.53 1115.98 1440.33 2218.81 2512.8 2093.65
950.93 1372.44 1928.23 3107.18 2450.96 1514.39
540.37 763.11 1077.81 1669.91 1550.36 976.66
962.14 1436.72 2142.92 3193.26 2906.93 1856.26
942.09 1391.14 2058.59 3287.83 3413.56 2188.83
951.73 1370.87 2044.21 3345.0 3179.77 1889.37
729.95 1034.82 1399.84 2069.88 2174.05 1733.34
916.39 1309.36 1794.51 2727.53 3021.2 2326.5
601.93 859.92 1117.08 2286.95 1908.42 1452.16
777.08 1110.37 1606.48 2437.77 2881.42 1963.77
627.34 906.94 1284.73 2068.78 1463.22 893.81
792.76 1136.45 1565.59 2491.16 2115.97 1419.02
914.76 1337.02 1941.06 2985.71 3108.3 2111.7
788.65 1131.69 1561.8 2721.14 2458.34 1766.68
259.12 467.12 458.49 4323.1 1375.63 652.17
856.6 1241.39 1827.92 2893.47 2781.07 1772.5
897.52 1317.5 1963.54 3488.92 3640.69 2249.14
564.06 884.77 983.43 3684.07 2047.51 1478.79
345.72 536.81 656.3 3239.21 1438.01 839.64
553.25 786.84 1153.81 1840.44 2075.85 1330.88
497.75 824.61 936.74 4256.28 1701.45 910.67
384.47 533.31 700.82 1022.67 1124.05 904.64
916.95 1321.87 1943.9 2968.18 3512.6 2328.31
712.53 1071.86 1402.1 3760.73 2061.68 1200.37
113.08 245.52 154.33 4428.15 977.31 395.81
865.35 1267.51 1836.74 3473.95 3417.88 2194.01
917.6 1367.25 2039.07 2999.67 2760.06 1765.42
560.95 803.66 1170.93 1781.72 1897.49 1237.73
900.94 1304.35 1928.66 2960.35 2813.54 1842.26
383.0 512.19 646.23 939.12 1063.78 922.22
844.2 1234.97 1703.95 2607.79 2992.28 2265.54
512.39 736.51 1047.31 1529.01 1538.65 1107.74
537.14 752.98 1064.1 1595.37 1781.11 1243.24
391.16 530.8 756.67 1121.62 1042.45 689.18
677.87 1015.98 1386.68 3642.02 2054.31 1184.2
508.3 740.47 1031.47 2290.2 1863.83 1172.17
629.0 932.96 1401.17 2056.12 1943.33 1255.92
205.97 304.75 318.49 1729.25 663.81 358.43
922.46 1346.31 2011.49 3256.59 3683.99 2334.4
929.54 1359.55 1990.78 3304.21 3065.45 1940.23
680.9 968.99 1391.92 2109.57 2494.49 1709.7
514.94 832.92 904.98 4466.97 1995.28 1098.7
619.82 877.35 1144.19 1725.17 1958.21 1614.64
885.58 1270.29 1734.48 2666.79 2762.06 2048.85
700.32 972.24 1270.32 1898.78 2089.64 1765.04
467.58 653.1 943.52 1420.33 1344.04 889.34
651.61 962.93 1283.75 2850.17 2515.33 1762.93
328.63 568.68 651.28 3929.66 1678.41 904.4
890.34 1282.64 1961.73 3009.96 2678.81 1567.84
932.96 1346.98 1900.55 2905.2 3173.42 2296.78
675.31 1012.3 1253.14 2981.53 2281.13 1734.58
533.82 817.31 1057.99 3452.55 2232.25 1353.02
715.24 1081.97 1482.19 3797.15 2530.84 1527.12
385.25 610.98 727.8 3585.51 1466.93 791.76
433.94 724.49 794.54 4491.0 1706.4 929.39
552.79 881.32 998.12 4416.28 2226.82 1269.7
453.3 628.43 860.74 1286.7 1362.16 1011.13
911.3 1311.58 1946.9 3202.77 3035.14 1814.86
293.86 430.17 530.1 1859.53 934.13 548.87
890.83 1295.43 1854.47 3012.23 2721.12 1678.89
604.43 847.98 1186.87 1786.7 1767.94 1292.29
810.08 1170.79 1572.05 2397.96 2754.42 2167.12
732.66 1052.59 1544.74 2381.32 2333.04 1495.74
485.24 777.91 921.02 3847.62 1911.33 1152.51
949.33 1396.55 2151.59 3674.42 3979.58 2333.69
711.36 1062.38 1561.36 2453.38 2242.71 1484.98
595.51 869.76 1279.08 1864.24 1675.49 1073.04
922.59 1315.77 1796.98 2771.56 2820.76 2095.3
654.02 945.75 1387.18 2121.29 2260.44 1467.47
625.85 904.93 1305.67 2299.77 1950.38 1252.61
726.22 1035.19 1406.89 2204.97 1920.16 1431.44
230.91 444.63 460.11 3541.02 1347.02 669.82
449.64 643.15 931.98 1344.87 1211.69 786.59
584.63 893.05 1207.84 3810.76 2332.69 1419.6
522.44 733.41 1062.03 1597.74 1761.56 1159.26
905.52 1275.84 1718.02 2643.28 2610.38 2075.69
931.38 1360.22 1966.49 3016.57 3277.18 2244.85
609.47 943.2 1153.8 4030.89 1901.17 1054.84
926.68 1329.21 1893.87 2892.02 2882.79 2070.27
583.88 832.11 1152.94 1828.44 1588.07 1034.34
882.6 1232.06 1577.79 2367.26 2690.41 2369.49
324.61 453.67 652.47 930.56 882.66 590.8
659.05 927.99 1393.65 2118.62 1884.02 1131.45
752.62 1108.75 1515.7 3254.2 2524.65 1738.7
468.11 644.85 937.9 1404.99 1285.53 821.47
430.34 714.33 841.16 4206.85 1676.22 849.83
876.75 1261.46 1768.56 2844.31 2246.65 1392.52
619.58 986.13 1177.99 4420.09 2327.53 1342.78
359.99 631.48 730.09 4152.1 1676.64 861.94
883.06 1270.02 1813.16 2911.1 2941.39 1974.48
559.58 888.83 1080.93 4243.84 1881.55 958.49
607.79 851.67 1141.54 1700.66 2009.36 1581.96
809.36 1211.74 1660.27 3448.85 2027.64 1179.82
564.56 783.55 1082.61 1673.7 1468.26 1055.64
723.61 1027.37 1412.06 2236.1 1880.89 1267.75
484.15 767.41 971.55 4183.2 1924.53 1084.27
777.09 1115.17 1619.31 2465.13 2744.24 1840.71
876.29 1279.67 1824.72 2807.83 2980.35 2095.9
871.92 1281.93 1810.41 2690.6 2724.66 1982.71
808.57 1155.46 1567.98 2450.07 2541.64 1952.85
929.55 1402.18 2119.45 3137.46 2991.12 1946.02
935.25 1356.55 2002.07 3076.44 2938.18 1935.11
398.25 619.47 804.72 3374.46 1741.43 1013.33
760.87 1112.19 1583.85 2583.18 1810.93 1095.39
296.82 395.11 548.22 797.81 874.13 593.51
367.91 618.2 634.8 4198.84 1372.17 697.19
861.58 1308.05 1911.05 3446.9 2673.95 1647.26
879.67 1258.68 1798.04 2730.1 2718.74 1925.36
622.37 893.15 1153.61 2588.42 2176.19 1656.77
788.17 1222.97 1763.29 3647.26 2674.86 1677.24
564.29 797.77 1080.06 1655.54 1695.85 1235.87
810.45 1179.44 1815.45 2964.47 3314.84 1958.67
805.85 1211.87 1780.59 3141.24 3102.74 2008.54
932.04 1382.23 2021.17 2999.56 2964.55 2079.54
824.34 1170.18 1538.43 2301.88 2613.56 2187.13
935.97 1373.82 2028.14 3132.94 3202.86 2090.51
267.72 352.53 483.0 704.78 691.98 470.01
890.94 1251.57 1631.63 2454.61 2787.35 2372.16
407.23 607.61 842.59 2768.31 1764.2 1003.31
684.0 1044.84 1367.46 3800.73 2016.06 1167.27
507.9 707.35 1008.92 1599.98 1567.7 1014.56
838.85 1223.98 1802.85 2901.49 2597.37 1650.21
641.47 980.47 1357.81 3786.46 2155.34 1174.52
555.14 862.11 1077.17 3591.15 1971.86 1260.8
979.32 1429.79 2010.68 3234.54 2806.47 1807.21
221.66 443.96 302.88 4793.31 1236.27 545.35
834.64 1186.13 1546.63 2743.31 2675.06 2143.52
935.39 1372.3 2023.31 3124.7 3197.54 2093.65
890.05 1275.41 1861.1 3242.93 2605.35 1587.7
159.78 203.25 245.08 721.29 384.3 236.85
592.97 934.3 1236.68 3577.61 1773.81 972.2
879.39 1278.8 1883.95 3490.5 3006.64 1753.56
911.08 1302.27 1896.23 3021.99 2359.16 1468.69
890.54 1283.37 1799.56 2919.17 2287.2 1410.68
484.32 674.69 941.57 1408.69 1412.94 1021.84
585.59 822.25 1168.03 1756.24 1725.35 1208.37
550.33 799.54 1171.57 1782.99 1960.92 1300.78
920.38 1307.22 1827.66 2890.74 2960.45 2121.29
515.76 713.8 975.88 1456.47 1476.02 1123.94
653.8 926.0 1231.86 1901.2 2033.83 1611.88
679.29 962.01 1321.16 1988.42 2093.34 1602.71
863.27 1234.63 1865.07 2967.94 2555.99 1514.72
601.41 909.14 1242.7 3357.45 2126.35 1321.17
297.49 449.24 563.64 2703.44 1187.21 635.24
937.14 1336.25 1911.55 3024.2 2499.93 1670.23
336.02 672.39 325.27 5744.86 1323.06 539.2
927.84 1409.38 2117.3 3393.3 3026.17 1944.39
929.52 1368.29 2030.4 3177.68 3202.5 2056.51
385.99 669.46 790.07 3868.77 1499.75 747.46
917.37 1302.58 1907.99 3074.5 2674.86 1708.32
823.95 1170.39 1519.54 2258.81 2611.85 2233.96
216.57 421.27 312.31 4488.5 1172.73 527.81
602.64 843.5 1225.17 1848.94 1733.57 1142.84
540.82 823.62 992.3 3476.46 1912.33 1313.01
859.97 1237.53 1669.58 2627.73 2478.07 1822.78
446.38 621.54 890.99 1349.01 1322.58 864.16
654.85 944.46 1370.49 2090.95 2245.12 1496.04
908.38 1304.3 1841.97 2794.37 3158.96 2275.5
831.37 1251.6 1898.92 2804.42 2648.47 1698.11
342.12 548.16 627.4 3913.4 1517.0 897.96
362.14 486.87 689.72 1018.08 941.69 625.89
653.95 1000.99 1405.5 3780.05 2274.75 1234.86
881.66 1303.48 1792.86 3446.85 2603.1 1636.75
809.98 1232.41 1592.35 3631.77 2428.98 1496.55
652.96 921.29 1288.95 2164.61 1941.97 1361.67
254.11 342.65 479.05 669.85 636.99 436.74
746.07 1115.29 1680.16 2476.34 2348.75 1523.24
645.98 974.61 1389.85 3427.75 2176.18 1246.57
763.27 1079.02 1531.06 2407.7 2008.28 1359.82
603.63 845.99 1200.85 1881.06 1537.87 1016.61
290.78 389.53 560.11 820.94 727.74 449.54
910.43 1319.54 1944.49 2996.95 2856.99 1884.7
862.32 1265.91 1769.31 2711.96 3091.54 2289.67
544.3 833.18 944.73 3553.78 1931.31 1412.29
759.38 1088.33 1392.74 2114.95 2496.48 2125.67
433.79 627.42 830.62 2046.91 1276.21 794.02
708.44 1062.34 1333.89 3762.21 2070.28 1310.46
338.07 469.83 666.48 947.62 856.93 567.49
832.74 1205.49 1794.49 3058.61 2581.23 1576.78
912.44 1298.94 1943.77 3163.42 2634.94 1563.18
842.6 1197.7 1615.09 2427.58 2649.38 2116.98
413.22 578.15 827.71 1242.75 1321.41 873.1
741.33 1152.56 1662.43 3508.22 2513.6 1552.43
627.91 869.38 1146.71 1745.41 1893.89 1535.25
306.57 410.83 574.04 842.0 799.13 543.59
920.93 1325.0 1820.5 2767.82 3115.69 2412.79
715.18 1013.45 1473.95 2242.6 2125.46 1408.65
729.72 1064.54 1482.54 2837.05 2347.56 1599.73
597.36 839.42 1165.13 1814.01 1602.41 1134.55
261.53 533.94 289.34 3931.73 1097.52 513.18
917.96 1310.84 1906.6 2909.03 2781.8 1887.71
730.88 1023.16 1373.66 2062.67 2393.55 1899.59
857.8 1254.89 1730.48 3345.65 2309.7 1389.51
627.1 943.23 1245.39 3558.27 1906.56 1080.49
766.72 1134.94 1661.0 3488.92 2473.64 1411.72
649.6 926.99 1361.22 2074.14 1960.07 1280.21
885.08 1244.24 1616.16 2454.1 2628.04 2244.53
701.54 1051.7 1526.11 3555.2 2966.43 1726.93
534.16 764.36 1075.39 1720.91 1222.34 753.55
798.55 1130.9 1446.17 2207.31 2551.15 2214.72
788.81 1124.64 1503.65 2262.37 2555.8 2059.19
856.43 1250.68 1734.54 2771.84 2285.28 1589.39
243.47 314.58 408.48 607.59 495.89 337.37
415.44 585.0 830.33 1338.75 1285.1 841.37
732.01 1072.29 1598.67 3354.22 2333.23 1312.7
773.82 1113.15 1617.86 2572.66 2922.4 1957.1
519.35 727.15 1052.95 1582.32 1862.51 1235.36
256.51 339.49 451.61 684.31 504.58 335.59
480.47 794.76 963.76 4257.22 1828.72 994.25
622.64 874.71 1257.45 1982.85 1555.74 981.95
451.24 628.89 879.89 1352.15 1256.8 799.22
582.61 822.62 1242.28 1890.84 1672.72 981.92
893.27 1312.47 1959.75 3569.53 3637.91 2221.73
304.94 402.92 530.9 785.55 726.35 551.5
431.33 745.75 661.26 5061.67 1628.75 802.57
953.28 1428.35 2140.16 3258.25 2886.98 1806.25
907.35 1313.72 2011.21 3241.91 2754.05 1582.34
299.61 438.61 540.01 1940.3 1010.59 568.71
315.38 674.52 345.28 5182.39 1360.97 600.28
888.63 1286.44 1896.81 3029.72 3229.16 2086.75
557.48 779.36 1039.21 1602.41 1554.09 1173.48
89.74 244.63 66.36 4915.45 906.48 323.31
904.55 1303.91 1851.27 2824.05 3352.84 2379.49
497.33 725.62 1077.29 1569.21 1484.5 968.19
435.0 617.47 819.09 1783.28 1110.03 678.86
872.9 1252.46 1741.62 2713.81 3130.89 2316.1
653.55 945.03 1333.89 2909.95 1980.27 1192.79
926.3 1310.04 1843.58 2799.5 2788.36 2046.21
542.92 853.03 1088.19 3940.24 2036.4 1126.5
829.0 1186.92 1608.99 2500.51 2470.41 1897.01
646.09 928.74 1330.58 2325.54 1967.7 1300.56
466.3 681.81 816.82 2580.77 1551.85 1186.56
722.58 1041.96 1439.45 2680.44 1889.4 1153.8
781.09 1152.47 1672.69 3552.84 2499.45 1431.55
655.24 953.27 1362.07 2814.6 2210.52 1288.61
773.83 1141.64 1643.16 3523.57 3154.85 2004.1
539.96 764.5 1005.29 1547.44 1531.99 1211.87
732.47 1051.19 1523.38 2326.42 2262.22 1537.45
395.77 542.77 800.02 1194.72 1063.27 640.29
586.72 869.35 1102.97 2873.81 2096.41 1552.06
928.67 1327.31 2017.56 3092.17 2744.43 1628.91
837.73 1195.4 1760.84 2686.63 2514.43 1641.01
517.59 804.89 903.67 3433.5 1952.85 1442.64
478.5 804.52 793.47 4810.21 1800.38 960.84
661.44 954.67 1289.93 2514.74 2328.4 1691.43
643.33 985.89 1408.63 4120.84 2880.49 1615.92
388.98 535.11 759.9 1142.02 1119.97 737.52
911.78 1308.96 1893.3 3199.88 2398.21 1496.74
330.75 447.45 626.95 932.08 914.47 609.08
881.44 1279.21 1771.86 2620.95 2737.94 2093.82
361.48 582.8 690.3 3067.49 1483.05 829.19
678.27 1021.18 1482.87 3601.89 2240.56 1252.06
196.99 410.81 254.7 4831.6 1201.88 517.26
109.53 304.42 69.58 5230.37 1052.66 412.48
349.73 603.73 594.47 3596.12 1507.02 892.36
204.04 372.04 363.38 4457.57 1274.92 580.57
524.48 756.65 974.24 2124.41 1751.18 1351.12
912.05 1314.52 1831.28 2842.1 2823.33 1968.21
133.99 219.29 204.68 1604.13 588.58 307.62
475.66 702.54 877.29 2629.65 1295.93 747.27
155.48 187.36 236.47 305.16 293.33 221.23
870.03 1254.77 1856.45 3314.42 2669.12 1621.0
446.26 722.16 757.67 3822.49 1878.3 1297.41
519.85 765.29 1002.93 2407.52 1526.54 949.08
333.3 529.93 549.97 2414.69 1037.19 561.91
185.35 243.78 300.28 727.76 519.79 343.33
723.62 1077.09 1454.94 3067.4 2553.18 1777.3
922.62 1346.56 2012.1 3257.71 3685.13 2334.58
862.1 1210.82 1612.14 2477.86 2690.5 2169.74
790.22 1204.23 1739.91 3285.05 2460.05 1510.21
808.18 1155.54 1506.62 2603.14 2468.1 1980.39
640.2 917.95 1356.86 2067.15 1913.42 1218.35
208.35 268.32 357.82 485.77 444.5 312.77
544.29 775.04 1172.77 1891.33 2110.44 1262.34
530.79 789.58 1059.99 2905.91 1595.95 920.61
781.2 1112.66 1538.44 2379.15 2350.15 1660.79
808.81 1146.4 1708.63 2782.4 2313.89 1377.27
852.5 1254.47 1798.17 3532.5 3393.89 2170.65
878.87 1308.92 1961.31 2879.54 2620.8 1650.2
901.37 1285.39 1803.56 2828.62 2504.95 1779.86
550.95 938.66 969.96 4331.82 1683.27 888.99
405.15 577.37 814.43 1780.21 1185.71 683.9
826.04 1169.09 1518.17 2279.61 2581.25 2198.61
837.03 1218.55 1877.53 2885.18 2525.11 1450.38
844.86 1199.85 1630.76 2507.29 2564.21 1923.03
237.53 452.11 366.79 4426.14 1241.61 597.22
960.87 1406.95 2155.68 3521.72 3953.0 2377.69
823.17 1214.09 1695.36 3100.59 2146.73 1375.45
416.81 567.53 818.98 1294.58 1088.5 670.57
698.53 1054.69 1496.44 3498.79 2529.45 1570.33
564.42 857.11 1097.71 3279.62 1917.01 1143.78
435.93 619.64 852.58 1329.82 1224.26 874.25
901.88 1302.59 1895.35 2900.67 2827.46 1929.07
586.57 820.64 1225.92 1856.9 1652.72 997.72
773.14 1154.65 1591.05 3221.31 2083.34 1294.74
842.3 1237.65 1756.73 3383.31 3275.11 2125.07
261.28 446.05 440.4 4298.08 1372.61 784.16
702.01 1000.39 1394.4 2229.88 1761.19 1096.02
436.78 620.8 893.61 1286.52 1196.22 795.44
659.75 980.92 1350.24 3676.51 2092.1 1178.74
344.15 464.37 658.54 1033.19 983.22 609.71
817.0 1189.52 1613.84 2415.95 2590.11 2027.36
213.28 397.51 357.79 4409.71 1031.66 479.06
687.52 970.88 1401.13 2216.58 1736.45 1091.43
509.74 777.85 994.64 3084.36 1680.58 988.35
617.41 961.53 1274.82 3893.97 2360.46 1404.73
874.46 1243.36 1645.48 2765.22 2521.97 1958.77
807.14 1182.47 1721.78 3583.15 2522.17 1451.27
328.84 542.85 668.5 3106.35 1354.45 739.2
776.58 1135.11 1573.37 2847.79 2251.9 1428.62
354.64 513.38 625.81 2119.92 1181.07 853.29
325.51 579.19 537.31 4581.47 1451.32 717.07
841.23 1193.94 1572.76 2354.25 2791.9 2308.63
648.08 955.04 1220.2 2945.0 2163.11 1587.68
615.96 972.83 1062.51 4027.41 1948.95 1208.31
466.16 763.68 915.5 3964.92 1959.67 1125.3
949.88 1371.13 1927.37 3106.85 2445.18 1506.12
101.38 102.11 103.21 105.03 105.38 103.41
665.46 997.27 1343.79 3680.57 2221.52 1344.12
821.43 1208.95 1734.39 2564.98 2519.26 1767.11
884.44 1312.27 1949.3 2865.15 2643.16 1708.03
898.15 1264.02 1645.21 2502.62 2715.27 2288.36
823.16 1213.56 1848.11 3379.41 3460.36 2020.25
362.6 629.03 655.29 4401.64 1617.37 812.08
348.8 566.6 670.4 3744.13 1424.2 770.66
930.59 1343.42 2058.96 3163.26 2811.59 1638.6
775.44 1134.06 1553.32 3205.78 2076.84 1251.88
383.82 662.34 723.69 4599.23 1829.27 997.11
866.88 1235.8 1874.57 2869.06 2547.25 1514.9
872.18 1285.26 1781.93 3348.59 2580.17 1623.9
900.51 1347.7 1988.31 3141.91 2760.14 1772.13
577.72 869.49 1121.46 3050.28 1791.72 1083.91
143.82 168.08 204.28 256.03 239.34 186.06
755.43 1050.95 1355.3 2028.57 2290.5 1979.91
888.94 1298.29 2002.15 3106.7 2700.49 1546.77
832.25 1216.7 1718.8 3139.1 2765.75 1837.31
741.76 1153.95 1524.79 4421.09 3076.36 1719.66
927.67 1341.21 1863.13 2838.69 3186.55 2416.64
980.36 1431.97 2015.56 3244.34 2807.63 1800.58
917.84 1330.09 1946.18 3109.85 3533.74 2350.69
946.23 1373.03 2038.55 3133.62 2965.03 1925.29
239.44 307.33 395.24 555.67 621.27 483.14
607.54 868.35 1277.18 1942.26 1806.66 1161.05
609.6 879.75 1148.65 2548.62 1773.04 1308.81
900.3 1360.13 2068.46 3059.29 2888.65 1848.72
911.06 1313.63 1811.88 2893.13 2478.0 1672.83
954.8 1400.69 1957.69 3302.91 2755.56 1757.98
800.37 1157.53 1538.57 2398.19 2388.56 1883.71
772.98 1163.05 1703.49 3002.71 2348.97 1455.55
826.54 1201.54 1644.96 3430.75 2467.71 1572.81
895.16 1299.59 1774.62 2808.64 2684.96 1926.0
207.85 260.95 346.73 512.22 490.15 325.16
680.38 974.92 1299.23 1971.74 2267.04 1796.53
775.52 1191.14 1682.73 3618.23 2449.33 1481.17
446.29 811.65 692.76 4651.6 1709.84 905.15
866.37 1266.32 1860.29 3175.46 2770.61 1770.34
676.41 958.92 1364.69 2059.41 2432.25 1703.65
895.14 1314.89 1873.19 3566.77 3489.53 2236.8
193.2 248.28 285.38 744.2 499.62 398.7
810.65 1157.63 1588.82 2602.19 2561.47 1893.28
642.3 924.96 1271.98 2015.83 1666.17 1167.0
385.01 520.6 746.81 1174.67 989.27 613.3
595.49 916.63 1228.41 3900.75 2098.46 1194.12
497.75 799.37 968.42 4180.66 1884.87 1027.16
827.13 1174.8 1570.8 2436.47 2429.67 1880.6
351.05 613.09 638.89 4629.97 1605.02 847.09
875.01 1259.43 1856.93 2843.19 3352.51 2204.68
440.26 615.11 908.03 1442.67 1609.27 998.18
894.87 1307.33 1799.35 3065.04 2652.8 1804.41
450.72 757.07 952.92 4104.86 1889.67 1006.71
141.26 161.87 193.96 246.29 262.29 203.46
481.25 665.28 941.75 1467.97 1170.23 757.21
964.06 1440.23 2134.05 3166.17 3085.56 2105.54
337.78 469.36 665.8 988.63 1082.58 734.02
651.57 995.2 1247.37 4199.58 2042.62 1105.69
857.21 1250.48 1928.35 3152.99 3526.43 2081.0
568.82 826.17 1203.71 1752.83 1598.83 1048.47
872.24 1281.58 1834.34 2981.65 2097.91 1265.17
905.25 1317.32 2006.85 3083.38 2751.83 1648.21
878.65 1270.73 1878.4 3251.1 2947.54 1734.09
723.58 1078.21 1527.89 3815.24 2354.83 1335.21
632.45 923.78 1279.67 2868.92 2094.5 1208.99
557.72 786.31 1142.37 1722.81 1900.32 1247.71
703.74 1035.92 1443.34 3508.68 2518.99 1563.81
883.3 1237.39 1609.69 2417.86 2701.3 2319.53
495.9 692.12 951.24 1500.67 1192.45 755.01
947.2 1410.32 2086.06 3076.27 2878.2 1885.59
490.99 774.1 991.98 3872.7 1899.8 1073.3
208.48 410.84 300.36 4479.84 1116.88 489.29
348.52 479.68 678.65 1011.2 1027.37 684.72
950.66 1425.73 2130.77 3158.54 3047.09 2038.05
915.87 1326.7 1961.46 3455.79 3093.38 1814.67
767.7 1167.29 1634.76 3510.1 2872.81 1792.69
832.4 1188.53 1673.83 2635.45 2295.22 1594.76
657.03 976.35 1441.74 3143.5 2095.28 1167.32
886.11 1263.15 1784.77 2802.98 2425.44 1685.05
423.64 585.62 773.81 1176.49 1085.58 838.15
419.52 615.46 818.68 1827.31 1496.33 1037.79
402.49 628.34 704.59 3800.3 1681.18 1164.84
946.15 1371.51 1956.03 3068.01 2902.3 1864.29
901.52 1338.68 1972.62 3059.74 3361.68 2257.38
685.85 1028.36 1454.22 3629.7 2461.48 1494.05
790.96 1146.32 1710.0 2619.97 2417.64 1523.8
782.03 1131.18 1488.43 2244.09 2572.48 2125.52
926.31 1328.68 1930.27 3187.49 2425.61 1502.24
498.12 695.44 956.01 1508.53 1198.57 758.68
483.78 687.27 962.21 1532.83 1092.11 677.71
205.47 261.14 345.58 486.72 493.58 348.16
214.54 373.98 345.75 2880.11 957.97 472.03
931.82 1336.25 2006.52 3176.11 2800.16 1710.21
646.13 1018.3 1379.96 3923.45 2176.5 1280.76
850.29 1237.5 1835.36 3324.88 2641.26 1566.02
882.51 1314.56 1970.0 2892.52 2632.57 1657.44
483.77 674.82 969.48 1453.11 1602.58 1067.07
617.47 873.9 1311.6 1992.51 1792.41 1081.06
637.73 896.41 1344.31 2041.62 1815.98 1092.11
901.61 1283.29 1740.5 2642.27 2886.02 2277.72
419.54 577.88 826.14 1229.51 1443.02 965.13
378.49 651.42 721.26 4340.53 1694.72 842.26
639.83 983.12 1179.82 4167.61 2074.41 1237.81
630.97 903.35 1255.4 1996.64 1732.88 1125.27
408.41 647.44 765.93 3657.33 1641.71 1036.26
276.84 449.99 472.92 2985.1 1095.84 593.84
826.11 1170.14 1511.59 2270.69 2584.0 2204.83
879.13 1248.49 1767.48 2794.28 2639.87 1861.3
950.79 1354.54 2001.05 3057.89 2835.69 1839.11
818.06 1217.92 1770.51 3477.12 3046.95 1922.57
585.21 836.38 1270.22 1933.59 1696.54 989.0
570.05 888.01 1120.07 3848.94 1889.43 1033.26
341.96 458.35 659.89 973.66 872.13 546.42
250.94 334.47 459.16 664.09 723.73 502.47
690.87 1039.94 1401.88 3153.55 2152.39 1320.22
812.08 1199.07 1772.1 2601.13 2409.71 1571.92
540.16 748.38 949.99 1400.03 1631.61 1418.49
888.95 1315.5 1933.77 3310.66 3230.92 2064.66
693.32 998.47 1251.16 2687.78 2303.77 1911.07
804.34 1146.65 1695.79 2949.17 2330.04 1377.81
292.34 508.57 601.5 4110.59 1402.18 714.25
442.99 711.69 875.58 3977.72 1393.85 738.87
597.83 928.99 1213.73 3478.32 2381.07 1558.18
544.44 789.84 1162.11 1686.07 1538.43 984.58
386.46 606.2 679.29 3586.58 1599.03 1044.61
817.14 1214.01 1806.47 2780.15 3063.51 2012.24
834.18 1183.49 1551.82 2321.09 2719.45 2271.22
632.18 900.78 1321.26 2011.59 1901.14 1242.81
931.42 1350.88 1998.32 3070.84 2921.32 1912.63
991.24 1432.79 2124.21 3248.48 3843.68 2513.96
876.45 1288.12 1844.37 2998.79 2107.17 1268.78
152.26 179.32 226.05 297.5 271.97 195.76
784.84 1112.97 1407.84 2696.21 2468.66 2083.21
866.61 1316.89 1887.45 3673.09 3328.21 2130.31
791.74 1151.0 1592.57 3147.19 2495.32 1705.21
796.42 1173.52 1727.17 3154.76 2509.57 1526.4
888.05 1292.89 1970.56 3207.8 3593.57 2180.73
742.7 1084.61 1425.52 2559.37 2591.43 2017.18
604.5 859.14 1257.74 1912.17 1807.46 1183.38
341.96 461.1 653.54 1024.83 975.31 605.15
678.84 1012.59 1449.74 3067.37 2397.5 1505.46
721.35 1029.25 1511.98 2296.33 2711.5 1782.25
601.4 942.08 1064.16 3923.49 2062.02 1408.39
771.14 1142.66 1649.27 3629.08 2493.19 1421.65
838.48 1245.57 1629.82 3602.65 2256.82 1356.39
751.59 1086.36 1644.73 2515.9 2255.3 1359.77
628.61 927.04 1189.37 2201.72 2057.59 1609.42
877.32 1276.27 1775.66 3270.13 2328.9 1413.95
840.75 1232.75 1739.6 3290.77 3089.71 2053.7
885.97 1270.94 1735.9 2669.36 2762.96 2047.66
866.45 1231.36 1670.54 2569.68 2541.73 1977.39
709.81 1061.5 1364.36 3793.17 2416.78 1489.84
906.81 1320.71 1855.65 2981.98 2581.19 1657.91
902.44 1307.51 1805.71 2864.25 2634.53 1825.25
365.9 540.73 739.35 2528.51 1254.04 679.37
924.56 1336.49 1931.6 3043.04 3305.44 2238.97
897.95 1295.9 1845.09 3145.02 3355.66 2317.94
812.3 1190.84 1820.07 3151.42 3364.65 1982.54
979.41 1418.52 2094.02 3293.78 3802.28 2478.85
677.95 1055.13 1314.39 3924.26 2200.75 1394.08
816.31 1158.28 1489.81 2296.61 2647.03 2259.53
924.64 1320.68 1883.99 3056.66 2476.67 1648.36
855.58 1256.04 1757.71 2617.46 2655.82 1962.5
972.2 1471.35 2231.81 3307.51 3143.68 2030.84
651.83 927.43 1356.71 2056.5 2270.5 1483.71
967.85 1384.37 2096.35 3213.62 2873.08 1730.89
711.5 1009.96 1363.54 2079.38 2178.12 1647.67
351.34 490.44 698.06 994.87 899.13 593.55
592.92 878.89 1094.69 3053.21 2116.83 1592.28
807.77 1159.5 1774.51 2718.59 2405.44 1394.62
392.63 536.72 769.46 1218.5 1158.61 710.93
148.84 172.34 213.02 276.36 255.87 190.12
472.33 764.78 758.76 3786.06 1393.35 728.68
388.02 601.52 765.4 3022.77 1549.91 906.96
824.47 1209.68 1745.73 3622.99 2852.69 1648.86
667.41 1038.97 1280.98 4063.01 1802.27 983.77
859.75 1228.1 1671.82 2973.86 2793.77 2042.73
969.64 1400.56 2076.18 3173.95 3755.01 2454.45
891.8 1344.3 1987.86 3470.66 3466.56 2242.03
933.08 1368.84 2018.32 3116.91 3189.27 2087.71
862.55 1261.95 1937.13 3108.47 2636.84 1510.19
851.11 1242.05 1747.01 2804.17 2154.71 1421.13
860.42 1294.9 1895.04 3238.78 2632.88 1667.5
220.25 442.98 312.48 4794.67 1302.81 588.84
725.94 1100.14 1480.69 3425.39 2296.81 1400.26
950.65 1373.78 1927.69 3135.18 2451.24 1508.23
305.95 408.04 542.83 828.66 668.32 440.75
972.75 1414.5 2090.84 3264.44 3183.96 2030.9
606.01 874.3 1236.81 1989.15 1408.08 861.7
112.3 118.83 127.64 145.94 131.81 118.52
827.8 1185.25 1628.57 2481.07 2618.05 1987.56
613.68 897.98 1322.31 1928.92 1733.25 1108.71
475.42 781.87 942.13 4388.43 2088.52 1192.28
793.92 1157.13 1611.86 3307.36 2206.1 1387.5
464.28 820.1 680.57 5220.77 1781.07 901.82
585.98 830.7 1184.07 1795.14 1768.86 1231.76
464.93 647.19 931.07 1393.85 1535.37 1015.06
958.91 1441.24 2154.26 3192.51 3094.33 2069.63
740.61 1068.04 1361.58 2989.71 2470.93 1964.68
148.59 302.72 232.0 4781.93 1119.89 474.99
527.53 732.92 1025.16 1590.44 1343.22 921.16
844.29 1271.36 1862.86 3291.51 2590.51 1630.87
935.58 1350.66 2073.98 3186.39 2823.34 1636.35
831.74 1224.0 1775.79 3489.26 2833.9 1764.91
923.37 1313.18 1847.44 2932.08 2980.59 2100.82
740.5 1122.42 1587.93 3445.91 2716.68 1681.94
882.23 1253.16 1781.49 2822.83 2642.03 1842.12
727.0 1025.28 1522.93 2464.19 2056.33 1229.21
632.15 900.74 1321.19 2011.49 1901.04 1242.75
925.98 1342.95 1903.56 2984.91 2860.33 1871.05
172.25 231.67 242.83 777.9 415.06 259.68
878.11 1274.36 1792.67 2960.43 2942.13 2100.53
804.3 1164.04 1552.18 2424.08 2381.74 1863.73
907.98 1288.74 1815.15 2757.51 2758.63 2023.37
202.07 356.34 296.85 3023.63 860.47 412.98
877.64 1246.71 1685.37 2552.99 2845.29 2250.82
397.03 658.41 774.73 4113.63 1559.29 783.08
779.64 1168.28 1542.82 3211.38 2290.07 1429.95
283.21 375.85 518.37 760.63 746.65 504.18
194.46 243.36 327.82 456.96 410.81 273.07
699.34 1013.61 1480.7 2270.67 2328.02 1535.12
531.84 882.07 1191.98 3798.4 2142.41 1247.43
720.94 1060.44 1391.89 3202.32 2177.36 1520.23
878.36 1246.67 1698.4 2833.07 2813.58 2112.05
472.6 780.49 997.0 4106.45 1870.99 1012.96
392.97 638.72 771.46 4340.8 1585.24 799.18
760.09 1090.11 1407.78 2135.53 2494.0 2104.1
979.64 1431.11 2013.89 3247.51 2805.8 1798.56
428.78 624.28 854.34 2367.74 1453.2 837.13
765.62 1100.17 1548.92 2363.63 2413.52 1751.65
721.87 1047.89 1334.76 2421.95 2491.28 2029.64
949.72 1379.43 1986.06 3127.79 2898.99 1793.88
826.43 1189.11 1727.49 2662.93 2648.03 1758.98
933.35 1336.16 1987.46 3044.12 2810.75 1780.78
922.5 1338.44 1978.27 3065.88 3003.12 1914.56
813.75 1150.3 1472.43 2192.64 2600.75 2270.58
504.58 775.85 1013.16 3322.6 1769.94 1052.25
712.31 1047.39 1404.64 3433.83 2702.65 1867.01
155.23 184.31 228.31 301.48 315.35 236.31
916.43 1373.63 2027.65 3013.75 2971.56 2032.94
195.88 347.53 340.62 3946.55 1192.93 583.86
915.02 1297.82 1886.01 3027.53 2676.22 1752.39
886.34 1248.44 1664.62 2509.9 2708.29 2226.69
594.35 855.23 1292.49 2203.89 2356.75 1399.57
639.2 973.94 1222.45 3569.77 2265.62 1491.61
939.89 1383.7 2001.03 2957.33 2798.63 1938.22
414.02 580.52 805.49 1272.38 911.78 572.7
826.39 1227.38 1820.36 3617.83 3463.77 2082.93
896.06 1277.14 1872.68 3023.76 2639.68 1673.29
240.69 404.0 450.1 3817.2 1354.66 678.55
952.93 1373.43 1921.77 3088.01 2478.93 1568.53
938.67 1332.16 1918.82 2922.77 2813.58 1952.35
897.13 1264.72 1715.79 2592.87 2733.45 2170.77
124.66 137.1 156.58 188.56 183.45 152.95
782.62 1122.53 1466.86 2226.02 2661.1 2190.55
530.4 774.61 1004.48 3026.2 1811.89 1248.82
915.96 1302.88 1802.97 2813.61 3192.24 2392.52
270.3 502.56 431.89 4690.98 1351.5 613.47
915.52 1349.28 1942.2 2867.74 2761.11 1932.56
178.46 343.23 308.43 4243.37 1089.3 486.47
336.55 486.94 644.9 1988.29 1169.41 660.36
689.43 1021.0 1393.15 3412.38 2045.77 1251.29
876.35 1275.79 1869.06 3521.63 2987.96 1742.72
435.98 794.82 666.95 4511.08 1667.47 869.2
962.0 1398.0 2014.0 3173.0 2939.0 1816.0
69.0 191.5 59.0 4653.5 930.0 346.0
134.0 394.5 95.5 5146.0 1087.0 409.5
969.0 1403.0 2079.0 3181.0 3518.0 2279.0
155.0 368.0 123.0 5163.0 1156.0 447.0
89.8 263.8 87.2 4769.8 1060.5 381.0
971.0 1390.0 2115.5 3245.0 2879.5 1707.0
122.0 299.0 89.0 4632.0 914.0 354.0
72.0 203.8 71.8 4231.5 957.5 341.5
907.5 1325.5 2047.5 3151.5 2757.0 1579.5
948.0 1357.0 1978.0 3155.0 2462.0 1531.0
56.8 180.8 53.0 4412.8 873.5 325.0
119.5 322.5 80.5 4825.8 970.8 371.8
948.0 1376.0 2046.0 3146.0 2970.0 1921.0
911.0 1341.0 1922.0 3127.8 2196.5 1320.8
985.0 1493.5 2276.8 3372.5 3183.8 2033.8
76.2 218.5 55.5 4643.8 764.8 282.8
962.5 1390.0 1954.5 3151.5 2480.0 1527.0
959.5 1435.2 2145.2 3160.2 2832.8 1787.8
88.5 243.0 63.5 4918.0 903.5 321.0
978.0 1422.0 2105.0 3266.0 3199.0 2037.0
79.2 209.2 66.0 4931.0 970.2 374.0
222.2 574.0 104.8 5481.0 1198.8 463.2
992.0 1434.0 2127.0 3253.0 3849.0 2515.0
980.5 1432.2 2016.0 3245.2 2807.8 1800.2
966.0 1422.0 2112.0 3259.5 3477.0 2237.5
109.2 304.0 68.8 5231.2 1052.0 412.0
978.0 1434.0 2220.0 3640.0 4073.0 2397.0
81.5 229.5 75.0 4588.5 1023.0 369.5
937.0 1353.0 2081.0 3198.0 2826.0 1629.0
924.0 1316.0 1970.0 3207.0 2671.0 1584.0
102.5 315.2 89.5 4914.0 1200.8 467.0
980.0 1467.0 2194.0 3388.8 3736.5 2446.5
955.0 1376.0 2056.0 3368.0 3193.0 1885.0
977.5 1462.0 2197.0 3231.5 2940.0 1846.5
939.0 1381.8 2053.5 3176.2 3230.8 2074.0
265.0 540.0 222.0 5608.0 1151.0 427.0
83.0 265.0 84.5 4714.5 1156.5 420.5
245.0 494.0 207.0 5231.5 1090.0 397.0
304.0 635.0 236.5 5868.5 1229.5 464.5
138.0 335.0 114.0 4964.0 1063.0 407.0
53.8 244.8 74.8 4340.2 1057.2 381.2
750.0 1074.0 1364.0 2066.0 2476.0 2140.0
813.0 1149.0 1469.0 2186.0 2594.0 2270.0
881.0 1229.0 1568.0 2348.0 2696.0 2390.0
100.0 100.0 100.0 100.0 100.0 100.0
