907.74 1287.77 1657.4 2851.34 2856.85 2495.03
693.73 1081.05 1492.9 3817.12 2305.53 1359.92
995.35 1420.99 1992.88 3041.04 3550.46 2653.93
382.56 607.06 736.15 4111.55 1715.66 966.59
871.66 1261.97 1813.41 2850.94 2641.46 1636.16
942.85 1360.9 1904.07 3111.9 2460.76 1546.96
709.64 1011.72 1485.35 2254.91 2662.24 1750.53
765.36 1128.93 1662.07 2433.12 2226.39 1456.25
948.96 1372.92 2029.89 3237.32 3717.03 2452.99
775.45 1148.81 1533.31 3110.82 2236.79 1400.76
428.86 587.28 772.19 1146.46 1165.69 915.3
387.3 523.98 752.0 1183.3 996.42 617.42
945.18 1344.1 1963.3 2972.45 2880.79 1958.61
419.43 636.95 838.17 2801.48 1609.28 879.51
985.4 1416.71 1974.87 2940.03 3314.73 2516.84
946.96 1415.6 2095.05 3180.51 2807.34 1796.4
1009.1 1411.2 1817.35 2571.01 3146.11 2853.15
908.15 1297.82 1888.86 3009.06 2352.32 1467.2
817.64 1146.46 1523.14 2228.14 2626.67 2227.68
905.91 1301.37 1812.84 2889.95 2362.79 1532.33
332.1 436.96 545.04 751.03 882.55 795.37
762.18 1099.7 1371.97 2929.49 2626.16 2212.45
686.94 1064.65 1509.67 3504.9 2311.13 1367.5
913.92 1323.59 1926.75 3171.64 3322.84 2208.42
932.46 1360.36 2002.5 3335.51 3085.33 1952.29
688.94 991.55 1429.17 2164.88 2345.5 1603.33
787.1 1100.62 1437.38 2094.33 2361.04 2027.43
754.81 1139.54 1530.08 3842.38 2455.5 1498.42
700.59 1036.57 1495.66 3425.95 2291.5 1295.18
216.99 304.85 374.97 1085.69 606.02 381.44
868.23 1259.6 1909.04 2914.16 2629.08 1605.33
666.4 999.01 1279.44 3470.37 2366.44 1772.62
992.84 1422.91 1926.05 2948.09 2933.81 2248.17
452.54 633.4 867.15 1359.31 1184.18 780.74
927.75 1339.15 2059.1 3163.76 2795.87 1612.1
904.67 1333.21 2045.53 3703.18 3815.59 2230.24
658.4 953.17 1370.63 2705.73 2570.29 1654.37
746.94 1116.14 1572.94 3665.0 3091.57 1935.35
804.22 1160.34 1708.16 2639.37 2585.63 1653.62
424.66 726.38 798.29 4055.56 1692.75 931.15
352.65 486.6 667.6 1043.24 753.11 480.31
861.68 1214.65 1614.98 2373.2 2868.08 2409.9
917.09 1305.78 1953.99 3180.1 2649.83 1572.76
928.13 1343.45 1984.58 3455.23 3113.48 1828.22
997.69 1413.36 1887.98 2737.62 3211.92 2693.83
1000.96 1416.78 1919.39 2847.22 3381.38 2737.07
547.39 829.75 929.7 3564.5 2092.28 1645.06
439.18 675.75 805.75 3845.18 1819.74 1217.25
514.45 719.88 991.14 1566.32 1243.65 785.71
513.71 742.14 1088.66 1576.39 1438.96 923.41
818.47 1196.02 1689.25 3198.83 2618.79 1736.03
634.42 955.05 1333.11 3517.87 2100.36 1149.31
878.95 1330.57 1955.46 3458.45 2725.72 1683.69
943.49 1324.53 1729.96 2478.71 2988.96 2640.67
873.66 1318.19 2002.95 2960.8 2795.84 1790.52
715.01 1049.7 1375.57 3397.76 2550.32 1883.46
984.25 1429.31 2138.17 3424.19 3884.73 2489.57
709.08 983.06 1273.62 1822.03 2147.73 1901.15
963.36 1413.94 2083.46 3208.35 3443.36 2264.63
895.63 1350.28 1959.03 3410.18 2732.91 1716.83
764.22 1100.72 1365.18 2938.68 2560.76 2175.02
843.96 1235.91 1709.85 2948.78 2796.71 2143.19
370.33 582.93 672.87 3100.77 1329.51 734.3
740.5 1139.65 1617.87 3608.52 2394.14 1445.23
252.68 322.82 398.92 542.62 637.29 563.65
873.27 1282.65 1834.71 2980.2 2106.11 1276.23
487.93 784.75 971.78 4113.12 1890.58 991.07
939.8 1337.11 1901.04 2828.27 2903.13 2138.03
969.15 1446.74 2166.38 3185.14 2920.14 1855.86
469.29 776.23 783.48 4637.46 1918.39 1032.93
819.59 1168.14 1647.12 2479.0 2588.14 1882.17
936.9 1320.12 1756.43 2534.99 2950.77 2522.27
901.43 1322.41 1915.14 3342.88 2844.13 1815.67
668.49 942.22 1267.62 1843.68 2181.61 1783.03
549.55 780.17 1078.23 1705.81 1482.5 968.05
214.38 274.74 366.31 519.36 526.8 369.1
246.54 313.5 385.95 519.07 611.86 542.5
852.64 1222.28 1814.29 2956.11 2817.1 1688.52
590.72 861.66 1272.69 1851.2 1688.19 1076.68
908.04 1315.63 1827.86 2869.96 2397.9 1712.56
958.04 1437.93 2134.63 3443.86 3657.43 2385.26
954.72 1401.53 2015.03 2941.94 2878.64 2057.35
944.5 1383.58 1923.79 3282.71 2753.59 1794.02
967.73 1392.2 1937.58 3083.56 2549.31 1675.11
924.84 1299.26 1679.41 2513.63 2908.63 2582.32
990.61 1430.73 2114.74 3228.94 3824.6 2520.77
786.4 1134.79 1661.54 2675.58 2448.73 1614.07
338.93 557.7 652.43 4453.55 1789.33 983.2
610.2 915.34 1170.46 3166.26 2185.02 1513.81
590.7 851.03 1197.72 1963.51 1386.84 861.74
897.44 1270.81 1711.72 2540.45 2732.3 2164.65
933.15 1373.85 2112.24 3668.91 3914.89 2293.37
734.78 1125.36 1625.31 3660.79 2976.04 1882.99
448.98 631.62 883.3 1268.63 1247.54 905.19
617.42 914.98 1229.69 2886.87 1973.5 1176.02
323.25 554.4 450.78 3949.87 1227.86 605.92
670.72 1022.91 1426.8 3679.74 2722.15 1774.51
531.57 839.47 1038.06 3848.35 1584.99 865.83
965.92 1372.32 1926.84 2975.79 2649.02 1918.33
331.69 459.62 653.68 926.82 849.86 561.14
197.94 421.55 342.85 4082.58 1369.93 740.29
811.22 1188.31 1697.83 2755.27 1938.56 1170.6
935.94 1376.04 2040.64 3153.48 3217.15 2077.94
502.53 804.83 1038.43 3886.14 1817.23 952.46
626.73 929.96 1242.01 3557.09 2169.66 1475.33
925.38 1311.1 1743.06 2482.06 2859.39 2467.31
756.12 1103.8 1355.93 3374.33 2622.68 2141.25
795.36 1123.31 1444.43 2575.61 2663.6 2291.67
849.55 1189.72 1568.83 2288.17 2694.25 2299.43
625.81 936.58 1356.07 3719.82 2146.25 1169.02
892.64 1255.57 1688.11 2482.71 2871.94 2385.48
812.21 1172.37 1726.4 2668.18 2613.83 1671.24
959.27 1410.52 2089.93 3221.31 3443.72 2230.4
923.7 1332.21 1847.65 2766.74 3251.67 2524.7
884.89 1256.82 1728.87 2575.51 2777.66 2193.84
499.33 798.38 1017.13 4272.97 1888.07 985.56
581.24 810.3 1106.08 1642.02 1807.09 1398.45
365.51 493.23 714.39 1058.7 947.28 589.86
923.76 1320.04 1790.34 2761.64 3096.96 2475.91
929.96 1326.91 1847.46 2785.09 3042.99 2307.92
980.23 1397.46 1897.21 2921.41 2714.75 2028.61
235.61 332.77 430.79 1420.39 884.34 508.69
151.44 373.14 298.01 4212.99 1248.63 532.84
826.58 1174.54 1529.94 2881.72 2692.75 2243.09
544.37 885.09 1075.44 4257.28 2139.66 1147.01
945.0 1341.85 1836.3 2703.24 2982.58 2398.51
678.74 987.93 1207.92 2979.69 2360.37 1951.84
935.88 1338.27 1934.29 3090.73 3113.15 2065.62
982.26 1405.26 1989.09 2972.08 3385.72 2470.46
895.38 1258.24 1650.21 2446.16 2812.7 2397.46
509.95 816.05 942.89 3332.52 2040.78 1224.01
776.19 1086.48 1423.41 2058.95 2485.07 2158.8
973.71 1373.42 1854.01 2747.04 2988.49 2468.88
479.34 671.17 966.26 1467.87 1438.93 936.88
946.94 1375.08 2030.68 3208.95 3458.68 2233.25
894.86 1289.59 1809.13 2938.38 2298.32 1416.74
779.97 1106.43 1539.76 2316.7 2510.4 1888.28
598.19 824.23 1062.6 1524.22 1863.52 1645.47
699.38 992.21 1343.03 2062.1 1989.46 1479.81
869.61 1268.81 1956.19 3032.74 2636.25 1511.27
971.33 1377.54 1797.39 2756.94 3126.44 2708.81
1009.99 1410.0 1801.03 2535.1 3108.97 2870.84
845.1 1210.51 1817.84 2764.85 2543.34 1584.42
876.21 1277.57 1635.58 3275.77 2940.14 2347.72
339.02 588.64 576.6 4515.05 1410.2 685.95
610.89 864.12 1198.49 1907.52 1509.77 945.27
373.39 511.64 724.32 1085.83 1064.96 703.14
980.28 1418.1 2011.04 3024.31 3357.54 2443.15
784.83 1146.26 1694.53 2610.92 2655.49 1711.26
965.45 1408.8 1998.17 3002.71 3443.34 2553.27
820.95 1166.08 1725.53 2858.88 2358.44 1419.41
822.41 1186.22 1487.28 2956.02 2576.32 2071.69
903.64 1289.93 1868.17 2965.9 2367.23 1511.32
666.02 1043.84 1424.13 3874.32 2243.57 1312.39
949.87 1362.26 2064.28 3277.74 2833.54 1680.46
507.48 709.39 1025.96 1540.33 1812.58 1203.2
427.5 608.32 882.63 1268.73 1159.93 751.82
270.26 420.77 490.7 2838.32 965.61 508.74
959.18 1377.93 1910.54 3024.9 2566.89 1729.52
888.27 1286.15 1923.65 3330.93 2718.07 1608.87
128.73 200.85 165.18 1900.2 484.91 241.54
1000.94 1440.25 1973.38 2838.42 3136.1 2567.69
621.44 926.29 1316.19 2898.59 2190.09 1372.56
830.07 1218.71 1659.38 3351.7 2534.5 1697.57
482.37 762.41 788.34 4008.08 1901.99 1350.29
813.61 1203.91 1650.28 3519.48 2470.89 1555.32
191.42 237.56 309.8 428.38 409.41 296.32
307.28 419.35 523.38 1137.88 818.33 595.74
217.16 275.23 351.91 514.51 423.29 293.84
265.74 349.57 468.02 690.86 645.87 429.95
401.37 649.57 825.03 4068.6 1697.13 840.42
866.49 1280.1 1945.22 3736.42 3666.33 2154.16
340.83 655.21 383.32 5156.98 1333.1 593.14
121.96 132.87 151.97 181.28 171.52 140.11
862.39 1211.82 1683.46 2573.3 2547.13 1929.16
956.42 1416.55 2083.79 3079.11 2918.98 1959.54
232.68 308.91 426.34 590.6 562.31 389.91
885.22 1238.29 1604.14 2339.38 2863.07 2529.24
552.71 788.55 1099.72 1743.8 1319.47 865.58
857.63 1259.78 1685.18 3459.43 3164.4 2232.63
907.03 1326.17 2048.63 3353.85 3751.85 2211.32
255.04 478.8 374.42 4634.39 1382.04 771.15
839.9 1192.45 1663.58 2485.91 2891.17 2172.69
741.75 1087.51 1594.34 3496.56 2389.38 1358.79
516.16 720.54 973.9 1399.19 1516.91 1213.34
651.56 934.52 1300.22 2070.22 1796.22 1165.04
855.97 1243.32 1741.82 2762.85 2189.34 1494.02
612.08 933.62 1243.42 3735.54 2177.56 1241.14
801.16 1179.51 1715.07 3327.96 2632.65 1656.23
586.37 855.53 1257.33 1917.69 2109.86 1396.89
162.84 194.07 248.72 332.58 304.65 214.79
965.23 1392.22 1960.21 2939.3 3185.8 2368.47
898.91 1289.47 1903.32 3288.29 2618.37 1543.93
427.22 588.35 848.6 1350.72 1283.74 783.15
119.64 168.68 149.71 1310.81 368.52 212.82
890.35 1365.44 2036.61 3531.44 2941.78 1852.04
747.78 1103.05 1491.15 3408.78 2248.34 1464.26
975.04 1479.81 2249.63 3371.76 3153.98 2013.4
498.22 814.5 1075.02 4211.68 1945.64 1103.78
537.84 780.16 1141.84 1658.89 1492.11 959.78
682.47 993.09 1226.26 3023.81 2409.91 1943.46
947.46 1361.13 2008.03 3258.73 3161.53 1956.18
974.69 1450.37 2156.26 3164.45 2944.15 1917.38
338.33 640.87 585.11 4643.96 1559.67 788.91
923.35 1337.3 1866.7 2733.75 3006.08 2359.96
924.87 1335.02 1854.85 2779.67 3261.75 2523.07
870.1 1249.89 1676.44 2889.71 2824.59 2237.62
297.27 395.04 524.15 797.92 644.34 426.38
791.96 1135.88 1737.73 2661.17 2353.63 1364.05
636.95 908.54 1292.26 2014.21 1868.45 1168.92
677.24 1021.73 1413.45 3790.35 2221.03 1246.37
928.71 1394.21 2082.5 3285.38 2833.19 1765.42
295.67 386.52 503.7 710.52 776.56 630.25
962.91 1435.38 2130.38 3277.71 3632.7 2421.65
428.73 715.88 900.23 3552.36 1753.94 987.56
518.92 725.2 1058.38 1701.21 1615.47 974.59
1009.52 1410.18 1805.54 2545.92 3110.34 2858.55
156.69 311.21 253.02 4494.61 1061.9 447.52
927.48 1362.41 2018.32 3110.64 3323.47 2149.51
217.69 288.41 336.34 725.07 569.9 426.11
564.21 798.51 1165.28 1767.45 1671.1 1096.86
690.02 1035.23 1421.23 3475.56 2071.91 1233.08
962.83 1443.41 2149.16 3406.16 3681.3 2411.33
943.32 1321.45 1714.2 2455.27 2956.86 2641.4
772.71 1187.78 1686.09 3530.57 2418.76 1472.93
311.33 528.56 579.76 4208.27 1404.68 677.58
929.21 1369.12 1899.11 3357.41 2704.23 1718.33
952.62 1411.45 2061.39 3036.99 3090.45 2205.12
451.5 650.03 900.28 2073.67 1698.18 1090.73
755.2 1120.3 1596.23 3520.07 2916.94 1818.99
231.45 304.21 412.79 568.03 517.95 358.13
647.62 924.02 1356.69 2067.05 1953.39 1275.97
415.8 668.73 802.46 4277.82 1763.15 949.55
536.12 852.95 1097.72 4144.22 1966.87 1020.59
496.13 699.34 961.98 1514.98 1318.2 864.9
428.07 586.3 826.55 1281.9 1013.79 653.61
981.29 1417.83 2003.96 3007.81 3349.16 2457.58
876.4 1271.23 1821.28 3158.94 3194.01 2161.19
971.26 1385.32 1944.57 2894.92 3485.84 2600.92
708.57 1062.03 1498.84 3748.53 2617.47 1471.12
137.64 283.99 214.16 4535.78 1089.3 468.99
258.98 419.28 441.09 2815.82 1047.57 573.32
773.34 1146.0 1702.22 2497.37 2240.89 1422.23
986.77 1397.26 1892.79 2763.92 3056.92 2515.06
197.72 245.84 323.56 473.51 453.51 304.01
411.21 608.96 837.42 1926.91 1437.0 892.86
653.26 945.26 1388.2 2128.54 2164.54 1401.71
959.79 1378.96 2033.81 3295.51 3185.69 1970.8
928.38 1316.69 1906.9 3022.77 2744.69 1845.15
787.4 1140.03 1595.8 2555.42 2213.95 1427.33
905.28 1309.54 1941.35 3405.6 3065.96 1806.06
934.55 1373.68 2036.16 3145.88 3211.48 2077.09
882.61 1251.06 1719.51 2867.91 2728.75 2077.19
921.73 1309.97 1769.68 2723.08 2682.08 2055.71
646.73 997.16 1267.25 3740.7 2075.26 1240.58
664.0 995.67 1393.64 3273.31 2362.82 1431.53
119.49 219.72 154.02 2502.31 660.95 292.71
552.45 844.85 1098.58 3867.16 1857.03 1014.17
368.26 607.39 701.24 4158.86 1481.66 788.31
640.94 907.3 1337.53 2167.61 2056.89 1229.34
462.71 708.34 801.64 3513.46 1911.11 1414.11
389.61 533.43 753.73 1115.45 1233.41 836.58
891.94 1250.74 1649.18 2435.45 2815.08 2412.03
988.6 1420.68 1946.87 2799.95 2991.95 2411.95
969.3 1392.86 1932.52 3063.24 2570.05 1719.41
774.04 1098.29 1659.73 2533.81 2250.97 1343.61
823.03 1203.74 1779.83 2737.88 2919.47 1884.61
817.88 1171.53 1586.01 2937.78 2982.53 2275.49
797.85 1168.83 1599.9 2775.61 2661.88 2041.26
401.94 691.88 602.53 4780.92 1494.72 707.6
619.52 907.07 1109.39 3128.2 2225.46 1815.02
177.24 242.45 289.38 1287.48 621.38 360.6
453.28 700.04 902.41 3438.27 1705.53 984.06
990.07 1447.86 2062.02 3102.07 3525.77 2589.06
495.28 696.49 964.88 1377.01 1410.29 1065.82
789.45 1137.87 1592.01 2297.23 2329.1 1768.63
860.18 1236.13 1732.2 2632.13 2962.47 2202.89
628.71 907.79 1292.45 1868.11 1909.75 1412.56
107.87 111.67 117.43 128.35 121.92 113.28
376.89 658.27 778.56 4227.26 1742.47 889.01
972.14 1387.38 1952.28 2910.04 3501.18 2597.29
856.8 1276.01 1729.82 3603.95 2665.69 1599.93
929.76 1369.98 2028.91 3203.57 3202.3 2051.67
947.88 1374.6 2037.41 3127.86 2970.52 1940.57
676.41 1037.91 1254.52 3802.39 2222.41 1528.94
907.74 1336.48 1865.15 3329.48 2812.87 1742.12
635.31 1004.08 1388.85 3798.83 2257.72 1300.98
255.6 336.39 455.47 655.7 701.98 494.26
892.42 1243.32 1601.61 2276.22 2735.37 2466.35
850.72 1227.19 1820.93 2898.71 3292.08 2136.15
369.02 498.78 695.78 1069.18 849.33 553.98
944.85 1327.81 1751.63 2555.5 3022.21 2589.28
875.48 1252.24 1855.62 3227.81 2556.73 1507.02
310.08 416.33 566.46 848.91 791.89 518.2
934.85 1324.6 1753.53 2590.47 2788.77 2362.36
900.52 1324.72 1885.82 3136.92 2207.48 1359.93
747.67 1111.87 1417.8 3450.42 2465.76 1895.17
959.96 1378.29 2025.23 3277.91 3180.75 1991.98
756.28 1114.61 1567.54 2893.11 1868.13 1136.01
943.33 1321.3 1704.89 2421.9 2987.87 2699.6
751.6 1106.3 1577.24 3135.62 2544.35 1608.5
820.48 1183.78 1509.97 2897.02 2601.2 2181.56
893.07 1251.46 1656.16 2422.43 2883.4 2466.37
933.33 1352.74 1898.03 3131.01 2892.97 1933.55
309.25 456.28 579.45 1713.03 1106.46 692.22
239.49 311.05 403.53 598.26 528.97 369.35
360.02 497.25 705.43 1053.37 1070.29 711.78
683.51 963.32 1379.11 2166.88 1745.15 1136.37
882.79 1233.9 1597.32 2317.74 2886.3 2566.28
968.1 1399.52 1986.95 3091.98 2960.59 1949.98
790.85 1227.21 1724.82 3781.67 3144.13 1991.07
719.6 1046.6 1542.65 2371.75 2412.08 1557.79
139.69 213.49 200.05 2021.09 548.18 270.87
949.33 1419.4 2121.0 3124.0 2800.47 1767.83
564.48 887.48 1120.27 3836.01 2020.96 1153.84
987.42 1390.7 1865.47 2760.81 2873.36 2382.96
765.16 1110.62 1706.09 2781.86 3109.89 1840.18
976.59 1417.85 2088.51 3231.37 3190.61 2064.45
543.06 763.26 1148.62 1739.9 1542.98 909.36
954.97 1358.34 1875.25 2828.8 3361.14 2608.19
939.56 1373.0 1956.08 3243.01 2886.21 1774.96
953.3 1425.79 2130.38 3294.39 3627.1 2375.55
869.34 1238.71 1784.52 3085.96 2606.6 1726.68
513.04 721.52 1047.86 1583.65 1497.92 986.97
749.26 1118.7 1652.95 3449.76 2385.72 1332.61
622.9 975.98 1275.4 4035.61 2134.01 1167.38
998.39 1418.74 1885.64 2814.57 2990.43 2449.47
314.85 426.43 618.77 966.24 1072.2 662.08
504.56 812.33 970.67 4273.89 1955.63 1096.75
897.3 1295.49 1915.71 2926.78 3235.97 2099.2
738.72 1092.23 1619.85 2374.13 2130.83 1354.26
964.09 1437.13 2145.98 3151.86 2903.98 1862.43
591.78 901.24 1206.09 3613.31 2114.74 1202.64
938.8 1342.78 1965.27 2960.23 2875.6 1956.35
128.13 184.47 163.19 1456.02 386.69 216.37
372.33 682.65 481.59 4843.46 1390.91 654.6
960.36 1374.35 1904.78 3076.74 3422.95 2577.85
744.27 1103.79 1599.96 3531.59 3123.16 1930.12
899.88 1310.76 2000.31 3247.78 3650.09 2217.05
843.34 1207.93 1780.96 3187.99 2471.25 1453.29
1006.01 1411.5 1838.95 2626.25 3120.23 2766.89
938.13 1346.58 2008.25 3048.53 2857.18 1834.78
527.94 739.3 1068.61 1900.45 1467.76 880.21
292.67 543.36 486.81 3907.33 1399.06 725.36
286.53 567.91 281.37 5541.19 1228.84 487.8
897.85 1312.53 1834.06 3333.39 3205.88 2163.26
884.59 1260.21 1843.08 3141.3 2631.15 1669.73
258.93 401.9 465.6 2545.4 969.74 536.53
850.16 1219.54 1704.51 2657.89 2628.93 1823.23
162.25 192.19 244.04 324.77 298.64 214.85
357.64 603.39 669.48 3990.6 1591.76 873.99
166.95 226.92 271.62 873.01 450.94 265.76
246.81 332.47 418.05 1055.63 590.75 370.7
713.31 1077.79 1477.48 3676.06 2751.33 1704.96
467.84 662.87 926.39 1473.29 1050.89 653.71
985.4 1400.23 1888.49 2757.16 3151.2 2594.86
481.87 693.2 1008.67 1527.15 1678.03 1118.25
705.01 1042.69 1486.67 3609.29 2482.56 1423.13
676.73 1042.05 1477.41 3856.16 2795.09 1745.28
315.76 419.54 557.82 800.31 852.61 656.42
724.72 1007.02 1303.82 1902.49 2275.22 1988.97
816.66 1222.88 1722.61 3487.99 2997.78 1948.26
218.1 274.92 373.29 526.44 476.88 317.9
628.83 966.49 1327.77 3811.41 2382.06 1434.7
586.45 945.32 1172.74 4138.18 2219.19 1281.96
782.33 1157.15 1596.57 3506.79 2918.03 1944.38
848.98 1261.15 1757.5 3314.03 2105.02 1255.86
910.29 1320.83 1820.44 2992.42 2421.27 1742.74
408.82 571.81 819.05 1232.29 1252.39 826.59
728.46 1060.15 1563.29 2404.26 2445.16 1578.65
861.83 1236.62 1840.05 3004.56 2855.55 1698.37
975.11 1389.43 1927.67 2863.55 3030.59 2360.92
918.64 1301.34 1805.76 2778.08 2646.95 1992.5
960.42 1374.99 1860.25 2846.13 2830.53 2168.35
438.71 729.24 781.07 4174.34 1670.86 972.09
574.23 820.52 1245.06 2012.03 2245.91 1340.66
426.7 588.38 786.17 1194.72 1123.36 820.7
894.32 1280.1 1716.58 2728.61 2645.78 2040.32
645.7 939.62 1369.94 1988.86 1870.75 1255.31
513.99 827.53 1004.4 4169.29 1629.81 870.81
626.65 902.59 1315.52 2008.07 2057.8 1357.63
883.07 1284.35 1893.37 3479.07 3025.01 1764.19
841.55 1238.84 1692.21 3399.37 2300.1 1377.92
812.78 1181.61 1730.67 2927.04 2669.05 1690.9
658.67 1019.61 1449.7 3709.69 2358.61 1482.0
109.14 113.83 119.89 132.65 128.11 117.65
941.2 1320.24 1708.69 2447.49 2946.37 2639.52
944.76 1339.01 1818.89 2666.48 2983.63 2438.16
801.83 1204.03 1528.24 3844.13 2960.84 2009.57
660.82 999.21 1392.59 3582.82 2187.08 1284.5
928.49 1323.35 1851.57 2773.09 3226.11 2419.42
334.56 538.48 512.02 3126.54 1098.5 566.29
795.31 1126.09 1677.95 2721.76 2269.47 1352.24
491.62 812.46 1036.42 4347.76 2477.38 1324.81
941.95 1388.69 2047.47 3286.86 3400.06 2198.29
619.1 943.27 1222.36 3602.1 2199.66 1514.01
255.36 459.41 456.08 4318.44 1072.06 505.57
594.92 860.79 1127.28 2662.97 2177.56 1608.8
457.42 625.03 880.63 1292.94 1252.64 884.76
441.88 603.56 861.33 1271.84 1198.72 811.14
852.12 1250.81 1659.56 3459.89 2323.85 1473.66
645.66 974.32 1343.59 3778.98 2682.6 1670.82
837.62 1210.63 1784.43 2759.8 2703.51 1727.3
235.24 427.92 229.39 3333.45 797.27 350.26
988.13 1451.55 2087.47 3157.36 3566.4 2561.57
865.55 1234.96 1694.77 2884.54 2912.8 2165.79
916.66 1368.59 2006.67 3188.84 2745.16 1794.75
499.93 793.17 977.31 3611.53 1988.72 1216.78
923.64 1378.85 2057.01 3028.04 2721.07 1724.63
295.25 403.32 564.61 795.19 720.81 483.42
958.75 1393.52 2093.98 3373.09 3837.04 2434.11
517.55 800.5 1029.14 3255.79 1884.66 1047.41
890.79 1257.32 1604.24 2604.8 2876.49 2556.05
614.59 911.66 1315.53 3257.94 1992.79 1102.43
235.69 430.18 416.25 4401.59 1301.92 671.54
779.15 1144.03 1714.54 3058.21 2413.04 1411.51
315.25 419.06 576.69 875.44 699.54 463.23
915.44 1297.61 1741.14 2656.94 2713.28 2137.34
322.16 566.08 567.32 4172.41 1606.52 898.47
846.5 1250.35 1817.29 3579.81 2597.75 1462.51
581.1 871.43 1185.04 3631.68 1799.79 1031.75
611.04 948.69 1233.44 3939.73 2592.3 1579.22
905.3 1319.91 1857.96 2969.55 2327.14 1560.83
940.79 1355.36 1860.02 2910.43 2809.64 2040.07
337.75 605.45 649.5 4299.51 1641.99 817.07
94.37 269.67 97.95 4761.33 1070.02 387.73
276.99 554.84 253.67 5568.61 1185.45 454.08
711.93 1099.48 1549.47 3599.49 2332.92 1410.42
609.29 934.19 1256.47 4078.64 2112.47 1163.47
868.08 1218.02 1642.39 2375.09 2629.08 2177.69
798.49 1182.06 1589.4 3108.23 2919.04 2203.87
169.28 205.76 260.97 352.77 370.17 271.01
436.72 791.4 585.61 5353.85 1539.14 726.54
940.04 1371.34 1948.19 2947.32 3392.41 2502.0
898.95 1325.46 1878.94 3037.3 2766.91 1976.73
709.53 997.39 1411.99 2086.81 2098.21 1533.33
657.63 929.05 1311.5 1967.61 2018.49 1476.45
938.65 1320.96 1778.09 2640.49 2706.36 2219.53
900.39 1312.05 1928.21 3193.45 2958.6 1876.32
852.22 1264.9 1738.53 3448.09 2573.43 1608.99
946.17 1332.16 1748.99 2534.65 2982.33 2567.69
965.36 1401.44 1950.44 3100.66 2819.39 1919.43
505.85 843.03 871.36 4801.11 1950.16 1049.04
489.48 752.43 894.02 2962.15 1593.31 934.47
600.09 994.8 1101.77 4189.97 1746.17 933.7
483.21 759.37 949.17 3049.86 1819.11 1236.65
973.73 1446.66 2120.89 3113.32 3132.04 2217.47
659.73 987.66 1397.16 3309.02 2692.66 1543.77
860.96 1263.34 1939.33 3375.99 3591.6 2106.22
1007.18 1413.76 1852.03 2647.39 3224.83 2815.28
750.17 1062.94 1604.5 2447.62 2174.79 1299.57
893.55 1323.07 1950.01 3232.04 3117.91 1990.35
241.27 314.94 369.87 796.05 654.45 561.4
902.66 1289.8 1877.59 2991.67 2335.72 1454.49
501.62 783.97 1008.55 4015.27 1592.96 854.82
370.01 519.45 742.49 1061.35 958.5 630.21
1004.61 1414.05 1840.26 2664.7 3054.0 2675.45
652.61 954.07 1289.61 2779.22 1777.02 1060.13
897.88 1263.77 1736.17 2653.11 2800.36 2191.34
828.68 1189.32 1751.5 2829.28 2509.91 1612.55
712.16 1010.56 1435.81 2150.37 2159.18 1560.03
259.91 463.13 504.06 3996.45 1357.02 662.31
720.99 1083.52 1549.85 2923.41 2704.08 1744.23
731.75 1042.82 1545.26 2514.68 2385.38 1418.91
568.6 835.62 1207.66 2390.29 2265.21 1329.51
843.5 1283.13 1915.69 3066.93 2720.45 1728.85
955.37 1400.41 2133.6 3600.31 3930.15 2363.3
603.98 884.67 1248.93 2402.17 2061.85 1351.53
817.2 1196.76 1742.0 3521.26 2536.81 1481.86
690.65 1030.19 1458.7 3626.72 2890.22 1809.33
619.85 983.34 1315.78 3987.46 2121.46 1238.24
212.16 443.83 266.68 5020.7 1275.14 542.27
915.64 1332.21 2027.92 3102.53 2784.96 1682.09
819.79 1159.47 1676.82 2546.68 2478.59 1712.59
123.22 268.56 190.27 4577.68 1063.4 445.9
768.85 1080.24 1522.68 2272.53 2347.6 1738.78
911.27 1310.44 1836.57 2765.37 3145.89 2352.72
641.53 931.6 1262.57 2421.77 2305.32 1720.15
969.6 1407.82 2068.03 3231.83 3171.0 2061.11
870.19 1259.75 1923.3 3128.63 2645.96 1518.27
891.7 1342.92 1969.27 3262.31 2710.85 1716.06
912.39 1315.3 1810.04 3066.78 2844.2 2031.32
960.78 1433.23 2129.42 3136.76 2842.36 1830.29
760.27 1098.99 1536.77 2458.53 2130.53 1374.95
665.91 1032.03 1452.96 3637.8 2227.63 1313.54
368.17 594.06 768.42 2630.52 1347.62 759.65
620.83 884.21 1289.37 1978.08 1938.34 1249.03
330.43 457.97 648.32 920.44 832.67 552.5
952.46 1358.34 1854.35 2788.44 2965.11 2268.84
940.64 1332.4 1847.75 2718.78 2925.96 2288.76
870.64 1221.46 1594.68 2390.81 2846.52 2478.9
702.5 1021.95 1453.57 2349.37 1657.5 1006.94
870.9 1241.74 1883.86 2883.55 2560.05 1522.31
800.91 1155.36 1700.6 2627.44 2573.95 1646.32
906.16 1279.8 1719.87 2546.84 2965.7 2442.13
647.94 911.92 1311.12 2067.69 1629.76 1033.88
156.14 364.97 181.07 5114.95 1175.25 506.02
807.29 1228.09 1560.38 3916.86 2403.7 1458.21
746.21 1061.19 1514.3 2357.9 2750.86 1951.18
829.2 1232.78 1835.14 2696.27 2418.5 1531.92
238.54 308.08 395.1 577.22 537.41 396.5
918.63 1311.34 1982.66 3031.41 2715.39 1641.78
896.8 1261.61 1726.5 2630.2 2805.71 2216.46
309.46 673.29 349.02 5268.44 1530.65 686.47
481.01 669.86 919.23 1448.01 1151.37 730.38
306.7 409.93 570.72 832.83 912.99 618.29
314.21 415.31 531.6 830.88 835.38 689.57
938.78 1354.56 1834.2 2983.07 3205.4 2552.31
851.24 1202.23 1723.29 2719.79 2542.54 1758.83
825.85 1223.02 1711.89 3188.78 2078.6 1272.86
696.8 1053.0 1476.33 3592.73 2441.27 1484.58
944.98 1384.17 2032.23 3122.2 3220.54 2141.12
938.0 1330.95 1938.58 3086.92 2744.13 1805.66
525.69 854.99 959.41 4126.66 1819.6 1113.33
967.06 1421.71 2104.53 3242.09 3468.16 2252.72
852.77 1269.87 1847.67 3473.51 3144.92 1990.2
919.69 1318.5 1989.94 3179.62 2743.15 1634.42
468.83 678.93 982.2 1601.8 1333.76 846.58
835.04 1208.2 1734.23 2635.73 2907.97 2038.35
890.02 1253.61 1657.88 2432.07 2937.95 2504.67
620.14 886.98 1231.85 1957.98 1699.59 1104.37
330.86 555.68 577.48 4004.72 1363.07 669.1
441.94 689.75 867.03 4049.53 1776.76 1068.1
883.33 1257.33 1804.09 2839.67 2328.16 1542.46
567.37 814.04 1188.21 1813.62 1844.03 1199.63
720.49 1087.54 1569.23 3651.39 2359.12 1298.05
681.17 972.3 1409.18 2158.24 2152.97 1428.01
944.16 1351.98 1969.53 3161.56 2454.52 1525.5
563.72 869.09 1013.11 3760.09 2168.61 1520.29
527.86 790.57 1035.19 2953.96 1792.65 1166.72
727.28 1094.96 1590.25 3517.4 2351.98 1322.78
709.52 1072.41 1468.73 3703.63 2273.14 1303.87
794.63 1147.16 1594.37 2506.65 2053.82 1445.36
648.21 931.99 1422.16 2171.66 1903.84 1104.43
940.6 1356.61 1910.1 2867.65 3134.61 2332.33
917.61 1336.45 1875.31 2978.89 2360.64 1609.45
783.21 1117.13 1517.86 2349.6 2323.74 1732.45
423.78 591.94 881.79 1405.44 1565.11 947.06
304.66 409.65 545.35 831.06 729.39 495.19
137.68 289.26 197.59 3731.95 959.95 391.12
985.28 1390.47 1893.82 2755.4 3013.36 2455.31
770.71 1105.67 1627.42 2477.96 2738.06 1781.78
933.27 1317.46 1836.25 2816.48 2827.21 2137.57
683.74 958.74 1287.0 1868.83 2118.91 1732.97
939.66 1384.07 1908.57 3403.58 2712.51 1719.56
546.18 831.97 1048.3 3372.85 2151.61 1287.69
892.63 1325.71 1908.42 3098.87 2946.2 2106.12
286.36 544.43 490.33 4547.15 1507.1 774.11
245.7 332.53 421.54 1127.53 592.26 370.74
738.17 1092.61 1505.41 3481.39 2532.84 1694.46
514.38 848.49 880.6 4788.86 1867.31 990.12
863.47 1218.9 1630.38 2365.75 2720.07 2269.08
748.3 1068.94 1490.37 2383.22 1900.53 1194.57
417.63 685.78 766.48 4118.53 1626.67 868.53
508.63 706.66 976.79 1448.0 1527.85 1131.37
786.85 1113.6 1658.75 2689.85 2243.07 1337.0
884.87 1285.98 1958.31 3294.72 2717.36 1552.21
178.2 221.38 286.89 379.08 353.11 255.65
981.6 1431.3 2172.9 3515.79 3964.64 2450.28
721.75 1085.39 1617.2 3854.97 3182.98 1820.62
912.42 1341.29 1861.07 3330.7 2660.67 1693.23
930.66 1344.01 1834.32 3167.99 2503.35 1677.84
240.69 362.97 367.32 1905.82 695.45 364.2
960.52 1387.4 2011.29 3091.02 3142.24 2135.57
969.94 1375.75 1915.37 2935.6 2690.95 2005.18
947.14 1338.66 1820.17 2738.48 3060.68 2430.67
889.34 1353.74 2013.14 3361.08 2887.32 1837.78
459.25 777.76 740.75 4907.8 1668.33 851.9
909.69 1328.15 1942.05 3385.34 3605.19 2325.34
302.56 418.95 598.23 849.02 805.83 542.62
830.34 1214.6 1864.67 3211.89 3439.51 2022.39
373.75 505.44 733.46 1088.45 973.57 605.07
573.77 797.85 1066.35 1561.65 1840.83 1496.21
310.86 403.75 495.54 667.21 799.37 740.22
713.14 1015.81 1485.0 2249.59 2658.5 1766.99
443.56 669.18 887.77 2740.09 1597.75 1004.58
177.53 238.87 287.95 802.94 510.7 329.02
570.58 803.64 1095.81 1565.5 1659.9 1315.11
795.65 1158.07 1719.91 3468.99 2494.75 1441.93
247.75 320.51 438.02 664.75 634.51 408.47
562.61 818.63 1200.81 1828.92 2011.7 1333.55
585.73 896.41 1132.89 3686.12 2061.44 1436.56
103.96 252.29 126.99 4324.03 1039.4 405.01
951.06 1343.32 1764.75 2587.07 2951.64 2520.82
677.93 955.13 1303.1 1957.4 2006.4 1491.09
686.55 1019.46 1503.95 3543.66 2270.43 1257.96
850.8 1247.87 1808.55 3297.89 2729.96 1755.28
638.41 987.07 1304.17 3883.01 2317.6 1378.3
774.9 1109.42 1551.14 2487.79 1962.34 1216.62
630.36 893.95 1355.24 2063.02 1827.31 1068.84
921.55 1318.37 1864.04 2810.11 2936.06 2182.69
551.2 792.89 1076.48 1980.94 1536.63 984.56
600.48 848.61 1237.13 1872.58 2203.77 1454.93
437.25 633.15 816.66 1596.43 1262.15 919.26
577.72 825.82 1253.48 2026.1 2261.7 1349.79
813.33 1199.13 1621.52 3479.41 2223.64 1324.37
427.65 713.67 839.43 4094.85 1614.28 877.28
832.88 1157.14 1483.17 2090.79 2530.46 2304.84
894.3 1286.02 1718.93 2933.99 2545.09 2009.03
692.51 1042.88 1440.68 3605.63 2334.06 1436.31
305.71 475.86 492.03 2463.01 1036.14 581.36
382.0 538.08 771.04 1104.06 996.64 653.77
1006.23 1422.6 1872.82 2661.41 3120.29 2744.64
905.76 1364.48 2020.24 3348.94 2770.11 1721.35
783.99 1161.37 1644.29 3485.33 2947.02 1858.34
960.43 1395.6 2010.32 3166.9 2933.91 1813.54
377.86 526.57 740.67 1357.68 1093.84 715.14
798.75 1128.66 1653.87 2651.53 2318.72 1477.97
967.72 1392.2 1937.62 3083.69 2549.19 1674.84
670.29 998.86 1451.47 3422.79 2821.31 1670.01
676.66 1019.08 1416.46 3923.37 2255.33 1264.7
765.43 1152.07 1608.7 3395.98 2404.8 1623.54
939.81 1408.25 2098.14 3199.94 2789.18 1754.64
671.25 1012.96 1370.06 3454.42 1816.5 1069.11
584.7 872.63 1048.41 3550.8 2043.28 1600.76
924.13 1343.97 1967.26 3156.8 2916.85 1928.03
464.05 766.41 831.7 4445.02 1774.4 953.61
456.13 635.58 909.04 1375.4 1357.39 896.43
692.25 1019.99 1416.56 3056.63 2186.29 1321.03
285.39 544.82 310.81 5124.53 1239.17 511.51
605.11 918.7 1254.69 3719.65 2626.02 1596.26
646.8 975.82 1321.23 3590.11 2650.41 1648.38
396.99 571.94 779.79 1913.91 1268.43 792.97
946.99 1332.1 1755.69 2547.45 3114.25 2681.43
887.88 1272.41 1728.31 2933.9 2538.86 1830.53
955.51 1375.03 1922.3 2870.75 3255.38 2456.61
126.9 140.23 157.84 195.17 174.23 144.51
732.17 1126.52 1445.2 3790.19 2376.57 1456.95
501.5 820.8 1063.25 4039.45 2033.25 1193.65
887.39 1336.5 1972.86 3305.73 2673.07 1666.36
744.88 1040.68 1375.69 2015.47 2394.25 2024.87
840.94 1217.3 1754.57 3303.96 2884.84 1807.69
599.74 962.92 1258.11 4008.49 2600.93 1607.05
731.02 1124.32 1527.9 4321.71 3060.83 1714.6
329.86 699.75 402.75 5142.11 1437.4 656.62
69.42 264.9 111.06 4328.36 1108.18 415.28
395.73 535.92 730.31 1103.11 1147.77 836.72
818.7 1182.15 1741.23 2691.59 2636.74 1685.57
241.69 482.48 488.98 4089.28 1459.11 704.74
804.82 1137.48 1602.06 2481.27 2152.0 1520.7
639.35 1009.19 1362.98 3939.15 2162.5 1270.77
876.77 1273.42 1712.83 3131.6 2930.27 2229.79
595.94 918.35 1270.68 3738.73 2025.99 1093.42
420.57 678.31 819.72 3787.65 1949.92 1039.16
945.97 1353.48 1969.38 3136.63 2462.55 1543.75
952.43 1374.94 1932.86 3115.89 2452.22 1510.35
839.45 1259.09 1722.56 3775.85 2792.11 1714.19
955.98 1358.19 1806.79 2697.19 2927.58 2400.25
873.39 1276.14 1844.31 3355.99 2928.65 1899.38
175.37 213.41 272.95 370.72 355.07 261.84
775.54 1133.71 1617.67 2622.06 1846.32 1116.89
785.58 1165.02 1731.35 2540.96 2279.81 1446.27
176.94 378.61 296.45 4658.96 1356.05 578.79
649.57 997.19 1403.65 3699.54 2172.33 1184.19
644.41 990.08 1303.89 3758.57 2408.75 1523.75
1003.47 1431.81 1925.26 2753.72 3128.53 2652.36
939.68 1359.49 1905.71 3197.47 2440.99 1497.21
490.68 796.33 932.34 4097.63 1837.93 1008.07
571.34 841.19 1173.2 2719.89 2284.39 1438.67
913.37 1295.78 1725.21 2604.12 2859.21 2329.01
925.38 1293.82 1664.23 2362.8 2929.93 2657.9
453.61 698.93 946.85 3078.56 1552.56 904.76
741.98 1070.72 1466.56 2525.25 2024.26 1455.5
877.55 1283.4 1806.17 3120.76 3001.02 2124.83
781.68 1162.41 1570.91 3489.63 2715.48 1853.88
717.98 1119.56 1565.85 3654.47 2372.86 1415.57
130.46 284.66 177.29 3863.47 1007.51 422.23
946.72 1415.3 2114.8 3264.41 3598.96 2357.75
543.51 756.44 1121.23 1691.63 1519.86 934.59
240.58 310.45 432.73 620.34 557.86 356.81
946.7 1364.58 1901.42 3085.77 2504.15 1616.79
368.83 614.73 727.78 2961.13 1366.31 776.66
858.99 1305.33 1960.87 3271.29 2820.7 1802.02
1004.23 1407.04 1847.53 2640.05 3075.04 2698.78
141.71 341.29 214.78 4602.0 1230.24 484.33
886.32 1240.5 1618.86 2372.14 2906.22 2533.75
410.6 655.2 792.92 4072.74 1415.8 761.58
753.42 1082.48 1363.89 2806.53 2547.49 2123.56
963.04 1408.64 2155.44 3552.44 3960.77 2392.2
959.55 1341.74 1729.44 2448.7 2971.88 2688.51
861.45 1240.49 1748.0 3228.35 2378.99 1573.21
511.97 741.92 949.02 2370.02 1846.92 1356.07
716.23 1078.89 1505.21 3801.01 2635.01 1487.84
665.42 1045.09 1406.0 3892.31 2219.86 1297.68
944.4 1329.63 1774.91 2616.32 2842.97 2385.84
891.73 1258.08 1671.65 2457.98 2948.14 2489.67
942.32 1322.87 1739.87 2497.13 2972.2 2593.91
312.91 586.72 667.66 4074.04 1806.75 958.98
605.84 896.49 1182.6 3504.77 2150.98 1483.26
386.62 513.14 639.56 875.03 1056.18 969.61
975.88 1419.3 2042.15 3096.78 3394.35 2379.78
784.02 1162.19 1657.48 3441.01 2561.83 1609.91
720.5 1047.23 1541.62 2363.81 2519.65 1631.54
364.8 615.89 659.75 4206.02 1660.09 940.45
879.81 1268.58 1759.83 2886.1 2689.3 1844.37
372.88 523.89 749.33 1119.83 1227.64 827.63
956.17 1366.94 1870.53 2909.66 2645.99 1913.88
412.73 552.31 694.33 953.57 1132.75 1032.49
826.96 1159.37 1601.21 2434.65 2437.44 1871.1
73.1 202.99 89.97 4389.95 917.06 357.32
322.71 459.94 607.35 1883.35 945.39 547.05
576.37 804.35 1120.93 1663.63 1996.2 1468.28
303.51 406.45 551.89 825.52 770.27 505.14
285.38 381.33 547.08 800.53 709.96 439.65
488.23 682.12 984.13 1476.45 1627.01 1073.48
861.74 1227.18 1851.94 2827.92 2533.62 1534.37
285.35 478.47 471.4 3469.25 1104.6 564.61
633.06 916.3 1355.02 2516.4 2520.11 1561.54
405.18 580.89 850.51 1235.78 1164.7 767.19
360.6 483.83 677.38 987.69 946.15 657.66
440.58 713.75 745.31 3800.3 1945.63 1379.97
268.94 512.87 396.78 4885.58 1486.61 703.42
960.14 1390.22 1933.04 2801.04 3069.69 2438.77
946.04 1333.43 1787.15 2650.32 3042.15 2507.09
843.15 1292.37 1930.58 3616.57 2837.14 1773.87
401.38 634.78 675.58 3924.67 1709.42 1202.68
659.52 926.93 1370.21 2248.02 1853.54 1110.26
734.24 1080.79 1441.55 3411.27 2447.28 1727.14
741.08 1095.86 1625.49 2495.9 2749.2 1809.43
824.72 1183.83 1746.87 2661.71 3145.94 2062.11
255.11 332.2 467.12 674.12 605.18 383.35
523.91 775.76 1045.52 2330.27 1921.85 1311.06
942.96 1319.62 1699.51 2414.55 2993.35 2711.68
642.85 913.96 1336.24 2024.63 2235.15 1461.17
527.54 754.22 1060.51 1696.17 1205.22 743.57
343.39 580.17 575.13 3930.16 1717.48 1120.49
865.36 1245.77 1707.78 3120.89 2884.7 2073.9
838.5 1213.77 1744.09 2645.0 2785.98 1951.26
912.22 1338.86 2031.43 3569.55 3777.93 2280.54
626.58 1032.11 1238.17 4045.54 2514.5 1519.11
971.49 1473.26 2243.69 3358.43 3143.61 2006.61
907.42 1285.56 1757.94 2661.3 3207.81 2533.07
393.7 677.51 763.84 4447.06 1961.62 1018.64
93.93 234.27 123.27 4207.28 1005.51 377.95
541.04 769.34 1163.68 1766.66 1551.19 908.07
550.94 867.72 1066.18 4066.45 2003.15 1113.11
650.68 934.38 1354.38 2915.65 1964.9 1139.54
944.39 1361.8 2011.26 3069.97 3635.9 2395.71
889.36 1260.13 1730.94 2565.26 2843.93 2267.04
362.02 491.85 695.41 1026.16 1201.23 809.38
933.98 1355.71 2004.47 3107.25 3043.61 1939.88
946.36 1332.99 1752.3 2542.61 2981.79 2558.31
969.6 1399.31 1923.02 3001.64 2861.03 2066.88
966.44 1416.44 2192.09 3593.39 4020.69 2366.76
400.01 534.01 668.99 923.54 1128.46 1028.34
809.36 1158.61 1587.8 2286.98 2546.77 2067.63
826.23 1186.9 1605.24 3035.77 2460.02 1806.03
901.89 1374.94 2073.23 3387.14 2962.34 1872.95
962.99 1369.68 1995.43 3005.14 2911.41 1996.38
313.48 467.22 592.92 2246.57 1044.67 628.15
516.55 845.92 1063.53 4239.05 1905.12 1071.1
771.43 1142.15 1704.55 2496.11 2273.06 1436.36
910.8 1294.94 1790.05 2673.52 2922.25 2289.1
989.11 1401.7 1875.28 2723.62 3144.83 2636.55
813.4 1150.46 1623.26 2518.08 2172.56 1526.51
937.65 1363.01 2022.04 3167.65 2948.34 1903.2
415.87 687.71 859.19 4172.15 1881.62 1095.96
624.42 961.32 1202.25 3534.33 1954.14 1106.74
675.23 1020.93 1448.81 3624.09 2533.25 1550.11
373.7 533.34 739.3 1751.2 1426.78 884.82
741.27 1109.17 1446.96 3396.44 2183.25 1339.98
726.93 1150.62 1447.79 3784.95 2343.33 1497.92
882.63 1267.54 1713.49 2744.94 2532.42 1958.38
966.22 1373.5 1900.24 2807.89 3397.58 2621.8
895.43 1303.62 1763.09 3052.8 2790.43 2174.3
930.76 1321.24 1817.19 2663.69 2910.32 2325.46
699.28 1028.73 1440.75 3506.04 2018.67 1194.42
939.71 1359.09 2012.31 3077.17 3402.81 2205.57
910.76 1356.65 2016.51 2966.72 2688.05 1724.4
910.95 1320.21 1900.37 3138.55 3289.68 2222.34
844.85 1236.11 1830.0 3034.14 2584.61 1589.66
697.84 1048.36 1470.52 3650.79 2512.82 1513.96
704.12 986.55 1375.4 2017.75 2082.99 1581.74
912.42 1322.36 1844.26 3169.08 2374.74 1453.65
621.79 939.01 1244.23 3070.68 1674.18 1006.65
134.0 317.49 184.53 4324.01 1181.6 499.37
646.85 938.79 1224.78 2557.48 1896.23 1415.97
545.99 837.48 1138.94 2897.3 1760.95 1046.51
933.11 1355.03 1961.03 3247.9 3361.82 2217.54
462.07 671.49 820.81 2703.42 1632.54 1238.05
520.86 729.66 1056.26 1594.55 1870.0 1239.72
709.27 1048.57 1325.8 3113.57 2620.46 2048.36
158.16 365.72 261.26 4603.42 1372.68 590.26
681.56 955.63 1386.66 2206.38 1954.6 1271.64
883.62 1256.4 1878.35 3054.72 2544.99 1511.27
360.71 665.11 656.05 4596.03 1577.96 753.79
825.78 1191.85 1685.58 3309.7 2303.39 1477.24
214.57 326.63 297.32 1896.86 673.98 364.55
634.7 981.42 1275.75 3784.13 1791.35 994.17
954.57 1397.85 2041.83 3169.4 3391.89 2276.39
930.65 1354.69 2053.48 3324.87 3761.07 2330.54
750.82 1074.21 1499.41 2431.21 1901.29 1178.57
468.6 653.76 939.86 1411.21 1348.17 905.85
891.28 1285.55 1896.58 3006.82 3425.82 2259.79
947.9 1356.24 1972.37 3140.07 2472.56 1554.69
943.46 1324.2 1727.9 2474.36 2989.09 2645.35
584.8 840.07 1226.34 1868.72 1990.48 1296.6
784.68 1222.47 1768.46 3708.87 2671.59 1649.12
909.47 1286.94 1839.89 2898.79 2742.98 1921.95
757.6 1119.8 1557.82 2859.22 1836.52 1093.37
353.31 491.01 709.06 1233.73 965.4 574.33
765.86 1126.51 1702.64 3142.12 3173.24 1858.98
495.72 798.53 732.84 4368.84 1800.82 1234.39
771.34 1136.25 1647.83 3557.77 2496.31 1448.0
149.66 335.09 153.8 4588.16 1007.31 422.71
701.1 980.8 1288.28 1897.41 2038.8 1695.44
481.48 810.13 814.6 4506.69 1945.93 999.89
586.81 833.86 1148.17 1808.02 1616.92 1090.68
117.26 266.7 178.04 4181.51 1056.6 416.73
798.85 1174.29 1669.13 3608.19 2779.73 1646.88
924.17 1340.14 1991.31 3060.4 2889.35 1869.83
583.29 884.86 1259.49 2673.19 1865.87 1126.2
879.73 1327.76 1956.44 3307.84 2670.24 1658.77
511.6 705.65 948.36 1393.62 1561.19 1241.52
939.31 1376.97 2025.99 3117.02 3212.35 2123.55
295.9 532.79 540.02 4348.83 1363.02 649.12
604.56 938.56 1249.34 3772.13 2282.43 1369.93
977.27 1415.15 2096.99 3335.56 3798.8 2490.46
958.95 1386.98 2038.48 3152.15 3464.79 2284.56
139.21 319.95 208.69 4198.51 1220.29 516.64
378.39 522.5 771.41 1152.02 1016.02 610.07
455.2 735.85 849.7 4098.43 2057.56 1173.26
237.44 463.35 436.6 4540.77 1504.3 723.55
661.25 1037.45 1412.32 3884.14 2232.92 1304.23
904.88 1326.55 2040.79 3455.83 3761.61 2216.94
379.96 596.31 696.95 3734.86 1568.44 1009.29
374.3 596.3 725.51 4133.04 1462.1 757.58
449.1 655.31 894.79 2132.24 1351.75 782.78
176.14 387.04 298.37 4561.02 1401.27 612.16
141.73 233.0 206.77 2611.58 683.76 333.62
476.66 766.78 929.82 4169.58 2072.63 1199.42
195.4 374.38 329.59 3600.45 1086.29 476.23
816.44 1244.88 1795.86 3508.63 2533.19 1556.33
734.35 1144.44 1426.51 3883.21 2403.51 1399.72
943.51 1320.5 1701.94 2419.47 2994.02 2708.11
481.22 656.44 873.13 1285.91 1405.53 1122.37
818.5 1197.81 1650.41 3512.27 2200.46 1320.62
685.63 968.08 1396.95 2209.78 1731.2 1088.25
272.5 367.74 512.23 715.59 658.29 443.33
172.8 208.88 265.44 357.34 405.98 297.11
896.51 1285.91 1855.77 2796.44 2809.65 1995.92
334.57 607.39 609.14 4399.34 1447.54 734.35
123.94 317.16 177.06 4651.28 1252.12 489.26
250.54 393.88 378.13 2826.13 1018.06 689.28
851.71 1249.04 1899.93 3082.43 2596.91 1492.64
585.42 818.93 1223.26 1852.74 1649.04 995.6
956.6 1375.56 1923.67 2955.42 2953.77 2072.21
950.4 1377.32 2036.5 3122.31 2975.39 1957.83
91.66 266.17 91.48 4766.59 1064.33 383.8
663.77 1010.2 1416.05 3370.89 2589.93 1585.62
884.91 1328.38 1968.29 3163.4 2657.45 1664.82
435.53 590.17 777.6 1134.81 1270.88 1032.71
228.32 293.08 394.47 560.92 534.29 375.55
518.31 785.28 889.5 3627.74 1998.94 1533.72
945.28 1336.36 1824.86 2748.81 2749.27 2175.59
897.78 1309.88 1790.3 3355.88 2368.21 1449.36
526.64 854.16 913.58 4537.91 1821.65 1019.45
789.97 1117.95 1585.3 2482.01 2526.77 1753.58
772.53 1120.67 1346.61 3150.93 2489.66 2068.62
877.05 1286.25 1889.6 3240.75 2818.23 1798.83
368.95 501.38 715.28 1127.99 1072.94 661.49
625.16 890.61 1320.19 1991.33 1840.43 1176.1
941.96 1335.39 1789.3 2607.75 3053.58 2549.93
931.86 1413.96 2146.44 3298.46 3026.48 1927.89
862.56 1235.86 1782.34 2689.35 3028.17 2096.63
643.34 996.55 1300.48 3818.49 2294.55 1315.85
461.79 682.66 906.61 2712.03 1544.59 905.24
507.98 705.23 953.98 1389.42 1588.3 1246.14
830.66 1167.11 1581.64 2330.3 2643.46 2155.22
943.33 1320.49 1702.02 2419.33 2998.03 2711.05
552.98 787.46 1192.47 1811.77 1590.47 929.94
132.34 148.36 173.49 214.31 235.92 187.55
910.66 1297.01 1768.92 2631.6 3090.95 2463.07
373.54 744.55 516.23 4994.39 1627.82 803.29
630.86 919.7 1269.39 3157.09 2040.32 1277.73
243.63 312.91 418.1 617.46 500.08 342.38
415.17 571.82 845.95 1266.56 1126.48 675.75
934.43 1326.26 1762.74 2628.63 2857.74 2346.81
773.37 1113.03 1543.04 2279.45 2290.31 1760.95
364.13 494.18 704.25 1109.56 1055.5 651.43
952.47 1358.24 1833.47 2633.23 2977.01 2478.87
86.55 193.18 92.97 3890.82 816.65 322.8
428.14 650.25 804.86 3187.02 1526.49 947.81
300.08 659.41 325.58 5216.26 1375.88 590.06
685.64 973.64 1416.21 2351.95 2231.35 1397.35
383.84 532.23 753.39 1124.7 1153.96 780.75
722.73 1086.88 1327.04 3546.79 2352.27 1765.83
939.08 1362.16 2002.56 3305.15 3665.2 2397.16
616.77 1004.47 1150.98 4163.45 2536.43 1513.72
875.67 1279.4 1811.26 2908.0 2165.13 1395.59
291.25 496.38 567.66 4308.11 1561.06 814.65
506.14 724.08 1023.08 2014.49 1632.88 965.48
387.02 638.5 796.24 4348.63 1645.2 878.59
935.82 1337.62 1833.52 2871.08 2612.27 1873.07
607.26 922.89 1270.69 3647.43 2190.14 1306.43
234.05 370.07 357.08 2730.11 951.11 618.76
688.04 973.48 1412.7 2258.41 2203.06 1402.16
976.22 1428.14 2193.31 3577.2 4017.89 2413.35
895.7 1287.48 1863.79 3238.06 2369.66 1460.11
682.74 1067.01 1469.36 3834.29 2253.17 1339.99
800.05 1132.96 1687.09 2735.2 2285.58 1366.36
107.25 251.1 148.73 4189.57 1035.99 399.91
359.88 503.72 718.4 1025.29 926.3 610.33
604.83 871.27 1275.44 1950.98 1983.83 1287.78
154.36 206.46 210.04 947.53 426.75 264.43
396.35 529.99 679.51 961.7 1101.16 956.39
473.48 689.77 978.24 1708.05 1339.82 843.85
893.11 1331.75 1985.78 2921.55 2622.89 1661.13
428.25 681.82 849.23 3807.8 1750.66 931.72
642.54 927.16 1336.13 2331.51 2064.58 1312.67
124.23 137.6 157.9 186.46 178.41 148.22
860.71 1306.66 1902.51 3505.76 2686.69 1647.78
945.28 1353.39 1970.87 3158.89 2458.9 1531.45
102.55 133.93 111.91 1118.93 303.34 167.1
639.72 1001.76 1248.15 4149.38 2394.67 1406.79
956.48 1370.62 2081.69 3265.29 2848.56 1687.3
355.93 492.47 675.25 1081.21 766.68 486.91
943.87 1353.43 1870.04 2955.72 2572.35 1768.62
656.63 929.06 1287.65 1962.08 1935.06 1353.09
657.37 927.59 1297.15 1952.37 2074.25 1522.55
435.25 741.57 873.03 4405.47 1807.29 977.92
695.13 990.87 1490.73 2311.16 2052.05 1235.8
866.57 1230.7 1818.14 2752.18 2577.81 1681.26
820.71 1241.91 1817.39 3439.39 2539.14 1564.9
671.41 958.9 1336.46 2540.35 1826.21 1210.23
909.23 1330.29 1890.62 3272.71 2816.12 1732.36
895.58 1306.56 1842.44 2950.14 2284.09 1515.56
146.68 409.87 124.89 5115.78 1115.37 431.05
945.09 1342.86 1842.49 2716.3 2982.21 2384.42
988.35 1406.3 1947.79 2876.1 3324.96 2558.41
835.63 1229.39 1731.97 3361.06 2665.83 1621.88
130.53 215.47 103.89 1394.51 366.87 189.16
701.13 1047.55 1392.91 3466.7 2398.57 1548.29
560.25 893.66 981.7 3370.47 1922.38 1336.19
707.87 1044.3 1546.44 2264.29 2032.74 1293.67
663.44 1002.65 1342.19 3645.98 2143.84 1293.83
578.76 803.53 1110.65 1691.64 1508.4 1102.93
610.78 897.16 1261.04 2161.62 1927.35 1379.36
247.7 329.13 436.82 825.0 723.77 483.48
944.4 1364.28 1881.18 2927.82 2504.34 1843.77
581.34 902.5 1230.04 3890.22 2462.26 1550.07
1007.87 1408.69 1810.86 2567.19 3112.25 2832.89
560.64 883.59 1118.3 3971.67 2293.53 1362.19
889.22 1246.44 1658.58 2469.3 2843.29 2392.88
896.89 1287.27 1862.34 2808.6 2807.84 1981.65
851.84 1226.38 1747.77 3173.97 2877.35 1891.15
466.83 705.77 898.52 3037.89 1581.74 987.32
964.44 1388.28 2011.89 3045.38 3425.66 2355.92
923.65 1326.33 1849.4 2778.9 3181.51 2410.16
258.09 344.84 460.49 865.12 765.33 509.75
917.48 1323.67 1948.69 2942.21 2822.78 1899.54
220.41 280.55 374.21 526.91 573.6 401.93
339.47 447.33 557.81 768.45 915.7 825.29
972.73 1365.78 1835.68 2720.73 2937.15 2433.13
913.66 1305.02 1913.21 3046.57 2762.22 1813.82
423.45 582.71 839.96 1336.29 1270.08 775.27
456.77 651.01 934.54 1345.29 1237.95 831.12
969.92 1466.18 2222.34 3298.73 3127.95 2026.79
401.87 657.2 822.64 4242.09 1612.7 802.54
608.84 860.98 1256.3 1898.63 2238.61 1477.63
946.42 1349.44 1903.77 3052.17 2578.52 1805.76
953.71 1369.89 2017.4 3264.95 3171.34 1974.32
509.33 788.88 1094.97 4006.93 1898.06 1000.0
907.26 1331.33 1926.35 3439.97 3576.2 2307.04
399.45 603.28 747.68 2227.55 1274.58 748.17
945.88 1329.49 1734.2 2517.03 2915.48 2541.99
916.51 1302.17 1738.83 2634.14 2856.8 2304.25
231.33 413.33 409.5 4651.33 1450.0 730.84
902.0 1310.38 1849.19 2705.78 2778.19 2080.01
307.32 428.42 544.31 1419.14 1062.47 743.69
524.15 733.79 1060.0 1591.07 1874.11 1251.56
471.1 702.31 990.02 2181.8 1464.51 889.55
757.26 1132.22 1683.79 3514.04 3246.52 1877.48
954.87 1379.77 2018.87 3078.33 2985.39 2026.21
589.68 929.07 1095.21 4475.37 1941.0 1015.44
932.59 1356.05 1895.61 2998.5 2395.53 1658.92
902.05 1276.23 1771.41 2634.37 2862.2 2225.08
875.46 1297.51 1904.71 3390.53 3217.94 2045.91
944.25 1405.08 2092.67 3071.16 2842.06 1836.2
428.9 678.8 880.68 3846.64 1791.51 1009.15
851.51 1220.69 1755.35 2651.98 2651.19 1878.96
887.98 1250.3 1670.46 2414.49 2781.23 2354.03
641.06 954.72 1304.39 3344.66 1912.89 1109.79
567.02 825.47 1211.3 1845.38 2029.91 1345.3
930.06 1350.36 1940.96 2940.9 3222.55 2259.98
726.94 1086.39 1494.48 3723.27 2573.1 1523.25
621.03 962.64 1268.37 4073.46 2316.84 1369.32
986.38 1426.49 2101.12 3330.98 3800.75 2528.54
937.15 1352.14 2071.29 3178.04 2830.16 1656.47
602.28 914.3 1126.04 3809.09 2053.24 1399.89
700.97 1004.87 1472.37 2267.04 2221.18 1425.82
595.3 830.92 1224.03 1967.58 1645.4 992.01
807.04 1161.53 1629.07 2818.07 2842.09 2017.46
821.17 1163.0 1570.99 2418.61 2347.76 1781.65
923.62 1314.37 1813.5 2721.68 3022.42 2343.64
506.58 790.11 1001.29 4070.7 2167.34 1414.27
966.99 1399.98 2074.42 3173.87 3510.09 2273.96
588.21 830.06 1062.24 1959.82 1810.19 1480.82
462.23 763.41 854.08 4335.93 1578.84 802.1
729.63 1056.63 1620.29 2638.59 2949.1 1747.22
962.0 1398.0 2014.0 3173.0 2939.0 1816.0
69.0 191.5 59.0 4653.5 930.0 346.0
134.0 394.5 95.5 5146.0 1087.0 409.5
969.0 1403.0 2079.0 3181.0 3518.0 2279.0
155.0 368.0 123.0 5163.0 1156.0 447.0
89.8 263.8 87.2 4769.8 1060.5 381.0
971.0 1390.0 2115.5 3245.0 2879.5 1707.0
122.0 299.0 89.0 4632.0 914.0 354.0
72.0 203.8 71.8 4231.5 957.5 341.5
907.5 1325.5 2047.5 3151.5 2757.0 1579.5
948.0 1357.0 1978.0 3155.0 2462.0 1531.0
56.8 180.8 53.0 4412.8 873.5 325.0
119.5 322.5 80.5 4825.8 970.8 371.8
948.0 1376.0 2046.0 3146.0 2970.0 1921.0
911.0 1341.0 1922.0 3127.8 2196.5 1320.8
985.0 1493.5 2276.8 3372.5 3183.8 2033.8
76.2 218.5 55.5 4643.8 764.8 282.8
962.5 1390.0 1954.5 3151.5 2480.0 1527.0
959.5 1435.2 2145.2 3160.2 2832.8 1787.8
88.5 243.0 63.5 4918.0 903.5 321.0
978.0 1422.0 2105.0 3266.0 3199.0 2037.0
79.2 209.2 66.0 4931.0 970.2 374.0
222.2 574.0 104.8 5481.0 1198.8 463.2
992.0 1434.0 2127.0 3253.0 3849.0 2515.0
980.5 1432.2 2016.0 3245.2 2807.8 1800.2
966.0 1422.0 2112.0 3259.5 3477.0 2237.5
109.2 304.0 68.8 5231.2 1052.0 412.0
978.0 1434.0 2220.0 3640.0 4073.0 2397.0
81.5 229.5 75.0 4588.5 1023.0 369.5
937.0 1353.0 2081.0 3198.0 2826.0 1629.0
924.0 1316.0 1970.0 3207.0 2671.0 1584.0
102.5 315.2 89.5 4914.0 1200.8 467.0
980.0 1467.0 2194.0 3388.8 3736.5 2446.5
955.0 1376.0 2056.0 3368.0 3193.0 1885.0
977.5 1462.0 2197.0 3231.5 2940.0 1846.5
939.0 1381.8 2053.5 3176.2 3230.8 2074.0
265.0 540.0 222.0 5608.0 1151.0 427.0
83.0 265.0 84.5 4714.5 1156.5 420.5
245.0 494.0 207.0 5231.5 1090.0 397.0
304.0 635.0 236.5 5868.5 1229.5 464.5
138.0 335.0 114.0 4964.0 1063.0 407.0
53.8 244.8 74.8 4340.2 1057.2 381.2
881.0 1230.0 1585.0 2295.0 2884.0 2584.0
943.0 1319.0 1696.0 2407.0 2991.0 2718.0
1010.0 1410.0 1801.0 2535.0 3109.0 2871.0
100.0 100.0 100.0 100.0 100.0 100.0
