763.7 1090.29 1370.85 2585.02 2624.95 2271.63
714.33 1005.14 1412.06 2190.65 1931.69 1367.65
947.09 1338.43 1818.71 2734.57 3059.85 2434.06
119.46 256.04 153.84 4506.93 1051.44 485.09
590.13 881.02 1013.59 3401.57 2193.57 1765.44
914.98 1316.77 1853.14 2871.86 2832.13 1932.96
974.91 1395.23 1914.4 2990.44 2644.33 1878.12
798.34 1133.79 1426.25 2710.01 2653.28 2323.31
903.37 1271.12 1694.25 2488.09 3078.51 2570.09
837.83 1168.56 1508.81 2143.16 2627.12 2362.08
780.4 1083.88 1388.17 1962.03 2433.39 2213.05
628.23 920.29 1130.83 3256.28 2264.06 1776.1
266.16 339.19 410.58 544.61 649.41 605.96
851.91 1193.1 1530.59 2364.63 2814.73 2503.37
926.56 1316.4 1933.08 3099.21 2714.11 1736.79
705.95 972.66 1234.41 1726.77 2100.26 1936.55
459.89 695.83 797.34 3303.0 1881.2 1416.71
939.44 1381.97 2051.95 3172.26 3230.05 2078.9
977.65 1462.96 2175.16 3203.53 3150.06 2153.54
211.1 411.93 316.83 4390.38 1340.07 718.75
443.12 658.3 684.96 2387.93 1388.01 1095.94
773.98 1085.38 1433.67 2146.79 2333.61 1923.54
467.7 745.56 816.19 3386.95 1845.08 1283.75
769.89 1068.68 1368.26 1933.25 2397.33 2180.39
924.24 1314.9 1781.05 2749.45 2669.64 2023.16
840.36 1181.74 1503.15 2455.56 2787.26 2464.36
942.84 1367.12 1873.15 2931.97 2922.66 2296.32
594.67 869.63 1043.57 3302.34 2169.59 1772.64
229.61 581.38 121.44 5445.18 1217.75 487.05
756.9 1100.91 1312.0 3186.09 2501.28 2160.67
863.52 1199.13 1527.19 2143.04 2624.64 2424.95
197.77 277.21 280.14 1190.04 611.55 459.64
150.42 301.08 198.76 4747.66 1133.86 565.07
928.51 1328.96 1798.35 2733.44 2631.18 2085.22
756.24 1091.05 1395.59 2963.36 2701.91 2157.18
164.1 376.97 166.67 4711.06 1077.9 496.98
903.62 1275.25 1787.56 2774.84 2771.93 2057.86
822.47 1214.37 1706.03 3083.62 2899.46 1934.81
292.48 425.81 461.51 1897.01 1007.82 771.3
941.07 1342.42 1879.13 3098.78 2856.15 2066.52
542.94 919.35 888.14 4412.89 1945.11 1200.31
750.04 1123.04 1442.69 3465.11 2224.47 1459.77
315.86 475.39 521.38 2546.74 1287.86 931.02
1005.03 1426.6 1895.57 2701.46 3123.87 2704.6
327.41 432.74 563.71 813.62 895.71 720.67
458.06 793.87 596.55 4914.37 1671.26 1030.41
754.91 1042.79 1324.18 1852.43 2265.53 2094.25
820.11 1150.64 1508.73 2135.54 2465.52 2159.98
983.27 1379.54 1779.7 2591.6 3061.14 2750.96
743.27 1086.14 1377.08 3244.92 2525.42 1989.12
865.93 1209.87 1557.75 2257.37 2751.16 2474.15
757.77 1148.23 1525.09 3660.18 2402.45 1470.96
730.07 1011.1 1292.87 1824.28 2260.77 2056.73
924.54 1312.73 1799.73 2673.45 2897.09 2321.84
683.32 948.17 1187.74 1886.37 2066.19 1885.68
665.15 913.57 1156.4 1612.25 1968.73 1820.93
205.81 327.29 304.15 3001.55 980.15 617.71
301.02 389.38 475.75 637.89 764.69 712.11
950.74 1324.69 1690.23 2376.42 2913.04 2690.54
890.2 1248.16 1643.57 2428.43 2922.42 2497.08
804.3 1153.77 1417.89 3034.57 2651.07 2314.38
915.75 1320.71 1913.77 2939.4 2983.76 2024.74
685.32 961.04 1269.63 1875.22 1960.44 1639.39
260.56 536.05 347.85 4662.98 1391.45 777.9
833.96 1192.85 1630.68 2377.54 2696.92 2193.44
642.67 893.2 1174.45 1736.46 1777.37 1455.08
606.04 900.25 1073.66 3058.32 2192.5 1744.34
946.34 1318.36 1682.01 2364.66 2898.51 2677.16
907.66 1288.55 1821.11 2724.86 2856.39 2129.38
795.58 1117.65 1558.93 2298.63 2405.01 1834.67
834.82 1189.11 1547.95 2701.88 2795.19 2293.98
835.68 1163.74 1504.52 2134.46 2548.39 2280.72
753.33 1044.73 1336.91 1887.94 2340.55 2128.97
733.92 1059.56 1326.49 3130.59 2499.74 2091.76
935.57 1302.85 1661.87 2335.83 2862.88 2644.35
953.68 1348.99 1753.37 2741.51 3011.85 2612.2
965.67 1393.5 2035.45 3205.74 3691.92 2510.05
557.77 885.46 1196.74 3893.4 2040.56 1267.97
182.51 219.38 256.88 331.89 394.12 362.42
610.34 839.25 1077.91 1516.92 1818.78 1623.55
149.66 171.49 192.83 232.89 264.21 251.23
317.46 572.53 362.29 4663.58 1226.53 629.83
640.43 981.92 1022.76 3784.93 2194.18 1700.3
471.87 646.52 867.01 1287.79 1537.76 1216.85
445.87 603.01 780.31 1115.24 1235.01 1061.58
904.73 1276.82 1736.06 2639.12 2983.1 2359.82
802.22 1117.86 1451.47 2114.73 2562.7 2255.89
527.11 775.48 902.09 3004.92 1894.43 1527.1
821.76 1174.49 1438.09 2979.52 2643.71 2337.45
300.43 390.0 481.11 663.32 814.48 737.49
552.74 755.05 960.85 1372.43 1713.87 1539.96
302.41 510.36 485.64 4099.94 1519.29 964.65
521.55 798.89 859.31 3688.46 1901.63 1486.51
621.74 943.25 1195.2 3152.34 2278.93 1701.82
284.42 423.28 458.88 2255.64 1106.53 801.58
792.89 1140.24 1375.61 2957.66 2568.47 2216.58
933.17 1320.8 1793.38 2613.26 2926.17 2402.59
406.58 543.88 672.83 997.57 1127.14 1037.64
1006.22 1405.54 1796.88 2548.97 3094.4 2847.89
325.57 426.37 528.91 733.97 904.09 817.44
646.26 953.37 1212.76 3275.99 2300.52 1704.47
742.96 1044.14 1394.19 2022.61 2389.06 1982.81
148.23 169.78 191.71 235.55 271.93 253.4
950.42 1363.48 2029.53 3076.14 2878.02 1857.29
591.65 941.88 934.88 3694.33 2143.84 1652.52
926.41 1297.63 1665.23 2442.67 2950.97 2673.05
555.34 767.81 1013.37 1476.0 1640.23 1339.25
883.56 1270.75 1849.97 3051.83 2751.3 1838.85
782.29 1145.97 1521.65 3004.3 2502.18 1772.03
820.91 1176.44 1450.87 2979.57 2710.73 2371.15
816.09 1130.86 1438.54 2016.13 2467.82 2280.54
625.19 873.19 1113.79 1782.63 1938.73 1699.48
510.32 788.43 846.22 3737.09 1946.96 1474.09
839.67 1183.47 1515.0 2444.77 2709.57 2389.07
552.85 761.17 1037.03 1570.95 1622.48 1255.5
851.62 1188.65 1535.39 2227.22 2773.95 2467.22
602.18 864.71 1141.41 2029.54 1748.54 1251.35
947.06 1402.69 2056.45 3023.12 2840.91 1913.94
943.73 1322.46 1717.82 2465.25 3003.24 2667.51
535.43 730.01 927.94 1323.78 1652.17 1484.91
807.87 1173.96 1372.6 3368.73 2577.78 2207.92
348.51 457.75 564.53 764.98 921.73 856.73
151.88 252.9 170.01 2251.84 629.45 323.02
810.32 1143.4 1440.09 2434.8 2603.24 2323.63
483.52 653.74 824.27 1139.02 1366.29 1252.18
877.32 1261.03 1573.15 2976.03 2838.82 2459.03
956.36 1372.61 1866.57 2856.22 2614.55 2031.0
353.92 608.78 533.41 4222.76 1533.67 1029.7
707.37 992.99 1315.05 2119.36 2208.37 1827.87
407.4 589.1 681.29 1971.3 1424.59 1152.93
391.68 521.78 652.22 898.23 1100.3 1005.84
576.16 788.53 1001.48 1403.07 1732.94 1578.74
553.23 839.62 986.59 3105.4 2160.14 1711.16
729.54 1059.68 1261.95 2862.38 2371.88 2061.79
932.63 1315.94 1679.66 2764.16 2942.36 2618.74
919.17 1302.36 1808.92 2785.01 2643.56 1984.03
913.2 1279.69 1640.24 2435.7 2913.79 2634.07
879.42 1235.55 1588.79 2458.35 2730.62 2444.18
861.7 1201.44 1542.09 2184.52 2712.2 2465.53
929.84 1336.37 1751.28 2934.3 2860.12 2371.64
975.87 1360.86 1737.2 2443.66 2996.13 2767.06
942.75 1386.44 1995.73 2934.73 3062.0 2257.34
311.23 405.62 501.64 693.67 852.97 771.83
935.82 1323.93 1746.68 2568.65 2812.82 2404.65
387.54 516.03 646.73 908.13 1124.98 1014.53
570.8 780.79 991.34 1388.42 1714.58 1562.11
861.73 1206.56 1555.57 2375.32 2851.95 2524.09
707.4 1000.18 1255.7 2369.16 2384.42 2069.35
312.51 405.92 497.23 668.64 802.69 747.11
800.78 1113.35 1426.75 2017.8 2503.28 2276.33
348.63 582.25 530.28 3274.23 1364.94 961.37
530.22 880.71 796.87 3991.38 1986.72 1454.78
948.46 1344.91 1859.66 2843.88 3082.83 2339.31
632.51 889.95 1254.69 1864.37 2105.42 1511.67
542.81 804.95 942.28 3282.0 1993.48 1617.01
246.6 523.17 318.26 4764.78 1352.0 730.8
408.36 545.9 683.8 943.88 1157.51 1057.64
131.2 144.91 158.32 183.48 203.16 195.0
187.24 322.7 286.0 3341.06 1010.82 607.81
724.89 999.57 1268.07 1772.11 2166.27 2002.84
663.56 995.18 1079.13 3756.15 2194.67 1750.61
895.35 1255.42 1640.6 2354.11 2836.53 2489.83
671.63 966.97 1192.72 2746.77 2311.35 1933.2
339.52 555.63 545.42 4087.18 1530.81 1037.79
939.61 1346.01 1899.19 2881.69 3074.33 2253.49
578.17 793.96 1005.3 1484.19 1752.1 1589.21
939.0 1381.75 2053.22 3175.6 3230.61 2074.5
590.97 886.56 1074.89 3449.24 1967.34 1399.0
646.08 941.87 1084.07 2755.99 2133.42 1775.47
792.78 1105.01 1425.8 2100.74 2579.92 2289.48
535.55 854.92 834.52 4406.62 1938.86 1317.35
943.65 1315.01 1679.18 2363.63 2885.4 2659.98
787.74 1142.47 1471.07 3040.54 2570.78 2008.71
985.94 1455.71 2116.17 3219.72 3612.23 2530.57
1003.31 1401.93 1790.73 2554.02 3094.11 2848.17
669.2 923.08 1177.64 1657.71 2052.03 1867.7
757.17 1073.78 1326.27 2297.31 2407.43 2139.6
343.67 545.84 573.46 3947.49 1577.71 1091.45
730.3 1020.99 1363.61 1978.35 2230.12 1846.31
805.14 1149.53 1420.17 2988.08 2648.74 2319.07
560.85 803.77 973.61 2235.32 1933.61 1628.51
485.64 671.88 833.32 1603.38 1542.87 1350.05
938.07 1312.9 1686.69 2420.67 2979.83 2704.48
912.12 1324.88 1838.2 2881.56 2824.37 2166.64
548.44 833.89 1004.99 3654.79 2145.72 1546.21
813.05 1163.81 1447.62 2794.6 2714.22 2369.98
605.32 957.54 924.73 4236.22 2060.14 1527.14
298.39 521.77 480.52 4192.15 1532.46 952.34
787.31 1115.66 1405.33 2652.86 2517.68 2199.28
118.59 276.4 144.79 4494.58 1107.72 470.6
954.92 1357.52 1871.62 2761.91 3232.65 2516.7
929.59 1316.88 1889.4 2971.67 2765.13 1917.58
318.19 482.75 524.65 2658.23 1292.63 930.67
892.04 1240.43 1581.58 2221.22 2718.68 2509.52
932.17 1336.13 1856.01 2849.66 2918.75 2098.83
944.1 1325.91 1677.82 2683.82 2943.56 2688.34
899.15 1275.99 1705.75 2483.08 2936.33 2487.96
409.0 653.6 691.46 3771.38 1796.16 1269.76
947.59 1335.02 1770.7 2586.04 3145.98 2670.47
732.72 1068.17 1264.56 3307.38 2458.41 2087.49
856.52 1216.39 1648.43 2532.64 2391.51 1793.37
725.09 1070.71 1377.58 2799.26 1992.16 1441.25
820.38 1163.55 1484.45 2600.43 2675.56 2288.6
903.73 1277.14 1705.37 2541.34 2899.43 2368.52
182.13 337.99 268.42 4398.82 1191.96 649.55
571.77 844.82 1049.4 3201.5 2151.99 1663.77
788.47 1151.04 1484.44 3218.77 2621.02 1997.46
882.53 1234.4 1602.76 2328.83 2882.65 2549.86
953.2 1349.78 1783.02 2634.93 2941.18 2468.43
904.24 1313.75 1990.59 3046.11 2772.63 1703.1
937.41 1310.93 1685.49 2391.88 2971.73 2700.39
342.68 590.84 500.95 4421.58 1602.72 999.45
174.6 336.67 268.05 3471.67 1077.33 517.06
468.31 680.89 794.76 2812.1 1665.1 1348.27
696.78 1066.17 1106.9 4013.93 2275.15 1803.34
831.22 1183.39 1626.88 2401.99 2666.01 2085.26
996.48 1415.07 1929.47 2843.92 3147.03 2518.55
889.95 1262.24 1741.13 2584.14 2841.13 2244.89
453.41 718.97 778.59 3720.63 1946.64 1410.06
717.75 1095.1 1439.02 3806.24 2528.37 1575.94
634.52 936.44 1135.01 2904.4 2339.67 1927.64
298.4 577.41 295.9 5428.38 1244.96 543.94
494.48 667.88 837.38 1155.56 1404.39 1301.22
938.32 1322.21 1729.02 2512.33 2874.91 2513.84
978.99 1421.63 2095.56 3243.31 3196.21 2062.89
940.05 1365.31 1959.63 2974.24 3167.84 2243.09
823.76 1179.48 1522.81 2868.74 2759.16 2210.57
908.95 1290.92 1777.34 2650.06 2919.88 2307.38
453.61 611.63 772.36 1093.83 1360.51 1224.68
1002.73 1401.06 1790.78 2558.09 3092.84 2843.0
433.2 582.09 733.55 1036.46 1287.74 1159.75
981.43 1409.2 2034.05 3070.55 3663.96 2558.78
809.94 1131.03 1470.21 2135.64 2646.83 2323.71
725.57 1060.78 1254.05 3386.33 2459.49 2094.56
883.5 1255.22 1667.78 2821.63 2805.02 2281.52
651.49 1034.51 1413.76 3973.96 2346.61 1411.69
563.96 770.9 978.39 1369.7 1691.12 1540.87
571.92 839.85 1017.17 2735.99 1877.89 1443.57
935.41 1316.65 1744.1 2511.8 2948.22 2541.02
748.86 1091.26 1540.81 2455.7 2636.55 1899.1
532.31 811.7 990.62 3848.06 2028.29 1362.2
892.45 1251.04 1640.9 2393.8 2983.52 2576.88
902.19 1285.45 1756.15 2616.91 3010.69 2397.69
880.75 1253.16 1640.75 2894.25 2807.25 2357.9
823.0 1176.23 1488.81 2918.75 2673.33 2299.82
793.77 1140.67 1417.87 3121.05 2537.55 2170.75
470.84 637.29 807.49 1132.38 1298.89 1170.9
921.31 1312.42 1770.07 2531.46 2782.15 2315.15
938.47 1344.69 1986.85 3004.57 2866.35 1895.3
177.9 212.71 248.12 318.93 377.68 347.76
594.27 894.49 1015.44 3588.19 2180.03 1753.54
860.96 1234.14 1626.34 2957.83 2833.78 2316.36
893.82 1256.96 1668.93 2472.77 3041.15 2559.28
844.44 1182.15 1556.94 2250.93 2638.54 2284.25
382.64 587.43 609.78 2954.59 1433.36 1060.4
695.65 980.97 1238.24 2169.52 2324.81 2033.23
843.98 1191.11 1650.78 2451.61 2661.97 2070.12
974.62 1445.47 2121.56 3245.99 3628.06 2485.99
521.37 718.14 955.51 1381.74 1559.89 1275.56
634.93 873.53 1112.76 1563.93 1934.51 1761.27
804.54 1156.23 1420.56 3018.06 2676.25 2327.88
843.2 1182.55 1525.5 2292.45 2771.23 2436.98
878.84 1237.62 1582.01 2569.82 2825.25 2516.99
406.73 541.56 673.36 920.77 1114.25 1034.02
316.31 411.38 504.32 678.8 815.23 758.66
858.93 1228.99 1620.8 2895.81 2974.04 2384.19
861.93 1252.87 1482.19 3088.71 2749.97 2418.45
975.78 1470.15 2215.5 3277.02 3157.23 2082.56
878.7 1228.79 1586.13 2321.51 2875.07 2559.56
826.64 1182.96 1623.51 2417.21 2858.67 2258.55
132.62 297.95 148.2 4771.97 1013.76 446.99
989.38 1392.37 1859.86 2741.19 2893.84 2425.37
877.54 1243.79 1553.69 2716.05 2813.35 2496.81
774.23 1132.62 1483.42 3006.43 2632.47 2077.98
914.17 1284.87 1662.58 2526.5 2921.05 2590.81
121.76 131.47 141.2 159.56 174.64 167.59
844.8 1172.19 1492.21 2092.96 2562.76 2367.97
999.58 1398.56 1777.91 2584.21 3081.26 2835.48
770.21 1151.09 1621.78 3516.04 2868.11 1863.57
875.27 1251.06 1671.89 2947.13 2744.25 2215.34
557.55 822.75 954.47 3012.1 2023.79 1645.3
578.78 893.67 902.49 4054.97 1970.92 1476.45
985.88 1455.82 2116.94 3221.39 3613.46 2529.74
959.5 1360.83 1943.15 2900.7 2925.31 2122.37
629.19 879.98 1185.52 1759.93 1846.24 1422.2
861.08 1195.62 1522.63 2136.51 2616.58 2417.53
319.47 456.67 518.03 1842.59 1100.84 863.84
887.01 1274.36 1761.88 2568.76 2794.21 2199.83
531.52 907.4 933.23 4502.68 2029.01 1061.47
991.97 1433.93 2126.72 3252.45 3848.44 2515.13
734.79 1017.93 1301.82 1837.21 2276.98 2071.4
988.85 1398.4 1884.58 2743.44 3061.58 2546.91
321.59 466.63 609.69 1541.21 1006.11 682.48
895.84 1259.32 1631.11 2521.09 2877.64 2526.8
306.76 397.64 486.47 653.24 783.66 729.58
679.62 949.92 1194.37 2001.39 2144.59 1917.56
838.61 1186.78 1596.77 2446.02 2433.85 1882.46
546.49 756.31 1005.35 1446.28 1668.76 1369.7
752.32 1045.79 1377.66 1965.69 2251.13 1943.55
618.18 908.21 1084.81 3229.52 2248.98 1832.51
781.67 1102.96 1398.32 2583.52 2644.96 2310.22
588.75 845.77 984.72 2284.65 1846.02 1574.11
728.92 1011.92 1295.97 1924.24 2354.24 2104.42
963.51 1358.97 1697.99 2754.49 2985.24 2712.54
196.9 416.16 232.35 4598.45 1160.68 592.33
957.48 1371.71 1887.92 2959.76 2611.61 1833.74
866.83 1230.57 1694.94 2540.05 2820.95 2189.99
684.64 1006.89 1224.96 2968.69 2429.13 2039.04
371.54 499.05 615.97 975.03 1064.93 956.12
943.89 1329.17 1758.47 2538.9 2987.25 2575.75
882.74 1233.44 1594.32 2312.4 2889.65 2574.2
931.53 1301.24 1673.99 2424.3 2829.81 2558.07
728.54 1044.54 1523.19 2339.42 2315.4 1514.66
879.09 1272.54 1782.86 3130.44 3307.92 2333.86
261.0 453.13 405.26 4166.91 1239.43 801.99
802.12 1135.86 1429.21 2553.71 2685.24 2354.71
650.57 896.14 1142.36 1606.72 1988.13 1809.83
613.48 842.94 1076.34 1543.14 1930.39 1733.15
632.49 935.83 1101.29 3228.72 2267.57 1857.57
210.98 378.51 314.67 4545.94 1278.49 731.6
896.14 1269.11 1674.19 2566.61 2839.27 2356.71
145.57 293.69 191.73 4712.81 1128.61 556.93
900.62 1261.08 1618.07 2405.87 2866.22 2587.87
885.8 1242.3 1613.1 2325.48 2763.03 2434.87
890.77 1249.55 1672.51 2502.3 2835.58 2356.7
969.16 1385.33 2087.91 3189.88 2886.83 1773.5
424.74 706.44 590.42 4504.19 1579.51 994.66
936.45 1319.86 1807.71 2646.92 2898.24 2325.8
849.67 1205.22 1615.19 2348.88 2809.54 2341.59
716.26 999.66 1326.61 2019.05 2167.64 1799.01
234.38 294.31 354.41 467.74 560.83 517.31
796.07 1122.03 1418.8 2455.0 2646.86 2330.29
1005.11 1407.49 1840.45 2624.07 3080.21 2724.98
864.49 1216.37 1606.54 2550.94 2788.24 2336.25
771.72 1102.92 1516.48 2257.81 2659.82 2086.71
588.24 832.33 1073.72 2232.57 1982.96 1592.76
184.9 224.44 280.79 374.01 379.8 303.57
927.51 1321.3 1795.86 2783.77 2653.46 1980.82
657.36 906.42 1159.77 1666.46 2086.8 1872.71
414.81 707.81 553.48 4802.28 1572.47 951.58
605.11 961.29 1269.63 3992.74 2108.42 1215.51
706.27 996.83 1323.8 2199.74 2303.54 1846.32
950.74 1348.05 1836.9 2701.42 3184.18 2544.86
753.3 1118.11 1281.5 3486.86 2458.11 1990.41
907.59 1322.14 1884.99 2733.39 2733.27 2001.08
796.64 1126.56 1556.34 2371.46 2829.84 2170.82
767.83 1112.67 1335.32 3259.84 2556.0 2209.93
493.91 759.56 953.44 3612.63 1926.16 1252.98
114.55 121.06 127.67 140.9 151.88 146.29
749.99 1064.46 1458.3 2284.79 2020.75 1416.37
747.33 1052.58 1331.48 2480.16 2515.84 2197.88
929.45 1335.59 1918.4 2910.45 2946.2 2104.52
561.0 766.61 972.77 1361.59 1680.95 1531.66
719.62 1021.05 1279.13 2702.91 2475.13 2130.67
868.51 1225.16 1535.03 2534.73 2684.98 2400.86
986.71 1416.35 1965.62 2918.5 3303.79 2535.67
960.25 1390.72 1984.68 3102.38 2943.79 1899.16
499.6 698.73 914.17 1769.86 1547.75 1233.09
903.47 1265.86 1619.42 2403.78 2873.95 2598.99
916.01 1299.08 1807.84 2802.67 3030.2 2253.28
454.55 760.81 729.66 4060.74 1841.42 1324.19
930.71 1317.89 1744.82 2591.67 2777.45 2295.39
595.48 846.44 1012.16 2289.03 1891.86 1640.3
941.62 1358.88 1829.63 3070.07 2820.67 2113.31
855.71 1193.94 1541.63 2235.85 2782.1 2481.06
681.3 936.82 1186.58 1655.46 2022.12 1870.09
401.35 533.81 663.29 906.35 1096.43 1017.62
595.94 817.14 1038.94 1457.22 1800.79 1640.18
554.74 780.03 954.27 2058.34 1771.13 1542.31
945.92 1332.09 1748.89 2515.38 3052.79 2656.91
957.11 1377.64 1891.17 2731.44 3055.79 2488.09
919.46 1306.13 1791.18 2680.0 3008.9 2367.11
861.95 1222.7 1631.31 2664.24 3011.65 2438.84
640.1 935.94 1126.07 3173.99 2299.07 1892.29
517.69 714.43 987.86 1453.2 1526.96 1155.99
836.96 1171.39 1507.05 2300.38 2757.13 2443.15
269.42 460.78 506.8 4097.5 1263.32 636.78
459.64 687.95 752.78 2479.41 1539.29 1254.02
940.62 1332.46 1848.4 2720.11 2925.69 2286.94
755.68 1106.88 1280.35 3438.34 2419.36 2013.72
463.82 729.06 761.88 3590.58 1820.28 1367.99
925.47 1322.17 1936.17 2913.06 2800.21 1895.78
409.5 545.54 678.52 928.15 1123.37 1042.43
379.66 545.67 729.97 1917.5 1225.87 813.79
700.25 1036.4 1392.43 3520.46 2041.03 1268.88
762.52 1070.74 1356.5 2283.97 2456.1 2186.46
522.04 778.38 918.3 3509.51 1993.24 1550.43
421.72 565.48 711.71 1004.18 1246.81 1123.23
983.89 1376.66 1764.89 2563.03 3027.13 2752.0
250.17 352.89 394.83 1248.42 803.42 638.1
225.96 366.36 349.41 3309.88 1110.35 702.62
912.26 1309.19 1792.92 2618.84 2974.1 2418.64
930.85 1317.08 1871.16 2918.42 2786.43 1993.07
921.47 1312.75 1604.88 2951.51 2873.18 2569.3
654.59 976.77 1133.55 3159.11 2339.35 1924.93
568.94 811.27 1165.19 1762.6 1909.35 1298.48
912.98 1313.7 1843.31 2780.86 3075.21 2302.81
459.58 683.15 939.59 2127.83 1442.56 918.17
604.54 922.88 1242.15 3589.12 2236.36 1524.12
858.21 1205.84 1543.01 2444.82 2815.01 2478.14
860.16 1203.86 1548.0 2314.6 2827.93 2521.23
1003.52 1414.88 1848.23 2691.03 3042.83 2635.75
954.16 1387.82 1999.57 3039.25 3204.79 2244.23
793.1 1149.02 1517.56 2882.51 2622.35 2043.45
847.68 1204.59 1509.66 2750.66 2774.57 2437.18
727.44 1018.8 1389.79 2091.65 2047.55 1598.94
927.11 1325.82 1714.39 2959.82 2761.06 2277.25
346.69 580.12 522.19 4101.4 1469.4 990.88
793.51 1131.58 1385.82 2719.41 2547.57 2227.3
938.8 1323.23 1661.27 2753.83 2946.37 2669.15
649.97 996.73 1308.83 3710.29 2347.52 1511.68
777.35 1075.08 1366.12 1912.46 2339.71 2162.56
438.48 692.2 708.48 3774.29 1714.65 1265.29
935.71 1324.01 1747.47 2571.16 2810.06 2399.79
525.92 750.72 880.25 2218.37 1682.36 1432.68
496.76 674.05 854.4 1215.08 1514.3 1361.9
310.19 404.12 499.66 690.74 849.26 768.52
921.48 1340.05 1838.43 3035.52 2955.18 2336.52
631.85 913.96 1118.97 2891.39 2290.69 1893.37
684.61 984.72 1266.99 3020.85 2376.9 1882.37
157.62 371.16 128.23 5153.84 1162.1 454.55
908.09 1278.89 1620.11 2571.81 2896.26 2600.04
932.17 1317.29 1852.22 2863.1 2808.56 2071.47
746.33 1034.61 1323.66 1868.79 2316.54 2107.23
803.42 1117.75 1437.49 2076.96 2607.46 2337.26
481.65 760.23 900.33 3514.7 1877.15 1227.98
201.95 279.93 284.72 1249.56 606.56 464.93
950.99 1359.55 1969.47 3125.13 2493.17 1595.55
607.06 903.65 1189.43 3460.87 2268.46 1493.97
943.37 1323.18 1721.66 2461.19 2989.46 2659.56
646.34 945.98 1121.23 3356.26 2196.07 1863.05
812.88 1147.71 1442.65 2517.64 2684.09 2349.8
960.85 1349.97 1706.03 2661.44 2990.98 2733.05
375.74 496.95 615.42 837.84 1011.76 939.65
99.32 195.3 99.17 3001.11 569.56 260.58
777.52 1110.04 1544.64 2297.41 2600.51 1964.14
170.35 377.37 188.93 4998.57 1197.15 584.09
694.5 955.81 1211.25 1690.77 2065.76 1910.27
720.16 996.77 1274.12 1797.17 2226.8 2025.96
336.84 603.88 421.32 4872.81 1368.56 682.08
513.74 828.45 897.47 4388.19 1812.77 1015.06
473.22 677.73 807.19 2351.49 1593.33 1337.35
104.51 263.27 93.68 4876.6 941.81 365.3
297.72 386.07 475.94 655.69 804.8 728.85
871.75 1216.61 1567.4 2268.99 2851.01 2554.57
426.56 629.86 728.17 2674.97 1600.88 1245.39
719.93 997.13 1279.84 1813.14 2213.66 1998.05
206.58 321.76 308.65 2060.6 877.93 572.45
167.07 196.99 226.99 283.56 330.03 308.31
142.36 161.25 180.19 215.92 245.26 231.54
898.42 1267.96 1704.85 2516.24 2906.36 2411.64
901.08 1261.38 1639.64 2340.69 2894.16 2563.65
314.33 597.6 326.55 5404.54 1280.64 588.82
389.76 519.24 650.95 914.36 1132.89 1021.58
928.58 1328.91 1797.83 2731.77 2633.02 2088.46
564.5 772.29 978.83 1386.45 1694.43 1541.97
877.19 1225.5 1577.65 2308.42 2874.46 2572.44
812.32 1151.64 1483.91 2646.57 2627.44 2217.99
947.87 1366.69 1876.94 2907.06 2536.29 1898.06
963.98 1359.69 1891.44 2894.64 2874.59 2182.23
305.31 395.56 483.77 649.37 778.88 725.18
972.55 1386.85 1974.63 3102.2 3166.2 2199.62
750.77 1068.46 1307.14 2585.41 2405.09 2098.21
913.65 1302.66 1874.3 2957.12 2407.99 1581.59
568.7 876.59 897.52 3921.64 1971.59 1473.36
641.69 969.92 1241.1 3330.77 2542.18 1841.39
679.21 963.41 1384.96 2152.87 2467.18 1704.64
619.09 902.54 1312.06 1916.6 1918.09 1349.69
950.41 1371.22 1897.85 2745.46 2919.91 2300.0
976.16 1382.1 1882.38 2738.54 2992.79 2444.61
146.68 348.13 253.32 3944.2 1167.07 532.05
318.02 415.45 514.55 712.75 877.17 793.42
674.09 1011.69 1163.99 3317.45 2358.11 1950.65
672.75 946.28 1170.59 2289.4 2099.83 1880.44
929.97 1351.76 1914.24 2799.24 2899.88 2164.25
845.71 1173.49 1493.9 2095.38 2565.75 2370.72
859.24 1197.88 1537.42 2177.78 2703.75 2457.88
942.29 1330.08 1759.1 2542.76 3033.32 2604.34
661.03 943.91 1375.99 2111.41 2077.42 1348.19
933.06 1344.36 2046.14 3134.53 2830.08 1696.12
851.52 1207.54 1519.84 2728.08 2753.72 2424.88
169.58 435.74 164.76 5039.96 1169.12 509.47
283.33 365.1 447.09 601.72 728.72 669.35
954.18 1372.1 2031.34 3302.18 3179.16 1942.06
758.57 1052.86 1352.21 1950.91 2447.58 2194.61
947.0 1338.01 1816.06 2727.48 3058.36 2440.21
198.46 259.4 321.56 756.24 560.37 354.43
544.86 824.38 1084.07 2982.48 1976.13 1251.53
261.38 333.5 406.85 553.56 675.27 613.28
152.8 176.0 198.69 241.28 274.58 260.77
839.72 1240.98 1699.2 3019.59 2667.84 1964.99
983.52 1429.93 1994.01 3172.56 2838.61 1909.72
948.41 1357.13 1843.42 2654.18 2939.08 2412.73
768.05 1073.58 1405.96 2082.02 2365.72 2005.59
901.59 1260.95 1619.44 2343.09 2855.9 2585.06
262.19 442.17 412.67 4329.41 1406.97 878.37
250.94 412.19 387.97 3262.37 1197.34 757.68
839.24 1201.02 1543.7 2999.79 2701.5 2291.96
962.21 1357.77 1894.91 2908.42 2865.61 2155.83
863.56 1210.82 1593.19 2307.83 2818.58 2426.63
469.1 733.27 758.19 3812.32 1771.99 1337.85
859.3 1204.13 1542.12 2367.14 2829.47 2520.95
376.69 500.34 626.11 877.64 1086.31 980.03
194.36 397.06 233.57 3600.72 993.42 526.54
599.76 822.66 1046.16 1467.66 1813.88 1652.03
882.4 1285.06 1721.42 3288.48 2733.51 1969.29
301.17 437.86 433.45 1679.07 895.6 684.35
662.24 913.01 1164.45 1638.66 2028.15 1846.08
950.81 1387.68 2017.8 3087.1 3371.0 2299.44
941.42 1348.79 1924.2 2903.37 3319.33 2374.57
972.8 1442.53 2128.77 3119.22 2946.95 1965.18
354.18 557.15 608.17 3384.82 1549.82 1060.56
156.59 307.84 238.49 4156.38 1116.93 598.52
975.29 1416.64 2090.47 3238.87 3190.2 2052.28
388.71 660.48 629.28 4163.7 1802.62 1225.18
821.77 1154.19 1598.53 2457.65 2520.47 1922.69
927.12 1299.06 1663.63 2414.91 2943.46 2668.52
343.14 675.36 327.98 5626.08 1341.74 608.28
268.2 349.55 464.07 659.24 742.97 555.74
791.64 1120.88 1415.84 2574.5 2678.05 2335.19
509.63 692.68 878.88 1251.27 1560.2 1402.85
685.71 955.59 1208.27 1899.2 2153.25 1933.64
570.26 783.68 990.94 1494.19 1737.01 1568.79
645.31 885.0 1119.31 1559.15 1903.11 1760.49
764.72 1098.24 1601.56 2460.13 2437.37 1599.64
273.39 488.0 434.75 4195.55 1483.62 892.18
436.47 673.35 763.27 4071.89 1809.58 1258.99
237.39 298.66 360.1 475.98 571.15 526.66
804.49 1179.88 1622.42 3355.07 2912.08 1998.46
938.64 1380.85 2050.55 3170.66 3228.62 2077.21
276.05 354.73 434.75 594.8 727.57 659.94
279.0 357.69 434.6 578.98 691.89 645.07
653.51 967.01 1149.98 3415.86 2311.66 1873.93
556.69 833.66 958.34 3537.55 2090.58 1649.73
620.25 916.42 1066.12 3542.89 2176.18 1792.48
589.73 825.67 1015.5 1915.12 1889.65 1642.34
849.41 1259.1 1803.47 3423.51 3091.39 2030.08
502.12 678.88 851.66 1176.01 1429.65 1324.48
1001.5 1408.55 1858.66 2668.98 3193.83 2748.22
759.07 1131.85 1456.15 3740.0 2832.37 1913.69
847.89 1197.0 1520.75 2657.64 2767.26 2455.29
695.36 1011.66 1174.35 2831.12 2232.65 1892.04
776.59 1078.93 1386.47 2001.56 2511.81 2251.92
994.61 1389.68 1788.1 2526.51 3056.54 2785.32
969.0 1397.5 1917.91 2988.26 2863.96 2081.54
540.68 810.12 1009.69 3392.84 2024.52 1447.63
650.85 934.03 1414.32 2153.09 1916.31 1144.12
977.85 1370.59 1796.47 2598.06 2918.83 2554.69
942.38 1318.17 1695.26 2406.23 2988.82 2715.03
839.12 1177.43 1540.44 2233.03 2729.69 2388.29
953.27 1363.63 1871.71 2925.64 2577.17 1823.38
911.33 1292.9 1745.61 2623.71 2904.59 2296.47
1005.27 1407.4 1819.7 2581.63 3098.39 2798.49
410.74 549.33 688.3 950.38 1165.65 1065.02
841.52 1190.35 1479.73 2546.06 2633.43 2377.17
616.04 928.89 1039.84 3548.46 2163.05 1765.34
623.92 858.05 1096.19 1572.49 1967.61 1766.36
657.18 941.88 1155.0 2715.71 2187.46 1891.11
435.41 619.09 894.55 1284.96 1186.49 781.76
761.99 1110.28 1376.32 3183.25 2619.75 2055.32
975.71 1372.52 1868.38 2802.92 2934.37 2357.88
926.58 1304.12 1759.86 2619.79 2659.95 2165.81
699.56 989.22 1402.18 2073.29 2077.08 1520.02
125.89 137.46 149.23 172.77 192.3 182.36
504.98 695.19 916.31 1362.95 1359.55 1077.65
532.11 748.08 1070.11 1621.07 1620.9 1091.65
718.45 1051.93 1412.14 3211.41 2654.75 1899.7
472.39 648.04 851.4 1191.34 1323.89 1121.85
657.56 964.11 1143.97 2825.35 2290.1 1920.46
427.02 572.88 719.13 994.95 1221.5 1115.59
993.05 1432.6 2107.95 3211.04 3805.75 2535.8
649.77 894.99 1140.85 1604.54 1985.4 1807.36
1001.02 1413.37 1886.29 2740.1 3134.25 2637.0
947.22 1343.84 1929.0 2886.0 2878.07 2057.03
55.47 246.83 77.81 4337.05 1060.78 385.54
584.14 915.6 884.59 3963.33 1924.53 1448.01
991.87 1416.8 1973.2 2949.06 3159.98 2398.6
475.82 643.44 811.51 1128.48 1388.84 1267.13
940.65 1355.46 1975.52 3122.16 3615.22 2469.0
648.32 918.29 1312.21 1978.02 1976.88 1398.51
337.23 441.5 543.43 734.78 884.41 822.37
652.1 913.42 1126.11 2069.43 2012.1 1800.95
758.21 1051.79 1346.15 1901.3 2357.29 2144.13
597.98 835.97 1112.79 1581.57 1814.58 1532.74
789.94 1102.98 1472.2 2196.51 2486.49 2068.14
756.05 1091.87 1290.73 2659.77 2379.86 2096.3
732.53 1015.19 1302.71 1877.74 2354.77 2111.8
538.89 735.01 934.5 1333.49 1664.48 1495.89
974.97 1419.55 2048.63 3111.86 3402.01 2366.59
665.25 920.52 1175.43 1771.34 2132.24 1904.57
160.0 350.62 219.57 4575.4 1219.33 573.28
337.43 693.1 359.17 4989.59 1485.3 823.65
280.35 360.79 441.45 593.56 718.5 660.1
954.74 1361.74 1851.61 2855.17 2683.39 2001.05
624.27 943.92 1174.49 3789.81 2001.74 1311.41
974.67 1371.73 1775.94 2704.94 3121.61 2744.76
869.69 1232.35 1539.6 2703.67 2791.33 2474.22
967.28 1421.65 2102.94 3238.4 3466.28 2255.95
554.3 847.14 957.19 3606.41 2149.18 1666.37
860.0 1205.94 1540.22 2343.29 2823.26 2516.66
925.97 1295.21 1669.44 2372.48 2931.98 2651.6
710.2 993.26 1369.15 1997.72 2104.84 1643.35
790.32 1116.61 1494.87 2169.45 2505.82 2095.17
585.4 914.48 1106.68 3769.1 2136.13 1386.58
95.62 295.76 150.3 4261.24 1146.94 490.1
232.43 320.47 352.54 1325.02 734.55 570.89
940.63 1385.88 2010.56 2952.25 2845.11 1979.17
638.2 881.58 1142.63 1631.71 1995.49 1749.19
512.27 696.5 883.89 1258.68 1569.6 1411.24
907.99 1283.42 1729.67 2565.14 2971.64 2431.82
931.96 1307.47 1728.32 2487.35 2923.0 2524.27
161.92 255.56 154.88 1927.59 472.43 232.09
399.48 536.42 698.25 983.27 1115.65 945.62
640.01 881.33 1126.79 1617.71 2024.97 1817.54
854.67 1202.85 1523.47 2458.07 2808.5 2487.28
753.04 1073.52 1291.07 2703.5 2351.47 2062.45
871.19 1215.47 1562.14 2214.93 2744.51 2490.02
820.48 1171.32 1517.66 2722.51 2704.83 2234.77
382.19 534.14 658.99 1421.74 1189.13 934.59
663.97 920.97 1178.07 1859.14 2134.51 1884.06
544.73 847.79 1115.92 4013.62 2178.42 1188.45
993.63 1405.91 1873.64 2752.58 3051.02 2511.21
890.99 1256.1 1656.26 2405.05 2877.49 2482.72
157.62 182.94 207.7 254.18 290.52 275.45
998.11 1432.6 1956.81 2873.49 3357.77 2702.71
511.24 770.83 878.85 3521.18 1882.1 1505.0
695.68 961.87 1232.63 1774.16 2223.39 1994.58
963.41 1386.08 2001.64 3126.19 3622.11 2530.77
996.27 1390.24 1775.34 2498.27 3063.62 2829.21
875.46 1237.41 1645.62 2588.61 3024.16 2491.6
555.61 759.21 966.31 1380.5 1724.1 1549.09
839.72 1219.24 1578.07 2935.75 2725.53 2093.7
919.92 1323.23 1924.5 2890.98 2838.88 1977.89
931.19 1319.21 1739.32 2695.92 2793.97 2303.97
731.09 1040.14 1411.84 2174.82 2087.12 1541.73
264.22 447.63 431.35 3771.37 1415.25 874.34
1003.88 1407.42 1820.77 2614.42 3027.97 2697.86
292.76 646.93 260.57 5180.07 1374.25 683.93
584.49 934.75 918.79 3728.95 2125.53 1629.47
496.79 757.51 846.99 3670.03 1956.01 1488.35
937.45 1341.74 1887.64 2860.12 3067.33 2265.65
356.75 579.08 589.34 3479.2 1591.82 1096.9
989.05 1381.36 1763.07 2519.16 3045.96 2804.96
937.72 1347.65 1885.42 2909.84 2922.52 2046.19
879.3 1228.17 1582.07 2302.8 2879.69 2577.73
920.32 1308.63 1937.01 3128.86 2689.25 1669.68
403.84 645.12 671.72 3748.01 1704.74 1213.55
903.6 1281.05 1725.12 2551.44 3041.66 2491.87
980.65 1432.01 2185.32 3548.55 3993.22 2436.23
409.77 627.49 711.39 3244.65 1723.06 1227.58
117.79 125.72 133.68 148.68 161.0 155.24
899.88 1298.05 1914.57 2905.33 2793.5 1868.2
939.21 1313.71 1689.84 2398.77 2979.11 2704.76
938.12 1324.62 1757.24 2620.72 2694.87 2203.67
381.9 505.82 626.94 854.33 1032.14 958.41
915.81 1298.43 1780.41 2645.47 3134.79 2463.35
705.57 976.18 1251.44 1801.96 2258.66 2026.05
153.9 177.94 202.04 247.5 284.83 267.38
673.58 971.95 1229.24 2914.25 2320.11 1860.03
906.86 1280.78 1702.26 2566.81 2755.79 2248.56
527.01 717.82 911.92 1300.11 1622.14 1458.12
860.13 1199.44 1519.35 2258.82 2634.97 2420.3
589.68 819.04 1120.47 1710.35 1857.78 1404.59
699.65 967.11 1235.29 1741.04 2156.46 1962.27
525.7 838.71 1000.92 3904.62 2072.53 1261.91
613.32 838.96 1059.52 1473.57 1797.36 1663.1
947.58 1329.74 1736.25 2486.0 3071.12 2699.04
501.89 694.99 961.09 1401.29 1451.4 1102.01
998.48 1401.01 1845.18 2639.62 3064.34 2675.02
928.68 1316.74 1902.52 3009.97 2749.81 1863.29
689.11 952.37 1220.15 1755.7 2199.99 1973.7
975.69 1419.36 2043.49 3099.89 3395.93 2377.06
499.02 787.26 798.16 4105.6 1941.8 1422.31
898.71 1262.25 1653.7 2408.88 2834.55 2478.21
748.0 1080.24 1373.27 2720.96 2636.28 2200.73
660.76 955.3 1259.63 2666.99 2373.37 1732.57
874.57 1230.73 1567.83 2582.88 2829.64 2532.29
694.33 961.09 1240.74 1758.12 2132.54 1903.77
663.21 910.77 1152.76 1607.04 1962.3 1815.0
625.43 873.91 1160.43 1672.98 1923.56 1614.99
717.69 1045.48 1262.71 3163.79 2440.84 2013.07
365.56 484.0 602.76 826.74 1010.71 924.71
463.22 641.78 786.46 1470.29 1431.12 1256.11
341.34 603.33 539.94 4287.88 1703.01 1099.7
183.38 220.03 255.86 323.11 375.71 353.9
975.18 1427.38 2038.33 2966.08 2918.56 2124.13
689.99 989.71 1251.88 2950.05 2434.55 1987.26
340.0 552.19 540.96 3166.14 1444.45 1012.02
328.84 463.91 528.96 1619.81 1048.75 857.11
786.27 1118.69 1403.03 2613.67 2679.19 2326.41
939.35 1314.18 1669.29 2517.09 2912.49 2668.14
787.69 1158.48 1353.15 3069.34 2604.84 2232.17
613.17 846.03 1092.69 1549.52 1874.56 1657.15
914.3 1337.83 1852.44 3321.25 2690.41 1770.14
957.42 1389.12 1987.99 3009.85 3199.2 2280.77
781.04 1200.08 1708.08 3587.36 2490.46 1518.46
794.29 1103.96 1414.46 2000.03 2481.01 2256.17
920.53 1285.01 1666.82 2363.74 2809.84 2517.57
881.79 1267.64 1779.67 2680.83 3040.15 2260.42
345.17 593.67 556.17 4406.94 1602.37 1019.21
451.04 725.27 713.95 4127.62 1845.37 1300.17
896.36 1254.92 1610.07 2357.09 2843.96 2563.04
412.96 552.8 695.06 979.56 1215.58 1095.37
212.03 288.73 304.34 1049.43 594.81 476.99
916.2 1286.6 1665.37 2416.93 2897.27 2589.19
782.57 1101.06 1471.02 2274.52 2516.58 2086.14
892.7 1253.06 1601.2 2466.82 2861.4 2576.0
783.1 1156.0 1361.84 3089.68 2591.23 2189.43
621.31 907.11 1096.12 3080.86 2239.95 1840.27
928.7 1302.57 1664.91 2474.51 2952.2 2669.68
727.75 1071.69 1314.55 3370.7 2594.48 1965.33
857.01 1213.82 1610.29 2842.18 2721.77 2217.25
609.68 842.85 1063.12 1650.82 1873.68 1689.34
729.46 1044.65 1293.05 3030.96 2491.44 2138.54
802.36 1145.05 1444.0 2901.11 2551.45 2163.23
886.87 1241.57 1622.33 2380.05 2908.49 2528.6
656.95 992.11 1130.09 3375.46 2317.78 1901.76
779.08 1144.72 1572.7 2792.66 2531.34 1916.36
859.64 1212.23 1533.75 2542.93 2768.81 2473.57
690.72 998.7 1218.54 3058.01 2343.07 2009.25
923.83 1294.26 1660.09 2456.28 2945.79 2665.96
676.47 929.86 1177.55 1642.53 2006.15 1855.38
949.78 1351.19 1899.28 2949.65 3105.06 2247.63
799.39 1156.61 1606.72 3013.35 2864.33 2041.66
960.73 1351.9 1846.39 2692.18 2910.4 2350.0
971.47 1379.91 1948.8 2884.98 2959.61 2215.38
399.74 673.07 542.26 4517.06 1526.47 929.09
574.57 869.63 1156.88 3865.58 2110.07 1338.8
527.17 766.2 1122.65 1634.99 1592.52 1083.42
701.76 1035.91 1250.85 3479.1 2485.89 1960.95
804.78 1181.93 1578.24 3579.57 2250.24 1439.6
769.55 1069.04 1371.2 1942.42 2387.63 2163.15
469.32 772.61 725.47 4504.91 1672.86 1021.18
949.4 1335.59 1684.47 2716.39 2970.62 2705.57
948.42 1340.69 1768.97 2550.86 3100.23 2678.22
858.88 1208.22 1666.39 2472.28 2693.39 2114.04
878.76 1238.58 1574.83 2559.56 2840.27 2540.35
413.14 568.67 690.48 1397.23 1284.88 1113.13
702.64 1030.21 1190.34 3254.28 2382.21 1959.44
983.13 1371.32 1750.78 2463.11 3020.16 2789.19
673.99 997.63 1155.7 3542.11 2343.0 1953.14
697.29 965.48 1229.45 1764.83 2152.43 1954.82
236.51 415.07 325.08 3639.18 1124.16 692.18
488.05 759.71 828.9 3798.64 1946.22 1458.37
158.41 184.08 209.18 256.29 293.14 277.86
513.88 698.82 886.95 1263.2 1575.33 1416.35
888.44 1278.81 1806.83 3025.1 3349.67 2397.55
263.88 440.1 442.08 2687.12 1230.1 829.56
808.48 1130.71 1472.39 2130.84 2605.13 2289.02
567.41 775.88 984.91 1379.13 1702.94 1551.57
368.1 633.05 475.44 4568.02 1408.04 811.67
795.8 1101.65 1400.61 1961.84 2400.73 2218.75
666.33 995.67 1205.27 3536.59 2293.68 1749.14
913.67 1291.24 1614.63 2803.34 2882.97 2598.79
655.77 941.24 1196.78 2412.06 2157.25 1760.89
484.23 736.96 889.22 3494.96 1821.26 1250.86
610.61 851.27 1160.22 1709.74 2007.75 1564.05
949.6 1369.4 1882.13 2950.07 2831.47 2043.65
136.33 152.56 169.07 202.1 229.49 215.54
905.85 1327.75 1847.3 3236.18 2820.34 1804.07
975.52 1396.31 1923.62 2846.38 3168.15 2483.96
830.13 1168.96 1543.36 2362.84 2758.64 2319.69
922.49 1337.86 2011.45 3061.34 2808.48 1768.37
919.43 1335.2 1862.43 2937.82 2405.91 1689.06
943.26 1375.66 1905.73 3192.94 2771.02 1865.73
948.8 1343.06 1780.29 2545.72 2982.42 2571.37
800.88 1124.35 1433.06 2430.52 2668.05 2354.26
942.32 1328.85 1752.32 2528.46 3028.73 2616.27
853.92 1233.77 1660.67 3037.13 3095.18 2343.45
577.43 861.11 1120.55 3432.12 2086.36 1406.02
348.71 459.64 570.87 780.63 952.93 872.38
584.31 833.54 1011.38 2456.86 1941.04 1657.17
949.95 1395.78 2022.3 2964.18 2924.01 2057.02
952.36 1356.43 1821.94 2655.29 3179.53 2649.34
870.71 1220.04 1582.1 2379.47 2893.76 2537.05
184.99 254.96 269.59 1406.73 603.98 426.51
525.11 786.78 899.65 2900.65 1929.88 1542.56
882.6 1235.75 1612.85 2346.57 2876.35 2523.51
802.57 1121.39 1431.41 2199.41 2616.93 2330.21
921.69 1314.69 1794.01 2794.38 2602.83 1905.69
354.24 595.47 542.11 4187.24 1592.97 1040.58
858.73 1203.31 1564.38 2223.69 2687.64 2390.69
213.79 264.64 316.36 419.81 505.62 461.91
504.09 701.79 865.11 1732.23 1571.05 1384.25
625.37 863.69 1163.86 1729.66 1799.05 1445.38
939.58 1315.05 1693.79 2425.31 2981.37 2697.2
636.3 906.72 1246.39 1937.33 1626.04 1172.01
925.0 1294.6 1662.27 2395.87 2935.72 2661.91
639.16 948.08 1110.34 3435.62 2283.46 1867.53
971.14 1401.82 2024.87 3097.72 3158.25 2170.41
960.96 1399.41 2020.78 3072.57 3370.43 2342.86
960.52 1392.02 1931.17 3059.16 2820.06 1949.8
975.13 1419.51 2047.5 3109.24 3400.68 2368.88
916.26 1322.17 1836.63 2683.63 2861.0 2226.37
698.99 1045.62 1299.13 3321.59 2613.86 1959.98
306.55 408.49 532.77 791.52 764.96 574.8
455.26 731.62 764.11 3750.92 1926.97 1403.47
765.42 1062.78 1365.24 1970.17 2472.01 2216.41
970.39 1399.6 2016.05 3079.19 3153.77 2185.1
451.22 749.31 728.03 3935.29 1850.12 1332.93
952.97 1370.25 1870.71 2876.5 2583.33 1977.96
750.29 1052.78 1393.78 2139.66 2428.85 2026.37
983.13 1383.37 1774.12 2658.7 3028.81 2724.49
645.88 964.53 1191.95 3113.34 2330.65 1842.62
171.77 203.32 234.16 292.06 337.33 318.56
249.13 385.33 402.84 1946.07 978.81 702.98
840.23 1200.72 1638.7 2358.29 2568.02 2076.52
622.72 852.48 1077.08 1498.7 1828.41 1691.7
277.14 464.01 455.5 3740.47 1446.0 910.13
373.57 495.6 617.94 848.68 1038.2 949.61
656.91 905.77 1158.91 1665.19 2085.19 1871.27
172.41 397.35 223.8 4678.81 1351.95 657.11
754.95 1095.57 1307.57 3245.46 2510.57 2150.31
695.72 988.19 1217.35 2736.95 2279.56 1990.57
212.04 383.1 332.93 3938.16 1284.44 723.58
341.81 449.67 557.81 761.76 929.28 850.97
555.93 764.78 961.92 1458.47 1682.86 1519.76
894.46 1261.43 1588.01 2743.97 2843.99 2559.43
721.02 999.38 1283.02 1859.12 2315.09 2071.85
428.54 763.42 527.56 5097.2 1586.61 921.97
979.79 1394.51 2044.62 3084.97 2931.23 1969.35
475.33 741.49 983.32 2994.02 1997.29 1239.45
421.68 620.21 697.2 2258.77 1458.66 1176.57
114.49 294.34 133.76 4701.43 1116.37 448.63
736.45 1021.21 1309.71 1851.82 2287.85 2069.49
761.79 1054.7 1347.71 1897.86 2287.88 2083.15
424.41 657.3 724.64 3173.74 1774.44 1305.5
445.65 747.56 614.73 4755.13 1641.25 1037.41
271.28 482.11 383.23 4172.37 1301.45 792.59
860.2 1204.6 1545.62 2360.07 2836.06 2526.08
302.85 546.43 418.13 4645.91 1500.29 873.1
485.83 658.78 833.45 1198.42 1477.8 1327.7
697.12 981.56 1307.94 1965.91 2005.24 1584.96
567.0 878.21 1064.24 3862.05 2060.51 1286.34
630.73 919.18 1113.69 3061.12 2261.95 1865.98
206.72 385.04 299.47 4349.05 1092.45 644.55
861.38 1255.5 1520.58 3278.23 2698.14 2266.68
929.88 1325.95 1806.59 2808.65 2641.72 1950.11
696.17 972.78 1356.75 2014.47 2113.63 1597.4
816.36 1223.58 1638.04 3746.93 2967.33 1892.06
358.51 473.82 589.43 807.47 986.56 902.84
958.65 1382.65 2020.89 3076.79 3443.43 2314.88
991.65 1405.41 1882.44 2778.92 3044.0 2467.65
898.25 1301.97 1906.08 3394.47 3051.77 1842.66
967.24 1431.34 2092.48 3064.44 2875.11 1953.72
566.64 829.77 989.44 3328.5 2133.65 1717.52
1002.9 1408.79 1849.12 2646.82 3179.8 2768.53
669.9 1025.93 1332.68 3449.67 2450.91 1750.54
335.13 581.39 503.25 4554.97 1567.91 1028.74
948.69 1344.47 1798.86 2617.79 3111.17 2599.19
685.67 963.65 1301.65 1897.8 2135.52 1722.24
622.44 918.55 1073.11 3223.78 2250.31 1826.43
82.69 214.18 100.47 4361.8 934.21 394.14
977.59 1387.41 1840.62 2729.09 2810.24 2363.45
602.21 888.03 1035.5 3153.4 2160.4 1764.9
722.45 1034.48 1282.91 2973.9 2470.91 2119.43
955.9 1370.61 1869.68 2749.4 3250.99 2623.31
708.82 1062.23 1417.06 3609.31 2502.75 1641.17
246.79 312.27 377.91 501.72 603.41 555.88
899.7 1299.18 1795.04 2814.05 2455.51 1796.71
907.33 1287.84 1818.23 2719.61 2856.73 2134.94
893.31 1340.25 1964.98 3211.8 2719.39 1744.71
511.14 694.86 881.74 1255.5 1565.56 1407.63
730.89 1048.29 1555.33 2358.42 2211.49 1430.92
627.85 937.98 1093.39 3433.48 2304.1 1860.8
813.33 1172.74 1430.09 3050.56 2695.47 2350.02
481.49 808.33 854.13 4252.7 1925.81 1219.2
915.28 1324.08 1970.48 2988.36 2808.28 1828.97
356.36 529.49 587.73 2586.53 1300.96 1014.36
257.63 328.07 399.72 543.02 661.9 601.35
797.22 1178.35 1488.98 3196.69 2644.12 2068.96
941.43 1343.71 1836.65 2709.62 3085.34 2464.64
911.0 1316.66 1831.11 2679.81 2963.8 2342.27
934.23 1309.91 1689.04 2443.04 2966.12 2672.2
134.69 328.85 180.22 4592.96 1265.38 557.15
736.32 1027.95 1362.03 1990.3 2419.37 2030.49
531.93 882.41 800.7 3983.14 1991.08 1460.27
296.25 501.09 479.08 4044.7 1513.58 954.93
170.17 338.4 231.15 4431.59 1000.7 543.26
953.87 1346.57 1858.89 2732.38 2947.71 2325.44
795.7 1106.91 1422.96 2063.84 2581.57 2312.81
625.21 928.84 1103.46 3328.19 2264.58 1811.65
945.72 1350.03 1886.56 2809.36 2979.57 2284.06
834.14 1171.1 1495.94 2431.76 2760.61 2450.01
385.67 577.85 589.46 2276.16 1232.09 915.05
821.36 1172.2 1453.19 2832.42 2707.74 2367.44
514.37 699.54 887.89 1264.6 1577.1 1417.93
208.89 479.75 136.92 4172.37 984.0 427.29
916.0 1306.27 1825.82 2739.55 2928.93 2237.66
752.49 1086.05 1300.64 2986.18 2522.45 2133.99
340.5 547.57 572.48 3669.08 1584.35 1074.08
960.5 1372.07 1881.47 2957.76 3074.62 2382.81
455.21 699.69 772.8 3665.77 1738.2 1347.58
733.49 1122.95 1452.01 3723.93 2452.79 1680.94
887.71 1254.16 1622.22 2879.72 2791.16 2389.62
1006.91 1414.12 1857.02 2658.38 3236.16 2809.83
959.99 1344.64 1720.48 2532.58 2953.81 2678.29
545.43 789.25 934.32 2255.38 1845.82 1553.46
711.85 1036.97 1226.19 3239.08 2372.01 2025.9
977.65 1401.91 1944.55 2964.98 2994.43 2159.98
279.96 477.85 449.82 4019.19 1484.95 919.2
594.91 815.65 1036.98 1454.39 1797.25 1636.97
767.92 1098.54 1361.52 2921.47 2563.3 2226.88
868.92 1212.53 1562.04 2261.06 2840.95 2545.59
755.34 1092.29 1353.85 2815.0 2582.87 2224.82
151.58 189.45 221.28 600.04 372.14 265.8
965.28 1356.51 1760.97 2615.14 2887.22 2521.6
797.16 1157.55 1435.57 2981.58 2658.15 2237.29
815.26 1182.57 1545.43 3195.27 2688.72 2190.22
103.45 257.41 115.81 4539.95 1072.32 428.64
960.29 1338.43 1708.07 2401.98 2944.62 2719.62
417.33 653.77 693.16 3873.42 1621.17 1228.31
501.49 761.15 850.46 3683.38 1832.43 1461.56
782.27 1162.08 1563.16 3454.61 2861.91 2095.34
348.91 604.41 607.55 3783.07 1690.44 1149.62
746.84 1032.86 1318.09 1853.62 2238.5 2042.63
304.5 529.33 492.03 4175.24 1546.28 969.07
893.18 1254.37 1694.1 2553.44 2823.64 2300.63
518.98 739.89 1074.37 1633.67 1662.39 1087.56
149.38 336.56 200.0 4583.43 1197.82 546.9
966.77 1361.84 1747.29 2671.05 2991.98 2685.37
606.21 902.72 1083.32 2974.41 2277.14 1852.24
157.16 368.49 153.25 4728.93 1061.22 477.48
756.79 1073.25 1329.4 2664.2 2446.71 2157.9
1007.27 1413.64 1850.44 2643.9 3221.23 2817.01
759.88 1073.12 1341.17 2398.91 2450.07 2167.0
917.12 1336.79 1878.78 2989.96 2348.43 1587.99
436.22 586.47 739.3 1044.96 1298.52 1169.37
946.02 1353.47 1907.65 2853.88 2978.3 2236.04
548.39 763.98 952.69 1809.46 1738.05 1531.6
708.47 993.52 1357.16 2005.72 2441.38 1907.48
1006.32 1406.88 1805.48 2562.99 3116.88 2845.38
721.93 1075.36 1489.95 3712.96 2924.51 1876.38
407.72 665.35 654.11 4131.13 1700.13 1146.48
827.46 1205.22 1635.85 3030.93 2671.16 2058.88
941.24 1366.07 1958.48 2978.53 3304.25 2338.44
144.36 289.08 198.5 4483.85 1104.5 548.21
863.82 1232.15 1746.25 2592.64 2665.79 1980.56
614.02 839.96 1060.82 1475.42 1799.65 1665.21
893.19 1275.09 1721.89 2633.28 2604.74 2070.89
517.56 760.97 879.08 2609.8 1751.96 1430.49
839.51 1164.56 1482.31 2078.79 2545.25 2351.84
1004.16 1402.3 1790.62 2534.01 3091.92 2852.42
546.13 792.19 889.69 2572.93 1712.85 1419.52
321.81 543.85 584.29 4100.33 1414.79 878.7
732.87 1019.67 1332.85 1904.93 2341.11 2029.01
746.7 1062.95 1524.67 2298.85 2596.49 1807.66
890.76 1273.43 1724.95 2646.98 2574.3 2025.91
573.0 784.37 999.37 1429.37 1786.09 1604.4
941.04 1318.69 1724.26 2489.52 2957.99 2601.03
1007.75 1411.69 1830.53 2612.86 3176.93 2837.6
506.38 761.56 885.22 3131.23 1857.01 1412.19
172.07 204.27 237.03 302.55 356.9 329.22
390.1 519.49 649.22 893.9 1094.86 1000.92
826.64 1150.74 1475.7 2088.55 2591.94 2356.63
201.19 245.66 289.14 370.75 434.58 408.11
277.65 360.53 482.41 715.72 679.34 497.7
667.56 1024.17 1066.89 3899.06 2231.71 1746.64
398.51 529.72 657.98 898.75 1087.04 1008.97
638.85 933.72 1199.79 3135.64 2375.67 1813.03
237.76 298.31 357.51 468.62 555.52 519.49
948.82 1336.57 1745.67 2537.1 2962.56 2575.54
820.68 1142.75 1470.0 2087.29 2560.31 2313.48
354.36 552.93 494.64 2654.01 1149.12 808.34
325.0 470.92 485.3 1499.25 953.56 783.73
189.12 228.95 269.46 350.48 417.7 383.46
904.5 1271.78 1723.51 2543.04 2882.83 2355.02
319.19 416.96 514.99 699.86 851.71 780.72
113.93 120.14 126.37 138.11 147.76 143.25
958.05 1352.14 1724.74 2771.46 2986.95 2639.96
954.61 1364.34 1934.21 2868.15 2918.78 2173.08
705.9 995.58 1336.96 1936.05 2191.43 1811.0
526.23 789.88 885.61 3034.79 1865.99 1503.64
852.43 1190.61 1541.11 2261.03 2786.94 2464.13
517.78 770.68 1021.45 2621.28 1750.0 1211.2
144.02 285.21 194.04 3209.03 965.76 476.06
86.38 191.01 93.06 3292.57 784.27 309.35
306.52 407.32 532.2 741.78 809.6 660.5
459.97 689.25 707.43 2841.36 1467.64 1134.55
818.96 1154.86 1532.41 2186.94 2537.94 2172.76
447.45 629.79 719.42 1670.62 1304.71 1126.51
331.6 525.59 618.74 3116.46 1314.76 729.36
962.03 1380.49 1976.36 2973.58 3376.77 2396.64
270.66 346.93 424.5 579.65 708.36 642.8
954.1 1365.14 1881.74 2854.41 2960.63 2191.16
960.14 1390.03 1944.86 2816.55 2965.67 2285.11
976.72 1458.75 2185.62 3212.76 2941.16 1866.3
234.83 295.07 356.36 478.93 580.61 528.82
890.4 1249.9 1678.95 2527.88 2827.6 2329.49
740.35 1057.77 1344.34 2754.93 2545.19 2129.16
287.87 371.82 457.21 628.0 769.68 697.52
565.43 773.42 984.98 1408.1 1759.12 1580.33
923.6 1322.55 1888.1 2813.88 2863.12 2095.79
772.74 1068.44 1357.5 1900.12 2324.46 2148.52
841.58 1202.23 1616.4 2534.93 2518.68 1940.63
900.94 1275.46 1618.02 2831.06 2817.64 2492.24
320.11 510.4 507.8 3155.21 1268.93 864.33
898.31 1261.81 1669.52 2444.39 3034.48 2573.24
982.61 1403.15 1922.55 2899.08 3011.99 2268.95
828.3 1153.94 1486.1 2149.47 2695.54 2412.95
962.0 1398.0 2014.0 3173.0 2939.0 1816.0
69.0 191.5 59.0 4653.5 930.0 346.0
134.0 394.5 95.5 5146.0 1087.0 409.5
969.0 1403.0 2079.0 3181.0 3518.0 2279.0
155.0 368.0 123.0 5163.0 1156.0 447.0
89.8 263.8 87.2 4769.8 1060.5 381.0
971.0 1390.0 2115.5 3245.0 2879.5 1707.0
122.0 299.0 89.0 4632.0 914.0 354.0
72.0 203.8 71.8 4231.5 957.5 341.5
907.5 1325.5 2047.5 3151.5 2757.0 1579.5
948.0 1357.0 1978.0 3155.0 2462.0 1531.0
56.8 180.8 53.0 4412.8 873.5 325.0
119.5 322.5 80.5 4825.8 970.8 371.8
948.0 1376.0 2046.0 3146.0 2970.0 1921.0
911.0 1341.0 1922.0 3127.8 2196.5 1320.8
985.0 1493.5 2276.8 3372.5 3183.8 2033.8
76.2 218.5 55.5 4643.8 764.8 282.8
962.5 1390.0 1954.5 3151.5 2480.0 1527.0
959.5 1435.2 2145.2 3160.2 2832.8 1787.8
88.5 243.0 63.5 4918.0 903.5 321.0
978.0 1422.0 2105.0 3266.0 3199.0 2037.0
79.2 209.2 66.0 4931.0 970.2 374.0
222.2 574.0 104.8 5481.0 1198.8 463.2
992.0 1434.0 2127.0 3253.0 3849.0 2515.0
980.5 1432.2 2016.0 3245.2 2807.8 1800.2
966.0 1422.0 2112.0 3259.5 3477.0 2237.5
109.2 304.0 68.8 5231.2 1052.0 412.0
978.0 1434.0 2220.0 3640.0 4073.0 2397.0
81.5 229.5 75.0 4588.5 1023.0 369.5
937.0 1353.0 2081.0 3198.0 2826.0 1629.0
924.0 1316.0 1970.0 3207.0 2671.0 1584.0
102.5 315.2 89.5 4914.0 1200.8 467.0
980.0 1467.0 2194.0 3388.8 3736.5 2446.5
955.0 1376.0 2056.0 3368.0 3193.0 1885.0
977.5 1462.0 2197.0 3231.5 2940.0 1846.5
939.0 1381.8 2053.5 3176.2 3230.8 2074.0
265.0 540.0 222.0 5608.0 1151.0 427.0
83.0 265.0 84.5 4714.5 1156.5 420.5
245.0 494.0 207.0 5231.5 1090.0 397.0
304.0 635.0 236.5 5868.5 1229.5 464.5
138.0 335.0 114.0 4964.0 1063.0 407.0
53.8 244.8 74.8 4340.2 1057.2 381.2
881.0 1230.0 1585.0 2295.0 2884.0 2584.0
943.0 1319.0 1696.0 2407.0 2991.0 2718.0
1010.0 1410.0 1801.0 2535.0 3109.0 2871.0
100.0 100.0 100.0 100.0 100.0 100.0
