0.9022
0.7295
0.3682
0.3537
0.5828
0.446
0.6084
0.9546
0.3852
0.5741
0.2845
0.8294
0.0227
0.1865
0.7448
0.0294
0.5127
0.7587
0.1018
0.36
0.3343
0.4708
0.6264
0.9432
0.2906
0.4679
0.4503
0.5613
0.7614
0.7896
0.9908
0.3641
0.6685
0.5468
0.2561
0.3052
0.3447
0.6455
0.447
0.8339
0.7967
0.6956
0.1059
0.0446
0.8295
0.043
0.3981
0.6053
0.4359
0.8422
0.883
0.3335
0.0325
0.1547
0.3932
0.7308
0.2048
0.5001
0.408
0.0784
0.4507
0.2532
0.0364
0.5574
0.4109
0.16
0.9788
0.5094
0.7586
0.6864
0.1635
0.6739
0.3744
0.1366
0.2839
0.6306
0.8705
0.5993
0.0607
0.0649
0.7109
0.1274
0.513
0.6043
0.9488
0.9971
0.7042
0.3163
0.6192
0.3592
0.9307
0.4973
0.3177
0.8099
0.3316
0.3039
0.4431
0.7762
0.8105
0.9331
0.3021
0.6289
0.415
0.6169
0.2232
0.0722
0.7817
0.034
0.2248
0.4871
0.9091
0.4879
0.4372
0.6004
0.085
0.5102
0.3416
0.9462
0.3659
0.6308
0.4962
0.2653
0.8702
0.7493
0.0375
0.0154
0.7523
0.1158
0.7464
0.6272
0.0321
0.9926
0.6453
0.8821
0.664
0.8343
0.6173
0.4924
0.5406
0.0775
0.5645
0.7375
0.8108
0.6123
0.2084
0.2903
0.2599
0.4506
0.7431
0.316
0.0139
0.732
0.8853
0.6961
0.7887
0.7358
0.6535
0.09
0.0219
0.7305
0.7787
0.3879
0.8069
0.0636
0.8189
0.6565
0.9916
0.1003
0.113
0.5666
0.4311
0.5635
0.2486
0.1977
0.0815
0.5314
0.9929
0.0378
0.5975
0.8978
0.3187
0.0968
0.2973
0.125
0.286
0.6973
0.74
0.1167
0.8215
0.6793
0.655
0.5935
0.3744
0.6324
0.5284
0.0616
0.0786
0.592
0.401
0.2074
0.5613
0.8392
0.4974
0.3558
0.8023
0.9403
0.7589
0.0619
0.6442
0.871
0.1555
0.7152
0.0901
0.9283
0.9052
0.0066
0.5801
0.889
0.6656
0.6039
0.6992
0.5222
0.676
0.4303
0.2391
0.9808
0.763
0.0997
0.0989
0.9165
0.7883
0.4463
0.9415
0.3389
0.6176
0.143
0.9716
0.1801
0.4343
0.0757
0.2329
0.3622
0.8496
0.1847
0.981
0.9473
0.592
0.6184
0.4879
0.2305
0.9959
0.1614
0.9877
0.1411
0.2056
0.2022
0.5988
0.9065
0.2505
0.3447
0.4286
0.3268
0.3242
0.9945
0.8032
0.389
0.762
0.7354
0.4465
0.0815
0.4891
0.4609
0.2276
0.3132
0.6881
0.9402
0.9634
0.8802
0.0783
0.8318
0.6273
0.564
0.1099
0.654
0.9171
0.4658
0.1279
0.6801
0.6636
0.9849
0.9345
0.9743
0.0399
0.398
0.5429
0.5299
0.8365
0.8483
0.2907
0.2429
0.9219
0.5386
0.4966
0.9047
0.9848
0.7063
0.2071
0.8232
0.7482
0.1869
0.7041
0.8063
0.1824
0.1557
0.3742
0.7919
0.1051
0.5255
0.2853
0.421
0.3468
0.946
0.0292
0.7519
0.2317
0.3248
0.5895
0.7787
0.122
0.2389
0.9023
0.7773
0.9393
0.9383
0.6635
0.8613
0.4196
0.9195
0.7467
0.4367
0.7603
0.5585
0.9296
0.9444
0.6515
0.244
0.563
0.5259
0.3675
0.2469
0.0474
0.2672
0.9281
0.4626
0.2808
0.9712
0.1424
0.4712
0.2186
0.7384
0.228
0.6878
0.4719
0.2717
0.3018
0.8313
0.7794
0.3202
0.8989
0.1401
0.5402
0.0797
0.0363
0.1567
0.394
0.3689
0.2515
0.7786
0.4576
0.2276
0.8896
0.6958
0.3372
0.5892
0.6885
0.0531
0.6436
0.1054
0.8337
0.2831
0.9829
0.4087
0.4371
0.2651
0.7033
0.2158
0.8061
0.9089
0.4581
0.0717
0.7281
0.7795
0.4336
0.7975
0.9163
0.8171
0.791
0.0883
0.1665
0.5155
0.9672
0.3668
0.9334
0.6033
0.5587
0.2667
0.1263
0.3588
0.2147
0.3323
0.0891
0.1181
0.8029
0.4157
0.7883
0.4361
0.7237
0.6886
0.496
0.8259
0.1312
0.7218
0.291
0.225
0.3107
0.7482
0.9531
0.5571
0.4046
0.2737
0.3174
0.2104
0.3459
0.7147
0.3744
0.455
0.5149
0.0724
0.0493
0.4599
0.9965
0.1267
0.0851
0.1948
0.6884
0.0116
0.1444
0.2876
0.9081
0.9769
0.1519
0.9864
0.4145
0.4885
0.5196
0.4379
0.8705
0.4852
0.2371
0.0284
0.1865
0.2586
0.1239
0.0195
0.0599
0.9191
0.455
0.8736
0.0279
0.6288
0.5131
0.0676
0.6966
0.5706
0.6212
0.8762
0.1063
0.4045
0.526
0.5873
0.0074
0.8502
0.5783
0.391
0.7551
0.3465
0.8909
0.2958
0.917
0.016
0.9086
0.0094
0.2639
0.8951
0.837
0.8676
0.9244
0.5162
0.8729
0.0401
0.8859
0.3972
0.9809
0.4807
0.76
0.854
0.2246
0.6165
0.4035
0.1028
0.7944
0.7735
0.715
0.836
0.8357
0.5859
0.6009
0.281
0.615
0.632
0.2432
0.9812
0.744
0.0017
0.0989
0.57
0.4201
0.9151
0.8316
0.5301
0.2692
0.6677
0.6271
0.3654
0.5795
0.4284
0.9749
0.4051
0.6384
0.5213
0.4085
0.2509
0.5329
0.507
0.7787
0.9922
0.5478
0.0061
0.4665
0.147
0.1024
0.8711
0.828
0.1665
0.9476
0.2716
0.1861
0.3291
0.8947
0.4345
0.8251
0.3563
0.5499
0.4108
0.4563
0.7659
0.2065
0.7344
0.6779
0.6305
0.9439
0.4121
0.88
0.8213
0.8611
0.2466
0.4333
0.3376
0.22
0.2489
0.4156
0.105
0.7078
0.3226
0.9588
0.7681
0.318
0.7019
0.6419
0.3512
0.1557
0.6097
0.2819
0.5932
0.4643
0.6359
0.6264
0.1462
0.3817
0.0988
0.9413
0.1154
0.177
0.3553
0.3724
0.853
0.8235
0.2064
0.9474
0.5898
0.1944
0.0273
0.7306
0.1069
0.7642
0.5342
0.7546
0.5142
0.1513
0.3987
0.4081
0.9661
0.4026
0.7749
0.8612
0.7078
0.913
0.7832
0.422
0.4769
0.9094
0.885
0.5614
0.8195
0.3856
0.0956
0.6432
0.0388
0.2392
0.5114
0.3754
0.8361
0.6508
0.3431
0.6921
0.0447
0.3287
0.6018
0.1022
0.6094
0.3243
0.0077
0.0424
0.5499
0.0294
0.471
0.9885
0.3163
0.3005
0.8792
0.9476
0.175
0.3178
0.7973
0.0074
0.4601
0.2985
0.1848
0.573
0.2781
0.3732
0.9294
0.4911
0.1044
0.7635
0.2834
0.1126
0.2477
0.0967
0.4525
0.3031
0.4945
0.1649
0.4747
0.1524
0.0819
0.9155
0.3017
0.2176
0.114
0.3838
0.9312
0.5039
0.8921
0.7017
0.7612
0.5797
0.7923
0.1692
0.6649
0.6196
0.9856
0.7827
0.5616
0.305
0.0079
0.5221
0.9507
0.3816
0.9452
0.5246
0.9467
0.0786
0.6241
0.8183
0.4648
0.2303
0.9397
0.4079
0.7236
0.6457
0.1729
0.6045
0.9131
0.2655
0.4319
0.7997
0.1537
0.0801
0.6635
0.3636
0.9997
0.3552
0.9106
0.6514
0.3815
0.8698
0.1823
0.0739
0.6401
0.0199
0.6466
0.1284
0.9207
0.0311
0.4976
0.0556
0.3431
0.9795
0.7804
0.9194
0.5275
0.3453
0.7281
0.4228
0.6999
0.3395
0.8868
0.7264
0.4981
0.5637
0.9704
0.1281
0.6959
0.1824
0.0426
0.7267
0.7314
0.8458
0.6006
0.1193
0.6608
0.2607
0.7359
0.6091
0.8937
0.2208
0.1761
0.4477
0.7803
0.237
0.0938
0.5137
0.6835
0.3108
0.8006
0.2898
0.6905
0.7833
0.5656
0.6439
0.7404
0.8698
0.8832
0.0525
0.3167
0.8757
0.3205
0.8174
0.1585
0.3477
0.7204
0.3802
0.2296
0.0388
0.3693
0.9359
0.3012
0.0449
0.7852
0.8381
0.4421
0.9046
0.2005
0.2648
0.705
0.0784
0.2137
0.8106
0.8769
0.7462
0.6109
0.4656
0.3416
0.5584
0.0426
0.4607
0.7942
0.2151
0.1014
0.6963
0.3206
0.2372
0.7724
0.0381
0.7061
0.2393
0.9666
0.0076
0.7295
0.8457
0.4315
0.1365
0.829
0.6852
0.0752
0.2955
0.1397
0.0005
0.5672
0.8857
0.7711
0.4487
0.0658
0.4977
0.71
0.4082
0.9505
0.0088
0.1892
0.1941
0.6486
0.7317
0.5798
0.2652
0.9503
0.9507
0.077
0.0063
0.1381
0.4
0.3817
0.7232
0.3127
0.1132
0.7834
0.5788
0.0865
0.6473
0.4712
0.9697
0.2673
0.6001
0.5972
0.3032
0.2915
0.4138
0.8467
0.8704
0.7818
0.9118
0.2335
0.845
0.6659
0.5897
0.6522
0.4254
0.5357
0.594
0.0279
0.4804
0.9605
0.0879
0.1546
0.3854
0.7574
0.8942
0.559
0.9878
0.4984
0.1806
0.5101
0.7669
0.8025
0.0522
0.2803
0.4754
0.1043
0.858
0.4494
0.3798
0.4326
0.1186
0.1208
0.1359
0.8959
0.3077
0.4859
0.8761
0.6381
0.0824
0.8527
0.6346
0.9549
0.3311
0.2896
0.4336
0.2254
0.0807
0.0805
0.4134
0.6699
0.3714
0.0222
0.4116
0.6604
0.9308
0.6366
0.0335
0.051
0.7062
0.9485
0.2959
0.0157
0.3381
0.288
0.4837
0.0193
0.6894
0.8418
0.7084
0.0388
0.7501
0.7405
0.195
0.9246
0.3945
0.9947
0.3247
0.4473
0.098
0.9566
0.5187
0.545
0.9976
0.4131
0.5269
0.3477
0.8046
0.7691
0.4396
0.9941
0.2994
0.6994
0.422
0.7175
0.9272
0.6541
0.2521
0.752
0.0
1.0
1.0
0.0
1.0
1.0
0.0
1.0
1.0
0.0
0.0
1.0
1.0
0.0
0.0
0.0
1.0
0.0
0.0
1.0
0.0
1.0
1.0
0.0
0.0
0.0
1.0
0.0
1.0
0.0
0.0
1.0
0.0
0.0
0.0
0.0
1.0
1.0
1.0
1.0
1.0
1.0
0.0
0.0
0.0
0.0
