0.2035
0.2461
0.0275
0.6607
0.6461
0.0004
0.5747
0.9312
0.3943
0.1239
0.8454
0.8461
0.7331
0.4671
0.8347
0.0624
0.851
0.9298
0.1782
0.815
0.562
0.1396
0.8801
0.4449
0.3833
0.7768
0.0572
0.2193
0.8861
0.1752
0.9229
0.7315
0.8894
0.0296
0.8582
0.0367
0.7912
0.9062
0.1758
0.6433
0.1739
0.5895
0.1793
0.9581
0.9687
0.7873
0.2327
0.1516
0.3754
0.8114
0.232
0.803
0.8399
0.9958
0.2613
0.6871
0.2271
0.4312
0.93
0.699
0.0836
0.7834
0.0851
0.8183
0.721
0.5814
0.6051
0.768
0.3286
0.5932
0.1622
0.492
0.0549
0.2713
0.5127
0.2209
0.0285
0.3741
0.1828
0.9335
0.5405
0.6629
0.7798
0.962
0.8606
0.5868
0.7918
0.8524
0.7258
0.982
0.3306
0.3121
0.5121
0.2431
0.4874
0.1969
0.8861
0.8897
0.268
0.8086
0.8306
0.0901
0.0929
0.7969
0.4067
0.7702
0.1752
0.4514
0.0353
0.9216
0.8264
0.8415
0.2348
0.5567
0.9245
0.1616
0.9019
0.9711
0.3074
0.6992
0.0573
0.9149
0.6166
0.0175
0.9396
0.583
0.7123
0.8258
0.2322
0.6077
0.2059
0.4208
0.1429
0.7722
0.9057
0.2593
0.1456
0.2722
0.1859
0.8471
0.3789
0.2786
0.8601
0.2427
0.9331
0.5899
0.6081
0.6125
0.2947
0.2621
0.0103
0.0284
0.4557
0.847
0.2043
0.0323
0.2539
0.2758
0.9055
0.029
0.244
0.8337
0.45
0.7787
0.9024
0.1305
0.3074
0.9134
0.4806
0.9317
0.8955
0.1918
0.1077
0.1326
0.7254
0.4599
0.3409
0.7953
0.2635
0.217
0.1627
0.9026
0.2013
0.4958
0.6875
0.6635
0.3092
0.3179
0.7323
0.677
0.6961
0.223
0.3451
0.0544
0.8967
0.9475
0.2824
0.9234
0.301
0.511
0.9893
0.0205
0.9942
0.3334
0.8065
0.8964
0.1695
0.2637
0.6649
0.6592
0.1421
0.8926
0.8622
0.8998
0.0403
0.2138
0.1375
0.5574
0.5107
0.2829
0.1666
0.2101
0.55
0.4238
0.5178
0.6171
0.6693
0.4659
0.171
0.7749
0.5032
0.864
0.8157
0.4254
0.8812
0.697
0.8765
0.6983
0.2171
0.6731
0.7244
0.8034
0.4174
0.2916
0.9417
0.0032
0.3807
0.0763
0.9877
0.7427
0.2601
0.9534
0.5127
0.5223
0.1837
0.504
0.7186
0.9119
0.9595
0.5151
0.037
0.5789
0.6694
0.4549
0.2056
0.9037
0.8788
0.8367
0.8152
0.1448
0.2807
0.1219
0.9156
0.9755
0.5145
0.1911
0.7706
0.1965
0.4668
0.6765
0.2777
0.9537
0.1575
0.1763
0.4656
0.8638
0.4969
0.3999
0.619
0.3672
0.1028
0.8226
0.1834
0.3798
0.2062
0.8723
0.5631
0.2942
0.3681
0.1004
0.9903
0.1243
0.3723
0.6025
0.231
0.0063
0.8331
0.6381
0.3885
0.1481
0.494
0.6088
0.599
0.1425
0.6326
0.693
0.6985
0.1557
0.9185
0.5224
0.2342
0.5416
0.9097
0.9957
0.6803
0.4897
0.8593
0.1805
0.3211
0.3412
0.0736
0.2309
0.741
0.725
0.0609
0.6934
0.4994
0.0937
0.6853
0.4929
0.5381
0.6598
0.2761
0.1327
0.6928
0.9917
0.9565
0.1215
0.3732
0.7427
0.8411
0.0379
0.1025
0.6281
0.1719
0.189
0.4162
0.0661
0.9323
0.3605
0.5251
0.9935
0.3781
0.2505
0.1301
0.7778
0.0556
0.3705
0.4686
0.7012
0.6395
0.3277
0.6663
0.837
0.6953
0.8875
0.0763
0.875
0.0663
0.2641
0.3292
0.0423
0.4707
0.0188
0.054
0.0934
0.6721
0.9819
0.606
0.8829
0.8471
0.4641
0.7849
0.222
0.9337
0.657
0.5158
0.5624
0.9202
0.5423
0.2013
0.0187
0.2785
0.1347
0.9557
0.6929
0.1901
0.6591
0.722
0.9064
0.4178
0.1557
0.0645
0.9146
0.3314
0.5661
0.8407
0.3811
0.1367
0.5558
0.7914
0.9339
0.6176
0.0449
0.8846
0.2363
0.8356
0.3308
0.7723
0.3977
0.3223
0.0392
0.1687
0.3963
0.39
0.1974
0.2576
0.0931
0.7542
0.517
0.7308
0.4529
0.0724
0.3368
0.7039
0.863
0.7738
0.5228
0.062
0.5851
0.0109
0.4413
0.8962
0.5584
0.4906
0.851
0.467
0.0353
0.4739
0.4856
0.6707
0.133
0.7289
0.1397
0.7013
0.317
0.3572
0.5442
0.3425
0.0931
0.9816
0.1738
0.1091
0.0497
0.3141
0.9489
0.4516
0.1876
0.4031
0.3727
0.6868
0.609
0.8947
0.8296
0.1975
0.3021
0.5351
0.8242
0.1174
0.7125
0.7969
0.5494
0.5646
0.5226
0.8403
0.718
0.8668
0.8738
0.9104
0.0055
0.7687
0.5895
0.7632
0.9373
0.3056
0.3303
0.0429
0.3531
0.6209
0.8007
0.7343
0.2676
0.9526
0.0192
0.4755
0.0798
0.1096
0.9693
0.0123
0.4583
0.0013
0.1406
0.7873
0.5516
0.2999
0.0775
0.0792
0.8112
0.3236
0.4847
0.5815
0.354
0.865
0.8605
0.8506
0.7123
0.1567
0.3138
0.3013
0.5758
0.485
0.4598
0.976
0.5792
0.6214
0.3243
0.4064
0.9867
0.4826
0.3254
0.1957
0.524
0.1724
0.7349
0.4797
0.87
0.6073
0.2992
0.9491
0.6744
0.5741
0.3596
0.1906
0.3907
0.8909
0.6187
0.2591
0.2562
0.7898
0.1451
0.2082
0.2882
0.4768
0.9405
0.6904
0.4484
0.55
0.1462
0.869
0.0374
0.0935
0.5403
0.2236
0.0073
0.0581
0.1496
0.4494
0.4972
0.6541
0.4874
0.9353
0.8506
0.4118
0.9286
0.6821
0.515
0.7846
0.9685
0.0436
0.263
0.0417
0.5468
0.0735
0.413
0.9852
0.5589
0.3385
0.9147
0.8162
0.808
0.7017
0.6001
0.7505
0.5255
0.9153
0.439
0.336
0.1619
0.1913
0.1975
0.9041
0.1514
0.7055
0.3776
0.2934
0.3318
0.0144
0.9206
0.9426
0.958
0.6115
0.6444
0.7663
0.2174
0.8205
0.3399
0.0597
0.9408
0.9466
0.5469
0.3767
0.2672
0.5312
0.734
0.9216
0.0628
0.5257
0.339
0.648
0.1835
0.4919
0.081
0.9406
0.7816
0.3598
0.8604
0.7558
0.181
0.5587
0.976
0.6576
0.0874
0.3859
0.5912
0.1137
0.4668
0.5673
0.1083
0.6591
0.0441
0.1655
0.5228
0.9452
0.1839
0.7718
0.6517
0.9082
0.332
0.9427
0.3024
0.2274
0.0386
0.4283
0.7182
0.7196
0.394
0.6907
0.3295
0.3796
0.8513
0.6984
0.1805
0.8365
0.5574
0.9052
0.0286
0.3539
0.7592
0.4296
0.6917
0.974
0.6048
0.2764
0.7548
0.3842
0.8512
0.7841
0.0753
0.5613
0.2235
0.3726
0.992
0.7561
0.842
0.7856
0.0144
0.4942
0.0953
0.1788
0.5244
0.4244
0.1366
0.163
0.389
0.5479
0.1322
0.4668
0.3897
0.3137
0.3057
0.5187
0.82
0.7325
0.201
0.5085
0.2356
0.0599
0.8072
0.507
0.3668
0.303
0.6952
0.8211
0.2478
0.9246
0.7459
0.166
0.9126
0.0413
0.16
0.665
0.8666
0.9139
0.0279
0.8171
0.8207
0.8521
0.7391
0.7697
0.6131
0.405
0.8417
0.6379
0.6039
0.0078
0.2749
0.2139
0.4453
0.3198
0.8161
0.9419
0.2731
0.2149
0.4367
0.919
0.2139
0.2573
0.9355
0.2729
0.2647
0.8725
0.5489
0.0822
0.7866
0.404
0.6633
0.7659
0.9203
0.6105
0.733
0.8557
0.6355
0.2521
0.9748
0.1557
0.1234
0.0301
0.9238
0.0725
0.8408
0.3109
0.9616
0.4055
0.8983
0.1507
0.7841
0.3241
0.4401
0.0625
0.7646
0.0613
0.2173
0.7887
0.3782
0.6189
0.7494
0.4537
0.2103
0.7085
0.2743
0.6998
0.1223
0.8201
0.133
0.0619
0.2225
0.6884
0.5043
0.5697
0.4353
0.174
0.3071
0.3622
0.5495
0.1988
0.5381
0.0288
0.4231
0.007
0.8839
0.4047
0.0727
0.8591
0.832
0.6115
0.7988
0.2164
0.2694
0.3892
0.114
0.1742
0.637
0.6363
0.6791
0.4116
0.7601
0.6733
0.5776
0.1671
0.1149
0.0125
0.953
0.3903
0.0825
0.5768
0.4669
0.1005
0.7175
0.469
0.2177
0.1826
0.7921
0.8571
0.8279
0.9886
0.4403
0.1798
0.8376
0.236
0.0506
0.3222
0.3473
0.9176
0.6236
0.9627
0.5914
0.1367
0.0232
0.427
0.2013
0.9974
0.7296
0.687
0.6191
0.79
0.5207
0.1855
0.4317
0.7634
0.2116
0.1128
0.7012
0.3306
0.8124
0.1886
0.0805
0.3888
0.0211
0.7082
0.7211
0.778
0.9122
0.5831
0.1164
0.2476
0.4932
0.1574
0.1441
0.9026
0.4741
0.3468
0.3447
0.3618
0.9227
0.4488
0.3908
0.6429
0.2614
0.6289
0.2112
0.2689
0.5179
0.673
0.5278
0.7462
0.7964
0.602
0.3038
0.7053
0.0106
0.5539
0.9128
0.1071
0.4128
0.304
0.5028
0.496
0.8236
0.3459
0.7838
0.1564
0.5831
0.6294
0.5319
0.8792
0.3511
0.5143
0.5001
0.7451
0.0746
0.7254
0.9863
0.7513
0.8618
0.2576
0.396
0.2354
0.6583
0.5268
0.2967
0.7267
0.0926
0.0575
0.6617
0.799
0.7417
0.316
0.645
0.8362
0.9885
0.955
0.4514
0.5811
0.7022
0.2904
0.0404
0.8658
0.0251
0.3044
0.3965
0.2008
0.5775
0.2663
0.6094
0.2317
0.9232
0.8467
0.0567
0.9364
0.9958
1.0
0.0
0.0
1.0
0.0
0.0
1.0
0.0
0.0
1.0
1.0
0.0
0.0
1.0
1.0
1.0
0.0
1.0
1.0
0.0
1.0
0.0
0.0
1.0
1.0
1.0
0.0
1.0
0.0
1.0
1.0
0.0
1.0
1.0
1.0
1.0
0.0
0.0
0.0
0.0
0.0
0.0
0.0
0.0
0.0
0.0
