0.4372
0.9686
0.6899
0.8512
0.9358
0.7537
0.0648
0.3509
0.5466
0.98
0.5578
0.7636
0.5419
0.6125
0.8392
0.7
0.299
0.8191
0.6246
0.2972
0.7332
0.6072
0.045
0.5687
0.9265
0.6735
0.0183
0.5433
0.9898
0.6574
0.9137
0.2329
0.4371
0.2957
0.3753
0.0117
0.6708
0.6341
0.0596
0.5005
0.0381
0.9799
0.2088
0.0347
0.2149
0.1111
0.7104
0.3399
0.4398
0.1431
0.8663
0.9811
0.3767
0.8263
0.7767
0.983
0.9375
0.7389
0.47
0.4586
0.0163
0.7891
0.534
0.9371
0.5327
0.0801
0.7159
0.0823
0.5091
0.3957
0.8136
0.2253
0.9007
0.0613
0.2092
0.6755
0.9803
0.2426
0.6352
0.28
0.4935
0.2739
0.033
0.1388
0.0727
0.0543
0.8009
0.4359
0.5153
0.8332
0.9373
0.2987
0.3139
0.9741
0.881
0.7661
0.6498
0.1081
0.943
0.5028
0.2594
0.9815
0.2493
0.4476
0.0149
0.1609
0.6816
0.3484
0.3367
0.7813
0.0666
0.7775
0.441
0.7729
0.9741
0.4123
0.0324
0.1784
0.2504
0.9617
0.8265
0.5338
0.0624
0.8995
0.3661
0.7796
0.0128
0.9208
0.0024
0.9982
0.963
0.792
0.3872
0.2754
0.8296
0.1424
0.737
0.017
0.1764
0.771
0.238
0.5861
0.6462
0.857
0.7403
0.1353
0.9286
0.0076
0.6284
0.8393
0.0934
0.957
0.0546
0.2616
0.2012
0.6036
0.7138
0.6463
0.1645
0.2087
0.8748
0.6192
0.7375
0.0776
0.1814
0.3142
0.3086
0.509
0.7197
0.3065
0.5612
0.7732
0.3728
0.2172
0.4555
0.9785
0.1566
0.4438
0.2255
0.8542
0.347
0.0507
0.9046
0.5823
0.9398
0.8387
0.2779
0.8747
0.4126
0.6816
0.64
0.118
0.438
0.3575
0.7425
0.6997
0.8861
0.2905
0.5586
0.039
0.3157
0.6518
0.6841
0.556
0.8543
0.8568
0.263
0.1819
0.2448
0.587
0.0303
0.0327
0.4563
0.3708
0.4437
0.7117
0.7793
0.3684
0.9776
0.9939
0.6227
0.1382
0.0472
0.9757
0.3273
0.2119
0.7889
0.2632
0.2518
0.5926
0.0922
0.4626
0.7997
0.0858
0.6242
0.7057
0.0414
0.6977
0.9032
0.1692
0.9756
0.3089
0.6801
0.9118
0.4164
0.4634
0.5494
0.044
0.332
0.5232
0.6944
0.887
0.2662
0.0751
0.3581
0.9575
0.0702
0.862
0.6175
0.5407
0.1045
0.832
0.4362
0.0475
0.9881
0.1871
0.8408
0.2041
0.6693
0.4637
0.2357
0.5832
0.797
0.3444
0.4689
0.304
0.1579
0.9776
0.0527
0.4911
0.7178
0.1459
0.9139
0.8348
0.5237
0.0826
0.4309
0.0307
0.5514
0.6425
0.2115
0.5021
0.2994
0.7183
0.1515
0.1616
0.1208
0.0628
0.9236
0.3633
0.3063
0.3435
0.1589
0.2818
0.3855
0.1504
0.8955
0.963
0.4424
0.435
0.1861
0.6691
0.1187
0.7768
0.3964
0.7608
0.0359
0.7805
0.6537
0.1713
0.3267
0.7689
0.636
0.9569
0.7136
0.6137
0.9277
0.3018
0.7306
0.0332
0.7591
0.2597
0.679
0.0832
0.7569
0.5169
0.0049
0.5985
0.9766
0.4132
0.1721
0.4356
0.3773
0.1096
0.7534
0.9611
0.807
0.0691
0.9437
0.2358
0.282
0.8557
0.3144
0.3234
0.6104
0.2803
0.837
0.7763
0.4987
0.2636
0.6788
0.5911
0.8684
0.3017
0.2789
0.38
0.8494
0.1824
0.0643
0.3286
0.5231
0.728
0.1139
0.4459
0.3862
0.1162
0.7307
0.6382
0.8524
0.7568
0.1314
0.478
0.3213
0.725
0.3117
0.2515
0.6478
0.6695
0.3664
0.4618
0.6542
0.812
0.2129
0.757
0.4918
0.6404
0.3107
0.7172
0.3977
0.139
0.5684
0.4177
0.7441
0.457
0.9227
0.2
0.2487
0.4296
0.2161
0.9284
0.0638
0.7948
0.1267
0.0507
0.3486
0.3248
0.2679
0.3543
0.3466
0.2963
0.4652
0.2703
0.154
0.6364
0.6164
0.034
0.0969
0.4108
0.7736
0.537
0.1109
0.3694
0.8815
0.4382
0.5644
0.8578
0.3723
0.8628
0.6142
0.0304
0.365
0.1309
0.5139
0.8109
0.0214
0.7434
0.4981
0.6823
0.4958
0.1829
0.6478
0.6051
0.297
0.5657
0.1535
0.0087
0.313
0.0933
0.2699
0.504
0.6595
0.769
0.5515
0.9912
0.4186
0.9576
0.9527
0.7264
0.3851
0.8909
0.0538
0.0529
0.9589
0.0454
0.5974
0.0826
0.721
0.2933
0.9745
0.0951
0.1938
0.9098
0.7586
0.2646
0.5723
0.3535
0.0641
0.1917
0.4838
0.7893
0.8483
0.8097
0.9892
0.3172
0.3402
0.1466
0.2615
0.4794
0.6034
0.0978
0.0345
0.611
0.8961
0.9867
0.7793
0.0651
0.5479
0.0876
0.7629
0.4246
0.7647
0.7584
0.5982
0.2262
0.8288
0.8031
0.7459
0.1312
0.3791
0.9774
0.6678
0.8856
0.6242
0.2413
0.0258
0.182
0.3153
0.0633
0.9864
0.2107
0.3223
0.6554
0.6053
0.7868
0.3359
0.0514
0.8537
0.1732
0.546
0.579
0.4204
0.3457
0.5133
0.5686
0.2593
0.1351
0.1263
0.5995
0.404
0.2663
0.3421
0.9125
0.9955
0.6156
0.1019
0.4904
0.8163
0.9911
0.1087
0.2585
0.9537
0.905
0.6471
0.4499
0.3639
0.2216
0.2111
0.3581
0.0707
0.9677
0.7929
0.5138
0.967
0.7444
0.2609
0.8291
0.3264
0.703
0.5
0.0477
0.5803
0.6949
0.9055
0.1238
0.1375
0.2594
0.7935
0.4222
0.7624
0.3816
0.4387
0.8462
0.6793
0.8944
0.6482
0.0237
0.0761
0.2254
0.4848
0.9912
0.1416
0.0646
0.1812
0.7381
0.3498
0.7095
0.5172
0.7427
0.5692
0.5707
0.5075
0.8528
0.8822
0.0127
0.7422
0.9487
0.4755
0.537
0.6004
0.1408
0.3304
0.7675
0.1592
0.6213
0.0876
0.7944
0.7754
0.3283
0.0069
0.7969
0.0422
0.8141
0.0624
0.0408
0.5586
0.6848
0.8496
0.2913
0.6268
0.9049
0.3632
0.9032
0.0405
0.7844
0.5289
0.5627
0.8042
0.7156
0.2578
0.744
0.5831
0.8269
0.4312
0.4445
0.935
0.6805
0.3396
0.3393
0.1892
0.4039
0.284
0.1272
0.0607
0.071
0.1756
0.2614
0.0295
0.2379
0.1268
0.5761
0.6165
0.5737
0.3177
0.4022
0.8423
0.1539
0.4068
0.204
0.2429
0.2603
0.7117
0.3466
0.4763
0.6073
0.9653
0.2324
0.5259
0.5416
0.0118
0.6627
0.37
0.6265
0.3301
0.4772
0.686
0.2722
0.7922
0.4203
0.2965
0.3443
0.4911
0.9396
0.2333
0.0514
0.2872
0.2506
0.9141
0.2672
0.6297
0.2948
0.463
0.0977
0.6533
0.2267
0.5444
0.0444
0.4011
0.305
0.5815
0.2212
0.9726
0.5871
0.1184
0.5777
0.4126
0.4047
0.8045
0.8073
0.229
0.0253
0.4778
0.7487
0.8999
0.6145
0.8475
0.0706
0.9719
0.5689
0.4864
0.9546
0.8513
0.2969
0.7724
0.334
0.1509
0.7628
0.3355
0.4893
0.7141
0.7001
0.34
0.0399
0.9447
0.4152
0.4823
0.7252
0.2726
0.4044
0.9721
0.3424
0.5694
0.0402
0.5328
0.8337
0.7867
0.6978
0.0645
0.6127
0.5387
0.2547
0.3472
0.2094
0.2793
0.3371
0.5005
0.0318
0.9934
0.3498
0.6431
0.2562
0.4419
0.3075
0.9379
0.8827
0.4745
0.1411
0.9977
0.5057
0.041
0.1875
0.1665
0.9541
0.4945
0.8684
0.4827
0.8428
0.0543
0.4226
0.3737
0.3234
0.0798
0.771
0.8377
0.8438
0.6759
0.2363
0.0403
0.8243
0.14
0.8528
0.9452
0.0427
0.9274
0.1518
0.6798
0.5957
0.8731
0.4812
0.7408
0.9843
0.4626
0.9661
0.0692
0.3422
0.508
0.779
0.8305
0.6271
0.5982
0.517
0.5815
0.522
0.9372
0.2133
0.2584
0.9105
0.24
0.8113
0.3806
0.4842
0.5705
0.7721
0.5268
0.6291
0.8881
0.951
0.2316
0.882
0.5196
0.1374
0.5507
0.1665
0.8143
0.0217
0.3584
0.932
0.6538
0.9837
0.9156
0.0919
0.6852
0.3069
0.4202
0.1961
0.0508
0.5883
0.041
0.3895
0.7604
0.1937
0.5116
0.7168
0.2592
0.4412
0.1387
0.8601
0.6972
0.6504
0.7862
0.4854
0.7499
0.4537
0.7469
0.4384
0.2681
0.1279
0.3185
0.2098
0.8024
0.7364
0.2543
0.7778
0.1588
0.3258
0.1122
0.3278
0.3661
0.5612
0.442
0.0628
0.7291
0.9053
0.5996
0.7165
0.7135
0.098
0.3242
0.3854
0.044
0.7591
0.649
0.5181
0.5969
0.438
0.1339
0.0964
0.9637
0.4133
0.6472
0.4584
0.1465
0.7936
0.7382
0.4692
0.4661
0.4865
0.9378
0.9305
0.1812
0.6816
0.7495
0.6133
0.1446
0.4421
0.4353
0.7197
0.4804
0.3194
0.8683
0.111
0.5301
0.9408
0.96
0.7838
0.0683
0.1725
0.7122
0.9538
0.1181
0.9025
0.2424
0.0455
0.7273
0.687
0.1299
0.0916
0.1769
0.2642
0.6097
0.8329
0.315
0.3863
0.7954
0.3035
0.2676
0.4455
0.6902
0.2307
0.8269
0.8061
0.4922
0.6979
0.2104
0.6831
0.1515
0.0915
0.7576
0.5901
0.1376
0.8719
0.143
0.8668
0.6185
0.1719
0.8057
0.391
0.1289
0.2618
0.1098
0.1297
0.9123
0.3712
0.8911
0.273
0.0969
0.3348
0.6952
0.2922
0.9224
0.2172
1.0
0.0
0.0
1.0
0.0
0.0
1.0
0.0
0.0
1.0
1.0
0.0
0.0
1.0
1.0
1.0
0.0
1.0
1.0
0.0
1.0
0.0
0.0
1.0
1.0
1.0
0.0
1.0
0.0
1.0
1.0
0.0
1.0
1.0
1.0
1.0
0.0
0.0
0.0
0.0
0.0
0.0
0.0
0.0
0.0
0.0
