927.94 1336.07 2010.36 3346.21 2788.55 1640.51
622.78 867.37 1091.51 1985.42 2181.16 1830.49
794.63 1145.87 1641.91 2575.99 2388.75 1484.5
736.69 1039.58 1544.91 2500.71 2086.56 1246.65
195.86 384.96 303.24 4703.52 1153.68 504.75
461.21 760.14 924.84 4076.69 1717.33 945.79
267.92 532.33 486.23 4626.48 1678.82 840.16
761.03 1123.06 1559.11 3294.36 2833.74 1864.6
625.0 885.33 1127.1 2409.9 2128.23 1605.98
966.32 1398.6 2070.36 3168.36 3506.08 2277.06
799.04 1148.48 1612.63 2539.53 2768.58 2006.73
746.86 1127.57 1600.42 3673.68 2834.31 1758.89
872.58 1267.59 1825.08 2845.47 3124.93 2150.87
382.12 531.7 733.81 1153.27 829.3 524.67
567.75 811.31 1130.64 1765.5 1685.11 1232.52
365.78 631.92 673.61 4593.36 1638.7 873.59
926.27 1365.73 1892.98 3366.96 2697.57 1711.11
426.34 606.52 879.86 1264.59 1156.18 749.51
211.56 267.99 347.71 497.7 467.42 322.08
365.31 599.78 726.06 4159.83 1615.35 796.25
778.13 1093.93 1529.85 2410.93 2500.25 1829.94
813.4 1208.24 1797.56 2640.03 2368.28 1500.91
709.25 1110.43 1550.91 3747.3 2406.82 1423.59
354.46 611.37 740.2 4221.13 1675.81 872.31
746.02 1064.99 1584.0 2638.63 2183.54 1292.85
626.31 905.33 1301.37 1947.55 1865.15 1275.06
884.55 1335.33 2029.72 3001.06 2833.78 1814.31
885.1 1346.07 2004.7 3373.23 2942.22 1899.34
791.03 1113.89 1473.87 2345.16 2484.98 1996.02
739.41 1101.94 1614.9 3665.34 3135.54 1874.4
829.67 1235.28 1778.64 3010.72 2543.02 1668.08
343.3 461.63 613.13 932.63 1001.75 767.59
794.33 1164.74 1662.31 3525.27 2411.0 1391.21
859.35 1246.31 1774.98 3333.77 2302.45 1406.97
647.41 928.24 1395.27 2359.1 1933.71 1117.64
559.21 946.39 1006.15 4396.79 2021.22 1140.1
889.67 1287.79 1783.94 2876.56 2623.4 1783.66
672.73 1028.47 1349.53 3772.01 2204.04 1309.81
636.08 971.42 1272.37 3759.84 2124.01 1252.07
576.92 817.56 1194.06 1812.83 1714.75 1125.24
618.31 909.69 1226.05 2723.15 1827.19 1139.46
419.05 583.71 799.46 1273.08 987.33 659.51
912.57 1314.3 2001.37 3084.43 2776.91 1652.48
779.81 1094.12 1456.88 2296.53 2514.13 2006.63
483.52 677.88 969.76 1570.25 1731.36 1143.29
539.26 815.08 1120.49 3569.56 1914.96 1047.3
514.88 719.6 1041.86 1618.49 1554.93 1027.16
719.71 1015.98 1433.15 2339.58 2411.96 1655.14
837.72 1228.86 1757.36 2854.2 2007.06 1210.49
157.51 259.13 240.54 2899.43 778.29 371.12
517.82 795.6 1019.7 3644.83 2118.25 1336.41
912.32 1343.63 1991.21 3156.98 3144.92 2015.23
925.62 1339.83 1981.15 3056.63 2917.1 1911.71
735.14 1101.22 1515.93 3411.66 2954.0 1884.68
830.78 1249.27 1650.83 3455.95 2456.38 1530.28
674.15 959.08 1280.61 2364.18 2166.6 1644.03
611.86 831.93 1068.71 1797.85 2238.77 1825.81
835.36 1210.77 1812.07 3091.75 2542.65 1484.89
976.71 1420.16 2102.05 3264.52 3194.95 2034.31
514.77 851.95 900.7 4706.84 1921.71 1037.33
690.15 960.96 1291.11 2002.14 2399.54 1911.86
350.79 600.08 674.51 4166.65 1767.57 907.74
920.34 1402.02 2113.43 3433.1 3028.4 1922.86
836.27 1184.94 1651.36 2555.26 2927.69 2183.19
858.43 1268.28 1855.53 2762.39 2585.6 1726.51
515.65 780.18 1060.46 3226.48 2112.87 1264.0
651.63 944.33 1360.57 2501.64 2113.75 1337.94
775.38 1115.5 1699.53 2750.25 2329.64 1343.52
613.08 865.72 1273.78 2061.11 1956.09 1171.17
688.72 959.84 1209.36 2088.29 2233.77 1917.63
759.21 1090.12 1464.99 2724.67 2390.25 1685.52
911.87 1350.53 1987.66 3098.14 3463.4 2335.14
306.98 402.11 499.75 771.3 892.13 745.77
539.45 725.57 909.09 1548.73 1868.35 1557.77
747.4 1065.7 1457.65 2419.84 2123.22 1516.86
824.51 1165.12 1670.67 2611.48 2591.44 1800.38
342.77 598.04 624.28 4185.14 1661.7 880.16
841.47 1209.73 1752.47 2718.18 2734.14 1840.73
409.98 574.34 796.41 1257.29 901.33 566.62
839.77 1255.3 1782.99 3265.45 3181.15 2142.23
808.13 1195.51 1711.29 3562.12 3280.71 2080.09
785.06 1103.58 1549.41 2528.31 2452.46 1744.61
404.61 556.17 777.43 1179.39 1194.0 823.75
430.06 611.9 855.19 1908.72 1256.34 738.54
305.53 407.37 567.05 826.49 963.82 656.45
641.51 914.81 1342.66 2045.08 1932.69 1262.83
149.46 304.91 244.37 4138.36 1113.28 454.46
889.53 1276.95 1935.07 2996.42 2728.67 1645.49
944.64 1352.32 2041.86 3192.22 2824.94 1701.96
873.89 1242.06 1856.29 3018.06 2514.66 1493.76
478.29 658.25 958.5 1526.39 1280.32 781.29
914.71 1319.63 2028.24 3115.5 2753.4 1588.28
851.96 1214.46 1677.5 2643.61 2682.38 1931.14
619.57 873.83 1185.51 1954.56 1738.54 1256.29
577.0 776.63 966.24 1663.65 2083.52 1761.63
378.72 719.58 447.01 5574.59 1414.35 603.7
436.73 719.36 782.02 4449.63 1619.98 832.11
431.68 606.73 872.27 1316.1 1337.69 880.37
509.35 710.91 1036.47 1664.62 1580.83 954.6
337.63 454.4 641.85 1004.98 959.99 601.1
653.86 965.2 1310.62 3128.5 2208.2 1431.88
887.82 1272.83 1874.5 3068.77 2973.06 1830.74
387.46 524.91 696.64 1053.54 1191.24 936.84
870.28 1273.6 1957.28 3174.62 2666.87 1524.48
743.33 1034.58 1449.84 2407.9 2364.26 1671.36
820.96 1175.91 1596.54 2834.86 2331.08 1632.13
703.19 1023.01 1455.13 2351.96 1659.3 1007.98
635.2 889.81 1314.59 2118.03 1769.9 1063.88
906.87 1314.33 1940.87 3454.0 3067.04 1800.19
461.23 711.29 838.45 3701.69 1778.9 1100.59
325.31 612.97 388.85 5391.69 1301.34 534.88
831.41 1224.45 1787.21 2730.88 2775.15 1934.85
902.93 1302.0 2000.37 3071.91 2715.05 1566.77
796.69 1172.93 1674.53 2920.54 3055.78 2109.88
143.39 310.78 220.12 4487.91 1153.44 460.62
343.24 518.48 634.2 2427.91 1161.95 667.47
777.39 1155.78 1571.84 3492.05 2531.35 1544.02
532.63 814.66 1100.36 2775.8 1835.95 1175.79
220.04 398.7 404.69 4418.77 1358.88 664.5
300.54 420.25 548.45 1506.91 843.6 498.88
433.58 673.44 840.24 3009.31 1639.87 960.31
590.55 862.05 1267.28 1846.58 1659.72 1063.29
526.53 811.46 1088.89 3699.19 2254.95 1323.27
528.12 816.66 1076.49 3948.65 1906.71 1013.1
463.0 746.31 985.27 3759.52 1783.69 978.69
842.16 1233.12 1739.26 2961.0 2150.35 1357.23
531.29 822.26 1116.34 4020.41 1906.76 1003.59
591.55 818.65 1098.32 1692.9 1967.47 1561.52
447.29 636.57 847.46 1648.96 1279.58 803.92
792.19 1153.24 1704.56 3583.06 2496.67 1439.72
130.02 292.08 184.14 4508.93 1117.92 439.45
468.68 729.16 894.08 2455.03 1567.36 1030.12
664.31 921.57 1184.27 1918.76 2291.46 1924.56
438.97 612.87 837.62 1310.84 1142.45 754.54
822.38 1214.46 1738.24 2835.73 2567.12 1759.66
697.69 1034.55 1424.76 3277.88 2249.82 1342.39
575.89 812.42 1226.33 1861.43 1649.92 969.34
466.66 706.76 950.5 2459.81 1783.99 1118.5
743.43 1078.49 1577.52 2434.72 2620.31 1725.11
723.39 1069.6 1504.77 3580.71 2313.45 1331.16
750.68 1120.39 1683.39 2494.8 2386.61 1557.9
833.25 1225.6 1765.37 2687.71 2767.43 1987.42
512.51 777.58 1071.66 2991.29 1753.79 956.48
609.3 891.19 1311.9 1913.35 1719.35 1100.12
938.22 1370.16 2104.26 3455.23 3884.24 2324.08
745.23 1045.76 1491.44 2383.6 2432.79 1695.64
333.89 526.86 652.39 3109.38 1414.94 771.19
599.22 837.59 1148.47 1788.59 2073.76 1545.34
297.36 484.43 501.75 2543.93 1018.54 567.2
768.93 1097.84 1545.75 2467.55 2702.27 1933.09
403.63 585.03 686.75 1994.63 1193.99 827.35
518.66 719.61 1017.95 1572.17 1565.41 1092.52
518.9 728.1 1053.97 1585.18 1747.63 1150.37
901.4 1305.68 1930.25 2998.24 2830.82 1849.3
824.43 1183.4 1746.22 2660.7 3144.74 2061.33
481.58 769.38 925.48 4043.3 1697.75 895.47
532.16 788.77 984.06 3350.16 1829.89 1243.52
850.44 1203.54 1747.33 2847.68 2555.3 1669.03
846.12 1232.91 1757.2 3033.94 2617.24 1605.48
448.43 628.23 768.32 1721.5 1459.67 1173.45
581.73 818.94 1202.07 1941.29 1842.69 1105.72
730.16 1088.36 1527.42 3811.09 2370.81 1335.11
545.39 866.34 1079.6 3957.52 2007.24 1131.32
193.29 250.07 316.25 640.37 521.13 352.82
698.57 989.79 1299.81 2528.38 2161.47 1561.19
428.1 594.02 849.25 1283.1 1258.06 823.84
311.36 531.66 619.01 4221.65 1328.37 649.62
419.94 692.56 733.25 4100.31 1765.05 1095.16
647.09 929.75 1342.47 2384.67 2460.88 1599.39
442.31 605.53 794.13 1244.56 1431.09 1139.85
492.35 781.3 1054.74 3916.37 1851.77 1040.29
945.6 1420.08 2130.66 3171.91 3064.74 2038.93
550.11 857.47 1152.94 3837.69 2119.3 1266.65
331.45 696.58 393.93 5160.82 1487.93 690.69
746.21 1121.83 1566.14 3422.24 2464.31 1535.75
793.24 1148.96 1693.05 2709.95 2476.51 1599.01
860.85 1222.8 1826.68 2968.87 2473.95 1470.26
594.32 834.13 1208.8 1964.37 1915.89 1199.01
778.12 1101.73 1488.81 2283.97 2500.56 2021.19
652.62 996.39 1330.87 3859.83 2583.32 1566.28
698.87 1014.21 1491.37 2284.91 2435.31 1578.16
770.29 1113.57 1528.42 2759.85 1986.43 1212.55
129.38 143.51 167.98 206.07 193.75 154.2
319.7 439.32 607.3 1156.61 898.62 590.81
820.35 1253.35 1811.42 3444.96 2567.81 1573.34
342.3 468.14 685.05 1076.93 1196.42 733.9
923.68 1345.97 2040.03 3368.84 3761.92 2315.57
811.97 1188.5 1690.41 3259.05 3238.19 2133.92
865.75 1273.07 1837.45 3337.32 2923.24 1853.25
763.32 1077.55 1472.86 2325.02 2724.93 2064.85
666.34 946.58 1384.76 2100.59 2480.46 1637.39
500.33 828.14 784.23 3805.89 1742.63 1136.84
685.76 1043.26 1493.99 3622.65 2254.36 1239.65
463.47 640.82 926.5 1409.49 1330.94 869.39
458.85 648.24 935.53 1415.73 1439.08 944.3
893.22 1274.79 1935.36 2964.05 2631.64 1564.06
650.11 954.55 1409.02 2155.92 2373.28 1566.86
676.66 958.03 1325.75 2051.44 2301.13 1727.17
463.24 786.09 890.09 4398.22 1792.1 919.89
562.47 802.67 1216.68 1964.65 2192.72 1309.91
929.33 1368.58 2031.34 3192.61 3205.24 2054.8
854.21 1205.23 1726.14 2670.65 2642.22 1872.59
524.17 763.24 896.33 2789.41 1971.11 1581.88
892.9 1269.38 1891.89 3076.08 2584.78 1555.55
742.56 1058.96 1570.0 2556.01 2424.5 1441.49
87.68 221.01 86.03 4913.94 988.14 387.62
305.07 402.77 509.36 785.15 832.34 666.16
645.11 927.28 1414.67 2159.93 1893.62 1098.74
904.93 1343.15 1817.22 3538.23 2631.5 1651.0
757.72 1099.31 1688.11 2751.84 3076.21 1820.7
751.73 1156.94 1631.47 3616.41 2385.19 1438.57
595.57 937.83 1114.75 4291.46 2098.67 1181.36
893.14 1298.22 1947.66 3239.65 3633.1 2274.45
782.33 1135.53 1745.61 2678.47 2345.13 1350.16
913.54 1312.21 1913.97 2990.77 3524.98 2363.32
734.76 1075.41 1454.55 3099.45 2377.67 1532.33
481.0 676.45 929.06 1460.94 1271.68 835.68
836.89 1240.02 1832.77 2825.75 3128.14 2089.98
551.2 783.74 1122.5 1711.68 1848.7 1259.74
981.66 1417.25 2094.61 3205.54 3794.81 2499.68
251.02 459.99 469.14 4401.05 1339.61 701.32
552.4 754.39 937.96 1528.34 1896.9 1651.2
210.49 271.5 364.05 494.32 457.61 319.92
146.73 168.95 206.04 276.18 245.79 184.15
707.3 1055.4 1590.28 2343.36 2220.09 1434.37
845.55 1225.09 1732.59 2626.02 2648.35 1952.38
882.67 1300.05 1907.4 2860.24 2738.53 1826.85
563.27 852.94 1180.99 3382.0 2215.16 1349.02
639.84 943.32 1409.72 2946.56 2698.18 1562.01
226.78 288.09 362.31 528.77 600.02 479.33
637.51 881.5 1156.74 1927.66 2363.68 1886.69
592.36 884.52 1150.05 3146.41 2375.41 1612.02
669.88 929.69 1197.48 1936.14 2364.63 1967.56
777.99 1112.97 1572.8 2505.3 2730.43 1940.6
879.99 1259.48 1790.3 2788.78 2891.07 2054.82
770.25 1098.46 1510.8 2391.98 2739.3 2055.98
281.88 505.71 466.52 4389.4 1351.41 647.84
444.29 695.93 802.1 3370.74 1839.08 1198.72
815.64 1226.45 1858.42 2744.62 2595.11 1667.44
539.98 736.86 939.12 1468.23 1689.84 1461.35
878.1 1264.7 1784.12 2825.39 2743.11 1819.22
959.02 1409.74 2173.8 3667.62 4010.72 2355.15
641.47 966.44 1347.53 3779.68 2358.97 1410.96
590.24 931.43 1223.44 3854.39 2064.04 1240.37
263.84 608.57 213.88 5152.33 1291.5 581.56
977.04 1461.32 2195.87 3230.91 2938.68 1845.63
308.48 534.68 510.55 4049.57 1471.16 807.6
587.02 860.11 1161.03 2458.44 1999.58 1335.56
568.97 855.1 1220.62 2545.82 1767.69 1081.59
796.87 1190.78 1724.36 3430.08 2998.58 1881.23
484.84 742.1 1002.85 3824.55 1839.92 1024.28
955.85 1366.97 2074.53 3182.71 2837.86 1697.94
633.74 966.98 1307.26 3729.15 2215.62 1344.28
650.7 899.74 1138.07 1857.7 2254.71 1917.9
702.09 1073.84 1471.81 3423.28 1918.84 1091.81
649.75 968.03 1343.15 3348.77 2172.2 1293.28
727.58 1076.08 1585.15 2473.24 2175.87 1394.85
579.3 851.89 1030.48 2896.27 2116.65 1639.7
772.2 1122.53 1604.73 2829.15 2502.29 1693.76
738.8 1031.5 1350.87 2099.14 2404.49 2045.24
390.95 580.59 749.72 2619.7 1341.96 774.53
446.97 642.55 768.7 2555.6 1845.58 1367.93
657.43 970.34 1214.15 3068.94 2508.53 1762.61
849.93 1215.81 1742.56 2754.66 2847.89 1952.13
751.93 1059.52 1439.29 2277.62 2681.02 2053.0
763.81 1140.52 1540.46 3495.58 2946.48 1858.15
747.49 1119.59 1562.12 3633.85 2583.68 1583.79
290.82 392.0 528.7 812.42 593.29 387.25
242.57 480.12 370.73 4602.19 1290.23 610.52
429.62 662.89 856.97 3285.63 1586.44 928.7
859.24 1233.52 1724.84 2738.8 2713.1 1849.64
909.39 1309.82 1993.07 3082.61 2770.17 1650.09
793.96 1159.94 1744.13 3342.12 2510.28 1434.41
470.25 768.62 917.89 4080.54 1868.99 1015.8
539.26 880.8 1111.5 4124.81 2319.95 1383.87
345.56 457.58 578.67 866.26 988.07 853.34
280.14 356.76 439.42 699.74 834.94 696.24
864.27 1256.34 1763.07 2830.01 2450.35 1575.76
482.85 808.87 850.01 4635.18 1946.44 1060.24
256.53 341.76 441.52 891.16 656.73 438.31
888.52 1260.88 1854.4 2857.16 2696.13 1779.51
775.26 1098.74 1482.04 2440.74 2439.39 1780.58
572.72 806.41 1101.31 1698.24 1952.05 1510.22
425.05 631.57 776.88 2539.82 1506.46 1006.34
509.13 784.38 980.09 2955.7 1959.47 1370.42
926.01 1373.93 2024.65 2999.17 2767.8 1826.87
709.31 997.73 1323.64 2121.9 2509.64 1999.47
134.06 152.04 179.31 224.89 227.1 180.14
855.92 1235.43 1760.79 2736.46 2915.46 2078.58
779.51 1103.48 1567.64 2465.79 2509.49 1780.35
531.98 824.72 855.61 3651.36 2035.62 1362.01
775.35 1115.45 1606.07 2710.54 2980.97 1986.66
702.26 1049.95 1562.16 3416.81 2314.94 1275.38
484.34 697.57 964.13 2063.37 1818.07 1166.66
723.75 1014.15 1326.3 2159.62 2284.56 1811.93
476.6 659.74 939.61 1505.96 1480.57 954.06
680.85 955.8 1269.64 2053.44 2022.64 1530.31
620.75 888.6 1340.01 2168.16 2430.74 1483.7
898.88 1328.32 1948.32 3042.72 3411.34 2313.9
393.43 602.2 679.67 3280.73 1671.87 1098.47
568.14 843.9 1114.05 3027.56 1711.58 1103.31
347.86 608.41 660.63 4583.21 1556.98 759.52
779.92 1093.21 1504.36 2344.78 2496.39 1936.45
263.13 347.85 493.89 757.73 838.18 526.78
248.52 364.57 412.33 2080.58 902.35 572.23
361.59 493.62 700.3 1039.63 985.33 661.74
684.24 1030.96 1458.76 3756.66 2268.29 1242.43
493.9 689.68 1032.29 1557.96 1382.89 819.57
561.96 801.09 1214.13 1845.71 1620.02 946.4
876.75 1267.96 1862.17 2888.76 2853.67 1846.69
271.46 424.22 428.09 2387.28 945.04 578.43
631.05 902.18 1351.04 2073.67 1883.79 1158.08
415.12 651.4 848.14 4113.02 1678.08 868.25
646.21 990.49 1422.11 2917.88 2086.04 1260.72
713.61 994.89 1333.93 2131.92 2373.38 1871.06
552.66 871.63 1202.95 3862.8 2411.24 1464.47
391.81 550.43 807.36 1493.24 1467.24 879.74
608.17 918.85 1215.35 3599.93 1997.0 1191.72
690.96 1041.46 1519.48 3577.59 3025.04 1749.88
687.06 1012.21 1496.88 2195.45 1968.13 1253.65
310.88 417.54 568.24 851.77 794.53 519.8
567.65 822.53 993.44 2735.39 1967.66 1393.49
722.97 1027.49 1372.65 2582.37 2401.58 1872.85
688.02 955.12 1284.32 2108.17 2403.99 1844.84
112.83 144.56 126.3 782.16 302.08 193.87
693.33 975.59 1446.51 2337.22 1951.27 1168.56
778.87 1103.09 1491.48 2287.55 2502.21 2020.53
563.81 801.74 1109.26 1756.74 1526.34 995.59
361.84 702.07 392.76 5631.54 1379.78 583.31
332.59 511.59 568.76 3506.15 1473.45 937.87
593.67 826.82 1142.97 1816.47 1638.96 1174.26
467.09 655.41 898.8 1411.27 1228.91 808.83
674.64 1023.8 1485.04 3537.3 2300.56 1258.33
839.6 1234.19 1888.38 3435.63 3520.07 2059.64
329.22 542.41 631.51 3915.41 1399.26 690.77
441.28 604.38 807.85 1287.17 1147.91 804.25
873.4 1276.76 1838.64 3390.24 3441.36 2236.13
769.04 1128.35 1571.88 3366.62 2354.5 1394.86
424.52 653.4 758.16 3142.4 1349.64 710.7
158.33 191.19 240.33 312.88 305.83 233.98
768.78 1147.88 1646.35 3263.07 2837.9 1791.76
851.92 1232.89 1777.61 2792.34 3076.86 2103.32
927.83 1365.01 2100.82 3647.32 3894.6 2281.3
869.82 1284.13 1777.03 3410.58 2588.06 1624.06
585.69 789.74 993.67 1695.49 2159.82 1804.9
672.07 957.78 1402.8 2128.25 2350.1 1534.46
511.97 798.82 1066.29 3672.02 2186.16 1288.08
754.6 1061.18 1451.46 2256.15 2427.24 1904.16
724.71 1089.42 1624.16 3852.49 3193.26 1827.28
900.69 1284.82 1942.21 2977.56 2667.18 1611.17
686.03 1078.21 1315.26 3886.02 2411.35 1497.44
312.66 457.98 584.55 1985.65 1022.02 656.2
345.8 595.57 671.51 4285.42 1630.1 840.38
753.84 1050.94 1480.09 2454.37 2382.1 1666.27
853.12 1213.78 1739.61 2720.62 3271.61 2272.28
773.2 1092.01 1456.42 2365.08 2325.04 1752.91
604.56 883.82 1300.62 1896.46 1704.26 1090.81
579.37 788.6 1013.5 1701.83 2098.54 1708.97
337.57 492.78 604.74 1576.8 1173.82 747.37
534.36 732.69 954.08 1484.28 1657.3 1364.99
737.98 1054.15 1370.66 2737.92 2478.94 1868.29
576.53 803.88 1128.1 1855.25 1534.05 1031.46
824.78 1208.43 1725.69 2801.16 1981.17 1203.08
902.96 1353.1 2014.66 3208.39 2759.69 1735.2
420.31 682.34 801.05 4144.65 1604.61 829.4
654.85 929.72 1216.98 2357.31 2335.91 1783.06
752.57 1081.93 1597.53 2444.02 2308.58 1501.33
619.36 852.99 1111.24 1845.01 2210.95 1798.24
300.96 437.63 539.69 1466.73 843.08 484.8
842.16 1200.17 1720.18 2689.75 3063.65 2118.04
885.73 1257.85 1865.82 3031.29 2576.45 1578.42
645.04 890.08 1197.43 1977.42 2225.28 1715.83
682.01 1020.07 1438.5 3675.69 2451.68 1483.53
780.81 1158.72 1569.64 3821.68 2338.08 1325.45
550.26 843.51 1085.66 3759.63 2088.61 1177.44
792.12 1128.9 1645.01 2686.88 2635.6 1663.53
267.76 470.93 411.45 4053.24 1271.81 684.62
798.71 1148.25 1682.08 3344.14 2420.02 1426.22
730.17 1060.54 1555.5 2390.1 2558.87 1673.11
554.06 789.21 1142.88 2192.26 1816.65 1073.05
680.64 950.39 1256.96 2022.91 2308.98 1860.93
420.46 597.8 862.55 1297.64 1424.26 954.5
963.72 1418.77 2106.72 3257.83 3469.52 2232.31
227.14 461.0 288.42 4995.41 1300.34 565.25
518.79 802.46 1136.16 3727.82 1896.38 1006.29
869.18 1248.62 1891.41 2916.1 2645.71 1595.85
387.46 625.99 731.0 3796.27 1608.19 849.38
603.76 885.86 1290.46 2927.04 1907.21 1068.17
741.83 1042.78 1433.93 2304.42 2172.63 1602.34
152.94 246.31 188.33 2069.22 569.41 279.57
834.8 1205.14 1709.04 2678.04 2982.55 2115.83
118.0 143.9 145.51 750.6 274.03 171.26
459.05 622.55 810.46 1300.37 1433.45 1154.0
811.71 1214.91 1820.69 3851.52 3508.99 2019.56
829.91 1173.36 1580.24 2525.86 2405.91 1813.12
932.45 1350.29 1933.73 3057.15 2873.87 1811.88
785.58 1110.36 1593.54 2698.84 2500.7 1675.35
595.27 825.02 1138.68 1840.79 1967.8 1450.37
784.12 1125.96 1632.07 2535.33 2546.02 1695.24
639.09 875.46 1145.72 1903.29 2336.28 1860.36
907.55 1364.94 2054.79 3057.91 2939.55 1929.6
752.9 1143.54 1510.51 4005.4 2552.42 1528.7
661.13 949.2 1336.47 2020.86 2010.2 1471.3
874.87 1245.87 1851.23 3081.91 2532.85 1511.04
589.46 799.43 1026.39 1797.59 2063.94 1672.26
674.57 991.07 1452.82 2223.31 1991.77 1294.64
351.86 685.52 359.69 5581.76 1348.54 594.26
112.62 119.16 130.44 147.7 141.53 123.13
782.56 1105.57 1606.22 2542.15 2509.34 1682.66
725.99 1092.76 1562.68 3632.49 2795.5 1731.39
900.04 1294.65 1824.53 2874.92 2794.51 1880.83
292.09 383.48 535.94 824.31 699.36 445.95
888.42 1322.99 1951.3 2936.66 2918.8 2004.28
856.36 1241.74 1892.37 3219.54 2627.19 1502.44
950.7 1429.34 2148.51 3196.69 3080.56 2040.27
837.61 1197.61 1726.2 2705.28 2709.1 1875.19
341.78 478.59 671.88 1434.86 981.99 573.94
759.57 1087.38 1661.05 2541.26 2248.12 1304.87
477.52 749.22 962.89 3913.26 1544.48 818.95
209.76 426.83 274.2 4806.24 1186.33 504.48
727.7 1030.45 1490.12 2361.35 1848.38 1159.24
916.33 1367.06 2050.82 3013.21 2742.03 1724.76
754.47 1100.75 1516.03 3340.26 2154.34 1340.61
820.85 1163.78 1735.91 2818.06 2349.16 1398.23
634.97 904.99 1327.67 2021.62 1910.59 1248.81
595.48 926.52 1227.49 3788.31 2256.66 1350.8
701.29 999.32 1392.86 2227.35 1759.21 1094.83
690.32 995.9 1523.72 2330.8 2042.4 1181.59
904.74 1320.93 2038.57 3139.17 2751.42 1580.93
879.12 1267.24 1836.1 2864.38 2894.73 1941.59
358.7 487.9 689.14 1017.21 1117.53 748.68
698.92 998.33 1468.61 2374.52 2695.57 1761.91
786.88 1133.56 1676.26 2567.26 2424.7 1575.01
520.19 750.09 979.58 2688.39 1915.19 1309.91
331.78 553.66 538.35 3980.13 1504.0 864.86
689.09 1009.35 1446.64 3489.47 2198.57 1241.43
860.67 1268.96 1694.45 3477.67 2276.06 1362.19
460.37 692.28 961.07 2573.31 1808.62 1136.53
611.76 962.58 1282.44 3745.29 2084.45 1207.34
744.71 1096.47 1449.01 3220.49 1986.26 1177.05
864.23 1304.41 1900.65 3287.39 2624.12 1653.12
356.23 606.46 697.08 4224.73 1648.54 798.51
772.1 1154.42 1731.79 3774.43 3364.96 1929.86
291.3 396.93 557.17 782.7 719.15 480.75
861.36 1257.2 1773.24 2888.06 2198.35 1427.17
773.13 1147.35 1598.07 3476.64 2528.0 1505.71
398.44 632.0 662.41 3605.1 1723.8 1188.44
835.02 1203.17 1761.32 3365.09 2476.07 1447.54
730.04 1012.89 1313.51 2064.01 2452.42 2102.47
575.86 826.43 1205.58 1836.13 1955.64 1274.55
562.88 797.0 1127.79 1750.15 1624.5 1021.46
693.68 982.66 1337.6 2080.02 2409.59 1895.22
767.42 1098.83 1512.93 2501.6 2137.8 1500.46
636.65 877.75 1101.09 1800.79 2232.25 1928.68
701.32 982.91 1313.86 2154.34 2593.68 2022.81
147.15 248.24 221.21 2436.5 768.57 376.84
437.03 716.02 824.79 4379.85 1842.6 947.96
775.39 1120.67 1564.72 2525.59 1998.84 1360.72
697.23 970.05 1294.12 2114.85 2292.68 1804.8
206.96 262.32 357.95 504.18 451.93 295.96
472.87 786.22 832.79 4736.74 2017.34 1018.75
252.56 423.63 453.68 2828.88 1089.03 541.94
658.38 935.15 1300.61 2075.55 1640.82 1023.84
646.62 889.73 1147.35 1936.51 2208.48 1768.28
709.44 1078.8 1514.24 3537.63 2767.28 1713.43
896.85 1319.17 1886.86 3349.99 3290.3 2112.48
267.81 377.34 482.82 1279.69 818.99 520.46
323.51 568.97 620.97 4292.63 1710.75 841.67
887.66 1300.75 1894.91 3276.26 2981.85 1895.9
555.49 785.88 1111.39 1723.82 1600.17 1006.76
238.17 360.47 432.79 2266.25 951.87 538.49
614.89 965.95 1269.38 3909.16 2437.49 1463.65
422.22 707.67 771.0 4483.32 1767.27 943.7
548.56 772.42 1154.93 1784.6 1575.02 940.23
877.05 1317.27 1949.46 3275.98 2716.7 1709.37
683.42 972.52 1425.79 2162.26 2552.08 1679.56
195.79 246.34 323.02 451.2 457.43 325.36
825.88 1213.7 1662.18 3404.84 2257.78 1347.6
224.71 287.65 386.18 547.95 522.07 367.8
773.54 1154.23 1622.93 3589.75 2570.91 1596.71
771.6 1102.73 1526.2 2414.71 2677.96 1993.54
288.24 557.71 469.67 4316.12 1455.18 733.58
290.17 387.73 513.82 779.31 684.84 467.21
357.56 599.51 543.54 4051.76 1333.47 634.0
684.88 1069.9 1291.11 4223.2 2346.48 1390.26
738.56 1037.54 1439.26 2309.85 2475.0 1834.09
565.55 800.98 1163.13 1778.74 1743.21 1127.07
292.88 429.8 569.96 2160.5 1224.49 690.32
761.79 1059.83 1403.41 2221.68 2365.48 1953.58
755.11 1115.97 1557.42 3626.24 2671.32 1576.74
853.6 1213.42 1707.21 2636.97 3004.78 2195.7
824.9 1169.03 1660.89 2612.44 3154.29 2222.96
669.14 966.48 1347.77 3153.53 2192.55 1366.28
705.19 1034.93 1518.41 2243.57 2063.2 1348.55
825.54 1186.14 1817.19 2785.43 2462.97 1425.38
636.78 965.08 1380.99 2979.75 2004.1 1216.76
484.67 737.99 944.29 2854.13 1335.78 748.77
652.61 905.49 1152.12 1875.14 2309.87 1960.07
628.16 881.61 1242.95 1896.71 2250.78 1611.66
321.13 535.99 586.5 3553.15 1341.33 697.15
717.59 989.74 1270.29 2010.44 2384.68 2075.3
499.72 738.64 1043.46 1998.56 1455.59 908.3
779.86 1101.24 1597.9 2530.66 2503.79 1683.6
330.35 590.02 579.94 4651.06 1367.67 662.66
900.1 1313.08 1893.01 3212.73 2983.64 1954.22
430.48 621.9 793.59 2115.06 1125.36 667.04
791.28 1198.05 1702.76 3594.28 3016.43 1879.25
690.48 985.39 1444.73 2193.53 2422.53 1580.63
574.67 803.01 1125.09 1794.84 2069.02 1490.18
841.74 1200.38 1788.13 2793.45 2630.67 1662.1
461.83 655.46 858.58 2337.35 1692.76 1146.33
889.47 1287.58 1891.07 3043.63 2832.64 1865.03
776.64 1142.79 1550.12 3235.07 2414.13 1562.73
327.3 428.89 535.49 805.47 947.73 826.58
845.15 1199.63 1791.05 2909.67 2424.96 1441.98
884.2 1294.05 1881.77 3399.78 3522.42 2269.76
731.87 1013.43 1315.01 2063.09 2463.39 2107.84
560.96 864.71 1140.96 3886.62 1680.45 922.37
795.89 1123.2 1640.6 2653.86 2326.74 1494.63
386.0 571.75 754.98 1866.17 1009.74 586.03
800.32 1183.88 1707.52 3411.97 2641.1 1659.15
432.99 607.98 870.9 1316.16 1344.88 893.51
655.97 906.15 1166.09 1838.83 2097.42 1795.31
917.77 1320.44 1970.82 3225.69 3058.31 1807.27
763.38 1107.68 1699.01 2622.25 2284.96 1315.88
717.61 1008.82 1381.54 2325.7 2421.56 1802.18
523.23 734.61 1063.85 1600.56 1764.69 1161.25
575.57 846.3 1064.17 3040.86 2051.43 1440.9
865.01 1237.8 1755.49 3024.84 2362.0 1564.07
774.71 1101.32 1593.84 2554.81 1983.69 1239.81
726.62 1013.49 1400.35 2344.06 2533.89 1812.73
307.87 414.51 552.34 842.53 739.27 501.39
481.96 821.55 714.03 4855.11 1604.36 848.15
962.8 1412.21 2181.22 3607.46 4005.4 2356.24
466.94 643.45 949.09 1424.93 1270.95 777.0
557.66 759.61 974.98 1627.06 1978.37 1630.56
836.21 1211.08 1766.3 3306.71 2877.42 1733.7
182.28 350.07 311.73 3378.75 1070.9 487.6
978.41 1429.04 2011.46 3237.75 2801.38 1796.17
776.82 1150.51 1717.42 2515.33 2290.5 1447.08
432.13 662.83 849.42 2934.37 1637.0 1040.88
149.59 174.58 213.48 277.81 268.27 207.43
386.44 533.38 723.3 1123.17 980.88 653.09
883.88 1272.23 1743.57 2827.74 2639.91 1882.34
701.09 1059.02 1396.36 3537.61 2297.23 1437.09
102.77 105.65 106.54 153.62 120.87 110.45
400.29 532.04 674.84 1104.63 1290.91 1040.9
386.17 613.06 622.67 2656.87 1298.12 832.8
757.76 1120.66 1543.1 2946.98 2557.36 1863.46
178.53 392.74 230.44 5075.84 1271.66 577.16
198.94 251.04 329.87 460.97 485.82 344.21
503.13 680.85 885.74 1455.39 1700.74 1366.74
651.88 918.03 1274.39 2194.07 2176.23 1556.53
139.33 158.25 191.0 242.0 225.5 172.56
873.69 1318.23 2003.01 2960.89 2795.92 1790.57
452.28 730.37 969.62 3864.02 1731.89 965.87
120.12 130.08 145.71 171.1 184.54 154.46
167.92 237.6 244.55 1091.52 449.9 262.71
828.1 1211.49 1791.62 2756.4 2939.27 1897.14
784.61 1130.15 1671.06 2559.12 2417.03 1570.14
607.83 912.73 1299.22 2552.19 1822.25 1127.71
729.98 1039.21 1403.37 2191.97 2398.2 1883.08
197.15 245.29 320.76 443.4 508.31 363.02
442.62 615.54 886.24 1330.68 1259.57 835.74
869.95 1241.3 1805.15 2873.82 2244.6 1399.29
957.38 1449.37 2205.82 3267.64 3090.01 1979.7
546.51 769.51 1116.86 1683.1 1856.26 1219.63
413.46 721.53 678.18 4808.3 1566.65 769.61
883.49 1270.39 1872.77 2865.03 3393.62 2235.43
803.48 1200.48 1799.14 2666.52 2562.85 1694.97
324.21 476.4 554.31 1536.58 882.46 549.29
427.39 600.18 862.29 1300.38 1321.69 870.29
474.86 725.31 846.95 3497.81 1731.97 1150.48
244.53 417.48 428.78 3857.48 1333.78 754.15
923.36 1343.03 1990.48 3176.53 2913.4 1876.58
764.09 1080.02 1607.11 2604.05 2172.07 1296.01
669.69 971.61 1290.29 2494.24 2329.01 1787.8
844.15 1234.0 1761.67 2760.71 3144.52 2244.66
693.57 977.02 1341.36 2161.15 2223.2 1567.58
682.65 970.89 1282.43 2465.81 2301.54 1801.42
662.7 920.24 1226.81 1903.64 2229.06 1803.35
237.1 389.62 399.16 2149.81 814.62 446.2
654.13 979.51 1310.43 3262.17 2092.82 1283.42
226.21 462.92 363.8 4982.87 1336.81 628.68
208.94 263.09 357.85 503.23 454.82 299.01
705.74 1008.63 1319.82 2481.86 2215.51 1655.02
307.36 426.5 610.03 866.75 822.54 553.09
953.93 1450.82 2200.8 3421.0 3110.1 1976.43
907.66 1315.52 1941.43 3010.27 2954.95 1890.11
845.47 1217.93 1785.97 2928.38 3364.42 2217.77
808.42 1156.71 1611.04 2596.87 2104.57 1337.49
941.08 1406.44 2100.89 3242.8 3575.53 2343.46
397.64 571.71 804.94 1350.05 1080.32 693.86
278.96 454.41 466.88 2982.83 1056.84 575.04
747.17 1047.87 1455.4 2296.37 2406.22 1782.48
411.17 644.97 807.73 3667.21 1589.74 929.78
800.64 1130.12 1644.89 2531.96 2422.7 1637.08
879.44 1257.56 1829.09 2996.68 2964.46 1894.27
306.37 544.1 623.0 4285.85 1560.8 783.73
751.49 1147.6 1543.96 3852.75 2652.18 1615.79
962.74 1410.82 2183.16 3578.48 4003.96 2357.08
934.15 1345.79 1882.46 3037.0 2446.52 1545.76
464.96 737.2 809.5 3815.24 1948.37 1301.47
816.47 1183.1 1672.17 2997.61 2645.73 1831.62
789.68 1121.16 1627.95 2679.59 2657.47 1691.26
801.88 1204.93 1783.92 3962.56 3460.6 1994.61
946.51 1411.44 2098.45 3097.76 2807.59 1802.95
690.59 963.29 1258.41 2030.7 2382.05 1944.76
660.76 966.42 1281.6 3019.37 2109.97 1398.1
904.05 1362.16 1994.79 3320.94 2697.55 1679.87
312.65 546.79 497.08 4070.4 1461.62 843.13
742.26 1060.6 1480.95 2372.3 1872.27 1162.62
463.01 638.1 903.94 1407.79 1111.13 712.59
203.09 252.68 338.55 472.24 428.98 290.2
490.04 775.76 901.8 3845.18 1653.16 991.9
780.56 1163.07 1732.86 3482.2 2485.88 1393.85
970.07 1388.86 2113.03 3246.64 2877.02 1705.28
768.5 1128.4 1559.68 3383.73 2214.1 1377.09
589.66 795.2 1007.39 1728.19 2103.36 1745.66
649.94 1044.19 1484.48 3720.7 2418.61 1439.16
753.86 1089.84 1548.22 2372.42 2372.63 1682.82
242.03 316.99 430.7 620.76 630.0 434.17
977.26 1462.32 2185.71 3377.12 3725.53 2442.03
626.22 909.3 1272.87 2199.11 1539.38 958.52
645.47 935.95 1357.92 2022.8 1941.72 1308.07
318.71 540.68 453.7 4012.06 1516.23 948.97
818.88 1182.42 1741.64 2692.23 2637.37 1685.96
220.42 458.16 348.78 4529.38 1380.13 633.97
779.45 1165.85 1638.14 3702.53 2707.17 1669.26
848.65 1254.5 1828.46 3202.81 2986.85 1921.44
491.53 680.37 967.1 1510.53 1190.57 760.71
446.12 660.61 896.63 2388.93 1492.48 910.55
870.84 1259.28 1869.03 3064.57 3500.02 2252.07
520.94 738.84 921.25 2355.8 1986.29 1498.12
907.1 1324.87 2046.14 3150.25 2756.2 1579.93
569.83 938.49 1035.25 4657.01 1900.98 955.66
399.52 608.77 737.19 3752.7 1640.7 988.29
319.96 610.84 374.19 5414.3 1284.08 534.68
776.82 1107.05 1566.22 2445.2 2506.88 1806.3
812.92 1193.84 1749.46 2615.89 2498.15 1664.56
743.0 1053.42 1427.11 2271.21 2636.61 2030.71
702.75 979.46 1309.77 2156.63 2367.62 1779.89
779.75 1090.87 1476.01 2365.88 2596.32 2025.48
460.64 650.33 776.46 2376.47 1880.3 1440.66
897.91 1280.4 1936.26 2974.25 2666.49 1605.98
814.61 1204.12 1720.33 3302.84 2799.42 1794.35
976.91 1426.93 2008.04 3236.73 2798.34 1794.43
659.21 925.25 1369.09 2208.59 1844.83 1107.13
375.45 557.37 752.68 1532.5 1116.34 709.97
573.01 891.62 1085.05 4007.73 1810.61 997.91
384.14 652.54 681.56 4429.0 1623.4 827.89
145.31 335.73 212.97 4669.48 1215.67 500.84
476.56 769.97 1002.66 3971.35 1702.13 964.95
890.45 1282.45 1963.67 3016.21 2680.73 1564.7
640.2 972.66 1340.09 3764.32 2379.08 1408.68
147.05 170.22 207.64 279.85 270.22 198.23
631.12 918.02 1278.53 2459.8 2219.93 1417.87
933.91 1408.57 2079.68 3484.53 3592.16 2335.53
742.44 1045.53 1521.84 2469.29 2178.25 1397.95
691.95 961.63 1268.15 2038.23 2330.78 1884.87
466.2 642.83 911.01 1419.29 1120.02 717.97
776.06 1158.1 1624.43 3305.31 1997.23 1163.3
563.64 794.97 1189.2 1865.67 1633.64 977.43
878.72 1258.84 1829.26 3048.19 2962.74 1879.28
296.94 436.6 534.95 1885.57 972.98 584.11
812.57 1214.65 1808.16 3831.71 3462.49 2002.17
437.56 610.71 852.17 1491.39 1561.88 1063.49
511.78 698.7 903.48 1439.28 1667.26 1372.95
854.16 1214.52 1784.27 3053.4 2546.69 1570.27
561.84 751.87 927.34 1604.37 2056.69 1759.76
423.83 583.78 785.28 1165.76 1216.26 954.8
788.6 1210.61 1791.16 3582.06 2697.11 1688.14
519.02 724.35 989.46 1562.31 1293.89 858.46
605.48 853.01 1180.34 1839.49 1813.05 1258.69
329.39 461.26 614.37 1573.5 925.98 548.4
445.86 616.16 891.23 1421.96 1351.17 822.06
766.42 1094.99 1484.69 2396.42 2329.92 1688.86
849.16 1242.6 1795.29 3011.66 2930.71 1974.52
158.69 189.07 241.55 321.79 293.12 207.53
450.0 627.04 877.16 1347.75 1252.74 796.76
263.99 358.21 503.36 706.39 671.43 458.33
506.82 803.56 1077.95 3699.25 1760.83 1016.49
453.3 627.45 776.4 1613.18 1486.82 1238.35
790.26 1161.02 1625.63 3082.24 2463.71 1500.21
470.29 746.53 980.74 3798.46 2079.98 1186.2
592.02 1009.8 1124.36 4459.98 2437.23 1431.08
539.89 767.54 940.1 2491.47 2082.35 1575.53
769.31 1118.27 1633.13 2526.89 2610.81 1732.37
690.15 952.94 1276.22 2119.61 2190.19 1683.19
565.35 782.01 1047.83 1697.73 1820.33 1345.33
678.98 1003.75 1433.83 2738.19 2448.77 1551.91
687.68 993.55 1412.66 2104.72 2055.62 1474.06
191.45 235.56 302.53 429.47 354.73 254.33
775.69 1155.58 1614.81 3587.46 2676.95 1671.37
749.68 1085.98 1666.87 2555.1 2237.7 1290.34
771.58 1084.91 1454.08 2274.48 2632.8 2126.25
951.5 1376.76 2039.14 3118.95 3449.16 2235.11
777.9 1101.24 1597.64 2579.61 2497.77 1666.98
137.89 157.97 185.11 241.44 197.94 157.03
709.87 982.74 1357.2 2197.93 2354.38 1740.67
550.96 850.28 1204.77 4116.14 2596.43 1433.45
914.51 1340.9 1980.38 3074.14 3154.68 2053.71
841.1 1197.1 1686.46 2614.11 2692.93 1993.43
740.24 1061.39 1451.91 2267.99 2512.23 1959.0
561.36 783.3 1167.58 1765.87 1572.26 951.21
449.34 622.49 884.98 1328.83 1475.25 999.09
859.07 1232.84 1836.55 3001.35 2845.98 1684.73
622.26 954.74 1320.02 3714.97 2325.51 1416.44
96.63 232.68 104.47 4896.28 1009.08 402.48
471.65 655.81 944.54 1413.69 1662.01 1106.2
334.01 556.36 642.12 4062.39 1454.01 767.73
658.28 955.01 1329.52 3074.02 2121.7 1388.03
547.87 754.31 1021.86 1649.74 1690.46 1275.53
656.13 931.77 1295.75 2067.56 1634.59 1020.11
716.96 1013.76 1527.65 2327.72 2068.82 1238.3
522.34 741.68 1119.76 1802.81 2011.1 1204.91
422.17 594.69 846.71 1791.41 1212.59 720.26
779.31 1203.78 1669.51 3711.92 2606.2 1650.43
857.12 1233.43 1815.57 2949.0 3359.67 2218.75
930.56 1407.26 2056.53 3504.88 3568.16 2320.24
707.54 1009.5 1537.92 2348.7 2078.68 1209.83
739.74 1059.72 1521.15 2492.59 2380.93 1626.58
741.3 1090.91 1564.36 3378.72 2829.41 1783.45
695.25 1040.12 1471.16 3117.61 2559.58 1607.17
563.62 787.24 1126.75 1770.25 1391.37 882.37
560.05 792.69 1150.56 1758.89 1723.78 1114.93
824.83 1222.7 1646.19 3376.64 2410.15 1502.15
764.81 1159.51 1524.42 4098.54 2619.35 1469.99
676.36 985.69 1395.63 2377.4 1614.42 975.47
878.1 1278.26 1874.77 3059.27 2747.76 1768.5
377.05 636.61 664.1 4430.13 1475.87 738.71
713.86 1016.13 1504.35 2446.32 2320.67 1381.57
244.01 308.99 372.28 559.25 676.86 585.84
426.34 577.96 750.69 1232.41 1241.56 968.64
309.69 413.62 550.86 841.86 678.61 446.92
825.17 1205.79 1663.15 3382.36 2241.76 1345.48
610.75 883.23 1330.45 2353.03 2442.33 1444.78
663.61 931.27 1357.63 2236.91 1900.64 1199.09
930.26 1342.1 1972.27 3020.74 3355.55 2216.85
439.48 678.84 808.65 3933.42 1632.45 984.07
455.59 635.41 912.02 1382.22 1355.08 884.48
954.39 1390.07 1946.25 3135.32 2763.17 1809.47
679.3 1022.4 1325.94 3650.34 1952.35 1131.77
737.23 1055.67 1446.47 2294.04 2685.65 2048.97
754.28 1093.64 1587.48 3553.36 2329.3 1340.91
865.68 1285.04 1825.83 3410.84 2769.11 1755.65
672.07 1029.9 1242.76 3782.98 2311.52 1487.06
759.21 1082.07 1487.16 2358.33 2637.03 1987.58
646.3 996.7 1383.46 3209.03 2039.15 1231.14
451.94 743.14 739.63 3764.03 1292.42 656.73
915.09 1326.65 1841.26 2969.93 2696.0 1823.42
708.94 1011.59 1541.23 2353.87 2083.23 1212.39
902.33 1324.64 1961.4 3034.53 3097.47 2003.03
669.67 936.48 1314.07 2113.57 1849.04 1274.84
823.45 1197.95 1844.8 2833.89 2480.45 1425.51
934.12 1338.0 1947.58 3158.37 2433.82 1510.99
671.96 988.12 1260.9 2960.57 2344.24 1740.38
83.32 214.69 75.36 4923.65 980.66 381.11
814.54 1160.68 1667.88 2598.14 2948.31 2025.04
380.49 605.92 617.08 3657.12 1641.64 1119.11
732.6 1053.37 1434.23 2662.14 2443.26 1676.54
719.74 992.51 1278.67 2023.97 2360.45 2048.89
632.92 868.91 1108.89 1745.02 2018.72 1758.13
941.43 1377.35 2124.43 3479.41 3896.78 2310.25
942.82 1349.02 1963.38 3132.46 2457.86 1537.39
610.11 878.46 1273.12 2579.01 2055.25 1202.23
680.06 936.25 1270.64 2078.4 2294.43 1744.52
856.81 1255.31 1858.31 2861.12 3051.19 1967.98
684.68 974.79 1385.62 2327.11 2158.56 1521.11
919.46 1361.55 2000.31 3345.62 3339.21 2134.92
489.72 767.32 838.82 3856.79 1755.44 1018.08
504.42 783.91 1050.09 3855.56 2003.49 1156.88
641.12 884.42 1113.83 1818.45 2236.0 1924.85
906.48 1290.08 1929.39 3139.69 2618.04 1555.71
632.88 978.78 1344.69 3750.66 2448.45 1463.71
659.34 954.54 1402.34 2150.81 2187.21 1416.01
615.85 836.1 1084.17 1820.93 2165.31 1752.8
776.51 1140.59 1618.04 2735.16 1868.83 1124.09
583.67 831.8 1152.49 1827.71 1587.44 1033.95
713.25 1053.67 1480.46 3038.1 2788.43 1911.9
331.1 575.25 499.56 3798.09 1520.81 950.08
384.96 575.8 671.76 3191.49 1712.36 1172.57
944.36 1384.71 2039.46 3153.74 3383.99 2224.14
660.41 916.93 1186.45 1922.25 2269.03 1886.04
872.08 1276.99 1834.42 2762.9 2662.2 1880.11
652.63 996.62 1350.31 3854.79 2477.66 1402.2
661.29 951.84 1453.69 2221.07 1946.86 1128.39
339.77 580.61 693.88 3868.23 1569.47 754.43
275.02 520.86 410.36 4889.12 1542.16 743.54
622.72 902.49 1311.42 1945.72 1854.95 1241.7
932.09 1342.13 1874.49 3025.18 2455.11 1563.29
465.05 756.89 855.18 4363.91 1647.51 876.98
584.64 820.27 1185.86 1909.98 1857.97 1176.45
952.46 1439.31 2182.7 3239.59 3081.84 1991.71
245.83 358.73 396.24 2089.42 986.09 672.92
312.73 427.19 591.67 842.56 791.15 555.04
887.06 1333.97 2014.08 2995.95 2867.19 1865.93
116.17 309.45 162.51 4665.48 1251.91 495.42
341.56 589.99 616.94 4240.77 1536.62 816.24
347.08 528.2 594.28 3432.61 1633.5 1074.78
922.5 1318.33 1916.34 3058.9 2408.67 1511.26
374.72 515.72 707.84 1089.33 1244.03 905.48
560.09 749.14 922.22 1597.34 2053.09 1759.95
753.49 1060.97 1404.55 2283.18 2308.91 1776.43
872.39 1297.96 1901.11 3777.67 3599.96 2131.13
564.25 755.84 934.02 1613.96 2064.65 1762.82
729.57 1124.8 1623.25 3315.74 2381.03 1435.12
776.84 1109.16 1639.29 2673.09 2556.08 1541.28
528.69 705.4 868.26 1497.41 1912.12 1636.94
492.21 698.03 847.76 2462.89 1932.51 1466.21
908.5 1301.77 1802.08 2896.7 2449.83 1643.53
586.46 836.31 1033.13 2328.2 2155.12 1742.06
472.7 661.18 951.11 1443.94 1415.5 922.24
157.34 186.76 224.78 304.84 276.35 210.73
704.88 986.45 1290.51 2086.61 2373.8 1900.16
504.82 706.44 979.21 1521.3 1469.59 982.71
912.81 1315.51 2015.18 3101.86 2761.8 1611.11
810.62 1205.54 1773.24 2749.39 2407.94 1548.62
327.8 568.99 573.68 4303.59 1463.35 758.62
475.58 726.49 975.26 3521.01 1786.37 1045.35
244.5 361.54 363.4 1839.25 657.46 357.68
392.76 638.16 774.61 3930.15 1723.75 964.33
712.41 986.4 1360.8 2271.11 2311.76 1686.31
740.41 1045.18 1503.33 2321.25 2285.55 1595.92
741.32 1041.06 1401.89 2226.11 2715.07 2107.56
187.77 263.6 283.54 1257.02 529.62 314.57
907.78 1318.93 2001.96 3296.81 3733.67 2290.0
198.51 329.91 320.9 2930.06 862.67 436.74
683.47 985.5 1507.19 2304.89 2019.84 1169.03
723.57 1092.08 1551.25 3445.73 2489.91 1534.53
512.95 729.88 1082.28 1782.88 1498.8 893.69
948.97 1358.0 2056.76 3198.99 2830.3 1692.45
529.64 840.63 987.73 3921.84 1922.5 1089.29
566.22 787.78 1056.41 1698.5 1939.89 1521.51
498.12 689.64 1021.26 1537.54 1370.47 834.54
161.41 303.7 227.6 3748.97 1158.25 601.37
642.11 915.73 1344.05 2047.26 1934.75 1264.14
732.9 1013.35 1323.19 2100.15 2380.45 2018.96
725.59 1082.07 1589.87 3234.55 2357.62 1352.07
961.05 1387.63 1950.41 3144.65 2479.19 1530.13
401.87 701.3 633.17 4803.19 1486.19 707.42
661.35 918.47 1176.35 1909.36 2328.91 1955.0
791.01 1131.75 1672.44 3077.33 2331.51 1369.65
721.13 1070.65 1540.35 3677.37 2363.7 1331.0
522.82 739.67 1040.17 2094.36 1466.16 864.61
506.76 714.19 998.97 1980.48 1546.59 990.99
422.98 632.35 843.18 2394.35 1509.74 899.03
879.44 1296.04 1881.95 2831.4 2866.07 2053.71
852.6 1249.66 1812.56 3410.62 3172.38 2020.16
557.49 946.99 970.54 4938.64 2169.59 1207.73
660.48 969.29 1360.4 2528.55 1620.47 965.62
758.71 1099.45 1576.53 2759.74 2505.3 1647.23
689.49 965.02 1287.79 2066.93 2326.46 1849.96
870.13 1281.07 1872.72 3091.78 3005.81 1957.05
851.08 1285.7 1866.73 3393.26 2666.75 1663.63
269.03 525.66 272.2 5161.83 1148.62 443.78
636.36 972.96 1391.36 3365.43 2105.47 1256.68
791.74 1143.79 1600.02 2450.36 2549.3 1888.34
728.83 1012.57 1308.94 2076.13 2317.8 1991.84
846.05 1237.43 1876.69 3136.64 2623.9 1542.48
776.06 1184.91 1719.94 3536.58 2509.02 1514.44
394.24 546.51 743.28 1172.56 922.72 629.29
421.89 700.18 804.62 4056.15 1782.34 974.99
378.37 533.53 683.87 1679.65 1108.84 721.55
547.24 828.08 1112.36 3720.61 1747.68 988.68
784.23 1144.52 1689.69 2596.33 2768.18 1788.84
236.06 310.72 394.78 804.44 569.52 394.65
605.62 854.58 1256.71 2032.58 1929.09 1155.59
441.67 614.49 858.66 1318.05 1225.3 780.17
798.37 1159.88 1784.31 2739.12 2397.93 1379.56
548.94 862.7 1112.13 3827.73 2120.31 1260.13
879.06 1257.11 1740.45 2829.23 2391.48 1575.3
711.06 1097.02 1469.43 3860.61 2531.01 1522.25
390.6 564.19 771.06 1479.28 1317.65 864.36
844.17 1220.79 1826.82 2836.45 2631.93 1658.06
611.64 920.61 1315.99 2792.53 2350.9 1504.67
332.64 447.25 624.8 920.1 1078.11 737.02
849.03 1216.08 1759.35 2750.92 2736.01 1879.78
893.93 1348.03 2026.09 3149.24 2925.84 1901.51
971.78 1418.67 1995.66 3211.7 2783.69 1789.23
342.48 609.51 621.37 4542.01 1520.19 757.63
507.53 828.41 1075.82 4121.76 2316.22 1350.24
328.99 564.59 542.1 4166.91 1536.0 936.1
163.9 379.18 182.4 4738.69 1074.53 447.92
643.2 961.82 1336.23 3733.05 2128.89 1179.06
800.43 1123.78 1527.11 2374.05 2845.44 2231.3
448.62 629.68 941.76 1505.59 1677.51 1012.04
244.72 412.84 416.56 3753.06 1294.76 763.4
269.1 487.55 519.29 4304.38 1424.37 678.75
604.51 868.41 1190.1 2104.52 1939.77 1393.94
309.06 424.49 599.6 846.07 776.62 516.1
766.76 1146.07 1694.1 2772.03 2319.71 1445.79
298.35 415.76 552.51 1457.44 921.71 544.3
338.63 569.65 654.48 4211.35 1821.06 975.39
360.3 622.95 676.18 4241.89 1478.34 769.73
649.91 897.25 1136.06 1857.05 2223.71 1899.17
644.56 947.77 1215.26 3131.06 2199.4 1493.7
853.7 1217.71 1752.84 2881.84 2887.31 1894.15
895.29 1317.15 1859.43 3331.96 2789.78 1702.68
785.85 1109.59 1637.64 2665.93 2283.88 1405.76
448.93 751.09 902.5 3873.31 1803.63 986.24
244.44 491.82 416.92 4656.59 1532.5 703.1
501.72 716.06 1031.21 1967.88 1451.29 836.52
787.32 1151.74 1644.14 2666.05 1876.78 1134.63
649.43 940.65 1181.34 2800.25 2278.74 1639.3
860.6 1224.27 1789.22 3064.5 2552.75 1613.92
920.67 1379.92 2059.98 3082.18 3007.28 2014.14
688.08 1044.98 1534.73 2783.37 2239.69 1408.76
422.07 587.29 800.84 1250.46 1090.46 721.9
865.23 1270.79 1846.4 2899.15 3276.45 2258.9
716.44 1026.06 1496.63 2314.99 2291.75 1491.22
766.25 1155.49 1691.04 3515.72 2452.04 1365.84
837.15 1222.79 1761.36 2779.37 3163.9 2213.0
857.45 1276.67 1902.37 2796.85 2508.33 1587.4
460.51 660.02 957.86 1447.33 1589.78 1061.3
425.92 613.48 711.46 2661.68 1682.96 1277.53
584.79 791.34 997.7 1694.05 2105.67 1765.14
430.03 601.44 896.89 1430.66 1593.42 963.42
381.97 631.57 635.42 3896.76 1333.4 635.29
948.49 1365.8 2001.14 3074.76 3652.18 2444.28
549.73 773.22 1122.01 1709.01 1993.35 1318.62
261.69 347.42 463.25 703.65 517.98 343.39
414.6 582.91 827.21 1197.64 1140.05 786.84
317.75 539.09 532.07 3163.27 1116.63 578.15
743.19 1061.91 1561.61 2373.53 2803.29 1841.38
187.62 230.15 282.09 397.72 438.41 356.1
594.73 808.31 1028.06 1732.96 2126.78 1767.2
732.46 1135.23 1487.18 4309.87 3005.81 1718.89
842.53 1207.05 1725.62 2689.73 2717.73 1922.32
677.14 1040.49 1406.3 3912.42 2250.17 1251.46
807.0 1180.88 1719.24 2586.37 2505.87 1695.9
368.71 504.6 713.63 1068.96 1048.45 692.82
893.39 1315.9 1942.24 3109.93 3070.46 1965.72
721.82 1025.63 1367.64 2486.13 2524.98 1985.67
761.75 1076.79 1446.89 2387.78 2415.14 1779.29
668.87 919.6 1218.3 2034.16 2167.76 1695.75
973.81 1422.24 2001.47 3225.13 2788.14 1787.58
404.35 579.22 848.6 1225.41 1160.52 765.03
866.92 1271.81 1794.43 3356.55 3162.5 2044.18
547.53 784.17 1133.95 2200.94 1638.45 962.28
268.52 352.03 482.95 695.68 808.28 556.26
792.84 1202.99 1530.59 3685.36 2186.38 1283.2
896.39 1340.55 1986.98 3196.48 3407.98 2236.42
657.64 903.99 1202.32 2034.79 2334.81 1790.9
549.84 772.81 1067.23 1691.54 1341.31 844.27
486.4 811.51 812.91 4633.28 1715.87 951.88
194.82 241.81 303.87 435.46 361.64 256.87
768.39 1080.94 1485.94 2318.51 2469.93 1924.74
702.11 984.75 1382.26 2232.7 2340.89 1686.19
675.62 1057.99 1275.14 4441.12 2350.34 1275.37
325.84 581.91 562.94 4708.36 1531.35 768.66
616.74 908.55 1200.38 2980.25 2323.78 1633.57
971.46 1412.15 2090.05 3242.4 3175.9 2022.56
906.37 1341.12 1970.99 3074.66 3441.35 2326.14
553.72 821.66 1058.06 3070.77 2172.02 1590.77
477.62 664.74 958.12 1434.81 1687.12 1122.38
928.44 1346.69 1876.94 3232.41 2424.74 1483.35
699.53 993.56 1341.32 2413.01 2549.44 1874.79
203.81 383.99 328.16 4359.16 1188.02 560.38
724.31 1029.0 1511.53 2467.29 2379.44 1454.16
604.2 964.16 1208.79 4108.61 2600.61 1563.34
516.18 730.84 1049.47 2007.38 1582.89 986.77
933.64 1336.66 1940.85 3139.77 2439.06 1523.07
664.71 918.04 1206.42 2007.49 2283.77 1774.59
849.26 1270.79 1882.13 2974.98 2530.11 1589.85
506.89 801.04 1092.8 4138.44 2470.23 1331.55
526.05 832.72 1029.03 4290.85 1939.71 1019.95
589.09 942.21 1036.47 4459.57 1951.49 1067.68
691.26 1046.27 1478.13 3777.34 2700.37 1660.17
705.03 1010.74 1348.88 2621.0 2462.93 1885.78
486.67 794.29 971.63 4296.39 2043.13 1168.04
629.86 934.3 1403.26 2059.27 1946.29 1257.78
885.35 1292.02 1889.42 3318.05 3260.05 2091.98
538.31 850.89 907.46 3740.41 1935.74 1273.13
800.66 1125.57 1497.66 2387.82 2389.57 1876.25
856.98 1271.2 1895.57 3743.88 3602.8 2128.71
137.69 157.2 190.9 242.43 224.01 169.05
312.13 576.84 383.46 5047.83 1255.46 518.12
976.12 1431.07 2214.85 3631.47 4063.91 2392.99
719.33 1021.72 1403.63 2255.27 1921.99 1290.5
193.37 377.68 302.8 4703.24 1125.36 479.53
750.55 1052.0 1388.84 2177.92 2575.56 2148.71
733.56 1041.79 1437.44 2322.14 1949.77 1281.7
915.23 1361.97 2033.77 3001.75 2762.58 1761.25
774.1 1134.26 1580.31 3465.95 2136.1 1283.21
353.96 605.6 639.02 4115.31 1542.54 781.46
829.2 1225.18 1750.11 3451.68 3098.81 1965.13
843.38 1188.32 1697.12 2740.04 2548.42 1767.5
578.04 969.01 1045.49 4385.07 2303.88 1328.42
660.06 916.33 1172.38 1903.63 2324.04 1953.8
920.16 1338.26 1921.49 3103.62 2820.19 1738.76
691.33 978.15 1301.47 2122.09 2072.86 1608.08
755.4 1059.95 1434.01 2316.37 2308.04 1768.88
930.49 1383.37 2046.43 3163.19 3507.48 2350.56
586.54 935.2 1262.82 3999.19 2553.74 1533.57
641.36 912.18 1190.86 2288.54 2290.89 1773.53
843.47 1225.77 1740.07 3413.74 2286.28 1391.55
736.31 1048.25 1516.65 2344.2 2282.81 1579.09
686.22 961.58 1248.46 2042.32 2204.87 1802.4
861.17 1265.19 1723.95 3341.59 2316.71 1411.19
962.0 1398.0 2014.0 3173.0 2939.0 1816.0
69.0 191.5 59.0 4653.5 930.0 346.0
134.0 394.5 95.5 5146.0 1087.0 409.5
969.0 1403.0 2079.0 3181.0 3518.0 2279.0
155.0 368.0 123.0 5163.0 1156.0 447.0
89.8 263.8 87.2 4769.8 1060.5 381.0
971.0 1390.0 2115.5 3245.0 2879.5 1707.0
122.0 299.0 89.0 4632.0 914.0 354.0
72.0 203.8 71.8 4231.5 957.5 341.5
907.5 1325.5 2047.5 3151.5 2757.0 1579.5
948.0 1357.0 1978.0 3155.0 2462.0 1531.0
56.8 180.8 53.0 4412.8 873.5 325.0
119.5 322.5 80.5 4825.8 970.8 371.8
948.0 1376.0 2046.0 3146.0 2970.0 1921.0
911.0 1341.0 1922.0 3127.8 2196.5 1320.8
985.0 1493.5 2276.8 3372.5 3183.8 2033.8
76.2 218.5 55.5 4643.8 764.8 282.8
962.5 1390.0 1954.5 3151.5 2480.0 1527.0
959.5 1435.2 2145.2 3160.2 2832.8 1787.8
88.5 243.0 63.5 4918.0 903.5 321.0
978.0 1422.0 2105.0 3266.0 3199.0 2037.0
79.2 209.2 66.0 4931.0 970.2 374.0
222.2 574.0 104.8 5481.0 1198.8 463.2
992.0 1434.0 2127.0 3253.0 3849.0 2515.0
980.5 1432.2 2016.0 3245.2 2807.8 1800.2
966.0 1422.0 2112.0 3259.5 3477.0 2237.5
109.2 304.0 68.8 5231.2 1052.0 412.0
978.0 1434.0 2220.0 3640.0 4073.0 2397.0
81.5 229.5 75.0 4588.5 1023.0 369.5
937.0 1353.0 2081.0 3198.0 2826.0 1629.0
924.0 1316.0 1970.0 3207.0 2671.0 1584.0
102.5 315.2 89.5 4914.0 1200.8 467.0
980.0 1467.0 2194.0 3388.8 3736.5 2446.5
955.0 1376.0 2056.0 3368.0 3193.0 1885.0
977.5 1462.0 2197.0 3231.5 2940.0 1846.5
939.0 1381.8 2053.5 3176.2 3230.8 2074.0
265.0 540.0 222.0 5608.0 1151.0 427.0
83.0 265.0 84.5 4714.5 1156.5 420.5
245.0 494.0 207.0 5231.5 1090.0 397.0
304.0 635.0 236.5 5868.5 1229.5 464.5
138.0 335.0 114.0 4964.0 1063.0 407.0
53.8 244.8 74.8 4340.2 1057.2 381.2
560.0 749.0 922.0 1597.0 2053.0 1760.0
629.0 865.0 1077.0 1766.0 2207.0 1925.0
703.0 966.0 1222.0 1927.0 2335.0 2087.0
100.0 100.0 100.0 100.0 100.0 100.0
