780.74 1101.49 1383.7 2599.18 2474.3 2138.8
892.3 1306.39 1894.57 3476.4 3533.13 2277.51
606.5 916.0 1026.1 3114.03 2083.95 1633.15
393.54 723.14 462.87 5105.3 1479.77 800.83
175.03 301.38 230.99 2726.41 811.71 409.63
100.61 152.21 97.45 1267.9 367.06 189.04
317.48 516.29 577.76 3424.44 1327.94 716.19
505.65 759.15 901.88 2893.24 1911.12 1500.22
101.5 228.99 93.71 2985.44 759.8 319.97
522.92 821.75 1038.87 3910.74 1911.93 1114.58
60.28 249.38 85.58 4260.05 1053.64 390.78
77.91 219.52 58.81 4602.56 763.5 285.58
414.11 667.23 736.51 3920.09 1836.76 1182.95
574.96 886.6 1160.47 3708.44 1639.74 942.24
628.67 920.72 1130.05 2523.83 2212.28 1818.65
260.68 386.12 367.57 1790.09 805.36 563.73
167.67 380.45 284.11 4018.09 1287.89 664.03
352.45 566.91 706.11 3706.15 1665.67 935.37
619.34 920.89 1110.23 2848.15 2155.66 1711.69
228.82 399.57 369.19 3981.86 1253.87 755.98
110.04 162.11 103.7 1385.64 354.54 181.15
376.65 608.47 662.74 4027.33 1566.0 979.19
519.98 744.21 907.51 2249.35 1746.51 1441.69
90.69 165.16 87.42 2358.54 564.44 235.61
449.88 716.08 881.7 4023.33 1682.0 929.59
520.42 780.2 1040.77 2870.07 1803.83 1086.72
294.75 396.56 466.61 1188.56 848.75 707.2
137.67 285.0 205.94 4139.03 1060.44 536.73
713.89 1025.06 1276.72 2559.75 2362.73 2003.37
606.15 921.96 1026.21 3377.49 2103.99 1661.3
466.94 764.42 681.53 4346.96 1682.76 1106.16
181.58 359.4 244.07 4567.0 1120.69 571.4
642.7 936.03 1138.62 2828.2 2196.62 1811.86
268.24 499.57 371.05 4341.81 1307.78 766.02
221.44 408.89 341.64 3916.02 1123.94 561.27
667.11 1010.42 1384.16 3448.64 1836.33 1036.12
122.22 257.49 181.65 3777.43 984.72 404.13
501.92 778.83 984.37 4070.01 1653.13 903.0
238.8 403.95 341.39 2149.5 858.18 481.72
696.05 1009.65 1199.88 3065.14 2303.67 1895.01
518.94 921.73 918.63 4634.87 2183.11 1244.03
105.51 222.23 81.31 3174.44 670.41 286.94
590.18 853.64 1254.18 2420.5 2330.56 1434.49
328.1 584.42 579.28 4307.91 1446.93 744.98
152.72 205.86 232.44 1084.63 435.39 266.6
98.54 107.68 97.61 439.6 161.17 119.26
735.17 1052.45 1304.34 2362.76 2348.88 1998.51
290.4 503.55 348.26 3748.66 1070.72 580.48
146.12 324.73 119.29 4345.54 985.5 390.97
252.1 498.9 201.77 4400.99 942.16 371.77
308.84 541.3 462.95 4155.0 1457.45 890.78
114.18 261.74 85.82 3535.32 733.01 297.58
245.91 586.5 179.47 5193.68 1217.84 494.94
190.71 268.94 302.34 1387.04 563.77 315.81
512.66 791.34 1053.87 4040.42 1967.94 1145.83
181.85 345.33 202.0 3612.38 962.9 469.02
418.92 654.1 690.78 3846.48 1650.85 1183.64
93.38 164.3 93.96 1898.15 511.69 224.89
559.43 890.13 1169.76 3310.0 1867.5 1093.62
266.68 499.9 358.38 4654.42 1389.5 732.17
294.06 544.01 499.88 4621.32 1399.22 669.32
263.44 434.41 487.9 2715.25 1283.24 674.37
450.91 714.4 882.59 4153.45 1848.28 1015.16
80.19 217.17 64.41 4434.46 744.34 281.52
697.29 1003.4 1384.29 2720.92 2327.32 1563.12
775.87 1107.65 1442.36 2585.47 2435.69 1981.76
503.91 759.84 852.13 3570.86 1843.09 1405.53
452.95 755.68 741.5 4680.72 1858.06 986.62
91.08 133.07 91.02 1416.35 373.21 176.95
457.02 731.24 777.84 3552.8 1895.97 1366.65
310.98 533.62 501.16 4092.78 1517.71 942.62
256.39 450.31 389.44 4204.87 1281.32 768.42
532.15 759.55 1040.65 1814.4 1456.22 942.9
174.64 299.05 155.19 2591.72 575.45 247.93
641.66 942.93 1256.23 3132.14 2195.51 1515.77
647.36 977.43 1363.0 3618.35 2380.98 1418.24
120.85 280.63 97.24 3195.01 705.39 289.83
592.53 995.39 1141.21 4578.94 2607.11 1410.73
450.87 748.88 746.33 3823.82 1799.61 1252.32
87.48 206.35 99.74 4287.9 903.65 351.63
92.14 197.69 75.06 3391.44 648.92 250.98
245.28 353.39 363.01 1221.28 686.33 496.17
116.37 179.75 106.84 1606.61 414.24 203.26
112.15 178.19 132.87 1697.51 467.43 223.69
93.91 119.07 96.68 658.57 226.09 137.04
342.76 534.06 570.59 3268.02 1308.29 920.21
386.37 598.01 639.09 2814.85 1479.46 1101.31
556.48 860.93 908.34 3479.26 1947.32 1456.51
440.43 703.9 884.34 4011.68 2029.85 1143.49
168.97 268.03 249.0 2348.7 767.59 474.28
192.46 365.05 349.82 4208.73 1083.61 483.14
189.67 397.17 215.12 4782.08 1176.56 544.9
583.97 887.93 1100.22 3309.33 2242.03 1627.75
374.31 648.24 492.04 4495.15 1421.74 824.86
89.61 225.48 89.26 4153.94 950.71 360.65
293.0 526.88 565.02 4042.98 1630.23 827.4
74.02 176.68 65.64 3916.08 795.59 306.16
127.12 183.9 182.11 1509.54 456.62 238.51
466.95 783.14 763.63 4932.07 1645.43 793.14
107.32 321.33 100.51 4901.1 1210.06 475.77
466.91 770.33 719.43 4427.52 1719.11 1037.28
124.56 341.09 132.34 4829.29 1244.06 522.99
220.91 376.52 357.08 2658.93 890.95 486.43
545.26 883.04 970.45 4597.75 1897.4 1040.04
395.51 644.45 751.84 3760.15 1686.87 1029.56
312.94 552.77 458.36 4196.38 1409.05 884.47
225.3 305.93 400.81 922.51 573.34 370.82
602.46 880.44 1072.01 2767.19 2129.02 1722.05
113.73 307.77 197.17 4000.85 1158.19 497.51
132.73 327.08 195.41 4586.26 1251.08 504.58
705.69 1090.87 1522.06 3606.23 2251.3 1353.28
828.93 1162.78 1472.29 2478.44 2580.86 2259.54
332.01 553.39 583.67 3663.81 1448.38 843.44
374.68 609.82 593.63 3737.57 1528.33 1054.63
77.22 213.44 57.4 4449.96 736.44 275.0
458.71 733.19 871.12 3842.57 1752.79 985.75
476.84 805.58 863.46 4302.38 1665.77 880.45
905.61 1369.13 2038.08 3243.72 2969.15 1962.39
598.55 908.14 1147.74 3360.96 2280.21 1600.82
569.65 841.61 1022.91 2676.58 2059.07 1667.78
458.97 648.01 769.6 1656.66 1403.38 1174.85
102.93 118.14 101.08 475.42 174.33 123.7
118.32 265.67 90.84 3873.01 777.68 311.46
77.45 212.29 57.83 4405.64 729.95 273.22
603.85 887.59 1133.27 2947.58 2107.99 1571.33
191.57 411.4 199.28 4972.63 1237.14 551.07
270.36 513.6 431.03 3940.49 1233.65 610.89
741.27 1116.28 1496.78 3717.3 2451.32 1441.55
638.52 979.11 1293.79 3961.21 2695.84 1642.47
815.28 1207.5 1818.93 3391.74 2560.05 1444.64
288.56 402.16 520.29 1301.82 983.41 633.6
454.88 751.02 654.08 4422.28 1651.0 1065.6
464.7 730.73 928.78 3764.45 1831.82 992.11
118.91 263.79 97.5 2906.31 648.92 272.13
628.82 995.2 1408.8 3851.87 2331.97 1377.7
776.02 1116.59 1458.4 2291.38 2566.56 2100.39
425.06 669.45 808.08 3483.4 1828.14 1077.6
100.62 153.26 97.4 1291.49 372.45 190.83
222.08 569.89 107.54 5414.12 1189.22 462.77
484.98 771.19 994.27 3937.69 2126.74 1233.77
191.77 349.36 167.72 3347.73 726.57 287.97
192.34 458.17 103.63 4166.02 930.28 374.44
225.11 459.12 322.35 4509.87 1436.28 769.86
172.83 273.36 220.01 2033.42 663.49 396.29
231.17 414.43 440.28 4177.33 1379.01 698.52
92.56 219.41 90.67 3504.35 800.22 304.85
209.53 372.35 325.32 4187.43 1244.3 709.41
345.57 603.54 643.37 4650.63 1558.56 759.51
797.62 1198.15 1665.76 3672.71 3220.12 2039.17
586.32 899.23 1200.47 4000.6 2526.45 1529.88
580.43 846.67 1129.34 2653.21 1578.2 946.74
505.43 766.77 883.19 3120.43 1894.62 1467.49
318.74 652.99 279.42 5807.6 1265.55 494.26
306.48 535.88 381.44 4087.94 1192.51 629.62
135.33 337.06 128.21 5159.5 1130.18 475.78
884.27 1297.77 1889.89 3440.07 2957.13 1856.19
282.27 516.48 406.39 4206.22 1351.77 817.32
346.82 588.07 526.49 3965.65 1546.82 985.72
739.29 1061.45 1342.92 2113.11 2454.91 2112.33
154.89 312.9 102.16 2516.89 593.53 263.13
437.56 717.2 910.59 3840.45 1768.89 911.64
101.06 190.84 95.57 2132.1 564.67 254.92
275.51 460.58 538.31 2546.61 1130.03 634.9
537.62 771.68 918.93 2546.9 1760.63 1445.5
748.23 1063.01 1320.06 2720.08 2418.17 2054.46
505.73 807.6 991.1 4138.66 1928.75 1094.33
141.56 278.53 193.12 4254.26 1048.97 514.62
867.96 1268.75 1791.9 3009.88 3050.86 2140.4
553.72 824.09 1142.32 2602.02 2007.79 1257.87
355.09 605.3 521.25 4387.17 1580.43 982.5
412.61 644.18 736.69 3613.77 1597.98 1050.83
90.5 218.09 69.86 4078.56 763.51 282.5
523.1 788.97 917.93 3044.24 1936.63 1516.08
631.58 1015.33 1379.95 3965.95 2280.13 1355.13
225.35 408.76 211.48 3204.95 757.88 333.25
100.5 142.65 97.92 1054.12 318.18 172.74
266.68 500.45 345.28 4729.97 1392.9 745.89
323.08 571.57 585.02 3931.17 1339.39 697.08
788.47 1211.69 1734.95 3510.2 2507.11 1524.21
248.32 432.88 461.47 4360.12 1445.64 731.14
455.74 686.4 846.41 3053.78 1721.68 1203.1
798.3 1131.5 1442.01 2227.7 2564.25 2233.44
423.92 582.46 720.22 1189.53 1257.43 1092.31
661.7 954.28 1182.26 2687.8 2255.6 1878.73
479.35 792.37 1062.56 4017.79 2445.84 1309.38
862.01 1205.37 1531.94 2409.6 2653.04 2340.41
97.5 112.44 95.33 577.09 169.8 119.19
90.47 236.77 84.69 4607.93 799.03 315.32
157.87 365.32 189.09 5022.69 1140.38 486.85
642.91 965.73 1383.73 2651.85 1967.96 1210.55
565.12 844.04 1099.21 2755.9 2220.98 1543.36
887.7 1306.97 1906.63 3370.96 2989.72 1875.21
87.64 145.82 87.55 1923.62 478.5 206.6
196.62 470.4 240.6 4996.78 1227.07 515.88
117.51 299.75 82.49 4342.69 881.78 344.01
806.95 1197.57 1663.48 3151.2 2967.01 2113.45
204.92 407.99 330.79 4410.25 1304.32 628.2
295.46 486.98 485.08 3711.23 1437.71 907.34
281.64 523.14 583.83 3818.67 1471.48 720.42
120.14 198.15 108.42 1954.24 486.74 227.08
457.71 725.62 769.0 3345.38 1778.22 1320.3
322.05 659.63 385.99 4733.21 1372.23 635.2
258.51 498.61 379.72 4815.25 1414.98 657.98
590.64 908.54 1125.96 3500.07 2336.49 1594.01
85.61 190.62 100.21 3495.63 765.68 332.26
311.0 472.24 532.87 2292.13 1100.17 712.5
245.63 488.35 207.68 4961.45 1027.63 388.62
600.99 917.35 1201.06 3656.07 2508.06 1529.01
131.66 276.27 168.28 4089.04 823.48 376.21
342.34 578.14 717.92 4046.44 1514.39 796.87
427.29 660.33 768.0 3468.06 1741.69 1208.69
376.08 726.77 504.2 4710.58 1421.06 675.01
310.3 645.03 324.93 4696.83 1384.12 743.96
859.73 1249.03 1861.0 3429.14 2663.59 1545.79
488.7 753.33 858.65 3136.14 1915.76 1443.8
110.06 187.09 98.67 1592.29 391.89 191.53
588.52 901.15 1182.98 3740.68 1986.96 1174.18
917.28 1341.22 1918.52 3230.47 2846.35 1745.35
468.12 767.19 665.84 4533.03 1660.46 1074.29
197.9 318.46 342.98 2947.82 909.06 442.73
370.69 521.38 612.34 1512.07 1149.14 949.79
213.06 516.62 125.25 4708.75 1063.56 425.73
202.43 427.38 286.54 4362.7 1372.2 716.83
297.28 539.7 490.63 4622.26 1533.54 765.8
946.75 1358.36 2059.86 3281.63 2828.88 1670.53
223.37 428.98 191.22 4218.17 885.8 344.49
792.71 1117.11 1404.71 2553.56 2506.26 2166.43
596.51 924.05 1130.21 3630.77 1597.6 874.36
679.71 985.86 1214.33 2662.19 2311.38 1921.86
338.24 580.68 538.02 3881.89 1595.59 1030.23
135.37 196.11 126.1 1351.78 341.5 172.45
503.52 702.96 872.13 1468.48 1544.45 1335.93
88.98 237.09 65.01 4718.85 870.29 311.86
393.48 659.35 525.47 4319.78 1412.5 855.37
636.19 951.77 1345.04 3738.85 2369.7 1331.28
268.43 500.42 468.95 3731.2 1491.66 915.17
108.12 280.07 72.46 4629.35 940.34 375.4
904.8 1312.86 1831.13 3267.74 2381.37 1451.68
872.67 1278.4 1964.91 3213.88 2681.12 1528.27
319.02 651.69 278.88 5796.75 1267.81 496.88
801.54 1134.9 1446.11 2226.57 2566.13 2238.22
113.14 213.8 98.26 2049.82 481.39 219.59
193.58 355.6 290.15 3917.67 994.11 553.91
661.2 982.42 1255.39 2928.39 2463.37 1852.69
239.68 451.82 363.21 4429.47 1305.18 646.67
220.52 378.22 348.0 3753.6 1208.16 721.2
393.41 637.64 626.57 3623.87 1294.3 675.69
685.92 1103.47 1359.45 3869.56 2235.56 1375.12
112.06 307.75 75.59 5223.24 1058.25 417.27
94.98 126.35 91.79 1265.87 310.01 166.12
483.49 782.26 878.38 4200.42 1882.27 1068.24
139.71 254.03 101.56 1848.55 457.05 218.02
600.46 892.62 1104.72 3179.88 2049.18 1488.01
73.91 177.02 65.49 3932.95 798.66 307.07
247.84 461.03 330.91 4415.28 1275.92 693.5
267.34 508.65 409.56 4281.08 1524.03 885.31
290.25 476.24 478.3 3919.73 1424.83 918.15
418.87 711.59 650.04 4733.73 1571.62 755.0
235.96 441.97 334.68 4332.81 1180.67 610.93
473.01 660.72 874.96 1351.7 1555.32 1206.45
124.66 224.32 124.28 2529.49 572.24 261.65
100.86 109.77 99.14 307.52 138.24 111.94
156.17 344.0 214.02 4505.51 1195.26 552.2
237.41 394.48 370.03 3178.1 1162.51 710.13
301.97 500.3 476.24 3356.14 1248.33 779.81
398.71 605.1 634.86 1993.94 1320.78 1033.47
101.54 117.59 98.46 473.69 168.86 121.49
428.64 610.01 849.5 1782.63 1477.41 951.16
180.24 313.96 159.33 2778.41 611.08 259.01
718.11 1078.66 1547.86 3357.81 2631.81 1626.27
841.01 1233.84 1821.05 3480.07 2585.19 1458.1
807.72 1226.77 1787.33 3407.11 2519.94 1542.62
345.67 542.16 690.33 3166.04 1365.46 692.32
260.65 441.79 380.52 3285.03 1153.01 704.17
245.35 481.86 360.26 4575.85 1196.1 544.25
318.44 479.73 601.14 2937.22 1165.08 621.14
151.66 339.38 161.78 4589.02 1011.58 426.34
193.01 353.84 295.05 3852.98 1195.71 640.49
554.59 838.43 1203.14 3599.54 2484.05 1400.65
197.25 387.11 244.42 3854.06 1036.62 553.87
597.98 875.56 1062.07 2313.89 2015.45 1591.37
737.1 1057.7 1286.92 2816.22 2370.0 2008.63
470.17 658.23 816.2 1311.57 1461.35 1258.27
896.03 1310.58 1911.35 3407.31 3564.72 2293.86
329.56 584.84 374.13 4062.38 1150.69 624.21
286.52 547.06 304.74 5062.66 1153.15 463.84
920.47 1351.03 1887.53 3310.37 2685.54 1703.81
94.91 163.29 83.85 2232.35 455.61 197.81
156.17 252.62 141.45 2087.7 483.48 215.04
244.19 345.83 415.22 1367.51 820.48 540.55
75.19 191.98 75.01 3760.87 859.82 313.99
329.33 566.29 584.46 4002.85 1629.47 969.96
134.08 341.18 114.89 4799.31 1008.65 400.08
300.36 528.03 466.66 3820.74 1480.55 922.73
675.11 981.27 1165.08 3072.92 2243.48 1840.49
472.33 780.13 996.36 4106.91 1870.42 1012.52
139.92 361.07 169.36 4809.42 1254.57 525.12
617.58 910.78 1078.29 3129.19 2187.81 1739.86
252.45 424.34 379.16 3165.13 1104.59 667.25
286.69 508.74 420.2 3358.83 1229.08 781.18
298.04 548.17 481.14 4803.58 1461.46 663.2
335.66 573.68 517.72 4028.02 1519.36 966.72
69.6 197.29 77.2 4369.48 903.08 358.51
106.45 155.86 99.15 1057.19 287.23 158.71
284.85 398.38 438.45 1380.89 843.68 676.43
454.84 721.21 945.25 3105.44 1738.52 1018.27
548.78 783.99 928.51 2308.74 1754.96 1450.6
202.39 432.43 283.45 4530.46 1396.67 720.49
791.57 1165.97 1716.28 3459.25 2523.01 1447.64
477.98 810.69 657.78 4609.79 1695.9 1081.64
99.79 103.39 99.74 196.58 119.86 105.81
465.12 701.06 754.37 2606.09 1560.0 1192.52
482.69 735.95 828.22 3431.55 1823.28 1381.43
475.21 667.08 824.14 1343.74 1479.64 1271.75
138.49 204.6 128.41 1462.26 362.82 178.84
586.44 889.75 1216.96 3117.42 2256.22 1411.79
317.08 450.67 587.47 1544.32 1075.03 682.57
784.2 1135.22 1515.18 2955.35 2633.68 1988.45
617.52 939.3 1252.35 3744.98 2093.47 1219.75
231.42 371.3 345.16 1736.4 685.67 387.19
398.44 689.91 616.76 4155.52 1656.58 1110.59
99.66 103.33 99.69 193.02 121.3 106.46
464.25 707.3 790.07 2686.2 1685.81 1310.19
140.32 293.91 189.55 3521.72 1031.49 486.37
256.48 481.01 459.51 4084.18 1455.08 754.25
90.64 146.6 82.5 1886.77 361.42 171.88
95.58 171.0 94.45 2124.13 516.33 221.8
137.87 334.22 113.95 4947.78 1059.79 405.98
733.4 1077.05 1227.39 3248.59 2320.85 1897.43
703.77 1063.86 1470.3 3753.15 2411.53 1481.62
92.9 214.08 91.09 3352.37 768.96 295.71
123.2 189.97 100.91 1121.38 308.57 168.94
147.25 349.72 145.7 5043.27 1136.55 514.6
367.65 593.78 778.22 3161.54 1499.86 832.91
413.02 635.81 649.83 2851.86 1406.6 990.25
661.26 1038.36 1472.42 3657.6 2369.61 1438.47
302.27 506.03 520.73 2921.92 1377.77 930.59
173.33 387.16 294.31 4001.04 1299.16 678.58
71.39 184.45 62.16 4302.83 866.08 327.06
438.09 626.28 763.4 1525.12 1439.34 1200.25
683.15 987.87 1237.57 2292.31 2321.46 1964.97
464.53 713.92 806.82 3790.35 1742.78 1218.3
681.46 992.36 1237.08 2289.9 2336.32 1966.84
290.34 526.12 428.27 4078.02 1378.64 850.9
790.08 1136.5 1467.39 2612.26 2459.6 1965.23
246.42 454.83 422.74 3395.35 1345.25 822.0
522.75 856.86 1033.69 4263.08 1919.53 1012.12
256.8 447.48 467.79 4581.7 1478.74 754.24
721.98 1036.34 1386.34 2926.2 2275.48 1667.64
344.52 596.69 618.8 4218.46 1440.25 775.88
486.07 723.82 969.22 2408.53 1279.8 735.74
350.95 695.97 411.96 4647.97 1510.35 872.22
575.68 789.59 994.44 1526.32 1694.03 1499.15
239.6 424.38 432.47 4062.76 1299.35 731.2
351.74 476.44 584.42 1012.91 1020.56 879.84
165.98 365.65 243.68 4385.0 1320.66 634.42
646.27 932.81 1342.27 2447.56 2484.76 1606.29
243.99 393.21 381.93 2879.8 1116.49 707.39
270.29 455.08 438.53 3769.84 1383.62 843.6
135.5 271.36 199.08 3815.19 986.01 504.18
220.35 373.7 255.8 2968.69 807.15 375.29
118.12 291.99 128.06 3903.26 1016.25 426.08
169.97 383.01 284.5 4060.43 1287.34 663.3
241.2 441.43 426.67 4331.77 1370.5 631.85
244.9 432.21 438.65 3346.89 1111.11 518.31
640.39 960.68 1339.21 3786.51 2737.03 1688.74
289.99 489.34 387.97 3465.6 1026.23 528.87
122.14 207.88 109.26 2137.99 525.07 239.68
878.26 1285.57 1763.4 2979.58 2782.29 2099.12
874.7 1249.94 1755.59 3032.77 2678.18 1883.96
705.55 1020.25 1251.3 2770.54 2348.41 1963.94
440.35 740.3 699.33 4670.65 1593.77 783.62
617.0 931.24 1161.61 3300.82 1909.76 1327.65
307.45 431.09 513.71 1370.44 961.27 681.93
342.31 514.77 562.25 1939.72 1018.73 659.12
643.3 977.64 1058.1 3413.71 2139.09 1668.06
519.45 849.46 893.23 4696.29 2088.93 1159.91
409.32 689.88 699.82 4529.49 1572.99 787.14
534.06 802.02 1083.85 2855.18 1644.19 900.91
353.19 603.04 517.47 4394.53 1576.41 977.42
583.37 957.64 1010.53 4739.49 2190.89 1226.77
205.38 401.89 258.27 4291.33 1121.38 591.12
673.56 1043.59 1383.94 4301.0 2834.07 1566.34
123.96 165.1 117.68 947.91 263.58 149.08
709.62 1021.97 1287.63 2202.71 2382.65 2034.27
101.95 231.12 151.11 2731.28 745.25 311.5
579.28 866.93 1036.51 2743.9 2138.27 1699.89
159.38 289.61 227.82 3737.11 1007.54 534.53
652.19 937.98 1139.37 3085.11 2203.51 1814.69
204.25 386.62 390.09 3992.86 1254.22 578.46
490.29 732.07 836.1 3606.66 1855.04 1407.63
535.16 831.22 1083.65 4077.8 2356.65 1404.74
149.75 231.16 140.33 1757.73 428.59 204.7
148.17 308.94 199.26 4287.94 1137.87 529.89
117.6 252.48 97.67 2712.54 611.01 260.24
163.21 265.76 142.29 1887.29 449.96 212.94
369.98 621.05 590.4 3729.41 1568.77 1074.25
338.2 464.7 559.87 1210.78 1027.06 857.05
508.72 786.99 984.45 3492.26 1929.46 1246.95
255.48 342.77 404.83 869.41 731.03 612.23
650.22 943.42 1156.71 2729.01 2189.87 1830.96
85.4 154.11 85.3 2253.8 547.03 225.9
621.49 970.83 1351.12 3789.35 2080.81 1228.85
210.99 427.58 267.93 4329.54 1172.81 624.06
72.39 181.49 63.49 4155.21 839.17 319.08
439.56 684.02 753.69 3404.42 1738.04 1286.36
648.42 978.7 1320.37 3772.12 2203.81 1320.3
106.63 246.98 77.52 3796.97 785.9 324.79
532.78 799.59 945.16 2885.64 2003.87 1564.71
146.47 223.92 134.36 1651.2 395.99 192.09
593.81 958.37 1025.86 3815.24 2089.95 1418.74
76.98 167.95 69.55 3481.64 716.4 282.69
684.99 992.32 1224.42 2643.33 2322.57 1935.65
176.39 336.42 274.66 4657.39 1182.68 566.52
199.07 423.68 269.27 4664.47 1162.81 520.59
426.4 746.63 777.18 4171.01 1720.05 1017.01
221.47 384.76 289.74 3178.08 1017.31 577.77
96.52 124.36 95.3 944.4 273.64 150.7
138.97 358.38 171.09 4798.27 1246.13 509.89
638.44 925.51 1142.14 2700.02 2196.85 1821.03
900.71 1354.73 2004.69 3278.85 2702.58 1688.79
229.77 442.41 383.61 4408.24 1361.5 658.67
84.4 181.88 74.51 3722.23 752.47 305.44
588.08 878.95 1021.52 3159.2 2101.2 1676.21
171.98 356.3 195.28 3353.55 885.8 445.82
657.81 996.45 1479.24 2707.95 2156.35 1357.8
125.45 334.18 134.64 4645.06 1204.73 511.72
158.79 410.21 155.58 4786.95 1080.18 439.31
58.97 176.74 55.36 4196.11 834.64 313.7
115.15 272.82 84.85 3770.71 776.38 311.12
964.89 1404.56 2075.31 3285.34 3167.17 2012.61
417.33 724.22 602.09 5035.23 1436.86 666.84
223.77 373.8 253.23 2820.13 782.35 409.44
240.87 365.12 378.92 1849.53 932.23 648.16
481.97 820.09 724.55 3800.2 1827.41 1288.49
591.15 909.65 1153.17 3542.58 2273.75 1452.58
753.24 1099.47 1569.51 3510.4 2296.91 1322.11
815.91 1191.39 1642.14 3123.65 2834.84 2027.83
220.62 400.64 401.46 4370.41 1372.68 705.48
387.05 649.04 704.76 4126.7 1344.83 678.78
873.47 1219.59 1553.95 2369.09 2680.25 2370.98
153.53 299.06 247.14 3896.47 1018.4 492.44
609.26 949.74 1235.43 3935.97 2241.94 1321.76
309.12 563.31 641.91 3811.3 1634.66 852.38
229.91 422.51 403.17 4410.37 1282.44 657.45
159.22 275.37 226.57 2247.54 691.86 334.78
76.91 274.1 125.36 4313.42 1125.98 433.77
100.2 101.25 100.07 125.85 105.12 101.63
79.89 159.37 73.4 3054.49 638.54 259.61
77.75 182.5 77.59 3383.71 781.54 291.94
182.51 324.19 160.88 3019.9 663.33 269.0
427.77 691.07 621.83 3832.02 1507.98 1000.89
302.39 627.43 240.08 5748.25 1214.95 463.89
308.48 436.59 499.16 1379.68 978.88 790.31
698.87 1056.16 1368.44 3675.11 2008.02 1165.73
170.32 329.53 288.19 4464.15 1194.87 552.58
92.38 229.08 110.09 4154.63 997.82 392.93
178.15 367.39 213.19 4368.46 1111.26 568.97
587.04 927.75 1204.97 4001.92 2306.7 1335.91
70.61 186.75 61.13 4416.92 886.88 333.22
459.83 672.94 908.01 2051.58 1548.26 1018.83
300.39 488.84 536.97 3890.59 1441.75 834.05
652.74 1026.4 1415.14 3726.89 2406.89 1503.88
499.22 808.48 1011.37 3644.09 1692.58 958.06
123.61 239.77 112.82 2979.6 648.7 289.57
259.72 611.31 188.14 5302.55 1284.08 572.95
515.39 802.17 984.71 3893.23 1660.68 936.38
83.88 264.56 86.32 4674.73 1149.11 418.89
844.89 1248.42 1802.6 3491.37 2878.51 1788.82
236.96 434.92 419.37 3313.34 1258.39 714.9
472.76 817.86 683.37 4083.57 1790.51 1229.47
180.86 413.64 103.18 3660.51 827.06 340.32
578.58 862.45 1015.97 2766.43 2049.63 1652.48
301.03 597.15 468.68 4741.82 1428.9 703.48
198.93 372.28 278.53 4234.06 1114.65 603.96
371.46 635.04 670.86 4440.0 1612.65 843.38
493.31 787.72 936.59 3844.02 2117.43 1309.42
515.26 812.33 862.43 3770.25 1814.75 1205.78
716.12 1065.9 1474.53 3560.56 2484.03 1578.2
486.46 761.88 938.6 3970.09 1739.64 923.32
577.11 790.54 996.8 1498.55 1689.97 1500.34
229.1 432.78 423.09 4391.43 1468.75 710.69
552.31 886.75 1181.64 3913.82 2003.01 1129.13
608.0 904.02 1034.73 3236.3 2077.51 1666.47
88.15 286.56 140.89 4252.96 1128.21 462.6
445.81 692.17 918.1 4065.1 1744.4 914.55
100.09 100.8 99.99 113.74 102.69 100.84
311.75 474.13 519.72 2655.1 1262.67 906.0
164.41 346.78 253.06 4229.96 1081.82 441.8
176.76 308.56 156.64 2816.36 624.06 257.22
115.9 198.35 105.86 2135.68 503.03 228.49
719.59 1095.06 1522.95 3549.22 2719.07 1686.41
152.96 358.07 122.15 4975.38 1116.87 434.14
89.89 153.07 83.48 2447.65 522.88 233.15
98.78 281.99 151.24 3894.36 1060.58 458.27
176.97 305.26 156.91 2669.48 590.29 252.55
361.03 596.66 557.37 3257.76 1392.69 967.41
101.11 184.03 97.27 2600.61 537.57 229.02
266.93 382.6 424.99 1576.87 868.51 678.13
817.6 1266.51 1842.42 3733.61 2774.83 1713.77
113.79 296.23 143.99 4732.58 1132.63 436.67
664.2 943.22 1161.5 2694.21 2161.7 1820.76
116.23 179.09 106.79 1594.08 411.62 202.4
296.66 487.71 481.78 4117.52 1451.41 935.88
361.91 593.59 601.96 3190.89 1579.46 1093.75
127.38 222.82 147.31 2041.99 622.36 324.86
582.18 908.22 1261.24 3792.94 2026.55 1176.88
811.34 1147.0 1465.67 2192.82 2590.24 2265.43
249.19 432.99 424.01 3771.02 1326.33 742.04
313.24 644.51 257.83 5812.11 1252.99 495.34
102.8 131.92 97.2 778.04 224.94 139.0
229.3 415.74 304.71 3741.91 1109.04 574.28
196.8 475.49 103.8 4362.69 970.44 387.72
85.7 177.75 86.56 3397.87 724.39 299.17
95.75 129.78 94.25 1132.34 312.29 161.98
643.82 953.91 1093.11 3093.1 2146.04 1712.13
92.41 139.82 87.6 1861.72 417.34 199.92
146.32 260.58 233.87 3331.94 941.13 434.08
153.35 308.7 160.84 3747.02 862.54 408.54
263.08 482.69 480.7 4618.55 1458.26 737.22
170.85 365.5 184.17 4564.05 1096.43 490.35
475.95 663.58 831.14 1244.01 1475.7 1280.47
681.5 1009.49 1188.11 3131.05 2195.46 1725.78
196.21 370.87 288.56 4184.66 1069.58 613.59
157.49 311.12 247.14 4094.77 1112.87 583.29
118.63 249.73 174.53 4264.86 978.33 399.58
391.76 570.76 762.23 2082.75 1192.45 685.37
362.19 572.03 627.46 3525.5 1566.76 1101.85
890.47 1311.34 1869.11 3107.03 2185.59 1334.62
545.79 813.34 980.47 2743.27 2020.86 1589.43
785.67 1118.62 1406.8 2356.69 2522.02 2178.07
560.13 878.99 1201.91 3963.57 1987.78 1146.39
105.75 172.0 95.66 1817.68 423.77 207.88
591.59 929.97 1277.72 3758.7 2074.43 1193.49
206.39 379.04 356.09 3962.96 1250.69 611.09
556.18 838.0 981.92 3075.55 2088.27 1619.33
141.8 356.2 278.15 4217.66 1232.42 504.73
298.82 509.97 568.02 4295.78 1290.93 637.14
264.36 518.77 258.51 5174.16 1149.72 443.78
255.47 452.75 391.75 4198.14 1300.41 780.13
106.34 172.38 93.66 1637.34 383.28 188.42
209.6 370.22 373.83 2931.77 1028.46 500.04
347.6 549.37 669.5 3062.05 1536.15 834.58
173.81 376.31 199.5 4353.34 1050.61 491.94
735.82 1066.74 1622.86 2560.71 2199.75 1279.13
490.66 738.36 965.77 2917.48 1985.91 1219.68
772.85 1160.95 1566.2 3395.48 2423.3 1537.18
64.69 166.05 61.58 3625.36 732.27 283.92
165.83 378.07 306.61 4021.98 1304.63 615.3
780.51 1168.32 1684.04 3609.12 2952.66 1847.72
797.94 1144.77 1528.51 2454.97 2442.29 1915.2
812.69 1233.91 1806.0 3574.38 3217.65 2062.03
199.72 367.08 310.3 4597.29 1194.5 605.79
401.59 733.41 486.13 5099.1 1515.69 820.83
525.99 826.86 1095.05 3944.04 2135.8 1270.89
671.48 1029.39 1312.19 4247.5 2146.19 1163.96
731.42 1085.55 1544.88 3530.15 3030.0 1899.37
741.0 1062.95 1346.59 2102.88 2456.69 2116.01
114.04 198.76 110.6 2233.84 532.35 255.37
629.99 954.81 1221.87 3189.26 2504.9 1753.19
613.81 890.41 1073.85 2970.06 2121.83 1713.44
455.01 711.98 793.49 3274.13 1843.52 1354.03
491.51 791.76 818.68 3587.48 1880.48 1389.1
130.93 367.87 95.91 4689.64 997.74 381.51
830.76 1199.61 1752.33 3285.05 2503.06 1496.15
727.85 1049.61 1311.83 2227.8 2415.47 2061.75
614.16 923.05 1003.45 3594.98 2018.34 1528.96
419.74 652.5 746.53 3604.46 1756.68 1232.93
71.12 185.23 61.81 4341.47 873.12 329.14
338.82 588.02 595.07 4378.68 1512.03 775.94
174.24 232.78 235.03 948.56 463.85 352.39
198.78 277.37 283.38 1107.25 582.47 442.0
732.38 1051.86 1329.36 2141.97 2434.11 2091.54
136.93 299.17 180.63 4406.45 1142.04 513.51
292.97 549.46 614.83 4078.25 1798.2 913.96
374.31 661.0 685.91 4397.37 1698.3 879.73
144.58 283.27 159.55 3397.79 766.27 332.6
276.32 429.08 436.06 2764.36 1153.6 770.73
94.63 214.31 99.92 4364.59 900.69 362.86
350.32 646.97 461.08 5372.51 1500.64 662.73
695.52 1005.2 1244.53 2605.73 2344.89 1963.14
670.24 978.16 1202.78 2459.98 2298.75 1924.91
723.87 1123.35 1402.39 3972.71 1898.39 1056.82
388.54 608.0 664.57 3609.8 1664.6 1188.39
174.52 250.89 251.57 1393.9 537.03 319.06
81.77 190.77 65.92 3580.33 609.2 240.02
820.68 1155.42 1455.11 2532.63 2571.32 2236.84
620.69 984.24 1188.53 4324.67 2248.57 1296.17
803.34 1137.4 1449.77 2227.81 2572.83 2244.49
75.97 194.21 77.05 3795.53 869.33 317.58
167.13 361.61 247.86 4553.13 1245.04 567.09
190.45 367.13 285.08 4177.39 1259.81 658.05
451.44 748.55 798.89 4439.67 1752.07 950.74
467.15 736.82 776.55 3502.47 1784.51 1323.37
85.62 239.58 86.89 4003.72 993.76 371.13
291.02 438.64 556.51 1725.34 924.14 562.65
451.17 697.69 861.6 3877.45 1836.8 1153.38
95.34 174.84 94.15 2233.6 538.85 228.39
525.68 869.36 805.55 3788.46 1915.47 1391.3
158.86 363.67 169.17 4985.93 1162.35 545.9
721.2 1106.17 1456.07 3746.78 2400.41 1406.97
561.02 886.67 1176.13 3957.57 2360.08 1379.42
129.21 326.6 142.81 4358.08 1150.19 500.9
618.2 978.33 1255.73 3956.32 2207.08 1308.6
507.56 780.55 872.3 2750.16 1837.17 1437.26
679.23 1042.7 1370.47 3751.74 1877.51 1052.91
457.0 658.67 798.5 1865.83 1561.16 1274.03
79.97 137.46 78.21 2099.24 458.56 204.3
767.79 1090.29 1347.4 2688.67 2430.21 2086.32
687.1 1017.81 1294.15 2815.65 2362.66 1775.3
243.57 489.65 492.45 4027.41 1443.99 720.91
382.16 611.91 640.84 3651.89 1601.59 1128.52
211.02 415.14 277.5 4427.46 1224.15 669.9
436.21 783.51 587.38 5265.6 1654.5 845.5
419.23 691.09 832.01 4215.96 2078.69 1160.21
445.5 702.0 824.94 3635.34 1913.2 1279.58
736.05 1089.43 1519.67 3285.47 2400.88 1430.69
531.87 787.23 1095.68 2741.07 1724.17 978.38
347.91 504.02 523.37 1953.65 1037.88 791.4
172.92 377.16 185.32 4798.65 1143.62 505.88
893.91 1310.16 1857.0 3321.0 2783.98 1699.57
375.17 703.15 461.91 4365.46 1493.01 910.23
109.48 158.61 103.49 1313.19 340.19 176.57
222.31 436.45 279.0 4667.14 1248.31 632.02
337.62 603.43 541.79 4738.73 1521.43 746.37
215.58 382.13 385.72 4263.91 1268.07 594.58
214.21 382.11 324.14 4425.95 1268.96 722.85
768.23 1142.07 1602.81 3607.69 3094.09 1959.17
120.48 179.45 100.8 1001.99 284.19 160.88
220.4 423.21 192.58 4258.12 911.49 349.75
108.64 291.51 70.71 4917.02 993.71 392.9
115.01 271.31 84.99 3738.58 770.46 309.27
520.08 872.2 937.44 4710.57 1868.89 1028.92
341.1 470.73 573.94 1042.15 994.59 825.4
66.75 204.22 81.86 3151.88 788.94 302.39
357.13 550.26 596.44 2743.43 1400.28 1008.14
97.59 138.72 96.97 1203.88 327.05 166.42
812.32 1203.36 1683.33 3447.03 2616.62 1569.73
755.63 1075.52 1359.3 2400.63 2467.04 2121.75
157.68 268.63 202.3 2202.5 731.86 414.03
78.28 220.9 59.41 4631.53 768.77 287.9
923.92 1326.15 1922.92 3198.06 2416.87 1496.68
391.92 547.89 704.13 1344.31 1204.13 932.73
241.77 317.21 425.07 803.39 586.52 371.17
599.24 924.63 1242.78 3659.45 2637.57 1618.63
159.12 344.48 161.33 4520.3 1001.15 453.57
353.05 693.07 403.75 4672.33 1470.49 845.71
146.16 334.89 133.14 4673.03 1034.79 418.0
88.07 135.22 84.22 1852.79 419.49 194.69
99.44 102.09 99.43 183.25 117.28 104.87
752.0 1084.71 1286.13 3030.7 2372.45 1978.92
240.35 476.49 329.98 4945.9 1351.25 605.65
102.17 119.59 98.92 546.19 180.14 125.01
323.15 549.94 590.87 4261.87 1322.7 697.17
448.33 729.21 808.63 3728.49 1812.72 1168.66
782.07 1153.14 1612.68 3366.58 2475.07 1556.92
244.09 594.74 157.04 5339.33 1251.78 532.76
295.54 574.96 413.92 4540.95 1434.94 837.77
646.43 985.73 1388.29 3664.87 2561.9 1565.28
195.69 246.0 284.43 556.74 470.43 404.18
675.11 1010.59 1217.43 3317.77 2392.65 1814.12
90.12 136.64 90.05 1558.18 402.65 185.24
801.35 1135.33 1446.38 2230.72 2571.16 2240.44
196.39 377.84 272.8 4509.02 1154.86 611.12
944.09 1359.55 2039.71 3350.83 2812.94 1656.88
294.5 409.81 465.88 1303.31 884.97 718.5
265.77 516.29 453.74 4571.72 1445.04 674.36
254.21 458.51 467.73 4341.01 1273.58 652.36
80.02 210.16 67.54 4925.19 971.37 375.85
390.62 661.92 530.53 4450.73 1475.58 877.18
114.67 232.67 92.67 3121.51 642.7 269.34
93.1 134.38 87.09 1418.1 292.85 153.03
288.49 495.0 430.08 3697.32 1286.31 816.95
159.25 260.99 143.72 2196.79 504.53 221.36
279.25 501.83 360.69 4079.63 1074.47 477.35
435.89 617.11 752.18 1429.23 1398.98 1177.6
154.94 322.58 224.21 4511.22 917.18 393.34
139.43 252.7 193.54 2927.09 860.6 435.3
298.31 523.67 562.55 4183.5 1460.3 710.96
131.54 276.45 197.99 4531.31 1101.25 483.73
744.28 1100.07 1658.11 3436.69 3160.41 1834.93
380.19 600.08 634.91 3244.39 1589.32 1107.22
345.95 574.48 536.25 3839.26 1458.48 974.97
88.59 241.9 63.78 4880.85 897.3 319.3
152.47 334.18 169.47 4013.35 933.6 405.51
162.53 266.48 225.61 2234.4 686.41 362.51
253.62 393.41 365.19 2315.53 948.47 632.24
803.21 1174.12 1636.91 3097.54 2599.34 1801.73
362.29 571.77 565.7 3117.5 1413.89 980.73
246.59 495.83 210.53 5222.97 1094.21 402.25
426.95 653.79 883.02 2914.3 1761.26 1078.68
858.71 1280.34 1710.64 3647.38 2525.79 1566.47
420.45 639.38 752.09 2984.12 1489.46 990.03
380.03 588.9 637.0 3770.41 1606.44 1128.93
699.58 1055.68 1418.09 2799.26 2177.33 1480.27
396.38 686.06 626.25 4002.19 1669.34 1128.44
149.85 324.31 204.3 4804.07 1061.81 439.35
125.62 321.95 96.61 3902.92 843.85 333.25
533.66 842.16 1025.53 3737.95 2311.6 1494.14
209.64 373.94 338.78 4318.5 1211.39 633.75
158.24 241.37 182.49 1239.38 419.18 233.37
458.38 761.64 733.16 4518.78 1753.12 979.01
79.39 176.4 79.24 3141.09 731.18 277.76
331.37 474.78 564.41 1588.48 1112.05 860.79
648.47 985.22 1325.93 3730.1 2532.58 1550.53
101.26 208.6 94.7 2529.36 655.51 285.2
265.19 495.64 492.51 4467.48 1544.22 752.62
422.89 698.31 614.57 4116.4 1578.24 1011.0
283.61 460.69 463.85 3151.11 1100.84 623.47
145.93 186.92 202.21 808.38 375.27 245.66
193.49 405.7 250.61 4841.35 1185.44 491.87
88.42 181.09 84.34 2910.76 678.0 268.76
574.21 883.27 1172.82 4022.91 2486.98 1500.48
841.19 1247.98 1829.28 3342.28 2972.14 1879.74
893.12 1306.57 1925.02 3219.29 2852.6 1826.5
120.73 196.66 118.66 1934.45 465.14 237.35
349.36 674.53 394.54 5317.69 1309.97 560.66
243.57 376.98 404.03 2022.32 818.16 444.35
93.98 127.27 99.23 825.12 268.88 153.3
271.94 502.84 458.47 4386.53 1269.1 615.59
209.33 418.23 326.84 4212.86 1406.42 746.18
203.63 384.69 344.14 4348.79 1143.64 563.21
554.96 861.9 1173.96 3706.41 2318.59 1365.76
84.52 208.37 79.08 3856.1 872.39 325.53
146.61 342.16 206.53 4461.91 1282.34 584.49
784.17 1146.69 1612.8 3086.96 2883.0 1963.48
486.56 814.69 698.01 4312.07 1739.71 1150.31
96.82 139.58 89.9 1433.49 322.39 161.17
852.62 1244.38 1752.61 3008.59 2831.27 1945.51
752.32 1085.07 1286.82 3029.02 2373.25 1979.93
947.01 1359.17 2058.23 3284.19 2823.96 1668.77
419.86 608.44 699.67 1925.85 1309.76 1039.3
438.34 671.1 762.56 3220.23 1766.57 1294.93
121.83 278.7 158.92 4412.5 1089.13 441.43
99.77 100.43 99.75 123.0 104.13 101.2
165.06 235.71 212.14 1362.61 504.47 342.9
474.52 656.99 817.12 1354.48 1437.75 1246.22
101.71 260.14 91.45 4879.75 928.8 345.84
153.44 245.22 139.44 1991.35 464.89 209.47
544.57 875.77 927.87 4246.25 1857.29 1169.04
281.55 510.56 403.59 4587.35 1419.12 853.71
322.46 562.56 644.74 4222.24 1524.81 716.46
474.25 760.81 999.24 4254.66 2183.37 1282.9
559.38 808.54 1081.18 2363.22 1777.52 1187.9
94.3 191.52 92.85 2709.1 636.65 257.0
96.34 110.81 95.15 638.21 198.1 129.08
804.4 1189.54 1700.26 3110.58 2905.02 1911.27
613.91 932.79 1161.88 3172.23 2151.42 1586.05
272.47 378.44 432.25 1021.53 723.05 545.68
558.99 846.48 1002.54 2906.74 2079.83 1638.06
481.7 781.96 793.58 3645.72 1738.31 1103.51
493.26 699.57 855.88 1802.0 1592.48 1333.5
723.13 1040.62 1288.59 2555.87 2390.16 2021.96
384.92 626.78 712.8 3742.62 1786.3 1131.77
468.17 719.95 809.92 3281.1 1806.04 1365.01
706.13 1030.82 1253.1 2440.01 2353.4 1975.2
584.27 901.78 1190.12 3684.0 2055.76 1212.76
416.44 676.7 740.75 3311.23 1791.26 1283.4
482.19 714.48 955.31 2568.06 1545.63 957.82
230.98 416.76 356.63 4178.33 1332.51 738.24
273.66 481.26 431.07 4026.98 1402.46 835.95
129.7 357.26 96.07 4507.84 962.18 370.36
113.68 184.61 105.04 1851.21 446.71 210.53
682.77 1029.15 1126.13 3626.81 2222.44 1708.0
922.05 1347.58 1978.32 3348.53 3063.21 1932.94
609.62 949.62 941.75 4003.82 2006.25 1484.37
209.22 263.4 308.82 491.51 494.61 435.31
246.57 386.49 358.79 2428.19 926.04 625.61
273.71 421.05 418.74 2253.91 841.22 464.51
162.16 372.94 293.45 4034.17 1250.28 581.89
538.69 781.18 1096.34 2485.98 1814.85 1056.62
142.42 297.11 218.18 4092.25 1138.67 516.22
72.04 203.64 71.84 4225.03 956.16 341.12
792.48 1118.87 1399.96 2635.05 2495.79 2158.91
563.56 901.25 873.88 4057.39 1944.56 1373.69
546.28 847.45 1047.96 3436.39 1775.85 1049.36
362.02 596.55 743.88 3997.22 1741.53 964.93
118.82 196.46 129.94 2241.17 528.63 267.36
396.0 657.68 586.58 4038.12 1458.59 863.34
380.13 586.92 703.59 3659.18 1511.14 908.51
155.73 302.26 173.8 3518.02 873.24 445.29
700.86 1008.04 1255.3 2554.3 2353.17 1978.66
473.2 736.71 701.48 3272.27 1523.28 1099.66
375.47 545.52 702.27 1666.77 1211.55 764.38
489.22 699.85 833.91 2301.93 1628.19 1318.34
712.76 1074.79 1399.89 2941.49 2354.82 1732.61
598.03 920.02 962.51 3478.1 1996.97 1518.96
604.22 902.78 1101.9 2830.02 2147.65 1652.78
147.31 338.1 150.11 4757.33 1072.78 483.66
420.52 703.84 750.27 4301.99 1828.53 1052.26
149.06 323.27 202.48 4805.53 1059.78 437.82
329.28 574.86 479.5 4374.51 1536.87 929.84
58.02 181.3 55.33 4375.74 869.5 324.93
877.71 1259.6 1864.03 3303.19 2588.15 1521.05
234.96 475.55 362.78 4479.52 1493.28 793.19
143.22 217.06 157.97 1644.63 496.51 280.51
417.47 639.5 715.97 3509.23 1671.04 1228.65
496.13 751.67 870.99 3037.26 1831.26 1440.25
655.97 964.72 1164.11 2788.93 2286.08 1871.51
773.15 1186.4 1707.07 3490.66 2476.4 1497.1
564.39 833.53 1006.47 2637.41 1978.43 1611.13
439.54 693.52 814.79 3620.94 1536.89 1007.87
170.98 377.93 191.15 4885.65 1111.37 445.99
280.08 491.87 409.15 3899.05 1323.0 793.84
430.75 639.07 750.71 2146.56 1532.79 1210.63
103.82 280.9 113.43 4726.9 1089.47 416.59
625.11 923.93 1111.58 2682.87 2198.47 1803.23
226.7 394.45 357.87 4130.49 1282.7 753.81
239.33 491.32 372.37 4292.93 1346.76 627.65
555.97 921.81 940.75 4900.66 1989.49 1014.32
193.43 376.57 230.49 4105.45 1068.09 527.65
269.44 544.36 213.37 4891.23 1038.15 402.75
346.42 598.44 558.85 4090.21 1547.02 959.19
584.95 918.71 916.79 3835.92 1982.65 1461.06
349.65 598.58 580.97 4415.71 1579.6 863.86
568.46 808.16 1169.07 2388.11 1667.53 978.97
339.3 551.71 607.64 3791.47 1249.37 636.46
600.98 909.62 1057.14 2811.08 2139.99 1721.38
195.06 406.9 235.57 4910.47 1234.88 632.04
718.87 1058.74 1512.61 3479.45 2570.87 1497.06
270.61 480.24 389.61 4061.44 1265.68 756.03
171.62 351.36 306.02 3289.82 1052.4 485.0
358.72 632.98 560.97 3831.7 1560.42 1032.96
292.64 547.27 516.96 4796.87 1609.21 837.97
83.76 257.61 85.19 4507.83 1109.18 406.15
118.06 290.63 127.64 3880.55 1018.07 428.76
241.69 477.84 204.77 4829.93 1002.53 380.81
419.12 644.54 715.91 3659.43 1722.39 1252.28
312.18 559.7 515.63 4585.41 1459.56 704.84
431.02 817.91 682.7 4823.69 1661.59 838.36
98.4 119.91 94.92 770.72 211.86 130.77
288.5 486.62 462.79 3935.6 1291.87 855.4
153.09 304.29 237.39 4512.14 1075.87 457.15
237.6 479.84 470.87 4080.24 1301.48 582.66
591.45 879.61 1113.91 3113.05 2035.44 1406.3
675.89 958.37 1180.05 2543.97 2150.65 1829.87
761.6 1161.56 1694.24 3508.51 2455.41 1489.71
746.5 1093.93 1512.78 2951.04 2493.95 1750.93
708.14 1084.94 1383.19 4172.51 2795.56 1699.74
309.85 505.91 509.14 3472.84 1313.07 911.37
373.86 631.91 485.65 3741.81 1286.37 792.66
313.99 534.48 571.89 4133.07 1327.06 774.75
94.46 188.91 93.05 2634.85 621.38 252.53
501.45 748.61 848.21 3330.74 1794.47 1386.07
773.52 1134.11 1532.42 2921.71 2904.21 2094.15
484.81 726.93 835.27 3270.41 1844.6 1386.79
474.04 760.06 843.49 4137.11 1919.3 1152.76
196.59 373.58 356.13 4096.04 1308.63 605.74
654.82 907.85 1143.85 1866.54 1982.47 1739.85
303.38 532.3 507.25 3839.43 1592.47 988.63
406.51 618.76 807.98 3050.86 1595.16 860.16
428.13 667.6 825.67 3911.4 1747.09 1070.91
174.9 376.54 206.16 4703.26 1131.86 475.58
695.81 1014.23 1252.42 2336.93 2353.82 1987.78
506.72 808.62 772.03 4098.6 1787.49 1239.92
94.07 129.51 88.92 1231.43 265.54 145.52
113.54 222.43 93.23 2888.26 600.8 256.27
427.27 717.11 837.83 4105.73 1897.29 1034.59
372.84 660.62 457.64 5037.28 1421.48 770.66
664.94 955.2 1352.66 2758.34 1791.45 1092.59
409.21 641.31 702.19 3369.8 1610.51 1200.67
88.23 122.02 87.19 1275.46 310.82 161.32
122.94 298.68 96.96 3504.12 765.85 308.79
194.24 416.31 260.97 4662.82 1141.12 494.26
67.27 202.57 82.15 3103.71 778.07 299.2
696.69 1008.16 1248.42 2588.85 2364.97 1975.33
169.81 221.01 239.93 811.84 460.14 359.73
655.5 980.13 1064.85 3362.77 2091.42 1653.78
533.29 851.81 1126.55 4020.35 1888.73 1070.04
273.35 519.63 270.27 4800.67 1101.77 481.4
73.0 200.1 72.8 4084.37 926.96 332.9
375.26 589.52 755.55 2655.68 1591.2 932.63
810.63 1212.79 1814.43 3835.69 3495.83 2019.67
89.05 154.53 79.52 2190.93 405.92 184.12
907.19 1325.1 2046.73 3152.08 2756.28 1579.02
249.38 478.44 237.44 4656.97 1048.42 430.56
482.22 740.09 907.77 3261.84 1913.77 1304.66
570.97 903.37 1112.85 4043.19 1728.51 927.79
368.45 560.9 607.26 3430.42 1483.56 1062.33
182.78 263.13 266.43 1667.23 669.88 457.06
655.11 1059.17 1409.01 3931.44 2361.77 1443.85
110.92 224.59 89.08 2746.32 587.63 252.2
138.85 328.78 175.67 4109.83 1116.57 476.84
94.01 196.15 92.49 2841.28 663.84 264.95
485.17 769.82 718.43 4032.17 1662.2 1141.4
99.13 231.81 120.89 3982.44 973.84 395.91
238.6 469.6 202.48 4726.73 982.84 374.68
455.49 776.79 729.32 4897.14 1772.31 936.45
776.16 1109.02 1424.1 2488.42 2504.01 2080.18
428.89 684.13 904.66 3870.56 2127.55 1130.73
893.67 1326.62 1910.26 2929.67 2766.31 1902.96
593.82 872.65 1061.79 2733.05 2125.41 1728.83
175.64 309.62 248.45 3232.34 983.22 529.55
685.06 1109.94 1383.39 3885.59 2387.73 1511.55
811.54 1192.07 1611.83 2929.36 2649.89 2023.61
187.45 430.73 110.07 3805.92 866.98 360.18
53.93 244.95 75.03 4339.81 1057.43 381.5
186.9 306.13 274.28 2557.08 895.96 530.88
716.49 1039.25 1414.91 2754.2 2104.22 1464.99
606.4 958.7 1362.45 3728.7 2260.61 1332.05
531.58 762.26 929.69 2080.19 1761.71 1461.14
80.3 203.42 67.8 4675.34 924.15 359.5
478.72 787.23 818.39 4538.16 1715.02 903.66
488.82 796.89 738.67 4535.96 1764.45 1106.35
885.33 1337.5 1944.0 3375.22 2651.88 1643.42
616.98 894.34 1092.47 3144.74 2149.23 1710.94
98.83 114.51 96.3 588.84 181.52 122.42
106.07 247.53 136.74 4122.68 1033.81 431.88
500.37 807.86 949.91 4374.88 2267.21 1300.32
784.44 1112.81 1379.04 2687.98 2483.77 2132.29
79.09 177.52 78.94 3185.33 740.37 280.35
439.09 630.15 737.43 2281.65 1421.56 1160.28
496.25 794.85 974.78 4204.33 2143.43 1246.56
350.91 592.94 570.11 3778.07 1589.5 1026.73
444.42 723.04 663.89 3981.47 1637.32 1085.29
225.16 440.08 192.36 4529.3 954.53 356.36
87.22 270.11 92.51 4699.87 1164.81 431.2
90.04 136.93 89.97 1570.07 405.11 185.93
611.22 1012.71 1119.93 4193.45 2386.34 1514.25
123.35 327.55 200.35 4172.69 1194.99 550.1
930.96 1353.54 2006.69 3181.13 2929.03 1889.28
151.38 266.18 191.29 2439.07 640.12 302.92
508.83 782.79 871.42 3207.99 1919.19 1457.09
402.37 645.79 863.2 3900.44 1638.61 834.6
119.8 271.48 97.38 3038.2 674.71 280.22
578.68 854.45 1022.45 2955.6 2090.75 1661.2
850.23 1252.6 1904.54 3273.19 2627.18 1491.72
551.76 835.97 1132.8 3671.8 2035.49 1150.62
782.59 1112.18 1411.33 2291.32 2534.13 2192.97
99.55 107.19 99.44 305.04 142.17 112.34
97.21 119.54 96.23 777.12 239.24 140.66
974.41 1459.53 2180.35 3400.64 3719.25 2433.43
175.02 383.59 168.79 4857.21 1160.99 491.63
517.47 842.0 871.09 4701.27 1635.6 835.08
104.91 208.84 83.35 2837.62 607.92 266.46
153.45 335.92 212.65 4395.54 1152.55 518.21
370.27 655.91 469.87 4839.21 1438.59 798.81
912.2 1352.96 2054.38 3757.41 3840.22 2242.06
146.75 355.5 245.49 4076.47 1245.34 612.44
605.41 906.15 1195.49 3006.17 1937.1 1215.59
472.61 771.24 916.17 4144.01 1752.88 932.76
696.58 1001.29 1467.82 2315.93 2132.02 1384.61
105.37 146.54 99.29 897.42 255.98 148.91
578.35 885.33 1092.68 3624.13 1760.19 987.75
329.94 562.96 585.71 4435.68 1421.68 741.95
854.05 1269.22 1731.74 3477.34 2538.0 1590.41
296.31 531.93 582.27 4361.1 1488.95 683.68
330.52 599.16 611.26 4721.5 1533.23 777.64
411.76 644.22 714.57 3582.8 1594.77 1147.9
629.38 928.34 1117.63 2637.19 2197.5 1798.43
112.16 209.95 93.92 2603.93 549.74 240.34
487.02 738.82 820.06 3625.64 1804.88 1361.42
851.25 1245.77 1827.91 3479.93 2947.11 1711.87
566.15 835.76 1011.7 2764.53 2058.64 1655.68
200.46 350.13 338.59 3128.84 983.11 455.19
129.53 288.32 178.27 4560.44 890.83 367.68
687.56 997.35 1441.75 2749.28 2691.89 1734.6
673.39 988.01 1158.82 2934.54 2224.34 1809.64
103.84 316.95 92.72 4911.41 1203.46 469.11
228.6 399.22 345.86 4449.72 1291.76 749.63
678.47 1004.65 1394.15 3643.25 2133.11 1207.45
250.09 499.84 218.65 5199.63 1103.96 414.55
757.49 1078.9 1362.51 2371.16 2456.19 2120.29
454.19 735.24 671.79 4109.85 1643.92 1086.82
367.76 654.85 486.78 5010.91 1396.35 677.33
607.24 941.21 970.76 3674.66 2042.4 1540.12
147.33 296.45 196.25 4676.15 1120.95 550.03
448.04 681.64 781.06 3369.46 1649.84 1214.16
643.53 951.04 1237.28 3095.64 2292.86 1673.71
158.9 206.15 214.27 882.89 434.2 319.82
700.31 1049.35 1166.68 3207.31 2285.35 1861.52
85.02 204.84 79.76 3733.8 847.24 318.18
441.08 623.38 731.43 1882.37 1374.61 1133.02
85.45 183.23 92.53 3096.08 737.48 286.35
81.71 228.05 75.28 4538.23 1012.66 366.48
690.18 1032.61 1527.61 3618.39 2288.19 1263.21
441.47 672.04 826.79 2612.39 1460.47 899.0
235.36 419.86 456.43 4040.12 1325.03 670.05
135.49 356.02 166.45 4850.61 1264.56 514.1
627.06 926.7 1071.95 3174.29 2120.69 1716.98
403.81 748.21 527.34 5447.42 1481.23 648.12
505.56 747.63 1006.83 2334.29 1686.32 1047.03
101.04 189.18 95.65 2095.05 556.2 252.09
695.5 1002.71 1220.83 2915.79 2312.56 1918.99
632.4 977.19 1127.56 4148.39 2356.53 1523.49
259.27 524.71 217.76 5416.58 1114.48 415.64
721.91 1041.73 1299.64 2242.1 2398.9 2043.04
529.05 822.13 954.45 3679.49 2001.6 1364.37
161.85 367.87 265.87 4572.81 1347.57 572.81
418.79 629.77 720.76 2142.57 1401.53 964.34
248.89 339.04 377.05 1059.39 713.07 572.33
348.77 553.68 587.49 3673.17 1554.75 1076.32
715.65 1031.61 1294.26 2206.35 2390.57 2042.31
280.86 492.1 492.55 4199.62 1427.04 737.94
566.25 945.16 992.74 4378.42 1797.59 969.36
610.87 1016.26 1192.54 4534.26 2676.86 1457.66
189.47 320.72 265.56 2686.12 875.87 427.43
344.73 633.89 433.49 5317.51 1334.9 566.98
105.75 149.81 99.24 953.52 266.95 152.35
197.79 479.32 103.84 4406.16 979.32 390.65
962.0 1398.0 2014.0 3173.0 2939.0 1816.0
69.0 191.5 59.0 4653.5 930.0 346.0
134.0 394.5 95.5 5146.0 1087.0 409.5
969.0 1403.0 2079.0 3181.0 3518.0 2279.0
155.0 368.0 123.0 5163.0 1156.0 447.0
89.8 263.8 87.2 4769.8 1060.5 381.0
971.0 1390.0 2115.5 3245.0 2879.5 1707.0
122.0 299.0 89.0 4632.0 914.0 354.0
72.0 203.8 71.8 4231.5 957.5 341.5
907.5 1325.5 2047.5 3151.5 2757.0 1579.5
948.0 1357.0 1978.0 3155.0 2462.0 1531.0
56.8 180.8 53.0 4412.8 873.5 325.0
119.5 322.5 80.5 4825.8 970.8 371.8
948.0 1376.0 2046.0 3146.0 2970.0 1921.0
911.0 1341.0 1922.0 3127.8 2196.5 1320.8
985.0 1493.5 2276.8 3372.5 3183.8 2033.8
76.2 218.5 55.5 4643.8 764.8 282.8
962.5 1390.0 1954.5 3151.5 2480.0 1527.0
959.5 1435.2 2145.2 3160.2 2832.8 1787.8
88.5 243.0 63.5 4918.0 903.5 321.0
978.0 1422.0 2105.0 3266.0 3199.0 2037.0
79.2 209.2 66.0 4931.0 970.2 374.0
222.2 574.0 104.8 5481.0 1198.8 463.2
992.0 1434.0 2127.0 3253.0 3849.0 2515.0
980.5 1432.2 2016.0 3245.2 2807.8 1800.2
966.0 1422.0 2112.0 3259.5 3477.0 2237.5
109.2 304.0 68.8 5231.2 1052.0 412.0
978.0 1434.0 2220.0 3640.0 4073.0 2397.0
81.5 229.5 75.0 4588.5 1023.0 369.5
937.0 1353.0 2081.0 3198.0 2826.0 1629.0
924.0 1316.0 1970.0 3207.0 2671.0 1584.0
102.5 315.2 89.5 4914.0 1200.8 467.0
980.0 1467.0 2194.0 3388.8 3736.5 2446.5
955.0 1376.0 2056.0 3368.0 3193.0 1885.0
977.5 1462.0 2197.0 3231.5 2940.0 1846.5
939.0 1381.8 2053.5 3176.2 3230.8 2074.0
265.0 540.0 222.0 5608.0 1151.0 427.0
83.0 265.0 84.5 4714.5 1156.5 420.5
245.0 494.0 207.0 5231.5 1090.0 397.0
304.0 635.0 236.5 5868.5 1229.5 464.5
138.0 335.0 114.0 4964.0 1063.0 407.0
53.8 244.8 74.8 4340.2 1057.2 381.2
750.0 1074.0 1364.0 2066.0 2476.0 2140.0
813.0 1149.0 1469.0 2186.0 2594.0 2270.0
881.0 1229.0 1568.0 2348.0 2696.0 2390.0
100.0 100.0 100.0 100.0 100.0 100.0
