0.3688
0.2444
0.7009
0.2075
0.0163
0.1072
0.206
0.924
0.1426
0.6842
0.8536
0.5635
0.9359
0.481
0.7286
0.7922
0.2282
0.3123
0.938
0.0629
0.2907
0.3822
0.1969
0.4116
0.9649
0.0139
0.3545
0.0158
0.5053
0.8325
0.6296
0.9095
0.1466
0.7943
0.8188
0.4848
0.9079
0.9396
0.9625
0.0669
0.8597
0.7879
0.9304
0.8791
0.1289
0.3421
0.3154
0.1255
0.7239
0.039
0.1349
0.0757
0.8796
0.9566
0.1909
0.5391
0.68
0.23
0.5021
0.5665
0.5251
0.1386
0.2914
0.6434
0.4957
0.455
0.8105
0.4387
0.1438
0.9287
0.0252
0.2916
0.5816
0.7835
0.1985
0.5182
0.271
0.1709
0.3579
0.0274
0.9366
0.3582
0.8571
0.3118
0.7317
0.5489
0.5942
0.0584
0.7324
0.6105
0.7869
0.4149
0.4288
0.6162
0.0182
0.0161
0.5214
0.7381
0.5298
0.7042
0.559
0.6709
0.9766
0.8427
0.0736
0.2931
0.5849
0.8408
0.566
0.9355
0.7118
0.0425
0.5679
0.0118
0.7635
0.0331
0.5351
0.27
0.1329
0.5446
0.2223
0.4835
0.4125
0.1746
0.2855
0.2246
0.6051
0.9759
0.0516
0.4767
0.131
0.8397
0.901
0.6531
0.2817
0.5612
0.0463
0.1648
0.2398
0.0803
0.5547
0.2269
0.6171
0.9591
0.2761
0.9233
0.6259
0.1407
0.5669
0.2879
0.4764
0.9304
0.9181
0.9411
0.5393
0.2423
0.3223
0.3867
0.7359
0.3339
0.2766
0.7155
0.8805
0.4623
0.602
0.1667
0.7596
0.8398
0.224
0.0301
0.659
0.6203
0.3516
0.383
0.9159
0.6416
0.5272
0.4398
0.0064
0.4587
0.2422
0.7055
0.9324
0.2755
0.0167
0.9371
0.8903
0.2502
0.798
0.9768
0.6098
0.0101
0.3761
0.2373
0.5817
0.3633
0.7131
0.6876
0.366
0.8721
0.4924
0.7716
0.3777
0.4361
0.9678
0.229
0.0896
0.8539
0.6739
0.6975
0.953
0.3611
0.4859
0.4326
0.8091
0.782
0.5018
0.3517
0.7334
0.7309
0.0325
0.9971
0.7738
0.6396
0.6856
0.4808
0.0444
0.8655
0.8481
0.2222
0.1807
0.2628
0.4038
0.1439
0.1457
0.1463
0.0528
0.7046
0.2888
0.3405
0.587
0.7469
0.3287
0.7858
0.8498
0.1074
0.4201
0.5461
0.4748
0.5904
0.5954
0.3302
0.6239
0.2914
0.0822
0.8939
0.0749
0.3357
0.9286
0.084
0.1389
0.038
0.2842
0.6839
0.9608
0.6135
0.8228
0.2575
0.9023
0.7629
0.8172
0.5534
0.5884
0.7397
0.972
0.3496
0.728
0.7676
0.0654
0.0945
0.1237
0.958
0.5519
0.4276
0.2097
0.6387
0.8996
0.1911
0.5924
0.6394
0.5512
0.6938
0.4789
0.9653
0.2081
0.5903
0.1616
0.5827
0.3613
0.6512
0.3577
0.3479
0.1882
0.7902
0.796
0.4491
0.377
0.2251
0.5891
0.0911
0.9464
0.0607
0.6241
0.2927
0.6338
0.6535
0.6269
0.9042
0.3816
0.6122
0.3673
0.994
0.483
0.2318
0.8711
0.9987
0.1213
0.0559
0.8093
0.7673
0.0807
0.819
0.8165
0.5259
0.0605
0.1931
0.3042
0.0823
0.0393
0.915
0.6042
0.722
0.2571
0.6476
0.0931
0.0019
0.4576
0.8134
0.1367
0.0159
0.0493
0.2765
0.5451
0.0663
0.4125
0.0216
0.7149
0.0444
0.6169
0.2999
0.4122
0.104
0.8218
0.7334
0.5938
0.9416
0.4389
0.5349
0.5277
0.8241
0.2025
0.06
0.9471
0.9842
0.9542
0.8283
0.8542
0.9289
0.8091
0.9061
0.7937
0.6685
0.2747
0.5905
0.7499
0.5452
0.4982
0.4968
0.4763
0.5324
0.3019
0.2615
0.9898
0.8967
0.4965
0.5692
0.2989
0.5745
0.6382
0.0417
0.968
0.3922
0.9149
0.6544
0.0503
0.6132
0.0855
0.8421
0.9046
0.7574
0.7859
0.2071
0.9879
0.3203
0.5231
0.9633
0.5915
0.3308
0.9328
0.078
0.0935
0.7756
0.6323
0.3854
0.8054
0.2962
0.267
0.8525
0.8729
0.7955
0.9974
0.0396
0.5336
0.2287
0.1857
0.163
0.8135
0.5522
0.8756
0.6197
0.0644
0.6752
0.7511
0.9204
0.1961
0.0607
0.7965
0.5302
0.7731
0.0804
0.5493
0.6443
0.0536
0.1869
0.9085
0.3535
0.7827
0.8932
0.2244
0.2041
0.1324
0.7023
0.7366
0.5955
0.2483
0.5838
0.6174
0.8891
0.5538
0.2033
0.4229
0.9664
0.3537
0.9959
0.8109
0.6564
0.483
0.5262
0.8038
0.8311
0.5138
0.6868
0.6085
0.0713
0.9523
0.323
0.5962
0.3433
0.7923
0.3458
0.1493
0.9553
0.5043
0.1832
0.7087
0.972
0.1927
0.0218
0.8937
0.0263
0.9432
0.3762
0.2951
0.9002
0.715
0.2336
0.8467
0.9044
0.3447
0.9211
0.6451
0.2805
0.9584
0.2699
0.853
0.1516
0.7432
0.9754
0.5466
0.3144
0.9718
0.8006
0.4724
0.5375
0.3235
0.6642
0.5753
0.4264
0.8437
0.9014
0.5479
0.2893
0.4309
0.8806
0.65
0.9623
0.8845
0.1914
0.7282
0.8367
0.8575
0.414
0.6426
0.0433
0.8287
0.3263
0.1866
0.9502
0.6481
0.9042
0.6203
0.4331
0.4645
0.7088
0.5703
0.9593
0.1974
0.5023
0.0783
0.1942
0.0565
0.4175
0.8159
0.5905
0.0926
0.4015
0.1212
0.2285
0.8107
0.9347
0.4719
0.2974
0.8217
0.1373
0.091
0.7361
0.1474
0.0095
0.7575
0.7849
0.3799
0.7623
0.5237
0.8458
0.0647
0.6651
0.635
0.5255
0.5258
0.7685
0.5284
0.8564
0.095
0.9258
0.6784
0.4422
0.0317
0.6929
0.3051
0.8213
0.736
0.2135
0.9098
0.5158
0.2682
0.4744
0.31
0.7492
0.6202
0.2738
0.3584
0.9834
0.2
0.2848
0.3945
0.7923
0.1749
0.2206
0.739
0.322
0.6557
0.7562
0.9678
0.7758
0.4642
0.4656
0.2516
0.7596
0.2646
0.2253
0.223
0.3434
0.73
0.1107
0.2697
0.7921
0.9609
0.6054
0.5101
0.4931
0.9186
0.5153
0.4651
0.1808
0.7244
0.8375
0.1245
0.4603
0.8209
0.9405
0.08
0.9135
0.6211
0.3003
0.6173
0.2382
0.3206
0.7869
0.9806
0.7651
0.4679
0.7296
0.2634
0.0672
0.1842
0.1886
0.4997
0.2388
0.0936
0.92
0.0934
0.2592
0.6924
0.1043
0.0802
0.3768
0.2897
0.5986
0.201
0.2788
0.7917
0.1845
0.9974
0.5681
0.8474
0.2357
0.1944
0.2843
0.0258
0.1264
0.184
0.372
0.4525
0.9459
0.0123
0.5231
0.3689
0.9708
0.4837
0.9971
0.7276
0.4587
0.8212
0.1797
0.8309
0.1054
0.5222
0.1869
0.3091
0.9173
0.6554
0.5119
0.6064
0.9763
0.6363
0.45
0.8359
0.2124
0.7672
0.4387
0.5714
0.9755
0.9862
0.0854
0.4986
0.3765
0.76
0.0574
0.7707
0.4925
0.192
0.4404
0.1668
0.0695
0.4243
0.1916
0.9088
0.3893
0.0566
0.0567
0.1145
0.0433
0.5898
0.8799
0.4647
0.0538
0.7046
0.3924
0.6654
0.8878
0.4395
0.5258
0.9707
0.1474
0.4454
0.346
0.8381
0.6515
0.1488
0.3929
0.6391
0.328
0.3825
0.4874
0.5975
0.6908
0.2467
0.8396
0.0589
0.7309
0.1738
0.3744
0.7435
0.6953
0.4912
0.682
0.6546
0.7191
0.1165
0.1197
0.1902
0.7516
0.9397
0.1429
0.3241
0.6901
0.6399
0.8568
0.3733
0.1061
0.5761
0.5142
0.2508
0.5334
0.1879
0.4843
0.8821
0.4365
0.9782
0.7277
0.2909
0.9882
0.546
0.4806
0.8414
0.5152
0.1266
0.3581
0.9939
0.4175
0.0478
0.7043
0.8726
0.3083
0.3067
0.4852
0.7584
0.0474
0.7047
0.3555
0.5519
0.6782
0.7035
0.316
0.5904
0.1364
0.1076
0.7369
0.0131
0.7493
0.0086
0.6224
0.8312
0.0784
0.7325
0.7898
0.1892
0.3285
0.0441
0.8553
0.8044
0.6473
0.9366
0.9205
0.8485
0.4807
0.6478
0.0952
0.1673
0.2025
0.9423
0.9255
0.0005
0.9799
0.358
0.8435
0.6855
0.7784
0.499
0.9783
0.3094
0.085
0.3523
0.3405
0.7381
0.6969
0.8238
0.7767
0.8167
0.3219
0.6983
0.4816
0.2004
0.2926
0.2602
0.1612
0.1196
0.1487
0.9139
0.3178
0.3466
0.6355
0.8802
0.4669
0.1604
0.0812
0.2653
0.8264
0.2759
0.2371
0.475
0.2472
0.0754
0.3365
0.9119
0.1057
0.7056
0.2392
0.4377
0.4275
0.8264
0.4375
0.9023
0.8625
0.2623
0.9919
0.7344
0.927
0.4783
0.525
0.8072
0.0974
0.2439
0.4246
0.641
0.0664
0.5061
0.3489
0.7416
0.5197
0.6576
0.6531
0.803
0.145
0.3826
0.1302
0.2725
0.3758
0.9013
0.1734
0.6618
0.6604
0.0724
0.2402
0.9175
0.7527
0.6833
0.4657
0.1764
0.1541
0.7187
0.3925
0.4161
0.7127
0.2851
0.5894
0.157
0.7152
0.097
0.3682
0.4935
0.6308
0.3939
0.276
0.6256
0.7796
0.7549
0.9196
0.8733
0.1165
0.3419
0.0152
0.6305
0.6253
0.432
0.3756
0.7215
0.7288
0.9076
0.4721
0.8342
0.172
0.6711
0.6463
0.4987
0.0676
0.1895
0.0667
0.4625
0.2161
0.1142
0.7281
0.0102
0.4209
0.9893
0.2136
0.0154
0.2841
0.0255
0.5794
0.792
0.8049
0.3249
0.3374
0.9484
0.1282
0.6657
0.7603
0.9756
0.9277
1.0
0.0
0.0
1.0
0.0
0.0
1.0
0.0
0.0
1.0
1.0
0.0
0.0
1.0
1.0
1.0
0.0
1.0
1.0
0.0
1.0
0.0
0.0
1.0
1.0
1.0
0.0
1.0
0.0
1.0
1.0
0.0
1.0
1.0
1.0
1.0
0.0
0.0
0.0
0.0
0.0
0.0
0.0
0.0
0.0
0.0
