0.2546
0.0429
0.7569
0.5408
0.1967
0.2267
0.0018
0.073
0.388
0.5731
0.8712
0.9906
0.3157
0.825
0.401
0.1904
0.3457
0.9153
0.2578
0.7864
0.7814
0.1718
0.3547
0.727
0.0336
0.9651
0.9544
0.0121
0.0737
0.2711
0.6334
0.6583
0.5845
0.3811
0.8961
0.8384
0.4097
0.022
0.3249
0.3925
0.6388
0.0172
0.7746
0.1895
0.8829
0.3431
0.6555
0.22
0.6252
0.9166
0.0519
0.4424
0.9394
0.1499
0.6974
0.0881
0.2606
0.5597
0.8678
0.1298
0.4528
0.6282
0.3216
0.5226
0.373
0.6793
0.6379
0.009
0.0512
0.2886
0.7753
0.9104
0.0437
0.9469
0.6413
0.3409
0.5273
0.2808
0.6564
0.8697
0.9294
0.7218
0.6598
0.4626
0.877
0.4749
0.1283
0.0795
0.0414
0.2028
0.0098
0.0853
0.066
0.0548
0.6893
0.7103
0.1467
0.3987
0.5221
0.5301
0.56
0.5455
0.3736
0.9288
0.3073
0.5896
0.2209
0.5654
0.3548
0.7561
0.7284
0.2309
0.8242
0.2355
0.3419
0.4412
0.9997
0.423
0.8287
0.7642
0.9888
0.2789
0.391
0.0272
0.2182
0.4281
0.7949
0.1175
0.1485
0.6998
0.6733
0.602
0.4931
0.8719
0.4954
0.1752
0.1112
0.273
0.3418
0.1443
0.1203
0.4341
0.4909
0.8
0.7172
0.1271
0.4095
0.6161
0.1875
0.384
0.0479
0.8204
0.6487
0.4163
0.6088
0.3207
0.9738
0.343
0.3165
0.9508
0.1205
0.7335
0.2434
0.093
0.4068
0.0844
0.1503
0.991
0.7143
0.0355
0.5455
0.9591
0.2879
0.3274
0.0901
0.8202
0.3927
0.4613
0.6644
0.2947
0.1581
0.3507
0.8347
0.7021
0.723
0.4288
0.1394
0.3328
0.7434
0.0521
0.0496
0.9804
0.8788
0.2704
0.8106
0.7885
0.1702
0.1283
0.8921
0.9982
0.6989
0.1141
0.1965
0.0999
0.0912
0.139
0.0679
0.4033
0.3433
0.0666
0.7198
0.499
0.1476
0.2622
0.7298
0.345
0.0446
0.4381
0.1087
0.1162
0.9349
0.5691
0.4434
0.5197
0.9291
0.0555
0.1129
0.1851
0.6394
0.6248
0.3213
0.4412
0.0413
0.5192
0.4155
0.3513
0.223
0.5331
0.031
0.7748
0.606
0.0555
0.8063
0.876
0.5667
0.1715
0.4357
0.125
0.3425
0.8294
0.9802
0.1705
0.0843
0.0114
0.8355
0.6884
0.6182
0.6162
0.5706
0.0369
0.5295
0.82
0.8047
0.2457
0.4589
0.7219
0.7229
0.1188
0.8957
0.6412
0.0795
0.8273
0.9406
0.9948
0.0782
0.1457
0.9485
0.0694
0.509
0.4531
0.6778
0.4168
0.9493
0.2725
0.5127
0.1923
0.0114
0.9021
0.265
0.0605
0.8991
0.4645
0.799
0.3707
0.081
0.882
0.3426
0.4775
0.2097
0.6553
0.3954
0.2864
0.0705
0.2625
0.3507
0.7647
0.6464
0.3426
0.906
0.4994
0.9198
0.0796
0.5012
0.5494
0.7096
0.7985
0.4493
0.4362
0.6403
0.1274
0.3611
0.964
0.0199
0.5523
0.8349
0.8931
0.3028
0.1209
0.825
0.641
0.5186
0.2317
0.7497
0.8539
0.5583
0.6162
0.9064
0.5124
0.2633
0.6073
0.8362
0.7121
0.1777
0.9903
0.3972
0.47
0.3992
0.1671
0.9941
0.7595
0.9632
0.3829
0.3778
0.7516
0.2532
0.7315
0.2129
0.4945
0.4383
0.2734
0.2189
0.834
0.7609
0.5927
0.2631
0.7128
0.8964
0.637
0.892
0.5542
0.8872
0.1807
0.1824
0.9593
0.4343
0.7933
0.8989
0.9154
0.1047
0.1356
0.3854
0.4596
0.5369
0.0484
0.6135
0.931
0.0258
0.6641
0.5014
0.4646
0.5586
0.0559
0.6877
0.5679
0.1581
0.3031
0.2989
0.7948
0.9734
0.1869
0.6441
0.1872
0.6992
0.9411
0.74
0.8154
0.8622
0.1522
0.7589
0.248
0.1365
0.4363
0.8447
0.9255
0.85
0.8427
0.7259
0.6043
0.0939
0.0329
0.4673
0.1889
0.0443
0.6232
0.2074
0.0117
0.6955
0.1768
0.026
0.6404
0.4257
0.277
0.5424
0.0257
0.0952
0.3203
0.4565
0.6841
0.7937
0.009
0.4565
0.2774
0.411
0.5496
0.2443
0.2921
0.3219
0.4241
0.3544
0.3706
0.0907
0.2372
0.1151
0.5482
0.2629
0.7496
0.1357
0.7165
0.3872
0.8133
0.7499
0.7791
0.7851
0.8535
0.8137
0.8665
0.1119
0.8535
0.1058
0.3286
0.3877
0.323
0.2797
0.2116
0.2761
0.3241
0.2594
0.3242
0.6675
0.3893
0.834
0.5915
0.0679
0.1488
0.3079
0.6904
0.2596
0.5775
0.2129
0.975
0.8284
0.5182
0.2708
0.6523
0.4047
0.2831
0.8978
0.086
0.4306
0.8129
0.9388
0.9063
0.0794
0.8588
0.7102
0.5954
0.2459
0.1696
0.2833
0.5195
0.8251
0.7785
0.2474
0.7279
0.6213
0.0725
0.188
0.7891
0.793
0.8525
0.3986
0.3824
0.991
0.6081
0.69
0.4555
0.8781
0.4381
0.3321
0.5968
0.4015
0.7331
0.1795
0.5447
0.9154
0.8472
0.3002
0.9036
0.5505
0.8636
0.0966
0.7263
0.0848
0.3203
0.4054
0.366
0.6104
0.7719
0.9033
0.8214
0.1002
0.0134
0.7909
0.2429
0.6772
0.6516
0.308
0.2958
0.4026
0.7415
0.6903
0.6653
0.4409
0.9114
0.1508
0.6993
0.3214
0.9601
0.3121
0.8702
0.5771
0.2629
0.7477
0.841
0.8736
0.3051
0.8177
0.161
0.8056
0.5896
0.6131
0.0789
0.947
0.5369
0.7946
0.085
0.7254
0.5325
0.2239
0.9956
0.1666
0.7744
0.1672
0.2756
0.7352
0.485
0.2335
0.3154
0.1571
0.7891
0.0463
0.8394
0.3727
0.5694
0.3273
0.2419
0.3954
0.2345
0.7638
0.9093
0.6854
0.7096
0.0986
0.6019
0.118
0.0956
0.0812
0.5271
0.6755
0.916
0.7295
0.8811
0.0979
0.5271
0.9333
0.9565
0.3808
0.9331
0.7362
0.6786
0.7188
0.8099
0.9947
0.8788
0.5274
0.8351
0.9328
0.6784
0.1621
0.7061
0.4359
0.3971
0.3934
0.8839
0.5989
0.2631
0.5758
0.0237
0.1998
0.9696
0.3391
0.1314
0.0621
0.3939
0.022
0.8556
0.8645
0.4159
0.3776
0.5187
0.48
0.488
0.9611
0.4344
0.7485
0.5712
0.4406
0.3318
0.3903
0.5748
0.5529
0.6887
0.7446
0.5597
0.8885
0.9237
0.1287
0.4952
0.2891
0.4465
0.0405
0.7157
0.0865
0.4076
0.7013
0.2737
0.8468
0.0893
0.3208
0.3339
0.625
0.0664
0.5922
0.9232
0.4262
0.578
0.0076
0.9812
0.5388
0.3801
0.8624
0.0507
0.7257
0.2893
0.3711
0.4261
0.5368
0.6871
0.38
0.0935
0.7931
0.504
0.0073
0.4027
0.187
0.8881
0.255
0.7891
0.7177
0.1674
0.5691
0.0134
0.5652
0.8503
0.2809
0.338
0.9755
0.9756
0.503
0.3273
0.574
0.7833
0.357
0.6548
0.7873
0.2992
0.5595
0.3532
0.527
0.4782
0.248
0.8263
0.7418
0.8895
0.2721
0.5673
0.492
0.3658
0.1196
0.0154
0.4135
0.7114
0.0629
0.4071
0.2223
0.3074
0.9251
0.7157
0.2138
0.5083
0.6151
0.579
0.5855
0.5084
0.4276
0.2519
0.9496
0.1919
0.6358
0.6377
0.2334
0.527
0.094
0.1792
0.0694
0.5827
0.2227
0.6794
0.7476
0.8713
0.4119
0.2241
0.8482
0.6139
0.9132
0.5271
0.1913
0.8195
0.2876
0.2581
0.223
0.0045
0.8335
0.8586
0.2102
0.7937
0.3031
0.4612
0.9721
0.5776
0.3847
0.6626
0.0751
0.1047
0.6731
0.5129
0.5644
0.4917
0.0142
0.8838
0.1323
0.4359
0.8305
0.8301
0.9051
0.7327
0.7722
0.7075
0.9422
0.4513
0.713
0.407
0.4854
0.081
0.4821
0.7107
0.7208
0.5753
0.697
0.7664
0.5821
0.4779
0.9948
0.4139
0.792
0.9603
0.0255
0.6256
0.1087
0.3246
0.0439
0.8381
0.8951
0.6534
0.7504
0.8865
0.6335
0.2526
0.7023
0.8241
0.2617
0.0998
0.0058
0.58
0.9957
0.8079
0.2753
0.0143
0.9125
0.1931
0.8732
0.6744
0.2823
0.1936
0.6935
0.804
0.4829
0.2592
0.3029
0.6027
0.841
0.4538
0.4551
0.1495
0.3524
0.4567
0.8686
0.4233
0.0663
0.7836
0.5998
0.0805
0.4906
0.6684
0.1296
0.8429
0.6846
0.2733
0.3327
0.7428
0.3914
0.3147
0.9566
0.1453
0.2211
0.3782
0.178
0.0413
0.6395
0.6907
0.8747
0.61
0.3943
0.5706
0.5708
0.9536
0.0551
0.2618
0.6817
0.5507
0.3453
0.7549
0.5583
0.1443
0.402
0.5835
0.9145
0.9034
0.5201
0.6743
0.2503
0.447
0.8238
0.7285
0.552
0.0822
0.7113
0.2153
0.8445
0.8515
0.3745
0.6216
0.5533
0.8086
0.3354
0.3188
0.6085
0.315
0.3993
0.9841
0.7062
0.4921
0.1531
0.836
0.0277
0.814
0.2389
0.5759
0.6704
0.8657
0.5102
0.0419
0.2132
0.1042
0.6657
0.3574
0.4967
0.0585
0.8824
0.4535
0.4911
0.6169
0.8073
0.8994
0.1975
0.8044
0.9368
0.0894
0.3849
0.1901
0.3531
0.052
0.3638
0.1577
0.0458
0.5571
0.6562
0.4708
0.6583
0.5891
0.9972
0.1832
0.1528
0.7971
0.7493
0.2716
0.866
0.4935
0.1281
0.6734
0.7041
0.7645
0.0833
0.0081
0.4193
0.1798
0.0435
0.5321
0.5659
0.7097
1.0
0.0
0.0
1.0
0.0
0.0
1.0
0.0
0.0
1.0
1.0
0.0
0.0
1.0
1.0
1.0
0.0
1.0
1.0
0.0
1.0
0.0
0.0
1.0
1.0
1.0
0.0
1.0
0.0
1.0
1.0
0.0
1.0
1.0
1.0
1.0
0.0
0.0
0.0
0.0
0.0
0.0
0.0
0.0
0.0
0.0
