340.74 712.47 432.86 5107.86 1461.52 676.17
894.18 1309.22 2009.66 3202.43 2723.71 1555.61
260.92 327.83 404.71 625.55 692.23 533.53
122.39 186.84 100.88 1085.85 301.31 166.54
114.23 228.76 92.88 3032.27 626.67 264.34
479.92 622.4 692.52 1519.59 1476.41 1204.92
616.44 852.42 1071.16 2642.71 1867.85 1294.51
103.38 168.05 103.93 2385.51 548.86 263.59
325.51 492.28 430.1 3088.39 1283.81 839.91
427.81 684.89 833.23 3845.22 1682.16 912.79
594.41 911.56 1250.55 3629.5 2024.48 1220.17
259.25 408.74 316.51 2904.12 1040.8 650.1
220.62 433.25 330.95 4489.1 1238.43 594.52
831.9 1228.18 1857.53 3329.58 2590.56 1464.3
338.4 480.32 473.88 2590.77 1309.39 906.1
80.0 201.49 76.46 4519.65 933.78 363.58
170.89 438.99 183.91 5055.35 1172.35 478.01
387.48 524.24 703.33 1065.35 1011.74 730.75
350.1 526.52 512.01 3256.12 1406.31 907.03
113.46 285.4 123.97 4571.79 1085.26 430.75
118.81 314.65 81.19 4659.06 940.07 362.21
91.62 158.65 88.68 2132.65 517.99 222.05
387.38 633.25 659.54 3896.29 1550.8 832.29
667.93 1007.29 1336.55 3719.81 1957.9 1139.13
146.3 279.11 102.11 2130.9 515.26 237.59
142.39 211.18 128.37 1298.75 334.72 175.75
244.53 363.02 334.11 2061.02 977.74 643.2
294.7 454.57 409.59 2999.02 1326.21 838.62
278.2 495.53 459.19 3304.37 1232.73 661.6
592.73 922.02 1203.41 3820.59 2190.17 1229.75
778.37 1191.8 1485.28 3987.84 2332.96 1403.22
504.73 664.04 762.36 1923.77 1494.4 1165.95
261.61 444.87 373.26 3366.28 1304.08 749.43
129.89 152.39 165.79 401.65 240.36 171.71
326.61 421.12 445.53 1461.69 1008.84 780.97
914.91 1350.65 1994.18 3237.25 3167.04 2024.0
669.27 968.05 1286.6 2925.57 1889.6 1173.41
570.63 887.75 1146.97 3758.72 2123.8 1195.73
469.25 618.97 675.61 2214.52 1480.6 1162.84
91.74 202.75 73.77 3561.86 677.34 258.79
441.98 710.66 845.23 3882.74 1708.24 956.16
304.56 570.66 451.48 4340.97 1454.38 783.39
121.01 202.36 108.78 2033.73 503.32 232.53
379.81 571.04 479.75 3186.68 1300.29 842.04
353.37 548.37 580.51 2732.1 1231.51 741.82
501.68 717.92 660.71 2975.32 1525.68 1106.62
220.35 411.12 277.79 3854.1 1286.86 697.41
146.84 282.9 182.68 4456.5 1073.53 508.58
71.48 189.38 84.44 2717.39 690.86 273.58
500.06 729.88 836.84 2908.69 1665.1 1114.05
428.83 719.67 670.11 4688.51 1448.77 693.53
327.37 516.59 638.01 3431.33 1373.48 756.74
179.53 394.22 229.22 5061.46 1207.62 527.79
945.68 1373.34 2022.95 3237.79 3450.32 2226.51
224.68 470.64 357.58 4681.78 1424.42 652.52
256.23 399.14 356.28 2534.95 1128.95 716.63
102.99 284.07 114.99 4590.95 1176.51 459.48
157.92 260.26 244.63 2231.86 767.75 375.53
150.6 273.58 224.42 3669.17 1000.06 479.98
246.42 525.58 357.27 4789.54 1364.94 643.76
60.07 184.27 57.93 4395.38 878.31 331.64
735.52 1037.5 1437.44 2464.04 2303.11 1594.02
108.42 176.14 95.79 1833.9 411.43 197.18
328.72 487.36 475.52 2485.47 1323.94 912.97
468.55 837.52 712.98 5264.92 1839.73 946.94
204.44 345.45 257.99 3642.34 983.39 573.33
656.12 984.78 1422.12 2710.17 1977.15 1223.65
274.84 472.26 507.17 4118.66 1275.29 633.07
333.8 549.8 534.88 3516.06 1404.02 789.66
332.48 485.3 461.23 3102.64 1337.87 882.07
575.99 907.15 1228.79 3839.93 1967.03 1137.24
231.62 345.99 308.59 2805.96 1024.4 644.12
930.69 1375.86 2014.82 3317.3 3350.29 2146.07
278.72 530.71 415.63 4212.45 1310.85 654.15
476.66 620.54 683.38 1605.34 1467.53 1188.95
85.8 141.9 81.22 2185.31 480.1 212.66
440.86 613.95 747.53 1970.3 1388.9 980.41
247.09 567.71 165.1 4926.49 1197.32 529.24
110.0 141.42 126.43 1030.6 303.36 173.62
317.8 466.14 512.73 1920.77 918.93 571.86
353.13 479.16 471.96 1909.26 1138.89 850.88
167.91 221.03 239.7 766.42 364.6 234.49
593.3 815.5 1016.09 2475.1 1807.7 1282.02
211.77 384.37 235.09 3674.0 1037.18 561.0
143.94 348.41 150.03 5148.36 1151.65 487.44
484.35 634.51 695.66 2201.56 1511.33 1192.67
117.87 299.88 151.07 4724.32 1129.68 429.79
228.34 283.45 289.99 826.82 595.62 469.49
403.5 503.69 559.13 1062.76 1140.15 945.25
261.63 416.44 503.49 2560.91 1045.27 554.04
471.38 730.66 995.69 3659.58 1800.29 933.35
248.69 370.18 365.02 1962.91 767.52 418.58
330.64 687.36 394.21 5107.95 1423.13 635.76
211.17 363.53 236.58 3316.52 993.76 529.0
94.41 242.16 105.58 3775.17 968.07 374.58
133.42 189.12 124.71 1215.62 312.88 166.23
58.62 229.69 77.43 3897.77 957.32 351.86
273.41 410.5 369.98 3021.67 1170.69 731.2
263.74 453.24 317.1 3299.06 1132.36 671.92
531.67 839.76 1008.56 3970.22 1817.71 1044.12
171.19 282.34 290.01 2717.7 844.57 413.73
442.02 560.31 630.23 1401.61 1244.08 1034.13
215.26 407.36 185.22 3947.64 834.18 328.43
321.74 485.39 553.21 2882.63 1364.37 858.38
341.8 497.28 575.89 2850.31 1275.12 789.89
303.92 593.72 286.39 4269.42 1284.41 691.95
212.44 353.92 377.24 2618.37 965.91 463.4
380.71 494.04 529.36 1424.91 1173.07 922.89
122.27 164.77 154.42 969.27 355.72 199.04
304.9 554.13 598.42 4397.06 1515.92 736.1
148.41 309.98 175.37 4113.94 1082.95 488.73
128.69 198.69 159.16 1950.14 588.26 302.49
143.0 196.94 183.17 1020.42 413.19 253.13
267.04 380.88 475.35 1197.88 715.71 419.26
383.47 596.17 626.36 3333.05 1381.27 832.09
148.94 289.84 101.92 2255.13 540.08 245.46
204.11 372.54 360.18 4355.44 1271.89 615.45
177.47 338.91 250.58 3230.72 1078.17 574.91
93.65 179.0 79.84 2761.55 543.87 222.08
681.58 1052.46 1324.18 3827.77 2007.68 1148.09
172.33 347.34 171.52 4304.34 993.9 467.08
195.99 381.62 280.31 4139.81 1166.31 568.24
476.06 663.09 729.38 2172.1 1546.21 1101.54
136.61 317.33 198.95 4486.77 1117.43 437.5
104.33 196.06 85.31 2516.2 548.28 246.92
616.87 847.38 1033.84 2287.04 1856.2 1377.94
337.46 503.77 499.29 2621.42 1220.56 813.77
365.55 606.69 620.18 3981.31 1356.9 710.0
261.81 474.17 494.62 4332.04 1199.36 599.05
99.09 285.9 120.2 4683.68 1176.7 437.99
626.89 851.99 1062.87 2245.61 1803.89 1337.62
286.95 418.15 401.93 2812.37 1192.83 802.07
117.4 230.13 101.79 2995.32 672.75 308.83
495.98 650.05 723.39 2008.88 1518.94 1199.86
368.84 612.54 703.76 4401.39 1817.43 1001.75
249.86 371.57 383.6 1608.34 748.32 443.29
226.36 436.95 193.43 4318.04 904.86 350.42
831.72 1224.02 1743.82 3436.07 2819.11 1639.49
542.01 860.13 1166.0 3486.98 1960.77 1116.88
423.05 685.19 873.94 4196.41 1660.63 835.08
174.2 389.03 169.89 5033.77 1202.51 491.16
132.76 383.73 95.66 4961.47 1050.9 398.18
347.19 489.3 491.35 2865.1 1300.93 914.88
314.77 535.68 396.97 3740.42 1314.5 804.64
118.51 143.45 123.55 659.77 253.71 179.63
729.62 1037.36 1498.65 2568.63 2226.9 1407.89
408.37 637.89 809.45 3831.47 1824.97 1048.67
555.74 856.19 1074.43 3973.63 1746.3 965.73
397.89 641.7 676.3 3504.99 1475.46 804.58
479.93 829.09 709.74 5080.59 1564.33 762.97
974.06 1478.2 2250.15 3387.22 3157.65 2013.66
470.55 632.66 673.56 2344.36 1518.04 1162.65
798.13 1182.25 1617.5 3411.1 2618.51 1640.34
452.63 588.9 699.54 1483.58 1367.0 1039.74
524.32 860.14 1079.11 4073.58 1899.91 1067.59
475.96 625.98 674.28 1728.27 1450.27 1159.44
318.17 507.31 482.17 3467.71 1293.05 732.89
102.62 158.21 91.1 1564.06 371.63 189.02
156.69 353.4 143.42 4485.06 1021.41 456.94
218.59 312.11 247.66 1343.45 623.28 433.34
411.45 553.13 582.32 2108.21 1362.47 1044.63
476.59 614.08 688.1 1537.06 1460.21 1195.36
411.43 552.82 571.15 2126.6 1286.32 991.64
420.09 578.71 622.62 2880.64 1457.22 1040.24
263.47 391.32 338.23 2889.32 1053.14 673.06
94.22 156.12 94.73 1669.47 459.33 209.01
590.65 919.53 1110.77 3702.46 2043.92 1217.3
95.41 221.79 77.85 4005.18 765.14 291.88
423.63 569.75 602.59 2559.97 1426.35 1068.91
94.61 228.99 117.36 4082.54 996.32 386.58
110.5 232.91 153.03 3533.84 899.71 364.6
887.46 1298.24 1908.71 3255.78 2843.07 1815.98
137.09 247.05 150.54 3225.53 712.59 365.31
407.13 525.33 553.95 1450.88 1184.01 941.42
186.21 297.91 305.4 2395.68 743.85 404.92
290.68 397.52 397.21 2277.35 1026.94 722.36
665.53 920.17 1176.88 2531.25 2293.63 1643.91
195.72 378.07 213.92 4370.32 1148.87 596.09
87.7 186.97 110.9 3259.97 719.46 302.93
217.88 311.57 272.16 1896.24 713.83 471.91
157.45 369.4 127.43 5122.71 1156.03 452.13
98.51 250.0 100.0 4124.45 947.85 360.96
504.93 817.86 1053.33 4019.24 2265.33 1288.74
578.39 875.21 1089.06 3457.4 1985.59 1222.57
457.93 620.43 654.14 2424.72 1502.88 1136.75
153.11 306.02 102.09 2438.75 577.57 257.86
168.68 288.17 250.22 2997.36 769.85 354.87
84.58 157.16 84.47 2375.11 572.2 232.99
522.75 838.86 1024.64 4146.31 1642.31 880.74
546.65 829.82 1074.0 2983.52 2069.46 1287.25
217.31 447.0 324.66 4617.97 1192.52 521.71
202.05 366.29 261.67 3830.29 1177.98 617.04
465.91 829.41 706.18 5164.81 1636.21 803.68
515.44 803.38 1020.77 3750.09 1860.63 1053.49
381.62 488.05 523.4 1235.92 1016.74 835.72
153.26 244.73 139.3 1984.93 463.65 209.1
458.11 628.9 683.25 2685.91 1494.07 1093.13
341.97 553.46 658.22 4394.76 1499.22 750.36
342.13 549.5 403.52 3758.18 1241.51 717.65
78.57 263.69 109.25 4119.29 1065.98 422.25
560.67 842.74 1100.17 3226.61 2110.62 1330.84
96.87 150.25 96.07 1532.49 394.64 186.2
467.53 633.2 649.96 1843.71 1455.8 1149.91
420.99 601.46 644.7 2629.45 1462.66 1009.42
330.45 491.89 583.23 2604.57 1099.77 645.51
464.41 763.14 1004.38 4100.74 1798.13 1030.78
602.01 918.65 1218.06 3770.74 2055.4 1192.9
84.88 179.38 75.28 3611.89 732.59 299.18
86.88 269.9 92.99 4707.51 1162.35 425.48
562.36 889.77 1096.97 3955.44 2138.97 1194.7
90.04 232.15 86.72 4485.62 780.68 301.11
333.69 534.7 553.94 3379.87 1536.63 910.83
193.97 342.11 306.02 3910.13 1118.58 571.85
102.76 161.25 90.63 1640.72 385.85 193.68
169.76 287.54 218.15 3374.52 971.01 531.21
122.06 236.45 108.13 2924.18 659.15 278.25
502.48 729.42 829.74 3160.55 1704.29 1110.37
246.13 421.65 281.54 3756.97 1166.66 633.05
97.74 106.68 97.01 432.55 160.62 117.97
92.6 191.97 76.53 3198.53 616.74 242.13
538.41 852.67 1161.91 3798.63 2384.99 1422.78
492.59 637.13 706.71 1508.47 1477.63 1212.62
100.11 101.03 99.94 123.52 104.22 101.32
84.04 179.45 70.16 3146.57 545.74 222.57
94.4 139.18 92.44 1458.07 379.27 181.54
186.62 297.6 232.24 2559.56 859.08 484.85
732.14 1096.12 1540.73 3722.61 2564.52 1562.7
343.36 510.86 536.66 2837.67 1279.22 798.65
830.25 1244.22 1624.05 3567.67 2251.11 1336.95
137.37 321.2 207.71 4255.77 1201.81 497.7
189.34 316.13 244.9 3726.62 1086.02 596.63
254.8 389.48 318.95 2820.6 999.46 639.71
309.46 609.2 266.23 5242.74 1193.56 504.8
116.1 245.51 123.2 4597.59 1002.46 442.53
620.72 840.88 1114.35 1856.35 1862.76 1345.02
332.75 440.8 460.61 1779.22 1052.6 789.87
253.22 444.49 417.46 3719.43 1255.19 658.51
112.76 258.34 163.66 4180.99 1051.14 414.99
236.56 441.04 310.91 4368.31 1220.72 598.26
361.71 505.7 697.27 1491.94 1219.46 787.1
101.53 232.0 93.56 3052.89 775.23 325.12
628.41 927.97 1230.65 3567.69 2024.59 1182.37
421.81 771.06 562.91 5392.39 1634.93 785.95
97.77 135.89 97.2 1123.06 310.43 161.56
389.83 658.65 714.66 4398.78 1655.89 877.7
420.78 581.53 659.3 1993.7 1258.03 875.09
91.22 116.42 90.45 976.19 257.14 145.71
76.35 217.78 55.77 4616.09 760.75 281.69
136.52 397.67 101.75 5139.98 1092.48 413.79
268.05 401.61 361.63 3318.12 1203.06 764.33
839.0 1224.19 1737.19 3009.35 2581.52 1584.9
714.26 1122.06 1374.65 3945.9 2356.24 1362.98
205.18 287.61 255.84 1514.6 705.99 473.86
816.86 1183.69 1718.37 3422.58 2444.58 1422.57
240.58 389.04 307.82 3594.85 1119.63 661.76
183.5 383.47 300.69 4547.76 1259.57 546.5
325.06 575.05 535.39 4525.15 1660.83 857.0
128.79 257.28 161.68 4029.09 979.47 471.24
87.45 146.53 87.36 1952.16 484.42 208.26
329.25 413.62 446.93 1089.21 941.87 756.71
89.43 152.62 80.24 2117.74 395.21 181.17
537.63 858.85 1141.37 4065.96 1932.36 1091.7
598.09 915.06 1212.61 3758.03 2147.12 1218.16
382.96 640.85 745.12 4200.97 1866.27 1012.95
264.85 373.67 351.33 2199.16 948.29 654.19
101.92 111.87 100.71 345.62 148.63 115.5
224.18 374.92 294.57 3743.8 1202.0 660.89
141.13 317.37 120.37 4507.45 944.37 396.98
102.5 258.94 106.65 4227.6 981.45 378.95
114.4 305.88 78.01 5113.83 1044.46 418.37
146.25 223.34 134.2 1643.99 394.61 191.66
253.77 346.21 333.21 1693.94 860.64 600.78
381.06 521.97 540.11 2259.05 1356.94 995.2
85.07 215.83 91.04 4112.91 966.12 365.79
517.5 824.62 1067.29 3502.31 2138.04 1300.28
207.59 319.35 355.77 2230.75 818.93 414.63
127.94 274.84 147.1 4227.37 1074.77 466.5
89.73 227.76 67.39 4404.37 817.84 297.44
251.62 473.18 297.52 3924.35 1216.38 677.32
836.98 1279.28 1851.0 3637.38 3323.23 2123.88
160.27 263.77 144.48 2232.95 511.5 223.45
414.47 546.94 578.02 1842.46 1239.97 972.04
150.98 327.32 152.34 4288.92 977.28 401.05
374.38 527.19 516.26 2907.6 1314.28 934.01
169.6 289.11 151.36 2563.01 575.18 242.55
255.91 445.4 455.78 4517.58 1352.52 658.69
586.26 918.3 1074.15 4437.51 1892.0 991.04
399.06 572.47 621.93 2359.62 1472.08 1023.52
88.99 258.5 92.93 4373.64 1090.16 408.35
70.67 186.58 61.21 4408.5 885.34 332.76
600.49 897.69 1145.45 3603.22 2419.97 1551.47
292.89 407.87 452.67 1630.78 859.92 572.63
117.32 256.69 91.34 3668.39 740.92 299.99
205.47 416.07 310.85 4702.75 1323.81 612.04
97.19 217.44 99.59 3294.0 768.56 300.96
53.93 244.75 75.02 4335.55 1056.35 381.04
216.18 406.61 242.39 4381.53 1166.28 579.79
182.05 426.64 178.03 4646.94 1139.85 518.91
98.78 106.07 97.72 332.65 134.04 109.36
312.24 483.74 573.01 2317.28 1174.02 693.2
374.47 481.94 514.79 1589.73 1158.04 905.97
490.36 672.81 689.82 2375.03 1535.5 1188.48
630.92 894.27 1040.31 2842.64 1951.77 1377.04
97.34 109.88 97.32 493.12 181.59 122.98
470.97 773.41 948.89 4060.71 1740.44 962.81
472.2 667.58 812.32 2466.92 1726.3 1222.39
836.52 1226.49 1796.69 3304.47 2707.74 1721.35
78.87 178.35 78.71 3218.42 747.23 282.28
515.78 863.25 916.45 4724.12 1758.29 918.37
670.77 1031.85 1436.52 3658.22 2580.82 1555.88
291.94 412.58 391.43 2403.92 1124.96 754.01
425.61 675.94 832.74 4227.64 1616.66 830.6
779.62 1149.4 1656.0 3516.38 3173.28 2017.66
101.74 197.58 112.92 2957.78 746.13 318.65
72.17 187.23 84.82 2654.46 676.65 269.41
392.32 610.72 732.2 3343.17 1536.11 857.88
286.1 513.45 498.16 4322.7 1299.03 610.03
140.47 256.99 101.59 1882.24 463.93 220.3
104.86 207.71 83.53 2809.17 602.64 264.73
617.29 1019.7 1148.47 4641.84 2025.17 1107.37
465.56 602.62 667.44 1783.37 1395.58 1119.75
900.08 1357.92 1974.9 3296.47 2743.95 1718.24
76.4 217.49 55.88 4605.03 759.13 281.24
228.44 357.34 295.96 3063.06 1094.19 637.99
116.48 239.3 146.26 3896.02 929.91 429.87
114.01 239.8 139.73 4014.99 952.88 443.58
886.86 1282.46 1921.83 3390.6 2705.81 1580.39
91.69 124.53 89.01 1320.98 322.56 165.96
85.82 213.72 91.86 4022.53 947.73 360.84
97.62 269.5 105.4 4628.61 1049.71 385.55
96.72 122.99 95.56 896.93 263.88 147.85
251.86 489.14 226.61 4921.14 1076.64 421.31
266.15 439.69 363.82 3582.58 1339.83 777.63
333.62 539.47 602.22 3539.58 1268.2 681.5
136.21 220.42 147.34 2435.21 600.34 311.94
133.42 335.55 107.89 3991.1 880.12 356.88
358.67 673.93 451.51 4964.94 1327.67 601.87
610.48 936.98 1277.16 3919.7 2105.53 1129.61
140.1 300.9 125.89 4153.79 945.58 431.97
189.69 321.98 253.61 3704.51 1069.11 594.95
683.98 1045.81 1450.7 2952.28 2593.99 1662.24
56.33 239.59 76.79 4165.94 1019.39 371.15
99.81 101.32 99.74 145.8 109.42 102.75
276.93 425.22 368.73 3446.31 1112.66 721.7
250.87 385.48 337.78 3579.86 1184.55 716.73
98.96 116.77 98.69 578.17 198.35 128.77
631.05 958.68 1387.32 3632.45 2176.65 1174.52
189.42 374.23 321.67 4381.69 1330.37 616.8
101.01 122.5 96.56 665.89 204.99 134.41
265.18 467.36 313.12 4301.0 1291.35 686.43
320.29 512.76 624.85 3368.38 1512.56 800.13
269.77 471.74 390.98 3713.99 1215.04 682.43
92.53 219.92 90.63 3518.89 803.21 305.73
143.65 260.29 160.51 2556.34 767.72 390.85
323.62 514.74 616.67 3406.23 1327.67 666.37
252.67 412.51 340.35 3406.62 1230.96 723.49
584.54 798.78 960.45 2397.22 1819.24 1348.92
371.12 528.24 508.13 2625.1 1345.24 969.28
118.77 314.15 81.23 4648.48 938.13 361.6
128.63 347.95 96.21 4348.35 930.98 360.58
133.79 340.67 139.5 4632.57 1223.65 528.18
220.82 455.06 170.28 3597.1 937.54 450.33
198.3 413.61 337.59 4512.3 1390.31 603.55
89.86 137.6 89.78 1596.72 410.65 187.49
355.75 636.26 663.27 4386.82 1513.01 777.85
525.62 847.26 1035.61 4223.77 2136.83 1216.14
141.9 400.67 108.68 5084.54 1096.95 426.78
107.44 164.46 99.01 1204.54 316.05 167.75
430.47 676.0 527.7 3301.8 1460.48 994.73
881.92 1312.79 1910.22 3415.07 3228.08 2052.19
665.68 1067.37 1420.13 3939.24 2255.0 1315.28
178.45 354.77 256.48 3499.3 1178.14 622.3
183.34 423.27 103.27 3769.86 849.39 347.7
382.83 682.47 539.03 5138.25 1460.31 685.0
911.18 1313.54 1977.8 3348.52 2756.01 1616.98
273.17 437.56 328.57 3339.87 1169.82 688.24
733.01 1137.3 1593.91 3685.79 2378.88 1426.29
187.66 360.16 346.3 4487.56 1221.96 564.64
185.63 366.99 287.19 4561.68 1140.8 515.33
343.78 566.21 666.22 4440.87 1626.29 863.54
100.33 272.09 103.04 4652.01 1064.53 400.35
82.71 211.44 72.8 4844.81 962.03 374.87
95.75 277.16 103.95 4635.7 1169.26 445.36
216.73 338.26 222.22 2080.96 634.37 360.25
343.91 550.52 407.11 3731.27 1244.28 723.51
167.64 304.17 216.92 3739.87 1087.15 538.37
208.16 382.41 187.88 3556.87 776.38 317.05
387.17 673.46 548.59 4804.36 1487.62 742.18
223.2 380.85 261.7 3501.81 1028.82 559.45
75.28 191.65 75.1 3747.98 857.15 313.24
410.45 547.11 588.25 1937.15 1377.82 1054.84
118.97 157.03 126.88 1139.34 322.98 205.55
99.63 101.38 99.63 154.76 111.37 103.2
406.32 659.28 813.85 4047.76 1752.85 951.1
165.61 272.94 272.66 1900.15 668.09 338.17
183.42 254.45 197.62 1208.06 455.78 298.03
513.15 789.57 1040.01 3185.84 1900.02 1143.44
521.15 671.04 777.98 1382.46 1542.3 1270.91
258.19 509.39 213.46 4451.97 964.87 383.66
93.11 134.28 87.13 1414.62 292.34 152.89
325.18 596.56 420.32 4994.06 1337.32 590.74
106.85 251.88 76.77 3920.11 808.75 332.28
127.51 256.62 182.14 3605.37 936.94 389.96
379.35 502.41 617.77 1202.6 1148.58 865.74
311.59 532.05 341.72 4221.47 1193.87 616.82
864.46 1279.78 1787.99 3405.43 2720.82 1650.3
116.37 241.06 152.42 3883.88 924.47 424.24
288.81 550.16 272.7 5179.18 1185.17 509.18
138.86 321.92 130.54 4604.4 953.93 383.41
359.78 505.81 508.47 2752.14 1347.63 933.9
225.01 439.69 192.25 4524.12 953.53 356.06
93.53 162.79 94.1 1856.1 502.06 221.97
322.13 526.6 596.68 2962.7 1423.16 806.36
449.25 596.07 638.7 1850.67 1429.52 1125.59
170.59 311.94 204.55 3906.67 925.7 496.65
911.64 1332.78 1956.09 3336.71 3034.83 1912.82
77.73 169.81 87.85 2144.2 561.47 235.57
270.16 453.97 459.33 3803.35 1424.82 757.5
123.59 181.53 141.88 1678.75 513.73 276.08
418.9 700.29 836.43 4424.38 1713.45 864.93
378.69 555.46 509.28 3170.73 1380.99 938.96
789.02 1131.62 1609.44 2906.61 2852.39 1886.35
89.91 170.61 86.37 2547.23 603.24 246.94
161.8 349.03 157.03 4707.83 1110.89 523.92
296.15 467.66 380.61 3382.05 1249.24 772.13
154.29 278.64 225.9 3115.2 853.65 375.87
346.1 483.82 489.54 2702.95 1311.6 925.9
66.92 241.5 95.06 3914.8 977.18 364.59
102.62 182.89 107.49 2892.29 669.2 306.18
321.52 576.9 331.69 4920.18 1239.05 595.64
191.88 387.95 232.32 4110.09 1266.07 641.76
307.95 573.29 285.99 4578.7 1132.51 526.45
468.49 626.85 655.38 1942.57 1443.04 1129.43
313.12 540.7 629.19 4343.44 1811.01 893.34
82.66 221.37 76.57 4306.67 965.04 352.58
268.17 326.5 365.14 631.18 666.72 552.11
441.87 617.41 623.86 2599.22 1523.66 1122.98
386.82 666.93 714.22 4699.91 1971.72 994.88
346.98 532.9 474.45 3246.47 1433.38 939.56
533.21 901.6 872.97 4833.57 1594.65 787.85
704.65 1052.47 1550.28 2679.63 2143.19 1332.82
167.79 348.71 177.93 4415.7 999.75 445.13
340.09 427.18 477.76 1024.59 949.15 765.99
193.76 407.13 253.26 4858.16 1258.91 538.49
354.35 453.48 493.99 1180.15 1030.98 839.1
188.09 321.71 211.24 2823.7 827.66 465.18
161.29 406.86 142.11 4757.51 1096.54 464.7
103.31 253.0 87.51 4669.11 899.71 345.24
213.91 446.84 346.69 4495.03 1407.52 651.05
79.35 208.43 66.24 4897.07 964.09 372.08
247.7 496.01 212.05 5203.37 1094.43 404.82
95.38 174.24 94.2 2216.41 535.31 227.35
92.67 138.5 88.01 1803.31 406.81 196.61
532.86 755.54 1087.19 1737.62 1641.34 1058.6
175.84 336.98 226.62 4340.98 1051.16 497.03
133.46 302.27 167.2 4825.31 1011.6 404.69
108.81 154.5 103.25 1227.94 323.32 171.19
111.12 256.05 132.72 4349.09 821.02 335.69
236.72 422.94 406.79 4636.38 1291.35 623.25
113.05 213.04 98.27 2036.79 478.84 218.79
72.48 181.24 63.6 4142.87 836.92 318.41
577.9 738.15 836.27 1672.76 1640.78 1379.52
558.21 799.7 1017.53 2084.64 1595.26 1069.61
364.18 524.72 495.3 2701.54 1329.35 929.2
385.68 594.7 599.69 3329.71 1543.81 973.06
314.27 596.22 309.4 4115.9 1295.25 720.93
270.57 405.22 374.8 2885.4 1204.1 760.01
128.13 268.98 169.1 4717.93 1055.0 450.76
98.63 117.03 95.65 673.72 195.68 126.32
88.8 239.32 64.44 4793.92 882.81 315.31
308.74 515.5 508.98 3804.43 1333.97 702.77
315.77 403.03 437.81 1079.1 924.99 741.9
287.04 388.49 386.24 1590.28 906.84 668.89
731.3 1026.66 1490.33 2413.1 2185.78 1372.47
202.7 341.53 225.75 2734.15 708.91 323.59
88.82 135.04 93.9 1125.98 331.61 168.04
125.93 252.22 146.26 4317.45 1009.67 462.04
372.85 655.24 708.76 4409.17 2005.68 1089.46
451.88 595.2 643.4 1757.24 1414.86 1129.47
108.38 247.43 131.78 4871.27 1028.92 415.79
609.81 934.87 1290.21 3930.87 2470.13 1489.01
236.97 375.42 310.44 3897.72 1183.19 693.43
314.83 536.26 583.12 4247.57 1350.53 695.84
83.15 152.81 90.81 1646.49 449.11 202.56
182.46 387.35 210.21 4767.48 1124.75 472.99
102.03 145.02 93.11 1232.33 310.08 168.85
451.29 645.55 879.29 1930.28 1602.27 1032.9
363.83 631.39 730.47 4209.83 1837.02 962.97
150.71 335.11 212.99 4545.6 1166.27 484.14
171.42 238.94 273.31 1173.06 571.92 346.84
80.91 200.24 68.79 4534.62 898.8 351.52
688.26 1008.09 1433.42 3147.06 2367.76 1366.65
103.62 141.3 96.38 977.23 261.64 150.45
90.0 262.69 87.49 4733.71 1053.43 379.16
163.58 328.05 201.82 4069.72 1120.23 530.7
525.9 810.04 1069.55 3728.6 2233.75 1318.19
109.19 303.75 68.84 5224.96 1050.84 411.62
438.65 680.0 544.31 3216.18 1470.76 1015.61
124.88 327.23 94.65 4763.33 974.14 377.45
111.72 131.25 108.67 491.25 174.66 123.23
563.52 723.3 817.32 1744.81 1637.48 1357.47
87.48 222.51 103.62 4177.22 984.62 367.2
380.57 653.96 726.02 4336.21 1698.44 845.09
593.55 751.03 863.25 1552.02 1663.57 1415.34
519.82 721.76 874.44 2308.9 1654.53 1191.48
85.98 198.16 81.05 3502.33 799.64 304.28
424.62 579.68 592.72 2180.92 1417.12 1068.91
162.93 381.06 317.6 4209.89 1274.02 538.94
336.82 621.63 416.3 5243.12 1320.32 568.7
106.32 220.14 134.91 2495.37 719.59 336.5
424.46 714.8 764.21 4437.61 1526.86 758.44
393.38 615.31 485.18 2943.1 1378.12 942.35
107.69 147.54 102.83 1083.89 294.79 162.1
857.6 1243.46 1700.58 3025.39 2506.03 1647.41
242.6 419.57 275.38 3811.55 1166.25 625.83
181.06 331.3 210.54 4153.03 1016.76 513.57
498.67 706.11 872.5 2597.19 1518.31 993.4
332.06 602.22 696.8 3974.3 1740.47 913.33
194.73 359.61 250.3 3891.53 1170.32 601.66
114.36 155.71 100.56 732.49 229.15 142.69
101.42 222.45 94.03 2839.17 726.36 308.82
631.96 923.45 1182.48 2789.07 1939.22 1296.05
73.86 148.88 71.56 2709.25 567.97 236.13
905.2 1314.53 1993.04 3312.03 2746.75 1572.13
127.04 334.19 96.42 4112.62 884.87 346.12
166.02 341.28 161.17 4345.42 983.88 452.91
109.98 213.9 90.02 2519.26 545.79 239.14
142.78 404.74 116.32 5124.46 1104.6 422.55
158.89 337.38 200.24 4245.48 1232.46 568.48
92.86 149.96 90.35 1831.77 456.12 203.98
276.68 447.38 349.71 3564.81 1239.5 768.34
808.17 1208.0 1684.32 3397.57 2049.72 1204.24
358.33 595.78 718.15 4272.08 1819.56 937.43
418.32 620.34 659.15 3268.32 1456.47 934.59
110.73 197.1 94.63 2311.34 497.18 223.94
106.52 244.57 77.89 3736.48 774.68 321.11
85.69 175.14 76.61 3424.07 698.76 288.53
424.64 576.06 596.74 2030.06 1386.02 1070.34
246.64 468.66 386.02 4158.52 1419.49 718.26
276.53 522.25 279.66 4944.61 1160.58 482.7
222.7 448.43 323.42 4778.02 1245.47 549.36
293.96 465.14 542.92 2797.98 1021.85 520.74
120.29 254.75 147.82 4565.57 1011.15 438.9
55.87 238.32 75.93 4150.54 1014.38 368.62
195.79 361.23 332.82 3833.65 1157.65 535.82
519.8 837.34 1087.45 3994.75 2304.39 1319.32
72.74 150.98 70.34 2821.21 588.05 241.97
323.83 643.32 279.05 5578.3 1259.21 528.91
96.13 148.09 87.73 1720.12 370.19 174.31
333.85 442.39 455.15 1952.92 1123.92 830.43
93.51 162.96 94.09 1860.7 503.12 222.29
233.25 460.89 265.98 4115.1 1196.18 635.5
511.73 673.9 738.33 2064.89 1585.64 1256.48
425.63 588.35 678.63 2159.63 1343.31 936.9
120.74 205.65 133.38 2236.12 604.09 291.31
649.22 902.53 1204.57 2308.7 1779.78 1206.42
157.07 255.06 142.11 2119.57 489.63 216.89
355.34 521.05 496.14 3078.26 1379.6 926.13
373.17 532.26 510.45 2611.66 1339.94 949.95
185.11 330.85 320.81 3800.51 1104.18 531.81
91.71 141.29 84.5 1683.11 331.62 163.69
96.94 187.69 115.27 2041.51 585.74 273.82
283.83 392.3 389.67 2241.75 1055.86 738.96
278.42 469.09 393.41 3784.35 1288.21 708.82
477.93 629.28 683.77 2319.61 1508.5 1181.29
392.8 683.07 600.23 4793.8 1545.91 754.14
108.99 299.41 69.5 5115.76 1030.58 404.98
247.4 357.31 424.87 1697.19 771.04 447.22
92.38 222.29 90.44 3586.43 817.1 309.79
176.56 437.68 182.01 4932.94 1144.41 479.47
556.73 711.72 806.61 1774.23 1612.64 1340.23
412.83 586.73 565.35 2916.36 1426.09 1014.42
128.02 212.25 178.88 2572.79 694.71 335.03
479.78 682.32 928.22 1622.53 1435.88 994.96
240.4 437.17 366.3 4035.45 1241.98 631.57
215.24 393.72 234.92 3952.71 1118.14 564.82
611.2 901.45 1269.41 2895.19 2058.3 1276.17
90.39 279.57 129.1 4155.8 1099.05 450.6
311.02 459.25 410.22 2538.66 1139.77 785.58
175.74 371.02 218.55 4539.86 1085.98 484.52
211.55 396.83 351.64 4467.84 1282.61 596.57
117.79 260.95 91.1 3765.42 758.35 305.43
133.87 288.31 155.42 3984.56 1018.41 446.2
267.27 486.57 522.52 4376.51 1273.39 650.94
305.78 579.51 483.7 4388.15 1510.89 787.67
474.03 749.0 939.94 3771.94 1562.93 827.01
298.37 492.53 477.36 3314.06 1113.98 560.3
120.27 198.78 108.48 1966.19 489.24 227.9
138.32 300.96 160.18 4198.48 1073.08 468.32
319.48 442.13 486.4 1601.34 1043.31 752.39
391.81 572.54 532.38 2742.16 1252.21 831.56
257.22 387.06 327.46 2595.45 1008.03 661.83
95.91 150.81 87.03 1811.9 385.49 178.52
186.16 350.87 345.71 2857.88 1066.36 531.72
647.91 1024.1 1236.24 4101.58 2091.84 1143.08
455.33 620.11 652.32 2413.46 1529.19 1146.5
122.27 292.93 97.05 3405.6 746.58 302.75
87.68 219.62 88.76 3445.26 865.91 332.35
670.17 1051.78 1311.94 3942.04 2176.95 1290.37
102.99 254.19 86.38 4716.51 910.08 348.41
235.46 407.64 432.66 4230.22 1269.04 597.99
723.46 1090.0 1591.32 3630.97 2363.92 1310.34
102.83 124.54 99.62 520.53 182.26 125.79
95.1 114.47 93.52 820.05 231.25 138.9
84.67 176.35 71.33 3027.62 528.34 217.78
176.36 225.59 277.87 770.57 430.92 276.17
250.83 433.11 290.43 3904.36 1182.04 638.84
126.48 329.4 96.49 4030.62 868.83 341.09
130.25 313.83 172.45 4643.35 1112.3 433.12
376.92 519.93 530.99 2835.75 1360.97 973.68
397.78 608.15 572.72 3190.02 1274.45 786.96
438.97 698.96 913.21 4007.48 1776.39 895.79
648.7 943.16 1376.22 2242.64 2171.06 1398.43
318.81 560.82 430.69 4396.67 1243.43 552.49
560.57 869.53 1184.6 3558.47 2198.39 1206.73
474.76 628.96 677.45 2266.08 1455.5 1154.28
171.23 358.21 113.24 2946.23 700.87 310.32
88.11 218.27 79.94 4854.93 981.18 392.41
215.78 549.08 104.55 5198.14 1141.04 444.11
169.22 311.43 190.25 3982.07 972.53 483.42
90.21 225.41 128.3 4339.88 962.75 393.02
442.5 615.75 600.02 2410.78 1405.74 1039.71
178.3 352.05 283.2 4448.93 1099.05 529.94
106.77 251.88 108.2 4491.92 821.47 345.0
231.38 415.47 269.78 3800.74 1123.04 627.92
101.05 190.42 95.59 2122.68 562.52 254.2
77.25 167.15 69.91 3441.82 709.14 280.54
944.48 1364.49 2027.99 3398.33 3164.37 1864.59
101.94 283.06 113.38 4597.45 1175.46 457.43
199.18 290.22 348.86 1813.39 693.44 368.49
200.14 362.61 167.0 2931.57 654.43 278.92
89.5 243.96 65.11 4909.27 904.93 323.25
101.2 126.57 95.94 768.21 223.97 140.63
74.06 181.31 85.85 2481.16 637.53 257.91
349.75 461.57 476.0 1803.87 1100.73 843.9
233.2 453.27 384.16 4045.14 1327.75 626.62
89.8 199.04 90.7 2869.75 734.14 292.37
127.68 303.97 103.3 4556.21 918.13 362.09
144.78 400.44 114.31 5008.77 1094.41 432.96
419.1 639.03 521.08 3241.09 1381.72 917.7
118.87 192.92 130.21 1671.68 507.13 260.22
473.41 735.29 822.25 3301.02 1717.44 1093.31
220.12 412.48 400.94 4483.6 1292.76 620.21
245.67 470.51 358.89 4314.45 1146.88 542.9
739.38 1096.2 1562.66 3521.69 3055.02 1918.18
239.41 357.83 318.19 2712.82 1067.9 652.5
116.0 331.65 120.41 4885.94 1224.96 485.36
335.35 581.96 643.48 4326.07 1746.85 911.08
185.04 382.12 221.39 4165.71 1259.72 627.93
410.34 730.57 528.14 4944.44 1535.13 782.98
844.12 1277.11 1766.71 3739.84 3063.22 1911.08
222.08 376.12 336.33 2741.32 859.47 446.63
309.18 569.53 367.02 4190.34 1088.3 488.78
389.12 624.01 759.83 4122.77 1650.18 872.96
354.44 548.98 665.91 3166.14 1310.46 732.77
100.17 101.5 99.98 125.65 105.02 101.57
82.65 191.08 71.64 4129.58 825.84 328.55
266.57 551.54 220.86 4306.16 1153.69 570.96
402.83 673.36 801.38 4174.76 1905.24 1043.47
399.68 658.48 807.77 4110.42 1905.77 1041.47
446.59 707.47 912.44 3832.31 1884.26 1042.52
767.12 1150.63 1610.76 3743.01 2677.86 1642.57
140.56 363.57 178.85 4819.55 1279.18 535.44
341.89 553.47 663.02 2859.12 1474.57 855.54
516.74 788.16 1003.45 3213.74 1743.61 1006.45
310.93 535.26 329.27 4264.55 1161.67 593.25
93.75 200.41 92.15 2962.58 688.78 272.25
166.24 344.39 211.44 4200.07 1239.82 582.81
117.25 328.94 125.76 4773.2 1204.65 479.2
108.54 289.45 71.03 4865.17 984.09 389.74
459.73 633.31 651.98 2477.43 1540.65 1157.49
109.23 179.92 98.78 1469.32 367.84 183.99
226.01 329.68 325.6 1558.6 598.97 345.04
328.88 460.24 414.49 2120.44 1017.86 705.42
214.28 454.88 242.05 4403.01 1187.58 585.88
272.18 500.97 416.71 4196.17 1183.02 579.75
671.76 1009.01 1490.05 3456.23 2249.26 1230.19
457.68 649.08 892.76 2006.74 1363.91 828.96
116.25 218.73 134.34 3058.39 812.36 365.3
348.48 538.94 619.03 3816.34 1531.91 860.69
565.62 910.83 1224.28 3914.36 2118.77 1189.89
255.9 368.54 338.54 2747.81 1066.84 687.84
149.15 271.61 175.6 4017.6 995.62 497.05
735.98 1140.32 1388.53 3864.27 2087.98 1201.5
224.49 392.18 406.13 3964.58 1247.44 614.06
206.6 368.87 268.71 3750.48 1173.89 623.85
179.87 317.03 158.94 2926.61 645.33 263.6
618.15 972.69 1300.18 3842.76 2452.16 1457.61
58.89 180.69 55.81 4326.76 861.21 323.5
313.77 550.7 512.64 4163.92 1266.97 599.41
130.67 365.69 95.94 4652.43 990.46 379.23
338.49 628.59 342.32 4226.33 1339.53 759.69
209.49 397.52 180.8 3974.97 847.58 324.27
407.92 679.37 764.71 4158.94 1709.77 886.04
349.12 653.93 333.33 5208.09 1297.11 611.07
320.43 499.9 373.41 3276.34 1114.48 655.41
134.16 320.33 192.25 3924.87 1147.91 535.32
461.41 590.15 649.87 1354.02 1268.85 1061.18
865.62 1238.51 1838.28 3266.78 2547.36 1501.63
467.83 611.94 669.8 1634.41 1444.78 1169.19
295.12 397.64 399.05 1864.65 1027.22 730.06
690.86 1039.99 1443.32 3772.86 2453.51 1484.26
765.53 1134.69 1579.54 3327.41 2472.48 1479.61
167.9 265.97 204.17 2549.48 817.12 446.74
235.2 474.28 474.68 4097.94 1445.24 693.57
304.35 452.1 551.87 2014.55 1034.26 582.94
414.62 603.96 672.05 2795.32 1552.18 1037.48
103.14 169.63 89.35 1851.51 424.96 206.5
554.72 837.96 1136.1 3832.83 1840.71 1017.23
152.63 245.56 160.72 2059.37 588.97 329.98
346.24 594.94 416.51 3446.46 1279.96 767.46
455.61 706.25 912.17 3836.26 1583.27 867.05
724.98 1036.5 1385.4 2565.94 2112.87 1426.78
86.36 279.13 131.14 4214.78 1111.72 445.13
254.03 389.44 435.71 2709.36 915.48 484.66
401.7 611.37 776.57 2575.14 1426.71 806.69
449.88 628.94 610.74 2105.39 1437.31 1100.51
940.98 1391.87 2116.39 3730.18 3932.21 2302.27
139.4 339.47 146.98 4467.73 1199.2 527.56
165.16 354.68 160.73 4778.87 1117.55 526.24
93.98 122.32 93.94 988.2 284.35 151.92
176.25 386.56 162.31 4960.67 1181.31 493.7
152.72 218.56 200.77 1576.01 561.58 321.96
214.04 387.87 293.66 3718.97 1016.73 500.48
83.44 151.89 90.97 1619.61 443.04 200.78
200.59 357.52 330.41 3933.09 1154.41 604.12
328.49 556.2 363.45 4360.52 1227.04 639.15
93.91 131.97 90.05 1514.44 354.78 180.22
116.48 249.06 91.76 3494.68 709.72 290.26
774.24 1183.87 1690.36 3485.77 2408.35 1470.64
309.82 523.34 622.13 4140.87 1635.3 888.71
300.01 537.79 386.98 4314.54 1117.88 483.94
149.91 245.3 178.49 2352.53 702.99 371.01
87.66 186.38 83.32 3093.94 715.66 279.76
94.29 129.96 90.67 1425.49 338.76 175.18
390.26 615.56 493.7 3348.4 1281.78 792.81
207.86 431.02 244.02 4958.7 1272.95 552.64
587.07 823.61 1178.24 1897.94 1464.53 924.45
216.15 427.54 375.58 4530.74 1341.62 607.72
301.72 430.49 586.84 1648.26 1174.17 683.3
538.22 773.23 986.1 2588.42 1741.42 1140.68
337.01 636.16 318.11 5115.04 1273.15 594.46
557.6 871.73 1127.52 4012.47 1952.83 1058.77
121.83 241.55 159.12 2560.37 773.72 379.66
108.36 175.6 95.82 1821.72 409.24 196.5
453.31 731.47 947.95 4393.85 2203.41 1172.43
334.96 605.38 329.23 4589.19 1218.16 604.2
841.14 1227.21 1697.04 3355.51 2269.47 1366.59
179.26 395.18 178.87 5034.63 1198.83 489.58
97.24 134.29 91.25 1255.29 292.67 152.99
100.0 100.03 99.99 101.03 100.17 100.05
91.21 241.11 88.97 4122.92 927.45 342.07
843.54 1253.21 1764.22 3288.04 2097.59 1241.06
681.72 1047.01 1513.06 3995.71 3107.51 1742.69
139.35 362.18 176.01 4837.45 1290.22 537.79
697.73 1066.57 1397.21 3640.38 2430.13 1375.5
206.35 426.9 282.86 4836.12 1280.04 572.57
331.19 533.17 376.58 3672.18 1166.37 666.55
134.3 233.06 101.35 1610.51 408.45 201.95
354.07 512.7 441.97 2640.61 1150.46 765.35
421.82 750.98 652.11 4055.45 1499.97 793.62
138.08 332.28 115.3 4888.71 1049.87 403.46
160.87 328.94 211.19 4649.24 1045.18 451.13
93.95 130.14 88.68 1255.67 269.08 146.49
233.71 416.64 450.58 4469.85 1499.52 717.64
414.34 565.24 580.61 2195.11 1393.62 1061.23
315.19 459.01 440.8 2981.39 1287.18 842.1
168.45 267.44 194.26 2662.25 741.16 412.6
287.17 377.54 381.1 1340.07 888.06 669.58
130.72 283.54 131.32 4550.69 963.5 415.6
718.79 1090.36 1501.19 3763.17 3035.61 1885.96
624.12 929.11 1265.22 3817.08 1905.87 1099.68
461.51 636.7 920.22 1560.47 1244.78 755.92
77.47 170.62 87.71 2167.93 566.82 237.14
186.28 308.11 228.76 3719.28 1038.32 566.92
150.62 300.4 242.37 4475.22 1122.92 494.22
739.76 1123.22 1481.04 3668.7 1912.0 1083.28
122.23 265.91 127.33 4369.18 844.57 383.45
81.5 229.49 75.01 4588.05 1022.91 369.48
300.33 471.16 387.66 3340.24 1254.16 781.78
288.83 461.59 371.0 3369.16 1224.81 720.93
178.04 386.09 163.15 4908.13 1178.32 500.15
110.04 242.38 129.84 3973.64 1004.74 421.67
842.97 1229.99 1857.42 3388.61 2612.94 1484.04
250.34 429.51 362.05 3324.43 1279.05 758.12
527.32 681.32 760.29 1996.11 1575.18 1281.29
442.9 618.78 740.97 1996.42 1506.32 1063.76
531.63 770.03 1056.57 2101.06 1659.66 1044.68
210.49 397.88 401.17 3311.1 1141.95 529.68
118.69 292.43 137.4 4329.02 1159.73 480.6
80.61 136.26 78.91 2035.58 447.15 200.98
549.28 810.63 1025.7 2967.33 2037.71 1317.76
129.32 353.93 96.12 4450.94 951.05 366.87
533.13 898.64 880.3 4899.87 1848.75 982.7
411.57 528.23 576.71 1462.03 1159.61 948.42
305.35 493.56 399.42 3541.62 1251.13 776.51
966.15 1408.7 2073.64 3300.73 3167.64 2012.32
302.32 441.28 393.77 2453.31 1044.76 721.18
379.62 586.32 505.13 3236.16 1396.12 946.4
118.56 149.48 113.72 719.45 218.2 136.78
164.39 355.62 176.16 4724.83 1121.55 520.48
307.41 611.97 269.72 5301.14 1190.79 490.79
102.33 126.61 97.67 665.18 204.14 132.51
574.67 734.96 831.11 1710.65 1639.89 1372.09
155.7 355.21 159.67 4857.86 1113.29 445.48
286.88 589.61 248.54 4522.0 1266.56 644.26
271.47 387.34 365.39 2421.92 1089.05 712.07
101.36 103.58 100.91 138.55 107.55 102.44
205.7 341.31 269.69 3330.77 1097.15 605.34
249.09 426.93 480.81 2744.81 1137.65 602.26
657.69 999.63 1373.73 3743.57 2647.83 1606.94
416.43 765.78 557.69 5319.3 1496.85 701.38
745.01 1116.69 1555.3 3715.12 2875.56 1792.61
87.74 138.43 93.31 1225.34 354.04 174.63
226.16 332.24 300.76 2040.09 909.29 583.49
215.53 406.05 360.93 4369.89 1244.65 545.59
525.08 793.02 1128.35 2841.77 1777.81 973.35
201.22 358.81 220.59 3686.28 986.57 522.54
406.3 541.25 582.88 1982.37 1358.45 1049.49
338.13 477.06 456.87 2222.42 1149.51 818.6
645.64 988.97 1235.82 3940.81 1960.47 1103.21
141.63 343.27 222.33 4610.54 1268.62 511.95
673.64 943.09 1252.94 2513.41 2037.05 1386.55
136.34 395.87 101.22 5111.16 1085.64 411.16
97.76 228.76 94.76 4809.42 995.26 411.59
398.64 508.11 548.86 1333.76 1168.55 942.67
125.7 258.94 109.47 3389.82 751.34 307.64
78.65 139.93 76.77 2231.19 482.23 211.18
97.88 126.31 93.28 986.6 247.86 140.67
373.98 527.6 525.1 2856.92 1389.94 966.83
297.28 574.14 310.3 5344.71 1208.46 488.88
472.14 627.64 676.15 2275.83 1513.08 1167.28
372.71 711.5 449.14 5417.94 1387.09 606.98
64.17 167.01 61.02 3676.55 741.45 286.59
101.87 178.09 99.0 2433.25 479.28 229.17
182.51 379.63 184.38 4392.41 1062.89 510.31
91.06 133.15 91.0 1419.29 373.82 177.12
482.78 799.12 743.41 4480.66 1619.76 846.05
123.07 207.01 140.51 2058.13 631.25 315.22
115.15 231.21 98.0 2348.19 539.75 237.89
368.42 522.22 498.16 2634.65 1258.76 889.7
583.78 881.82 1107.22 3386.3 2134.07 1296.53
439.63 736.67 848.24 4636.28 2164.84 1121.4
307.77 497.99 412.72 3513.88 1396.09 863.78
440.71 672.77 847.03 3660.78 1775.23 1052.81
669.82 1067.39 1223.21 4072.48 1973.47 1106.42
205.04 398.66 253.33 3991.8 1275.68 667.48
147.14 315.96 204.58 3507.86 1090.28 535.86
409.43 513.98 568.18 1182.33 1179.26 968.66
415.49 624.94 859.29 2754.16 1770.7 996.72
100.23 120.13 99.02 550.31 202.97 134.33
144.1 349.23 154.84 5164.69 1172.36 491.65
96.63 123.57 95.45 917.06 268.02 149.06
296.55 599.54 242.18 5347.75 1159.06 461.74
405.38 619.44 803.1 3282.86 1578.27 909.45
228.05 412.64 333.51 3518.9 1210.28 638.56
359.85 538.83 739.29 2424.38 1571.89 874.5
95.85 219.51 86.64 3933.73 707.18 295.82
295.38 428.06 406.33 2427.97 1144.08 772.33
223.73 280.35 291.68 968.51 601.18 465.04
64.41 211.54 80.59 3366.25 837.34 316.61
101.54 232.38 93.54 3061.35 777.16 325.76
77.85 202.51 84.91 4266.44 902.7 368.63
319.61 510.32 366.94 3465.8 1079.97 622.43
525.36 678.26 758.53 1959.41 1568.74 1276.28
401.75 510.22 553.69 1292.31 1170.29 949.18
396.16 501.42 548.34 1317.6 1169.54 944.39
303.99 556.64 305.04 4905.67 1206.96 561.59
523.75 805.9 991.71 3358.17 1912.05 1134.65
427.5 576.16 605.64 2649.84 1440.42 1079.2
165.77 343.12 193.29 3825.57 893.83 394.52
448.98 841.24 730.02 4854.88 1958.24 1056.73
534.79 740.08 939.54 1978.83 1785.58 1268.58
80.3 203.41 67.8 4674.77 924.05 359.47
370.88 616.38 694.05 4353.89 1561.52 804.29
90.16 264.13 87.76 4766.77 1060.88 381.76
235.29 440.36 268.51 3704.02 1122.42 614.38
441.3 647.43 798.87 2990.6 1625.3 1058.22
127.44 269.67 110.11 3611.78 795.28 321.65
174.71 299.22 155.24 2593.86 575.86 248.06
928.06 1413.62 2137.63 3452.15 3032.24 1924.09
141.11 207.81 127.51 1262.46 327.62 173.45
95.75 113.33 97.68 490.4 188.13 125.89
472.49 657.0 936.33 1690.54 1284.04 772.31
469.81 761.55 990.72 4027.03 1714.73 965.69
771.81 1159.18 1668.93 3205.27 2401.26 1501.72
451.36 826.6 677.39 4759.89 1595.4 792.51
118.59 148.76 112.44 625.77 202.95 133.22
363.48 475.02 578.68 1263.7 1040.63 759.9
493.13 834.74 910.27 4339.59 1817.04 999.5
379.82 538.17 616.84 2413.59 1238.81 831.43
789.73 1200.6 1748.09 3652.94 3150.34 2007.79
185.05 386.28 185.4 4672.59 1151.86 496.23
182.89 290.63 245.24 2863.45 912.51 532.55
155.84 370.62 291.58 4182.43 1211.95 510.57
733.7 1100.97 1480.95 3626.9 2250.24 1386.08
728.99 1097.36 1413.64 3683.25 2780.43 1749.48
444.87 739.51 734.12 4498.2 1644.58 845.15
540.88 749.44 866.84 2435.25 1726.05 1277.16
562.66 892.2 1209.75 3946.05 2476.11 1481.76
288.54 425.66 395.51 3357.49 1237.27 793.52
155.38 247.67 140.94 1948.52 452.72 209.74
391.15 633.47 676.11 3861.82 1642.42 949.57
288.77 606.6 239.97 4784.47 1282.44 633.09
370.92 585.23 740.87 3323.06 1523.16 842.12
132.29 184.64 149.98 1670.91 495.33 292.53
449.81 752.05 885.06 4265.45 2234.82 1266.66
500.34 795.44 982.94 3418.34 1843.18 1072.5
377.86 636.47 773.78 4106.39 1633.88 848.24
436.82 713.45 831.98 4347.36 1714.62 873.34
380.67 561.09 588.57 2688.84 1429.98 950.03
378.24 476.71 534.96 1030.64 1083.19 901.19
101.35 216.21 94.33 2699.51 694.42 298.18
250.99 471.54 373.4 4627.25 1312.35 668.35
94.59 137.85 92.69 1411.73 369.74 178.76
322.22 489.52 424.55 3121.32 1279.93 832.31
447.1 616.67 622.28 2677.59 1479.86 1111.74
339.29 491.61 474.99 2681.57 1321.62 905.65
107.17 284.05 124.26 4680.56 1076.78 400.2
168.62 303.69 247.16 4008.75 1066.34 514.6
326.71 578.02 637.15 4272.58 1667.45 843.26
589.18 884.75 1209.56 3478.21 1930.32 1079.8
382.55 636.78 572.8 4001.12 1451.72 795.9
100.04 103.1 99.85 169.35 115.86 105.29
225.46 295.69 388.45 899.53 557.71 348.04
99.37 214.08 120.62 3974.2 867.11 352.99
380.22 562.56 487.88 2968.99 1277.78 845.88
790.66 1118.4 1510.34 2598.84 2077.36 1369.88
99.22 103.88 98.54 248.73 121.76 105.98
118.27 308.41 81.73 4526.54 915.66 354.59
566.89 862.13 1121.37 3379.28 1882.54 1109.54
255.74 488.33 379.8 4723.8 1306.84 601.7
579.74 887.18 1168.44 3586.88 2035.66 1218.57
108.16 139.74 103.41 850.73 256.58 151.45
251.27 440.54 414.1 3474.96 1086.11 536.43
92.42 221.67 90.49 3568.81 813.48 308.73
537.77 861.27 972.95 4361.48 1872.79 1031.7
616.08 809.74 970.76 1877.33 1712.04 1365.78
156.55 253.8 167.38 2143.75 604.28 338.91
116.99 249.44 140.46 3926.5 1013.38 436.33
278.12 466.33 342.03 3734.72 1202.64 720.51
440.17 696.95 909.06 3396.91 1561.36 881.6
320.68 574.31 563.23 4726.93 1658.54 871.21
209.87 521.37 108.99 4855.58 1077.54 425.53
142.09 338.75 120.72 4933.53 1068.4 416.04
411.26 532.37 557.81 1435.83 1190.2 948.54
187.27 294.19 216.68 2193.14 716.7 433.75
449.89 654.59 888.35 1875.95 1114.98 661.44
145.89 278.0 101.8 2120.69 512.63 236.39
199.95 328.43 270.03 3417.34 1072.13 621.74
571.63 847.84 1128.47 3071.05 1750.16 978.27
508.76 720.89 675.91 2871.68 1536.29 1129.62
525.68 739.8 923.06 3064.93 1728.6 1138.95
386.34 651.17 683.18 4334.71 1849.44 1006.36
137.39 287.17 205.16 4789.9 1092.66 457.67
579.78 796.34 969.49 2212.45 1777.99 1334.16
243.64 487.57 483.9 4071.69 1309.52 589.29
243.6 476.6 196.08 4160.55 895.08 356.58
603.53 972.79 1277.39 4308.19 2748.16 1515.18
512.24 807.51 1002.92 4035.53 1800.81 963.57
345.79 455.72 474.77 1747.74 1138.06 850.13
138.73 283.79 183.84 4697.53 1076.82 477.07
681.04 989.25 1449.18 2274.42 2375.09 1536.76
287.34 422.23 400.39 2771.74 1224.93 795.35
221.68 359.31 286.75 3997.87 1162.55 662.47
415.48 520.97 576.43 1130.92 1183.75 978.73
334.78 606.4 382.78 5076.22 1325.36 622.35
149.19 336.03 131.83 4303.93 966.08 425.62
100.65 253.3 82.58 4777.11 913.89 345.45
247.51 474.14 224.23 4700.19 1036.96 413.69
174.4 375.55 189.64 4412.77 1032.14 461.95
204.87 389.28 346.55 4448.39 1198.13 596.43
137.88 298.64 186.92 4418.32 1128.68 469.48
460.92 623.32 658.73 2405.72 1506.46 1142.87
581.51 846.43 1145.95 2829.22 1916.31 1241.53
320.1 572.15 525.1 4592.5 1440.12 708.13
166.75 316.12 254.23 3422.79 933.56 407.94
320.49 426.05 420.01 1558.11 887.31 669.64
236.79 383.17 356.69 3627.05 1169.38 668.37
308.41 419.05 584.41 890.35 918.82 616.49
174.4 295.12 149.78 2203.86 511.95 232.94
116.47 271.66 145.18 4467.72 1075.46 424.06
349.44 573.11 662.32 4392.84 1572.89 815.42
406.91 558.88 568.15 2269.06 1385.3 1045.42
317.37 494.5 533.58 3778.79 1319.38 750.78
96.89 115.5 94.18 694.19 186.94 123.9
157.97 371.83 129.81 5156.1 1161.94 451.87
130.26 217.36 101.19 1432.34 372.06 189.93
304.07 451.09 563.16 1964.03 1094.57 660.72
244.76 579.44 154.92 5146.57 1222.43 526.34
335.2 515.63 437.85 3494.76 1323.53 842.84
130.18 343.81 102.27 4222.69 912.68 356.81
62.6 217.21 79.6 3532.2 874.8 327.62
219.74 464.75 274.6 4427.91 1245.65 596.33
121.89 206.67 109.15 2115.24 520.32 238.12
270.8 542.48 234.35 5503.52 1159.32 447.02
342.41 459.0 458.38 1617.88 1019.39 771.51
313.72 487.86 548.31 2314.29 994.92 560.85
299.72 426.84 459.01 2479.2 1136.23 737.53
833.9 1199.42 1767.58 3184.59 3298.78 2039.15
962.0 1398.0 2014.0 3173.0 2939.0 1816.0
69.0 191.5 59.0 4653.5 930.0 346.0
134.0 394.5 95.5 5146.0 1087.0 409.5
969.0 1403.0 2079.0 3181.0 3518.0 2279.0
155.0 368.0 123.0 5163.0 1156.0 447.0
89.8 263.8 87.2 4769.8 1060.5 381.0
971.0 1390.0 2115.5 3245.0 2879.5 1707.0
122.0 299.0 89.0 4632.0 914.0 354.0
72.0 203.8 71.8 4231.5 957.5 341.5
907.5 1325.5 2047.5 3151.5 2757.0 1579.5
948.0 1357.0 1978.0 3155.0 2462.0 1531.0
56.8 180.8 53.0 4412.8 873.5 325.0
119.5 322.5 80.5 4825.8 970.8 371.8
948.0 1376.0 2046.0 3146.0 2970.0 1921.0
911.0 1341.0 1922.0 3127.8 2196.5 1320.8
985.0 1493.5 2276.8 3372.5 3183.8 2033.8
76.2 218.5 55.5 4643.8 764.8 282.8
962.5 1390.0 1954.5 3151.5 2480.0 1527.0
959.5 1435.2 2145.2 3160.2 2832.8 1787.8
88.5 243.0 63.5 4918.0 903.5 321.0
978.0 1422.0 2105.0 3266.0 3199.0 2037.0
79.2 209.2 66.0 4931.0 970.2 374.0
222.2 574.0 104.8 5481.0 1198.8 463.2
992.0 1434.0 2127.0 3253.0 3849.0 2515.0
980.5 1432.2 2016.0 3245.2 2807.8 1800.2
966.0 1422.0 2112.0 3259.5 3477.0 2237.5
109.2 304.0 68.8 5231.2 1052.0 412.0
978.0 1434.0 2220.0 3640.0 4073.0 2397.0
81.5 229.5 75.0 4588.5 1023.0 369.5
937.0 1353.0 2081.0 3198.0 2826.0 1629.0
924.0 1316.0 1970.0 3207.0 2671.0 1584.0
102.5 315.2 89.5 4914.0 1200.8 467.0
980.0 1467.0 2194.0 3388.8 3736.5 2446.5
955.0 1376.0 2056.0 3368.0 3193.0 1885.0
977.5 1462.0 2197.0 3231.5 2940.0 1846.5
939.0 1381.8 2053.5 3176.2 3230.8 2074.0
265.0 540.0 222.0 5608.0 1151.0 427.0
83.0 265.0 84.5 4714.5 1156.5 420.5
245.0 494.0 207.0 5231.5 1090.0 397.0
304.0 635.0 236.5 5868.5 1229.5 464.5
138.0 335.0 114.0 4964.0 1063.0 407.0
53.8 244.8 74.8 4340.2 1057.2 381.2
420.0 524.0 584.0 1074.5 1187.0 988.0
504.0 642.0 731.0 1303.0 1494.0 1252.0
602.0 760.0 876.0 1507.0 1676.0 1432.5
100.0 100.0 100.0 100.0 100.0 100.0
