0.8861
0.3475
0.5169
0.5337
0.3872
0.1921
0.3954
0.2836
0.7873
0.9085
0.3559
0.7262
0.5094
0.7138
0.349
0.5612
0.6574
0.6764
0.4575
0.3676
0.4789
0.4417
0.9373
0.7522
0.66
0.0776
0.527
0.1197
0.6658
0.7618
0.5372
0.6362
0.0605
0.3406
0.965
0.9602
0.7376
0.4229
0.1359
0.409
0.5618
0.8469
0.5534
0.6133
0.1677
0.5811
0.6952
0.0225
0.193
0.5575
0.8175
0.5644
0.1276
0.5041
0.3282
0.8413
0.0691
0.7731
0.0861
0.3544
0.8158
0.063
0.3583
0.2394
0.6792
0.3769
0.2156
0.1965
0.9597
0.8117
0.252
0.8625
0.0107
0.566
0.6666
0.1762
0.8249
0.9748
0.5813
0.3323
0.5905
0.1129
0.99
0.4097
0.1577
0.0195
0.0734
0.32
0.937
0.6597
0.8446
0.2875
0.0669
0.8912
0.3826
0.6757
0.2104
0.8637
0.8805
0.8199
0.4564
0.809
0.2584
0.884
0.861
0.0828
0.7895
0.872
0.1564
0.3975
0.6079
0.2532
0.0077
0.0702
0.056
0.1408
0.8941
0.3726
0.5896
0.1839
0.5235
0.4113
0.6512
0.3916
0.8506
0.6053
0.7282
0.2059
0.3678
0.3929
0.1426
0.886
0.746
0.9043
0.6917
0.0851
0.8761
0.0933
0.5158
0.8742
0.4764
0.221
0.9115
0.3358
0.102
0.2743
0.4892
0.6107
0.6844
0.4561
0.6678
0.7819
0.797
0.0481
0.7517
0.8658
0.8193
0.4718
0.2832
0.8401
0.696
0.0348
0.4859
0.8135
0.1174
0.4404
0.729
0.885
0.8714
0.3221
0.6155
0.437
0.5735
0.9487
0.6984
0.9519
0.8572
0.982
0.9356
0.1807
0.6491
0.0881
0.2792
0.7535
0.6198
0.2336
0.5506
0.1542
0.5911
0.5129
0.8555
0.7005
0.0417
0.2395
0.2612
0.7331
0.3505
0.4089
0.2348
0.4728
0.5905
0.0694
0.0194
0.8241
0.7821
0.9174
0.3009
0.7667
0.0549
0.316
0.9642
0.1489
0.2665
0.8864
0.7086
0.7872
0.961
0.4141
0.3594
0.824
0.0019
0.065
0.0994
0.7373
0.1268
0.7023
0.3541
0.0231
0.5046
0.7871
0.2089
0.6441
0.0244
0.5604
0.5542
0.4191
0.4745
0.0023
0.4678
0.907
0.4116
0.5527
0.8298
0.5736
0.5512
0.594
0.4239
0.6607
0.2013
0.342
0.1963
0.3073
0.3816
0.5683
0.8826
0.7552
0.1527
0.1187
0.3078
0.9236
0.1072
0.9397
0.4325
0.7916
0.6267
0.4794
0.297
0.485
0.5164
0.0157
0.8234
0.209
0.909
0.6772
0.5892
0.2718
0.4137
0.9795
0.9424
0.3548
0.6757
0.8585
0.3275
0.3845
0.724
0.1027
0.4219
0.7822
0.9593
0.4106
0.9768
0.7098
0.237
0.7934
0.5139
0.3736
0.391
0.7659
0.3637
0.7467
0.8114
0.6144
0.089
0.2362
0.2625
0.0587
0.3841
0.0985
0.7688
0.6141
0.89
0.189
0.7416
0.6643
0.7965
0.0527
0.7124
0.6295
0.0461
0.1925
0.5627
0.6065
0.2175
0.5533
0.0693
0.9183
0.6763
0.546
0.992
0.986
0.3633
0.8256
0.9622
0.8517
0.0831
0.4222
0.9388
0.4734
0.8002
0.0799
0.2534
0.5581
0.5484
0.9165
0.2487
0.0902
0.9022
0.4847
0.9488
0.8035
0.1548
0.2591
0.4756
0.3083
0.5168
0.5985
0.3115
0.3048
0.5921
0.3138
0.1915
0.6872
0.9145
0.9775
0.5469
0.4376
0.1174
0.7673
0.6625
0.604
0.919
0.1244
0.7315
0.7538
0.4115
0.2462
0.0636
0.1456
0.289
0.492
0.0673
0.3503
0.7852
0.6054
0.2677
0.756
0.8931
0.5706
0.3103
0.7221
0.4876
0.0078
0.4136
0.8085
0.6683
0.3998
0.2285
0.7851
0.5972
0.8482
0.3412
0.7619
0.7586
0.0328
0.4285
0.0798
0.4128
0.0536
0.5486
0.2432
0.6762
0.9291
0.1405
0.0907
0.8407
0.413
0.4511
0.7048
0.1836
0.6735
0.5151
0.0377
0.4757
0.9384
0.093
0.4177
0.4567
0.3366
0.2511
0.2636
0.2133
0.0853
0.6764
0.0745
0.0056
0.9952
0.8864
0.4497
0.842
0.2489
0.3266
0.3679
0.5388
0.7636
0.7814
0.5293
0.1848
0.0049
0.8861
0.4008
0.1361
0.4114
0.122
0.5784
0.676
0.5544
0.4748
0.9362
0.2077
0.4474
0.3703
0.2268
0.0412
0.5336
0.4187
0.078
0.3023
0.1513
0.4158
0.3372
0.2038
0.8342
0.5577
0.4292
0.6862
0.9093
0.8378
0.9096
0.7187
0.5628
0.0341
0.9136
0.3308
0.6641
0.1873
0.3679
0.1642
0.6834
0.5958
0.2498
0.3712
0.1318
0.6787
0.2936
0.4767
0.6388
0.0748
0.4559
0.0617
0.4614
0.6405
0.6392
0.477
0.6047
0.7295
0.4066
0.1513
0.0377
0.3819
0.121
0.3471
0.1681
0.1237
0.3658
0.9743
0.9514
0.9977
0.8932
0.4705
0.5998
0.6841
0.9748
0.6445
0.6737
0.7192
0.2732
0.612
0.4202
0.5335
0.9929
0.2908
0.7736
0.3362
0.4697
0.9963
0.7375
0.6539
0.4209
0.896
0.2343
0.2355
0.5772
0.3779
0.5773
0.0734
0.6307
0.2761
0.1479
0.0246
0.1466
0.5137
0.5488
0.0465
0.5031
0.4756
0.7924
0.1091
0.9867
0.5122
0.7991
0.8272
0.0466
0.0033
0.1751
0.0671
0.0914
0.494
0.6522
0.9325
0.5712
0.4039
0.1756
0.5701
0.6312
0.6518
0.2957
0.2291
0.1894
0.5447
0.1352
0.8092
0.5513
0.5877
0.7209
0.3032
0.3311
0.3518
0.2185
0.8176
0.6542
0.4266
0.4029
0.2431
0.6775
0.3315
0.455
0.759
0.3154
0.5449
0.3628
0.0022
0.2036
0.3506
0.8788
0.2117
0.2884
0.5339
0.2372
0.1754
0.4879
0.5108
0.0938
0.6223
0.2632
0.1439
0.5245
0.3322
0.8178
0.7158
0.5442
0.9071
0.3715
0.3607
0.3645
0.2903
0.1431
0.9385
0.1988
0.2092
0.6781
0.4912
0.3704
0.5369
0.3495
0.4928
0.4838
0.7114
0.78
0.6002
0.1489
0.1647
0.8374
0.6626
0.182
0.5735
0.2895
0.4047
0.2146
0.3511
0.8253
0.7291
0.2192
0.6494
0.4696
0.9894
0.1574
0.4782
0.4416
0.5448
0.41
0.2775
0.1407
0.6892
0.3239
0.1374
0.7828
0.4261
0.1371
0.6909
0.5972
0.5193
0.3076
0.3046
0.144
0.6076
0.7083
0.3298
0.7515
0.5001
0.2092
0.0638
0.3958
0.0731
0.4423
0.5378
0.1557
0.7064
0.2577
0.5527
0.9151
0.0865
0.9177
0.6954
0.3696
0.6421
0.5554
0.2439
0.8068
0.6993
0.4346
0.861
0.9056
0.112
0.4428
0.6988
0.0146
0.6857
0.3004
0.7327
0.2619
0.9737
0.5375
0.1395
0.2548
0.2218
0.2928
0.4894
0.7519
0.8058
0.3495
0.7897
0.355
0.3768
0.2837
0.292
0.659
0.5401
0.342
0.5284
0.3936
0.5276
0.341
0.0372
0.383
0.4746
0.1586
0.3296
0.9543
0.4656
0.6368
0.429
0.8214
0.2474
0.4122
0.9217
0.9123
0.8114
0.1301
0.1589
0.2271
0.0951
0.1316
0.12
0.7043
0.0298
0.2804
0.5024
0.3074
0.4302
0.3766
0.3035
0.6705
0.6352
0.1374
0.9953
0.4196
0.5938
0.2141
0.3207
0.1989
0.3396
0.8816
0.8015
0.3553
0.5286
0.181
0.9034
0.2799
0.8936
0.4302
0.681
0.4475
0.1273
0.3256
0.4224
0.6989
0.3197
0.6133
0.4001
0.9534
0.4921
0.3492
0.6229
0.956
0.6428
0.9121
0.0203
0.1715
0.3424
0.0752
0.9138
0.1638
0.3829
0.1997
0.1908
0.4663
0.2541
0.0424
0.6358
0.0565
0.4479
0.4629
0.4437
0.5274
0.8676
0.4185
0.0108
0.1291
0.7379
0.6904
0.5004
0.4116
0.5818
0.1861
0.4558
0.9797
0.2741
0.777
0.9245
0.7964
0.5668
0.9002
0.4335
0.6995
0.6018
0.3472
0.829
0.6429
0.8003
0.57
0.5264
0.2649
0.0187
0.8509
0.9507
0.4059
0.8461
0.2542
0.7114
0.4922
0.5628
0.9082
0.5365
0.7358
0.2917
0.5005
0.1785
0.5755
0.7139
0.9697
0.9633
0.63
0.7817
0.1727
0.0253
0.7633
0.7223
0.35
0.5073
0.0239
0.4869
0.062
0.1781
0.7716
0.8204
0.3753
0.8906
0.5501
0.0006
0.2965
0.2973
0.1035
0.334
0.6413
0.2412
0.6734
0.214
0.3089
0.108
0.6327
0.0131
0.9686
0.6514
0.5727
0.6815
0.0925
0.5483
0.8008
0.0108
0.1614
0.0446
0.7252
0.2268
0.2629
0.2731
0.9533
0.4225
0.6513
0.4703
0.1363
0.3334
0.2995
0.0891
0.6495
0.9673
0.9525
0.3757
0.4191
0.8125
0.9159
0.2641
0.1706
0.3974
0.68
0.6745
0.3628
0.0921
0.9268
0.9077
0.2329
0.6741
0.9569
0.7046
0.091
0.975
0.6705
0.8621
0.4239
0.9478
0.8251
0.6511
0.8049
0.1491
0.0081
0.1817
0.3881
0.8821
0.2231
0.5769
0.5831
0.4607
0.6054
0.7641
0.1933
0.379
0.0627
0.2037
0.9597
0.0272
0.9085
0.2317
0.9343
0.4776
0.3416
0.7485
0.594
0.9295
0.4634
0.364
0.5674
0.9577
0.5219
0.6022
0.4538
0.5747
0.2157
0.433
0.716
0.5187
0.6811
0.0229
0.7961
0.3412
0.5224
0.2592
0.5356
0.3905
0.3546
0.5701
0.5792
0.5067
0.3533
0.289
0.4478
0.6093
0.7479
0.3987
0.2263
0.3294
0.902
1.0
0.0
0.0
1.0
0.0
0.0
1.0
0.0
0.0
1.0
1.0
0.0
0.0
1.0
1.0
1.0
0.0
1.0
1.0
0.0
1.0
0.0
0.0
1.0
1.0
1.0
0.0
1.0
0.0
1.0
1.0
0.0
1.0
1.0
1.0
1.0
0.0
0.0
0.0
0.0
0.0
0.0
0.0
0.0
0.0
0.0
