0.0031
0.509
0.5201
0.5407
0.5348
0.6097
0.8275
0.1144
0.2676
0.412
0.7178
0.2248
0.6647
0.3984
0.0036
0.2675
0.4516
0.4676
0.146
0.8864
0.2589
0.2924
0.3926
0.8486
0.6386
0.5251
0.8756
0.8777
0.2043
0.4783
0.4616
0.748
0.9369
0.1322
0.6076
0.1408
0.8316
0.7683
0.4978
0.8396
0.939
0.4342
0.0271
0.1127
0.7059
0.0908
0.7655
0.8777
0.4145
0.8729
0.1728
0.571
0.7637
0.7053
0.5971
0.9359
0.2753
0.9097
0.3065
0.9541
0.4753
0.3913
0.8677
0.4943
0.008
0.3754
0.4684
0.9017
0.5463
0.5366
0.0115
0.6737
0.7303
0.6722
0.647
0.1426
0.0846
0.6419
0.0186
0.9863
0.1789
0.5664
0.2954
0.4265
0.7862
0.2395
0.4616
0.7119
0.4374
0.7317
0.5919
0.3439
0.4888
0.4348
0.924
0.641
0.2506
0.3481
0.5131
0.4953
0.0297
0.9909
0.0931
0.4197
0.2726
0.4285
0.4144
0.8563
0.3165
0.0907
0.8919
0.6982
0.1482
0.2927
0.265
0.6729
0.8672
0.0213
0.027
0.6011
0.1293
0.6467
0.4788
0.0443
0.8946
0.2967
0.8303
0.2697
0.9888
0.3598
0.425
0.5587
0.0199
0.895
0.4401
0.2763
0.4045
0.6883
0.7121
0.6846
0.4392
0.4615
0.9842
0.0251
0.5251
0.4505
0.8371
0.2605
0.5072
0.3447
0.7036
0.2862
0.6948
0.983
0.129
0.3915
0.003
0.1746
0.6537
0.0684
0.1626
0.5555
0.4672
0.3399
0.3893
0.3448
0.2155
0.0415
0.5508
0.8354
0.0439
0.1808
0.5818
0.9277
0.8376
0.525
0.5819
0.178
0.2569
0.3192
0.9689
0.3096
0.1264
0.2535
0.4942
0.2908
0.5092
0.2515
0.0331
0.8555
0.6355
0.6895
0.7042
0.1836
0.8406
0.1692
0.074
0.2129
0.2051
0.6285
0.6337
0.4888
0.6658
0.0931
0.5335
0.877
0.0387
0.5155
0.6537
0.3711
0.9459
0.6288
0.1183
0.6955
0.6089
0.3618
0.5715
0.3776
0.8248
0.3892
0.4397
0.0674
0.9934
0.3857
0.1864
0.8014
0.1594
0.4062
0.6027
0.5848
0.8817
0.5412
0.1303
0.7912
0.0407
0.7238
0.5226
0.8866
0.7772
0.4032
0.6474
0.9171
0.1213
0.4406
0.9414
0.4218
0.8742
0.0496
0.4606
0.9748
0.4991
0.7099
0.7792
0.1659
0.2404
0.9816
0.2053
0.5851
0.5145
0.1636
0.959
0.9441
0.8817
0.2725
0.6946
0.1446
0.202
0.0291
0.7195
0.5571
0.0405
0.7207
0.0213
0.5547
0.6174
0.9326
0.0627
0.525
0.1137
0.6254
0.8724
0.8638
0.4339
0.1323
0.759
0.1598
0.6136
0.7105
0.5067
0.1984
0.7937
0.7123
0.039
0.368
0.4666
0.8047
0.3644
0.3492
0.0136
0.4032
0.1688
0.5491
0.525
0.6934
0.6989
0.2141
0.9253
0.6633
0.5698
0.2618
0.6104
0.9032
0.5031
0.7875
0.5688
0.1313
0.864
0.8516
0.8919
0.2736
0.8613
0.3636
0.4089
0.916
0.3568
0.4709
0.0767
0.5679
0.5208
0.4131
0.6993
0.7244
0.4157
0.3599
0.36
0.5296
0.1991
0.3373
0.4397
0.7952
0.9809
0.0596
0.6887
0.8166
0.6654
0.1385
0.6187
0.2765
0.4428
0.0055
0.911
0.3558
0.6323
0.7009
0.7353
0.1727
0.6321
0.062
0.7307
0.6656
0.913
0.4195
0.8372
0.4557
0.0521
0.5668
0.4528
0.9435
0.1817
0.8706
0.0169
0.3662
0.3236
0.4008
0.0201
0.1236
0.2689
0.7561
0.2889
0.7716
0.5926
0.2353
0.3481
0.7969
0.5588
0.8661
0.4493
0.3928
0.4816
0.1336
0.9922
0.5657
0.4261
0.0335
0.0947
0.0739
0.5006
0.6825
0.2658
0.3909
0.271
0.5705
0.0556
0.9867
0.2955
0.4167
0.2754
0.4647
0.7156
0.4694
0.3716
0.5879
0.5866
0.1178
0.6852
0.8045
0.5568
0.5939
0.6385
0.1681
0.832
0.8335
0.3527
0.0045
0.7012
0.3115
0.4799
0.9211
0.8953
0.9069
0.775
0.5959
0.5121
0.8942
0.1437
0.8826
0.768
0.9714
0.0114
0.3589
0.2746
0.2543
0.9268
0.6003
0.7175
0.4105
0.9605
0.6903
0.4939
0.45
0.1019
0.8352
0.203
0.6306
0.8792
0.7901
0.7917
0.0603
0.2212
0.9433
0.8222
0.6056
0.3256
0.0073
0.6313
0.0778
0.0332
0.7229
0.067
0.2113
0.6413
0.7372
0.7716
0.4289
0.6058
0.1453
0.131
0.7938
0.5348
0.1877
0.7941
0.4351
0.7626
0.6323
0.0153
0.893
0.9746
0.9671
0.2446
0.5111
0.1597
0.0759
0.1874
0.0169
0.5436
0.7051
0.8916
0.4008
0.654
0.4924
0.9366
0.7783
0.6293
0.4878
0.9603
0.3465
0.0962
0.0712
0.0984
0.6015
0.7368
0.5067
0.0105
0.8378
0.9705
0.3345
0.6012
0.4512
0.5893
0.3039
0.8527
0.3286
0.3419
0.2073
0.1606
0.181
0.8152
0.0603
0.6402
0.4524
0.945
0.3131
0.6156
0.2781
0.7658
0.054
0.094
0.6845
0.7322
0.8918
0.4431
0.6227
0.8678
0.7633
0.0166
0.1191
0.3648
0.0183
0.0867
0.0607
0.5374
0.0121
0.9625
0.1829
0.4604
0.639
0.7675
0.223
0.6011
0.8508
0.2789
0.8585
0.5495
0.6014
0.4711
0.0414
0.3242
0.6057
0.1991
0.9014
0.137
0.1823
0.4133
0.3586
0.8061
0.6408
0.7526
0.3272
0.9621
0.3147
0.1648
0.9593
0.0989
0.2763
0.9621
0.6854
0.5302
0.408
0.9967
0.3922
0.8436
0.2636
0.5071
0.172
0.2275
0.2493
0.2528
0.6264
0.1913
0.8943
0.695
0.3255
0.6848
0.1285
0.8763
0.2254
0.5455
0.8935
0.0721
0.6829
0.8541
0.748
0.4167
0.1969
0.1787
0.2973
0.5306
0.5145
0.1629
0.4682
0.6212
0.014
0.929
0.175
0.5428
0.4622
0.8883
0.9931
0.2658
0.3411
0.9036
0.851
0.856
0.1919
0.9673
0.6917
0.8813
0.6
0.6836
0.011
0.0934
0.7159
0.9328
0.1325
0.2715
0.3141
0.0477
0.9663
0.9041
0.8525
0.1074
0.3764
0.2772
0.8511
0.4861
0.52
0.2233
0.9396
0.7816
0.8107
0.6841
0.6945
0.716
0.1582
0.573
0.8644
0.7047
0.12
0.1403
0.6246
0.1198
0.7811
0.2893
0.4239
0.4821
0.6314
0.3587
0.0784
0.4352
0.8084
0.0848
0.9545
0.5481
0.7965
0.822
0.5437
0.5294
0.6585
0.0993
0.8519
0.1131
0.0463
0.6005
0.7353
0.7
0.2933
0.6865
0.9782
0.272
0.0573
0.7137
0.4872
0.3308
0.9844
0.9406
0.6969
0.3425
0.0224
0.2971
0.5254
0.3848
0.2267
0.8729
0.1154
0.7673
0.8561
0.769
0.669
0.4646
0.4567
0.4666
0.2167
0.3033
0.8593
0.7341
0.3375
0.9228
0.2519
0.8394
0.0684
0.4858
0.2993
0.0391
0.5066
0.1491
0.8691
0.0318
0.9349
0.4747
0.8056
0.942
0.9529
0.7792
0.1456
0.6398
0.7699
0.0017
0.7446
0.4969
0.7822
0.4669
0.1523
0.9966
0.2825
0.1103
0.8559
0.0936
0.1827
0.3964
0.7504
0.5766
0.3183
0.0902
0.5247
0.2575
0.6447
0.0789
0.7896
0.5119
0.1047
0.8438
0.0004
0.8039
0.0189
0.6458
0.4743
0.5882
0.1239
0.3866
0.0553
0.1741
0.4468
0.1588
0.5367
0.2894
0.0754
0.1606
0.6414
0.2912
0.3376
0.2891
0.4314
0.8728
0.1717
0.898
0.8534
0.8959
0.508
0.6026
0.9676
0.8686
0.8626
0.0408
0.1077
0.107
0.4314
0.5027
0.4424
0.6158
0.8472
0.6165
0.0858
0.2904
0.5029
0.8246
0.7996
0.2669
0.8624
0.4397
0.5121
0.5312
0.6235
0.0233
0.982
0.0229
0.8196
0.0085
0.7847
0.151
0.5889
0.2717
0.0479
0.2324
0.8999
0.0416
0.5626
0.1141
0.8757
0.5338
0.0329
0.0333
0.412
0.8001
0.1629
0.9796
0.2968
0.2664
0.2466
0.8666
0.5676
0.9708
0.4369
0.5813
0.1056
0.277
0.5015
0.896
0.9123
0.674
0.4447
0.6853
0.4549
0.3302
0.0023
0.3421
0.876
0.3238
0.3388
0.4627
0.3653
0.4215
0.1208
0.0244
0.9919
0.5135
0.0801
0.7931
0.5139
0.535
0.638
0.0507
0.201
0.7244
0.2387
0.3157
0.8103
0.2524
0.9547
0.3187
0.0747
0.4357
0.6664
0.9635
0.8564
0.9477
0.1576
0.276
0.3319
0.4491
0.3016
0.0436
0.4758
0.449
0.6993
0.1121
0.2925
0.0951
0.9482
0.9489
0.963
0.935
0.73
0.6082
0.3968
0.2858
0.1163
0.7298
0.5202
0.0968
0.4162
0.5146
0.964
0.6306
0.2787
0.6854
0.8376
0.8382
0.0414
0.8393
0.261
0.2685
0.5222
0.1552
0.8521
0.5524
0.2918
0.4187
0.6266
0.8262
0.3712
0.8745
0.7988
0.7599
0.0659
0.0345
0.9148
0.7919
0.4373
0.8469
0.3322
0.4019
0.015
0.5422
0.8439
0.6596
0.2488
0.8803
0.8102
0.0791
0.5748
0.6014
0.4172
0.3957
0.791
0.7683
0.6594
0.64
0.9551
0.6833
0.4731
0.5754
0.5866
0.674
0.2256
0.687
0.6974
0.2394
0.8418
0.1557
0.2938
0.9916
0.8594
0.2902
0.8676
0.1352
0.7393
0.4408
0.8882
0.8719
0.2164
0.3068
0.0979
0.6734
0.1622
0.3137
0.5994
0.7224
0.9138
0.5383
0.5368
0.0
1.0
1.0
0.0
1.0
1.0
0.0
1.0
1.0
0.0
0.0
1.0
1.0
0.0
0.0
0.0
1.0
0.0
0.0
1.0
0.0
1.0
1.0
0.0
0.0
0.0
1.0
0.0
1.0
0.0
0.0
1.0
0.0
0.0
0.0
0.0
1.0
1.0
1.0
1.0
1.0
1.0
0.0
0.0
0.0
0.0
