0.1509
0.0387
0.8301
0.2815
0.6129
0.4733
0.9293
0.5013
0.1705
0.5879
0.6281
0.9719
0.8762
0.0989
0.5128
0.7978
0.1367
0.393
0.116
0.3767
0.5882
0.8841
0.2617
0.0808
0.2481
0.8127
0.9232
0.0251
0.8089
0.3042
0.3367
0.2179
0.5337
0.0565
0.0067
0.7698
0.1463
0.2473
0.1216
0.0192
0.8816
0.0418
0.9415
0.7816
0.8762
0.2754
0.0007
0.7287
0.4471
0.3217
0.1555
0.0859
0.7897
0.9189
0.5968
0.8517
0.6134
0.7796
0.8153
0.6461
0.7275
0.085
0.0963
0.6109
0.5254
0.8281
0.5302
0.5003
0.7694
0.2425
0.6987
0.9097
0.8786
0.6592
0.9275
0.1231
0.9091
0.7869
0.4739
0.1379
0.2947
0.1799
0.2423
0.8366
0.0304
0.7371
0.9051
0.4556
0.4276
0.6944
0.2769
0.9921
0.2974
0.0029
0.3998
0.6231
0.7964
0.346
0.1995
0.7713
0.4322
0.7731
0.5577
0.9365
0.4094
0.5848
0.7045
0.4514
0.0339
0.8428
0.7755
0.0398
0.5134
0.8498
0.2807
0.2449
0.4507
0.8588
0.0092
0.8911
0.928
0.757
0.6775
0.585
0.5094
0.1054
0.7043
0.6315
0.6457
0.4403
0.7522
0.3229
0.5645
0.1408
0.968
0.544
0.3513
0.3035
0.4015
0.2259
0.6113
0.8966
0.396
0.0144
0.0221
0.1582
0.3965
0.168
0.9613
0.4411
0.6452
0.2232
0.6866
0.0768
0.4615
0.5739
0.6761
0.1482
0.882
0.3333
0.9789
0.3075
0.9665
0.3031
0.6648
0.4067
0.4967
0.7957
0.2642
0.402
0.3886
0.7167
0.6765
0.5464
0.925
0.3305
0.4801
0.5053
0.3149
0.1283
0.8218
0.1423
0.3181
0.6429
0.5627
0.9321
0.2879
0.796
0.1928
0.7955
0.3127
0.7895
0.5166
0.2285
0.597
0.8217
0.5751
0.8523
0.0544
0.37
0.5993
0.147
0.483
0.6706
0.6143
0.6921
0.3563
0.3618
0.989
0.2424
0.0319
0.8653
0.8556
0.6413
0.1945
0.5981
0.3915
0.5462
0.0501
0.2183
0.3929
0.8598
0.2564
0.5478
0.3351
0.2849
0.8606
0.0262
0.7339
0.0074
0.63
0.8682
0.4988
0.6895
0.9373
0.8581
0.9091
0.5456
0.514
0.211
0.2365
0.1293
0.9033
0.8663
0.8162
0.2266
0.8483
0.1298
0.4508
0.6852
0.6891
0.124
0.1323
0.3827
0.0154
0.8057
0.8766
0.1282
0.0213
0.9302
0.5016
0.0388
0.8774
0.2678
0.7348
0.243
0.3654
0.5802
0.9171
0.4863
0.7541
0.6685
0.6521
0.3418
0.3178
0.0717
0.4584
0.3191
0.2949
0.4411
0.5499
0.7871
0.1078
0.9331
0.5037
0.7935
0.6158
0.4393
0.9366
0.759
0.7844
0.9796
0.5593
0.0887
0.8144
0.2957
0.3812
0.0803
0.9935
0.889
0.2139
0.2886
0.5681
0.2803
0.4791
0.1246
0.784
0.7516
0.811
0.4919
0.1648
0.0808
0.7067
0.7466
0.6756
0.7541
0.6556
0.6571
0.4999
0.3649
0.8081
0.5773
0.788
0.5188
0.5718
0.0041
0.6578
0.8511
0.7296
0.5632
0.1093
0.7384
0.5958
0.5413
0.2514
0.5377
0.6808
0.3696
0.8192
0.6906
0.3569
0.7376
0.4765
0.601
0.9806
0.9638
0.2294
0.3373
0.5751
0.297
0.8909
0.7322
0.9628
0.2375
0.9641
0.8102
0.309
0.8339
0.8011
0.5359
0.1274
0.4621
0.3038
0.6897
0.3377
0.2468
0.3614
0.4269
0.0905
0.3985
0.4153
0.4145
0.9198
0.4481
0.3973
0.6502
0.1776
0.7227
0.4723
0.5819
0.6239
0.2846
0.4662
0.0535
0.5435
0.9175
0.7805
0.1238
0.639
0.0126
0.9424
0.7804
0.1334
0.5057
0.8209
0.9514
0.7649
0.6934
0.8448
0.9725
0.1144
0.1254
0.1478
0.3713
0.0325
0.2102
0.5582
0.9933
0.3715
0.4493
0.7113
0.7197
0.5557
0.1082
0.7699
0.653
0.2235
0.7917
0.7218
0.9259
0.7648
0.9309
0.3915
0.2972
0.6167
0.6472
0.603
0.1177
0.6037
0.7851
0.4814
0.5442
0.8123
0.7356
0.7747
0.5825
0.8366
0.2112
0.6863
0.7368
0.4088
0.3237
0.4481
0.437
0.5258
0.5223
0.5624
0.4719
0.2404
0.4721
0.4183
0.7632
0.7231
0.6522
0.0291
0.5007
0.3729
0.9242
0.1018
0.1021
0.4754
0.042
0.3522
0.7441
0.0196
0.5378
0.6321
0.9539
0.8722
0.3944
0.3136
0.1293
0.1534
0.7288
0.7865
0.4733
0.385
0.7167
0.6986
0.7874
0.7883
0.0624
0.1523
0.0376
0.3747
0.6571
0.0217
0.9379
0.7799
0.2414
0.4386
0.7841
0.3953
0.0977
0.0174
0.7492
0.3053
0.383
0.617
0.5997
0.6949
0.0741
0.219
0.8575
0.5077
0.5816
0.7498
0.7683
0.3639
0.4567
0.9048
0.2765
0.8808
0.2291
0.8748
0.9302
0.9376
0.6996
0.0235
0.1532
0.8832
0.4435
0.3357
0.8479
0.7953
0.0715
0.2697
0.6903
0.7713
0.2018
0.8883
0.1936
0.9771
0.0002
0.2236
0.6862
0.8584
0.1307
0.3185
0.9803
0.6089
0.5539
0.8498
0.3361
0.9529
0.5939
0.8153
0.879
0.796
0.9837
0.8199
0.5982
0.7093
0.1918
0.145
0.7114
0.8424
0.1499
0.8425
0.2593
0.051
0.0196
0.6758
0.6771
0.8887
0.597
0.0774
0.5896
0.381
0.1446
0.3727
0.6323
0.7466
0.6418
0.4747
0.9318
0.8146
0.1069
0.6954
0.8296
0.9494
0.1712
0.5301
0.7578
0.953
0.1197
0.309
0.0872
0.2289
0.9283
0.4598
0.0471
0.5238
0.5533
0.4209
0.7937
0.1484
0.1326
0.5201
0.7887
0.3171
0.9261
0.3974
0.1888
0.7637
0.1047
0.6718
0.6112
0.6579
0.2039
0.2209
0.4851
0.5866
0.8546
0.9754
0.8236
0.6558
0.2989
0.79
0.1578
0.2542
0.1342
0.6238
0.2665
0.586
0.1246
0.751
0.3524
0.3458
0.3339
0.9857
0.913
0.9111
0.5183
0.62
0.0957
0.7685
0.6509
0.1874
0.9904
0.3733
0.0216
0.7941
0.2232
0.8866
0.885
0.9369
0.6561
0.7528
0.5686
0.4271
0.226
0.4267
0.5591
0.6544
0.1028
0.041
0.7364
0.2425
0.58
0.928
0.7573
0.6335
0.8139
0.711
0.1757
0.5662
0.8609
0.2462
0.6266
0.5925
0.5316
0.4233
0.5351
0.2647
0.5998
0.5721
0.2567
0.3179
0.7978
0.656
0.262
0.5903
0.2541
0.9601
0.1422
0.3198
0.2376
0.2013
0.3335
0.5561
0.6158
0.4645
0.8865
0.1667
0.8153
0.1758
0.1157
0.1023
0.3499
0.5741
0.1239
0.661
0.0038
0.4112
0.9349
0.7725
0.4899
0.9093
0.9441
0.817
0.7472
0.1095
0.8304
0.7534
0.1124
0.4994
0.2164
0.8121
0.2902
0.3119
0.1284
0.7
0.579
0.3432
0.6711
0.1757
0.1047
0.3626
0.3912
0.5568
0.1583
0.9568
0.2043
0.2402
0.3437
0.7363
0.6027
0.8772
0.7446
0.5899
0.9497
0.3479
0.2731
0.9392
0.6261
0.9864
0.5475
0.5288
0.9325
0.3421
0.9306
0.7171
0.2432
0.3283
0.752
0.9415
0.231
0.6934
0.4938
0.9739
0.4266
0.2448
0.6771
0.5417
0.8217
0.5714
0.3433
0.5484
0.6587
0.6657
0.7023
0.6007
0.9312
0.9969
0.2233
0.2623
0.2511
0.9598
0.821
0.0508
0.563
0.685
0.6276
0.9559
0.2894
0.1324
0.6006
0.5729
0.6131
0.9552
0.3826
0.9388
0.5972
0.1903
0.002
0.4274
0.1846
0.5997
0.7734
0.4256
0.1816
0.11
0.4404
0.6737
0.461
0.1625
0.0813
0.4462
0.6816
0.0047
0.2602
0.4731
0.365
0.1183
0.5775
0.8636
0.3947
0.8682
0.1292
0.9961
0.669
0.9298
0.6627
0.3617
0.9968
0.5928
0.4708
0.8907
0.2631
0.1045
0.4631
0.6776
0.3689
0.9473
0.0646
0.3284
0.6338
0.5861
0.2251
0.4414
0.4261
0.2107
0.3704
0.5791
0.6567
0.9876
0.6349
0.8901
0.3389
0.5504
0.0962
0.6259
0.1061
0.6465
0.2206
0.9162
0.2275
0.2372
0.5008
0.6856
0.7471
0.7408
0.4616
0.5333
0.0977
0.268
0.703
0.4841
0.1021
0.6335
0.5991
0.5033
0.1381
0.8519
0.1831
0.6742
0.7468
0.7051
0.7692
0.8349
0.1129
0.6302
0.518
0.2167
0.2085
0.7091
0.7188
0.1562
0.0818
0.3761
0.8544
0.5165
0.8094
0.9242
0.9909
0.2043
0.7582
0.841
0.9546
0.9033
0.0155
0.3465
0.8432
0.6288
0.1674
0.3179
0.8943
0.7421
0.8707
0.7222
0.7653
0.5184
0.2064
0.5368
0.4728
0.3819
0.9658
0.4331
0.5701
0.4056
0.6449
0.3465
0.4912
0.4905
0.8284
0.3638
0.552
0.0808
0.7886
0.6368
0.475
0.2112
0.8041
0.0169
0.449
0.1751
0.017
0.3368
0.693
0.8256
0.0006
0.0611
0.3813
0.5863
0.3029
0.949
0.468
0.4
0.3563
0.0753
0.4899
0.7048
0.4556
0.3715
0.1914
0.4593
0.3525
0.9769
0.6273
0.3778
0.2114
0.4733
0.7952
0.094
0.4052
0.579
0.8411
0.5027
0.9726
0.4834
0.0061
0.3621
0.204
0.2314
0.0248
0.9205
0.3177
0.3345
0.717
0.4753
0.6333
0.1541
0.2686
0.2143
0.7741
0.2934
0.7331
0.2457
0.4197
0.0051
0.5459
0.0931
0.3036
0.2138
0.7844
0.6378
0.7106
0.3315
0.7966
0.0
0.0
0.0
0.0
0.0
0.0
0.0
0.0
0.0
0.0
0.0
0.0
0.0
0.0
0.0
0.0
0.0
0.0
0.0
0.0
0.0
0.0
0.0
0.0
0.0
0.0
0.0
0.0
0.0
0.0
0.0
0.0
0.0
0.0
0.0
0.0
0.0
0.0
0.0
0.0
0.0
0.0
1.0
1.0
1.0
0.0
