0.45
0.1984
0.0607
0.7482
0.428
0.4254
0.0334
0.5537
0.2702
0.8448
0.9193
0.9904
0.8204
0.5061
0.5776
0.9573
0.8788
0.0908
0.5145
0.0489
0.5501
0.2215
0.3882
0.7449
0.7388
0.662
0.721
0.5646
0.6309
0.1066
0.0085
0.8147
0.1876
0.6433
0.1012
0.1366
0.7781
0.2609
0.5527
0.8885
0.1935
0.178
0.5186
0.0182
0.0994
0.2534
0.9376
0.4821
0.5576
0.294
0.9117
0.9119
0.5075
0.9887
0.4447
0.7168
0.342
0.1262
0.2492
0.9241
0.5248
0.0609
0.1761
0.4657
0.2204
0.8645
0.136
0.0377
0.5655
0.3211
0.4827
0.9608
0.2656
0.6117
0.1228
0.4253
0.8904
0.1323
0.1013
0.5208
0.1476
0.2444
0.0309
0.334
0.0839
0.8666
0.7748
0.1249
0.1578
0.7718
0.1297
0.5168
0.1905
0.3195
0.6313
0.4036
0.4311
0.7238
0.6001
0.0072
0.9703
0.6967
0.0409
0.881
0.9075
0.7994
0.8316
0.7657
0.4283
0.3287
0.0283
0.6143
0.6703
0.9336
0.3175
0.7606
0.1113
0.7572
0.4861
0.7245
0.8498
0.2413
0.6744
0.3357
0.3516
0.8509
0.3669
0.2115
0.1783
0.7068
0.2121
0.5607
0.7439
0.5107
0.6451
0.3183
0.7433
0.5384
0.7951
0.242
0.5872
0.8349
0.3783
0.7747
0.8643
0.6572
0.6834
0.0059
0.9088
0.0254
0.9025
0.3947
0.4678
0.659
0.6382
0.7729
0.4457
0.1019
0.6294
0.9022
0.0209
0.1798
0.306
0.9534
0.3394
0.3926
0.9262
0.3702
0.564
0.0749
0.4553
0.4941
0.9656
0.9335
0.3776
0.792
0.5974
0.0179
0.828
0.0066
0.2772
0.5527
0.1065
0.4269
0.3951
0.8596
0.9466
0.1395
0.7034
0.5673
0.2752
0.3205
0.5031
0.4669
0.3477
0.7211
0.3443
0.5524
0.507
0.4467
0.0752
0.2018
0.4479
0.4679
0.3626
0.223
0.708
0.306
0.0891
0.9818
0.3582
0.975
0.9171
0.5565
0.8633
0.4855
0.5422
0.831
0.2831
0.3071
0.9976
0.7304
0.0782
0.629
0.1569
0.7246
0.1125
0.4072
0.0225
0.7184
0.0199
0.335
0.3425
0.2286
0.1408
0.1981
0.2782
0.2877
0.3961
0.3565
0.5193
0.7057
0.0492
0.276
0.3091
0.5856
0.3719
0.2872
0.1561
0.5949
0.4406
0.4904
0.5532
0.0338
0.2158
0.5731
0.2589
0.3586
0.8714
0.2369
0.1299
0.271
0.115
0.4329
0.8092
0.8244
0.722
0.2406
0.3278
0.4163
0.4481
0.7817
0.08
0.8401
0.2697
0.4148
0.8381
0.4469
0.6841
0.2668
0.314
0.075
0.5543
0.945
0.7362
0.4216
0.4009
0.5491
0.8815
0.0803
0.1632
0.9058
0.0788
0.6137
0.6639
0.8316
0.0492
0.356
0.6229
0.9179
0.3825
0.8674
0.2956
0.4892
0.9948
0.6808
0.6881
0.6455
0.6742
0.5074
0.3957
0.6532
0.803
0.6622
0.6507
0.9725
0.0673
0.241
0.8996
0.8976
0.504
0.8558
0.9473
0.1347
0.7847
0.3287
0.2774
0.2196
0.8129
0.3597
0.3638
0.7081
0.8588
0.1858
0.0077
0.667
0.6835
0.9469
0.7445
0.9599
0.6392
0.5016
0.9925
0.0142
0.6627
0.2867
0.1936
0.4124
0.108
0.4991
0.6111
0.5855
0.2951
0.3003
0.4969
0.7473
0.4136
0.658
0.4638
0.8745
0.2695
0.2786
0.1278
0.4598
0.5322
0.6491
0.5038
0.4812
0.4889
0.6144
0.1608
0.6579
0.6847
0.6545
0.8244
0.3915
0.7766
0.1539
0.0777
0.3204
0.5042
0.6638
0.5189
0.7703
0.4584
0.1491
0.5605
0.2233
0.3857
0.8072
0.985
0.787
0.501
0.4196
0.1562
0.9641
0.7019
0.9145
0.8185
0.9655
0.9342
0.8892
0.5581
0.3967
0.2148
0.0882
0.7976
0.0156
0.7689
0.4168
0.7572
0.6364
0.8698
0.3391
0.7189
0.6389
0.3247
0.7737
0.8253
0.6879
0.1212
0.365
0.1365
0.0162
0.124
0.4418
0.5387
0.1026
0.3067
0.1331
0.569
0.2776
0.0198
0.2254
0.2802
0.8387
0.847
0.2007
0.725
0.7159
0.886
0.052
0.1808
0.6629
0.2896
0.0801
0.7616
0.7169
0.6837
0.8012
0.1907
0.7088
0.716
0.9559
0.8508
0.8147
0.9765
0.9264
0.2476
0.1339
0.7269
0.1785
0.2862
0.4392
0.3505
0.6516
0.8466
0.8252
0.7759
0.9305
0.1637
0.3696
0.7152
0.0422
0.6591
0.2201
0.2943
0.0204
0.1618
0.3805
0.6209
0.4802
0.6459
0.5988
0.706
0.535
0.5026
0.2833
0.6483
0.0452
0.4255
0.5291
0.1062
0.1147
0.1879
0.3089
0.0968
0.0944
0.5387
0.3368
0.6475
0.3272
0.6288
0.7666
0.318
0.4481
0.9648
0.2885
0.0452
0.6683
0.044
0.761
0.7569
0.4771
0.5963
0.4575
0.4822
0.3282
0.8137
0.2986
0.7841
0.8642
0.2624
0.48
0.5349
0.8105
0.3629
0.7746
0.8954
0.6727
0.7039
0.8562
0.8093
0.905
0.7725
0.7932
0.375
0.4545
0.7507
0.9623
0.577
0.6982
0.779
0.933
0.7151
0.9648
0.1471
0.8189
0.0662
0.0737
0.7338
0.7661
0.0893
0.1824
0.3609
0.9842
0.4633
0.6494
0.31
0.4112
0.9315
0.6384
0.8342
0.7443
0.6846
0.3764
0.6007
0.6183
0.7851
0.5122
0.7106
0.9428
0.8202
0.2235
0.249
0.0361
0.0893
0.2053
0.2476
0.9539
0.2892
0.4983
0.2159
0.4681
0.5183
0.1341
0.0707
0.7194
0.3912
0.2357
0.2187
0.7294
0.4705
0.9277
0.9644
0.04
0.2612
0.6257
0.3224
0.7134
0.4753
0.04
0.5191
0.6036
0.0675
0.4524
0.7973
0.0548
0.5641
0.1312
0.4939
0.2586
0.9205
0.7058
0.1833
0.9552
0.1594
0.2732
0.8357
0.9507
0.257
0.7016
0.9758
0.7705
0.1023
0.4377
0.7969
0.4547
0.9952
0.6827
0.4825
0.8794
0.1014
0.4179
0.2448
0.135
0.5921
0.2612
0.4134
0.1614
0.8348
0.9263
0.3966
0.9959
0.619
0.0017
0.5517
0.3315
0.2944
0.1361
0.1886
0.3339
0.2536
0.2822
0.6458
0.0318
0.7322
0.4381
0.6464
0.204
0.8449
0.2114
0.4907
0.7669
0.6914
0.6577
0.7876
0.1518
0.9862
0.472
0.1441
0.6862
0.7363
0.3396
0.2492
0.7924
0.3258
0.0813
0.8746
0.1968
0.2877
0.3648
0.3952
0.8508
0.9396
0.5391
0.1232
0.0743
0.091
0.8558
0.0765
0.9566
0.4488
0.2389
0.8408
0.8519
0.7786
0.5883
0.0804
0.9248
0.0364
0.2944
0.5888
0.3576
0.9398
0.0521
0.9624
0.8189
0.3036
0.1048
0.8821
0.6333
0.9862
0.8335
0.1256
0.2991
0.8611
0.0704
0.039
0.1904
0.7013
0.0141
0.1383
0.4706
0.1211
0.383
0.8661
0.2125
0.2163
0.2757
0.3327
0.645
0.9294
0.8523
0.9489
0.5098
0.9564
0.2452
0.6753
0.7156
0.5771
0.4387
0.2676
0.5291
0.4158
0.6226
0.5247
0.9332
0.5934
0.7567
0.0047
0.6043
0.7738
0.4108
0.0109
0.5544
0.0695
0.8483
0.9256
0.6573
0.6876
0.8388
0.0436
0.1449
0.6665
0.6626
0.7751
0.0308
0.5762
0.3271
0.2021
0.6837
0.204
0.5158
0.106
0.0924
0.9952
0.737
0.3905
0.6452
0.8378
0.9392
0.6418
0.5103
0.6122
0.2386
0.2782
0.9423
0.0196
0.4233
0.3082
0.7505
0.2434
0.7569
0.8563
0.3332
0.253
0.3962
0.1031
0.7284
0.6137
0.735
0.8667
0.3607
0.5218
0.4788
0.4535
0.0287
0.1605
0.4623
0.5288
0.4229
0.5526
0.5126
0.1677
0.9873
0.1532
0.3773
0.3021
0.4566
0.9892
0.0284
0.6874
0.5057
0.0894
0.0548
0.2657
0.3475
0.7193
0.0591
0.9317
0.8751
0.2405
0.6172
0.6749
0.0964
0.4132
0.2771
0.6864
0.6795
0.9649
0.7284
0.352
0.8282
0.2684
0.0799
0.083
0.2773
0.4583
0.9488
0.8963
0.7563
0.7559
0.978
0.4692
0.3829
0.2858
0.049
0.9391
0.0408
0.5442
0.5473
0.806
0.169
0.0392
0.1405
0.3433
0.7347
0.5247
0.6867
0.7079
0.1345
0.5531
0.2103
0.6226
0.7534
0.5935
0.7903
0.6144
0.2945
0.8586
0.1694
0.365
0.4749
0.4101
0.4014
0.5986
0.0172
0.5158
0.9648
0.9878
0.114
0.5862
0.9808
0.8477
0.1925
0.0782
0.5541
0.0086
0.3311
0.4872
0.4623
0.4491
0.1991
0.1892
0.9231
0.0601
0.3359
0.0644
0.4177
0.8595
0.0884
0.3347
0.4847
0.3134
0.386
0.1949
0.0689
0.7175
0.5482
0.7536
0.5728
0.2295
0.8567
0.6187
0.9586
0.2682
0.1814
0.7769
0.269
0.5965
0.0851
0.9464
0.7038
0.4343
0.007
0.4625
0.2631
0.2662
0.0623
0.1214
0.2666
0.273
0.2438
0.2142
0.669
0.2067
0.857
0.9133
0.4055
0.4888
0.5384
0.9926
0.7152
0.6334
0.2872
0.3036
0.9477
0.237
0.3415
0.8048
0.21
0.3677
0.0061
0.9829
0.7037
0.7559
0.7661
0.0936
0.031
0.6379
0.8949
0.3269
0.7309
0.327
0.4634
0.1336
0.4913
0.948
0.4305
0.7581
0.1781
0.3178
0.1949
0.1879
0.2336
0.2703
0.251
0.7647
0.2809
0.9344
0.5975
0.9442
0.3469
0.1678
0.3062
0.8451
0.6575
0.758
0.436
0.0
1.0
1.0
0.0
1.0
1.0
0.0
1.0
1.0
0.0
0.0
1.0
1.0
0.0
0.0
0.0
1.0
0.0
0.0
1.0
0.0
1.0
1.0
0.0
0.0
0.0
1.0
0.0
1.0
0.0
0.0
1.0
0.0
0.0
0.0
0.0
1.0
1.0
1.0
1.0
1.0
1.0
0.0
0.0
0.0
0.0
0.0
0.0
0.0
0.0
0.0
0.0
0.0
0.0
0.0
0.0
0.0
0.0
0.0
0.0
0.0
0.0
0.0
0.0
0.0
0.0
0.0
0.0
0.0
0.0
0.0
0.0
0.0
0.0
0.0
0.0
0.0
0.0
0.0
0.0
0.0
0.0
0.0
0.0
0.0
0.0
0.0
0.0
0.0
0.0
0.0
0.0
0.0
0.0
0.0
0.0
0.0
0.0
0.0
0.0
0.0
0.0
0.0
0.0
0.0
0.0
0.0
0.0
0.0
0.0
0.0
0.0
0.0
0.0
0.0
0.0
0.0
0.0
0.0
0.0
0.0
0.0
0.0
0.0
0.0
0.0
0.0
0.0
0.0
0.0
0.0
0.0
0.0
0.0
0.0
0.0
0.0
0.0
0.0
0.0
0.0
0.0
0.0
0.0
0.0
0.0
0.0
0.0
0.0
0.0
0.0
0.0
0.0
0.0
0.0
0.0
0.0
0.0
0.0
0.0
0.0
0.0
0.0
0.0
0.0
0.0
0.0
0.0
0.0
0.0
0.0
0.0
0.0
0.0
0.0
0.0
0.0
0.0
0.0
0.0
0.0
0.0
0.0
0.0
0.0
0.0
0.0
0.0
0.0
0.0
0.0
0.0
0.0
0.0
0.0
0.0
0.0
0.0
0.0
0.0
0.0
0.0
0.0
0.0
0.0
0.0
0.0
0.0
0.0
0.0
0.0
0.0
0.0
0.0
0.0
0.0
0.0
0.0
0.0
0.0
0.0
0.0
0.0
0.0
0.0
0.0
0.0
0.0
0.0
0.0
0.0
0.0
0.0
0.0
0.0
0.0
0.0
0.0
0.0
0.0
0.0
0.0
0.0
0.0
