1191.41 1665.29 2092.48 2943.78 3487.02 3247.13
624.58 969.37 1271.57 3908.12 2281.72 1351.49
825.65 1277.24 1883.48 3532.84 2815.76 1771.79
419.86 684.23 814.38 4148.76 1599.5 823.28
564.35 903.84 824.82 4757.83 1903.33 1334.86
396.64 626.32 690.46 3367.12 1486.58 901.87
595.94 888.63 958.13 3015.81 1840.34 1474.13
113.66 240.94 166.44 3570.67 918.89 374.29
200.23 360.06 302.37 4321.52 1228.28 689.72
95.92 263.1 100.0 4530.09 1024.19 376.11
98.01 131.95 97.5 1010.76 287.33 154.8
773.9 1171.33 1653.89 3701.58 2933.29 1828.2
566.99 846.46 1172.06 3810.99 1944.04 1067.07
712.11 1043.28 1233.72 3609.17 2396.24 2008.53
740.67 1051.93 1304.35 2876.12 2440.95 2099.56
341.27 533.49 697.08 2197.74 1408.2 852.94
192.94 302.21 276.59 2760.04 872.07 544.79
133.91 251.6 185.56 3130.75 840.32 363.22
615.13 960.58 1240.65 3570.94 1938.77 1124.8
452.72 703.06 766.84 3837.83 1877.35 1358.2
467.68 841.34 726.88 5268.59 1699.21 841.68
694.48 977.84 1214.71 2514.76 2232.26 1940.06
93.88 118.07 91.9 999.17 263.9 148.58
1008.92 1445.55 1822.92 3342.0 3181.42 2731.29
436.46 713.77 753.1 3930.52 1563.05 995.8
94.42 120.69 94.38 923.63 270.95 148.14
995.43 1434.13 2014.1 3241.95 3169.04 2278.25
761.43 1106.86 1306.44 3602.93 2433.65 2102.47
575.67 824.1 950.15 2437.65 1771.43 1511.82
186.68 386.0 305.87 4588.3 1247.54 520.72
259.93 474.8 404.79 4342.35 1438.57 832.8
422.31 663.5 854.53 4282.32 1704.79 886.86
78.89 201.56 97.85 4108.93 867.8 342.33
103.09 168.53 89.52 1823.85 419.83 204.82
165.73 359.24 236.42 4321.75 1276.96 616.44
108.85 262.67 130.97 4593.0 864.33 354.53
323.82 467.66 570.92 1628.25 1021.55 726.05
714.95 1104.79 1466.88 3838.79 2506.55 1670.21
513.35 751.32 1101.18 2338.07 2108.75 1225.93
153.33 365.09 266.81 4131.13 1231.5 577.17
827.64 1212.14 1646.68 3455.11 3113.83 2202.99
799.45 1205.67 1712.29 3567.68 2983.89 1870.41
577.7 894.63 1129.92 3901.76 1795.51 1012.9
770.97 1131.87 1403.52 3426.39 2674.92 2127.63
732.29 1143.87 1350.25 4154.96 2309.01 1546.41
452.75 733.92 737.52 4348.26 1830.62 1224.79
176.32 336.44 311.69 4459.62 1163.65 507.29
83.27 149.39 77.87 2557.84 548.01 232.78
228.64 427.13 410.09 3837.34 1335.7 634.43
331.29 587.57 486.41 4668.62 1577.9 919.71
802.5 1136.06 1514.03 2621.78 2490.56 1998.9
119.96 272.88 97.36 3062.22 679.41 281.69
866.04 1264.87 1508.78 3369.66 2783.98 2416.13
336.47 569.62 627.48 3968.42 1373.98 676.15
143.62 352.11 127.14 4768.89 1029.92 438.59
319.09 539.45 543.75 3237.6 1453.98 993.0
272.75 472.94 499.34 4310.7 1206.72 584.46
789.1 1181.39 1690.04 3485.56 2761.23 1698.56
631.84 1029.75 1059.88 4254.84 2228.76 1524.82
304.06 643.31 293.33 4872.27 1346.73 704.54
600.86 932.44 1218.29 4058.84 2462.13 1479.6
148.07 311.04 218.01 4271.35 1108.34 460.86
327.52 451.14 525.08 1388.49 980.9 821.72
315.58 572.54 553.2 4599.48 1621.33 835.73
239.95 466.93 355.65 4757.91 1322.25 604.84
319.52 516.5 540.69 2773.07 1359.88 959.25
916.66 1339.83 1910.58 3282.43 2838.67 1741.35
772.77 1135.63 1407.49 3591.25 2334.87 1704.09
272.7 552.9 215.55 4983.31 1056.17 408.57
531.72 848.92 776.89 4545.68 1813.78 1257.47
209.47 438.1 252.62 5016.36 1230.97 509.96
969.03 1411.08 2083.65 3285.98 3176.56 2019.71
266.57 496.53 496.51 4438.07 1512.28 733.42
492.23 849.96 643.03 5150.25 1723.81 1075.16
921.83 1391.19 2040.94 3278.79 2749.31 1720.12
490.89 781.39 836.03 4226.66 1910.74 1325.84
861.37 1265.91 1806.67 3676.19 2608.31 1502.78
810.56 1179.57 1577.3 3203.36 2462.25 1796.01
398.25 648.53 788.87 4123.9 2006.13 1115.89
390.27 636.98 785.97 3084.0 1314.02 687.99
299.84 659.86 268.6 5245.18 1386.78 692.27
110.95 250.36 126.02 4856.44 1045.72 457.34
642.34 966.11 1314.18 3702.97 2219.85 1289.79
489.08 768.79 828.23 3988.11 1956.68 1439.62
166.49 331.51 192.79 3840.9 919.55 390.97
952.42 1349.46 1690.31 2867.75 3016.02 2677.19
195.14 358.51 170.21 3466.89 749.56 294.87
500.92 831.81 833.3 4253.73 1937.26 1359.4
998.7 1417.04 1860.71 2832.54 3146.75 2702.37
114.59 282.71 142.48 4379.97 1062.88 416.8
736.33 1089.95 1235.09 3669.52 2362.16 1897.68
102.37 106.23 101.59 167.13 113.14 104.24
737.02 1067.88 1268.8 3639.49 2450.14 2071.87
442.72 681.87 757.21 3624.44 1827.25 1329.89
718.51 1032.6 1253.1 2845.53 2324.96 2001.94
448.21 627.9 784.9 1667.48 1263.34 978.7
162.77 349.61 190.64 3467.51 891.72 400.58
856.61 1228.18 1665.27 2651.37 2480.39 1832.2
110.99 167.96 104.05 1506.61 378.49 188.78
244.56 434.36 438.46 4027.26 1342.5 651.97
586.93 910.97 1051.38 3978.84 1719.03 932.28
199.26 410.94 299.16 4494.58 1404.98 722.3
261.75 492.71 329.23 4704.68 1354.16 726.15
811.89 1208.6 1775.83 3517.07 2518.0 1407.99
245.87 387.92 302.92 2482.56 789.1 475.48
210.12 400.63 334.4 4668.54 1124.02 492.21
144.87 328.81 140.78 4587.17 975.29 405.58
290.2 512.12 499.99 3264.51 1270.57 682.69
943.68 1355.71 1839.61 3091.87 3067.58 2348.9
146.63 182.09 173.59 606.91 292.15 227.04
726.54 1069.11 1268.92 3523.24 2489.64 2069.17
594.29 875.54 1048.89 3276.08 2029.59 1629.33
204.24 416.17 334.63 4423.52 1433.03 696.84
130.27 287.17 111.15 3974.03 867.0 344.52
683.7 1037.49 1238.97 3925.73 2016.35 1250.9
94.21 171.96 81.63 2524.44 504.33 211.21
611.22 939.03 988.83 4194.23 2181.1 1677.98
825.67 1212.83 1666.28 3385.42 2824.13 1953.22
174.47 396.88 324.41 4182.35 1246.14 533.35
83.09 218.39 77.14 4203.43 943.82 346.38
248.81 496.84 210.03 5067.7 1047.9 394.92
469.94 727.62 885.24 3949.71 1923.63 1276.76
499.8 793.06 951.15 4285.98 1835.29 956.8
629.39 983.5 1051.9 3943.91 2235.38 1767.43
268.64 510.05 404.49 4519.37 1348.49 715.29
422.68 669.34 833.28 4067.14 1725.67 928.2
248.97 399.09 414.48 2457.64 1022.84 571.5
731.11 1131.72 1126.7 4480.87 2312.09 1797.8
326.93 663.9 305.19 5784.47 1295.29 517.33
552.51 876.46 1182.5 3982.41 2330.9 1423.08
418.84 696.19 593.4 4420.48 1507.22 898.7
83.24 162.13 83.12 2572.81 613.24 244.54
380.37 638.64 590.85 4481.44 1686.12 1143.25
247.31 438.89 457.86 4171.99 1272.44 629.25
125.55 167.0 117.1 822.46 241.46 145.65
318.42 523.32 551.52 3890.99 1477.13 880.28
124.84 308.51 102.67 4791.94 1017.12 432.13
1048.43 1477.08 1824.85 2987.24 3110.09 2850.73
110.37 189.82 98.63 1639.04 401.04 194.4
727.67 1117.67 1491.04 3603.99 1934.71 1105.78
761.78 1124.76 1287.93 3862.66 2518.95 2120.39
194.53 398.2 231.27 4622.77 1156.81 541.12
833.74 1205.21 1462.55 3146.29 2712.97 2352.09
303.88 568.55 303.01 4431.47 1098.81 529.39
847.32 1264.04 1848.57 3296.75 3005.69 1898.68
297.54 413.04 460.22 1518.52 856.65 718.36
149.71 232.55 136.75 1759.34 416.62 198.51
295.48 421.59 455.94 1710.38 945.24 746.94
378.77 519.67 616.26 1347.29 1113.65 956.48
799.76 1180.71 1309.64 3904.54 2490.39 2061.87
717.24 1025.74 1391.65 2612.55 2329.89 1734.84
106.45 173.6 93.55 1663.16 388.04 189.9
844.79 1195.98 1536.86 2677.67 2511.53 2130.07
567.54 879.57 925.39 4109.41 2099.44 1585.51
627.0 966.85 966.25 4317.79 2054.27 1543.38
539.78 854.58 1178.71 3711.71 2030.48 1067.8
590.91 874.66 990.58 2986.6 1988.07 1635.15
693.14 1014.12 1192.69 3516.09 2359.71 1952.93
113.92 186.07 105.13 1881.54 452.72 212.44
587.38 924.03 941.23 4413.04 1934.32 1294.07
927.58 1349.77 1981.06 3269.87 3395.63 2185.69
139.06 206.13 128.82 1482.21 366.67 180.0
786.8 1184.63 1324.24 3993.34 2438.5 1899.52
624.81 914.43 1101.3 3526.25 2267.7 1812.74
310.84 674.03 286.08 5251.52 1407.66 717.16
187.76 307.63 269.41 2464.46 772.44 381.11
185.87 242.03 302.02 914.57 474.47 291.21
656.45 998.39 1271.31 3824.29 1954.02 1111.26
701.68 1042.59 1361.74 3572.02 2309.65 1580.75
92.82 215.3 90.99 3387.17 776.12 297.8
166.73 281.32 149.24 2461.49 555.59 236.68
254.36 482.69 260.36 4601.96 1066.59 430.03
465.22 712.41 860.68 2707.68 1418.99 793.54
100.84 172.51 96.46 1722.04 470.91 223.66
304.68 455.4 498.69 1892.8 1076.33 825.24
494.62 755.49 1000.68 2614.05 1759.07 1078.23
553.71 866.86 1118.22 4019.69 1944.12 1052.67
195.56 419.77 218.05 5062.98 1245.62 515.81
882.87 1261.17 1581.78 2920.95 2881.42 2508.21
301.96 532.13 480.95 4354.45 1536.69 943.49
345.6 595.73 523.91 4577.58 1604.81 1049.49
271.04 378.71 420.44 1497.07 854.99 673.17
442.05 621.35 874.99 1766.31 1252.91 744.44
789.85 1183.57 1629.91 3569.42 2971.15 2069.62
437.59 690.98 718.57 4185.34 1739.11 1265.65
1203.8 1680.44 2113.93 2933.09 3511.83 3277.28
596.4 859.72 1025.74 2834.51 1992.2 1663.11
216.36 439.75 390.73 4494.74 1506.98 694.93
211.27 414.63 267.99 4529.22 1204.73 659.47
403.54 656.28 672.98 4070.64 1776.55 1220.07
353.72 589.45 689.69 4156.78 1788.3 955.2
721.87 1123.14 1546.01 3943.92 2929.1 1820.89
96.77 116.07 93.97 716.1 190.14 124.79
202.75 343.86 259.71 1943.88 700.64 385.05
767.58 1114.46 1337.81 3492.75 2529.03 2158.64
565.39 849.09 964.45 3783.19 2068.31 1624.44
159.16 326.06 206.96 4517.78 966.85 503.12
79.44 176.22 79.29 3133.89 729.69 277.34
467.56 722.26 860.51 3941.21 1808.29 1179.1
74.08 197.38 70.39 4608.9 936.96 354.18
695.91 1030.37 1212.08 3583.2 2420.9 1987.97
537.78 751.52 1036.07 1804.44 1594.98 1158.62
166.32 319.01 138.56 2369.85 615.05 289.64
219.39 391.28 321.77 3573.46 1138.22 653.03
382.04 563.88 762.02 1628.82 1090.38 679.7
525.66 807.1 1087.99 3547.9 1825.03 986.02
387.58 640.42 639.86 4186.82 1728.87 1170.51
823.07 1217.81 1666.53 3134.37 2539.55 1841.93
526.86 816.82 867.0 3968.82 1996.36 1490.87
804.38 1163.95 1397.82 3325.14 2676.79 2262.37
462.29 742.26 903.26 4016.76 1848.24 1123.0
102.42 308.74 89.82 4769.4 1167.74 455.98
262.36 502.93 435.12 4851.91 1454.14 718.76
543.35 809.91 948.02 3539.43 2038.69 1610.46
1031.1 1463.48 1791.06 3297.86 3124.36 2825.43
432.96 711.19 673.63 4552.25 1779.78 1259.55
615.63 984.96 997.99 4579.02 2112.99 1356.92
231.22 411.41 425.51 3409.26 1198.56 551.93
159.74 305.2 222.72 4333.94 1100.15 567.27
825.38 1182.43 1451.92 3369.6 2692.61 2337.21
795.18 1210.29 1752.48 3491.82 2468.83 1511.08
125.82 301.77 96.79 4569.77 913.8 361.93
147.54 301.4 210.62 4106.45 1127.43 539.8
360.7 626.52 728.01 3933.42 1539.35 775.83
433.64 681.0 808.14 3824.92 1867.17 1276.19
757.83 1114.96 1664.82 3412.08 2438.96 1362.31
436.19 728.68 847.67 4178.45 2075.97 1254.5
926.01 1305.11 1650.76 2833.04 2961.11 2618.42
769.68 1107.32 1362.16 3220.23 2519.06 2144.93
456.78 826.11 686.26 5301.73 1666.35 826.89
522.9 777.33 1008.22 2514.79 1558.0 962.07
74.12 148.41 71.84 2683.8 563.4 234.8
700.97 1059.14 1449.43 3628.8 2702.2 1673.85
96.77 116.09 93.96 717.09 190.29 124.83
763.32 1113.64 1316.42 3424.48 2493.86 2126.44
480.8 745.84 981.64 4028.67 2232.31 1313.7
795.08 1211.92 1616.18 3523.82 2028.6 1176.48
100.92 179.03 96.14 1867.99 504.28 234.78
87.14 167.5 78.98 3086.12 637.88 269.36
517.99 765.68 883.77 2776.1 1820.14 1460.9
427.04 734.98 699.12 4775.12 1745.46 904.6
158.71 360.98 153.76 4917.37 1111.72 464.07
87.04 220.55 115.19 4368.71 932.77 377.93
127.14 288.26 159.55 4507.83 1126.26 490.03
459.27 736.02 779.12 3970.4 1952.99 1394.68
334.23 595.89 553.68 4726.6 1676.07 850.38
373.36 626.62 569.75 4361.67 1627.91 1063.01
939.15 1364.34 2006.31 3350.39 3676.72 2386.67
354.05 569.47 681.32 4167.54 1426.82 730.29
188.74 358.58 277.38 3660.37 969.35 461.31
144.5 401.37 116.86 5008.22 1090.16 432.69
940.48 1329.09 1676.65 2866.08 3014.67 2662.63
992.73 1408.4 1725.88 3308.73 3018.2 2717.8
266.93 419.24 424.17 2527.56 1050.72 616.88
521.02 804.52 857.02 3756.94 1937.0 1429.87
879.46 1261.74 1868.05 3299.55 2591.29 1523.44
156.21 313.31 226.66 4112.66 1151.56 564.14
964.86 1358.08 1784.02 2637.97 2976.78 2508.16
95.81 217.95 82.7 3848.58 740.69 282.81
478.6 765.53 996.49 3785.52 1707.91 960.64
968.54 1373.86 1735.86 2973.72 3008.5 2595.95
126.65 159.9 167.76 818.16 337.05 214.6
60.71 185.99 61.69 4405.53 882.88 332.1
120.47 323.7 82.41 4823.53 973.17 374.42
337.94 596.7 635.77 4635.29 1540.55 746.53
140.28 292.75 239.68 4294.14 1069.87 474.49
104.19 203.85 143.87 3111.56 758.56 340.84
693.83 1067.8 1151.54 3989.21 2356.22 1910.08
398.72 642.48 750.13 3946.79 1524.9 795.69
155.93 310.43 258.28 4505.9 1159.88 518.65
279.82 407.0 490.56 1700.47 903.37 540.87
172.02 382.43 197.76 5067.87 1215.29 575.19
302.8 468.73 446.05 2713.44 1075.67 772.87
329.21 545.85 588.35 4451.54 1634.88 993.86
267.87 461.44 481.5 4180.03 1462.93 839.6
497.77 819.63 804.18 4146.81 1946.79 1418.02
583.46 865.24 1286.67 1994.79 1803.67 1161.4
844.4 1256.79 1710.05 3495.05 2517.42 1574.41
415.57 644.76 840.12 3454.82 1727.64 910.88
307.12 629.89 251.49 5669.54 1219.44 482.25
721.31 1057.02 1336.0 3375.8 2569.36 1987.48
94.62 166.86 82.93 2352.59 475.67 203.33
180.8 441.27 186.35 4857.51 1158.99 526.75
893.04 1281.71 1780.37 3279.01 2743.0 1978.74
185.17 420.97 385.46 4203.68 1357.22 614.35
610.29 966.37 1255.51 3734.54 2397.65 1440.78
632.1 933.71 1322.12 3116.74 2199.22 1347.9
80.55 203.82 84.36 4530.91 938.16 359.03
201.68 367.43 348.67 4427.3 1161.25 524.88
588.22 951.22 862.66 4634.67 2000.05 1411.07
1055.71 1482.89 1881.49 2852.95 3221.53 2943.83
517.0 795.26 851.27 4155.4 1905.61 1456.79
370.21 552.97 683.02 2077.47 1125.42 694.14
728.3 1033.96 1446.6 2637.09 2160.31 1474.01
259.5 428.41 452.61 3504.64 1214.46 725.55
296.52 555.79 446.16 4565.04 1608.29 962.25
341.24 566.58 553.31 3877.1 1540.15 1021.1
666.53 1064.66 1156.32 4467.01 2165.81 1423.44
102.44 309.88 89.76 4794.97 1173.58 457.93
312.25 490.67 520.42 2529.61 975.65 525.49
163.44 266.39 142.45 1894.02 451.28 213.36
337.96 553.94 666.99 4192.23 1554.2 827.92
455.58 702.32 884.97 3394.62 1622.1 909.61
90.14 263.47 87.81 4749.11 1057.06 380.59
509.23 824.34 1039.72 3951.49 1801.19 1016.94
501.53 803.86 868.9 3790.61 2013.51 1509.14
555.16 888.37 1126.04 4019.68 2260.65 1332.01
401.71 742.33 509.7 5449.05 1456.68 640.93
391.83 696.13 548.08 5164.92 1476.35 679.75
413.05 645.9 836.88 3395.16 1647.93 926.95
228.36 455.95 332.06 4318.41 1388.88 748.56
869.83 1250.01 1846.01 3319.55 2574.06 1510.35
499.58 726.35 851.92 2682.2 1755.08 1407.04
541.6 884.42 1192.27 4064.6 2132.11 1215.15
177.15 334.94 297.42 4316.2 1065.12 462.35
452.74 652.13 764.23 2328.05 1527.12 1242.8
757.48 1085.27 1337.01 3233.37 2559.62 2172.83
310.51 575.16 513.38 4828.57 1642.41 823.9
951.54 1380.6 1643.5 3265.7 2964.71 2615.04
626.86 927.86 1298.07 2416.05 1997.54 1400.79
140.39 296.79 116.89 3817.72 875.41 354.8
554.49 762.67 951.58 1601.05 1654.89 1479.04
909.88 1291.75 1611.26 3132.81 2884.32 2559.3
547.21 866.98 1001.45 4404.58 1834.91 942.31
102.53 279.73 110.97 4741.42 1089.56 415.05
295.53 496.59 542.91 4056.24 1462.17 853.22
594.42 914.18 1008.41 3809.55 2099.1 1638.33
631.64 937.86 1245.28 3103.47 1802.85 1050.65
585.29 862.11 1229.91 2485.44 2126.71 1340.34
348.48 503.9 613.53 1674.03 970.37 616.67
110.3 217.54 89.7 2596.53 560.02 243.59
162.09 376.48 140.33 5131.67 1174.15 462.35
443.26 702.68 642.18 3748.6 1510.55 1038.87
510.21 818.64 1127.25 4036.48 2015.59 1158.97
302.3 553.21 470.6 4319.97 1607.43 977.17
207.73 364.75 309.24 4144.6 1186.08 682.83
917.85 1378.59 2056.63 3324.86 2808.03 1747.98
299.5 528.15 536.02 4234.02 1492.94 798.64
411.05 603.38 630.75 2338.25 1272.1 986.15
784.14 1118.42 1387.98 2921.27 2468.24 2130.71
709.61 1069.12 1130.46 4120.17 2262.83 1791.32
639.79 989.5 1303.76 3992.02 2083.37 1101.66
920.36 1382.78 2048.42 3246.15 2748.47 1722.01
904.56 1303.68 1554.82 3545.84 2836.76 2493.19
359.71 579.96 631.65 4370.08 1636.32 1027.28
366.84 552.92 590.28 2897.3 1320.73 998.65
683.44 971.37 1374.57 2361.79 2023.82 1386.92
418.21 711.03 649.39 4727.46 1550.65 786.7
144.67 407.32 119.44 5120.32 1104.94 423.89
103.61 242.71 158.6 4353.01 976.2 395.76
142.26 281.05 227.63 4116.39 1066.34 484.26
289.85 476.61 520.27 3894.58 1277.33 666.18
80.11 158.69 73.7 3020.91 632.42 257.8
334.18 512.6 514.64 2733.29 1230.12 883.75
362.42 563.73 599.17 2931.04 1479.91 1056.96
97.45 220.29 99.46 4446.5 926.72 391.36
58.35 177.9 54.69 4258.13 845.76 316.93
423.4 708.4 829.54 4514.15 2085.68 1083.13
381.02 620.01 601.28 4397.4 1587.61 1096.36
604.18 850.34 1036.46 2126.74 1893.01 1639.73
502.94 794.95 1059.48 4003.31 1921.45 989.59
302.04 508.96 553.28 4123.6 1183.21 599.66
101.09 112.47 98.91 364.82 148.8 115.23
1081.26 1527.23 1883.85 3146.75 3224.62 2948.7
169.44 301.33 201.52 2725.88 750.73 417.57
438.27 725.9 740.1 4253.5 1688.4 896.31
136.22 276.47 115.15 3433.89 795.36 328.49
576.82 848.82 975.49 2947.05 1961.32 1601.68
909.89 1303.2 1595.74 3226.27 2878.47 2533.42
707.09 1090.14 1505.57 3755.59 2794.5 1706.63
725.71 1115.29 1486.44 3609.08 1931.92 1103.48
798.56 1181.35 1592.21 3551.06 2205.65 1312.78
93.89 132.08 90.01 1519.36 355.67 180.5
197.56 421.57 358.48 4084.19 1403.17 723.37
121.98 320.2 98.83 5203.04 1084.36 434.26
55.59 247.04 78.27 4337.7 1060.53 384.58
270.17 563.11 399.81 4837.99 1412.21 728.28
402.77 599.58 823.66 2246.2 1548.81 975.44
467.14 767.24 936.38 4025.46 1704.75 944.88
752.95 1130.09 1630.01 3204.5 2377.53 1517.64
233.54 304.03 406.65 672.52 566.9 391.45
892.53 1302.71 1485.67 3825.81 2728.1 2330.12
166.73 384.15 189.2 4042.11 947.51 394.39
731.67 1103.24 1521.14 3763.94 2572.61 1559.0
611.86 848.37 1060.17 1780.7 1874.13 1660.35
116.89 252.78 91.56 3579.34 724.93 295.0
615.79 943.55 967.24 3993.06 2016.79 1542.57
1047.91 1483.75 1831.85 3179.53 3185.89 2880.64
460.01 775.49 730.61 4250.55 1857.53 1313.31
170.22 377.1 192.01 4892.09 1150.19 474.05
510.85 826.89 960.24 4107.38 1805.76 1021.05
75.28 191.64 75.1 3747.67 857.08 313.22
97.76 106.62 97.03 429.47 160.06 117.8
314.83 540.31 465.98 3327.53 1281.24 855.49
99.77 102.85 99.27 196.07 116.02 104.41
247.43 458.32 390.56 4289.39 1372.99 765.0
96.4 213.53 97.79 3651.32 657.19 269.2
173.84 257.74 225.25 1678.74 594.4 398.43
274.95 433.35 355.09 2661.13 905.17 563.81
113.81 264.98 133.35 4357.94 1055.17 440.21
170.93 313.25 258.09 3729.51 1037.66 583.96
1020.96 1451.27 1907.82 2931.03 2937.85 2483.71
294.01 594.64 250.27 5273.36 1148.74 451.96
449.42 735.61 925.46 4295.95 2228.5 1211.61
84.7 176.18 71.39 3021.12 527.39 217.52
507.75 780.02 989.79 3915.94 1691.13 925.93
650.12 991.99 1226.7 3482.8 2402.13 1794.71
811.14 1143.15 1453.57 2564.79 2546.74 2193.64
93.02 212.12 91.24 3296.52 757.47 292.35
953.15 1397.79 1915.95 3354.96 2761.48 1822.01
386.71 694.97 583.39 4532.78 1672.83 1102.22
506.76 794.82 935.36 3217.99 1600.18 878.64
255.22 444.83 495.48 4181.99 1385.9 669.62
279.11 496.41 392.22 4293.05 1309.83 793.34
255.59 336.78 462.89 773.72 617.01 384.74
95.29 158.63 85.04 2075.32 429.42 190.61
294.96 601.04 240.87 5391.38 1160.26 458.83
850.6 1222.47 1469.23 3467.47 2650.82 2339.28
572.27 894.04 1138.77 3936.68 1901.54 1058.17
329.97 598.92 408.52 4976.52 1351.03 638.35
260.35 455.6 493.26 4010.92 1495.14 748.32
424.74 734.31 600.4 5083.25 1661.33 905.67
165.62 300.72 213.67 2990.03 784.2 360.56
366.92 643.08 575.56 4438.43 1756.13 1141.92
137.86 292.78 171.48 4367.67 892.42 438.61
491.02 846.33 984.98 4335.67 1871.3 1017.72
396.84 695.01 617.49 4850.82 1636.73 820.4
179.31 286.45 253.09 2418.92 820.36 488.79
768.54 1166.6 1406.1 3968.69 2499.21 1846.99
766.95 1210.3 1612.35 3766.28 2406.08 1441.88
520.6 886.16 821.61 4981.2 1792.23 909.38
610.7 937.47 1260.09 3602.07 1932.09 1097.28
719.9 1090.2 1545.23 3629.28 2794.21 1717.75
610.08 981.96 1075.48 4504.64 2248.46 1314.71
592.46 928.23 1174.2 3331.61 1831.08 1068.01
148.18 226.35 132.24 1462.36 366.76 186.08
110.62 255.19 152.3 4196.54 1067.22 435.47
184.45 354.45 353.27 4305.72 1316.84 612.11
128.93 309.84 203.09 3653.83 1080.85 521.22
96.82 251.41 112.82 3909.11 1007.2 390.34
94.54 152.96 95.02 1581.12 439.11 202.87
783.96 1194.93 1725.67 3514.46 2443.98 1492.19
142.69 282.72 211.41 3207.6 932.0 398.02
300.48 491.8 559.33 3303.82 1141.28 561.98
869.01 1285.95 1774.57 3436.03 2589.09 1622.56
202.48 476.36 259.02 4997.7 1262.66 532.57
742.04 1102.34 1622.17 3559.72 2419.71 1341.8
1019.52 1427.65 1820.17 2716.25 3180.63 2863.81
235.27 577.24 140.76 5250.8 1203.86 501.68
99.06 135.48 94.77 1216.75 291.01 156.09
442.86 710.41 848.02 3921.42 1803.28 1085.99
617.44 920.81 1337.67 2455.27 1849.82 1151.68
83.49 194.56 83.8 4085.7 855.06 344.7
524.07 813.14 991.8 4067.86 1995.67 1293.75
307.46 513.44 555.92 4271.9 1434.45 778.27
269.72 524.7 271.37 5166.63 1163.21 448.8
236.54 329.41 410.47 1164.02 710.11 455.8
309.65 566.02 528.9 4480.33 1464.31 740.62
487.49 727.18 894.35 2564.9 1419.11 852.21
434.94 727.9 908.49 3898.53 2191.35 1248.04
243.84 526.6 302.7 4919.04 1336.02 703.92
304.74 559.81 476.5 4389.93 1597.96 958.82
1091.24 1532.57 1910.29 3101.81 3256.19 2987.0
97.87 111.17 96.52 594.26 189.03 128.03
100.4 134.82 98.3 878.97 278.12 159.39
595.13 931.76 1254.95 3898.77 2454.15 1451.69
827.18 1197.09 1633.15 2689.1 2354.84 1622.83
293.95 468.95 577.11 3027.48 1324.06 743.39
615.3 935.99 1297.68 3609.0 2098.5 1157.31
366.29 580.49 607.79 4115.87 1620.94 1128.5
582.58 880.52 1130.92 3780.34 1920.64 1188.06
610.78 914.16 1053.79 3524.95 2182.26 1747.37
144.58 317.22 118.64 4203.6 955.9 381.25
588.94 968.74 891.27 4217.91 2108.44 1564.49
712.16 1000.29 1227.9 2247.53 2182.47 1918.71
98.35 251.2 106.22 4558.71 1061.13 414.01
294.86 547.47 582.56 4366.49 1757.47 896.3
138.1 335.14 114.26 4963.81 1063.25 407.19
791.45 1108.04 1345.82 2331.24 2287.95 2077.1
126.4 328.71 96.51 4018.79 866.52 340.36
851.28 1232.94 1476.63 3424.47 2755.42 2370.05
184.51 325.36 162.49 2921.05 638.29 267.48
758.8 1086.98 1339.46 3230.65 2562.75 2176.34
577.04 887.77 1069.3 3877.59 2080.52 1400.18
129.51 180.19 121.78 1144.43 301.5 160.45
730.61 1018.79 1285.26 2041.75 2259.07 2016.41
206.06 334.89 307.76 2592.98 818.38 445.95
590.23 920.07 1114.55 4286.86 1940.96 1019.94
327.79 469.41 513.5 1813.13 1033.26 835.21
435.69 712.16 868.79 3750.22 1613.35 909.47
625.08 944.53 1110.0 3359.48 2315.82 1853.72
357.39 620.48 654.09 3627.15 1552.96 853.91
459.08 815.16 655.48 5303.42 1807.53 932.57
249.25 487.92 364.03 4911.07 1356.51 588.84
258.5 505.16 246.2 5040.64 1116.4 437.82
286.52 480.82 533.25 4507.92 1387.59 670.94
103.68 181.57 87.52 2151.8 480.67 224.76
478.27 707.18 892.08 2523.99 1345.45 782.93
102.21 125.21 97.79 635.35 198.65 130.79
137.62 332.64 113.86 4915.15 1053.33 403.92
200.38 358.22 236.34 3334.89 946.24 503.06
970.71 1372.61 1714.65 2907.73 2989.45 2693.54
874.99 1270.02 1638.01 3281.33 2737.22 2103.9
219.8 416.03 393.27 4417.16 1111.93 538.42
487.95 752.68 777.96 3659.94 1754.06 1322.88
294.55 413.15 458.15 1600.13 917.06 727.75
288.85 469.89 444.6 3598.19 1246.51 824.17
185.6 370.92 285.77 4726.45 1191.82 536.93
493.23 701.87 984.06 2008.98 1407.07 827.76
134.51 244.62 182.15 2957.29 834.1 410.93
322.95 485.15 496.57 2231.75 1083.6 829.52
269.71 498.14 351.2 4554.71 1361.96 751.74
132.51 263.21 180.54 3588.47 976.55 460.74
864.33 1229.02 1529.22 3071.83 2798.49 2441.51
128.78 311.78 156.25 4029.38 1063.51 440.92
98.63 303.95 177.37 4294.15 1186.88 481.16
445.77 707.3 892.3 3216.43 1535.17 871.64
526.95 737.99 931.93 1804.39 1516.22 1212.83
336.37 554.58 652.09 4402.63 1562.16 831.92
445.52 739.85 617.66 4663.69 1613.06 1019.18
219.92 519.05 138.35 4598.92 1067.06 454.64
230.16 419.99 422.63 4672.54 1433.8 721.33
150.5 348.7 170.03 4911.28 1101.91 466.34
1092.14 1533.76 1911.93 3100.44 3258.25 2989.34
538.36 767.49 916.14 2360.43 1686.7 1456.14
565.81 864.67 1097.47 3370.48 1823.58 1092.17
92.64 127.27 92.59 1185.33 325.26 163.44
95.11 115.33 97.33 549.02 201.36 129.78
169.67 271.28 157.7 1823.05 462.22 234.94
100.95 121.1 96.77 630.81 198.48 132.28
569.59 849.87 1177.85 3806.6 1949.32 1070.82
891.55 1317.93 1941.17 3309.96 3252.31 2076.0
83.33 216.72 77.47 4145.66 931.94 342.91
180.71 376.63 265.09 4267.15 1311.7 657.12
576.9 884.78 986.42 3631.45 2196.23 1699.32
500.1 775.08 1029.34 3995.46 2006.1 1147.97
93.51 124.08 93.46 1058.33 298.9 156.02
918.99 1336.34 1943.63 3377.09 3575.61 2349.05
441.35 748.21 914.07 4420.92 2312.43 1213.97
120.06 257.78 153.78 4548.18 1050.86 481.48
92.88 135.45 86.69 1459.24 298.87 154.68
334.43 669.44 322.22 5748.81 1304.77 521.18
703.36 1049.9 1418.13 3763.36 2055.0 1214.22
219.37 432.55 281.5 4717.92 1261.02 692.76
302.46 508.12 479.42 4175.89 1342.7 902.29
620.82 902.71 1052.98 2892.78 2009.91 1698.82
532.92 837.95 1075.09 4254.66 1950.52 1048.7
57.46 249.36 81.73 4334.64 1064.28 389.14
702.16 1077.82 1167.25 3972.0 2375.11 1932.41
143.69 242.98 146.84 2303.71 611.56 305.94
670.01 946.3 1203.52 2181.87 2045.0 1688.23
723.49 1065.75 1496.53 3655.21 2260.8 1283.75
163.93 320.32 252.47 3986.66 1120.52 520.75
776.27 1174.09 1271.55 4063.74 2466.21 1964.93
401.51 687.89 533.25 4751.82 1502.08 870.43
767.34 1138.0 1668.59 3614.72 2462.41 1379.57
308.96 640.64 250.36 5849.45 1244.46 475.32
73.95 191.99 89.52 2703.46 693.26 276.56
361.05 526.36 579.29 2298.8 1237.62 960.36
81.11 194.07 64.67 3707.18 627.76 245.12
887.62 1298.96 1849.55 3296.5 2756.44 1687.26
150.12 344.24 120.96 4714.18 1062.39 416.24
923.75 1315.61 1694.43 2928.14 3063.81 2589.93
660.2 1018.27 1338.49 3665.84 1808.12 1020.09
800.53 1121.87 1401.08 2225.01 2459.87 2200.7
183.71 457.17 218.94 5026.41 1192.14 492.5
261.65 455.33 363.87 3779.38 1207.24 716.47
776.06 1144.35 1652.55 3694.27 2466.13 1414.08
79.61 201.51 61.88 3992.52 669.51 256.6
286.28 492.83 532.6 3099.84 1311.98 736.17
562.59 894.82 1119.69 3982.04 2131.26 1189.12
108.86 288.7 128.92 4735.74 1110.44 424.12
185.4 369.35 313.88 4492.17 1123.85 544.23
780.44 1159.01 1293.23 3887.65 2490.19 2045.58
1102.47 1544.06 1966.49 2784.58 3328.7 3064.76
537.25 818.69 903.05 3915.26 2034.07 1550.49
517.1 849.17 1057.78 4037.42 1852.14 1042.03
850.15 1247.02 1803.04 3514.4 3386.57 2170.55
375.4 563.21 547.42 2291.69 1140.06 856.88
421.08 655.71 842.28 2786.35 1412.85 814.43
297.9 407.26 550.93 1126.86 1003.68 658.76
386.79 624.64 776.19 3862.85 1856.06 1021.43
160.46 334.51 102.37 2762.25 643.63 279.69
572.54 805.54 1014.99 1840.41 1776.38 1513.84
292.69 558.24 552.31 4637.25 1824.74 886.26
502.85 821.82 917.12 4106.42 1656.01 892.63
392.95 679.62 594.02 4792.6 1485.65 717.73
220.44 567.17 104.73 5403.46 1182.97 457.97
249.75 484.82 429.89 4003.8 1488.92 886.29
262.46 475.48 360.08 4328.99 1267.87 746.77
695.48 1030.46 1184.03 3633.36 2421.74 1957.92
488.84 792.95 706.36 4541.05 1726.03 1153.56
262.6 533.61 220.23 5527.95 1135.73 422.25
521.75 833.69 898.7 4076.39 1669.95 918.58
754.47 1098.28 1583.16 3554.17 2312.36 1327.73
532.21 854.87 925.28 4144.85 2113.81 1508.16
284.35 409.73 505.09 1455.52 694.22 412.28
113.79 257.32 86.21 3441.35 715.69 292.17
280.11 486.29 369.87 2729.64 1033.99 610.98
95.2 146.62 95.62 1403.76 398.5 190.55
210.58 394.88 181.76 3791.36 804.36 319.15
348.28 590.72 722.75 4468.02 1627.79 867.07
293.54 494.57 462.01 4111.77 1354.48 847.09
257.87 448.6 469.57 3998.46 1170.68 607.34
301.44 424.07 567.17 1415.06 867.11 508.64
345.76 625.52 448.52 5075.66 1311.15 567.34
257.01 518.7 216.09 5341.33 1100.12 411.17
130.96 296.29 144.4 4795.15 1004.55 435.37
885.91 1287.9 1955.22 3310.93 2713.26 1550.86
175.61 310.79 260.85 3473.72 985.77 568.83
87.68 283.63 142.66 4219.96 1127.31 453.71
192.11 307.55 205.87 2267.55 611.75 320.38
139.64 286.26 208.87 4534.75 1052.55 439.38
114.35 229.81 92.82 3056.28 630.98 265.69
663.7 976.37 1331.12 2905.13 1990.58 1240.38
850.78 1246.72 1479.32 3406.69 2748.6 2374.3
352.76 538.07 684.2 2877.49 1392.32 828.18
148.86 338.09 120.43 4597.95 1038.15 408.27
92.65 219.53 130.7 4098.93 897.49 360.92
103.23 129.21 98.39 765.24 219.48 137.28
463.03 735.82 915.19 3975.15 1853.22 996.28
146.71 183.05 197.71 678.52 336.96 247.67
854.66 1229.24 1731.01 3319.57 2601.67 1732.65
120.99 281.85 97.22 3215.77 709.45 291.11
120.26 283.24 89.87 4273.14 849.54 333.89
518.51 778.96 909.23 3592.58 1986.82 1536.08
205.98 371.2 307.07 4445.58 1241.7 699.89
762.54 1134.63 1235.65 3993.59 2396.42 1950.14
143.98 283.76 194.09 4331.75 1059.06 524.66
203.94 391.14 280.12 4675.73 1179.82 633.37
716.26 1114.47 1150.35 4429.28 2200.22 1616.57
347.89 581.69 508.9 4006.12 1478.38 954.42
636.91 955.22 1084.73 3772.15 2286.01 1835.04
179.5 387.4 191.87 4884.95 1158.37 518.76
58.5 230.06 77.37 3908.58 959.76 352.58
1133.38 1587.86 1986.62 3037.84 3352.1 3095.89
821.62 1134.09 1416.69 1978.18 2334.39 2178.64
171.48 325.96 244.92 4497.99 1163.41 610.14
522.4 783.55 1124.02 2925.58 1755.2 955.74
980.23 1363.61 1706.59 2474.89 2844.63 2642.65
1068.35 1503.44 1886.55 3131.13 3201.0 2890.15
98.15 122.95 94.14 873.3 228.96 135.47
192.61 464.18 208.65 5003.78 1222.86 570.15
278.85 404.93 439.71 1810.71 841.06 588.72
88.49 216.87 99.04 4603.22 969.85 385.47
1019.6 1446.23 1790.26 3089.43 3111.55 2796.59
922.03 1358.0 2087.3 3676.54 3880.54 2270.02
252.59 506.91 212.82 5193.72 1071.95 402.4
456.44 625.48 762.43 1420.27 1311.77 1173.33
314.58 566.96 502.97 4369.29 1473.06 845.21
402.88 671.43 788.25 4306.49 1950.56 1024.37
1153.47 1614.33 2022.41 3018.71 3397.97 3147.62
447.74 731.45 816.19 4293.24 1788.17 1045.15
120.98 229.77 107.73 2785.88 631.76 269.52
280.1 396.71 438.81 1912.39 953.73 731.86
924.05 1364.62 2015.2 3338.58 3358.4 2149.34
242.57 381.78 425.47 2393.03 886.38 462.81
484.06 662.25 816.75 1390.2 1397.95 1256.72
952.05 1425.17 2127.58 3173.98 2817.62 1775.75
214.78 399.97 368.8 4359.51 1219.29 616.62
128.67 290.62 172.46 4510.99 1125.72 468.13
791.33 1179.65 1688.07 3485.54 3251.88 2058.61
108.87 216.88 116.39 3263.03 633.76 298.75
249.75 520.07 256.99 3935.15 1007.92 444.66
954.59 1375.48 2055.03 3368.72 3191.91 1884.25
758.72 1123.21 1279.07 3709.84 2468.77 2084.5
802.84 1197.49 1657.63 3495.39 2617.13 1566.2
425.01 646.18 832.81 3458.93 1698.65 978.32
482.98 727.24 740.98 2414.81 1472.96 1204.85
704.32 1011.48 1484.6 2735.19 2351.77 1383.29
378.11 558.94 619.86 2376.55 1320.82 1024.23
333.87 531.09 528.65 2861.66 1339.89 951.78
885.03 1260.41 1569.06 3119.48 2820.33 2496.36
82.66 164.27 82.54 2658.1 630.94 249.53
408.83 682.91 705.2 4424.57 1612.17 978.92
1039.12 1466.87 1813.39 3181.11 3109.96 2839.9
80.73 206.89 80.24 4635.69 956.69 376.31
455.03 720.7 769.13 3955.88 1894.08 1357.79
605.72 902.52 1175.29 3314.33 1749.83 1071.33
264.96 518.72 252.16 5168.91 1142.19 453.21
685.98 994.12 1199.81 3492.79 2396.41 1983.47
61.57 220.45 79.04 3627.28 896.26 333.92
294.46 499.35 566.91 4182.67 1565.94 868.65
101.03 232.95 119.57 3311.74 865.35 344.86
629.98 915.27 1072.06 2551.15 1990.36 1710.36
246.51 484.0 381.81 4568.29 1277.27 609.29
716.46 1132.9 1540.29 3936.19 2911.15 1811.95
678.23 1004.01 1198.5 3832.99 2214.07 1721.85
127.66 339.61 96.34 4205.43 903.03 351.81
154.45 337.23 220.93 4153.6 1202.5 553.54
411.85 686.9 638.73 4487.77 1707.76 1085.49
133.71 294.62 116.77 4049.0 889.7 357.38
798.54 1182.14 1641.05 3341.59 2897.12 1829.27
114.22 228.62 92.89 3029.09 626.1 264.16
539.16 852.47 953.51 3746.09 2113.96 1585.11
135.86 343.73 235.38 4125.6 1229.42 571.73
533.98 842.82 999.36 3721.06 2118.28 1424.52
278.8 512.78 378.17 4695.83 1386.56 786.15
158.07 308.04 223.42 4492.42 1137.01 580.44
144.96 311.23 218.76 4454.18 1170.75 476.52
400.85 689.56 806.37 3949.76 1688.52 900.16
899.8 1303.83 1621.14 3501.83 2850.07 2278.92
270.31 512.6 269.75 4841.33 1120.86 484.31
512.88 791.61 1105.98 3107.23 1749.87 1028.54
119.36 267.7 97.44 2973.33 662.02 276.24
215.61 368.54 309.26 2735.03 1012.43 620.73
384.09 598.29 620.46 3566.98 1484.41 1082.47
932.86 1374.57 2035.92 3202.25 3211.44 2058.43
199.99 417.98 275.45 5006.47 1204.62 533.12
270.29 452.1 319.09 3301.7 940.92 520.02
697.52 1007.12 1225.49 3078.99 2310.38 1903.96
116.98 218.93 102.32 2671.65 574.83 257.1
644.91 963.37 1364.49 3728.7 2392.23 1346.43
589.74 922.23 1247.45 3621.08 2204.35 1322.55
102.68 110.39 100.11 217.93 124.08 107.96
615.49 917.09 1064.39 3644.57 2231.22 1779.87
97.63 129.45 92.48 1092.26 265.48 145.51
574.54 877.91 946.79 3916.33 2009.35 1564.58
102.37 114.63 100.87 402.89 159.97 119.12
923.92 1342.77 1976.03 3337.43 3632.4 2355.58
202.6 341.93 343.91 2634.95 1055.39 548.11
677.19 1076.76 1321.71 4017.22 2309.14 1377.07
107.46 164.6 99.01 1206.83 316.5 167.89
233.32 323.18 340.68 1214.97 673.4 534.5
78.76 162.68 71.91 3219.35 668.59 268.52
89.21 234.22 65.74 4622.02 854.14 307.42
619.63 887.95 1284.17 2419.62 2034.85 1200.44
902.4 1303.19 1548.49 3459.0 2805.48 2469.48
232.69 409.75 417.28 3353.49 1236.15 585.94
146.78 357.83 148.5 4788.11 1069.39 436.16
311.59 467.51 429.2 2253.1 924.99 661.8
119.33 276.39 149.01 4577.09 862.24 355.18
321.84 558.7 385.4 4176.67 1171.14 644.65
172.5 329.9 240.34 4709.85 1189.5 621.48
77.87 210.19 58.62 4325.07 718.17 269.98
531.18 821.84 1034.34 3855.03 1766.68 960.31
953.11 1352.55 1685.95 3103.36 2973.12 2660.68
238.32 369.91 355.44 2365.98 847.01 531.78
156.65 319.73 102.23 2594.46 609.37 268.37
262.1 616.94 190.36 5343.59 1297.75 583.0
232.67 338.16 413.4 1776.59 844.48 459.74
254.0 482.69 347.56 4830.85 1390.6 802.47
190.19 364.42 269.08 4408.06 1055.96 594.91
282.71 533.22 441.9 3980.09 1190.53 568.54
95.42 132.03 93.82 1210.13 328.28 166.65
551.35 851.98 992.77 3884.06 1989.76 1373.69
519.24 809.19 1081.07 4038.5 2201.87 1294.51
565.52 918.05 1009.04 4298.84 2265.84 1514.77
80.83 209.22 87.02 4042.3 938.01 351.2
549.28 827.2 1163.71 3005.0 1792.62 983.88
556.13 883.99 963.94 4077.51 1630.78 879.11
566.62 925.09 1147.75 4087.41 2239.1 1304.02
146.33 334.61 228.25 4282.6 1244.3 525.44
129.55 274.33 160.08 4811.66 1088.55 507.55
162.57 342.71 102.46 2855.37 662.65 285.98
305.81 561.09 572.05 3991.11 1591.7 900.72
371.33 643.06 642.82 4636.27 1783.72 933.87
805.84 1194.31 1655.64 3597.58 3003.99 1939.5
171.94 227.95 227.12 948.55 447.51 343.35
669.28 1007.87 1266.42 3645.87 2296.75 1591.99
308.24 569.38 572.12 4303.06 1693.92 872.57
505.76 794.26 811.76 4172.36 1902.34 1437.44
985.49 1428.72 1929.61 3136.85 2593.5 1929.47
119.63 265.94 153.03 4305.27 820.2 336.56
870.6 1251.31 1536.28 3241.22 2812.98 2451.11
99.68 103.94 98.99 232.73 122.14 106.09
743.43 1100.33 1583.56 3496.85 2495.22 1554.44
470.17 676.97 753.58 2238.38 1451.79 1176.64
569.57 902.76 1094.65 4053.26 1989.37 1161.13
860.59 1251.12 1730.64 3154.0 2260.2 1376.13
493.22 740.69 853.82 2675.61 1755.44 1410.08
76.05 170.69 68.33 3617.75 741.21 290.04
493.45 720.3 1059.05 2149.82 2002.49 1171.43
334.29 701.54 418.49 5207.98 1625.05 749.98
821.67 1208.4 1706.78 3405.65 2623.3 1585.0
306.46 495.35 585.47 2532.03 1142.39 633.3
181.17 316.44 160.01 2809.46 617.0 260.86
790.25 1152.81 1390.33 3376.65 2668.1 2256.43
462.15 705.0 806.38 2942.02 1649.38 1194.95
900.37 1347.27 1976.55 3251.38 2717.82 1753.51
93.53 123.99 93.48 1054.89 298.19 155.82
468.61 719.58 801.2 3671.75 1871.52 1390.12
180.01 317.41 159.04 2931.54 646.28 263.88
735.25 1058.04 1301.02 3194.97 2498.25 2117.45
471.08 802.89 893.62 4402.29 2172.11 1236.69
86.25 218.8 82.89 4920.88 994.53 389.86
584.01 897.81 991.78 3917.5 2210.22 1697.88
72.98 200.18 72.78 4087.58 927.63 333.09
103.89 186.18 86.82 2267.62 502.16 231.8
88.98 234.97 78.83 4621.37 795.43 316.57
112.14 159.16 105.08 1217.57 333.09 176.59
284.39 537.71 456.8 3997.14 1282.93 626.15
124.29 310.37 96.79 3704.48 805.04 321.08
364.33 694.29 435.12 5287.45 1345.41 588.66
1166.22 1631.99 2044.83 2999.98 3423.93 3177.64
832.45 1218.69 1401.61 3450.71 2514.55 2101.2
954.5 1347.07 1769.2 2922.75 2898.55 2426.72
119.0 271.9 90.5 4014.76 803.14 319.41
146.73 315.93 222.38 4545.87 996.7 451.65
115.84 141.43 131.23 630.08 247.43 166.58
751.85 1162.92 1707.74 3773.66 2614.02 1606.56
455.57 724.99 713.29 4107.62 1714.87 1255.25
94.1 194.74 92.6 2801.06 655.56 262.53
547.25 792.3 959.0 2045.9 1598.43 1247.04
570.54 885.49 1007.46 3570.71 2179.48 1704.9
308.67 467.65 491.74 2647.36 1197.19 854.98
499.99 853.06 668.28 5017.69 1760.85 1117.22
334.93 475.76 668.65 1127.56 934.07 612.26
130.72 208.59 183.91 2345.28 640.24 305.65
77.1 210.41 81.51 4223.32 969.37 354.48
336.47 504.51 582.35 2209.01 1146.59 781.27
1085.77 1544.2 1865.91 3328.59 3211.06 2904.96
94.63 115.84 92.9 888.39 243.71 142.59
477.94 670.86 786.67 1973.56 1424.59 1235.25
895.53 1243.88 1590.62 2242.83 2744.73 2487.48
362.45 648.31 523.35 4879.05 1412.53 674.75
346.21 650.38 603.99 4624.6 1577.9 803.55
452.03 767.6 769.45 4666.22 1612.88 806.69
815.16 1170.39 1410.31 3520.88 2627.95 2273.74
611.84 903.02 1163.37 2603.49 1849.71 1324.0
830.1 1221.95 1752.65 3418.96 3090.96 1963.31
827.64 1237.79 1558.91 3496.78 2534.96 1887.51
91.96 199.95 74.49 3467.48 661.6 254.47
167.74 383.76 150.27 5128.25 1184.99 477.29
244.93 531.25 330.26 4916.12 1345.9 677.73
912.15 1364.05 1967.89 3293.57 2745.31 1810.44
376.53 671.42 457.55 5184.91 1449.49 785.3
227.34 418.69 355.55 3774.45 1273.67 692.51
300.95 557.12 525.25 4657.64 1469.53 725.48
369.69 527.52 742.29 1332.58 1262.32 833.84
272.36 458.19 394.88 3517.84 1205.77 781.68
218.63 377.95 310.72 3671.11 1046.19 621.93
776.37 1161.12 1263.38 4140.03 2423.78 1948.3
127.57 232.94 163.37 3353.92 831.44 415.22
854.09 1255.39 1826.92 3398.05 2892.43 1805.1
438.56 721.28 917.08 4111.74 2101.33 1194.89
146.86 224.97 134.65 1664.35 398.5 192.87
80.96 178.38 89.45 3326.28 715.37 305.31
126.01 304.18 98.47 4625.92 924.97 361.37
804.64 1160.99 1404.89 3257.92 2663.09 2265.12
673.56 1002.8 1152.01 3518.32 2329.14 1906.39
797.87 1135.94 1400.34 2969.46 2463.92 2109.4
865.25 1252.26 1773.09 3456.52 2555.68 1561.9
816.87 1192.67 1531.88 3559.58 2736.51 2066.41
182.8 317.16 155.41 2441.45 558.47 247.95
375.72 596.51 636.77 3914.8 1623.14 1161.1
414.1 669.28 826.02 4061.03 1958.02 1085.1
934.8 1325.2 1662.3 2907.7 3002.61 2647.23
453.6 736.16 959.36 4049.8 1815.29 914.22
454.74 725.5 901.84 4195.5 1990.99 1135.42
161.64 369.39 193.53 5091.77 1159.84 489.72
962.39 1378.62 2096.08 3255.99 2860.62 1693.99
322.78 512.88 548.74 3003.18 1098.5 577.76
375.83 577.67 588.05 2958.56 1362.9 1002.09
109.07 178.55 98.8 1445.95 363.27 182.55
1104.38 1555.07 1934.12 3089.7 3304.66 3024.62
107.07 249.72 153.08 4170.16 1028.89 392.35
84.13 226.09 70.35 4550.19 772.58 300.25
790.34 1204.55 1753.74 3514.96 2539.56 1537.97
380.83 624.21 588.53 4073.63 1566.09 1077.77
152.1 280.81 186.99 3453.14 824.94 423.09
564.94 883.0 901.05 4232.11 2008.95 1391.42
199.84 487.28 103.92 4496.47 997.76 396.75
176.18 394.03 228.63 4489.37 1297.14 638.51
1013.08 1419.18 1811.44 2709.6 3171.98 2852.45
197.07 312.93 280.65 2564.37 767.39 508.23
116.73 141.05 137.21 493.8 242.83 179.97
933.84 1327.14 1622.42 3412.68 2902.19 2580.75
240.26 422.28 446.13 4359.79 1327.46 652.86
193.38 235.59 275.14 396.91 419.53 383.57
668.4 990.21 1227.36 3613.95 2297.62 1702.98
385.21 717.16 422.53 5329.42 1421.97 738.36
462.92 746.26 891.92 4087.96 1824.06 1024.3
544.2 842.63 1088.35 3914.79 1802.57 989.91
86.54 139.73 82.2 2077.15 460.39 206.81
577.65 835.94 973.94 2663.41 1914.22 1580.26
100.4 104.59 99.6 197.42 117.95 105.6
579.59 828.11 1029.36 2619.94 1933.75 1571.52
99.8 103.23 99.75 192.2 118.96 105.55
482.65 801.31 774.91 4175.24 1908.74 1375.55
92.35 222.89 90.4 3603.49 820.61 310.82
214.07 402.59 300.73 4619.19 1210.21 664.21
845.66 1236.98 1802.18 3382.79 3163.34 2014.1
792.47 1215.7 1752.98 3665.96 3197.11 2022.93
447.16 720.43 908.21 3360.76 1661.33 950.85
519.97 746.5 956.47 2162.86 1599.14 1178.99
170.66 374.07 102.78 3211.31 735.33 310.0
129.5 355.55 96.1 4478.55 956.45 368.56
164.43 369.2 176.65 4910.57 1130.21 458.29
240.6 467.33 403.94 4423.06 1480.65 771.18
666.51 1004.54 1360.67 3663.64 2213.72 1304.55
782.72 1180.44 1631.47 3714.74 3175.29 2001.42
412.94 674.56 722.64 3514.31 1795.15 1286.77
535.42 840.06 865.04 4337.37 2010.11 1527.79
409.66 679.05 766.73 4403.4 1655.39 830.95
593.3 965.67 890.36 4744.53 1942.22 1297.61
922.14 1334.57 1978.3 3425.33 3105.6 1825.49
128.51 286.41 159.29 4550.74 894.14 409.7
151.83 327.25 206.16 4791.25 1072.42 458.04
492.27 709.51 1002.48 2092.48 1604.34 1006.84
734.34 1091.67 1547.15 3565.48 2794.36 1754.33
820.43 1225.84 1648.93 3617.08 2487.5 1537.8
572.08 842.04 1110.58 3173.46 1757.22 1154.29
759.46 1090.66 1359.6 3039.68 2529.55 2103.51
176.0 400.53 189.28 4162.08 1033.06 489.58
168.27 373.64 283.86 4563.07 1323.2 541.17
131.34 264.07 221.11 3781.55 932.01 399.54
426.12 774.48 528.93 5363.7 1539.9 797.03
257.42 428.1 442.47 2944.39 1117.13 618.79
666.04 994.29 1334.39 3220.32 2162.42 1280.62
306.57 599.33 298.48 5016.26 1158.26 477.62
99.08 104.84 98.49 314.15 138.58 112.15
397.98 624.15 730.68 3797.18 1533.29 970.34
643.62 964.24 1115.03 3685.58 2303.53 1849.33
243.81 374.54 415.93 1739.77 831.08 490.24
192.44 303.38 280.9 2016.62 678.48 384.35
782.44 1166.37 1586.6 3551.53 2360.33 1467.85
396.71 738.15 440.74 5466.05 1480.84 773.25
174.0 386.44 211.36 5063.04 1214.5 560.27
121.5 294.51 89.25 4529.8 895.64 348.27
205.9 357.87 287.19 3584.08 995.99 581.49
653.59 1020.83 1212.35 3992.14 2445.07 1678.79
504.02 863.42 668.5 5105.25 1754.78 1113.42
130.53 248.78 112.77 2910.8 686.25 292.64
76.41 169.62 68.8 3564.87 731.57 287.19
1177.04 1649.83 2109.6 2954.62 3448.79 3100.22
99.68 101.61 99.39 161.84 109.05 102.49
810.74 1128.78 1445.44 2209.72 2500.85 2218.03
1005.65 1430.86 1778.31 3030.89 3107.61 2798.82
487.51 761.71 835.12 3887.62 1966.02 1431.42
360.42 614.99 662.3 4207.16 1590.11 855.94
114.99 229.87 98.02 2325.15 535.24 236.48
794.38 1183.41 1288.02 4104.56 2481.43 2032.46
99.54 103.24 99.38 212.2 123.07 106.74
354.97 561.95 679.3 3550.56 1229.45 639.22
85.79 199.47 80.8 3547.57 808.95 307.0
147.93 299.71 193.77 3666.32 981.66 469.55
1024.07 1450.16 1784.11 3079.13 3095.99 2806.04
918.67 1316.65 1607.64 3256.21 2910.22 2556.17
414.17 626.32 677.5 2774.29 1436.54 956.14
77.69 182.72 77.53 3392.65 783.4 292.47
315.82 551.93 425.19 4312.19 1171.87 515.27
616.65 915.3 1062.8 3133.44 2190.87 1773.35
510.91 819.58 1025.73 3939.7 2368.7 1391.47
953.93 1345.72 1713.25 2825.58 2913.33 2577.2
198.04 473.0 240.79 5002.2 1217.18 514.71
546.22 831.94 1163.05 3987.48 1980.58 1057.28
760.69 1142.36 1595.7 3757.54 2661.99 1630.55
567.09 909.42 931.61 4095.1 2090.95 1596.65
159.77 335.92 224.36 4777.48 1066.14 448.53
129.44 304.04 114.08 4058.38 876.62 360.96
703.81 1037.78 1213.52 3587.18 2442.45 2015.44
270.84 452.47 507.79 3162.01 1226.02 599.2
197.19 474.16 252.39 4994.0 1220.63 515.0
265.69 498.9 506.99 4362.0 1516.5 706.04
970.92 1362.71 1732.24 2817.43 3066.14 2739.25
750.02 1098.3 1532.82 2474.63 2219.8 1598.45
615.73 866.68 1066.13 2218.02 1914.83 1685.01
93.27 119.85 91.1 1087.93 280.08 153.37
396.32 654.9 735.57 3951.6 1924.16 1162.74
89.65 172.46 86.01 2611.61 616.48 250.8
531.56 839.81 976.22 4136.92 1961.25 1183.48
603.95 865.22 1159.01 2077.84 1827.61 1428.69
1199.16 1676.07 2102.25 2960.2 3498.47 3258.93
203.36 350.17 323.47 2603.63 826.13 430.32
755.22 1095.54 1319.88 3413.67 2461.17 2123.45
890.27 1277.93 1645.31 3446.01 2943.37 2366.02
734.41 1068.72 1573.8 2421.36 2575.09 1666.18
299.75 449.68 486.54 2553.12 1139.47 844.0
660.78 919.18 1123.11 2029.42 1911.72 1740.99
388.9 595.9 735.14 3195.1 1257.91 689.15
245.38 474.12 328.86 4897.39 1364.66 775.8
456.99 711.51 919.57 3330.92 1771.57 1012.92
616.59 941.14 1263.94 3976.37 2106.65 1153.9
884.43 1285.13 1622.97 3382.45 2762.09 2198.23
505.9 773.51 855.63 3865.34 1838.3 1447.6
623.43 946.33 1353.31 3072.48 1985.03 1200.82
169.22 386.86 158.74 5127.61 1185.63 470.7
176.25 373.88 285.3 3697.99 1194.58 642.92
102.45 310.92 89.71 4818.32 1178.92 459.71
94.0 117.72 92.06 981.63 260.7 147.63
82.27 229.82 76.37 4567.4 1020.41 370.09
366.38 640.5 469.64 4844.25 1408.84 753.31
107.33 163.46 99.03 1187.29 312.68 166.69
776.3 1202.91 1632.19 4021.03 2999.91 1871.16
626.73 946.2 1049.07 3827.92 2260.75 1765.74
102.15 124.55 97.85 621.38 196.07 129.99
478.31 728.48 800.27 4032.19 1861.43 1403.48
76.43 169.58 68.82 3562.75 731.18 287.07
102.0 144.32 93.22 1214.87 306.84 167.79
1044.33 1457.91 1869.42 2642.63 3239.06 2933.84
874.91 1264.53 1603.47 3466.37 2740.65 2181.24
988.57 1411.58 1834.45 3207.55 2983.71 2468.38
79.03 194.7 90.17 3911.08 829.5 346.07
86.08 169.47 73.98 2762.47 489.61 207.16
375.92 598.38 643.0 2914.87 1517.05 1115.78
453.31 632.1 737.47 1531.95 1285.53 1139.31
347.23 474.53 626.78 1136.62 1112.64 812.12
56.29 237.0 76.16 4111.88 1005.66 366.06
717.56 1021.17 1241.41 2593.26 2241.62 1973.27
962.0 1398.0 2014.0 3173.0 2939.0 1816.0
69.0 191.5 59.0 4653.5 930.0 346.0
134.0 394.5 95.5 5146.0 1087.0 409.5
969.0 1403.0 2079.0 3181.0 3518.0 2279.0
155.0 368.0 123.0 5163.0 1156.0 447.0
89.8 263.8 87.2 4769.8 1060.5 381.0
971.0 1390.0 2115.5 3245.0 2879.5 1707.0
122.0 299.0 89.0 4632.0 914.0 354.0
72.0 203.8 71.8 4231.5 957.5 341.5
907.5 1325.5 2047.5 3151.5 2757.0 1579.5
948.0 1357.0 1978.0 3155.0 2462.0 1531.0
56.8 180.8 53.0 4412.8 873.5 325.0
119.5 322.5 80.5 4825.8 970.8 371.8
948.0 1376.0 2046.0 3146.0 2970.0 1921.0
911.0 1341.0 1922.0 3127.8 2196.5 1320.8
985.0 1493.5 2276.8 3372.5 3183.8 2033.8
76.2 218.5 55.5 4643.8 764.8 282.8
962.5 1390.0 1954.5 3151.5 2480.0 1527.0
959.5 1435.2 2145.2 3160.2 2832.8 1787.8
88.5 243.0 63.5 4918.0 903.5 321.0
978.0 1422.0 2105.0 3266.0 3199.0 2037.0
79.2 209.2 66.0 4931.0 970.2 374.0
222.2 574.0 104.8 5481.0 1198.8 463.2
992.0 1434.0 2127.0 3253.0 3849.0 2515.0
980.5 1432.2 2016.0 3245.2 2807.8 1800.2
966.0 1422.0 2112.0 3259.5 3477.0 2237.5
109.2 304.0 68.8 5231.2 1052.0 412.0
978.0 1434.0 2220.0 3640.0 4073.0 2397.0
81.5 229.5 75.0 4588.5 1023.0 369.5
937.0 1353.0 2081.0 3198.0 2826.0 1629.0
924.0 1316.0 1970.0 3207.0 2671.0 1584.0
102.5 315.2 89.5 4914.0 1200.8 467.0
980.0 1467.0 2194.0 3388.8 3736.5 2446.5
955.0 1376.0 2056.0 3368.0 3193.0 1885.0
977.5 1462.0 2197.0 3231.5 2940.0 1846.5
939.0 1381.8 2053.5 3176.2 3230.8 2074.0
265.0 540.0 222.0 5608.0 1151.0 427.0
83.0 265.0 84.5 4714.5 1156.5 420.5
245.0 494.0 207.0 5231.5 1090.0 397.0
304.0 635.0 236.5 5868.5 1229.5 464.5
138.0 335.0 114.0 4964.0 1063.0 407.0
53.8 244.8 74.8 4340.2 1057.2 381.2
1050.0 1465.0 1880.0 2630.0 3252.0 2949.0
1121.0 1568.0 2001.0 2751.0 3375.0 3115.0
1212.0 1691.0 2129.0 2918.5 3531.0 3299.0
100.0 100.0 100.0 100.0 100.0 100.0
