386.79 545.52 782.42 1121.1 1011.86 663.17
396.59 543.6 737.71 1149.33 918.42 590.71
917.85 1301.6 1765.06 2568.76 2985.16 2396.11
937.53 1346.48 1808.72 3150.58 2909.08 2264.95
480.51 661.53 963.54 1534.76 1287.25 785.29
937.79 1369.57 2013.66 3334.07 3102.2 1962.04
912.71 1390.15 2101.63 3453.45 3001.9 1899.25
876.31 1253.28 1816.17 2962.53 2270.67 1410.76
810.54 1165.1 1643.36 2587.28 2429.43 1592.1
940.3 1345.59 1960.96 3127.28 2440.56 1518.01
933.56 1331.18 1995.26 3037.48 2769.71 1726.03
296.5 391.03 554.7 809.52 727.06 462.54
484.56 781.18 708.39 3849.45 1581.11 1061.95
515.1 790.64 1075.01 3879.7 2057.01 1120.98
173.17 209.54 273.19 370.84 338.32 233.67
823.12 1202.39 1708.04 2752.26 2001.82 1254.74
1098.76 1555.82 2046.09 2852.61 3343.74 2938.23
285.17 572.87 353.83 4070.37 1172.5 531.89
346.88 528.45 580.79 2348.48 1016.89 552.29
316.94 575.38 494.15 4743.81 1404.54 679.63
492.13 754.54 912.89 3636.58 1963.99 1332.31
979.83 1434.79 2211.34 3614.29 4052.1 2411.05
988.14 1441.99 2091.65 3176.63 3455.69 2367.54
310.44 670.17 348.77 5199.16 1399.68 607.12
958.59 1387.75 2043.25 3121.82 2994.79 1994.1
807.19 1137.4 1509.49 2110.44 2313.81 1947.55
200.36 407.08 339.55 4560.61 1306.5 579.4
119.81 129.36 143.87 171.37 155.18 133.43
659.32 1032.52 1440.78 3782.88 2266.32 1321.22
461.55 719.39 955.6 3941.99 1918.73 1027.98
1027.14 1460.12 2118.64 3168.94 3031.27 2077.87
1008.59 1483.16 2132.8 3103.04 3208.55 2365.94
422.54 657.4 863.12 2586.83 1723.7 1056.15
1157.4 1625.13 2090.81 2969.49 3301.01 2911.23
915.24 1325.5 1899.12 2977.52 2779.19 1747.68
554.57 844.68 1082.35 3973.31 1782.74 994.52
673.32 1062.08 1174.11 4013.61 2273.29 1565.03
616.06 901.0 1333.26 1941.65 1770.22 1127.12
214.78 421.54 304.56 4455.11 1064.82 467.69
281.25 362.28 447.89 597.23 700.06 627.37
283.32 363.57 444.61 591.07 710.76 648.96
743.27 1165.9 1513.05 3887.48 2790.1 1705.72
822.46 1235.3 1596.77 3617.54 2188.34 1431.77
825.5 1254.33 1708.59 3809.8 2994.19 1866.78
954.12 1399.67 1919.62 3734.36 3520.91 2396.74
975.58 1409.85 2025.06 3307.38 3650.48 2518.1
1061.57 1538.61 2138.65 3062.49 3115.05 2398.7
915.8 1305.71 1939.12 3220.57 2664.31 1605.41
564.09 885.11 1212.69 3403.21 2395.65 1460.16
574.05 824.24 1203.76 1838.11 1868.96 1215.34
1036.05 1472.6 1976.08 2965.64 2895.34 2263.93
957.68 1368.51 1892.32 2977.08 3015.05 2311.47
720.72 1074.88 1409.16 3531.76 2372.93 1547.56
964.79 1412.07 1983.09 3263.76 2778.12 1776.14
1019.07 1502.59 2184.95 3176.02 3044.76 2103.97
1002.21 1442.14 2087.75 3253.59 3717.17 2544.59
369.86 654.71 536.91 4889.98 1503.39 715.74
644.28 959.79 1251.29 3087.23 1869.67 1141.79
80.98 224.82 65.74 4635.75 774.05 289.51
509.46 801.58 995.1 3991.02 1611.32 913.0
754.25 1080.99 1589.94 2419.6 2673.32 1740.51
155.22 183.09 226.72 298.34 286.88 218.58
961.4 1406.42 1973.6 3111.58 2961.68 2177.23
752.0 1062.18 1579.67 2558.47 2134.35 1274.24
341.36 534.26 575.28 2318.3 1043.85 572.73
946.77 1413.3 2105.89 3245.43 3584.63 2363.83
455.93 725.68 956.89 3906.51 2016.42 1164.58
454.41 624.91 920.11 1379.71 1230.99 753.89
443.7 625.93 872.16 1383.18 988.49 617.37
852.22 1230.16 1568.98 3193.47 2914.21 2346.8
937.55 1355.81 2000.59 3087.39 3388.98 2210.01
869.83 1247.01 1588.5 3118.01 2784.08 2299.96
903.74 1300.95 1960.93 3372.15 2735.51 1606.47
803.1 1151.63 1697.34 3096.88 2375.77 1392.21
676.03 959.67 1417.8 2301.72 2183.82 1302.59
1016.66 1434.53 1984.58 2992.51 3002.14 2304.14
804.4 1136.27 1575.66 2316.57 2674.7 2022.69
256.15 482.96 486.64 4558.21 1624.7 758.57
251.68 490.63 391.47 4569.87 1367.15 668.56
372.79 504.02 731.24 1084.99 970.52 603.3
886.09 1291.4 1940.15 3380.59 2699.09 1537.93
507.63 790.4 1054.49 3868.25 1805.35 1030.79
284.61 644.02 269.96 5298.11 1363.96 593.15
875.77 1234.76 1702.0 2584.86 2707.89 2013.93
860.91 1226.55 1856.75 2838.86 2529.36 1514.42
659.99 942.63 1385.08 2111.49 1995.26 1302.53
888.92 1293.49 1970.1 3035.42 2694.92 1612.32
455.56 753.99 921.77 4186.65 1892.15 982.96
140.28 162.57 195.84 243.4 228.06 179.09
878.37 1291.29 1870.35 3424.99 2933.04 1841.11
878.61 1308.24 1959.43 2876.29 2619.88 1651.96
454.38 640.98 923.33 1392.9 1481.91 974.69
458.07 718.44 944.23 3870.94 2036.8 1184.55
829.13 1245.06 1827.67 3026.12 2478.05 1548.01
476.49 675.19 976.61 1480.4 1504.9 985.8
1080.6 1520.06 2031.84 2884.05 3241.55 2735.78
301.46 548.89 569.31 4295.86 1430.9 658.04
584.86 796.87 1009.45 1393.4 1709.61 1552.71
570.86 835.29 1201.57 2418.1 1706.22 972.44
218.65 279.52 358.19 523.83 464.89 329.11
271.44 355.85 492.2 755.27 720.18 457.91
1065.31 1530.6 2118.86 3121.84 3498.8 2666.03
118.3 128.42 143.54 168.38 175.61 148.79
517.39 799.61 1059.83 4003.3 1983.86 1087.17
748.99 1077.24 1541.02 2413.61 2237.44 1391.95
318.84 427.61 617.95 910.0 812.74 499.77
784.8 1125.79 1642.0 2493.48 2398.91 1616.28
870.96 1277.85 1895.08 2926.73 2976.9 1913.92
864.32 1237.4 1522.88 3071.45 2794.8 2427.77
787.02 1130.13 1664.56 2535.78 2802.21 1822.68
946.02 1352.87 1775.31 3100.12 3123.63 2487.72
590.35 838.32 1219.77 1868.18 1830.76 1181.79
990.93 1434.76 2043.14 3072.66 3410.22 2448.67
327.68 475.46 644.4 1577.94 1178.38 750.98
773.64 1142.65 1585.51 3708.7 2713.74 1669.1
582.56 830.11 1150.06 1823.72 1584.0 1031.79
924.15 1344.73 1961.58 3351.54 3606.68 2351.39
875.62 1292.77 1840.56 3138.65 2130.23 1274.98
938.59 1374.09 2124.59 3480.47 3894.06 2294.01
953.47 1361.84 1876.81 2765.0 3093.39 2407.03
893.87 1267.32 1856.35 2962.94 2586.7 1657.71
977.28 1411.99 2074.75 3157.58 3510.21 2324.53
805.08 1165.57 1714.32 3260.88 2740.37 1602.13
781.87 1126.52 1648.71 3282.16 2325.01 1357.79
504.7 714.25 997.71 1420.22 1375.69 1002.16
914.12 1302.33 1669.18 2951.42 2712.72 2245.2
330.62 581.47 543.98 4540.56 1394.04 668.66
457.69 655.18 954.78 1376.47 1257.65 811.91
1199.0 1672.99 2109.36 2894.67 3501.08 3260.05
681.67 938.35 1201.06 1668.95 2026.84 1821.45
231.71 317.64 416.65 1029.37 786.32 474.46
954.24 1401.47 2159.65 3658.23 3980.61 2343.04
366.34 504.21 742.35 1106.49 976.37 587.99
567.8 865.21 1185.28 3222.99 2259.68 1477.05
965.18 1375.19 1961.5 3066.6 2595.03 1769.77
1004.4 1437.05 1966.79 3045.63 2716.58 1946.76
248.73 320.46 429.37 635.8 514.26 350.97
202.38 253.51 333.16 462.99 502.7 356.72
223.68 281.37 345.66 456.81 519.32 448.22
1044.45 1483.32 1833.3 3214.07 3175.69 2845.35
663.24 948.13 1350.64 2107.94 1955.04 1221.26
915.65 1337.12 1958.92 3280.73 3020.92 1910.75
890.02 1362.81 1991.01 3412.46 2905.11 1870.81
593.59 896.51 1148.75 3710.48 2032.65 1405.6
1186.98 1661.34 2123.85 2945.53 3529.66 3193.96
740.63 1129.23 1609.61 3408.51 2903.39 1848.05
637.63 935.19 1379.3 2014.2 1809.41 1155.75
961.17 1396.03 2008.35 3159.78 2935.35 1824.53
1102.83 1544.76 1998.14 2793.06 3310.06 2973.78
346.19 573.89 584.43 2592.09 1126.21 643.99
210.67 339.46 295.05 1737.35 636.8 337.29
957.41 1432.71 2149.13 3216.25 2884.02 1809.31
514.98 712.4 1041.77 1664.75 1394.81 847.37
445.38 766.95 708.33 5003.69 1749.52 892.87
667.5 1015.58 1343.52 3759.62 2264.92 1324.0
703.32 1002.28 1471.0 2232.59 2635.71 1733.43
779.09 1104.8 1514.11 2276.84 2287.3 1661.8
1041.3 1470.8 1990.4 2937.11 2954.41 2385.29
995.46 1398.93 1812.25 2513.17 2912.12 2590.69
207.77 311.21 337.42 1678.24 745.98 438.56
883.26 1265.76 1729.65 3069.6 2765.64 2071.24
745.53 1091.09 1385.72 3410.03 2429.72 1880.21
646.75 934.64 1370.27 2094.74 2232.06 1449.51
860.04 1227.59 1757.0 2713.53 3141.57 2214.47
175.81 340.29 275.01 4750.31 1167.16 526.87
892.14 1311.96 1876.13 3064.53 2156.97 1305.91
710.72 1044.16 1522.08 3651.43 2316.96 1314.27
524.03 801.16 1074.09 3518.07 2014.66 1100.64
288.02 432.42 554.26 2165.32 1089.25 642.89
499.73 725.2 890.71 2583.0 1756.7 1386.38
969.12 1472.2 2239.25 3389.0 3147.53 2005.62
403.99 625.71 786.3 3081.18 1662.74 1006.69
301.85 399.21 547.03 827.2 662.24 440.63
925.32 1350.94 1985.34 3218.97 2914.65 1875.45
760.62 1094.69 1608.59 2482.15 2431.74 1557.43
211.38 266.58 339.48 494.06 407.34 284.28
1039.58 1522.63 2179.0 3148.63 3096.47 2231.05
325.67 450.56 636.99 943.39 1032.56 701.74
928.5 1387.2 2069.8 3210.19 3524.83 2311.72
417.25 569.74 820.07 1343.3 1097.37 673.65
476.65 658.31 934.13 1456.91 1149.11 735.59
937.74 1400.29 2101.99 3089.63 2811.33 1767.37
278.3 511.31 539.79 4507.96 1695.13 807.41
509.75 848.33 988.08 4261.75 2180.95 1250.78
789.59 1175.7 1679.81 3010.78 2838.88 1807.01
723.66 1002.97 1324.77 1879.28 2162.29 1836.68
494.55 780.01 955.93 4166.98 1792.43 940.92
679.61 961.13 1418.13 2132.3 1994.35 1286.41
144.38 241.54 206.18 2420.56 713.32 333.79
741.63 1124.54 1547.36 3646.75 2416.11 1599.85
713.27 1019.55 1496.62 2274.32 2512.15 1637.76
638.87 919.12 1331.02 2246.57 2045.08 1301.95
697.53 983.48 1405.34 2211.35 2216.98 1483.11
764.29 1122.29 1576.18 3128.19 2393.8 1455.23
656.49 941.98 1310.95 2087.83 1811.39 1174.56
866.71 1251.23 1799.48 3289.48 2327.01 1422.04
560.21 834.54 1215.62 2977.77 2408.01 1375.21
211.86 273.48 353.67 782.51 505.44 329.63
828.77 1228.02 1794.93 3206.92 3039.73 1929.77
966.51 1435.87 2086.42 3369.38 3580.55 2454.64
817.06 1247.27 1819.34 3459.98 3240.12 2074.35
974.96 1399.09 2049.39 3293.8 3214.89 2032.92
523.57 852.54 943.02 4469.59 2012.25 1108.1
938.82 1373.59 1969.99 3164.18 3174.7 2173.87
898.04 1355.33 1999.85 3395.48 2762.35 1710.26
1046.54 1497.86 2054.32 2995.28 3424.0 2693.46
551.02 790.16 1113.28 1783.86 1265.94 778.93
1000.94 1451.96 2013.82 3173.29 2890.33 1991.52
757.56 1091.09 1647.36 2707.98 2261.22 1302.43
883.37 1294.23 1897.96 3573.24 3525.02 2246.07
374.35 649.98 701.1 4621.03 1802.45 976.93
370.59 643.08 719.21 4269.19 1567.83 837.88
853.15 1238.2 1551.08 3410.45 2632.36 2119.48
272.38 363.35 501.35 732.02 743.23 505.57
965.2 1390.02 1996.83 3030.88 3093.54 2148.56
912.35 1314.85 1895.56 3242.19 2401.79 1481.89
1185.46 1661.98 2127.17 2955.28 3525.18 3184.5
850.01 1263.71 1878.35 2758.69 2483.6 1583.18
272.59 513.14 449.74 4865.07 1569.68 801.23
187.6 350.59 310.61 4454.13 1135.74 502.76
723.81 1076.27 1554.1 3081.78 2540.84 1603.52
262.31 456.68 501.44 4353.08 1478.9 753.64
130.33 299.01 161.38 4832.33 1017.97 407.23
666.04 946.53 1386.29 2100.83 2479.04 1632.51
685.29 1033.91 1374.48 3934.53 2492.8 1465.93
1046.82 1461.98 1889.49 2654.78 3236.99 2898.96
303.25 539.6 431.67 3206.26 1075.41 534.12
919.66 1320.61 1905.05 3163.88 2416.91 1518.79
765.64 1147.21 1624.02 3527.32 2588.42 1607.4
1099.27 1541.49 1998.11 2801.76 3260.3 2915.99
251.8 332.28 441.03 666.73 492.41 328.5
349.51 562.5 686.75 4258.55 1518.11 767.76
1066.05 1498.38 1937.76 2723.81 3135.5 2805.67
441.98 611.95 909.39 1365.78 1213.79 724.72
1092.9 1533.73 1997.26 2816.62 3226.71 2857.72
144.32 299.89 219.81 4800.01 1107.99 478.59
154.73 226.74 233.22 1638.16 540.73 298.38
968.32 1375.43 1935.34 2986.65 2655.54 1902.52
788.53 1169.61 1738.38 2551.48 2289.2 1452.07
914.82 1297.13 1749.38 2530.68 2822.68 2274.92
976.17 1405.35 1958.51 3116.96 2557.18 1663.95
735.41 1081.12 1485.97 3603.97 2101.49 1290.8
565.6 870.12 1135.71 3450.27 2029.75 1217.61
962.29 1389.88 2001.28 3230.71 3635.66 2484.67
1045.47 1462.86 1888.86 2670.1 3223.05 2874.12
800.44 1188.08 1766.74 2717.75 2994.51 1967.72
1041.71 1456.88 1889.75 2660.36 3223.19 2869.28
569.19 876.65 1161.34 4032.17 2470.59 1488.27
973.8 1475.87 2249.26 3331.1 3144.78 2009.33
296.1 548.7 462.8 4837.77 1506.26 719.59
996.64 1408.5 1931.27 2904.65 2838.72 2207.2
1004.12 1419.52 1961.62 2860.64 3079.02 2413.0
1005.82 1457.48 2071.98 3113.12 3304.28 2373.84
928.85 1345.54 1991.88 3054.77 2903.58 1900.44
807.44 1220.93 1523.09 3644.97 2622.01 1883.74
1179.96 1654.17 2125.71 2966.08 3485.54 3126.22
1058.16 1492.71 1862.88 3148.12 3197.6 2874.95
815.77 1210.76 1798.16 2763.9 3048.82 2011.39
929.15 1351.4 1999.73 3183.37 2927.89 1892.82
990.22 1423.35 1972.37 3126.44 2599.1 1729.55
951.59 1373.56 2035.16 3110.15 3679.15 2405.59
1021.08 1513.26 2203.63 3207.62 3234.52 2320.63
591.17 871.16 1108.07 2639.83 1545.39 916.93
594.93 879.06 1180.54 2435.81 1438.12 850.61
902.91 1268.38 1694.17 2411.53 2916.02 2411.62
747.49 1121.55 1505.96 3682.17 2310.35 1413.8
347.77 643.78 453.94 5379.55 1490.2 655.69
949.27 1350.67 1916.86 2995.68 3027.45 2087.76
589.77 848.26 1240.37 1895.75 1927.63 1252.34
496.78 805.37 904.53 4143.92 1992.07 1277.06
416.5 659.44 855.14 3994.39 1802.39 949.73
503.19 741.31 1035.18 2352.26 1808.64 1135.27
344.39 496.73 599.59 1685.51 935.59 574.53
102.91 157.39 109.89 1712.54 364.53 183.24
925.31 1337.07 1909.96 3290.04 2818.15 1880.53
450.07 635.68 886.48 1406.96 1004.96 626.96
969.78 1405.45 2008.78 3139.96 2959.25 1891.9
1059.02 1509.69 2097.52 3083.75 3522.82 2656.87
996.42 1447.36 2037.01 2943.9 3003.82 2261.53
948.71 1380.19 1976.53 3199.72 2911.83 1811.73
1029.98 1470.11 1965.82 2955.94 2964.5 2320.58
686.4 977.05 1360.85 2174.67 1718.13 1070.2
981.4 1468.0 2192.09 3382.48 3732.92 2453.12
437.24 616.04 857.64 1359.05 971.78 607.64
746.55 1046.03 1480.2 2286.95 2136.04 1510.65
616.27 952.79 1246.85 3731.15 1821.62 1041.93
998.76 1480.44 2168.32 3303.94 3688.4 2535.44
774.1 1132.83 1667.52 2674.7 2752.97 1772.39
644.07 984.6 1293.83 3506.81 1765.23 993.8
319.38 424.91 607.64 892.12 800.06 504.75
280.69 516.13 528.32 4440.77 1586.96 785.46
846.97 1242.25 1835.58 2876.45 3023.73 1947.04
911.55 1329.9 2045.28 3141.02 2768.51 1611.34
181.63 222.83 287.33 393.22 376.28 275.3
985.02 1466.86 2171.46 3334.34 3701.73 2482.57
1111.43 1563.76 2071.47 3008.6 3123.75 2625.45
213.32 274.93 363.84 492.74 490.63 368.28
619.21 961.82 1274.47 3686.95 1830.01 1003.54
888.03 1306.39 1766.37 3403.45 2676.74 1808.27
142.34 225.5 212.22 1691.44 589.81 302.23
633.2 1039.54 971.75 4402.76 2165.36 1603.04
841.88 1252.44 1865.33 2872.6 3165.73 2078.2
289.77 384.55 532.18 772.83 846.42 575.85
889.72 1289.35 1897.76 3082.25 3240.73 2094.66
1035.7 1451.42 1922.64 2741.35 3184.56 2724.12
861.98 1262.19 1850.34 3289.2 2776.72 1766.98
412.54 576.61 818.64 1608.13 1295.74 774.57
736.42 1087.8 1620.87 2371.15 2159.74 1366.67
223.39 447.3 413.95 4561.28 1377.35 627.64
989.19 1441.92 2020.24 3232.93 2834.95 1856.47
764.8 1162.09 1566.9 3836.68 2401.73 1402.82
671.11 937.02 1329.22 1954.99 1925.88 1380.02
219.39 276.19 370.94 550.17 472.51 315.02
817.59 1142.33 1521.14 2178.51 2650.92 2196.0
400.5 548.46 787.45 1248.57 1187.06 727.36
1169.92 1641.85 2128.62 2982.48 3591.82 3149.05
431.51 594.75 858.4 1367.11 1299.25 792.1
759.36 1133.58 1529.89 3791.28 3003.2 1988.65
690.6 963.62 1356.24 1994.91 2016.46 1478.99
1047.62 1462.67 1882.8 2638.71 3243.73 2926.12
341.61 568.06 641.07 4399.65 1438.96 703.62
975.07 1411.79 2002.22 3067.01 3356.63 2419.54
632.72 992.76 1056.38 4401.76 2126.75 1499.51
883.42 1300.77 1890.72 2753.55 2578.45 1759.26
155.75 183.2 227.54 313.1 301.68 216.39
1098.39 1555.61 2046.86 2854.34 3343.21 2935.23
124.77 138.49 158.95 188.21 178.77 148.65
1002.46 1433.26 1881.5 3195.62 3022.01 2469.14
834.26 1254.43 1898.52 2801.27 2655.06 1714.05
796.54 1185.98 1649.8 3595.31 2564.97 1592.66
323.8 464.28 625.33 1343.13 891.07 561.41
482.68 701.17 1007.68 1710.3 1712.11 1128.24
194.68 418.53 218.0 5072.46 1283.66 545.03
868.77 1276.16 1859.51 3307.95 3248.5 2071.16
1004.74 1463.42 2069.11 2993.1 2980.54 2204.99
137.26 339.56 137.02 5162.27 1112.14 453.26
837.2 1245.07 1836.55 3467.98 2579.07 1449.62
853.51 1207.18 1599.19 2376.86 2421.3 1933.07
424.38 620.92 756.73 2122.59 1408.51 1032.53
814.0 1158.38 1681.25 2672.26 2088.77 1304.88
855.46 1280.77 1901.79 3015.96 2584.11 1614.37
910.03 1321.56 1845.84 2941.25 2598.19 1718.87
808.41 1187.94 1584.53 3456.11 3037.68 2186.6
625.1 890.7 1265.94 1971.96 1829.42 1145.33
306.16 526.46 537.33 3976.1 1475.83 795.18
1010.92 1426.27 1949.51 2826.42 3104.68 2492.53
210.84 323.22 382.11 2112.05 821.76 413.17
417.11 761.11 554.77 5323.23 1653.94 805.9
715.39 1040.81 1530.21 2373.54 2506.97 1621.56
880.9 1312.06 1966.15 2886.76 2627.35 1654.23
373.17 613.7 697.24 4112.76 1505.36 752.71
834.66 1237.51 1831.54 2809.01 3106.21 2068.14
739.14 1096.34 1558.39 3723.48 2373.88 1345.15
630.26 891.36 1313.08 2126.77 2018.23 1207.03
1122.84 1567.36 1986.0 2753.17 3236.2 2968.62
1027.24 1472.27 2069.19 3088.67 3259.6 2408.19
1117.25 1564.05 2001.33 2758.85 3374.12 3096.28
143.36 208.67 211.88 1420.83 502.57 273.68
738.8 1061.84 1558.76 2403.47 2354.72 1509.29
565.83 812.81 1146.53 1839.13 1304.2 801.21
781.68 1136.47 1614.9 3438.53 2172.13 1306.78
233.22 586.36 133.95 5448.72 1227.95 486.14
589.23 809.13 1050.93 1471.04 1646.53 1417.02
971.76 1400.66 1936.1 3117.31 2976.52 2104.59
1028.15 1453.32 1973.07 2864.75 3476.95 2785.47
773.52 1128.16 1664.8 2557.24 2726.4 1762.4
1063.9 1512.32 2025.42 3056.81 2907.12 2247.13
206.95 262.5 358.24 531.22 583.96 379.8
883.29 1289.16 1833.48 2640.56 2739.93 2059.69
788.3 1207.75 1669.4 3761.8 3018.82 1917.66
961.53 1414.91 2100.27 3240.24 3457.83 2228.07
785.12 1090.29 1393.05 1963.33 2212.64 1955.32
223.02 440.45 444.76 3673.18 1358.86 665.51
1089.4 1535.17 2031.87 2873.98 3491.12 2968.02
677.2 1009.2 1448.71 3367.27 2270.72 1358.55
1015.99 1469.6 2161.81 3403.81 3887.55 2587.76
823.88 1219.93 1572.08 3317.35 2365.35 1761.24
813.26 1168.11 1715.51 2609.55 2891.99 1899.21
931.99 1359.73 1915.66 3052.62 2355.9 1566.69
988.84 1410.29 1927.31 2917.33 3042.68 2296.02
457.84 620.69 798.14 1108.57 1262.08 1082.41
942.46 1383.13 1999.28 2897.88 2796.13 1955.58
693.49 1070.15 1522.18 3676.54 2254.56 1353.75
998.09 1424.38 2054.44 3049.59 3008.27 2122.37
1006.38 1463.2 2070.71 2991.87 3064.29 2285.71
889.58 1317.92 1934.52 3275.68 3094.51 1971.35
704.69 984.39 1292.87 1817.71 2159.32 1848.58
722.87 1078.47 1487.18 3494.06 2404.96 1418.89
398.0 683.92 621.34 4781.9 1473.82 669.39
495.53 692.65 998.13 1496.6 1651.72 1094.95
556.16 873.27 1215.18 3652.08 2053.63 1087.75
1085.91 1548.19 2094.13 3037.52 3392.35 2733.23
1094.74 1537.63 2009.7 2848.6 3346.21 2920.44
416.84 577.1 803.52 1229.52 1143.51 730.74
790.21 1137.89 1593.88 2278.51 2292.27 1717.75
971.22 1356.25 1761.11 2482.97 3034.39 2677.76
150.56 360.86 153.45 4763.3 1036.44 418.6
471.08 676.46 983.0 1421.22 1279.87 828.7
963.52 1436.5 2145.73 3150.03 2890.2 1846.79
393.18 578.85 811.3 2188.71 1276.37 702.44
995.2 1477.89 2173.2 3320.05 3697.54 2518.56
718.48 1086.47 1486.43 3319.8 1906.26 1099.85
790.86 1162.52 1721.14 3334.22 2521.02 1522.09
644.11 930.62 1364.15 2085.13 2221.79 1443.0
933.11 1350.06 1963.95 3119.86 3341.1 2216.23
1021.46 1463.82 2004.77 2866.74 3129.2 2515.07
666.67 1041.67 1313.48 4158.77 2390.46 1408.53
129.98 144.95 168.27 206.29 217.92 175.17
942.81 1313.95 1701.33 2405.63 2861.74 2542.28
795.56 1155.61 1777.52 2728.48 2388.67 1374.4
1020.58 1449.84 2018.41 2995.71 3082.95 2362.64
688.71 1033.82 1334.79 3672.03 2571.29 1865.72
373.17 517.35 736.05 1101.59 1119.37 742.72
502.95 791.78 950.48 3943.87 2040.8 1261.67
946.33 1369.6 2039.04 3078.66 2869.39 1858.75
798.48 1186.11 1626.24 3873.97 2721.23 1578.6
1177.73 1650.84 2113.24 2953.38 3449.85 3095.73
1031.34 1474.86 2088.58 3099.91 3704.45 2697.97
727.32 1050.67 1477.46 2860.53 1943.43 1202.59
784.09 1172.46 1695.66 3542.2 2960.48 1853.91
785.24 1151.64 1603.45 3518.49 2180.89 1305.15
276.19 361.17 490.2 734.75 590.76 397.33
1001.81 1458.68 2154.53 3570.34 3907.6 2505.45
870.81 1299.2 1934.38 2888.0 2561.15 1616.93
410.76 583.93 804.03 1645.19 1228.43 787.5
318.7 586.46 399.79 5012.87 1287.08 556.76
890.87 1274.03 1756.19 2761.53 2326.7 1574.82
950.32 1380.83 1987.84 3144.69 2902.95 1794.04
1031.37 1468.52 2024.32 2955.66 3165.16 2496.37
712.77 1041.63 1515.43 3191.32 2289.6 1391.85
608.01 949.45 1156.62 4154.59 2060.79 1183.96
982.44 1442.75 2077.99 3025.83 2939.04 2082.08
571.59 831.97 1226.97 1782.93 1626.27 1038.6
635.72 875.11 1138.8 1581.45 1822.43 1589.76
315.99 428.17 621.53 970.86 1077.38 665.08
982.33 1489.29 2270.21 3362.58 3174.48 2028.0
960.97 1436.02 2143.61 3208.18 2889.86 1830.94
223.47 327.68 370.81 1614.12 705.86 406.97
792.56 1133.17 1708.36 2596.03 2352.59 1433.83
301.12 663.94 316.22 5246.24 1438.85 652.58
738.41 1150.7 1460.84 3986.95 2975.96 1839.09
989.37 1430.63 2120.86 3258.9 3840.66 2508.73
664.38 931.2 1291.17 1886.19 2250.61 1682.63
908.45 1327.74 1744.69 3464.24 2732.64 1993.64
698.15 1011.47 1275.47 2686.51 2368.41 1930.92
886.13 1307.82 1857.22 3183.1 2185.15 1328.09
97.96 182.3 105.82 2190.19 593.86 255.34
128.99 144.0 169.92 209.56 195.39 153.12
1109.37 1561.63 2024.59 2804.15 3358.65 3022.54
466.23 764.84 790.07 4252.1 1419.96 699.06
933.57 1348.07 2005.64 3383.5 3132.24 1845.11
389.86 532.63 747.23 1131.92 1286.11 890.41
809.36 1179.3 1675.7 2921.43 2498.09 1530.88
1021.6 1443.38 1923.25 2805.24 3150.98 2583.34
225.67 281.12 339.16 445.91 499.07 444.76
1036.97 1457.22 1920.72 2745.09 3242.41 2783.96
930.04 1368.11 2032.63 3143.34 3197.36 2052.91
710.28 1027.23 1573.56 2560.58 2861.54 1696.59
241.37 445.62 414.35 4634.09 1298.0 615.91
798.38 1144.44 1687.01 2568.59 3035.22 1990.79
323.77 568.07 620.17 4057.25 1679.62 895.66
171.66 206.94 263.93 373.89 359.22 249.6
983.73 1408.2 1936.42 3024.97 2667.31 1872.02
557.77 777.75 1080.11 1585.99 1604.54 1192.24
1003.8 1419.21 1962.17 2862.21 3077.84 2409.36
124.59 309.79 167.6 4709.83 1156.45 454.72
810.03 1170.32 1628.1 2586.22 2284.06 1516.69
879.85 1268.0 1843.86 2826.99 2833.45 1892.0
771.18 1133.46 1574.98 3021.4 2007.16 1287.4
824.74 1220.64 1803.34 3409.45 2552.22 1460.0
814.88 1156.29 1645.32 2767.12 2356.52 1575.61
691.36 1016.71 1417.71 3592.51 2014.7 1185.02
258.13 345.64 476.28 690.98 753.45 521.65
1020.49 1463.59 2099.17 3142.14 3744.32 2647.51
1118.43 1574.14 2123.76 3045.26 3278.05 2680.91
409.69 573.13 821.07 1235.48 1255.63 828.64
276.72 364.31 479.97 725.23 587.64 392.38
481.96 728.2 975.35 2871.98 1743.45 1032.59
1123.86 1576.24 2080.34 3006.79 3267.81 2774.16
941.82 1365.91 2001.88 3303.69 3664.43 2403.49
393.64 542.14 770.57 1158.86 1136.45 747.82
718.45 1036.33 1451.51 2915.21 2215.75 1458.02
1174.26 1652.77 2131.42 2954.62 3426.65 3073.15
542.58 750.97 1000.01 1502.55 1425.52 1083.21
836.58 1216.11 1767.23 2691.02 2794.93 1894.55
601.26 928.07 1033.07 4196.33 1970.03 1264.13
270.27 500.58 520.49 4514.36 1667.07 788.94
214.65 325.19 293.06 1906.09 697.29 381.43
274.14 516.37 450.07 4538.71 1317.43 614.28
809.59 1192.67 1627.32 3435.06 2231.28 1326.2
863.76 1309.75 1909.15 3293.84 2613.06 1623.18
1012.15 1466.0 2167.71 3427.73 3906.33 2568.44
781.5 1193.6 1725.85 3653.85 3137.01 1987.63
977.49 1396.16 2096.16 3194.5 2910.09 1808.99
450.55 680.95 797.07 2850.4 1644.02 1031.09
360.11 614.77 735.22 4234.84 1621.31 777.19
934.45 1385.07 2027.03 3019.66 2777.89 1859.57
541.59 782.29 1079.09 2364.28 1680.54 1087.67
953.33 1349.39 1868.53 2865.85 3057.58 2287.05
946.99 1372.8 1904.12 2981.66 2406.62 1695.9
833.68 1194.51 1623.0 2556.63 2369.5 1719.89
69.18 191.74 59.4 4653.2 930.41 346.32
270.02 354.94 487.2 702.81 768.74 526.33
494.35 794.86 1054.99 3814.16 1932.48 1018.01
992.29 1466.65 2138.87 3255.59 3651.44 2534.72
1029.01 1444.19 1917.34 2735.53 3172.85 2703.76
576.15 893.67 1078.26 3684.78 2119.28 1480.52
419.82 790.72 665.03 4809.23 1648.15 785.12
850.38 1257.78 1682.5 3117.89 2578.25 1922.16
342.19 455.05 597.56 841.52 910.49 737.84
450.6 697.2 808.05 3212.74 1648.95 952.17
206.71 260.68 343.69 484.79 476.65 335.42
971.07 1454.57 2173.13 3397.09 3709.17 2425.79
624.89 883.35 1300.81 2106.26 1998.83 1195.83
768.65 1075.85 1506.56 2204.93 2203.37 1630.34
735.47 1075.88 1349.68 3569.93 2332.84 1804.87
627.8 921.78 1294.88 3029.84 2160.0 1244.58
658.97 990.18 1306.96 3646.58 1978.03 1128.21
459.45 652.9 883.91 1688.82 1265.9 814.08
826.13 1254.26 1817.74 3394.59 2527.23 1559.46
532.68 784.55 1004.45 2744.46 1435.87 840.89
727.16 1116.86 1646.14 3434.14 2480.31 1536.46
857.05 1303.15 1861.5 3521.28 2584.71 1587.07
938.9 1407.55 2084.31 3391.25 3579.6 2350.75
932.25 1345.47 1767.69 3022.13 3027.83 2418.43
342.59 448.6 554.67 746.43 904.63 827.0
979.67 1485.7 2262.06 3378.73 3169.14 2025.85
1022.92 1450.52 1995.34 2920.91 3530.77 2746.34
311.19 519.36 604.14 4283.81 1534.55 796.55
919.9 1340.05 1882.22 3022.78 2622.25 1689.42
1113.98 1595.28 2157.42 3049.33 3283.97 2691.88
766.75 1177.58 1719.33 3657.02 2639.91 1671.52
970.28 1387.94 1957.46 2904.85 2988.38 2228.76
316.25 451.05 618.49 1405.46 901.9 564.73
785.94 1166.89 1601.98 3438.37 2389.67 1485.84
823.73 1224.25 1822.15 2804.78 3090.74 2029.81
1041.73 1456.91 1873.95 2592.14 3170.54 2868.62
167.16 348.32 247.55 4756.91 1118.75 483.13
187.12 231.17 298.95 414.14 407.5 292.2
937.95 1346.16 1952.06 3187.21 2444.51 1516.21
994.53 1424.45 2067.23 3298.86 3244.99 2102.5
902.34 1326.26 1896.45 3079.13 2186.27 1332.21
450.41 740.1 862.67 4420.69 1786.87 893.52
957.88 1382.82 1907.83 2959.9 2552.51 1869.98
1020.42 1450.47 2044.73 2995.36 3074.89 2302.67
526.18 739.03 1070.56 1611.01 1776.29 1168.65
542.79 820.63 1057.59 2837.64 1802.8 1248.63
243.54 314.67 426.19 607.39 703.31 488.63
1038.59 1473.82 1823.97 3064.75 3158.13 2845.48
521.71 738.05 1017.66 1606.38 1396.89 914.3
825.43 1170.63 1596.21 2376.71 2461.78 1851.57
1000.16 1432.29 1965.55 3056.35 2692.63 1904.27
306.75 501.5 451.6 3092.56 917.94 446.92
1092.93 1551.46 2074.23 3039.71 3249.05 2592.7
279.37 372.52 533.1 823.19 911.65 569.26
971.0 1421.63 2170.75 3602.71 3981.62 2404.6
128.23 142.5 164.46 201.78 199.63 162.27
1004.2 1420.14 1852.02 2867.47 2981.92 2487.99
1105.29 1559.4 2032.86 2822.78 3352.92 2990.12
412.35 666.82 859.42 3717.14 1642.23 827.39
1039.79 1501.22 2073.51 2956.77 3102.35 2447.61
419.41 587.59 842.08 1265.31 1345.53 888.37
519.65 734.93 1013.17 1599.02 1390.55 910.32
760.68 1115.95 1388.59 3454.41 2398.97 1810.11
885.74 1287.3 1883.14 3119.84 2790.3 1837.85
1048.98 1464.52 1881.99 2639.01 3245.49 2932.17
221.25 401.93 407.17 4085.55 1335.35 602.38
642.59 966.32 1281.02 3783.59 2553.42 1691.15
904.18 1311.18 1891.03 3425.71 3051.8 1904.48
798.23 1214.47 1700.44 3318.93 2468.94 1601.0
967.34 1422.69 2108.3 3249.45 3473.41 2248.86
868.72 1273.49 1885.98 2904.57 3097.64 1997.38
942.64 1369.23 1912.44 3014.48 2436.78 1691.46
1073.68 1513.26 2016.68 2926.89 3323.12 2764.35
816.56 1177.86 1668.77 2692.47 2475.12 1596.29
872.42 1237.81 1623.37 2649.61 2646.46 2158.55
182.27 350.18 319.59 4123.67 1236.67 534.25
277.77 399.25 438.44 1665.61 848.21 597.26
1018.77 1435.35 1973.11 2873.15 3104.73 2457.96
598.66 900.68 1233.44 2957.46 1830.02 1011.84
341.42 468.54 660.9 980.79 1041.43 695.88
1045.44 1508.87 2117.49 3149.38 3494.44 2580.29
605.19 857.91 1180.54 1673.95 1685.64 1292.07
370.36 519.63 746.08 1064.81 975.0 638.09
357.35 595.52 733.74 4108.59 1602.09 773.6
376.33 508.48 712.47 1100.53 994.96 680.41
892.37 1325.21 1972.72 2891.13 2667.76 1717.79
1011.14 1465.39 2017.73 3210.61 2908.8 2029.19
1094.74 1554.01 2127.93 3096.8 3700.5 2881.11
412.72 658.72 839.97 3416.19 1475.13 824.51
860.16 1298.36 1910.18 3327.05 2600.22 1618.54
804.41 1158.71 1677.78 3438.42 2445.27 1480.64
722.07 1056.67 1509.22 3620.53 2243.81 1278.75
597.6 881.02 1237.46 2720.94 2263.06 1414.27
976.49 1414.23 1998.14 3091.73 3357.14 2429.02
1092.67 1552.48 2058.46 2880.48 3335.17 2889.75
956.49 1352.09 1858.19 2790.21 2651.56 2042.6
275.75 475.9 491.24 4563.37 1370.93 685.02
698.44 986.33 1484.8 2260.86 2009.73 1204.13
398.87 632.92 747.51 4151.02 1726.34 1048.43
540.84 855.72 1077.96 4201.95 2289.99 1349.28
492.94 779.96 908.61 3973.57 1613.48 889.51
539.89 827.28 1108.21 4024.95 2289.3 1360.3
247.42 320.02 437.27 663.49 633.31 407.78
272.88 517.9 440.27 4549.3 1476.78 748.57
464.72 649.19 909.82 1400.2 1301.2 826.05
960.26 1430.57 2110.67 3143.44 2841.3 1854.85
825.56 1254.11 1819.63 3581.54 2769.95 1826.42
801.52 1156.88 1459.02 3207.77 2635.03 2134.32
922.61 1321.09 1631.3 3364.04 2837.39 2494.44
1011.12 1444.6 1968.76 3028.65 2754.53 2014.09
526.64 731.88 1087.26 1640.52 1461.49 887.16
666.57 1008.41 1376.6 3657.68 1836.14 1042.58
427.74 654.87 863.47 3062.09 1659.06 950.61
594.02 847.8 1175.03 1873.54 1621.14 1054.5
735.81 1042.47 1508.08 2390.56 1870.97 1172.93
1029.44 1466.38 2024.82 2960.06 3160.65 2483.07
140.94 162.55 195.32 250.11 252.77 196.32
345.19 584.76 514.54 2939.07 1157.55 671.75
1013.43 1437.16 1935.68 2855.63 3121.94 2478.21
304.18 407.43 566.26 836.25 820.67 550.44
987.42 1458.16 2120.27 3089.46 2926.54 2017.25
951.32 1391.04 2034.24 3115.57 3233.15 2171.13
1094.1 1536.08 2021.53 2839.59 3286.14 2862.49
927.92 1351.25 1960.15 3203.24 3033.61 1983.85
1040.31 1479.59 1899.95 3108.62 3018.43 2544.55
912.93 1316.56 2020.65 3101.79 2748.04 1593.09
715.75 1116.82 1620.65 3734.88 2539.87 1537.83
418.36 659.21 793.92 3542.54 1641.06 872.03
841.86 1235.2 1766.66 2869.66 2017.76 1216.72
1003.95 1448.25 2034.76 3024.46 3282.26 2445.51
900.31 1356.84 1991.77 3356.14 2735.34 1693.6
886.81 1275.3 1699.63 3238.68 2614.78 1990.98
995.82 1411.96 1943.69 2828.29 3063.79 2428.28
773.13 1159.9 1755.67 2589.06 2445.54 1570.85
576.41 820.81 1136.69 1801.77 1565.1 1019.92
939.95 1382.51 2052.02 3171.54 3230.98 2081.47
984.2 1416.17 2036.58 3063.35 3054.74 2170.83
982.69 1418.33 1945.69 3005.18 2544.73 1875.23
747.8 1082.35 1542.64 2701.22 2649.21 1734.61
454.98 806.25 676.43 5231.57 1610.28 742.24
980.66 1393.76 1898.1 2908.61 3068.96 2448.03
949.14 1382.23 1936.35 3059.37 2410.53 1646.65
921.37 1327.77 1738.09 3339.03 2700.01 2088.07
994.5 1411.41 1881.81 2890.78 3083.82 2478.57
711.69 1020.08 1520.26 2297.5 2115.53 1340.01
1084.43 1523.4 1996.14 2836.4 3182.0 2780.15
719.38 1064.66 1343.08 3445.88 2557.65 1929.18
891.28 1320.09 1937.65 3354.96 3249.87 2071.95
486.31 843.05 653.8 5171.92 1722.72 1016.53
927.53 1343.3 1922.75 3011.82 2817.73 1780.29
826.76 1187.97 1820.09 2789.97 2466.96 1427.62
1044.74 1460.49 1884.48 2661.37 3205.55 2863.45
849.16 1179.01 1520.88 2130.78 2584.76 2309.43
489.97 822.0 874.72 4074.19 1670.27 911.07
467.87 697.38 914.95 2172.7 1178.78 690.47
425.33 635.87 818.39 2233.44 1103.01 637.6
969.9 1382.28 1803.25 3255.27 3136.08 2560.21
456.27 647.48 802.2 2164.52 1525.4 1178.52
915.86 1334.11 2040.18 3124.84 2774.9 1643.69
715.96 1022.1 1557.85 2379.86 2106.1 1225.21
1019.25 1455.07 2027.47 2983.33 3136.79 2412.72
1047.1 1504.23 2083.39 3074.16 3349.67 2559.05
968.13 1385.76 2075.65 3235.16 2884.7 1777.61
259.81 548.73 380.93 4863.49 1342.75 616.19
949.84 1330.71 1737.04 2437.58 2867.76 2512.64
994.72 1423.56 1966.41 2902.04 3241.44 2513.2
666.37 946.96 1288.84 1977.08 1663.19 1224.16
616.37 881.28 1223.65 1944.52 1688.0 1097.09
925.8 1344.64 1974.58 3136.96 3361.71 2171.93
429.46 611.81 883.97 1273.03 1147.54 746.97
650.51 928.96 1322.37 2062.56 1913.12 1195.92
923.62 1338.05 1870.54 3199.0 2416.62 1482.37
382.58 668.97 561.28 4796.93 1318.58 587.84
241.06 473.69 216.92 4842.53 1034.98 387.19
1045.16 1486.51 2081.61 3210.31 3311.58 2381.06
1061.54 1499.36 2000.74 2862.11 3206.54 2716.56
832.59 1198.46 1768.35 2697.36 2981.46 1936.95
851.43 1219.95 1757.78 2652.22 2632.64 1848.31
617.94 947.76 1142.89 3994.05 2465.74 1657.47
886.94 1298.38 1779.71 3173.51 3126.62 2345.77
1002.55 1444.96 2116.69 3211.93 3810.22 2564.09
1023.04 1453.39 2007.32 3008.23 3559.45 2742.29
1001.86 1420.73 2030.34 3005.15 2983.7 2147.68
931.89 1391.21 2088.0 3068.73 2792.38 1755.72
315.34 582.97 561.5 4498.76 1600.23 843.97
1138.87 1602.77 2077.85 2986.8 3222.93 2779.58
698.1 1053.94 1556.34 3822.74 3110.5 1761.98
909.85 1369.8 2010.52 3304.13 2711.7 1691.16
1067.11 1512.87 2016.54 2876.9 3332.3 2806.77
772.94 1166.2 1613.27 3642.39 2947.19 1840.03
884.96 1318.36 1975.85 2901.24 2640.49 1662.31
314.92 561.62 562.3 4352.47 1548.62 824.49
681.64 990.03 1406.71 2271.5 1603.58 975.54
1087.15 1549.17 2067.66 2962.84 3459.86 2876.74
681.47 1030.66 1492.98 2985.19 2156.73 1311.79
182.81 403.03 229.44 4703.22 1160.63 513.94
824.94 1216.71 1611.74 3634.21 3041.55 2069.24
669.34 966.42 1337.6 2224.39 1973.37 1450.92
923.92 1359.65 2018.33 3141.0 3179.1 2040.03
198.63 379.76 334.21 4466.06 1103.09 506.02
739.83 1112.29 1586.64 3474.37 2818.17 1756.07
555.4 827.77 961.82 3125.62 1975.13 1485.14
999.64 1444.1 2089.26 3188.06 3225.64 2200.15
833.41 1210.99 1769.53 2999.49 3046.41 1959.82
785.71 1097.81 1488.12 2132.72 2259.0 1807.39
976.36 1458.31 2170.07 3349.33 3694.35 2443.33
567.4 912.25 999.47 4551.56 1926.74 1029.63
390.5 581.93 749.78 2034.89 1044.64 601.57
602.9 880.57 1301.8 1894.68 1727.62 1100.93
872.87 1273.29 1878.67 3467.87 2669.35 1554.88
377.91 557.53 764.14 2034.21 1422.9 901.16
985.36 1422.98 2012.09 3110.99 3003.06 2006.87
571.39 882.33 1201.57 4003.29 2361.52 1408.28
844.7 1285.1 1859.77 3641.91 3306.9 2118.78
547.38 825.54 956.56 3455.17 1898.88 1412.26
899.23 1296.62 1804.15 2852.27 2909.27 2152.93
970.77 1381.11 1956.12 3037.78 2638.39 1847.6
226.83 459.9 233.19 3417.73 954.55 448.66
234.14 301.85 407.83 581.84 554.0 388.06
948.6 1360.88 1972.52 2977.5 3542.62 2438.35
693.6 987.82 1376.32 2200.13 1737.99 1082.1
982.75 1393.8 1944.61 2976.12 2731.18 2014.16
645.73 958.55 1415.4 2968.32 2720.94 1577.84
942.58 1347.79 2040.18 3136.91 2791.9 1678.14
821.8 1222.72 1659.78 3501.56 2457.72 1532.86
623.9 964.41 1280.54 3701.85 1799.35 992.24
588.69 830.91 1150.75 1828.96 1448.49 908.53
484.12 691.96 963.33 2053.69 1389.02 817.29
956.65 1430.73 2138.44 3301.54 3640.01 2384.24
314.91 457.98 596.01 1627.64 930.35 529.41
1091.66 1539.64 2004.13 2854.2 3256.56 2840.44
322.41 436.51 583.98 894.47 783.98 529.47
971.26 1395.93 2060.62 3339.55 3214.39 1974.48
574.48 827.92 1187.39 2607.34 1950.02 1135.42
652.67 920.49 1262.95 1848.03 2003.44 1529.17
782.06 1106.79 1577.01 2461.67 2039.87 1371.1
920.74 1373.69 2047.54 3155.77 3482.85 2292.08
542.28 860.5 1158.14 3860.97 1855.99 1076.92
102.48 292.46 176.2 3991.57 1113.89 456.28
1159.71 1627.92 2092.43 2967.33 3310.73 2927.62
865.8 1232.38 1685.51 2616.13 2336.54 1664.02
577.59 907.36 1113.23 4120.93 2089.67 1163.88
642.92 914.07 1336.42 2024.91 2235.46 1461.37
737.77 1082.74 1426.62 3331.14 2196.74 1473.76
291.08 382.99 542.15 789.93 709.75 452.54
762.46 1091.71 1667.89 2551.96 2257.53 1310.15
674.6 969.37 1350.34 2152.49 1867.06 1209.52
355.08 597.49 641.36 4414.03 1477.29 782.03
140.11 311.74 181.58 3667.5 1033.27 455.93
342.6 465.04 656.72 971.41 921.06 620.96
959.32 1389.86 1861.27 3402.32 2889.99 2108.05
464.62 685.74 885.95 2751.92 1613.92 1114.83
431.35 593.76 722.45 1334.59 1228.95 1058.1
1052.75 1511.88 2061.94 2923.92 3145.87 2554.14
1148.08 1616.68 2085.04 2962.94 3247.62 2878.93
203.31 417.4 264.29 4818.15 1175.8 497.62
489.94 678.25 963.2 1507.31 1482.83 972.78
432.9 685.5 876.69 4086.19 1607.79 850.53
195.94 246.57 323.37 451.75 457.99 325.72
809.02 1177.69 1584.61 3258.6 2262.45 1509.99
938.23 1340.63 1752.12 3127.42 2935.62 2416.49
1082.73 1529.54 2121.76 3093.64 3181.53 2445.04
294.3 506.78 522.81 4276.57 1186.88 588.97
810.96 1123.44 1429.21 1958.05 2390.28 2196.42
716.87 1024.96 1504.83 2287.1 2526.33 1646.8
839.4 1227.04 1808.62 2782.39 2847.34 1858.11
984.32 1390.08 1905.06 2743.06 2952.05 2357.74
951.44 1367.72 1956.89 2966.08 3020.6 2106.18
1099.38 1552.03 2030.53 2823.4 3309.45 2923.86
678.83 959.83 1392.93 2222.42 2163.84 1371.95
836.13 1217.19 1875.38 2881.8 2522.17 1448.74
464.13 650.94 892.37 1400.71 1219.82 803.12
950.81 1369.66 1758.82 3376.0 2933.82 2338.05
449.2 787.48 665.71 4932.35 1593.82 797.6
726.96 1033.1 1493.97 2248.94 2666.82 1819.91
241.1 312.31 423.79 606.81 577.53 402.99
526.29 793.48 1116.8 2548.36 1604.26 983.25
1005.77 1437.63 2035.38 3062.56 3639.9 2643.55
218.71 345.22 377.67 2467.94 992.65 532.72
662.2 974.87 1390.41 3629.58 2190.79 1273.95
910.56 1380.31 2087.63 3208.8 2936.17 1870.65
800.89 1157.9 1689.09 3459.11 2410.57 1397.9
919.46 1343.16 1965.79 3266.67 2892.85 1856.44
713.9 1070.78 1287.04 3841.25 2565.5 1811.67
1018.58 1495.05 2141.41 3103.65 2996.16 2141.37
452.12 739.11 915.44 4075.62 2140.34 1194.78
872.53 1280.49 1959.64 3233.86 2680.03 1526.22
398.35 549.23 781.32 1175.84 1153.07 758.21
884.75 1258.8 1880.99 3084.23 2553.34 1514.91
959.44 1358.88 1786.38 2955.17 3181.63 2644.23
313.86 437.99 592.54 1190.33 984.67 641.76
999.81 1442.11 2119.37 3222.62 3820.31 2551.32
222.88 283.95 390.82 554.81 500.2 324.47
658.79 953.71 1401.07 2148.81 2185.18 1414.72
1153.11 1618.62 2118.72 2978.35 3380.03 2941.39
449.43 701.81 929.81 3817.34 1764.42 914.78
749.88 1118.54 1605.07 3589.28 2706.89 1542.73
1020.51 1477.93 2060.03 2966.88 3221.06 2533.77
1102.66 1563.28 2128.01 3084.74 3689.04 2909.37
209.85 412.26 363.09 4708.81 1212.15 552.84
360.6 614.75 705.29 4257.42 1663.03 866.94
1066.69 1494.73 1951.62 2759.06 3189.69 2808.37
175.83 369.56 190.77 4421.25 1102.25 468.74
705.67 1102.18 1351.84 4054.91 1869.39 1031.14
486.42 690.35 997.65 1522.11 1609.07 1054.48
925.54 1342.2 2015.17 3079.96 2824.46 1778.54
970.58 1407.46 2014.8 3156.09 2957.66 1873.92
509.49 811.07 1040.64 4059.23 2070.98 1163.49
895.43 1278.22 1756.06 2860.53 3015.06 2283.99
722.31 1022.03 1380.79 1984.92 2314.29 1870.09
927.17 1324.6 1807.63 3137.5 3041.77 2260.74
272.2 452.81 519.1 3669.87 1211.94 627.94
230.05 518.53 186.05 4378.95 1075.89 454.68
1002.5 1440.69 2011.18 2985.93 3379.22 2546.7
369.38 621.55 675.1 4186.96 1529.74 823.3
693.51 1035.57 1441.84 3519.58 2170.76 1192.74
151.28 309.32 275.24 4333.54 1201.63 537.5
668.91 989.05 1420.52 2798.29 2427.19 1536.17
526.06 824.58 1035.38 4007.72 1830.01 984.4
928.26 1344.84 1863.89 3235.08 2865.9 1953.83
158.27 258.38 243.38 2453.72 632.43 310.9
868.52 1243.62 1690.47 2603.53 2465.8 1804.33
844.32 1212.94 1730.2 3318.11 2561.98 1652.45
982.26 1407.53 2046.97 3266.67 3222.89 2086.99
878.69 1257.27 1823.42 2985.79 2282.55 1417.96
196.63 246.65 333.05 465.16 417.95 277.04
351.5 483.9 683.93 1018.48 1036.98 694.06
915.24 1345.59 1923.6 3120.19 2220.31 1357.04
802.86 1206.7 1828.79 2698.98 2549.12 1635.8
778.06 1161.28 1650.77 3604.52 2717.6 1664.22
1117.05 1563.97 2003.87 2765.21 3370.14 3085.26
154.08 181.82 217.67 293.17 266.3 204.42
949.51 1365.92 1999.66 3035.52 3602.09 2422.45
604.58 892.45 1237.22 2753.43 2232.05 1406.59
878.48 1282.49 1766.94 3336.21 2335.6 1412.86
1005.68 1490.24 2175.89 3334.47 3698.16 2546.73
803.36 1144.03 1592.03 2448.52 2453.94 1844.53
938.76 1352.9 2061.87 3153.53 2829.46 1684.19
846.18 1277.62 1916.49 3050.76 2737.84 1775.2
959.54 1390.98 2056.28 3204.02 3490.56 2257.72
595.52 966.82 1051.28 4748.77 2108.76 1100.61
454.73 714.42 842.36 3806.44 1768.9 1098.92
628.73 950.72 1312.66 3913.0 2332.91 1390.77
831.66 1188.48 1614.23 2448.82 2200.98 1688.73
453.11 639.67 903.36 1584.0 1541.56 1002.84
757.06 1133.28 1533.59 3579.06 2364.21 1444.62
443.66 801.03 632.18 5318.07 1703.66 838.55
876.77 1253.25 1804.24 3295.63 2620.06 1695.72
892.74 1331.49 1986.34 2922.5 2620.53 1656.7
540.53 896.55 1080.79 4224.23 2254.79 1302.69
428.69 683.16 914.11 4252.46 2173.69 1157.59
1021.11 1453.51 1968.61 2906.57 3091.37 2407.75
718.7 1017.44 1489.57 2226.4 2107.74 1397.0
862.81 1261.29 1843.34 3535.18 2977.57 1731.66
774.3 1147.49 1704.5 2500.79 2243.94 1424.12
1049.96 1480.4 1933.83 2710.02 3263.43 2869.2
1114.72 1592.44 2135.24 3011.62 3262.0 2716.76
833.29 1203.02 1797.76 2872.25 3255.64 2069.96
527.03 832.49 1006.91 4107.59 1932.26 1155.16
785.49 1164.66 1549.45 3798.87 2370.64 1419.49
695.79 1037.92 1465.3 3568.04 2918.04 1815.21
360.97 496.05 729.39 1086.18 958.68 578.14
268.93 501.88 519.17 4384.33 1519.98 683.61
535.72 814.67 967.79 3766.85 1820.36 1286.33
446.79 639.7 898.14 1887.99 1435.41 903.59
993.24 1427.09 1976.0 3122.79 2609.49 1745.32
874.0 1258.69 1931.89 2964.82 2620.82 1513.91
356.51 486.23 685.77 1024.97 1005.39 665.91
371.5 595.35 680.26 3910.86 1610.42 1009.22
929.43 1399.4 2042.76 3360.99 3045.5 2073.21
346.76 607.57 590.35 4565.31 1575.01 798.27
897.98 1311.05 2024.53 3115.51 2725.66 1562.05
972.32 1388.0 2018.18 3020.48 2959.14 2041.54
521.54 888.43 909.86 4275.11 2189.18 1258.82
748.3 1075.55 1594.93 2751.03 2224.17 1311.66
836.65 1233.1 1781.37 3480.0 2816.24 1766.47
1141.29 1596.96 2030.43 2829.17 3311.96 3013.64
984.54 1422.0 2104.21 3213.58 3803.06 2497.03
900.97 1334.45 1921.0 3386.79 3243.38 2125.8
571.85 831.77 1142.57 2393.29 2006.55 1272.21
380.48 627.66 731.85 4342.01 1770.48 970.28
737.67 1083.47 1472.38 3249.16 2000.57 1197.9
426.3 684.34 886.54 3212.84 1904.43 1118.13
709.11 1045.42 1555.61 2273.7 2071.36 1312.31
956.45 1398.32 2053.64 3567.26 3772.29 2399.67
523.49 842.58 999.3 4136.15 2348.45 1466.45
906.19 1333.53 1650.23 3697.45 2762.03 2183.51
285.01 484.47 561.91 4147.34 1462.82 721.35
883.15 1271.93 1788.19 3170.45 2781.54 1959.97
538.26 830.73 1118.16 3734.62 2111.06 1214.07
686.01 1059.32 1308.33 3951.39 2228.09 1450.27
218.31 292.53 366.88 946.34 620.55 390.11
848.43 1237.14 1907.15 3117.6 3486.7 2058.03
610.78 859.14 1183.19 1738.66 1909.49 1452.53
1019.87 1450.78 1938.97 2896.75 3059.4 2450.89
398.15 541.57 789.92 1176.55 1051.44 650.08
658.17 1012.39 1334.75 4003.21 2405.05 1419.09
693.29 1065.74 1289.72 4195.24 2350.32 1493.44
222.8 293.36 402.05 554.09 527.9 368.33
756.44 1110.07 1570.69 2866.12 2736.77 1751.05
1120.39 1567.55 2001.84 2753.05 3373.14 3109.59
253.56 331.23 440.96 647.43 605.75 405.69
760.04 1121.08 1607.69 3716.75 2677.86 1533.1
916.7 1309.59 1989.86 3048.95 2706.23 1606.82
1113.83 1578.15 2118.93 3064.29 3391.72 2769.56
704.74 1039.43 1538.98 2253.13 2022.77 1287.52
605.82 861.67 1223.14 1903.24 1765.93 1106.95
1127.62 1608.6 2153.47 3031.13 3318.34 2776.35
977.13 1393.85 1994.66 3128.91 2579.95 1726.07
152.05 177.15 215.26 287.5 244.97 187.83
323.36 530.61 555.58 3537.75 1199.59 612.21
991.67 1419.47 1926.32 2738.83 2906.47 2351.62
725.67 1115.32 1577.17 3934.47 3134.49 1803.01
684.27 1031.22 1412.39 3665.21 2270.27 1360.73
907.1 1335.02 1913.23 3113.22 2186.41 1314.92
88.44 217.49 102.81 4625.3 979.65 379.77
1046.61 1487.25 2039.17 2961.45 3444.99 2705.85
1043.66 1525.63 2157.84 3104.42 3266.27 2500.16
979.72 1430.04 2006.6 3248.78 2811.2 1821.48
241.01 475.73 333.03 4960.83 1337.67 579.81
704.7 1073.16 1203.77 4111.69 2345.25 1733.69
776.08 1134.55 1618.89 2624.1 1847.73 1117.71
327.9 466.74 622.04 1522.28 1143.99 719.16
596.38 857.76 1253.26 1910.99 2035.66 1325.19
1004.64 1431.0 1950.9 2853.2 3243.34 2591.44
891.91 1289.69 1921.57 3377.64 2730.49 1622.54
874.16 1264.58 1761.71 3382.46 2404.88 1584.24
994.47 1429.89 2070.78 3084.95 2978.07 2070.62
447.0 720.12 948.56 4061.84 1766.31 970.32
325.13 427.32 536.74 733.49 850.17 746.96
893.01 1263.24 1763.64 2703.38 2380.04 1720.49
734.39 1016.7 1312.11 1827.53 2208.64 1954.5
1130.24 1594.1 2112.18 3006.82 3526.63 2955.82
866.72 1255.5 1680.58 3098.01 2890.98 2209.33
667.65 978.61 1301.22 2774.32 2146.27 1590.7
858.98 1240.79 1821.32 2809.48 2772.76 1797.4
815.75 1168.19 1737.45 2835.77 2689.27 1594.3
1016.8 1455.51 1992.48 3100.79 2708.74 1912.66
981.81 1414.24 1967.74 3193.63 3149.36 2313.92
748.69 1147.7 1528.47 3473.43 2730.49 1730.0
628.3 945.81 1200.58 3466.45 2151.07 1537.78
642.61 945.08 1345.98 2870.81 2199.17 1355.42
404.47 554.39 796.55 1263.76 1201.44 735.65
924.84 1347.99 1894.89 3046.39 2636.64 1692.73
678.05 1027.57 1362.99 3697.13 2207.34 1318.87
724.83 1072.06 1586.73 2321.94 2262.98 1534.94
1111.97 1559.27 2001.96 2782.76 3338.55 3030.5
592.87 957.89 1270.58 3971.1 2175.48 1240.1
758.91 1062.65 1429.72 2045.89 2393.27 1935.4
358.13 620.81 618.9 4624.51 1468.58 737.27
564.62 799.58 1161.02 1775.4 1739.94 1125.03
1037.96 1454.68 1890.25 2701.78 3145.74 2753.27
1051.81 1498.72 2086.12 3041.08 3123.82 2394.41
398.92 694.15 766.8 4359.17 1868.89 1045.5
640.55 963.77 1362.07 2443.01 1878.79 1171.91
818.35 1193.21 1716.63 3390.75 2754.09 1599.04
124.7 290.69 146.36 4846.59 1010.99 401.5
441.57 665.8 738.98 3251.43 1555.16 1164.23
204.93 258.75 328.32 474.8 422.68 302.61
980.34 1405.29 1939.31 3045.19 2637.37 1816.87
668.25 1069.71 1196.65 4421.62 2248.58 1473.61
957.7 1391.48 1939.57 3044.01 2458.56 1719.78
600.41 942.32 1352.95 3053.17 2123.25 1288.98
233.15 428.54 418.92 4376.61 1399.73 632.6
650.62 888.45 1107.45 1503.78 1798.82 1676.58
810.35 1147.48 1608.5 2369.28 2829.24 2086.46
657.05 925.66 1280.35 2167.08 2049.97 1438.09
726.29 1082.0 1535.57 3738.55 2629.3 1487.43
898.13 1317.79 1950.49 3009.02 3071.15 1989.01
388.49 628.41 749.17 4131.81 1515.78 856.4
812.94 1166.85 1783.87 2731.43 2422.39 1410.71
402.17 535.98 675.23 924.71 1110.81 993.33
1016.99 1434.07 1941.16 2886.46 3231.5 2579.26
290.71 551.39 325.18 5102.05 1243.28 515.81
1000.77 1459.01 2211.14 3569.79 4020.26 2484.78
1190.33 1664.37 2125.22 2940.52 3475.45 3167.42
464.04 662.62 892.72 1754.63 1276.0 820.44
846.29 1227.3 1829.25 3433.37 2619.27 1519.88
463.35 620.8 772.21 1046.58 1221.83 1123.0
1024.9 1475.12 2011.26 3089.02 2987.05 2215.7
1168.54 1640.46 2099.11 2948.72 3338.32 3013.38
962.39 1377.25 2095.57 3213.9 2852.02 1691.13
757.42 1143.64 1476.8 3661.93 2163.93 1315.71
579.63 898.82 1193.96 3643.25 1883.28 1057.33
920.36 1309.05 1863.03 2917.23 2985.39 2062.99
1164.31 1635.13 2039.2 3064.47 3409.33 3133.66
330.83 453.18 618.44 961.36 696.89 447.96
767.3 1093.99 1612.4 2611.1 2497.68 1517.33
886.23 1282.66 1780.3 2955.34 2701.08 1952.21
780.0 1083.11 1410.15 1993.83 2374.79 2069.6
571.72 850.41 1255.53 2049.3 1780.18 1140.32
1141.57 1622.22 2149.42 3012.5 3353.51 2862.77
615.06 943.34 1250.7 3352.68 2155.53 1291.32
924.44 1336.81 2047.76 3219.54 2792.75 1606.52
631.57 969.35 1271.65 3578.25 1747.69 979.19
857.53 1263.56 1832.87 3408.82 3448.86 2209.17
300.66 553.21 473.02 4808.32 1578.68 774.83
1167.51 1633.08 2104.44 2963.06 3398.16 3034.1
469.9 664.68 959.4 1449.54 1542.44 1013.01
962.0 1398.0 2014.0 3173.0 2939.0 1816.0
69.0 191.5 59.0 4653.5 930.0 346.0
134.0 394.5 95.5 5146.0 1087.0 409.5
969.0 1403.0 2079.0 3181.0 3518.0 2279.0
155.0 368.0 123.0 5163.0 1156.0 447.0
89.8 263.8 87.2 4769.8 1060.5 381.0
971.0 1390.0 2115.5 3245.0 2879.5 1707.0
122.0 299.0 89.0 4632.0 914.0 354.0
72.0 203.8 71.8 4231.5 957.5 341.5
907.5 1325.5 2047.5 3151.5 2757.0 1579.5
948.0 1357.0 1978.0 3155.0 2462.0 1531.0
56.8 180.8 53.0 4412.8 873.5 325.0
119.5 322.5 80.5 4825.8 970.8 371.8
948.0 1376.0 2046.0 3146.0 2970.0 1921.0
911.0 1341.0 1922.0 3127.8 2196.5 1320.8
985.0 1493.5 2276.8 3372.5 3183.8 2033.8
76.2 218.5 55.5 4643.8 764.8 282.8
962.5 1390.0 1954.5 3151.5 2480.0 1527.0
959.5 1435.2 2145.2 3160.2 2832.8 1787.8
88.5 243.0 63.5 4918.0 903.5 321.0
978.0 1422.0 2105.0 3266.0 3199.0 2037.0
79.2 209.2 66.0 4931.0 970.2 374.0
222.2 574.0 104.8 5481.0 1198.8 463.2
992.0 1434.0 2127.0 3253.0 3849.0 2515.0
980.5 1432.2 2016.0 3245.2 2807.8 1800.2
966.0 1422.0 2112.0 3259.5 3477.0 2237.5
109.2 304.0 68.8 5231.2 1052.0 412.0
978.0 1434.0 2220.0 3640.0 4073.0 2397.0
81.5 229.5 75.0 4588.5 1023.0 369.5
937.0 1353.0 2081.0 3198.0 2826.0 1629.0
924.0 1316.0 1970.0 3207.0 2671.0 1584.0
102.5 315.2 89.5 4914.0 1200.8 467.0
980.0 1467.0 2194.0 3388.8 3736.5 2446.5
955.0 1376.0 2056.0 3368.0 3193.0 1885.0
977.5 1462.0 2197.0 3231.5 2940.0 1846.5
939.0 1381.8 2053.5 3176.2 3230.8 2074.0
265.0 540.0 222.0 5608.0 1151.0 427.0
83.0 265.0 84.5 4714.5 1156.5 420.5
245.0 494.0 207.0 5231.5 1090.0 397.0
304.0 635.0 236.5 5868.5 1229.5 464.5
138.0 335.0 114.0 4964.0 1063.0 407.0
53.8 244.8 74.8 4340.2 1057.2 381.2
1050.0 1465.0 1880.0 2630.0 3252.0 2949.0
1121.0 1568.0 2001.0 2751.0 3375.0 3115.0
1212.0 1691.0 2129.0 2918.5 3531.0 3299.0
100.0 100.0 100.0 100.0 100.0 100.0
