898.58 1271.26 1679.15 2532.8 2880.75 2400.03
145.85 169.29 194.99 322.6 272.21 221.17
912.26 1298.78 1758.42 2737.88 2794.25 2118.92
834.69 1203.43 1623.66 2508.22 2660.96 2010.57
708.14 1000.68 1304.21 1971.51 2166.85 1791.98
626.24 960.41 1185.78 3666.96 2146.79 1467.28
810.49 1171.99 1637.42 2430.34 2517.55 1923.16
440.09 691.12 742.79 3697.6 1784.58 1270.44
908.73 1332.51 1895.18 3068.71 2234.35 1401.81
806.97 1121.98 1428.85 2134.91 2449.92 2172.93
599.63 890.61 1064.32 2925.06 2173.83 1729.41
731.23 1074.81 1222.38 3261.82 2315.34 1890.2
583.05 858.6 1027.87 2953.05 2023.13 1649.82
195.53 238.1 279.56 374.97 417.54 380.11
645.55 889.24 1129.56 1677.71 1915.46 1692.2
216.23 279.65 319.34 666.71 546.48 462.04
425.71 676.03 736.83 3394.12 1780.7 1275.97
929.89 1345.54 1968.58 3017.19 2919.55 1967.83
401.99 600.31 678.43 2830.63 1523.87 1128.48
755.48 1100.47 1530.67 2747.53 2454.58 1751.15
823.73 1150.19 1482.14 2220.97 2533.91 2199.31
632.71 884.9 1103.17 2138.57 1972.22 1698.63
200.24 247.48 292.47 393.28 450.64 405.09
951.33 1391.89 2119.87 3455.88 3886.19 2366.94
600.85 849.99 1131.17 1703.91 2026.36 1596.67
740.03 1064.51 1358.82 2216.45 2461.22 2076.65
484.9 656.4 823.47 1207.88 1379.38 1228.58
389.91 539.69 644.96 1555.76 1163.86 984.09
438.41 659.87 731.55 2583.25 1540.41 1197.89
875.57 1264.6 1759.25 2677.71 2910.22 2172.67
743.02 1064.95 1354.66 2098.97 2457.24 2107.68
686.97 1002.38 1229.85 2698.71 2358.04 1943.18
508.55 691.19 875.73 1293.83 1453.9 1275.25
870.41 1218.93 1553.73 2407.66 2660.55 2336.19
507.61 766.24 893.28 2993.34 1860.41 1471.89
810.57 1234.63 1649.97 3471.96 2995.47 2049.3
838.15 1167.05 1487.45 2224.65 2553.55 2264.34
325.78 426.39 524.39 749.89 850.5 762.03
242.14 307.74 379.57 530.92 583.73 500.74
857.62 1197.3 1542.12 2317.42 2617.08 2281.02
959.03 1434.29 2143.05 3157.1 2832.04 1789.34
551.38 752.51 948.44 1399.24 1600.37 1423.51
393.93 681.96 525.59 4666.39 1503.24 882.39
509.69 717.88 979.4 1532.89 1379.87 943.63
840.96 1250.14 1782.62 2801.46 2756.32 1988.37
448.06 727.21 672.22 3958.67 1647.3 1097.85
108.13 111.97 115.62 123.79 128.45 124.75
793.38 1122.78 1432.61 2179.27 2523.23 2195.18
352.07 495.96 579.15 1747.27 1145.88 909.92
821.51 1167.08 1543.99 2320.64 2628.89 2160.84
909.33 1317.5 1852.51 2897.97 2823.97 1896.5
244.84 474.55 301.82 4814.64 1346.57 687.45
203.87 252.82 299.43 403.89 463.32 416.12
875.18 1221.86 1556.65 2365.53 2682.33 2374.38
442.09 729.93 942.69 4097.57 1736.97 999.52
653.79 913.38 1306.96 2074.09 1853.94 1241.92
793.09 1143.42 1513.22 2304.1 2675.69 2159.45
389.53 533.85 663.03 975.72 1158.35 1008.69
760.84 1118.16 1596.07 3537.16 2692.45 1594.85
878.91 1260.43 1684.22 2602.76 2678.12 2085.15
627.66 929.59 1112.03 2725.91 2213.75 1788.62
629.08 966.65 1022.66 3777.14 1982.73 1426.62
583.56 811.43 1028.45 1514.72 1791.43 1571.69
546.88 823.27 960.54 3136.77 2029.71 1574.9
891.48 1250.87 1625.71 2454.76 2727.44 2315.72
365.32 555.62 630.7 2674.72 1441.33 1076.51
136.42 154.57 170.81 210.14 233.11 214.29
837.66 1176.65 1487.43 2476.52 2612.39 2283.04
790.25 1104.31 1426.65 2128.08 2402.43 2086.24
855.06 1198.94 1533.49 2458.57 2641.47 2290.56
130.08 286.16 156.77 4490.09 894.1 423.89
916.1 1350.76 1908.77 3031.84 2791.42 1969.35
710.27 997.86 1271.75 1885.45 2234.66 1957.34
447.91 652.0 769.72 2522.33 1587.69 1255.71
680.18 1042.91 1384.54 3417.65 2258.86 1484.28
947.35 1374.9 2043.22 3141.37 2968.19 1922.68
800.96 1151.72 1539.52 2343.94 2603.13 2083.64
72.46 267.02 109.06 4287.26 1094.97 427.62
806.63 1161.67 1631.89 2492.89 2560.94 1871.25
593.95 815.46 1046.69 1563.52 1732.33 1495.4
536.76 731.61 922.25 1360.33 1549.04 1374.49
830.27 1217.82 1744.93 2665.33 2989.64 2123.38
336.36 452.05 577.9 824.77 910.06 762.75
419.0 579.75 787.84 1169.99 1258.94 943.41
648.09 921.3 1165.83 1757.77 2103.49 1820.17
523.98 752.73 904.53 2108.62 1717.2 1421.3
196.88 329.62 220.81 1847.87 643.46 398.16
921.14 1334.28 1904.3 3043.52 3002.6 2061.4
630.59 919.71 1121.39 2785.09 2202.25 1796.09
258.53 329.17 397.98 556.3 626.94 564.83
862.6 1223.17 1677.93 2883.1 2603.49 1923.79
308.73 420.13 564.09 803.02 799.3 597.89
662.93 963.45 1194.91 2399.11 2254.88 1900.01
390.44 665.35 679.02 4555.69 1820.77 986.94
486.86 760.06 856.53 3297.23 1915.16 1432.86
897.11 1261.89 1640.52 2493.24 2714.1 2294.52
733.79 1034.38 1334.96 2002.29 2259.04 1920.02
293.19 480.36 381.91 3045.91 1017.33 616.33
591.47 878.43 1093.57 2935.38 2109.16 1635.27
331.53 486.54 557.37 1945.93 1207.14 916.14
556.73 786.31 970.62 1812.12 1763.82 1503.83
277.19 365.51 444.57 635.93 747.7 656.11
270.99 463.21 492.78 4412.73 1387.65 728.41
931.81 1322.84 1823.88 2762.26 3223.79 2447.22
725.9 1042.76 1317.81 2157.58 2421.28 2076.5
367.76 620.45 566.75 4055.59 1628.0 1052.37
527.84 776.65 922.82 2347.61 1835.52 1495.67
806.46 1160.29 1537.11 2360.82 2599.31 2053.71
221.14 278.77 338.65 465.17 521.92 454.26
518.68 727.39 920.87 1376.83 1636.03 1401.29
159.49 364.43 170.45 4982.78 1163.76 547.62
818.57 1159.4 1503.09 2242.89 2603.6 2229.31
473.94 715.85 779.29 3188.71 1676.58 1281.77
145.68 166.04 185.87 231.49 251.85 233.95
777.32 1115.04 1453.2 2205.1 2605.99 2157.34
857.65 1196.14 1530.4 2291.6 2619.3 2309.65
907.18 1326.73 1876.9 3028.45 2260.14 1457.01
774.04 1104.84 1467.79 2202.02 2559.35 2091.02
901.28 1269.36 1680.29 2539.96 2801.18 2316.19
818.21 1183.9 1600.22 2442.91 2792.12 2170.79
833.09 1213.3 1785.43 2845.05 2599.83 1681.82
380.9 513.27 639.34 921.81 1082.54 954.9
862.6 1264.65 1855.46 3221.43 2644.23 1619.68
864.11 1230.38 1656.89 2490.67 2952.35 2339.96
427.22 633.16 724.54 2232.94 1511.68 1183.79
445.56 617.81 771.98 1145.19 1363.15 1184.53
813.69 1150.31 1471.99 2190.96 2598.71 2270.73
714.55 1005.53 1303.81 1956.1 2257.4 1908.41
825.9 1183.04 1596.55 2637.32 2599.82 1998.36
704.94 1013.64 1329.81 3044.82 2274.92 1707.15
663.74 929.41 1182.42 1749.33 2071.92 1815.74
817.61 1177.34 1571.31 2419.06 2623.67 2036.66
678.94 980.61 1350.33 2143.31 1774.97 1243.64
133.03 299.61 209.57 3272.0 1010.57 502.6
610.87 960.43 968.05 3632.62 2082.11 1599.96
793.82 1105.9 1416.8 2126.58 2380.71 2085.11
546.64 812.61 958.0 3074.53 1932.72 1551.6
800.78 1128.71 1553.77 2432.94 2527.61 1872.24
876.94 1286.13 1843.64 3110.03 3005.27 2035.69
633.41 900.96 1214.7 1820.48 2090.82 1649.14
679.63 967.71 1241.24 1883.31 2173.38 1843.45
398.41 559.27 666.29 1510.33 1237.63 1029.82
760.37 1155.23 1515.13 3756.81 2640.31 1578.92
623.44 949.24 1274.92 3482.33 2449.35 1583.01
786.04 1114.21 1546.74 2404.73 2186.47 1591.84
677.68 960.37 1334.99 2024.39 2071.36 1522.17
631.77 913.02 1126.76 2135.47 2118.38 1784.14
967.06 1382.96 2091.56 3205.78 2871.48 1736.86
502.27 702.79 882.26 1316.71 1570.45 1362.51
781.87 1128.36 1480.71 2229.29 2541.01 2098.88
523.05 782.73 901.37 3068.44 1924.05 1479.49
727.23 1038.41 1427.34 2265.93 1923.61 1291.48
541.67 755.43 1065.9 1664.97 1369.64 911.06
924.99 1344.54 1891.42 2803.1 2772.65 2052.57
589.0 887.73 1102.68 2939.88 2205.26 1650.04
167.24 200.76 230.76 303.39 345.8 311.04
899.39 1298.81 1931.0 3327.32 2740.59 1646.69
544.83 829.46 946.34 2964.06 1986.19 1564.61
721.02 1065.15 1346.02 2980.73 2572.68 1965.65
721.48 1040.57 1307.86 2191.45 2419.83 2066.3
935.3 1357.2 1932.14 3033.59 2880.69 1856.8
908.21 1324.92 1910.68 2934.26 3075.21 2121.89
723.71 1034.67 1336.77 2023.88 2399.85 2012.16
741.48 1061.74 1347.5 2057.39 2448.34 2114.53
711.24 983.6 1248.92 1859.38 2131.74 1892.25
772.24 1123.98 1516.85 2733.91 2607.33 1940.96
875.19 1244.82 1703.48 2632.39 2533.19 1929.56
780.03 1134.42 1526.79 2293.27 2551.13 2040.99
357.78 486.28 601.29 879.69 1042.29 909.04
682.13 972.31 1232.03 1860.73 2227.92 1927.01
824.26 1186.73 1596.15 2931.99 2550.63 1896.1
121.91 132.83 142.61 166.27 180.09 168.76
778.47 1105.51 1656.03 2527.68 2282.64 1400.63
748.24 1140.43 1560.2 3513.0 2900.17 1936.47
781.87 1102.67 1392.98 2535.85 2443.04 2087.83
209.39 421.1 257.32 4670.17 1224.93 604.05
658.47 955.72 1181.15 2295.5 2232.55 1880.84
539.98 759.29 955.59 1430.77 1708.3 1480.86
809.88 1146.81 1415.81 2670.44 2516.41 2167.14
882.05 1230.89 1574.42 2358.51 2698.15 2381.99
557.77 832.95 938.16 3320.66 1937.12 1522.96
908.59 1301.91 1904.97 2985.44 2761.49 1824.96
138.63 155.84 172.61 211.19 228.4 213.26
913.12 1319.06 1896.57 2896.51 3252.13 2243.53
396.88 529.16 658.03 954.53 1086.81 970.49
779.3 1103.56 1414.06 2686.37 2465.01 2035.57
301.38 509.21 476.48 4115.26 1400.22 893.67
394.2 547.77 655.84 1712.28 1231.74 1018.18
762.26 1103.22 1439.23 2267.55 2519.65 2088.87
370.88 714.85 459.51 4519.0 1558.58 935.55
586.76 832.48 1019.81 2342.74 1907.9 1591.91
753.8 1080.48 1377.9 2085.45 2483.75 2135.1
812.93 1163.86 1541.79 2556.83 2785.77 2212.77
547.47 762.01 991.18 1491.2 1660.9 1387.88
393.38 682.67 514.13 4806.34 1489.05 858.75
801.54 1152.61 1541.53 2347.13 2604.59 2082.99
812.18 1188.81 1631.32 2445.41 2654.73 2064.17
883.37 1235.73 1590.35 2398.47 2666.5 2312.37
324.8 424.97 522.55 747.07 847.23 759.15
842.75 1194.04 1580.8 2737.16 2599.67 2070.46
277.6 366.13 445.36 637.17 749.2 657.39
746.71 1070.53 1359.46 2089.09 2469.76 2125.39
534.74 753.26 1030.59 1561.01 1657.55 1230.14
733.44 1053.68 1331.97 2133.82 2440.49 2095.88
509.1 805.45 835.54 3917.02 1733.26 1119.41
526.94 832.3 1129.81 3691.24 2319.67 1392.52
546.82 745.92 939.86 1386.11 1585.21 1410.14
900.63 1272.08 1708.08 2581.86 2776.3 2252.56
444.35 615.99 769.62 1141.52 1358.72 1180.72
910.78 1288.15 1764.36 2758.42 2895.98 2186.8
195.03 302.0 221.05 1962.39 581.81 334.0
553.02 866.8 935.67 3622.98 2016.79 1513.65
348.8 609.02 566.31 4431.54 1630.37 918.48
454.45 631.14 789.28 1172.09 1395.67 1212.44
720.49 1012.89 1291.38 1915.35 2270.41 1988.45
249.79 459.63 392.89 4198.19 1399.75 798.9
930.63 1337.04 1955.25 3165.13 3090.19 1951.08
877.37 1263.84 1743.03 2801.19 2371.34 1590.36
466.42 664.45 789.97 2069.71 1511.58 1234.92
503.58 746.76 866.6 3419.62 1875.15 1439.93
584.16 810.27 1007.05 1742.88 1752.35 1531.08
918.82 1319.93 1807.17 2745.65 3093.54 2411.59
888.82 1291.23 1853.24 3062.38 3208.67 2163.35
614.45 912.89 1037.47 3381.52 2130.6 1676.64
627.53 924.7 1075.36 3251.81 2145.19 1710.08
531.86 827.37 950.71 3433.36 1953.98 1432.44
794.77 1135.97 1470.14 2381.9 2611.92 2185.13
719.96 1051.76 1478.52 3126.19 2358.07 1566.31
716.0 996.34 1258.6 2072.82 2187.68 1920.68
780.28 1108.29 1372.35 2724.26 2481.46 2131.87
882.53 1238.08 1625.27 2478.33 2699.09 2272.94
386.27 617.07 648.92 3634.17 1611.36 1139.82
721.13 1090.26 1363.37 3634.26 2237.73 1440.11
886.47 1262.2 1746.02 2713.37 2522.16 1867.8
765.24 1104.96 1433.26 2209.01 2526.07 2115.11
847.05 1179.92 1504.18 2250.27 2583.14 2290.44
737.93 1058.11 1338.26 2086.56 2436.98 2099.94
351.88 483.24 653.7 1010.25 785.19 536.54
635.71 874.41 1106.94 1641.96 1880.66 1670.77
816.56 1147.37 1502.03 2237.16 2472.36 2099.23
473.67 740.33 799.6 3374.5 1838.01 1357.52
894.32 1255.96 1692.55 2614.15 2688.25 2140.27
742.85 1073.87 1607.87 2460.61 2248.44 1396.73
842.98 1196.73 1579.19 2364.68 2804.16 2311.03
443.22 672.19 747.91 3758.31 1753.72 1289.27
797.61 1126.36 1439.45 2140.97 2540.17 2223.16
723.06 1040.75 1314.79 2152.98 2416.26 2063.94
362.38 607.98 572.51 4135.72 1606.72 1080.4
430.68 586.51 734.91 1067.45 1256.67 1106.4
813.34 1167.31 1577.82 2468.3 2697.54 2061.21
619.87 882.51 1130.0 2037.18 1838.13 1474.37
512.81 724.46 996.24 1569.73 1374.68 907.86
751.86 1076.69 1375.3 2090.82 2449.34 2090.41
267.48 449.74 447.3 3767.81 1347.71 864.9
531.41 760.9 929.44 2278.63 1785.68 1476.17
913.81 1303.25 1781.49 2748.33 2791.49 2066.78
868.29 1254.78 1726.68 2683.67 2734.34 1959.22
605.07 911.88 1187.17 2999.69 2140.08 1532.37
788.37 1129.51 1423.6 2461.13 2543.21 2149.86
865.18 1211.56 1580.91 2373.73 2738.84 2319.23
430.04 577.1 720.36 1049.98 1197.04 1067.73
848.04 1181.82 1508.72 2258.53 2586.19 2285.93
682.97 992.66 1240.68 2433.5 2297.25 1896.25
880.57 1228.58 1568.63 2349.19 2694.49 2385.79
622.64 855.52 1082.38 1604.36 1837.24 1632.46
730.51 1013.0 1299.21 1945.27 2173.17 1896.47
619.87 904.35 1095.33 2518.26 2122.32 1749.31
294.57 409.54 477.05 1097.44 904.09 741.19
751.74 1075.41 1435.27 2229.07 2474.88 1937.59
475.63 667.56 905.07 1412.64 1286.04 889.58
657.84 960.27 1176.9 2442.54 2246.79 1877.92
641.88 933.9 1142.91 2748.01 2226.5 1825.42
206.48 406.14 305.57 4412.66 1301.68 677.26
326.88 427.98 526.46 753.06 854.15 765.26
357.71 579.73 696.47 3892.72 1701.35 1000.25
525.84 806.83 907.69 3047.17 1940.87 1511.37
842.82 1208.74 1609.07 2391.74 2696.27 2229.04
759.35 1089.38 1346.92 2521.0 2452.74 2089.58
207.54 416.05 323.4 4220.0 1402.86 741.55
689.87 974.93 1259.08 2033.22 2188.12 1845.29
745.7 1051.75 1410.97 2112.91 2303.15 1848.58
599.82 848.95 1071.95 1611.75 1927.02 1668.65
522.36 728.43 1032.8 1547.23 1511.65 1053.63
208.2 259.19 307.75 416.56 478.48 429.31
664.93 968.93 1254.54 2967.48 2258.39 1726.15
747.61 1071.08 1375.41 2084.7 2454.72 2087.6
523.89 783.79 933.06 2788.18 1969.59 1540.21
179.07 216.33 251.82 331.34 376.58 340.65
590.02 830.75 1101.01 1685.5 1714.75 1329.98
875.81 1251.27 1714.61 2586.63 2966.04 2273.62
903.16 1273.83 1775.14 2790.62 2683.12 1974.69
778.0 1115.25 1458.52 2243.85 2573.94 2105.17
914.29 1308.82 1873.47 2969.6 2464.38 1634.68
903.95 1309.43 1841.44 2880.5 2805.11 1882.16
361.74 492.21 608.99 891.67 1056.77 921.47
796.15 1124.21 1436.64 2136.7 2535.05 2218.71
565.86 807.08 1077.1 1596.74 1725.04 1369.85
798.3 1145.15 1527.04 2372.75 2644.93 2079.92
440.13 591.69 739.33 1079.02 1230.58 1097.31
199.83 249.59 294.13 401.95 464.92 413.32
612.55 854.87 1104.91 1647.31 1842.6 1564.29
665.3 946.79 1169.0 2086.25 2104.08 1803.99
143.41 162.76 181.6 224.96 244.3 227.29
440.42 794.01 645.6 4313.17 1649.21 1002.05
804.8 1155.21 1646.11 2522.87 2582.15 1800.88
882.29 1254.69 1752.52 2650.42 2719.2 2023.1
883.34 1237.66 1608.88 2424.41 2761.66 2358.61
812.28 1166.36 1563.81 2321.52 2589.09 2114.78
653.17 939.23 1141.21 3081.96 2205.62 1817.16
652.2 934.89 1284.68 2023.32 1683.77 1194.57
808.26 1152.42 1558.01 2548.62 2639.26 2011.29
717.24 1060.64 1343.0 3386.71 2373.86 1671.44
738.34 1061.16 1336.53 2151.19 2444.13 2098.8
209.1 423.73 262.85 4858.01 1264.79 668.02
292.39 390.53 517.44 732.61 754.95 592.24
601.43 884.05 1083.77 2553.5 2144.39 1741.29
632.17 904.65 1310.51 1993.24 1908.07 1279.07
687.84 968.29 1288.12 1923.02 2124.15 1727.23
741.83 1064.09 1348.33 2098.44 2459.84 2118.94
739.24 1060.25 1291.09 2809.26 2374.84 2014.3
929.98 1337.46 2016.72 3091.5 2809.71 1724.35
393.98 562.46 648.46 1613.5 1168.34 912.35
691.25 997.13 1269.34 2196.55 2298.14 1904.53
494.42 827.29 697.59 4490.85 1739.97 1139.95
148.58 214.49 177.44 1423.11 457.65 292.61
730.23 1046.73 1325.66 2088.58 2419.65 2083.65
444.63 686.28 770.98 3234.28 1700.47 1298.3
867.0 1210.32 1541.19 2348.84 2656.7 2350.64
532.39 738.46 1075.97 1718.2 1457.84 900.53
316.34 429.44 507.25 1309.5 931.8 774.53
186.97 347.22 272.05 4527.86 1208.68 652.45
794.72 1126.37 1435.79 2266.2 2549.93 2213.12
374.48 626.34 653.66 3567.9 1692.5 1159.94
688.9 993.7 1228.22 2279.55 2233.79 1867.3
406.86 631.85 715.04 3227.7 1682.74 1241.55
933.53 1347.3 2063.89 3169.71 2819.51 1646.92
853.55 1214.37 1600.69 2447.89 2563.08 2068.46
686.39 978.69 1240.31 1873.62 2243.5 1940.38
713.32 1112.31 1584.51 3522.96 2401.51 1439.08
119.95 129.35 138.3 158.36 169.77 160.71
93.53 249.32 73.39 4896.3 915.46 334.84
621.88 883.43 1114.96 1719.12 2016.54 1740.84
544.88 743.11 936.21 1380.52 1578.75 1404.45
525.27 733.38 982.23 1513.15 1563.5 1207.23
958.56 1382.22 1935.82 3112.67 2490.44 1568.71
464.38 656.81 809.08 1578.33 1504.71 1269.69
624.24 929.99 1194.72 2805.42 2172.48 1631.82
615.58 889.87 1074.75 3101.6 2118.75 1721.88
629.98 884.21 1104.28 1970.68 1917.01 1632.89
810.83 1156.99 1528.42 2467.66 2750.13 2220.69
937.49 1398.35 2053.69 3044.79 3020.9 2099.04
847.4 1203.78 1595.47 2391.08 2835.21 2317.09
281.83 559.65 386.91 4592.27 1405.42 801.44
301.6 396.6 487.08 689.81 805.16 713.56
346.84 569.32 500.43 2559.57 1225.21 867.77
799.19 1160.82 1568.34 2347.62 2553.53 2014.04
800.3 1130.32 1444.62 2148.85 2549.58 2231.35
825.32 1195.37 1690.9 3304.65 2489.81 1567.67
815.89 1162.34 1521.21 2325.34 2473.54 2056.01
598.09 846.87 1099.6 1747.48 1884.65 1540.66
608.04 863.69 1070.84 1914.85 1934.73 1659.9
942.4 1357.11 1906.1 2973.4 2880.21 1954.87
645.23 889.82 1144.97 1703.32 1906.15 1648.29
587.65 845.58 1023.89 2263.87 1935.61 1611.15
528.38 795.29 927.35 2904.5 1923.05 1505.79
147.19 334.23 198.19 4534.77 1183.54 533.9
624.58 928.99 1292.95 2836.17 2239.76 1459.04
895.27 1272.01 1707.86 2645.95 2902.07 2318.33
718.55 1025.13 1264.6 2780.32 2351.11 1977.83
909.43 1327.16 1916.31 2943.79 3081.34 2120.0
985.35 1421.72 2093.51 3198.77 3779.91 2507.51
351.4 589.45 669.81 3283.65 1559.57 961.96
436.7 586.72 732.87 1069.14 1219.16 1087.24
681.14 956.03 1214.86 1826.86 2135.51 1867.88
447.87 621.26 776.46 1152.16 1371.58 1191.76
228.97 293.25 350.79 490.07 571.42 504.76
852.63 1231.29 1666.04 2499.21 2734.91 2200.05
388.12 521.62 640.08 1052.38 1078.93 950.45
849.67 1185.32 1521.75 2278.94 2620.15 2290.91
926.04 1318.06 1829.54 2774.35 3116.72 2333.19
793.87 1117.23 1484.45 2258.84 2399.23 1912.94
170.74 362.87 241.86 4480.61 1232.13 592.42
337.13 500.58 565.56 2044.53 1226.61 911.79
347.96 458.45 566.08 813.72 924.2 827.05
413.36 670.32 655.1 3821.77 1628.29 1148.42
483.5 659.29 844.37 1235.69 1370.69 1181.01
236.28 443.56 319.63 3944.94 1169.11 671.57
898.94 1264.48 1672.19 2517.84 2863.59 2367.37
743.69 1065.9 1351.97 2086.16 2461.87 2123.26
572.95 874.49 1017.6 3482.62 1956.93 1400.18
243.85 420.07 380.8 4315.08 1334.54 799.42
641.57 902.86 1225.93 1922.12 1674.79 1177.94
671.72 956.71 1211.78 1829.24 2189.87 1894.33
821.45 1153.62 1452.73 2462.66 2545.5 2227.53
315.73 594.96 469.72 4237.37 1496.77 920.02
880.34 1267.39 1775.34 3016.71 3212.78 2288.45
850.08 1217.51 1641.01 2477.4 2781.4 2212.32
715.83 1058.34 1268.43 3405.9 2246.96 1665.76
765.72 1088.77 1388.98 2743.23 2467.53 2046.53
410.03 598.71 669.91 2344.92 1374.67 1084.58
653.21 951.88 1261.03 2698.35 2081.31 1567.32
638.88 907.49 1147.91 1729.9 2069.8 1791.25
787.4 1111.5 1424.37 2121.51 2493.5 2171.24
599.85 826.38 1075.57 1599.61 1756.52 1483.9
480.05 671.13 896.09 1376.07 1243.86 944.06
554.04 846.28 1124.59 3986.89 2132.27 1283.85
808.56 1148.04 1479.0 2320.11 2638.1 2244.08
176.62 289.09 238.39 2100.08 759.14 457.82
169.5 393.83 219.59 4656.74 1332.18 637.03
630.97 943.72 1051.54 3030.38 2068.01 1647.73
947.98 1377.21 1909.79 3039.54 2766.29 1891.42
895.72 1273.45 1842.36 2946.87 2651.38 1758.78
732.45 1055.5 1341.54 2238.73 2439.73 2054.47
626.27 959.9 1061.91 3293.41 2078.5 1574.27
902.86 1310.6 1825.91 2916.13 2332.08 1611.02
358.4 612.3 589.46 3961.25 1570.56 1000.24
816.38 1175.31 1579.73 2415.36 2686.49 2110.01
359.1 582.13 613.23 3342.14 1598.94 1068.2
134.3 281.66 123.95 3717.75 800.27 351.66
982.96 1488.31 2262.89 3352.4 3174.23 2040.79
127.96 144.12 160.21 231.45 213.49 178.8
653.34 954.74 1164.45 2448.79 2240.54 1860.67
895.26 1280.93 1826.05 2780.41 2728.83 1953.82
740.07 1059.12 1345.17 2036.71 2440.5 2108.21
509.31 721.41 915.3 1657.48 1434.77 1134.98
488.62 730.07 854.68 3210.51 1858.54 1426.37
827.73 1165.56 1461.91 2531.92 2553.9 2213.4
842.62 1176.8 1511.06 2263.65 2593.02 2269.39
496.52 694.28 928.16 1428.83 1376.65 1016.34
898.92 1277.27 1708.72 2544.43 2737.22 2244.94
871.63 1246.99 1683.47 2574.4 2729.76 2091.34
668.68 922.07 1168.91 1736.86 1990.25 1767.44
471.13 636.49 797.59 1168.24 1333.6 1188.2
844.71 1223.54 1719.58 2719.84 3139.39 2246.76
457.62 627.68 799.53 1334.93 1311.97 1074.24
795.97 1106.08 1408.17 2103.25 2413.36 2140.68
870.67 1260.37 1749.37 2786.12 2257.39 1579.0
306.63 547.82 424.79 4575.08 1477.63 852.8
533.15 749.06 942.31 1410.11 1683.33 1459.43
648.23 906.59 1152.64 1703.95 2017.66 1768.54
682.09 974.87 1232.06 1952.36 2245.51 1933.23
545.58 853.83 1103.82 3830.32 1968.1 1123.48
876.91 1247.46 1709.95 2644.7 2531.51 1920.18
710.1 1023.34 1348.15 2026.0 2309.67 1900.51
647.8 944.96 1114.87 2747.1 2109.91 1751.61
642.03 935.58 1206.77 2320.11 1872.99 1410.3
655.28 929.63 1169.32 2114.5 2123.53 1821.29
859.26 1198.15 1531.65 2292.96 2633.83 2323.68
637.68 905.7 1145.59 1726.28 2065.44 1787.5
453.88 689.45 797.32 3165.29 1799.71 1356.74
365.05 497.17 615.43 901.69 1068.87 931.86
873.78 1218.56 1554.42 2327.2 2671.98 2368.82
550.02 774.34 975.12 1461.14 1745.0 1512.37
643.18 913.93 1156.27 1742.91 2085.53 1804.75
945.71 1375.94 1982.17 3041.97 3290.61 2273.89
501.92 766.55 858.52 3508.33 1912.4 1427.45
181.0 219.17 255.53 336.99 383.34 346.53
933.54 1348.43 1933.62 2974.97 3035.97 2099.79
546.64 847.51 973.04 3659.39 1893.42 1295.61
936.92 1340.27 1877.6 2877.26 2985.99 2186.48
300.49 533.67 449.37 4403.53 1471.11 916.99
620.04 892.72 1104.8 2724.3 2075.94 1657.08
280.74 524.25 434.35 4448.28 1344.13 692.54
214.94 417.37 329.22 4257.29 1328.81 714.42
768.69 1106.22 1433.68 2163.59 2507.82 2108.59
878.75 1227.81 1570.79 2378.5 2705.09 2377.69
311.5 416.92 511.29 739.71 873.11 763.78
885.82 1258.56 1797.68 2855.82 2644.52 1819.95
377.62 589.82 650.87 2857.33 1380.7 932.87
351.28 548.13 493.06 2943.73 1146.98 770.73
334.55 617.79 373.97 5239.93 1325.44 648.63
913.35 1300.62 1864.32 2838.98 2771.09 1950.43
551.7 834.21 925.55 3352.6 1938.41 1514.18
691.39 970.08 1235.49 1830.2 2168.61 1899.87
750.43 1073.42 1454.23 2290.59 2087.82 1495.82
821.58 1163.42 1505.66 2246.99 2617.89 2247.83
688.0 1031.38 1401.44 3298.03 2481.73 1675.99
902.96 1292.8 1840.86 2934.79 2973.46 2026.1
560.41 837.33 1042.29 3335.71 2104.74 1559.34
498.05 730.72 877.73 2191.77 1729.43 1400.84
575.47 788.65 1010.73 1507.53 1671.55 1444.78
768.98 1100.4 1430.11 2190.48 2497.27 2079.34
659.31 944.21 1211.1 2505.45 1996.61 1573.59
484.59 681.03 926.76 1346.09 1396.08 1072.42
867.82 1245.71 1718.85 2672.02 2746.12 2080.57
284.59 372.79 467.97 664.14 741.57 629.38
565.06 833.77 993.32 2949.71 1968.18 1597.78
148.77 258.63 199.47 2760.82 818.11 429.03
474.22 722.43 778.35 2294.45 1606.19 1270.17
807.79 1138.17 1512.33 2281.19 2527.08 2069.54
719.88 1029.06 1370.41 2076.62 2420.17 1922.25
141.74 162.55 181.17 226.25 252.58 231.0
694.89 1026.27 1329.44 2953.89 2505.03 1843.79
624.58 914.15 1131.41 2530.61 2079.96 1592.24
595.4 945.82 1238.02 3878.48 2085.81 1161.03
267.9 388.04 377.81 1494.43 759.95 566.23
661.78 949.33 1164.83 2870.29 2205.68 1838.61
792.8 1101.49 1402.21 2094.12 2402.81 2131.37
829.25 1194.87 1636.96 2498.26 2673.72 2052.35
723.23 1016.92 1296.63 1923.35 2279.98 1996.77
611.27 927.19 1205.12 3130.83 2150.56 1575.05
227.48 417.6 336.74 4318.79 1233.89 703.18
453.32 610.76 764.12 1116.99 1274.42 1135.99
818.72 1174.61 1656.78 2598.23 2981.24 2134.62
455.81 692.6 794.94 3557.16 1802.57 1324.3
110.42 115.07 119.6 130.01 134.65 130.57
802.77 1156.31 1588.03 2463.48 2509.6 1800.38
468.18 641.68 806.92 1177.16 1387.85 1220.54
761.32 1100.57 1468.38 2501.64 2482.32 1919.73
507.55 752.7 887.31 2595.59 1837.38 1444.38
566.66 849.27 983.64 3280.18 2089.58 1614.2
130.51 153.74 157.36 478.61 248.31 205.38
362.03 522.73 591.22 1864.49 1181.18 939.26
810.88 1147.65 1467.51 2214.52 2587.59 2254.41
831.01 1220.98 1724.12 2642.98 2994.3 2174.38
871.77 1224.25 1597.7 2403.08 2726.36 2313.77
576.74 882.88 1007.21 2932.3 2085.32 1653.27
261.71 333.76 403.95 565.45 637.5 574.15
970.96 1412.73 1973.06 3159.21 2797.09 1856.73
774.42 1107.97 1449.06 2226.15 2503.37 2061.96
455.69 788.18 603.8 4771.06 1636.14 1002.57
363.31 625.5 621.61 4097.89 1695.18 1033.94
256.29 346.57 394.5 1093.13 734.46 594.2
152.08 211.77 202.35 1271.29 503.71 331.58
686.87 992.71 1237.37 2145.18 2292.38 1952.95
660.57 1000.43 1365.12 3274.45 2583.38 1778.41
822.78 1183.92 1637.42 2482.8 2777.26 2086.33
360.17 496.91 611.93 1208.55 1110.92 907.33
494.12 722.99 844.15 2836.06 1667.02 1335.63
190.44 230.74 270.0 360.32 400.62 365.18
770.36 1104.07 1461.02 2329.5 2571.28 2086.5
496.47 726.57 871.57 2438.31 1696.76 1314.47
422.78 574.89 719.75 1044.34 1229.05 1082.37
388.32 562.31 658.0 1888.98 1313.68 1053.46
695.23 1015.8 1244.03 2326.86 2328.91 1948.82
279.32 508.42 412.66 4390.88 1430.05 870.76
387.81 533.01 711.28 1090.17 1009.9 721.01
918.37 1303.35 1774.86 2701.62 2889.76 2254.02
463.17 634.32 797.32 1162.53 1370.35 1205.31
731.29 1052.02 1301.85 2555.68 2415.43 2043.62
958.61 1400.52 2131.76 3469.17 3899.23 2382.08
222.9 391.43 352.06 3861.61 1017.29 566.91
912.69 1309.59 1783.96 2660.15 2844.62 2281.47
604.38 886.37 1088.6 2558.99 2139.36 1758.72
512.4 737.97 872.17 2236.82 1686.67 1380.29
728.99 1038.81 1307.79 2343.38 2365.5 2036.61
564.16 782.89 991.21 1457.97 1723.58 1512.66
802.52 1133.58 1448.88 2155.34 2557.34 2238.1
929.05 1342.99 1948.57 2977.61 3327.92 2253.64
787.57 1143.9 1387.65 2902.95 2506.65 2063.38
815.91 1160.97 1495.52 2686.33 2543.93 2123.79
254.7 440.0 382.42 3189.03 1215.08 751.42
718.95 1036.81 1245.45 2976.35 2352.25 1956.29
449.08 623.42 779.63 1164.44 1377.86 1194.19
699.34 1026.63 1363.91 3344.99 2607.56 1849.44
263.06 446.56 443.08 3714.53 1350.31 865.04
349.26 589.19 527.41 4220.2 1527.31 970.82
926.66 1358.99 1996.24 3079.2 3168.42 2093.2
751.48 1076.3 1368.19 2073.58 2478.13 2137.82
553.29 816.39 972.45 3157.51 2019.31 1598.97
717.91 1035.52 1317.57 2273.14 2436.45 2034.88
790.57 1117.78 1444.21 2161.27 2553.51 2185.94
746.32 1034.3 1314.84 1960.33 2248.32 1995.09
903.2 1335.77 1916.85 2947.09 3315.59 2344.15
451.24 621.06 774.98 1273.38 1358.05 1179.67
649.95 909.11 1155.93 1708.96 2023.66 1773.75
490.25 710.45 854.21 2471.28 1713.5 1377.82
857.14 1195.49 1531.74 2299.19 2622.86 2302.25
839.09 1197.21 1590.04 2391.06 2725.87 2229.41
465.53 672.13 847.49 1941.1 1645.01 1255.8
397.26 586.11 739.18 2048.59 1326.6 900.1
291.68 407.52 460.75 1176.98 861.06 704.87
891.56 1281.82 1725.54 2682.75 2694.27 2049.67
793.22 1138.48 1529.71 2327.62 2556.89 2021.9
443.48 688.97 650.53 3083.62 1415.51 1017.16
882.06 1231.22 1573.85 2358.82 2699.19 2382.47
482.75 663.12 834.9 1219.79 1438.81 1264.88
719.86 1027.33 1390.39 2172.45 2356.44 1785.06
644.82 974.36 1113.07 2746.53 2221.49 1805.86
375.32 619.55 645.25 3553.78 1734.78 1174.08
790.44 1130.25 1504.86 2331.21 2521.32 2010.77
568.79 841.42 1018.63 2644.78 2070.14 1659.31
462.16 732.46 763.64 3564.23 1837.42 1320.98
825.26 1195.63 1687.98 3073.01 2794.81 1848.24
701.65 991.59 1229.2 2412.63 2203.03 1887.64
467.88 737.99 841.59 2987.56 1901.07 1427.3
693.21 1032.41 1192.39 2854.11 2311.1 1903.64
135.18 189.01 168.52 1310.35 457.36 282.22
608.91 887.93 1093.43 2777.48 2112.82 1713.27
527.01 730.88 944.89 1415.86 1513.32 1248.54
535.44 847.31 991.64 3724.21 2017.91 1317.27
527.98 855.46 802.72 3958.91 1855.48 1305.92
828.92 1194.46 1620.49 2481.37 2726.26 2104.35
739.2 1061.34 1342.74 2113.51 2454.73 2112.09
598.32 867.42 1083.08 2129.18 2037.17 1670.66
556.34 827.69 943.97 2645.4 1882.31 1492.97
461.88 675.6 794.05 1871.15 1540.9 1263.5
859.22 1234.9 1732.69 2759.69 2858.01 2004.14
809.37 1166.26 1531.94 2369.73 2561.46 2052.48
617.28 977.11 1192.17 4523.11 2547.4 1419.73
248.76 315.05 379.62 528.2 594.48 536.2
829.79 1180.09 1709.62 2602.46 2493.03 1700.07
728.46 1021.17 1284.31 2301.56 2270.12 1973.85
354.27 601.98 539.1 4061.88 1502.69 994.02
383.8 510.26 633.44 916.88 1043.34 932.14
504.4 759.96 868.23 2763.08 1828.09 1426.1
536.21 741.78 937.55 1376.21 1625.83 1427.61
837.61 1219.3 1667.66 2643.82 2323.9 1694.2
298.98 646.73 287.97 4984.23 1384.59 707.12
612.62 892.44 1093.78 2776.08 2138.09 1754.6
244.84 404.79 341.82 3036.12 1024.76 628.32
701.42 989.16 1299.2 1958.96 2296.0 1892.0
384.82 526.79 653.86 961.46 1141.12 993.89
848.77 1217.11 1624.28 2443.61 2838.7 2307.8
632.31 934.08 1169.91 2666.78 2234.27 1776.25
873.44 1247.76 1705.04 2801.22 2738.48 2096.77
807.66 1143.93 1468.76 2231.74 2593.21 2233.7
522.48 733.07 921.56 1377.84 1644.32 1425.93
761.54 1084.86 1516.85 2289.86 2592.71 1893.36
886.24 1265.62 1738.24 2622.6 3107.52 2370.25
776.25 1095.96 1398.56 2108.36 2471.72 2159.93
478.42 754.21 764.22 3773.02 1695.26 1119.36
327.62 441.08 542.63 788.46 932.04 814.38
941.35 1354.18 1961.64 2991.73 3325.91 2267.77
810.74 1146.27 1464.72 2193.81 2589.56 2264.28
462.26 807.64 659.12 4142.14 1765.71 1197.36
839.05 1191.86 1597.58 2398.62 2642.74 2135.33
136.46 272.24 117.7 3313.39 775.08 324.94
905.56 1277.51 1684.45 2590.09 2630.92 2129.98
561.9 820.9 982.95 3066.51 1968.28 1575.29
135.99 274.0 173.69 3387.0 900.3 420.78
853.79 1226.67 1646.09 2479.79 2873.06 2313.11
508.04 711.43 893.47 1334.15 1591.53 1380.61
766.15 1062.97 1352.12 2017.41 2314.23 2053.23
696.57 994.61 1263.36 1926.69 2278.87 1958.57
948.32 1387.14 2108.57 3435.11 3865.11 2363.55
810.52 1155.52 1488.49 2816.09 2690.77 2179.46
733.04 1053.19 1331.21 2135.44 2439.64 2094.82
856.83 1199.7 1524.44 2427.15 2645.45 2323.86
540.59 800.92 944.68 2415.6 1878.93 1527.13
563.78 810.24 997.33 1871.74 1858.51 1572.2
663.75 977.61 1186.89 3010.44 2336.48 1836.55
427.01 648.31 636.93 2672.38 1329.09 985.29
135.49 315.53 115.29 4591.4 945.67 390.19
859.69 1231.84 1717.04 2604.22 2709.38 2033.4
561.63 822.8 969.74 3376.84 2008.59 1587.0
504.87 775.86 884.6 3253.29 1987.23 1489.32
643.95 920.72 1148.02 2285.15 2137.32 1801.54
137.77 318.4 120.49 4576.19 952.33 397.72
339.43 600.69 598.26 4094.03 1611.99 930.19
615.32 880.59 1065.3 2666.56 2000.86 1667.88
963.52 1376.63 2070.03 3170.5 2864.26 1763.73
611.49 872.69 1101.15 1830.92 1991.35 1685.7
586.16 863.04 1034.2 2499.55 2029.73 1664.27
589.93 836.59 1073.37 1985.28 1942.85 1583.9
318.1 559.22 484.79 3956.48 1444.93 928.77
738.63 1023.19 1300.39 1938.19 2222.75 1972.54
855.68 1254.58 1745.38 2673.82 3055.2 2280.84
742.1 1065.69 1353.73 2136.68 2459.91 2102.82
668.47 997.89 1284.17 3247.96 2105.37 1411.46
569.52 778.74 982.54 1451.46 1660.67 1476.71
549.07 814.16 975.19 2583.71 1966.93 1521.14
115.1 122.22 129.0 144.19 152.83 145.97
727.27 1048.1 1518.63 2505.25 2344.85 1523.47
280.46 370.41 450.92 645.82 759.65 666.36
479.35 736.61 863.36 3206.26 1910.2 1386.22
259.91 335.73 411.08 576.45 656.59 572.5
825.45 1238.45 1701.14 3098.73 2553.79 1760.55
909.39 1303.57 1776.74 2641.72 2745.47 2172.22
535.31 862.68 821.26 3896.41 1875.97 1333.46
565.08 784.25 992.98 1460.67 1726.8 1515.46
971.92 1451.6 2158.9 3330.57 3681.19 2437.96
779.91 1118.34 1451.09 2853.09 2472.99 2001.12
785.83 1103.06 1402.36 2422.4 2459.0 2119.77
968.93 1414.21 1983.26 3185.99 2791.14 1817.26
831.45 1190.42 1616.59 2514.0 2470.24 1889.47
799.19 1134.31 1441.92 2277.95 2558.56 2217.64
905.14 1287.63 1884.88 3033.53 2657.92 1700.55
623.94 908.17 1141.44 3091.79 2125.81 1600.48
907.71 1338.69 1913.8 2839.32 2918.76 2139.94
369.34 489.36 606.27 875.27 995.28 889.75
851.89 1225.52 1647.14 2586.49 2477.92 1846.07
822.91 1179.62 1610.89 2536.72 2375.32 1705.96
795.59 1146.8 1561.85 2380.21 2557.34 1977.76
632.36 915.48 1154.16 2257.61 2134.61 1764.51
767.93 1087.8 1369.72 2556.63 2405.17 2022.9
782.04 1145.61 1612.86 2392.76 2389.02 1736.66
751.78 1076.48 1370.2 2077.67 2477.99 2134.31
284.05 379.86 512.71 746.94 808.11 580.68
837.34 1176.43 1487.28 2494.58 2596.94 2265.18
745.46 1065.29 1323.15 2787.98 2419.22 2029.85
746.67 1067.28 1406.9 2466.15 2105.86 1639.85
772.48 1115.01 1400.36 2852.28 2462.67 2006.87
887.93 1274.67 1747.02 2690.76 2764.8 2027.83
954.11 1381.53 1970.53 3092.59 2915.32 1871.94
525.98 807.18 949.16 2797.79 2019.46 1574.06
385.62 614.97 774.99 3786.01 1610.96 910.2
957.84 1431.96 2137.54 3149.16 2830.09 1793.26
154.23 181.27 205.46 264.04 298.24 270.21
151.49 298.48 204.08 4544.77 1107.85 552.8
314.55 515.11 534.08 3456.8 1500.74 984.91
429.45 660.97 757.77 3151.21 1734.97 1300.71
399.38 656.39 709.43 3359.62 1756.74 1240.97
157.98 204.23 192.64 751.75 348.28 259.66
802.47 1137.3 1447.69 2231.92 2570.62 2241.14
453.27 699.51 792.96 3196.63 1830.15 1349.04
877.85 1251.81 1809.26 2904.36 2619.28 1731.47
514.53 846.64 767.69 3786.24 1821.21 1317.88
626.5 941.74 1044.62 3350.58 2102.91 1642.78
931.64 1332.42 1796.01 2804.62 2752.9 2089.83
161.08 220.64 209.37 1103.53 462.28 331.77
811.29 1150.91 1509.11 2480.59 2530.77 2110.7
807.78 1142.61 1459.03 2204.65 2582.93 2256.37
138.81 157.09 174.51 213.54 235.74 218.11
790.54 1116.91 1434.23 2138.08 2509.73 2172.31
158.57 187.77 213.9 277.15 314.1 283.82
822.89 1167.47 1529.53 2287.03 2611.06 2197.75
884.99 1243.88 1615.56 2453.24 2675.67 2266.4
764.25 1072.52 1354.74 2420.36 2371.58 2047.35
538.31 797.3 954.63 2994.9 1969.02 1563.47
231.96 293.55 384.11 562.39 519.77 382.26
133.56 224.16 168.66 2776.8 720.62 383.88
933.03 1340.87 1965.17 3185.09 3100.31 1944.58
951.83 1378.7 2004.12 3094.69 3103.04 2073.96
213.66 400.23 309.56 4378.4 1201.02 665.16
643.32 954.32 1059.37 3425.61 2095.81 1645.18
598.3 840.28 1147.52 1715.3 1953.59 1480.4
707.06 1018.0 1303.35 2600.59 2356.26 1907.37
302.62 410.63 519.3 942.81 872.28 681.11
775.83 1106.64 1427.82 2387.73 2499.6 2092.94
805.65 1153.15 1533.67 2540.19 2470.32 1979.27
372.51 659.53 577.96 4106.25 1616.36 1063.03
417.82 680.38 693.2 4080.39 1738.18 1138.63
348.93 459.86 567.91 816.52 927.44 829.91
844.65 1233.87 1791.34 2752.99 2978.82 2006.48
726.09 1046.08 1339.98 2448.41 2446.24 2003.37
204.67 254.0 300.98 406.24 466.13 418.57
447.56 679.73 766.38 3357.12 1764.56 1292.47
347.15 492.32 574.76 1696.08 1104.61 865.76
576.77 852.85 1030.45 2697.52 2027.53 1651.62
685.3 989.35 1239.9 2284.83 2323.63 1967.56
335.46 452.83 557.88 812.18 960.71 838.99
275.24 624.25 231.35 5137.79 1327.16 631.72
447.67 620.97 776.08 1151.57 1370.87 1191.15
271.63 357.18 433.76 619.12 727.38 638.66
813.39 1149.63 1470.51 2188.46 2596.28 2270.02
859.62 1247.08 1775.55 2822.75 3243.81 2263.56
187.02 230.4 269.22 363.21 418.1 373.12
156.44 209.39 203.34 936.57 426.13 314.07
913.27 1302.27 1774.53 2694.05 2992.5 2332.1
715.26 1021.48 1265.9 2324.04 2295.61 1959.54
591.86 903.07 1095.11 3416.75 2139.71 1588.27
509.27 796.32 920.82 3346.63 1984.72 1401.01
813.87 1150.4 1471.82 2191.61 2593.34 2265.68
405.6 637.64 706.69 3574.34 1707.45 1162.84
647.09 919.8 1163.89 1754.75 2099.84 1817.04
889.7 1247.4 1626.51 2463.94 2819.57 2390.63
938.07 1366.79 1939.98 2870.48 2840.3 2068.59
906.43 1315.7 1861.64 2841.52 3133.19 2250.15
517.81 714.7 902.22 1322.37 1561.45 1371.59
359.54 600.13 628.82 3829.24 1639.54 1025.82
330.23 543.67 556.8 3213.77 1521.14 1016.25
679.27 952.26 1212.24 1794.76 2126.24 1863.01
969.84 1405.75 2059.8 3188.73 3156.66 2066.71
847.11 1212.85 1694.21 2584.06 2653.3 1949.74
323.74 525.21 442.28 3114.16 1126.84 713.13
511.84 814.35 859.81 3498.86 1925.59 1444.8
845.45 1226.34 1768.14 2708.98 2924.16 2006.67
826.29 1209.23 1788.35 2758.02 2808.65 1813.39
617.67 913.39 1056.48 3331.73 2135.08 1715.12
388.02 628.68 715.97 4037.13 1391.29 772.09
650.99 940.0 1101.31 2623.17 2017.92 1655.07
248.99 389.84 367.34 2326.48 952.78 637.81
915.81 1318.14 1976.43 3025.08 2786.36 1738.53
770.54 1082.14 1432.88 2176.14 2322.37 1865.83
808.79 1183.28 1606.84 2584.54 2859.32 2193.94
523.06 731.59 967.13 1480.83 1490.65 1150.05
669.0 964.73 1184.41 2429.17 2204.54 1861.99
454.12 611.9 765.61 1119.27 1277.06 1138.32
559.07 763.63 962.9 1421.38 1625.94 1446.07
358.41 568.94 599.54 3188.58 1498.33 1041.35
973.49 1472.96 2232.1 3308.52 3149.14 2039.0
912.27 1297.61 1791.11 2720.47 2823.89 2171.09
349.54 647.47 446.34 3844.64 1401.22 871.04
680.92 976.47 1231.18 2039.74 2261.77 1938.01
651.91 906.95 1181.08 1747.72 1927.01 1637.58
696.91 1016.73 1307.14 2980.1 2293.61 1741.03
418.07 640.25 717.06 3507.75 1672.34 1230.14
366.62 651.1 574.53 3982.89 1611.53 1062.99
494.41 780.46 778.43 3668.09 1774.53 1257.85
669.76 971.01 1203.51 2286.16 2265.98 1913.84
580.16 923.8 1185.38 3663.84 2117.97 1324.03
315.9 538.61 525.06 3583.7 1309.69 739.1
611.37 882.59 1016.58 2507.7 1881.28 1557.19
380.42 520.21 645.32 948.18 1125.06 980.1
598.0 819.89 1036.05 1533.41 1755.31 1560.19
827.82 1198.26 1701.71 2602.33 2614.84 1863.06
675.9 947.3 1205.77 1784.9 2114.45 1852.75
905.66 1288.28 1723.92 2607.24 2955.16 2404.07
420.9 580.86 724.03 1070.6 1273.02 1107.14
788.74 1141.33 1512.73 2273.6 2537.31 2063.34
65.11 191.37 68.28 4391.98 891.88 345.82
410.62 654.03 665.4 3610.36 1615.7 1154.27
492.2 763.84 830.78 3574.03 1891.14 1423.11
602.87 831.92 1068.3 1578.95 1764.83 1529.73
413.69 639.65 716.07 3288.28 1712.12 1230.77
306.63 409.63 501.82 724.98 855.32 748.5
710.58 1029.68 1264.47 3037.39 2332.39 1879.17
560.63 810.27 974.03 2320.74 1855.28 1538.48
756.1 1048.44 1333.23 1988.49 2280.83 2023.77
741.46 1052.18 1309.94 2672.86 2396.15 2036.68
460.43 658.9 794.79 1696.34 1500.65 1252.15
443.31 710.09 724.32 3662.35 1795.6 1267.34
455.45 647.94 926.5 1789.22 1359.9 855.81
318.29 561.65 448.0 4529.87 1502.36 884.0
417.32 566.86 709.27 1028.37 1209.95 1065.75
395.78 584.16 669.77 2253.0 1407.55 1085.69
872.29 1218.42 1563.05 2345.94 2666.01 2332.88
876.21 1306.04 1936.53 2867.55 2784.6 1889.7
701.65 997.41 1355.33 2007.56 2134.3 1703.85
598.27 906.94 1006.73 3174.11 2061.47 1604.09
817.89 1137.77 1449.38 2166.35 2486.23 2204.95
534.53 739.3 934.32 1371.29 1619.94 1422.48
853.95 1195.3 1586.92 2429.84 2569.62 2108.25
696.3 1002.25 1276.46 2157.03 2330.14 1952.32
563.17 769.55 970.6 1433.18 1639.56 1458.08
702.31 986.14 1256.46 1862.15 2206.81 1933.11
767.66 1099.67 1438.96 2271.14 2486.69 2033.04
687.32 967.31 1251.07 1860.21 2177.68 1854.17
693.72 1005.75 1249.14 2324.85 2344.73 1980.33
811.02 1150.69 1484.84 2296.02 2641.94 2250.33
632.87 898.6 1173.4 1769.92 2078.9 1701.91
719.25 1051.94 1363.71 2567.16 2516.56 2003.53
819.97 1174.01 1580.99 2450.85 2471.05 1924.78
227.24 287.42 346.68 476.48 544.37 481.61
193.69 300.92 278.5 2669.5 853.12 532.23
359.94 489.74 652.43 956.07 1062.35 815.03
701.32 984.7 1254.58 1859.27 2203.37 1930.12
915.71 1359.7 1981.91 2931.49 2758.22 1861.42
913.83 1303.55 1778.13 2700.09 2997.68 2331.09
958.13 1366.98 2037.23 3116.76 2853.27 1804.65
842.11 1192.79 1600.38 2453.74 2614.19 2090.11
845.71 1220.28 1657.47 2565.79 2685.04 1993.72
770.13 1108.4 1436.64 2181.78 2586.32 2166.83
805.53 1141.64 1424.06 2672.81 2533.43 2166.54
874.24 1251.34 1693.0 2591.66 2735.8 2083.41
491.23 758.15 843.41 3503.88 1944.06 1428.03
841.88 1202.36 1602.98 2412.98 2739.97 2225.07
474.66 678.31 823.09 1687.75 1544.2 1294.68
560.62 765.87 965.81 1425.84 1631.09 1450.61
573.65 883.03 984.83 3229.42 2062.77 1614.16
551.52 832.29 1038.65 3680.56 2151.83 1523.21
949.15 1370.15 1917.41 3083.32 2479.75 1565.5
426.29 679.16 810.36 3425.32 1495.57 875.75
579.32 884.44 942.07 3521.13 1966.98 1488.44
747.33 1039.32 1336.85 2003.75 2249.9 1942.54
530.89 745.67 937.91 1403.27 1675.05 1452.32
674.48 960.84 1217.14 1837.58 2199.95 1902.99
760.36 1105.48 1538.8 2722.09 2543.0 1790.56
760.86 1055.33 1342.19 2002.2 2296.67 2037.74
704.68 982.34 1297.26 1943.17 2106.11 1747.61
707.15 977.68 1241.22 1847.59 2118.12 1880.24
910.36 1318.59 1916.34 2940.68 2876.08 1962.64
908.06 1283.75 1820.97 2888.54 2680.27 1882.81
138.08 305.01 159.69 4731.03 1019.2 454.39
614.11 871.13 1118.34 1685.01 1964.73 1661.5
871.53 1285.5 1863.18 2855.0 3187.86 2216.91
919.3 1363.68 1991.66 2942.82 2814.01 1901.6
718.21 993.68 1262.02 1879.43 2154.9 1912.68
640.33 922.83 1137.16 2076.3 2105.71 1782.79
601.27 837.49 1062.46 1566.54 1853.38 1625.6
858.64 1230.54 1707.51 2825.45 2650.64 1950.11
898.04 1296.4 1847.33 2819.73 3180.38 2233.96
251.93 603.56 170.83 5339.62 1266.36 550.15
371.53 506.88 628.02 921.28 1092.55 952.19
216.76 274.95 327.04 453.14 526.79 466.43
896.7 1305.32 1981.37 3041.13 2738.37 1658.43
614.78 884.9 1102.3 1988.11 2061.11 1742.16
936.04 1394.75 2057.71 3037.65 2792.84 1827.24
597.7 884.31 1094.17 2832.76 2106.55 1647.85
740.27 1060.87 1368.47 2100.86 2486.43 2084.49
866.41 1210.34 1540.88 2388.97 2664.17 2353.24
884.95 1286.0 1781.35 2704.2 3086.22 2346.04
528.99 829.29 983.89 3532.95 2013.1 1431.48
673.19 1007.81 1130.46 3197.51 2219.2 1774.06
627.16 923.59 1148.12 2816.99 2128.76 1670.77
645.9 933.95 1152.32 2740.18 2220.28 1837.88
215.77 395.71 326.54 4109.83 1119.26 667.5
618.14 878.34 1076.49 2248.29 1969.05 1654.96
775.79 1088.43 1367.32 2353.3 2401.92 2098.72
752.86 1067.16 1373.14 2547.96 2350.34 1926.46
742.9 1062.05 1496.74 2272.59 2694.83 1925.01
786.82 1116.26 1418.21 2284.72 2532.91 2199.57
323.16 530.39 529.28 3819.99 1377.92 948.88
733.8 1032.47 1316.93 1954.28 2316.96 2028.95
616.76 949.84 1172.58 4091.95 2016.03 1124.85
441.42 679.73 756.15 3425.51 1671.5 1267.82
507.66 710.86 892.74 1333.01 1590.15 1379.42
750.9 1075.53 1367.24 2071.17 2480.92 2141.2
421.34 590.43 706.25 1662.34 1320.23 1092.82
807.23 1162.94 1525.9 2358.8 2558.39 2055.63
867.38 1237.26 1772.82 2835.74 2607.55 1764.91
974.2 1425.96 2194.43 3589.34 4019.01 2396.73
908.08 1336.16 1911.9 3108.57 2201.56 1335.64
553.22 817.34 925.37 3022.31 1894.48 1490.16
525.09 817.11 825.62 3680.07 1807.21 1312.29
807.46 1140.85 1458.37 2169.8 2574.63 2253.15
512.22 782.26 837.7 3061.24 1774.88 1336.0
780.54 1083.77 1379.16 2058.83 2362.06 2095.42
936.11 1374.18 2029.3 3134.91 3204.14 2089.75
451.6 802.08 614.31 4390.04 1720.15 1134.14
417.67 576.02 717.75 1060.84 1261.21 1097.0
720.6 1040.79 1319.4 2281.49 2444.99 2040.66
348.33 553.88 580.56 3924.26 1565.74 1069.37
785.41 1090.82 1388.33 2072.86 2378.27 2109.72
452.46 609.51 762.5 1114.51 1271.57 1133.47
721.63 1027.03 1273.25 2719.05 2353.51 1986.44
747.72 1056.21 1361.7 2039.64 2315.2 1986.31
941.39 1374.8 1961.61 2900.86 2848.69 2049.9
415.29 563.88 705.38 1022.45 1202.87 1059.59
221.79 279.92 341.61 470.85 526.69 452.78
120.82 270.79 151.34 3620.91 995.22 435.9
792.81 1123.24 1430.93 2241.74 2549.41 2217.45
612.98 914.4 1058.99 3231.41 2181.24 1727.96
662.72 939.38 1301.63 1973.08 2078.9 1533.51
531.28 734.52 928.08 1361.78 1608.57 1412.59
887.91 1242.65 1600.76 2416.11 2677.69 2316.85
420.7 571.83 715.76 1038.27 1221.78 1076.05
629.2 906.21 1176.01 2532.01 1890.08 1395.52
808.3 1142.08 1459.97 2172.24 2577.55 2255.69
906.91 1329.54 1936.42 2987.69 3102.64 2085.21
250.43 457.48 347.16 4280.88 1276.54 750.36
575.38 845.27 993.64 3219.81 1962.64 1589.81
491.61 824.45 690.78 4511.18 1732.44 1129.98
523.49 808.56 918.15 3062.29 2029.91 1554.75
565.4 783.65 1021.92 1549.41 1552.09 1281.4
562.28 780.13 987.6 1452.47 1717.0 1506.94
269.44 441.43 458.16 3003.28 1134.35 652.18
512.98 718.0 964.26 1501.89 1342.96 954.49
227.56 291.15 348.06 485.82 566.28 500.35
311.9 406.32 498.3 709.93 804.35 721.33
693.13 984.58 1285.08 2290.34 2200.69 1778.93
574.9 851.61 1004.27 2267.96 1884.1 1515.41
919.63 1351.89 1940.9 2863.71 2818.28 1995.48
427.54 678.27 740.37 3386.63 1784.62 1280.84
806.28 1127.64 1434.67 2295.25 2443.21 2122.96
570.26 831.49 1014.65 2610.41 2007.0 1614.53
695.77 992.74 1258.54 1901.97 2277.76 1969.8
577.94 790.9 998.35 1475.67 1688.63 1501.37
896.5 1260.66 1637.8 2487.8 2713.42 2298.1
279.05 363.43 443.79 623.84 726.3 644.94
469.01 670.92 905.58 1807.05 1566.62 1095.43
286.38 498.9 493.02 4461.28 1484.34 809.25
579.79 793.58 1001.83 1481.01 1694.8 1506.81
980.21 1415.12 2080.93 3209.39 3762.64 2494.97
929.01 1339.85 2041.56 3132.78 2811.05 1670.31
331.62 555.85 497.47 4001.21 1406.15 916.3
900.64 1296.11 1790.87 3004.37 2887.26 2090.87
652.63 950.97 1151.06 2365.93 2173.24 1811.77
916.53 1299.18 1736.48 2698.26 2601.84 2013.8
289.07 477.99 467.27 4145.91 1434.62 916.27
595.55 877.46 1025.61 3151.14 2036.28 1621.45
208.99 260.35 309.26 418.86 481.23 431.7
728.48 1044.75 1284.46 2800.3 2401.76 2013.58
973.66 1451.77 2153.93 3322.18 3669.9 2442.88
200.95 252.85 292.46 511.1 472.22 412.1
617.29 918.64 1170.24 2718.32 2231.22 1675.45
327.98 627.98 537.68 4575.98 1500.26 809.11
748.7 1056.51 1372.3 2044.31 2401.69 2034.15
243.63 516.32 317.27 4668.08 1330.32 709.9
722.62 1032.98 1310.76 1983.19 2375.92 2054.08
804.75 1162.54 1536.68 2474.78 2590.12 2009.08
767.35 1104.58 1432.71 2530.11 2535.73 2027.87
879.38 1227.21 1569.07 2350.31 2690.35 2376.72
809.43 1152.14 1500.56 2368.29 2581.43 2154.89
481.36 651.28 816.82 1197.69 1367.61 1218.19
429.59 599.83 847.15 1272.87 1311.49 901.61
103.34 104.83 106.28 109.62 111.11 109.8
748.56 1072.42 1363.1 2079.91 2472.23 2130.72
857.75 1204.2 1542.41 2474.66 2648.04 2290.84
298.74 545.49 470.52 4160.53 1585.6 964.99
797.86 1142.4 1512.41 2329.22 2472.62 1992.8
453.36 785.83 598.16 4787.92 1629.9 994.3
929.81 1380.66 2022.37 2987.17 2842.73 1908.03
900.0 1298.18 1911.75 2924.03 2739.73 1808.96
129.44 289.43 164.52 4454.17 1123.31 490.64
779.66 1115.24 1467.28 2260.46 2509.23 2045.24
915.06 1318.47 1818.43 2700.39 2755.35 2128.72
522.17 710.28 893.53 1315.16 1503.27 1337.86
499.16 764.44 854.73 3090.94 1852.09 1426.62
538.0 815.2 1030.5 3414.09 1974.58 1390.22
198.2 263.05 275.59 931.39 524.11 408.72
810.61 1128.47 1438.05 2181.44 2473.34 2184.55
853.6 1218.65 1731.19 2791.05 2586.82 1783.96
402.46 599.63 692.44 2151.69 1478.16 1140.35
880.81 1228.73 1567.64 2347.45 2695.37 2389.44
857.9 1198.92 1523.51 2369.07 2634.61 2325.86
656.77 920.06 1168.12 1752.28 2049.72 1793.7
760.38 1060.56 1339.76 2159.57 2323.72 2045.18
373.92 625.37 577.48 3997.96 1547.2 1046.09
962.0 1398.0 2014.0 3173.0 2939.0 1816.0
69.0 191.5 59.0 4653.5 930.0 346.0
134.0 394.5 95.5 5146.0 1087.0 409.5
969.0 1403.0 2079.0 3181.0 3518.0 2279.0
155.0 368.0 123.0 5163.0 1156.0 447.0
89.8 263.8 87.2 4769.8 1060.5 381.0
971.0 1390.0 2115.5 3245.0 2879.5 1707.0
122.0 299.0 89.0 4632.0 914.0 354.0
72.0 203.8 71.8 4231.5 957.5 341.5
907.5 1325.5 2047.5 3151.5 2757.0 1579.5
948.0 1357.0 1978.0 3155.0 2462.0 1531.0
56.8 180.8 53.0 4412.8 873.5 325.0
119.5 322.5 80.5 4825.8 970.8 371.8
948.0 1376.0 2046.0 3146.0 2970.0 1921.0
911.0 1341.0 1922.0 3127.8 2196.5 1320.8
985.0 1493.5 2276.8 3372.5 3183.8 2033.8
76.2 218.5 55.5 4643.8 764.8 282.8
962.5 1390.0 1954.5 3151.5 2480.0 1527.0
959.5 1435.2 2145.2 3160.2 2832.8 1787.8
88.5 243.0 63.5 4918.0 903.5 321.0
978.0 1422.0 2105.0 3266.0 3199.0 2037.0
79.2 209.2 66.0 4931.0 970.2 374.0
222.2 574.0 104.8 5481.0 1198.8 463.2
992.0 1434.0 2127.0 3253.0 3849.0 2515.0
980.5 1432.2 2016.0 3245.2 2807.8 1800.2
966.0 1422.0 2112.0 3259.5 3477.0 2237.5
109.2 304.0 68.8 5231.2 1052.0 412.0
978.0 1434.0 2220.0 3640.0 4073.0 2397.0
81.5 229.5 75.0 4588.5 1023.0 369.5
937.0 1353.0 2081.0 3198.0 2826.0 1629.0
924.0 1316.0 1970.0 3207.0 2671.0 1584.0
102.5 315.2 89.5 4914.0 1200.8 467.0
980.0 1467.0 2194.0 3388.8 3736.5 2446.5
955.0 1376.0 2056.0 3368.0 3193.0 1885.0
977.5 1462.0 2197.0 3231.5 2940.0 1846.5
939.0 1381.8 2053.5 3176.2 3230.8 2074.0
265.0 540.0 222.0 5608.0 1151.0 427.0
83.0 265.0 84.5 4714.5 1156.5 420.5
245.0 494.0 207.0 5231.5 1090.0 397.0
304.0 635.0 236.5 5868.5 1229.5 464.5
138.0 335.0 114.0 4964.0 1063.0 407.0
53.8 244.8 74.8 4340.2 1057.2 381.2
750.0 1074.0 1364.0 2066.0 2476.0 2140.0
813.0 1149.0 1469.0 2186.0 2594.0 2270.0
881.0 1229.0 1568.0 2348.0 2696.0 2390.0
100.0 100.0 100.0 100.0 100.0 100.0
