0.3752
0.8278
0.8093
0.8214
0.7351
0.6729
0.2162
0.388
0.3479
0.2422
0.0145
0.5698
0.0725
0.0436
0.4177
0.8907
0.3737
0.1532
0.977
0.7809
0.4178
0.5663
0.0338
0.65
0.711
0.5458
0.2506
0.7004
0.8635
0.4614
0.7232
0.9094
0.6173
0.3835
0.1264
0.6311
0.302
0.4692
0.5498
0.75
0.1207
0.3613
0.4222
0.4761
0.9698
0.0053
0.1545
0.1521
0.2695
0.7672
0.7778
0.9821
0.4775
0.3567
0.4796
0.9788
0.6412
0.2735
0.0938
0.5276
0.339
0.5437
0.1
0.0589
0.2723
0.977
0.4691
0.0032
0.6664
0.2918
0.5861
0.5544
0.1966
0.5494
0.0796
0.2931
0.6358
0.3409
0.1122
0.5829
0.4969
0.9648
0.3001
0.8538
0.6789
0.9042
0.3908
0.6464
0.3741
0.0365
0.1127
0.3412
0.3146
0.6522
0.0151
0.7408
0.4965
0.2431
0.3469
0.318
0.5292
0.8623
0.2988
0.0568
0.5052
0.8051
0.141
0.767
0.7072
0.7361
0.1104
0.5176
0.4319
0.4639
0.9965
0.5482
0.4637
0.5807
0.2681
0.4031
0.7942
0.6115
0.2018
0.2975
0.9762
0.099
0.6658
0.2489
0.7235
0.4764
0.2621
0.5415
0.3035
0.3481
0.3454
0.2056
0.6923
0.0619
0.5346
0.0539
0.2339
0.2736
0.6082
0.1725
0.4628
0.8332
0.9642
0.9605
0.2369
0.5407
0.0459
0.3671
0.084
0.0874
0.3298
0.5248
0.5633
0.8518
0.6972
0.5907
0.4959
0.0658
0.2926
0.9985
0.6661
0.5881
0.6426
0.3242
0.7202
0.4843
0.0022
0.9811
0.7959
0.6756
0.6387
0.7673
0.9342
0.8908
0.9059
0.5985
0.5175
0.7372
0.1644
0.6664
0.7913
0.6988
0.6062
0.492
0.1427
0.785
0.1131
0.9569
0.2997
0.6493
0.4345
0.7624
0.8422
0.1615
0.9329
0.1446
0.1097
0.9547
0.3129
0.1605
0.1305
0.5673
0.2999
0.9795
0.8717
0.0185
0.9396
0.9587
0.2923
0.5305
0.459
0.5879
0.1418
0.7627
0.7571
0.3672
0.0307
0.017
0.9374
0.3247
0.8431
0.3773
0.5834
0.2502
0.1205
0.8522
0.6037
0.94
0.9766
0.5113
0.7201
0.7941
0.0187
0.0507
0.6835
0.8949
0.0458
0.2571
0.7969
0.4944
0.2448
0.675
0.9042
0.9677
0.5958
0.4613
0.0248
0.987
0.0533
0.1652
0.7977
0.8744
0.5027
0.7181
0.4284
0.6704
0.8859
0.3855
0.2961
0.7352
0.4116
0.0982
0.7405
0.2372
0.9902
0.6086
0.389
0.915
0.1337
0.3752
0.2687
0.1484
0.0064
0.517
0.4114
0.087
0.3728
0.1557
0.3477
0.8081
0.9586
0.3816
0.2838
0.8006
0.3344
0.8523
0.014
0.6315
0.6159
0.6913
0.5133
0.9792
0.3513
0.4152
0.8147
0.9235
0.2294
0.7781
0.4893
0.1014
0.673
0.3959
0.4554
0.1539
0.5559
0.9411
0.8071
0.7694
0.6386
0.7954
0.2513
0.7088
0.5612
0.0624
0.4895
0.4144
0.0112
0.4115
0.3761
0.4949
0.8212
0.2687
0.3634
0.9579
0.7397
0.928
0.0151
0.4338
0.021
0.2042
0.7297
0.8825
0.746
0.644
0.3328
0.2425
0.7512
0.3969
0.2851
0.5498
0.6494
0.8168
0.8385
0.0955
0.4803
0.3483
0.1951
0.1684
0.0497
0.257
0.8159
0.8041
0.0017
0.9652
0.8044
0.7081
0.9529
0.0544
0.6339
0.6024
0.9191
0.9987
0.4363
0.3249
0.0531
0.6443
0.485
0.8416
0.46
0.4958
0.1734
0.4421
0.2568
0.1598
0.8827
0.2838
0.3762
0.8862
0.9291
0.99
0.0652
0.0535
0.5024
0.6017
0.1896
0.4302
0.6384
0.9019
0.9271
0.2393
0.6155
0.0904
0.667
0.9215
0.4011
0.4259
0.4837
0.1097
0.9856
0.0397
0.1889
0.2686
0.5582
0.7943
0.1446
0.3953
0.1345
0.0719
0.3699
0.2032
0.1293
0.1194
0.8858
0.7961
0.0107
0.8155
0.0941
0.9624
0.2328
0.6112
0.6921
0.0903
0.7094
0.7821
0.4216
0.588
0.5339
0.4543
0.6374
0.962
0.503
0.8515
0.3382
0.4817
0.6553
0.6466
0.0629
0.3083
0.9597
0.9971
0.8521
0.9157
0.3469
0.0676
0.4035
0.131
0.5454
0.7524
0.3865
0.5841
0.8883
0.2982
0.0471
0.1558
0.8311
0.4953
0.4004
0.5336
0.2212
0.7356
0.5389
0.9804
0.7465
0.8853
0.9018
0.2297
0.2767
0.0368
0.8647
0.7972
0.9644
0.7258
0.3053
0.2987
0.2718
0.9123
0.9409
0.9336
0.5241
0.8227
0.8581
0.3287
0.5035
0.7752
0.6606
0.7386
0.4589
0.2061
0.0311
0.2548
0.4512
0.1064
0.9423
0.8894
0.3302
0.3599
0.203
0.3024
0.5535
0.3801
0.9834
0.6197
0.8654
0.5952
0.5941
0.5118
0.8322
0.4548
0.8183
0.825
0.6642
0.0609
0.7658
0.4683
0.1411
0.2339
0.1271
0.4968
0.9009
0.6956
0.755
0.5011
0.9053
0.6531
0.2107
0.3706
0.5784
0.2682
0.5943
0.2599
0.2388
0.478
0.5814
0.9976
0.7767
0.5486
0.2729
0.0254
0.6208
0.036
0.0327
0.8564
0.3601
0.7651
0.6208
0.3378
0.8483
0.6
0.4974
0.3278
0.5762
0.6211
0.1505
0.7376
0.6276
0.9622
0.7013
0.1796
0.1735
0.7063
0.3131
0.1265
0.7566
0.5242
0.9074
0.0131
0.8433
0.9149
0.6814
0.5307
0.3568
0.744
0.8635
0.0079
0.1625
0.2312
0.4206
0.5405
0.065
0.9491
0.3258
0.1137
0.3908
0.3498
0.5944
0.4827
0.021
0.435
0.9025
0.6204
0.7701
0.0626
0.9763
0.9626
0.1804
0.4406
0.2121
0.6044
0.3155
0.9452
0.8448
0.4417
0.6091
0.7984
0.2505
0.4186
0.3416
0.7018
0.4117
0.6754
0.6296
0.6945
0.2995
0.7492
0.7914
0.5654
0.6889
0.7155
0.3838
0.6955
0.5255
0.0876
0.7999
0.1475
0.6864
0.108
0.176
0.1091
0.6776
0.1546
0.9883
0.813
0.5721
0.1101
0.6455
0.5762
0.5457
0.0364
0.7135
0.8176
0.6407
0.2687
0.3898
0.0517
0.6263
0.9454
0.5249
0.7839
0.6767
0.3363
0.178
0.8536
0.6307
0.5402
0.9569
0.4247
0.5466
0.1356
0.7795
0.6895
0.2114
0.14
0.2834
0.654
0.871
0.8348
0.5333
0.0237
0.4218
0.4871
0.8618
0.9699
0.5405
0.993
0.749
0.8107
0.4465
0.8778
0.9796
0.31
0.6914
0.451
0.2777
0.0645
0.0593
0.6383
0.0961
0.3703
0.8256
0.0773
0.7685
0.5577
0.236
0.5791
0.5769
0.0774
0.4081
0.3973
0.901
0.7276
0.4654
0.5821
0.0483
0.7226
0.2154
0.5021
0.0053
0.7626
0.3349
0.4919
0.7603
0.1452
0.0017
0.9454
0.811
0.6532
0.987
0.1183
0.2948
0.6092
0.9252
0.696
0.9348
0.0978
0.826
0.57
0.6324
0.7192
0.1007
0.3541
0.7116
0.6792
0.1397
0.0318
0.0465
0.5567
0.4171
0.1863
0.6572
0.8895
0.8242
0.3219
0.461
0.7417
0.1383
0.4004
0.2055
0.8732
0.6027
0.9199
0.9818
0.4534
0.2487
0.4285
0.3506
0.3292
0.2629
0.1384
0.7623
0.2968
0.0993
0.2026
0.6442
0.9834
0.507
0.1528
0.5313
0.4125
0.4438
0.3781
0.0927
0.2537
0.4936
0.2008
0.8648
0.245
0.7897
0.9401
0.5737
0.384
0.1637
0.9591
0.1481
0.5338
0.481
0.5173
0.6047
0.5672
0.0548
0.2921
0.4232
0.3246
0.761
0.6838
0.0445
0.2577
0.6048
0.2956
0.8008
0.3341
0.1237
0.6821
0.963
0.7904
0.8941
0.3409
0.1537
0.2508
0.6477
0.4032
0.1287
0.4995
0.7294
0.9856
0.3218
0.2086
0.675
0.5645
0.1466
0.1733
0.2249
0.8426
0.1179
0.5293
0.7231
0.3623
0.7364
0.9534
0.4377
0.0737
0.6972
0.7146
0.8413
0.6981
0.7938
0.1901
0.1805
0.063
0.3926
0.2542
0.1562
0.4168
0.9049
0.7944
0.6433
0.5129
0.7507
0.4683
0.5565
0.5395
0.3727
0.3011
0.3691
0.2967
0.6086
0.8561
0.532
0.4186
0.584
0.3567
0.1465
0.2659
0.2401
0.2976
0.8436
0.6552
0.4732
0.9476
0.6616
0.0764
0.211
0.1278
0.4727
0.149
0.6098
0.3401
0.6458
0.3134
0.5299
0.0471
0.9588
0.6714
0.3894
0.9647
0.8957
0.1149
0.9131
0.3681
0.1829
0.1957
0.813
0.2704
0.6841
0.8542
0.8306
0.8754
0.2239
0.9163
0.4185
0.4693
0.9104
0.617
0.4666
0.1669
0.2141
0.8065
0.8686
0.0096
0.5598
0.8106
0.289
0.3928
0.993
0.4775
0.9093
0.3508
0.006
0.6602
0.96
0.99
0.1361
0.3126
0.9648
0.3318
0.9295
0.1589
0.7356
0.1787
0.5823
0.923
0.5631
0.2702
0.4347
0.2258
0.6138
0.7832
0.5016
0.7221
0.9279
0.8673
0.6263
0.9167
0.5765
0.1383
0.1529
0.5797
0.6324
0.4304
0.7795
0.9558
0.9227
0.9637
0.9827
0.3683
0.1535
0.0959
0.5982
0.617
0.6289
0.4019
0.6211
0.6787
0.0351
0.2592
0.4982
0.7923
0.3255
0.856
0.8611
0.8732
0.099
0.1895
0.5996
0.2573
0.4159
0.5696
0.2311
0.9129
0.7899
0.0967
0.0935
0.6228
0.8683
0.6227
0.9938
0.2888
0.3626
0.6818
0.9159
0.7378
0.5455
0.6607
0.492
0.8824
0.7202
0.5381
0.0
1.0
1.0
0.0
1.0
1.0
0.0
1.0
1.0
0.0
0.0
1.0
1.0
0.0
0.0
0.0
1.0
0.0
0.0
1.0
0.0
1.0
1.0
0.0
0.0
0.0
1.0
0.0
1.0
0.0
0.0
1.0
0.0
0.0
0.0
0.0
1.0
1.0
1.0
1.0
1.0
1.0
0.0
0.0
0.0
0.0
