0.1193
0.41
0.755
0.8018
0.8623
0.1981
0.2851
0.7938
0.9944
0.2205
0.5625
0.4734
0.0743
0.2741
0.6337
0.1275
0.3649
0.4945
0.6615
0.6553
0.7272
0.9001
0.5852
0.8195
0.9027
0.668
0.0799
0.9499
0.5818
0.6969
0.6409
0.4037
0.0436
0.1427
0.9298
0.0127
0.1404
0.3594
0.7013
0.0618
0.2979
0.8602
0.0338
0.6142
0.2909
0.9984
0.5929
0.8505
0.9421
0.5896
0.3081
0.8271
0.7279
0.0736
0.8018
0.1338
0.3669
0.1069
0.5216
0.1899
0.1307
0.5432
0.4328
0.5685
0.076
0.5375
0.5899
0.3942
0.3601
0.0267
0.312
0.5541
0.7317
0.733
0.801
0.0253
0.4764
0.3474
0.5985
0.6118
0.8572
0.246
0.9434
0.0096
0.54
0.326
0.7936
0.6377
0.5532
0.8188
0.3852
0.1145
0.0794
0.4185
0.3769
0.6604
0.3996
0.2259
0.5483
0.0175
0.3624
0.2092
0.2522
0.0102
0.0005
0.6276
0.6379
0.9009
0.798
0.2091
0.1042
0.2447
0.6848
0.762
0.474
0.4539
0.9505
0.4857
0.9577
0.1857
0.4861
0.662
0.1869
0.5421
0.0732
0.1614
0.9751
0.3496
0.5152
0.3849
0.762
0.6842
0.4343
0.36
0.6649
0.6117
0.5887
0.9857
0.1591
0.892
0.4902
0.1585
0.6727
0.7362
0.8898
0.973
0.9152
0.2821
0.0129
0.2132
0.6922
0.2561
0.7906
0.6688
0.6131
0.5304
0.3142
0.094
0.9035
0.2093
0.1686
0.4492
0.1916
0.1857
0.0014
0.224
0.2741
0.8436
0.5228
0.9872
0.5714
0.8747
0.3935
0.5856
0.8052
0.8832
0.193
0.5372
0.2079
0.9278
0.7547
0.0304
0.3562
0.3744
0.0331
0.9546
0.3352
0.7668
0.0474
0.1607
0.5004
0.3155
0.6962
0.6829
0.9001
0.6796
0.4164
0.9652
0.6521
0.6106
0.6879
0.7508
0.7335
0.5694
0.2766
0.3274
0.2729
0.4702
0.152
0.5297
0.1472
0.344
0.0342
0.2217
0.272
0.7443
0.9426
0.4131
0.6979
0.9671
0.1696
0.8583
0.1978
0.037
0.8327
0.0897
0.8314
0.9215
0.267
0.3558
0.8132
0.8192
0.5448
0.4649
0.8816
0.3819
0.1218
0.5838
0.2087
0.887
0.0124
0.3998
0.662
0.6091
0.0419
0.6992
0.5274
0.2366
0.2792
0.3053
0.3768
0.2089
0.6529
0.9384
0.2652
0.3783
0.2081
0.8714
0.7504
0.3454
0.1265
0.0129
0.3773
0.9531
0.6269
0.7717
0.7667
0.48
0.4504
0.6745
0.8263
0.8894
0.0673
0.7036
0.1335
0.8821
0.0139
0.708
0.5344
0.6109
0.141
0.4411
0.1365
0.9516
0.9199
0.9341
0.5367
0.5657
0.8389
0.414
0.5934
0.5209
0.3845
0.837
0.8153
0.2213
0.7345
0.5917
0.0687
0.2192
0.3724
0.3439
0.7218
0.8514
0.0588
0.286
0.1138
0.8914
0.3048
0.0177
0.9341
0.3123
0.7173
0.7553
0.3824
0.1948
0.1264
0.69
0.1725
0.5065
0.6425
0.2663
0.7196
0.2929
0.199
0.3489
0.1065
0.843
0.0632
0.5779
0.5767
0.2808
0.3309
0.4674
0.0514
0.8785
0.8584
0.4133
0.8396
0.5822
0.6105
0.8599
0.6758
0.9805
0.4866
0.0937
0.7001
0.0572
0.6407
0.0173
0.0862
0.4836
0.9052
0.1531
0.8913
0.078
0.7164
0.3119
0.2981
0.5043
0.1275
0.6558
0.1817
0.53
0.6768
0.137
0.5551
0.0151
0.7519
0.5747
0.1398
0.8922
0.4697
0.3469
0.8418
0.1521
0.4847
0.9427
0.0329
0.9095
0.373
0.0255
0.5096
0.032
0.8535
0.0805
0.1332
0.5627
0.6129
0.2653
0.4991
0.3454
0.9716
0.8702
0.7997
0.5216
0.8337
0.512
0.1822
0.181
0.9923
0.5557
0.8533
0.6394
0.8598
0.714
0.0531
0.7412
0.834
0.6337
0.1442
0.8189
0.2319
0.6
0.0484
0.5946
0.7831
0.1986
0.9994
0.7414
0.2916
0.683
0.3763
0.4354
0.7432
0.8744
0.8021
0.7877
0.0955
0.8913
0.9876
0.5696
0.7701
0.3294
0.9694
0.384
0.6103
0.089
0.5316
0.3395
0.7869
0.1109
0.0192
0.2069
0.0681
0.3671
0.6508
0.1572
0.0126
0.9046
0.7793
0.7656
0.3344
0.1297
0.2353
0.9642
0.2346
0.4299
0.2452
0.1098
0.2445
0.98
0.8714
0.2446
0.9448
0.3356
0.8024
0.059
0.785
0.1455
0.6474
0.378
0.4469
0.3321
0.1852
0.4951
0.0193
0.6522
0.3352
0.0535
0.4506
0.8945
0.1667
0.88
0.5439
0.3823
0.8662
0.0637
0.1723
0.3402
0.7149
0.986
0.377
0.4448
0.3793
0.9435
0.0138
0.6842
0.9435
0.3565
0.9475
0.5804
0.4655
0.1648
0.7405
0.0061
0.7694
0.4206
0.0699
0.8446
0.0916
0.0988
0.1732
0.3938
0.9039
0.6401
0.6869
0.3775
0.6914
0.3788
0.4196
0.5814
0.407
0.3868
0.4953
0.933
0.261
0.6092
0.8614
0.6204
0.5678
0.3507
0.2853
0.4016
0.9785
0.9062
0.4464
0.2943
0.0916
0.9314
0.3695
0.4149
0.4407
0.3896
0.8236
0.7376
0.4603
0.5277
0.4695
0.0008
0.641
0.5833
0.6292
0.1066
0.4223
0.5788
0.206
0.3354
0.7562
0.1974
0.0958
0.2032
0.4853
0.5149
0.4542
0.7172
0.4724
0.8725
0.8219
0.3961
0.5933
0.6627
0.052
0.2951
0.9105
0.7231
0.7268
0.0388
0.2869
0.5031
0.428
0.3271
0.5329
0.8682
0.8631
0.7501
0.6382
0.4321
0.8916
0.2499
0.3188
0.992
0.8502
0.7658
0.1797
0.9655
0.0473
0.6118
0.5047
0.4344
0.8182
0.8555
0.5178
0.4965
0.0791
0.198
0.1716
0.8306
0.4284
0.5707
0.4102
0.4493
0.0015
0.7722
0.086
0.9657
0.3795
0.1957
0.1078
0.3792
0.6399
0.876
0.0371
0.7727
0.8406
0.9572
0.0668
0.8908
0.1343
0.4072
0.1647
0.2252
0.0804
0.8918
0.2486
0.367
0.6529
0.4412
0.0333
0.8663
0.6954
0.8327
0.0946
0.084
0.2292
0.5381
0.8766
0.6754
0.7284
0.3851
0.2037
0.1821
0.1609
0.9983
0.7908
0.3877
0.0672
0.5444
0.1224
0.5396
0.2441
0.3994
0.6646
0.5455
0.2474
0.6601
0.352
0.778
0.617
0.2595
0.3069
0.0807
0.665
0.1213
0.513
0.8801
0.051
0.9249
0.4737
0.2227
0.4474
0.3106
0.7238
0.6733
0.8243
0.2301
0.2484
0.1075
0.5928
0.2749
0.2681
0.7949
0.9242
0.3907
0.8388
0.7032
0.6199
0.395
0.3756
0.6876
0.1391
0.9338
0.9421
0.116
0.3001
0.2386
0.4895
0.4557
0.9698
0.4344
0.2661
0.6502
0.3295
0.5974
0.9037
0.942
0.8846
0.5782
0.1339
0.5137
0.1399
0.2191
0.4647
0.1949
0.9377
0.4324
0.0604
0.3692
0.5143
0.4373
0.6412
0.9711
0.8122
0.8883
0.012
0.5622
0.2196
0.6708
0.2588
0.9353
0.2742
0.6597
0.0921
0.0639
0.5461
0.3044
0.5471
0.3928
0.2103
0.8471
0.4021
0.5113
0.569
0.902
0.9534
0.0776
0.3431
0.4163
0.8562
0.8583
0.5011
0.9679
0.6454
0.7586
0.9426
0.528
0.4423
0.4279
0.5832
0.3615
0.8934
0.3966
0.6146
0.0128
0.6607
0.6389
0.3478
0.6623
0.2785
0.5964
0.7978
0.9763
0.5349
0.287
0.6448
0.8769
0.2582
0.8679
0.7476
0.4327
0.5671
0.5711
0.0943
0.9928
0.5023
0.3401
0.3659
0.8422
0.0403
0.8526
0.564
0.722
0.5856
0.5393
0.4221
0.2172
0.8326
0.5182
0.6532
0.4387
0.4141
0.5118
0.1212
0.7744
0.1548
0.7124
0.084
0.7098
0.9405
0.3586
0.919
0.6163
0.4836
0.8019
0.6819
0.8976
0.027
0.8716
0.669
0.2834
0.9597
0.0851
0.3074
0.5672
0.3064
0.8004
0.4397
0.2026
0.335
0.454
0.6813
0.9272
0.5688
0.4863
0.5456
0.6951
0.2755
0.759
0.5037
0.1348
0.3762
0.5923
0.491
0.508
0.1531
0.5836
0.0673
0.8618
0.8908
0.5182
0.6328
0.909
0.9223
0.9124
0.1594
0.0438
0.9864
0.3256
0.584
0.9727
0.2139
0.8612
0.7594
0.107
0.9106
0.3673
0.0485
0.8915
0.5247
0.6773
0.5022
0.6636
0.556
0.7758
0.3716
0.5065
0.9232
0.6569
0.6647
0.2232
0.3719
0.4898
0.2035
0.175
0.8531
0.5081
0.4588
0.9613
0.8994
0.2028
0.6438
0.109
0.0895
0.6543
0.5484
0.2201
0.1765
0.9733
0.2106
0.4199
0.3664
0.6931
0.1598
0.8551
0.5019
0.6674
0.1924
0.0776
0.4655
0.6428
0.8979
0.9575
0.8502
0.2744
0.8651
0.9816
0.2437
0.6874
0.7329
0.1449
0.3052
0.871
0.1242
0.0705
0.6378
0.9802
0.9854
0.8352
0.2254
0.0756
0.2764
0.2986
0.3122
0.7818
0.6395
0.2919
0.5448
0.3016
0.3334
0.0156
0.4708
0.7933
0.1774
0.7328
0.0406
0.6257
0.2328
0.7893
0.2114
0.5756
0.2756
0.7238
0.2962
0.5197
0.9832
0.9523
0.2301
0.6018
0.918
0.1053
0.9013
0.5733
0.9914
0.4389
0.62
0.0669
0.6571
0.2714
0.4408
0.1602
0.0096
0.0935
0.9073
0.2011
0.7867
0.0484
0.8306
0.2293
0.766
0.4349
0.59
0.6831
0.6934
0.3637
0.8602
0.299
0.844
0.79
0.8856
0.7237
0.0
0.0
0.0
0.0
0.0
0.0
0.0
0.0
0.0
0.0
0.0
0.0
0.0
0.0
0.0
0.0
0.0
0.0
0.0
0.0
0.0
0.0
0.0
0.0
0.0
0.0
0.0
0.0
0.0
0.0
0.0
0.0
0.0
0.0
0.0
0.0
0.0
0.0
0.0
0.0
0.0
0.0
1.0
1.0
1.0
0.0
