326.11 534.03 523.6 2965.07 1363.27 1025.89
473.19 684.08 855.38 2273.08 1791.6 1587.78
766.75 1156.08 1534.21 3970.05 3005.89 1871.62
104.2 193.13 85.76 2442.38 534.59 242.43
169.32 318.25 273.58 3803.28 997.57 553.35
168.7 316.98 293.39 4177.74 1199.12 545.47
352.66 533.34 575.21 3486.49 1551.93 996.84
656.28 865.06 1055.93 2322.19 2124.81 1939.34
380.15 722.94 447.48 5560.76 1491.55 672.27
542.37 863.19 1013.48 3368.08 2052.32 1228.75
602.17 865.84 969.87 3698.89 2141.75 1498.84
505.73 681.16 815.2 2694.2 1888.96 1610.87
118.65 312.8 81.35 4619.82 932.85 359.95
98.46 114.92 98.6 517.19 195.52 128.98
289.32 495.84 412.46 4305.43 1432.93 944.7
558.87 827.12 1098.5 3233.85 2047.47 1387.19
362.63 570.5 523.17 2957.34 1172.48 751.82
729.43 1004.72 1255.41 2435.92 2390.06 1874.05
111.0 309.22 106.46 4535.9 1140.42 466.5
108.58 290.3 70.89 4886.67 988.08 391.05
121.19 323.92 83.64 4811.08 973.12 376.35
336.82 701.67 400.6 5123.41 1468.42 672.8
102.28 111.1 100.95 309.71 143.74 114.37
234.44 448.18 327.76 4472.68 1232.62 544.24
517.77 654.31 826.16 1433.72 1623.23 1519.3
135.46 280.95 191.71 4087.05 1093.88 496.52
396.53 571.18 748.41 1820.22 1174.53 734.73
451.73 636.04 782.82 2795.88 1299.7 1066.78
393.01 553.05 657.45 2016.34 1415.34 1227.09
388.71 558.13 698.37 2482.45 1478.11 1031.23
85.5 216.89 98.65 4098.01 966.12 361.83
527.16 826.28 914.64 4292.22 1759.8 971.4
483.58 674.84 827.63 2251.86 1741.94 1535.88
146.39 326.06 119.4 4370.76 990.76 392.7
635.23 871.22 985.08 2648.61 2148.2 1916.11
205.87 432.16 283.98 4652.67 1192.88 546.15
330.16 615.39 728.31 4053.01 1688.33 871.66
192.68 412.52 259.59 4494.05 1366.8 712.93
514.41 744.42 1005.33 2554.23 1859.27 1593.37
170.36 318.87 280.58 3504.25 1003.58 449.93
160.47 187.17 205.7 373.63 323.59 294.83
514.87 765.33 949.72 3653.62 1822.86 1243.63
351.38 637.33 428.06 5192.44 1325.92 616.35
564.78 842.2 1129.41 3020.47 2099.96 1472.4
825.65 1188.94 1584.0 3231.21 2760.17 2058.79
200.26 488.9 103.94 4514.88 1001.52 397.99
512.09 741.37 1064.52 2393.01 1806.19 1638.09
525.33 818.83 1071.07 4017.41 1953.76 1134.17
599.47 814.45 1094.37 1925.11 1979.64 1652.93
921.77 1352.45 1956.51 3450.69 3037.5 1910.04
382.97 579.1 585.35 3675.1 1522.93 1141.27
476.38 656.21 652.87 2979.92 1705.82 1333.93
127.72 271.45 110.21 3648.72 802.59 323.98
556.44 759.43 848.49 2742.83 1847.66 1591.61
98.36 126.27 97.95 848.97 254.05 145.07
98.07 130.99 97.58 983.5 281.72 153.16
832.86 1223.48 1768.35 3486.42 3355.07 2140.01
340.51 676.56 338.55 5728.26 1339.62 544.17
538.15 868.98 1152.8 3992.85 2009.78 1121.18
514.87 663.16 834.12 1588.11 1628.96 1467.44
716.18 1036.63 1467.69 3098.33 2301.75 1546.22
187.83 357.56 332.07 4118.23 1250.74 543.96
422.76 639.98 842.93 2742.87 1613.02 979.61
190.2 266.78 313.08 1531.21 651.08 501.55
868.81 1257.17 1855.06 3414.67 2956.74 1751.19
131.19 266.41 177.7 3733.16 967.43 428.0
379.18 651.21 686.46 4137.24 1349.75 676.3
194.7 408.55 306.02 4110.88 1345.82 761.67
90.87 246.56 88.55 4278.3 959.41 351.42
82.21 133.27 80.65 1875.81 418.49 192.64
86.69 229.16 87.87 3712.05 926.99 350.88
343.32 582.46 702.05 3851.38 1869.94 954.16
790.28 1175.5 1675.13 3724.17 2460.3 1366.57
202.52 317.67 285.53 2435.38 958.71 618.79
215.58 416.67 304.33 4450.44 1167.4 537.33
86.18 172.57 77.41 3310.3 678.27 282.08
708.23 1088.05 1459.57 3794.66 2758.81 1695.17
82.07 215.49 93.0 4181.69 975.35 370.17
416.06 637.62 657.8 3645.92 1738.04 1328.45
439.31 623.99 756.92 2884.23 1290.72 1043.03
317.24 620.8 539.61 4730.52 1613.37 812.1
167.15 323.2 186.23 3844.81 978.84 525.38
450.54 689.77 817.62 3157.11 1542.71 829.68
866.93 1333.75 1977.18 3570.76 2881.9 1807.07
312.28 523.81 621.06 3994.07 1566.43 815.84
741.68 1014.05 1358.9 2112.82 2372.65 2216.1
700.98 1002.66 1492.26 2579.08 2091.25 1232.07
480.61 798.8 917.93 4295.27 1781.97 924.81
224.62 489.57 306.01 4655.29 1305.31 720.46
897.79 1331.39 1942.92 3281.12 3362.12 2318.25
441.96 733.53 885.07 4127.08 2006.09 1166.88
539.56 927.48 923.82 4490.9 1945.32 1043.53
102.11 281.85 91.13 4167.89 1030.19 410.12
362.87 653.94 489.55 4529.77 1280.06 575.26
356.3 498.82 660.19 1334.8 959.4 617.21
565.04 784.04 998.65 1589.11 1763.58 1652.32
385.62 614.95 638.4 3251.1 1320.25 954.95
401.14 553.44 748.25 1203.31 1148.5 1076.11
358.57 610.63 731.19 4168.87 1615.8 826.24
463.78 760.4 890.45 4159.2 2003.13 1144.75
163.9 267.57 142.75 1906.81 453.78 214.17
258.73 439.62 452.65 3905.59 1150.54 548.56
752.94 1076.03 1381.61 3195.96 2243.17 1777.39
707.59 984.5 1220.8 2971.31 2351.94 2096.01
303.34 503.15 431.39 3647.3 1367.38 960.11
273.34 440.06 486.73 3123.67 1163.58 657.34
985.5 1425.28 2112.33 3264.95 3828.5 2499.76
874.06 1188.11 1657.07 2653.84 2760.51 2143.5
183.65 302.06 248.3 3230.81 1054.12 614.79
122.25 237.62 108.2 2948.46 663.95 279.79
616.71 918.63 1255.06 2328.69 2046.44 1717.59
314.3 587.19 670.3 4000.8 1567.91 785.78
387.28 656.06 790.61 4051.12 1899.98 1054.4
91.14 265.37 89.87 4764.57 1063.52 385.12
219.26 366.39 255.5 2746.67 734.46 368.42
259.06 373.48 412.54 1816.18 842.95 660.5
86.2 233.98 87.41 3846.96 957.88 360.25
174.4 318.03 258.24 4073.38 1148.76 662.07
285.97 522.44 418.35 3915.39 1297.62 823.66
243.37 436.82 424.15 4358.31 1090.25 522.15
553.0 845.18 866.06 3790.48 1899.8 1475.37
607.65 951.56 1247.28 3997.19 2432.24 1445.28
217.82 393.42 338.35 4075.47 963.46 532.64
431.66 715.73 871.62 4150.21 1952.19 1050.24
232.4 467.3 359.02 3868.59 1115.47 525.38
794.1 1203.31 1560.45 3860.79 2502.8 1471.15
694.5 873.99 1123.37 1714.5 2230.44 2141.37
502.26 717.79 917.68 1743.56 1562.35 1428.08
411.0 557.5 686.92 1753.07 1282.6 1108.72
144.84 312.52 185.22 4760.99 1034.6 432.32
198.99 286.28 245.32 1916.04 716.42 491.54
679.51 883.71 1015.48 2572.07 2052.91 1811.52
657.43 1036.4 1206.77 3773.55 2348.45 1639.96
342.9 566.89 518.31 4185.83 1493.29 1028.01
463.15 710.5 764.38 3605.47 1711.03 1224.49
572.23 863.32 1170.47 3546.22 2333.22 1461.9
184.94 453.88 216.3 5020.2 1189.29 485.78
266.99 487.98 429.64 4383.63 1359.74 683.51
79.58 160.26 73.0 3099.02 646.65 262.02
184.6 284.19 228.71 1780.55 655.11 446.11
241.55 419.67 424.44 4252.58 1207.57 567.0
731.7 1113.4 1494.82 3539.19 2337.79 1419.22
141.53 253.82 153.74 3285.89 756.58 379.12
93.42 244.64 100.81 4549.66 1050.68 398.53
828.52 1206.28 1668.75 2823.88 2242.9 1547.93
217.62 302.76 273.81 1441.05 613.46 453.73
818.53 1204.17 1699.92 3410.85 2616.24 1579.84
712.1 1082.52 1480.59 3508.96 1946.67 1104.53
300.47 545.95 520.08 4129.51 1409.05 682.41
168.18 330.8 271.89 4098.86 1158.44 519.05
286.29 498.15 539.71 4325.34 1323.55 624.65
700.86 916.64 1200.75 1844.12 2386.25 2299.23
95.92 121.4 93.34 1046.71 270.53 153.69
122.26 292.81 97.05 3403.7 746.21 302.63
214.65 325.27 290.11 1876.45 681.42 377.08
166.24 349.01 155.64 4560.05 1089.26 490.99
86.42 125.4 85.23 1455.7 343.14 170.73
181.44 364.59 251.6 4376.48 1264.71 667.0
283.05 550.32 414.86 4371.65 1387.59 846.79
666.31 916.37 1176.48 2039.77 2262.45 2113.63
345.18 592.65 672.3 4244.54 1628.64 783.22
313.92 422.35 588.59 879.13 856.65 572.49
101.07 192.23 95.5 2163.19 571.78 257.29
931.99 1288.95 1810.76 2909.04 3094.11 2402.02
188.59 376.93 251.88 4185.91 1092.71 601.68
628.83 910.8 1014.58 3300.57 1961.62 1636.6
95.72 141.5 96.1 1260.69 365.74 180.62
831.19 1139.89 1635.23 2268.42 2686.34 2559.47
191.87 360.35 263.62 3722.13 1020.26 492.67
98.02 119.18 98.2 636.37 222.8 137.25
659.94 1023.36 1429.71 3543.16 2545.56 1540.34
97.61 138.36 97.0 1193.68 324.95 165.81
355.49 513.3 683.13 1732.99 1175.89 1043.61
335.92 516.91 477.53 3665.08 1457.71 989.14
200.65 368.39 174.42 3459.76 741.09 299.46
106.85 252.0 76.75 3923.15 809.32 332.46
539.7 857.98 1077.76 4257.42 2115.86 1217.2
190.16 394.37 201.05 4651.73 1169.07 541.64
162.84 343.74 102.47 2867.03 665.03 286.77
650.71 962.08 1263.66 2968.92 2228.11 1749.1
178.28 366.21 225.59 4434.42 1048.58 528.02
90.05 223.69 68.43 4267.27 794.98 291.15
331.53 664.28 310.78 5715.77 1297.02 536.42
687.15 951.46 1210.86 2214.05 1727.65 1548.83
531.98 787.88 1006.08 2817.0 1915.77 1226.04
500.15 787.85 731.41 4394.36 1717.8 1205.18
69.33 191.91 59.61 4652.56 930.83 347.01
96.28 126.07 94.97 1003.67 285.83 154.26
121.25 188.74 145.48 1732.6 508.38 277.18
392.42 613.52 545.86 3776.32 1663.04 1221.33
290.75 550.86 484.48 3941.31 1449.64 963.72
440.38 665.92 887.98 2302.46 1361.56 817.04
225.34 392.09 373.81 4384.21 1316.9 797.13
94.45 189.07 93.04 2639.27 622.28 252.8
500.08 765.17 852.51 3440.7 1916.15 1550.42
459.71 693.91 790.28 2545.48 1881.06 1576.15
107.01 320.73 100.39 4896.66 1207.79 473.46
627.35 874.08 1083.19 2616.94 2148.84 1876.16
819.32 1195.46 1753.43 3525.83 2842.62 1649.35
602.3 695.96 842.46 1230.52 2051.35 2002.95
97.99 105.94 97.34 395.58 153.88 115.97
389.44 604.61 597.25 3538.74 1608.15 1231.79
533.65 748.44 951.13 2263.86 1990.73 1776.3
280.48 559.05 261.8 5553.92 1190.71 457.85
495.44 724.96 901.74 2880.37 1792.41 1515.52
117.99 262.71 91.01 3805.61 765.57 307.68
293.64 451.15 454.46 3005.31 1019.76 684.66
97.18 114.79 95.4 754.13 217.83 137.1
269.91 509.97 452.5 4577.62 1372.46 664.9
735.36 1093.65 1556.19 3723.87 2651.63 1503.19
86.67 193.32 81.98 3334.47 765.13 294.21
239.8 428.46 414.48 3379.98 1356.41 844.07
121.09 316.87 177.07 4657.83 1242.1 488.62
611.95 848.27 1117.97 2723.47 2096.76 1872.19
694.31 1090.69 1361.86 4119.7 2483.56 1379.19
322.1 517.49 481.36 3363.11 1404.13 1041.43
153.66 369.62 161.88 4086.51 947.95 392.45
236.29 410.34 335.42 4377.79 1257.39 763.14
851.83 1225.92 1799.58 3368.33 2523.35 1475.93
111.71 233.66 88.29 2938.85 623.1 263.27
390.88 625.9 679.21 3838.47 1499.91 1025.36
382.61 610.55 642.98 3652.71 1596.49 1213.7
237.27 488.93 325.35 4316.56 1312.4 769.25
108.54 133.14 100.34 476.22 176.82 125.39
87.93 217.13 89.0 3375.65 849.97 327.51
499.89 742.38 994.92 2665.56 1860.32 1153.94
494.13 760.27 716.09 4185.72 1871.4 1395.05
100.01 100.61 99.97 113.74 103.14 101.05
483.38 787.52 690.2 3651.47 1788.18 1369.13
831.15 1043.95 1324.65 2019.17 2409.22 2037.78
281.39 518.89 468.93 4569.63 1259.58 594.9
202.65 333.84 233.06 2530.36 639.71 289.63
290.35 434.89 420.74 3753.23 1320.27 837.83
218.2 421.18 187.22 4283.11 907.03 342.11
321.9 568.18 522.31 4387.31 1450.65 762.4
71.05 190.74 84.21 2757.26 699.86 276.22
151.87 240.95 138.28 1935.78 454.17 206.25
79.64 206.89 66.72 4828.9 951.81 368.21
196.71 457.43 117.05 4057.15 932.25 392.51
109.91 189.63 95.05 2141.18 466.62 214.4
786.92 1150.97 1725.68 3253.34 3218.71 1998.25
517.94 678.23 857.97 2020.67 1625.72 1465.9
256.46 422.17 435.67 3380.62 1196.02 838.14
233.03 450.72 351.85 4064.27 1382.85 815.25
384.24 588.57 767.38 3032.78 1525.83 893.18
312.31 519.03 564.06 3598.05 1243.86 618.14
124.23 218.08 110.13 2330.69 565.26 252.88
830.33 1100.16 1430.07 2284.17 2795.02 2669.68
96.33 135.63 96.65 1096.48 328.15 169.21
349.26 524.26 519.57 2680.1 1243.65 942.55
928.96 1399.44 2056.03 3516.75 3552.73 2304.19
938.45 1382.65 1905.38 3408.27 2709.69 1717.17
374.4 562.53 566.6 2410.64 1216.27 956.98
460.89 696.74 935.4 3109.97 1768.75 1075.67
526.93 907.5 916.18 4602.34 2028.06 1054.44
96.61 142.14 89.24 1519.81 336.78 165.13
668.11 1053.14 1356.48 4076.25 2158.61 1234.27
369.07 698.08 698.04 4656.11 1666.2 858.18
315.71 496.12 445.47 3755.82 1425.09 939.19
285.82 392.16 476.54 1242.58 887.13 765.52
325.0 458.04 455.97 3501.61 1401.33 1026.02
179.22 340.75 258.62 4094.85 1183.93 624.43
432.55 632.84 768.9 3173.65 1767.16 1399.28
157.87 324.47 102.27 2648.2 620.34 272.0
540.93 802.1 775.35 3959.86 1959.73 1526.98
299.95 449.4 505.52 2416.72 1175.58 880.04
614.38 920.63 1288.27 3862.2 2323.01 1293.34
156.72 218.18 219.72 1201.53 496.23 292.03
684.77 1053.75 1502.57 3785.32 2298.1 1366.65
251.49 444.48 415.5 3568.98 1367.88 873.68
489.38 716.62 850.71 3207.41 1861.08 1495.71
101.6 237.82 93.28 3183.05 804.99 335.04
276.11 389.58 372.61 2406.24 1187.43 938.43
374.48 595.32 568.87 3844.49 1673.54 1249.4
370.0 667.38 662.42 4445.76 1660.27 829.22
360.83 524.63 555.6 3203.15 1410.84 1071.45
527.14 844.49 941.75 4490.99 1925.68 988.3
363.7 539.24 651.93 2793.16 1433.89 957.82
126.65 215.16 176.69 2781.24 695.23 314.77
104.52 151.55 95.48 1194.85 301.74 162.97
182.05 393.3 190.03 4848.3 1164.22 478.87
566.07 822.71 851.97 3531.11 1962.95 1589.55
716.84 1081.54 1482.87 3546.5 1892.04 1087.3
178.55 358.06 249.48 3522.88 1045.59 548.97
111.33 202.44 94.34 2433.06 519.04 230.76
292.54 604.93 228.83 5544.31 1166.02 444.02
184.08 397.97 209.63 4605.4 1122.59 566.7
466.8 721.47 966.6 3548.65 1780.09 1039.23
384.04 668.97 812.98 3905.96 1868.09 1012.72
785.82 1161.09 1632.33 3414.3 2536.99 1525.8
491.94 641.32 710.61 2235.93 1602.81 1393.43
344.05 676.77 481.94 4575.88 1594.26 769.56
635.17 954.96 1320.57 3297.28 2074.07 1255.83
394.44 655.06 719.53 4390.77 1587.62 791.0
198.33 429.57 292.53 4588.51 1386.63 694.49
562.62 868.44 1063.11 3691.44 2050.17 1397.38
410.58 634.23 784.42 3180.21 1536.12 836.96
152.95 301.59 255.41 3880.09 1111.35 563.58
101.43 116.26 98.57 445.43 163.65 119.87
410.58 617.3 843.23 2264.28 1603.51 998.36
174.45 343.29 238.64 3433.06 1082.69 594.63
649.04 860.1 970.2 3163.9 2299.49 1999.88
470.95 658.81 769.04 2566.38 1680.21 1436.99
295.1 552.87 594.6 3988.46 1375.36 644.86
118.35 265.96 90.83 3879.61 778.86 311.83
256.16 418.87 472.63 3203.14 1241.69 636.23
680.25 1023.2 1316.1 3280.47 1953.08 1213.22
88.6 133.65 84.92 1774.84 405.28 190.48
93.72 123.3 93.67 1027.27 292.46 154.2
692.54 992.85 1193.29 3041.92 2263.15 1989.61
309.6 526.57 520.17 3927.42 1522.54 1022.11
709.68 952.7 1169.6 2989.07 2520.27 2281.92
236.02 453.3 420.95 4493.13 1385.85 643.39
135.98 322.51 113.26 4705.38 1011.8 390.68
604.07 916.27 1048.31 3870.38 2246.66 1642.03
368.07 610.12 525.8 4040.14 1453.28 963.0
523.65 807.62 1082.46 3702.56 2246.75 1317.06
255.14 507.77 223.44 5120.87 1076.26 411.1
86.77 192.6 82.12 3309.52 760.0 292.71
725.41 948.64 1186.11 2489.5 2443.49 2267.96
175.15 347.66 285.86 4275.47 1250.32 559.59
237.7 472.8 360.91 4586.15 1256.02 592.82
102.78 161.59 90.58 1649.13 387.41 194.19
608.42 929.1 1219.74 3649.14 2050.0 1202.78
776.54 1171.94 1721.58 3169.21 2613.67 1839.14
143.37 326.39 193.55 4543.58 1150.26 496.16
94.14 117.28 92.25 960.18 256.79 146.47
184.33 378.43 237.41 4512.89 1056.61 455.58
107.22 260.01 75.53 4124.72 846.71 344.72
619.93 832.26 1011.99 2835.68 2180.61 1906.41
259.01 342.85 459.66 783.79 788.91 536.22
732.12 1087.44 1491.99 3211.68 2330.54 1401.31
679.51 1005.87 1150.11 3444.24 2307.35 1981.44
861.98 1252.54 1825.07 3117.43 3108.71 2043.04
522.27 810.17 1058.66 3646.02 2028.49 1195.85
95.22 125.1 92.18 1210.46 300.03 162.98
479.36 738.65 902.31 3709.87 1825.44 1280.06
474.04 688.18 969.95 3167.19 1808.51 1513.88
269.2 493.38 394.85 4559.27 1298.01 655.26
198.52 364.82 245.6 3797.26 1034.91 528.34
709.65 1055.04 1492.27 3691.07 2775.39 1723.75
650.68 921.57 1086.04 3257.2 2144.16 1758.51
703.44 1026.28 1454.51 2729.31 2273.16 1427.87
907.57 1335.94 1852.31 3363.01 2646.93 1677.35
140.24 304.4 167.66 4747.11 1010.3 425.44
186.55 435.71 103.4 3911.1 878.23 357.24
182.87 381.62 211.38 4714.95 1149.25 538.28
110.56 293.98 138.64 4546.91 1197.95 488.93
620.39 903.68 1193.1 3235.76 2218.58 1610.04
213.93 409.58 184.07 4131.97 877.87 333.36
223.54 327.43 277.15 1683.29 631.73 436.32
696.28 1042.77 1493.6 3387.06 2349.66 1419.37
622.44 897.3 1118.29 3265.14 2017.67 1476.91
99.1 106.31 98.78 318.74 144.98 113.13
383.36 672.1 515.05 4964.23 1443.66 766.42
113.25 164.54 105.54 1319.35 354.32 183.57
896.67 1327.42 1958.87 3231.87 3126.85 1993.04
612.4 909.91 1230.74 3476.38 1931.7 1191.41
411.97 734.13 622.06 4026.11 1661.87 1190.97
264.53 538.75 221.65 5592.41 1148.03 426.07
217.73 338.79 380.51 2109.09 851.97 436.41
114.24 256.95 149.98 4880.67 1091.17 452.87
110.49 190.84 98.61 1656.42 404.44 195.46
421.8 662.64 718.11 3152.51 1650.63 1325.04
173.01 339.6 220.03 3881.21 920.59 403.3
86.46 125.33 85.27 1452.05 342.49 170.54
368.9 512.56 590.95 1929.54 1137.65 984.54
469.64 786.31 941.13 4131.53 1746.94 962.03
214.16 398.7 275.39 3874.19 1098.45 557.51
107.62 168.9 96.19 1669.1 381.83 187.94
187.0 408.42 248.99 4682.38 1123.81 475.25
749.24 1069.88 1604.44 2686.74 2226.07 1314.64
241.53 446.74 380.85 4295.17 1344.53 727.1
157.52 236.78 234.35 1722.94 548.66 278.46
587.29 887.87 1131.31 3185.82 2034.31 1739.02
109.2 322.64 102.83 4883.91 1214.8 487.46
600.29 984.23 1161.9 4168.06 2058.72 1113.42
856.86 1285.02 1866.99 3320.31 2878.09 1976.28
172.62 294.89 221.49 2512.57 762.18 433.8
565.09 859.94 1115.25 3673.33 2029.61 1285.06
217.86 409.31 283.9 4249.32 1135.9 639.2
169.83 278.3 233.13 2454.6 815.76 491.49
378.52 617.21 568.54 4410.14 1726.76 1120.15
802.08 1188.47 1684.3 3539.14 3024.87 1902.98
664.63 885.98 1140.53 2221.61 2217.05 2064.36
656.66 1002.05 1289.17 4105.1 2104.69 1139.8
367.74 679.53 417.42 5079.52 1392.06 756.58
416.4 646.23 811.52 3703.98 1683.13 1084.32
375.9 533.4 707.49 1428.45 1301.37 849.29
462.21 706.75 775.54 3698.42 1809.67 1408.15
509.51 752.43 882.77 2554.24 1934.1 1586.83
546.64 879.49 818.93 3966.93 1911.22 1454.87
312.74 556.34 355.94 4670.5 1259.68 664.04
108.02 191.52 91.98 2043.79 458.17 211.8
469.78 655.25 762.14 3314.78 1828.18 1500.4
323.8 501.56 535.87 3777.81 1261.46 869.96
814.61 1149.84 1663.81 3043.45 2418.16 1556.49
198.9 351.79 321.62 3653.27 1207.84 716.28
745.42 1087.74 1566.23 3105.64 2911.05 1913.88
255.99 445.15 468.84 3987.51 1497.27 787.12
660.67 1040.75 1334.66 4016.57 2104.42 1211.84
682.49 921.88 1298.72 1878.59 2146.36 2050.33
388.48 609.52 729.9 3666.18 1777.59 1119.77
102.19 119.8 98.91 550.92 180.99 125.27
160.24 420.29 161.08 4934.23 1148.92 506.46
105.97 183.59 132.69 2273.18 611.04 270.21
89.56 201.38 90.48 2935.16 749.12 296.92
710.01 1025.32 1484.85 2545.86 2548.02 1642.26
850.88 1217.27 1838.69 2986.98 2531.15 1496.79
756.75 1085.68 1513.18 2528.28 1933.18 1193.54
188.04 349.92 257.66 3609.31 942.36 432.22
472.24 746.6 893.77 4142.4 1595.68 850.51
111.15 200.83 94.43 2396.34 512.45 228.7
127.28 205.82 101.07 1301.34 345.31 181.09
255.96 477.67 388.74 4603.82 1294.2 597.68
317.19 554.93 373.19 4473.52 1242.66 662.94
586.22 850.83 1183.27 2266.94 1849.84 1165.65
841.79 1107.41 1481.89 2423.9 2619.47 2465.63
730.37 885.86 1036.42 1655.44 2042.67 1920.0
247.6 496.29 214.7 5199.52 1097.14 405.32
318.73 481.36 497.84 3695.22 1476.65 1060.75
540.69 791.57 1050.77 2838.68 1948.73 1684.7
245.96 440.15 308.81 2687.4 935.09 528.31
103.99 188.45 86.47 2324.65 512.74 235.27
526.76 751.11 954.44 3065.61 1977.26 1649.78
525.41 775.74 865.96 3658.29 2016.81 1600.22
787.15 1041.75 1317.26 2598.14 2614.05 2441.34
587.35 883.88 1220.53 2472.65 1736.27 1064.76
103.2 119.81 101.18 510.1 181.19 125.88
696.54 1057.89 1491.68 3481.82 2432.1 1487.99
137.13 329.61 113.68 4852.5 1040.92 399.96
787.08 1067.91 1410.06 2027.48 2459.45 2371.48
231.9 417.4 297.05 4069.24 1205.26 693.78
89.61 138.52 89.53 1633.2 418.22 189.62
314.89 530.42 469.02 3452.73 1060.07 523.56
284.06 427.05 501.04 2597.76 1085.81 822.69
649.64 1021.85 1383.49 3908.12 2206.94 1284.31
90.1 223.12 68.57 4248.34 791.82 290.28
686.46 999.23 1247.5 3145.31 2511.43 2047.3
673.48 951.07 1285.29 2576.46 2034.41 1697.83
879.66 1292.7 1869.68 3462.77 3514.55 2256.35
139.7 221.83 173.11 1914.29 566.72 301.74
134.88 394.13 97.46 5117.5 1084.67 411.22
91.17 174.98 100.57 2625.86 643.14 261.58
515.45 783.75 928.01 3066.56 1421.09 806.99
487.72 612.34 709.06 1228.01 1774.88 1698.95
631.39 967.0 1385.57 3697.94 2184.15 1174.81
256.36 331.83 422.15 870.55 711.06 642.87
387.01 611.31 641.58 3419.35 1750.25 1322.21
866.13 1275.24 1841.53 3444.52 2900.38 1817.05
189.41 406.51 257.87 5031.8 1235.41 556.3
676.09 1023.27 1392.89 3743.17 2505.43 1500.5
308.83 417.02 506.32 1649.75 1015.99 868.14
105.48 133.89 102.02 801.4 238.87 144.27
191.83 353.78 269.13 4260.75 1075.24 652.11
693.28 1038.26 1383.14 3465.35 2233.29 1395.87
248.51 347.35 339.97 2373.85 947.35 682.36
201.15 379.21 384.07 4185.62 1185.32 571.97
102.01 272.79 91.57 3965.31 983.87 394.68
202.42 359.08 328.55 4051.04 1093.17 573.71
345.93 563.07 512.49 3885.27 1513.71 1047.72
608.52 1025.23 1173.89 4264.99 2054.95 1157.24
101.44 235.57 136.06 4608.33 1040.3 418.57
824.72 1151.04 1526.4 2082.44 2649.39 2516.77
533.62 788.5 811.84 3595.34 1842.82 1460.7
616.93 954.12 1205.52 3774.03 1920.5 1159.27
538.84 759.72 913.65 3461.59 1904.99 1505.24
265.38 533.71 210.66 4776.35 1015.65 395.49
577.55 845.35 985.7 3317.83 1956.75 1498.32
622.7 886.13 1332.36 2149.7 1940.21 1479.29
420.41 615.15 672.87 3311.67 1730.5 1353.78
180.43 411.97 103.16 3641.57 823.19 339.04
287.07 590.6 225.17 5389.74 1135.76 434.25
154.4 242.59 230.9 2018.89 587.68 305.85
406.96 594.35 740.54 2602.01 1677.54 1416.86
167.3 282.48 202.75 2482.68 684.04 324.13
283.16 452.13 369.85 3441.58 1175.97 766.95
190.04 449.25 103.54 4064.79 909.61 367.61
241.83 348.8 299.67 1969.67 756.08 524.48
162.67 354.17 188.85 4560.53 1007.18 423.62
681.04 864.84 1128.18 1663.63 2208.13 2118.18
392.51 706.56 608.15 3995.26 1607.6 866.26
711.84 1060.22 1507.4 3111.26 2514.27 1618.79
126.48 223.05 184.05 2993.51 744.54 329.61
86.17 168.85 74.15 2739.87 486.24 206.2
105.21 147.16 97.39 1174.0 292.9 160.19
107.85 171.05 96.07 1717.97 390.61 190.68
188.37 398.02 315.15 4524.53 1315.53 555.77
831.97 1054.33 1252.29 2155.63 2327.81 2180.43
689.05 1087.84 1338.28 4235.97 2443.03 1440.45
587.28 816.24 1094.92 1894.09 1905.88 1504.55
387.4 676.59 581.02 4743.77 1486.03 776.81
915.64 1212.19 1579.89 2338.34 2855.96 2729.28
392.29 665.94 708.78 4359.94 1435.89 707.61
125.27 252.49 145.6 4425.08 1029.42 483.06
199.92 238.61 250.44 644.76 542.72 484.06
862.36 1183.39 1626.41 2312.1 2635.0 2424.56
888.6 1221.12 1618.4 2200.72 2778.84 2693.05
72.32 186.76 84.9 2640.64 673.53 268.49
352.59 542.92 667.16 3018.52 1386.9 1082.95
95.28 114.8 97.42 533.49 197.86 128.75
107.14 215.35 127.32 2688.28 729.75 307.47
248.29 354.42 386.97 1611.52 947.29 755.63
515.62 775.0 1100.49 2251.72 1973.21 1263.09
98.04 124.42 93.77 922.92 237.24 137.75
174.99 328.08 290.89 4125.4 1124.43 574.44
295.53 557.88 286.61 4498.18 1096.26 507.79
188.67 423.58 286.88 4753.09 1457.34 665.4
292.44 465.82 511.87 3934.19 1430.99 988.51
217.55 555.98 104.62 5276.44 1157.03 449.39
491.31 686.47 991.93 1658.22 1521.4 916.72
154.2 180.38 213.62 373.9 322.96 299.16
497.99 782.14 945.23 3862.86 2014.67 1294.67
210.8 401.08 181.77 4021.32 856.52 326.96
674.99 941.73 1187.34 2566.12 2224.52 2046.3
181.41 317.11 160.2 2817.76 618.59 261.35
450.29 711.05 903.28 4005.93 1777.07 1086.91
100.36 108.03 98.77 301.96 137.47 112.28
102.13 283.75 91.03 4210.44 1039.92 413.36
315.67 522.81 641.67 3063.93 1469.42 1088.45
74.61 183.35 67.89 4117.29 837.88 322.53
59.08 176.53 55.49 4184.77 832.6 313.1
248.64 497.21 217.7 5190.78 1095.18 403.72
338.9 667.46 352.35 4808.96 1492.21 882.5
623.13 926.84 1309.15 3318.85 2139.02 1313.15
207.56 418.38 231.61 4628.9 1243.78 620.12
170.6 331.79 253.57 3245.36 982.68 448.25
857.57 1332.85 1895.01 3839.56 2818.1 1740.15
138.73 199.81 178.72 1808.2 578.06 370.34
277.08 506.65 426.85 4490.95 1271.66 587.28
213.77 303.03 326.23 1763.44 834.87 622.07
578.78 905.79 1030.06 3904.37 1665.46 916.3
104.56 314.92 94.57 4843.49 1190.77 465.99
156.24 309.79 172.24 4524.28 1023.57 499.17
281.79 445.13 417.24 2801.73 1083.91 776.75
221.88 419.64 181.55 3546.45 774.83 317.77
108.92 176.22 123.37 2210.16 560.4 296.7
151.1 334.62 171.68 4553.73 1044.3 452.88
716.65 1141.7 1437.7 4252.81 2277.52 1311.25
719.25 976.45 1248.71 3125.13 2599.04 2209.3
604.78 798.18 937.21 2533.02 1974.14 1780.67
565.57 719.67 750.46 2417.74 1988.82 1766.43
502.92 736.07 930.73 2655.34 1753.45 1144.5
528.9 816.94 1029.52 3780.53 1843.01 1086.96
527.63 712.45 870.9 2675.39 2013.22 1777.67
362.71 485.67 607.54 1217.67 1076.68 995.24
952.5 1402.63 2080.9 3251.99 3432.85 2207.05
137.22 249.03 149.67 2800.93 681.28 330.65
649.66 958.77 1386.88 2722.12 1958.58 1106.08
229.16 374.46 397.28 3044.5 1133.64 740.48
395.02 676.75 863.27 3865.09 1736.6 860.15
321.35 571.18 362.97 4070.81 1176.79 667.64
321.49 639.47 298.17 5525.17 1229.08 519.85
292.09 474.34 457.19 3950.33 1248.9 874.61
187.15 336.82 164.31 3184.36 695.05 278.52
487.52 800.63 1032.46 4080.59 1902.58 1037.59
272.02 471.93 297.21 3945.03 1038.23 535.3
171.46 376.61 190.68 4871.28 1142.89 480.41
108.87 201.26 91.13 2250.75 496.31 223.7
360.31 556.26 682.14 2686.35 1434.87 933.72
338.34 452.65 530.37 1708.08 1117.73 973.33
66.21 163.19 63.24 3472.89 704.93 275.96
719.56 1095.21 1508.57 3388.9 1947.43 1123.65
106.04 283.15 120.02 4720.6 1092.78 418.66
81.37 192.74 65.17 3656.0 620.28 243.06
495.44 736.06 962.96 2021.25 1499.75 1360.82
721.45 1042.34 1267.2 3082.49 2371.97 2090.31
501.1 704.56 879.52 2636.29 1906.14 1667.67
224.66 418.02 383.08 3864.69 1304.5 668.29
246.7 415.63 273.06 3168.77 865.5 473.57
322.12 603.72 356.83 5269.39 1302.43 629.47
301.37 501.11 466.11 3924.07 1383.56 944.6
380.98 596.15 446.76 3973.65 1526.9 1030.4
875.65 1172.24 1533.64 2445.23 2947.65 2800.21
93.74 295.65 160.39 4282.38 1110.57 426.0
343.96 497.81 448.54 2993.43 1562.46 1182.28
412.49 541.04 596.96 1809.18 1646.17 1468.21
319.96 587.99 352.0 5024.48 1200.23 569.75
85.02 146.93 91.83 1474.4 410.26 191.15
161.75 297.3 186.18 3980.1 960.47 504.83
366.72 608.89 720.84 4167.75 1715.29 900.01
96.33 118.25 93.15 799.93 202.41 128.16
740.43 1115.77 1559.05 3768.67 2385.72 1349.57
170.72 292.17 152.19 2602.84 582.86 244.86
412.09 650.35 817.82 3638.46 1591.85 911.16
938.73 1430.9 2159.38 3450.2 3065.49 1944.95
100.24 105.26 99.19 232.41 124.57 108.05
650.99 994.29 1337.59 3812.61 2270.75 1365.86
100.08 100.22 100.06 102.34 100.46 100.15
797.28 1088.01 1386.19 2625.86 2846.59 2675.84
532.71 657.73 735.03 1948.12 1983.32 1837.76
97.69 190.92 93.9 3489.15 751.7 335.71
351.89 574.45 695.75 4221.69 1636.15 872.26
546.03 833.98 1080.14 3731.48 1741.29 974.29
259.67 409.44 475.98 2971.25 1102.22 656.03
469.77 689.4 827.44 3484.84 1792.89 1373.11
260.61 605.42 183.65 5269.79 1283.44 587.14
443.9 651.94 848.56 2317.21 1670.29 1155.98
101.74 237.78 97.58 4307.99 788.39 345.84
284.77 456.68 440.33 2742.03 1152.21 847.92
368.05 545.02 725.73 2461.88 1255.92 687.48
853.02 1210.41 1676.13 2627.36 2801.05 2234.57
60.66 250.46 85.6 4291.55 1064.87 398.16
445.79 709.36 852.16 3994.31 1625.46 848.12
83.3 216.93 77.43 4152.8 933.4 343.34
745.36 1146.78 1638.48 3556.51 2396.43 1441.42
561.3 725.47 897.48 1972.8 1834.66 1561.48
142.14 284.07 215.58 4460.3 1112.86 490.25
148.64 347.53 149.69 5051.07 1134.28 510.11
818.29 1130.24 1512.51 2369.54 2718.25 2591.05
99.0 105.27 98.36 333.33 142.03 113.23
388.36 581.39 624.8 3326.14 1646.5 1252.09
615.17 877.21 1038.39 2590.21 1994.49 1740.68
89.85 150.54 81.02 2037.81 383.52 177.96
431.63 656.02 880.47 3250.98 1690.74 924.91
628.22 1043.73 1207.89 4680.15 2159.94 1211.64
313.63 423.97 510.11 1052.02 929.16 840.33
608.04 784.48 1023.37 2257.76 2048.8 1647.43
393.42 597.3 641.89 3763.27 1625.53 1279.46
231.51 307.57 356.36 826.85 645.2 576.82
132.27 299.59 111.89 4231.1 917.9 360.74
345.88 534.89 623.1 3241.02 1381.93 1059.82
885.73 1307.19 1879.44 3346.35 2818.03 1795.92
913.22 1321.78 2025.25 3236.64 2775.89 1594.0
93.43 181.66 79.16 2851.17 558.81 226.2
451.77 664.45 865.1 2621.89 1666.22 1109.27
184.5 319.35 251.97 4221.32 1167.76 665.05
111.48 231.03 88.52 2882.93 612.8 260.06
521.44 727.81 1028.65 1723.8 1315.23 863.89
113.25 219.89 93.37 2830.26 590.39 253.02
907.41 1337.0 1912.53 3140.06 2191.3 1316.33
628.69 801.38 1006.65 2030.03 1978.22 1813.73
177.96 445.59 202.49 4981.62 1201.4 505.45
648.86 875.1 1210.68 1755.42 2151.88 2057.69
422.87 670.48 681.79 4230.43 1776.47 1125.73
727.1 1062.61 1346.0 3530.42 2292.97 1687.36
236.53 471.09 349.35 4576.67 1240.82 571.44
324.14 561.04 357.57 4695.14 1296.71 692.08
277.1 511.52 464.0 4155.28 1372.71 700.95
105.54 314.9 96.8 4813.85 1186.73 466.32
218.9 521.69 130.45 4701.0 1083.55 458.32
278.59 466.55 531.73 3575.63 1370.16 696.89
361.1 574.84 625.3 2932.23 1159.5 623.13
258.73 460.43 375.99 4293.95 1295.05 760.2
394.09 608.55 608.56 3487.64 1652.11 1284.85
177.47 325.17 248.13 4498.77 1201.46 678.65
81.93 194.86 70.46 4296.81 855.97 338.03
329.44 577.45 600.36 4260.07 1611.09 834.19
457.67 729.44 688.07 3952.63 1618.06 1164.53
242.71 448.77 340.96 4389.18 1255.9 701.97
627.51 828.13 887.39 2210.66 1865.32 1669.42
486.82 790.22 971.62 4276.02 1861.97 946.38
329.56 444.92 421.68 2319.08 1280.91 1041.52
148.82 341.48 140.1 4934.42 1107.39 512.21
897.49 1331.67 1891.94 3501.94 2985.94 1869.36
292.57 570.41 291.28 5475.82 1220.54 496.63
343.33 669.87 321.46 5632.76 1341.99 620.11
99.14 229.61 126.46 4286.31 969.93 446.2
135.09 316.99 112.93 4591.15 989.18 383.47
158.02 347.97 181.15 4761.11 1066.81 499.65
883.45 1090.02 1375.31 2192.27 2841.61 2743.77
244.81 462.81 341.29 4453.19 1338.57 711.43
181.45 336.01 252.98 2705.66 775.64 364.65
191.43 386.29 316.43 4353.73 1322.33 605.3
527.68 857.45 829.33 4435.35 1891.52 1158.17
274.12 420.93 443.81 1854.11 932.08 732.91
622.74 973.85 1314.81 4297.42 2813.85 1555.26
819.32 1214.55 1748.23 3415.09 2700.73 1699.7
704.85 970.9 1289.59 1797.45 2221.1 2118.54
100.7 104.32 100.26 189.5 117.72 105.65
116.01 143.51 111.82 666.74 209.34 132.8
288.13 435.41 402.02 3473.44 1332.89 871.35
122.84 333.26 219.42 4258.62 1187.62 486.92
313.72 538.27 579.14 4429.72 1564.58 819.58
207.93 391.35 414.83 2960.81 1100.12 549.11
161.84 309.34 238.89 3816.78 1109.35 589.38
212.62 436.43 261.78 4897.62 1274.8 559.17
93.69 119.79 96.56 679.48 230.81 138.43
658.08 959.0 1156.32 3098.62 2179.99 1905.73
482.73 735.34 955.27 3568.73 1762.36 1185.32
359.77 548.59 638.37 2992.72 1510.42 1157.39
138.34 204.17 128.29 1456.77 361.76 178.53
146.01 276.23 191.87 3167.67 880.47 448.86
217.55 500.24 303.66 4956.37 1270.54 551.84
567.34 772.73 930.6 3347.35 2168.69 1861.97
189.9 360.05 331.29 4772.0 1352.34 623.16
448.25 618.29 792.74 1853.43 1495.83 1242.64
76.45 169.52 68.85 3559.53 730.59 286.9
87.35 146.9 87.26 1966.64 487.42 209.11
178.07 308.2 157.73 2706.23 597.3 254.73
499.59 771.57 924.89 3403.64 1934.33 1395.8
83.94 130.03 82.53 1702.9 387.48 183.62
273.79 512.15 302.57 4609.13 1103.72 509.78
824.29 1207.86 1750.82 3323.44 3056.23 1950.48
294.11 485.4 508.56 3816.56 1445.8 905.37
183.19 333.54 270.86 3703.62 898.45 401.12
455.36 762.81 692.3 4740.17 1533.9 814.85
140.26 319.86 123.53 4577.34 963.37 413.98
722.58 1051.73 1460.36 2993.27 2538.3 1841.14
238.27 492.64 415.18 4636.15 1459.35 676.25
111.88 290.78 136.41 4673.66 1080.14 402.99
91.49 275.76 103.92 4700.45 1172.97 432.8
919.56 1321.63 1917.48 3192.69 2417.33 1494.44
234.35 385.03 415.36 2908.64 1059.0 577.66
108.38 195.58 91.62 2130.02 474.06 216.75
117.36 214.31 146.26 2830.83 582.29 262.68
381.26 675.48 571.01 3731.85 1439.17 831.77
247.27 492.14 217.57 5105.33 1086.49 407.45
523.39 788.43 1020.12 2590.85 1813.92 1118.85
374.65 554.2 607.49 3642.27 1587.6 1192.95
800.41 1115.03 1478.06 2000.34 2560.08 2433.74
529.8 714.94 951.88 2174.34 1384.15 1228.38
96.03 278.95 112.26 4624.87 1170.28 445.15
178.87 349.87 229.2 3843.43 994.71 444.66
119.46 152.88 114.36 788.66 232.86 139.86
112.32 240.52 87.68 3084.57 649.95 271.65
469.43 723.05 922.38 3262.26 1885.82 1131.33
304.01 513.03 538.79 3663.85 1546.71 946.78
84.18 253.58 85.57 4395.13 1083.38 398.32
753.6 1046.16 1382.73 2738.35 2601.91 2002.93
458.63 701.9 942.16 2665.94 1689.37 1001.84
511.11 750.23 800.25 3223.78 1712.63 1352.98
339.71 506.15 533.83 3931.85 1616.96 1175.72
94.81 241.94 94.8 4587.41 798.87 314.82
186.1 235.99 278.99 591.61 420.59 312.34
693.47 1018.43 1421.88 3503.65 2396.93 1599.32
244.57 389.04 399.79 2532.45 998.9 548.46
323.83 556.73 578.61 4476.68 1405.89 711.24
260.1 340.25 465.73 746.76 685.27 435.93
446.31 639.16 801.12 2231.72 1691.53 1470.65
154.01 239.85 177.35 2011.98 586.27 338.65
910.49 1332.25 1893.29 3300.03 2825.18 1728.61
83.61 148.38 78.32 2507.61 538.85 230.07
349.66 464.92 528.8 1693.31 1096.29 947.8
133.52 273.69 168.57 4746.96 1097.01 525.41
325.53 541.59 624.83 4474.68 1581.04 829.78
167.59 362.16 102.65 3076.11 707.72 300.88
302.1 507.48 618.18 4074.25 1417.64 688.41
95.19 117.83 95.16 809.67 247.29 141.48
272.75 525.94 268.75 5106.34 1164.67 495.62
62.45 187.6 65.47 4377.65 883.79 334.82
122.8 300.04 90.98 4630.5 915.87 355.24
404.06 630.94 697.11 3215.67 1717.02 1299.89
433.23 699.1 779.04 4215.24 1815.65 1185.08
618.58 745.06 923.37 1471.73 2093.91 1953.69
594.28 940.79 1163.22 3859.23 2412.67 1597.34
192.17 337.43 342.62 3581.65 1027.15 491.43
514.0 766.15 987.63 2925.55 1563.22 869.95
701.9 1071.94 1479.39 3705.4 2589.11 1580.55
640.78 820.3 993.49 2079.3 1989.37 1736.92
693.17 899.92 1152.04 2180.14 2374.17 1993.34
111.09 143.02 100.44 588.38 199.73 132.96
159.79 286.15 183.23 2694.66 680.94 362.21
374.47 621.5 763.54 4425.48 1876.97 1053.35
173.33 385.62 210.53 5074.89 1159.33 495.8
515.73 826.93 966.76 4193.38 1845.28 1031.64
132.51 301.04 111.98 4261.02 923.82 362.63
613.4 929.62 1273.36 3706.25 2651.46 1615.7
207.96 383.13 172.24 3152.78 697.75 292.9
402.47 675.65 512.98 4820.74 1486.41 879.21
492.24 786.33 1051.99 3973.33 1895.45 970.86
88.48 133.99 84.77 1791.6 408.34 191.39
108.21 281.97 72.17 4677.14 949.2 378.31
212.75 334.08 350.44 2716.34 868.3 459.49
233.96 403.77 351.33 3346.4 1017.14 644.17
767.91 1145.58 1623.58 3131.59 2958.76 2046.53
191.99 404.74 252.0 4470.71 1385.05 744.04
409.39 663.69 766.4 4100.98 1551.39 842.35
289.5 473.26 355.3 4371.64 1388.15 895.65
763.44 1047.7 1382.52 2262.19 2411.06 2264.23
97.43 141.34 96.77 1278.47 342.39 170.91
126.53 169.56 117.75 850.06 246.87 147.39
561.79 764.44 871.93 2554.4 1803.26 1586.46
118.91 248.16 173.35 4136.4 952.87 399.48
625.6 986.2 1336.09 3878.4 2148.37 1153.09
147.8 310.1 161.83 3089.28 752.32 327.89
260.23 602.55 187.92 5215.31 1283.58 594.12
309.72 640.31 249.18 5835.28 1246.13 487.18
318.18 468.77 520.68 2441.24 1248.81 895.38
523.25 757.56 852.32 2965.33 1898.07 1594.12
822.6 1229.77 1694.6 3776.44 2752.64 1686.1
76.3 187.86 76.13 3597.04 825.82 304.41
73.08 199.81 72.89 4072.53 924.5 332.21
91.89 156.75 89.05 2066.85 504.46 218.09
389.64 593.41 743.57 2850.12 1327.78 719.8
157.99 334.71 256.14 4472.66 1186.64 495.58
477.05 738.38 971.42 3339.59 2092.82 1158.56
83.06 184.34 68.33 3333.84 573.14 230.1
231.24 446.71 320.92 4121.39 1359.59 778.31
72.51 201.9 72.32 4155.73 941.77 337.07
349.98 578.97 622.67 3608.74 1217.86 612.53
641.02 862.14 1164.54 1913.71 2020.94 1898.99
100.71 160.76 97.04 1459.21 410.8 203.62
251.17 412.09 336.11 3306.68 1263.36 814.5
98.24 276.08 110.95 4519.43 1154.34 453.03
194.65 367.26 274.24 3872.46 1056.42 511.46
685.9 1069.7 1303.88 4401.62 2381.36 1297.81
180.88 328.56 157.9 2275.26 634.83 344.6
511.92 737.52 930.5 3018.19 1840.42 1483.59
131.61 185.9 123.33 1218.83 315.85 164.76
77.01 185.24 76.84 3492.72 804.16 298.32
355.32 579.45 438.54 4071.68 1296.68 808.22
899.44 1296.6 1874.64 3219.37 2385.71 1468.55
343.29 522.18 555.28 3977.84 1607.12 1157.5
806.43 1130.09 1476.08 2545.19 2524.84 2320.87
85.26 203.17 80.08 3676.06 835.37 314.71
289.75 577.78 302.68 4138.66 1252.36 721.59
100.62 105.59 99.69 227.2 122.85 107.13
531.99 886.01 1060.1 4243.59 2230.26 1283.93
270.57 547.33 214.13 4923.26 1044.42 404.77
603.14 962.74 1279.45 4093.65 2126.01 1228.03
688.18 1021.3 1441.3 3629.7 2246.33 1257.75
71.63 193.93 64.4 4614.56 929.78 351.35
94.03 118.72 96.74 648.13 223.74 136.35
175.1 391.31 102.95 3407.01 775.29 323.21
176.99 340.96 255.15 4367.22 1045.54 565.26
534.75 888.07 1104.25 4430.93 2504.8 1353.2
741.58 947.33 1205.19 2104.67 2394.58 2253.33
880.82 1301.78 1848.34 3585.22 2919.85 1817.55
96.34 106.85 96.02 465.41 165.54 119.06
333.81 560.3 473.59 4323.82 1571.65 992.71
95.97 150.07 87.22 1786.91 381.33 177.38
457.41 781.14 867.79 4445.61 1916.6 990.73
76.22 170.18 68.55 3592.7 736.64 288.69
412.73 709.1 667.64 4867.31 1772.61 854.67
187.17 281.67 242.05 2002.41 681.08 439.97
356.93 656.99 376.8 4982.3 1336.92 710.17
672.88 1021.99 1332.36 3921.14 2197.74 1321.81
95.72 108.01 95.34 527.54 176.68 122.3
140.32 305.77 128.99 4108.98 911.55 373.06
289.98 444.55 434.71 3522.58 1262.83 927.32
221.97 359.83 365.62 2843.26 901.44 458.68
365.16 635.56 667.65 4454.27 1572.18 819.59
446.38 775.23 616.16 4811.82 1587.04 937.87
66.8 162.1 63.88 3414.83 694.51 272.94
846.85 1157.7 1663.11 2840.93 2559.02 1782.99
713.13 1058.57 1504.72 3599.63 2782.24 1729.45
509.93 843.82 763.4 4614.66 1795.48 1104.39
102.47 312.7 89.62 4858.06 1188.01 462.74
135.93 194.23 124.04 1116.03 298.94 164.2
128.04 174.77 120.73 1036.0 278.6 155.57
80.9 200.25 68.79 4535.19 898.9 351.55
347.0 601.15 332.11 3907.12 1536.16 1055.34
459.12 770.41 627.04 3990.27 1705.35 1243.95
622.99 987.04 1394.59 3859.72 2318.02 1366.95
407.5 612.82 535.23 3500.95 1349.3 928.31
577.47 811.42 885.86 3339.46 2016.23 1676.58
597.89 917.45 1219.0 4014.96 2065.86 1124.71
75.19 181.57 69.08 4028.1 821.82 318.56
315.35 503.19 452.06 3840.52 1448.0 1025.83
145.68 224.13 133.71 1716.7 411.9 193.57
73.81 197.08 73.63 3963.85 901.95 325.86
459.98 625.14 613.98 2978.93 1535.25 1220.91
290.34 414.02 395.45 2021.8 952.08 727.04
845.55 1252.95 1905.12 3787.68 3615.03 2098.15
492.72 870.65 871.66 4561.45 1813.88 903.85
101.64 241.22 93.11 3259.13 822.39 340.84
251.48 428.44 441.77 3649.46 1082.09 551.2
711.95 1072.44 1599.24 2756.6 2311.11 1476.29
104.34 126.85 101.6 655.68 210.02 135.07
336.98 620.9 590.48 4382.14 1467.65 708.97
425.12 714.45 842.09 4294.02 1824.38 927.62
517.48 730.74 1070.1 2134.49 1776.11 1621.28
743.32 1001.71 1252.49 2950.47 2338.18 1922.45
215.34 447.87 205.05 3448.25 890.95 400.81
92.63 171.52 93.28 2100.15 557.94 238.92
924.18 1366.35 2011.75 3327.51 3349.99 2144.16
103.73 223.93 125.46 4115.19 923.19 413.89
270.91 424.49 478.45 2571.82 963.42 500.58
903.81 1320.71 2038.65 3158.81 2749.34 1574.09
599.32 874.86 1002.17 3250.48 1979.37 1651.43
177.1 343.82 236.52 3799.36 973.02 450.75
86.06 126.07 84.84 1491.31 349.53 172.58
551.32 911.81 930.72 4877.99 2206.74 1220.76
338.92 548.06 586.54 3545.38 1472.54 861.93
120.98 200.4 161.98 2333.06 628.4 353.86
422.97 692.03 833.8 3690.26 1534.58 849.72
574.16 879.41 1044.4 3694.33 2044.95 1332.54
156.71 369.92 126.65 5154.62 1159.98 452.6
101.74 138.64 94.09 1071.88 280.31 159.09
144.15 294.25 224.61 4050.65 1132.86 529.0
359.38 539.53 655.5 2971.97 1308.53 839.68
126.04 306.95 165.9 4622.96 1135.09 455.63
471.95 717.21 743.03 3391.69 1575.47 1213.59
321.21 512.15 518.1 3830.06 1486.29 1004.85
86.99 148.24 86.9 2019.92 498.48 212.23
240.17 381.46 291.15 3961.49 1076.22 678.59
910.9 1272.66 1832.21 2957.51 3011.73 2118.15
340.25 551.91 526.04 3837.23 1471.72 938.55
476.01 775.15 946.06 4342.36 2255.98 1198.08
198.09 412.09 273.02 4448.35 1376.12 695.21
170.73 348.66 185.58 4222.28 1022.83 475.01
97.89 126.26 93.3 984.67 247.54 140.58
607.23 856.94 1059.47 2110.28 1462.8 1320.31
226.23 374.0 344.08 3527.36 1209.31 706.07
277.45 544.82 268.89 5311.06 1154.23 448.4
417.3 777.83 575.94 5453.25 1554.63 725.58
912.47 1375.27 2037.6 3381.28 2798.59 1739.06
278.46 433.42 428.46 3740.72 1351.13 930.91
186.6 396.44 190.69 4798.95 1150.14 501.3
330.79 603.1 427.91 4960.53 1232.53 515.99
559.17 811.04 1086.1 2190.46 1709.86 1254.61
407.33 719.94 506.44 4994.1 1500.54 884.56
475.25 700.08 936.98 2484.22 1434.29 792.45
85.22 203.46 80.03 3685.93 837.4 315.31
193.83 463.97 103.69 4231.96 943.75 378.89
450.98 682.01 694.0 3815.53 1711.25 1275.11
405.84 646.98 821.97 3905.03 1802.68 925.06
103.09 115.07 101.29 384.64 159.37 119.51
103.77 226.76 123.33 3745.01 931.8 395.62
496.34 827.99 690.8 4664.19 1738.85 1196.98
727.81 1129.77 1660.61 3660.75 2543.64 1560.31
249.89 467.7 474.25 3927.37 1359.0 643.66
184.95 322.78 156.84 2502.11 570.35 251.78
139.25 398.98 109.35 5090.05 1090.69 416.28
255.75 308.88 332.56 1187.91 875.23 751.26
238.42 437.83 298.44 4226.65 1236.21 676.77
788.36 1170.98 1672.36 3493.65 3036.54 1900.09
506.67 734.55 859.1 2843.26 1902.37 1635.24
400.26 590.91 586.73 3512.84 1782.88 1332.99
128.39 177.14 120.95 1104.73 293.84 158.15
482.23 717.8 850.09 3204.62 1676.34 1210.4
734.59 1013.19 1377.46 1976.7 2346.96 2226.41
325.57 501.59 571.21 3163.11 1333.82 832.32
320.98 571.4 408.28 4560.42 1223.74 567.46
594.67 903.59 1177.2 3439.85 1991.68 1159.16
204.72 372.06 291.94 4212.82 1221.36 621.95
458.62 700.11 808.23 3078.56 1904.25 1449.24
74.38 175.61 66.12 3862.86 785.88 303.29
133.75 281.61 178.56 3684.22 968.22 438.99
284.54 467.03 345.67 3959.43 1445.4 947.67
214.79 407.44 246.23 4165.4 1142.62 588.84
356.92 594.16 500.01 4013.62 1302.76 747.42
91.35 132.05 91.29 1375.84 364.8 174.58
184.42 353.01 273.4 4371.56 1101.71 610.65
119.13 318.25 80.87 4735.48 954.16 366.61
150.37 345.46 121.07 4737.22 1067.19 417.82
815.06 1236.33 1662.2 3765.11 3239.85 2043.39
416.72 596.94 782.77 2032.93 1127.6 675.09
359.83 578.96 615.34 3637.7 1670.71 1225.1
108.96 188.54 116.56 2399.18 508.46 266.37
95.45 113.42 93.99 767.69 221.71 136.07
297.01 464.73 513.37 2924.22 1264.86 945.75
310.67 640.78 258.44 5790.82 1248.02 485.24
657.25 991.87 1342.56 3622.36 2705.78 1675.71
671.45 974.05 1220.83 3071.03 2081.01 1542.89
95.91 178.23 99.52 2532.14 612.09 254.63
334.04 559.61 557.96 3992.85 1479.54 1011.04
241.47 452.44 382.8 3912.17 1214.46 607.58
842.29 1086.8 1398.15 2423.38 2811.56 2667.21
782.56 1091.44 1412.26 2561.24 2529.88 2378.52
156.64 364.82 179.74 5120.67 1168.79 502.59
476.24 750.69 983.8 4120.66 2014.12 1159.04
314.54 505.11 568.06 2813.18 1312.66 750.9
832.77 1115.51 1439.19 2568.18 2963.97 2773.58
550.43 779.0 1099.24 1725.25 1585.67 996.72
174.67 392.47 167.04 5107.51 1189.5 478.08
327.4 582.06 651.75 4293.73 1549.99 769.14
413.79 540.96 621.37 2541.94 1551.1 1283.93
364.05 646.3 523.75 4878.93 1457.24 684.68
201.69 402.02 231.67 4671.77 1204.12 603.96
141.31 260.25 101.62 1919.25 471.49 222.79
681.25 919.96 1186.61 2297.11 2395.69 2228.59
761.12 1054.89 1463.09 2397.88 2700.78 2045.43
98.93 113.27 96.61 547.05 174.55 120.51
294.51 511.38 350.7 4119.95 1140.77 616.91
759.85 1127.97 1684.94 3431.96 2420.3 1373.04
115.82 255.8 144.74 4138.08 801.67 332.56
685.66 1007.4 1120.28 3319.97 2283.97 1966.15
287.47 481.66 395.47 3272.79 900.3 421.95
491.48 785.82 1051.79 3725.15 1843.86 1025.09
584.89 891.41 1195.24 3120.61 1638.2 919.45
335.74 631.23 448.73 4066.59 1333.95 704.25
365.61 572.53 524.76 4077.67 1692.83 1062.52
292.77 468.48 517.01 2546.06 1040.5 633.17
196.63 392.85 226.0 4803.08 1238.83 667.4
109.69 269.94 110.9 4872.01 949.05 356.28
284.07 478.2 529.06 4229.46 1399.32 755.92
921.98 1336.87 1966.76 3206.64 3023.78 1971.56
255.84 421.31 394.24 3694.78 1364.89 886.55
98.71 112.51 98.82 449.82 180.09 124.3
835.81 1140.8 1574.91 2570.21 2666.07 2204.89
584.74 888.65 1158.1 3925.66 1982.95 1107.12
588.37 881.16 1189.86 3064.72 2037.02 1233.26
279.99 473.57 534.56 4347.38 1468.9 712.49
791.06 1183.69 1766.78 3908.59 3406.88 1960.7
364.87 612.05 775.35 4239.74 1657.98 891.16
226.86 334.24 410.83 1392.9 785.43 471.66
94.64 151.98 95.12 1553.83 432.86 200.98
565.77 872.1 1166.64 3647.13 1661.81 918.35
139.47 180.49 164.49 1234.23 424.03 286.57
508.3 793.9 1090.91 3868.13 1800.31 956.8
94.14 156.85 94.66 1689.77 463.98 210.42
533.41 820.7 1053.92 3901.0 1815.31 984.97
343.36 531.37 550.02 2584.24 1261.83 984.56
78.71 178.79 90.56 3422.15 737.16 302.53
134.91 225.39 176.39 2199.34 652.65 357.21
358.42 570.39 411.91 4128.36 1398.87 887.87
91.73 201.92 91.52 4070.28 833.73 338.07
835.42 1172.13 1539.48 2478.63 2724.84 2549.28
962.0 1398.0 2014.0 3173.0 2939.0 1816.0
69.0 191.5 59.0 4653.5 930.0 346.0
134.0 394.5 95.5 5146.0 1087.0 409.5
969.0 1403.0 2079.0 3181.0 3518.0 2279.0
155.0 368.0 123.0 5163.0 1156.0 447.0
89.8 263.8 87.2 4769.8 1060.5 381.0
971.0 1390.0 2115.5 3245.0 2879.5 1707.0
122.0 299.0 89.0 4632.0 914.0 354.0
72.0 203.8 71.8 4231.5 957.5 341.5
907.5 1325.5 2047.5 3151.5 2757.0 1579.5
948.0 1357.0 1978.0 3155.0 2462.0 1531.0
56.8 180.8 53.0 4412.8 873.5 325.0
119.5 322.5 80.5 4825.8 970.8 371.8
948.0 1376.0 2046.0 3146.0 2970.0 1921.0
911.0 1341.0 1922.0 3127.8 2196.5 1320.8
985.0 1493.5 2276.8 3372.5 3183.8 2033.8
76.2 218.5 55.5 4643.8 764.8 282.8
962.5 1390.0 1954.5 3151.5 2480.0 1527.0
959.5 1435.2 2145.2 3160.2 2832.8 1787.8
88.5 243.0 63.5 4918.0 903.5 321.0
978.0 1422.0 2105.0 3266.0 3199.0 2037.0
79.2 209.2 66.0 4931.0 970.2 374.0
222.2 574.0 104.8 5481.0 1198.8 463.2
992.0 1434.0 2127.0 3253.0 3849.0 2515.0
980.5 1432.2 2016.0 3245.2 2807.8 1800.2
966.0 1422.0 2112.0 3259.5 3477.0 2237.5
109.2 304.0 68.8 5231.2 1052.0 412.0
978.0 1434.0 2220.0 3640.0 4073.0 2397.0
81.5 229.5 75.0 4588.5 1023.0 369.5
937.0 1353.0 2081.0 3198.0 2826.0 1629.0
924.0 1316.0 1970.0 3207.0 2671.0 1584.0
102.5 315.2 89.5 4914.0 1200.8 467.0
980.0 1467.0 2194.0 3388.8 3736.5 2446.5
955.0 1376.0 2056.0 3368.0 3193.0 1885.0
977.5 1462.0 2197.0 3231.5 2940.0 1846.5
939.0 1381.8 2053.5 3176.2 3230.8 2074.0
265.0 540.0 222.0 5608.0 1151.0 427.0
83.0 265.0 84.5 4714.5 1156.5 420.5
245.0 494.0 207.0 5231.5 1090.0 397.0
304.0 635.0 236.5 5868.5 1229.5 464.5
138.0 335.0 114.0 4964.0 1063.0 407.0
53.8 244.8 74.8 4340.2 1057.2 381.2
768.0 937.0 1202.0 1687.0 2456.0 2347.0
839.5 1125.5 1473.5 1964.5 2431.0 2337.0
851.0 1125.0 1487.0 2077.0 2845.0 2757.5
674.0 931.0 1168.0 1598.0 2316.0 2207.0
802.0 1081.5 1471.5 1917.5 2488.0 2377.0
925.8 1236.5 1653.5 2197.5 2743.8 2613.8
730.2 928.0 1240.5 1701.5 2120.2 2066.2
807.5 1039.5 1351.0 1892.0 2546.5 2477.5
913.2 1175.2 1552.5 2217.0 2972.0 2874.8
762.0 1017.0 1384.0 1898.0 2403.0 2316.0
768.8 1023.0 1344.0 1898.0 2593.0 2511.8
829.0 1082.5 1419.0 2036.5 2743.5 2651.0
854.0 1156.0 1575.0 2169.0 2712.0 2618.0
639.0 865.0 1188.0 1648.0 2076.0 2016.0
844.0 1157.0 1430.0 1846.0 2520.0 2406.0
716.0 963.0 1366.8 1791.0 2127.8 2035.2
641.0 907.0 1227.0 1692.0 2009.0 1914.0
822.0 1025.0 1317.0 1836.0 2480.0 2426.0
742.5 1032.0 1418.0 2073.0 2820.5 2703.0
703.5 879.5 1143.8 1618.8 2253.5 2180.0
842.5 1154.0 1648.2 2236.5 2825.8 2704.8
656.2 975.5 1340.8 1867.0 2455.0 2361.2
923.0 1214.2 1604.0 2234.0 3080.0 2985.5
734.8 963.5 1263.8 1827.2 2497.5 2417.8
800.0 989.0 1283.0 1784.0 2597.0 2503.0
706.0 816.0 1002.0 1436.0 2293.0 2206.0
725.0 878.0 1047.0 1489.0 2411.0 2352.0
878.5 1224.0 1682.0 2199.2 2656.0 2552.8
947.0 1212.0 1599.0 2313.0 3158.0 3037.0
589.2 813.2 1233.8 1730.8 1900.0 1827.2
729.0 991.5 1413.5 1964.0 2248.0 2150.5
904.8 1159.0 1500.8 2110.0 2816.5 2720.0
824.0 1099.0 1504.0 2058.0 2602.0 2523.0
836.5 986.8 1224.5 1763.8 2408.0 2363.0
894.0 1109.0 1450.0 2050.0 2679.5 2581.0
922.8 1209.8 1608.8 2273.8 3029.5 2919.0
761.0 1043.0 1428.0 1885.0 2397.0 2298.0
690.5 905.0 1162.8 1628.5 2187.8 2117.0
794.0 1033.0 1333.0 1871.5 2517.0 2421.0
944.0 1266.5 1688.8 2251.2 2816.2 2701.0
726.0 907.0 1139.0 1530.0 2019.0 1932.0
829.2 1124.8 1599.8 2206.2 2634.5 2532.0
921.0 1181.0 1557.0 2200.0 3037.0 2940.0
735.0 948.0 1238.0 1781.0 2503.0 2425.0
684.0 932.0 1313.0 1825.0 2332.0 2243.0
955.2 1228.0 1601.8 2260.2 2853.5 2766.5
806.0 1120.0 1498.0 2025.0 2566.0 2470.0
822.8 960.5 1128.5 1537.0 2182.8 2085.0
641.0 896.0 1266.0 1659.0 1887.5 1822.0
871.0 1129.0 1503.2 2057.8 2777.2 2662.0
833.0 1120.0 1439.0 1912.0 2418.0 2335.0
906.5 1134.2 1379.5 1798.5 2442.5 2363.5
612.5 842.5 1118.0 1490.0 2004.0 1917.0
741.5 944.0 1193.5 1631.5 2141.5 2080.0
882.5 1167.0 1520.5 2088.0 2698.5 2609.0
938.0 1173.0 1417.0 1866.0 2519.0 2437.0
927.0 1208.0 1637.0 2208.0 2809.0 2698.0
855.0 1101.0 1438.0 2028.0 2691.5 2610.0
705.0 972.0 1320.0 1791.5 2238.5 2159.0
837.0 1082.0 1417.0 2015.0 2798.0 2707.0
842.5 1173.5 1560.5 2028.5 2690.5 2567.5
604.0 697.5 845.0 1219.5 2055.5 2008.5
730.5 976.0 1293.0 1724.0 2096.5 2039.5
764.5 919.0 1087.0 1489.5 2095.0 2002.0
745.5 970.5 1232.5 1660.5 2177.5 2078.0
613.2 779.2 979.8 1360.5 1779.8 1769.5
793.0 1047.2 1363.0 1889.5 2419.2 2344.2
815.0 1000.0 1207.0 1625.5 2248.0 2163.0
843.0 1099.0 1451.5 2043.0 2738.0 2657.5
772.0 992.0 1295.8 1845.8 2461.0 2394.0
895.0 1245.5 1667.0 2236.0 2803.0 2694.0
765.5 1003.0 1321.0 1858.0 2440.0 2353.0
714.5 1003.5 1444.0 2002.5 2485.5 2401.5
494.5 611.5 726.5 1056.8 1795.0 1744.5
924.5 1207.0 1571.5 2078.0 2692.0 2588.5
696.8 869.5 1026.8 1427.2 2001.5 1927.5
721.0 985.0 1346.0 1933.0 2632.0 2539.0
849.5 1092.0 1370.2 1861.2 2472.8 2388.2
948.0 1249.0 1638.0 2246.0 2922.0 2819.0
694.8 840.8 1036.8 1393.8 1978.2 1915.8
760.0 991.0 1309.0 1853.0 2493.0 2420.0
928.0 1191.0 1564.0 2183.0 2886.0 2803.0
865.0 1153.0 1527.0 2115.5 2890.0 2785.0
662.8 884.0 1187.0 1705.0 2242.0 2151.8
603.2 862.0 1290.2 1790.5 2089.0 2029.2
682.8 802.2 949.2 1388.8 2317.5 2267.2
571.5 650.0 741.0 1076.0 2143.0 2120.5
811.2 1079.8 1420.5 1908.5 2484.0 2367.8
634.5 841.5 1134.5 1640.5 2306.0 2225.0
693.0 922.0 1262.0 1853.0 2415.0 2306.0
712.5 980.0 1304.5 1763.2 2235.8 2140.0
871.0 1195.0 1616.0 2208.0 2857.0 2755.0
915.0 1197.0 1579.0 2198.8 2939.0 2853.8
726.5 1001.0 1490.5 2050.5 2329.0 2253.0
784.0 1041.0 1376.2 1944.2 2683.0 2583.2
865.8 1136.8 1481.5 2033.0 2641.8 2551.2
837.8 1147.5 1648.5 2250.8 2700.2 2578.0
866.0 1156.0 1526.0 2111.5 2891.0 2797.0
833.0 1069.5 1333.0 1876.5 2457.5 2371.5
823.0 1116.5 1508.0 2131.5 2906.0 2777.0
585.5 771.0 1002.5 1461.5 1967.5 1912.0
873.0 1194.0 1591.0 2159.0 2736.2 2631.8
716.0 947.5 1257.0 1678.0 2192.0 2089.0
846.0 1104.0 1453.0 2038.0 2776.0 2693.0
623.0 879.0 1316.2 1827.2 2025.5 1961.5
935.0 1244.0 1643.0 2260.0 3095.0 2981.0
760.0 1046.0 1398.0 1960.0 2575.0 2476.0
655.0 909.5 1375.0 1859.0 2079.5 1999.0
781.0 1034.8 1371.5 1916.0 2624.0 2537.8
877.0 1167.5 1545.5 2071.5 2560.5 2478.0
755.0 955.0 1238.8 1769.0 2392.8 2328.0
928.0 1278.0 1695.5 2233.0 2786.0 2674.5
663.0 808.0 944.0 1365.0 2433.0 2344.0
655.2 879.8 1083.0 1511.2 1882.5 1803.5
759.0 987.0 1297.0 1832.0 2491.0 2412.0
826.5 1133.0 1648.8 2248.8 2639.5 2538.5
799.0 1081.5 1432.5 1982.0 2481.5 2404.5
657.0 884.0 1228.0 1711.0 2171.0 2084.0
562.8 795.0 1215.0 1587.5 1707.0 1652.8
940.0 1248.0 1642.0 2258.0 3106.2 3016.0
739.0 1000.2 1362.0 1855.0 2252.8 2174.0
911.0 1149.0 1500.0 2130.0 2851.0 2772.0
811.5 1080.5 1496.5 1990.0 2621.5 2521.0
794.0 988.0 1204.0 1609.0 2197.0 2121.0
853.0 1090.0 1411.0 2003.0 2752.0 2658.0
929.0 1206.0 1569.0 2190.0 2983.0 2872.0
864.0 1186.0 1576.0 2099.0 2608.0 2509.0
531.0 693.0 1037.0 1412.0 1224.0 1183.0
625.0 804.0 1144.0 1564.0 1425.0 1398.0
753.2 1030.5 1597.8 2142.8 2414.0 2318.8
715.0 985.0 1354.0 1781.0 2272.0 2160.0
819.0 1111.0 1495.2 2022.2 2530.8 2429.2
562.5 761.5 1033.8 1404.5 1897.2 1825.8
873.0 1144.0 1506.0 2092.0 2837.0 2744.0
680.5 936.8 1301.8 1826.0 2445.2 2354.0
925.0 1180.0 1542.0 2188.0 3006.0 2917.0
760.0 961.0 1251.0 1793.0 2435.0 2355.0
832.5 1056.0 1370.0 1954.0 2629.0 2571.0
761.5 1050.5 1440.0 1886.0 2352.5 2250.5
745.0 1005.0 1345.0 1792.0 1763.0 1724.0
891.0 1224.0 1623.0 2193.0 2784.0 2700.0
891.0 1224.0 1623.0 2193.0 2784.0 2700.0
568.0 821.0 1180.0 1644.0 2111.0 2013.0
866.0 1046.0 1340.0 1946.0 2723.0 2646.0
940.0 1228.0 1620.0 2241.0 3065.0 2968.0
794.0 1042.0 1367.0 1905.0 2584.0 2498.0
919.2 1225.8 1632.0 2231.0 2830.8 2723.5
681.5 912.5 1230.5 1707.5 2195.0 2129.5
626.0 732.0 875.0 1305.0 2153.0 2135.0
445.0 496.0 565.0 791.0 1386.0 1328.0
857.0 1146.8 1590.0 2166.2 2596.8 2497.0
791.0 1049.0 1494.0 2026.0 2529.0 2427.0
891.0 1224.0 1623.0 2193.0 2784.0 2700.0
735.0 1019.0 1466.0 2006.5 2331.5 2246.5
805.0 1139.0 1507.0 2041.0 2565.0 2447.0
773.5 936.5 1210.0 1756.5 2512.5 2418.5
812.0 1059.0 1431.0 2026.0 2822.0 2690.0
766.5 976.8 1268.8 1760.2 2291.8 2219.8
858.5 1094.5 1411.0 1982.0 2601.0 2516.5
720.0 969.0 1285.5 1726.5 2381.0 2285.5
706.0 970.5 1257.0 1597.0 1574.5 1517.0
717.0 935.0 1230.2 1764.0 2423.0 2349.2
829.0 1060.0 1392.0 1986.5 2724.5 2643.5
702.5 921.5 1339.0 1831.0 2148.0 2058.5
549.0 651.0 748.0 1104.0 1802.0 1762.0
644.8 881.0 1280.8 1749.0 2053.0 2000.8
878.0 1092.0 1327.0 1745.0 2368.0 2292.0
919.5 1129.5 1434.0 2069.5 2925.5 2850.0
711.0 952.0 1270.0 1797.0 2394.0 2302.0
933.0 1197.2 1551.5 2165.0 2886.0 2796.2
803.0 1095.0 1504.5 1993.5 2662.0 2566.5
911.0 1260.5 1689.0 2227.5 2882.0 2764.0
601.2 845.8 1120.2 1463.8 1473.8 1429.8
911.0 1170.0 1541.0 2187.0 3003.8 2910.8
832.0 1155.0 1508.0 1996.0 2604.0 2499.0
864.0 1157.0 1609.0 2201.0 2733.5 2620.0
747.2 1003.2 1281.5 1803.5 2383.5 2284.2
836.0 1061.5 1364.0 1938.0 2713.0 2601.5
799.0 1005.0 1309.0 1853.5 2526.0 2427.0
793.2 1096.8 1554.2 2108.2 2683.0 2555.8
874.0 1167.0 1554.0 2196.0 3091.0 3000.0
834.0 1087.0 1449.0 2076.0 2940.0 2831.0
640.0 932.0 1265.5 1641.5 1864.0 1819.0
911.2 1214.2 1595.2 2144.5 2765.5 2671.2
776.5 1048.8 1375.5 1702.0 1798.8 1734.2
811.0 1085.0 1446.0 1942.0 2443.0 2355.0
806.0 1048.0 1354.0 1876.0 2610.0 2516.0
874.0 1099.0 1454.0 2094.0 2880.0 2842.0
906.0 1228.5 1628.2 2185.2 2763.0 2647.8
845.2 1154.8 1519.5 1946.5 2659.5 2539.0
750.8 970.8 1260.2 1788.0 2377.2 2283.0
913.0 1204.0 1595.0 2261.0 3178.0 3049.0
748.0 975.0 1300.0 1870.0 2733.0 2619.0
567.0 814.2 1131.0 1471.0 1600.0 1553.5
586.2 808.0 1102.0 1514.0 2074.0 1984.8
682.0 908.0 1178.0 1613.2 2030.8 1954.5
950.0 1228.0 1561.0 2202.0 3162.0 3089.0
774.0 1019.0 1314.8 1903.5 2600.2 2521.2
853.5 1109.0 1470.0 2096.5 2805.0 2714.5
794.2 1101.8 1720.5 2272.0 2521.5 2432.5
691.5 970.0 1384.0 1883.0 2344.0 2263.0
100.0 100.0 100.0 100.0 100.0 100.0
