713.83 1060.66 1501.44 3799.4 2555.78 1449.7
605.31 813.32 990.98 2124.52 1752.78 1334.5
412.18 559.55 576.68 2103.22 1354.58 1036.14
250.03 535.84 368.24 4844.63 1252.68 545.58
135.83 341.66 115.59 4775.47 998.97 397.51
297.07 501.22 526.08 3675.78 1216.59 596.74
352.49 643.68 458.53 5272.26 1484.09 670.94
308.48 510.72 450.75 3404.83 1153.2 585.76
329.35 528.3 596.83 3472.53 1137.11 602.41
370.15 513.69 526.01 2742.74 1334.72 961.52
190.65 303.8 284.27 2047.55 735.15 395.84
373.64 636.07 409.64 4251.75 1319.37 739.85
306.56 510.43 592.49 4060.3 1318.68 662.98
463.71 676.08 925.06 2100.74 1450.97 915.32
284.47 406.09 380.21 2481.43 1121.34 740.37
860.29 1268.26 1788.47 3601.85 3362.53 2141.56
84.22 210.44 78.68 3927.99 887.17 329.84
111.6 204.91 94.2 2489.19 529.13 233.9
394.07 555.69 539.48 2518.87 1387.53 998.43
214.36 304.06 359.14 1446.26 688.31 396.77
130.26 309.9 109.21 4611.03 934.28 370.24
716.13 1046.45 1521.48 2948.14 2232.11 1316.71
96.97 108.96 95.99 545.76 181.25 124.08
237.54 382.41 340.11 3325.85 1158.75 638.86
139.11 301.63 232.5 3258.39 987.18 440.24
247.14 477.57 394.84 4431.21 1236.11 560.97
313.01 518.09 580.55 4453.05 1371.67 685.37
199.48 436.87 313.9 4711.22 1403.72 633.77
399.36 526.13 535.8 1678.13 1182.21 913.3
261.32 499.76 425.33 4887.1 1427.93 696.53
169.96 371.43 270.57 4477.79 1363.06 601.24
308.77 432.89 429.18 2033.24 1133.89 799.04
603.6 824.27 1095.56 1927.48 1649.27 1171.95
201.65 410.89 328.27 4082.52 1251.18 557.72
742.47 1055.32 1533.96 2673.12 2252.15 1376.57
212.51 371.54 295.06 3910.6 1070.67 555.77
399.64 670.18 807.05 4384.31 1892.22 1062.8
345.84 475.23 468.5 1971.31 1190.22 866.31
193.31 274.78 314.05 1570.23 569.52 322.51
214.6 257.53 270.05 540.24 501.73 418.45
348.52 552.14 594.18 3662.43 1383.2 773.87
122.56 209.92 109.43 2176.62 533.13 242.32
474.79 679.29 769.78 2623.73 1518.97 1053.95
255.04 393.83 314.67 2323.77 935.51 606.48
57.11 234.42 76.61 4036.32 988.6 361.05
221.75 352.99 299.34 2674.7 1046.72 616.57
338.97 487.4 452.07 2717.79 1202.44 844.04
301.87 565.98 441.44 4353.9 1413.34 752.63
502.69 734.51 997.81 2417.85 1634.41 987.31
108.79 142.83 103.68 909.14 268.76 155.46
606.12 908.53 1271.7 3503.67 2130.74 1293.1
497.25 641.76 714.3 1457.2 1485.07 1225.4
234.29 435.18 399.76 4617.44 1254.01 592.39
187.9 335.15 305.67 3388.57 1032.25 475.09
276.45 473.38 496.45 4191.58 1407.93 744.81
378.62 622.08 726.67 4077.84 1663.18 858.3
240.68 427.67 310.28 3671.21 1301.71 737.17
254.89 408.15 274.91 2223.43 851.61 537.77
573.24 950.06 1050.65 4148.94 2086.84 1188.42
674.57 1024.15 1452.01 3629.18 2642.47 1624.47
622.68 946.32 1283.85 3614.51 1755.86 984.77
472.23 745.94 1030.23 4064.3 2316.35 1259.39
362.96 582.19 567.55 3123.56 1358.0 839.63
380.93 589.48 468.9 3519.76 1317.38 827.19
279.95 601.55 278.21 4749.36 1327.73 609.76
522.18 775.5 1065.52 2550.47 2041.62 1178.9
491.64 743.91 1002.91 3820.96 1767.29 950.37
399.75 636.73 801.35 4112.35 1881.09 1056.38
335.77 488.39 469.52 2711.04 1317.93 898.24
64.4 166.58 61.27 3654.01 737.41 285.41
454.25 697.94 823.83 3481.25 1925.04 1179.63
170.13 359.75 201.88 4533.35 1023.16 432.84
713.18 1049.33 1492.77 3520.99 2279.34 1294.27
79.16 264.13 110.06 4114.05 1066.19 423.22
123.09 299.71 91.04 4614.8 914.42 356.07
84.55 215.35 90.27 4117.67 965.77 364.81
116.22 285.11 83.78 4031.66 824.47 326.13
87.09 225.29 88.23 3603.98 902.24 343.37
187.48 357.8 243.44 3898.45 1220.52 610.86
253.79 311.97 330.08 774.0 658.93 534.94
103.62 265.78 127.78 4048.04 1059.87 414.75
827.01 1218.32 1854.64 3295.98 2564.12 1453.95
225.06 389.18 246.06 3137.52 771.57 347.37
172.7 308.85 212.14 3641.71 1067.19 536.14
223.71 574.55 110.0 5456.46 1200.89 466.54
420.29 666.39 746.24 3674.15 1612.47 978.23
334.66 605.3 449.81 4968.02 1314.93 556.63
270.2 514.18 435.04 4534.01 1422.68 710.14
272.97 479.91 484.44 4540.23 1293.75 599.86
253.71 457.83 466.55 4341.87 1272.14 651.31
88.16 134.95 84.34 1839.26 417.03 193.96
219.12 389.37 249.2 3845.12 1098.67 574.13
122.84 253.09 171.31 3549.27 908.72 378.75
286.2 435.2 393.02 2871.54 1220.11 770.66
272.18 439.07 439.75 3881.31 1217.97 651.98
108.03 172.66 95.98 1754.73 397.21 192.74
368.52 483.44 506.55 1650.58 1167.28 893.37
323.27 524.39 588.01 3741.35 1209.68 617.11
91.24 185.06 92.01 2478.82 644.64 265.22
208.84 358.56 256.83 3871.0 1074.53 590.64
84.65 148.12 91.63 1509.14 418.1 193.45
137.39 177.61 149.51 830.18 293.11 184.45
976.59 1481.43 2256.59 3365.0 3160.48 2017.47
230.15 355.35 305.59 3420.42 1099.23 654.55
96.84 122.1 95.73 865.89 257.5 145.99
89.17 234.65 65.63 4636.83 856.61 308.1
301.29 435.88 593.63 1741.08 959.63 529.64
671.58 913.65 1163.52 2383.21 1961.62 1406.15
139.58 396.78 109.36 5048.74 1083.98 415.04
318.69 559.68 561.95 4281.52 1471.77 768.09
441.64 743.21 864.07 4395.96 2027.1 1142.47
203.75 411.72 181.39 3139.33 818.79 376.79
371.14 607.51 602.43 3994.34 1432.0 779.37
82.07 189.26 66.48 3522.57 600.75 237.69
399.24 541.4 562.7 2214.46 1345.11 1017.26
209.54 427.29 278.96 4808.5 1225.88 529.33
122.04 245.59 154.13 4130.62 928.45 407.5
149.96 209.83 221.27 1457.15 537.39 307.2
791.75 1179.6 1625.67 3583.89 2562.29 1535.71
136.91 328.27 113.6 4824.67 1035.42 398.21
859.1 1232.44 1696.18 2945.73 2269.73 1437.77
425.8 544.31 618.4 1290.91 1257.47 1010.43
119.34 306.02 170.51 3993.45 1129.16 506.15
395.64 506.76 543.62 1400.31 1176.42 942.85
312.55 485.14 495.51 3321.27 1227.09 773.79
358.19 607.08 615.86 3881.14 1394.33 751.78
488.84 734.47 928.6 2760.68 1527.72 929.94
427.87 690.4 832.06 3979.35 1903.61 1011.53
312.04 475.12 399.6 2611.4 1149.25 769.63
837.77 1223.73 1773.03 2987.77 2875.57 1876.04
70.99 185.62 61.63 4360.96 876.68 330.2
109.26 173.21 120.12 1952.02 543.47 263.75
76.31 218.61 55.67 4643.17 764.99 283.03
83.56 181.56 79.99 3673.79 771.78 312.46
390.41 656.38 446.36 3720.93 1410.15 892.5
135.89 321.94 113.22 4693.74 1009.49 389.94
288.52 374.35 385.61 1398.84 897.59 674.31
95.29 175.64 94.09 2256.31 543.52 229.75
275.67 445.05 473.92 2442.93 1029.27 547.85
122.1 325.82 86.47 4820.7 976.87 376.26
609.5 893.64 1185.01 3265.45 2416.32 1567.21
179.67 401.46 364.83 4135.83 1439.2 645.83
146.34 167.83 166.39 344.27 271.5 229.1
306.43 483.69 575.37 2409.52 1223.01 702.38
121.32 306.57 121.2 4201.35 1091.07 463.11
355.25 570.78 441.3 3806.93 1288.12 739.86
342.33 432.73 475.4 1130.88 944.49 770.81
410.39 526.91 580.89 1438.44 1185.98 960.64
120.55 285.84 89.73 4332.33 860.18 337.2
154.67 359.78 126.49 4959.48 1120.33 437.87
206.97 312.83 256.81 2614.12 819.14 498.78
608.99 916.3 1273.62 3388.0 2138.49 1292.1
430.27 678.17 913.49 3897.35 1701.96 878.29
233.2 462.59 455.41 3964.71 1405.85 688.09
485.72 759.81 932.0 3605.38 1588.48 890.18
400.74 628.61 485.42 3956.18 1362.46 832.0
486.43 785.61 923.82 4419.35 1999.91 1042.75
522.94 826.77 1068.34 3556.56 1814.26 967.69
234.11 463.72 351.65 4752.96 1270.06 568.55
850.58 1248.81 1896.5 3192.68 2598.41 1477.1
427.33 747.54 787.25 4440.86 1809.43 977.54
541.81 809.79 1109.94 2865.9 2247.46 1390.58
190.37 307.02 248.28 3185.1 988.79 568.83
84.51 177.15 71.03 3058.23 532.82 219.01
321.7 571.6 621.86 4301.35 1792.73 921.21
453.71 734.6 940.55 3406.46 1992.45 1164.88
427.0 637.26 735.03 3002.92 1658.69 1072.32
274.85 397.72 365.74 2581.34 1116.68 722.78
444.28 619.26 888.14 1606.96 1382.22 831.11
316.53 466.01 430.53 3210.03 1181.29 808.3
778.26 1111.01 1609.18 2777.09 2354.11 1472.32
375.75 537.61 526.08 2456.48 1400.34 1001.24
178.13 385.52 318.7 3974.16 1260.69 581.98
112.94 306.36 75.27 5171.48 1052.13 418.69
834.7 1277.87 1835.33 3460.41 2568.87 1579.43
387.32 550.4 527.73 2593.48 1381.0 982.87
88.72 234.25 83.43 4590.48 790.28 304.73
212.76 394.19 307.12 3518.66 1236.63 686.05
312.86 544.56 334.16 4523.57 1201.38 593.82
674.95 1002.09 1413.21 3195.59 2116.69 1211.89
363.86 496.87 514.51 2382.39 1312.3 960.12
359.53 524.41 500.17 2602.36 1388.5 969.53
275.26 390.3 364.0 2712.43 1094.92 727.22
91.04 144.63 83.24 1811.42 350.4 168.85
268.36 550.61 425.3 4641.1 1414.04 679.11
930.41 1370.79 1902.35 3357.68 2705.97 1717.9
224.71 432.56 192.21 4263.07 894.37 347.15
224.04 437.04 191.53 4489.65 946.88 354.06
244.41 420.0 396.27 4030.86 1118.45 591.92
637.91 967.9 1300.3 3694.01 2233.76 1283.58
707.37 1022.52 1432.19 3406.99 2464.03 1483.08
636.53 882.93 1187.53 2137.35 2156.45 1501.0
652.09 937.37 1379.77 2665.42 1985.1 1156.73
400.06 746.1 584.79 4650.63 1538.87 749.54
629.96 956.55 1257.6 3900.85 2093.12 1245.52
701.23 1074.7 1410.38 3955.3 2209.34 1195.65
634.62 943.89 1167.29 3159.67 1871.81 1175.62
362.82 597.4 746.93 3983.85 1691.2 931.69
874.26 1286.0 1812.65 3345.12 2734.04 1665.6
85.06 244.99 86.38 4154.93 1028.39 381.64
121.27 298.17 92.88 4680.75 987.91 413.58
92.56 113.92 91.9 843.07 233.27 138.77
157.24 299.15 148.53 3368.13 843.72 381.67
418.13 702.24 855.39 4112.24 1968.61 1067.87
159.99 298.31 186.58 3944.48 878.01 455.37
231.19 359.32 418.85 2164.79 861.56 464.91
366.98 529.01 473.03 2520.23 1177.27 814.81
449.37 671.04 788.52 3233.38 1497.18 958.19
296.47 412.8 390.82 2307.82 1046.81 729.07
340.57 616.28 354.38 3990.17 1311.73 763.36
599.12 757.04 871.51 1524.17 1671.01 1426.21
256.94 447.58 423.41 3668.09 1141.89 536.94
102.92 271.98 106.91 4565.73 1053.41 401.35
330.44 465.94 466.15 2479.58 1278.45 886.19
275.14 469.6 545.59 4133.89 1352.6 655.07
274.68 458.9 457.48 3949.73 1308.34 744.71
566.67 736.94 807.45 1936.88 1620.97 1327.1
896.17 1366.38 1971.7 3473.74 2752.5 1697.54
77.19 167.34 69.83 3450.94 710.8 281.03
313.08 575.97 361.2 4301.02 1161.49 533.88
855.87 1253.07 1837.65 3506.48 2632.94 1528.53
190.5 274.8 285.06 1483.21 610.58 338.56
118.91 271.16 115.43 4615.06 936.82 379.74
151.1 293.08 169.15 3372.26 821.84 358.52
109.66 210.28 90.34 2442.22 531.59 234.71
593.13 754.21 858.79 1614.95 1662.18 1406.03
422.87 552.9 680.27 1227.86 1249.84 954.37
299.04 560.72 432.64 4336.97 1439.27 774.9
92.56 152.07 89.95 1904.88 471.15 208.37
385.06 494.24 521.61 1233.5 1104.54 892.32
594.41 752.0 864.23 1556.74 1665.75 1417.12
174.83 384.99 220.21 4464.54 1102.98 492.51
274.23 513.23 455.54 4749.28 1551.14 729.72
208.31 416.28 267.56 4612.19 1149.48 504.33
405.18 570.97 553.3 2788.36 1363.55 990.28
124.95 302.78 95.94 4626.92 921.96 359.42
91.66 143.78 86.37 2036.81 448.87 209.85
131.45 372.43 95.84 4767.86 1013.04 386.31
330.46 600.12 345.37 3875.94 1312.21 766.23
93.49 193.98 100.45 3151.2 771.65 314.39
131.85 264.87 143.79 3941.88 816.38 394.35
96.06 148.98 87.5 1750.09 375.19 175.69
583.29 807.75 979.78 2495.94 1903.59 1387.75
411.88 695.72 688.35 3707.37 1391.67 741.72
458.44 729.96 906.4 3881.57 1684.31 896.17
611.51 912.91 1251.18 3629.9 1862.24 1075.66
164.99 375.33 140.57 5039.48 1163.37 469.54
316.11 536.72 399.21 3729.98 1316.19 807.57
230.12 433.87 249.54 4548.62 1243.38 612.61
389.38 695.1 533.87 5197.25 1439.02 665.72
242.16 433.72 282.73 3982.12 1150.07 641.44
116.01 282.67 83.99 3979.89 814.93 323.15
863.34 1242.1 1831.14 3333.05 2562.44 1501.52
375.17 726.03 509.4 4669.16 1470.62 723.63
90.53 217.74 69.95 4066.84 761.55 281.96
185.1 310.39 249.89 2435.23 917.06 530.18
638.64 915.15 1163.33 2788.11 2076.15 1395.95
208.71 353.7 272.51 3599.28 1164.81 635.21
190.53 403.72 245.69 4881.21 1251.21 531.43
573.33 884.96 1217.68 3621.29 2271.99 1343.28
416.09 665.59 851.89 3765.17 1644.29 936.22
117.69 331.23 120.91 4825.92 1227.21 497.59
99.84 102.53 99.8 172.09 114.83 104.34
293.38 528.95 377.53 4035.76 1333.03 764.11
479.28 702.15 839.11 2571.95 1544.19 1030.93
246.71 434.57 292.52 4154.08 1206.62 647.26
600.79 758.9 874.01 1515.31 1674.23 1429.84
294.32 403.6 554.14 1006.59 869.22 571.29
161.98 296.41 194.26 4388.84 1081.96 541.6
339.15 509.06 609.01 1819.4 943.17 563.41
109.34 145.51 103.91 959.7 279.31 158.92
385.32 631.29 769.25 4316.32 1576.02 778.56
137.79 286.69 228.94 2937.37 960.43 452.67
334.87 551.38 430.51 3584.07 1339.81 848.59
92.08 141.56 87.06 1938.55 431.17 204.28
119.24 152.27 114.19 780.73 231.33 139.4
466.06 805.29 709.67 4842.01 1763.11 917.52
80.57 209.69 68.99 4881.56 964.64 373.33
255.72 414.49 318.78 2661.23 1006.22 634.19
384.81 671.16 528.05 4908.47 1515.94 758.35
271.29 409.71 363.59 2680.7 1173.54 737.58
221.8 475.74 314.24 4431.98 1201.87 548.6
679.65 953.84 1320.83 2630.11 2078.05 1358.76
108.07 192.04 91.93 2054.88 460.22 212.43
68.18 159.51 65.38 3276.67 669.73 265.73
362.92 627.92 621.78 4505.13 1528.81 778.95
195.44 398.72 219.12 4583.79 1143.67 492.01
91.84 201.52 74.09 3520.51 670.44 256.9
54.83 241.56 75.36 4245.3 1035.78 374.91
316.43 445.04 439.99 1998.07 1150.29 816.39
245.57 465.66 432.57 4323.47 1548.78 757.87
194.63 365.23 338.64 4080.81 1168.11 508.01
565.82 746.98 883.76 2054.83 1687.98 1328.94
138.19 334.67 114.51 4949.22 1060.96 406.82
444.71 617.38 616.68 2588.87 1446.12 1086.73
632.9 961.25 1289.26 3702.07 2222.86 1275.34
640.31 1002.87 1231.57 3927.13 1938.29 1092.42
793.2 1235.7 1660.52 3953.09 2471.94 1468.33
58.42 181.82 55.36 4380.55 871.39 326.72
252.06 500.51 225.1 5159.29 1104.14 415.6
292.68 508.87 550.93 4278.75 1678.45 867.12
339.91 635.17 615.57 4272.89 1467.09 740.36
220.09 303.22 354.38 964.9 547.43 353.48
374.4 711.77 443.31 5498.68 1402.31 601.88
483.63 776.59 929.14 3942.56 1501.82 797.12
806.93 1207.46 1642.15 3936.74 2746.4 1561.9
192.17 273.37 281.56 1641.48 636.29 391.79
452.91 651.01 754.12 2505.57 1591.42 1099.38
361.26 544.27 718.82 2090.1 1249.99 751.82
399.9 642.42 666.21 3355.45 1512.52 919.26
353.85 543.94 434.58 3291.4 1229.68 763.51
475.91 752.4 1040.3 3288.56 2241.79 1235.4
277.84 499.63 277.74 4451.52 1108.2 507.89
329.3 538.9 375.3 3935.78 1181.28 649.27
499.78 717.64 823.04 2362.64 1551.76 1079.16
399.53 638.88 799.88 3927.9 1872.88 1098.68
232.82 451.93 209.68 4562.41 984.76 375.28
564.14 723.64 813.92 1753.49 1615.9 1347.43
94.97 180.72 93.69 2401.18 573.31 238.47
795.44 1200.46 1702.67 3575.1 2972.02 1861.58
93.48 119.25 91.37 1057.92 274.61 151.75
91.09 186.51 91.87 2519.45 653.94 268.04
387.12 565.16 521.73 2984.99 1361.95 960.13
288.67 511.15 516.37 3905.85 1430.22 714.54
671.86 1052.0 1461.59 3604.92 2283.77 1348.5
222.88 459.97 364.7 4609.04 1419.17 640.41
514.89 795.79 955.4 3996.16 1829.03 1011.51
86.29 233.07 87.5 3821.39 952.02 358.47
97.3 156.58 99.2 1588.64 448.27 210.46
357.78 484.89 475.39 1639.12 1053.08 802.57
109.43 183.52 109.48 1739.69 498.15 246.85
126.76 331.83 96.46 4072.14 876.95 343.63
292.62 588.78 259.37 4427.22 1242.29 640.48
639.01 980.92 1380.04 3621.84 2217.19 1218.35
305.17 450.48 461.41 3103.17 1276.31 810.07
499.8 862.74 780.19 4984.43 1541.43 740.72
272.34 487.04 333.11 3709.12 1239.18 724.51
504.36 720.43 892.89 2950.34 1809.61 1161.3
645.65 985.44 1331.16 3595.07 1821.11 1016.49
191.26 453.97 103.58 4118.38 920.55 371.23
356.37 568.31 655.85 3535.47 1683.55 937.05
164.73 365.85 188.93 4354.33 1246.24 588.67
298.0 484.35 374.79 3598.01 1231.69 764.2
138.22 201.93 128.26 1375.93 343.46 175.75
199.0 295.68 216.98 1875.8 595.92 345.6
296.87 504.37 510.55 4309.27 1460.21 781.85
767.91 1135.5 1630.27 3671.12 2731.87 1559.78
229.76 314.77 277.43 1419.76 637.36 443.32
541.72 824.46 1097.73 3971.63 1859.15 1005.22
460.95 605.89 658.43 1733.61 1443.31 1152.61
117.4 147.27 112.84 715.67 218.78 135.63
145.68 291.47 153.29 4254.99 952.4 436.06
178.33 284.97 258.2 2139.68 620.69 320.12
389.21 614.05 753.45 3563.45 1663.41 950.55
471.84 762.86 959.91 4226.58 2205.04 1188.95
912.06 1405.57 2069.11 3574.12 2993.99 1883.61
784.23 1176.68 1603.25 3785.59 2641.47 1603.46
143.34 261.92 170.19 3895.52 984.43 481.97
146.29 314.3 232.69 3358.43 1054.48 502.36
220.62 367.24 254.44 3291.09 977.26 556.75
94.17 193.65 92.68 2769.9 649.15 260.66
101.72 248.21 92.77 3415.54 858.15 352.76
121.97 235.84 108.09 2911.53 656.64 277.45
144.9 334.63 212.58 4680.53 1196.31 476.78
922.82 1328.77 1909.92 3261.08 2413.82 1489.31
677.97 1019.58 1412.82 3755.13 2653.83 1631.82
202.29 425.42 212.14 4173.84 1110.88 547.63
902.66 1359.01 2011.31 3521.2 3499.01 2268.57
100.45 139.07 98.09 974.06 299.87 166.63
366.28 560.2 720.15 2793.01 1315.08 701.59
467.73 617.74 668.7 1679.75 1454.1 1169.41
734.5 1102.62 1520.03 3768.91 3008.95 1879.38
151.78 303.9 229.91 4002.41 1097.83 477.85
109.69 181.13 115.81 2168.53 477.67 218.57
890.75 1275.75 1883.67 3306.14 2593.58 1525.87
100.66 157.2 97.21 1379.5 392.58 197.54
745.79 1075.44 1521.78 2675.36 2614.67 1738.46
642.77 939.58 1360.19 2300.19 2162.11 1386.83
598.87 756.78 871.12 1525.68 1670.58 1425.66
89.72 130.33 86.41 1609.43 375.13 181.55
557.23 804.07 968.57 3192.99 1812.87 1163.73
161.29 349.5 183.29 4103.55 1163.62 549.93
184.19 377.31 189.85 4619.87 1124.02 509.09
169.22 384.69 230.61 4501.56 1296.61 584.03
186.01 360.77 241.46 4016.19 1244.93 616.53
602.33 911.4 1183.14 3456.67 1817.95 1031.07
171.44 327.56 242.06 4055.66 1120.61 511.49
460.57 727.81 911.07 3902.42 1719.03 969.84
155.13 249.27 139.42 1491.17 454.24 258.87
198.12 366.64 244.08 3455.16 1134.56 609.12
241.59 434.11 220.67 3368.8 823.34 383.91
125.4 166.61 117.0 818.24 240.63 145.38
784.1 1186.24 1621.56 3335.44 2370.77 1490.1
283.44 440.61 388.17 3149.09 1263.16 788.19
201.82 371.52 175.28 3498.88 748.55 301.79
557.23 886.39 1173.41 3933.07 2402.77 1396.35
89.97 129.62 86.73 1573.91 368.66 179.63
473.1 779.46 1013.0 4254.98 1881.75 1055.79
889.01 1282.95 1843.74 3301.0 2362.85 1452.31
626.4 856.77 1119.42 2035.17 1931.25 1422.21
173.07 377.02 290.8 4609.21 1251.54 532.78
319.99 435.13 430.26 2112.78 1064.18 782.86
222.54 297.87 285.87 1414.3 715.49 501.98
575.16 918.94 1079.33 4328.49 2183.04 1239.79
424.99 778.56 652.89 4659.02 1600.16 782.27
387.03 493.67 535.48 1373.57 1165.26 926.76
423.38 744.94 661.01 5079.75 1548.66 742.53
424.37 555.86 643.29 1593.86 1341.04 1014.82
900.8 1315.35 1917.74 3327.32 3316.53 2125.37
227.07 498.64 159.36 4182.7 1036.11 470.4
117.64 185.96 107.38 1723.91 438.7 211.3
381.41 560.92 468.4 2669.25 1201.14 813.85
173.68 412.47 163.27 4581.16 1100.87 489.76
115.44 276.17 84.56 3841.77 789.48 315.2
506.28 804.2 1073.0 3626.36 1889.6 994.58
197.92 383.54 217.72 3414.89 969.62 509.18
371.2 637.35 402.65 4334.55 1318.37 729.09
195.48 375.01 201.54 4090.46 1084.73 516.12
240.09 578.32 144.56 5215.74 1217.54 513.28
109.21 251.17 107.62 4386.05 821.06 357.58
412.75 680.62 469.88 4276.82 1392.45 817.76
274.1 444.17 447.55 3023.89 1056.19 529.33
100.68 248.92 110.62 3982.98 925.74 353.04
194.31 459.19 250.52 4830.55 1188.76 492.69
409.75 510.66 568.43 1049.52 1153.21 959.82
391.92 550.87 499.88 2234.97 1197.29 861.28
204.88 362.18 369.6 3591.79 1131.1 509.12
409.04 668.4 575.36 4294.49 1435.39 772.99
255.41 462.16 450.49 4328.64 1368.27 646.27
349.07 477.35 473.52 1932.3 1190.08 871.6
493.77 633.24 713.84 1404.79 1482.55 1230.23
97.38 132.57 91.69 1197.53 283.03 150.34
414.77 520.92 574.91 1155.15 1186.39 977.33
131.81 222.28 143.04 2184.25 560.68 265.45
285.34 475.08 313.76 3630.65 1049.88 554.68
864.73 1282.36 1879.72 3328.3 3027.57 1920.92
488.41 761.6 949.11 3926.6 1707.61 913.33
544.64 845.1 1134.14 3982.75 1999.4 1065.43
432.24 739.69 692.86 4178.28 1635.28 884.22
195.04 311.42 255.1 3142.22 992.82 577.34
449.67 636.36 727.38 2579.98 1508.38 1030.76
96.87 254.46 83.51 4901.1 922.05 335.1
459.81 596.98 661.82 1680.4 1439.51 1160.67
713.92 1050.74 1411.2 3305.98 2209.65 1312.53
97.19 244.82 99.36 4466.49 1040.49 402.27
750.52 1111.72 1509.85 3839.05 2270.87 1279.43
513.58 730.33 889.06 2540.94 1842.29 1192.83
108.16 139.76 103.41 851.2 256.68 151.48
95.68 153.77 86.28 1911.53 402.11 183.09
174.25 328.97 262.91 3529.27 1075.44 510.38
64.14 258.39 98.43 4326.73 1077.47 397.25
396.5 508.25 544.83 1398.62 1176.67 939.58
182.67 337.81 212.5 4292.47 1045.17 524.83
192.09 273.12 261.76 2015.21 742.26 460.22
628.18 921.41 1325.79 2424.91 2140.86 1364.83
145.87 323.52 119.18 4322.79 980.76 389.41
193.09 274.77 246.65 1845.8 740.18 469.6
298.7 445.74 476.56 1838.13 847.91 487.06
528.56 798.89 1065.13 2732.7 1744.03 1072.8
545.97 700.47 791.42 1805.64 1593.53 1318.68
367.67 585.51 625.36 2493.53 1330.88 789.79
217.72 419.86 186.87 4265.92 903.72 341.11
88.13 137.21 93.53 1189.49 345.95 172.25
597.92 852.45 1057.19 2494.37 1840.11 1289.49
151.79 289.82 241.79 4153.84 1027.24 442.64
277.11 434.83 378.34 3202.05 1256.54 774.88
212.13 424.74 169.16 3265.56 856.74 419.62
223.06 392.04 291.31 2307.91 819.32 441.39
595.65 760.94 870.42 1658.09 1668.9 1399.15
394.04 592.8 692.5 3328.8 1429.67 876.96
459.64 687.96 869.12 3303.99 1809.04 1132.94
273.4 442.5 453.86 3878.02 1296.87 724.22
541.07 747.11 964.08 2176.41 1767.74 1184.91
290.74 443.79 333.91 2436.62 900.86 560.28
164.92 303.67 206.47 3733.32 1071.32 521.88
460.79 603.13 658.66 1628.27 1423.05 1149.82
160.75 274.65 186.55 3181.91 774.29 424.75
683.2 960.59 1297.36 2695.31 1932.74 1291.64
243.11 471.09 202.42 4054.05 888.48 358.86
389.86 646.12 714.8 3683.86 1482.26 772.77
566.55 865.34 1128.53 3658.72 1857.28 1049.47
394.73 662.39 726.92 4271.99 1552.46 786.51
736.03 1028.51 1450.55 2558.22 2171.05 1401.67
332.7 597.68 426.56 4894.22 1255.9 545.1
256.97 476.02 228.2 3845.5 910.32 407.61
83.3 216.87 77.44 4150.66 932.96 343.21
580.13 909.9 1266.65 3832.33 2496.42 1527.6
571.01 894.99 1182.41 4013.67 2106.36 1135.91
652.18 968.93 1423.04 3015.85 2066.86 1159.72
353.37 586.02 659.13 3898.09 1402.28 700.25
122.44 261.93 176.27 4484.13 1031.04 434.49
116.79 165.01 130.05 1259.45 392.15 217.94
310.98 530.25 437.48 3752.07 1029.28 466.72
811.73 1176.56 1708.04 3485.9 2447.93 1422.52
101.87 260.63 92.16 3693.31 921.67 373.94
194.62 467.65 241.78 4955.93 1209.58 514.09
142.11 220.35 169.52 1811.61 624.46 345.52
103.71 269.43 108.06 4472.58 1035.88 397.27
85.1 231.33 80.55 4510.61 1016.19 373.49
192.2 253.81 236.85 1176.47 562.74 407.81
115.88 233.43 129.0 4088.74 946.86 425.54
227.8 321.06 277.35 1786.94 764.54 506.18
60.81 247.2 83.91 4215.15 1043.78 386.97
90.46 231.55 95.16 4288.34 980.38 363.68
101.42 221.98 94.05 2828.73 723.97 308.03
244.85 368.57 299.99 2359.68 905.58 586.79
79.24 176.97 79.09 3163.4 735.81 279.07
171.73 303.39 202.35 3652.01 882.12 478.75
145.01 168.18 178.86 404.83 279.94 221.01
79.23 222.39 61.98 4635.88 771.84 288.16
645.89 916.63 1240.91 2296.36 1970.32 1293.56
150.59 298.93 216.46 4718.46 1104.09 485.04
202.94 273.23 252.44 1341.81 623.84 445.91
456.24 663.6 767.21 2660.43 1390.49 902.24
301.63 427.29 397.48 1897.77 952.18 689.79
228.0 378.82 300.46 3721.16 1206.8 668.7
220.55 370.71 288.38 3228.78 1168.95 652.13
635.96 953.48 1256.35 3809.35 1921.85 1100.75
166.3 316.69 260.68 4353.19 1114.0 517.15
482.06 773.42 833.46 3648.14 1582.77 888.65
449.15 645.11 700.32 2718.81 1566.2 1082.94
761.77 1093.39 1450.08 2846.44 2031.72 1290.78
347.86 538.39 551.84 2933.31 1173.01 704.16
229.25 332.39 280.0 2029.13 787.73 507.24
368.13 628.9 709.07 4213.27 1445.53 699.53
470.88 697.02 600.7 3268.24 1465.55 1012.03
555.08 890.48 1188.2 3908.69 2008.65 1133.62
363.4 486.06 489.66 1855.21 1162.11 871.38
318.48 553.18 628.77 4307.37 1561.42 862.82
484.76 631.01 692.07 1594.84 1463.99 1188.48
98.87 118.19 98.58 618.45 206.64 131.2
328.67 462.79 431.78 2334.18 1146.84 799.83
220.16 296.66 386.57 956.8 589.3 350.47
332.81 506.95 597.64 2617.71 1190.72 685.46
419.11 524.85 581.33 1111.36 1187.33 983.97
93.3 207.6 91.59 3167.51 730.94 284.58
841.52 1239.35 1827.28 3005.87 2907.78 1857.51
131.72 259.98 121.53 2533.65 619.85 289.76
201.09 351.12 244.37 3938.45 1063.51 573.27
592.88 751.73 860.97 1569.7 1662.68 1412.46
834.05 1233.57 1749.71 3149.21 2045.97 1219.53
385.48 590.9 514.9 3190.58 1403.5 959.21
335.61 570.43 391.52 3251.44 1238.64 764.43
379.19 610.14 795.79 3967.86 1588.64 802.61
149.57 247.46 175.52 3185.14 819.35 429.96
599.68 862.0 1009.57 2511.09 1831.8 1290.72
447.85 601.25 635.45 2426.61 1408.86 1095.44
496.38 708.71 1018.54 1635.14 1586.39 1031.58
477.45 653.11 697.7 2495.82 1517.46 1142.49
140.54 209.35 162.33 1622.17 469.51 266.27
658.06 1081.34 1297.27 4570.81 2245.55 1280.39
521.2 781.6 1080.93 2649.92 1957.8 1205.53
204.21 378.56 271.16 3565.72 1045.74 525.58
96.83 269.34 102.71 4658.93 1049.94 382.96
368.29 636.07 557.47 3339.78 1192.84 618.41
454.92 734.66 951.06 3909.32 1975.68 1178.38
243.52 423.72 309.55 3581.5 1119.19 626.88
271.33 527.84 247.03 4475.74 1005.11 406.89
833.36 1157.32 1659.8 2632.78 2437.01 1599.98
570.3 877.73 1130.69 3785.71 2267.99 1372.45
105.54 253.33 120.02 4488.62 805.33 319.75
137.59 262.53 164.95 4125.24 1018.92 488.85
112.01 304.79 73.83 5161.84 1046.85 415.1
113.33 152.55 111.47 968.57 288.03 175.61
466.27 820.5 672.86 5165.79 1647.13 802.1
89.78 219.98 82.56 4840.67 983.24 395.86
466.74 628.96 667.69 2368.64 1513.46 1154.82
504.43 737.73 939.3 2763.15 1720.85 1059.46
144.34 334.08 127.73 4881.6 1091.34 486.76
411.12 686.66 778.15 4566.11 1816.25 937.8
193.92 363.58 209.88 4005.21 1023.2 523.08
201.78 284.15 264.57 2007.09 752.08 494.41
81.02 170.38 80.88 2901.26 681.41 263.74
126.74 269.67 188.97 4565.36 1074.14 453.42
166.17 249.13 184.06 1916.96 592.24 353.43
746.69 1138.89 1473.8 4168.11 2564.72 1430.47
349.51 470.25 485.98 1703.14 1162.01 871.19
163.91 290.84 193.29 3567.04 828.01 445.05
417.31 549.53 593.97 1585.75 1317.77 1045.29
498.73 750.24 870.14 3050.81 1611.18 1027.95
133.36 306.29 112.29 4369.8 945.36 369.5
486.72 792.83 912.49 4370.69 1812.76 1013.49
929.14 1398.27 2085.89 3289.54 2841.43 1769.79
90.16 168.85 86.71 2486.49 590.75 243.29
82.31 188.09 66.92 3477.58 594.17 235.88
233.11 448.89 286.13 4624.96 1243.65 570.16
394.61 680.78 693.3 3907.26 1502.06 810.3
147.07 302.44 163.94 4459.87 995.01 449.8
177.87 230.64 201.93 777.91 424.67 318.2
634.2 941.23 1311.18 3272.12 2570.27 1612.9
472.49 624.0 667.26 1780.87 1444.86 1148.0
304.16 376.38 407.26 876.18 819.07 673.21
523.88 687.71 748.04 2097.37 1577.08 1270.73
153.52 263.33 200.3 2235.02 610.43 303.79
84.21 149.49 91.39 1549.29 427.17 196.11
119.08 147.79 124.52 747.87 272.4 187.49
816.35 1217.34 1766.73 3541.57 3053.97 1923.03
285.89 381.32 393.84 1605.76 956.96 702.65
620.58 969.13 1335.01 4294.61 2830.18 1580.38
171.46 316.61 204.16 4075.48 929.89 491.1
459.58 716.73 727.84 3848.71 1633.95 925.47
619.01 929.26 1225.81 3728.92 1884.13 1072.98
72.58 197.01 76.74 4311.03 893.1 355.7
288.13 474.52 513.63 3464.31 1107.81 596.33
219.27 502.55 140.0 4385.76 1035.32 447.05
100.02 100.52 99.92 113.18 102.45 100.8
187.71 335.53 223.2 3970.93 1029.92 538.91
717.53 1083.85 1423.26 3653.54 2115.63 1225.06
124.16 249.42 108.9 3192.72 712.31 295.2
741.26 1101.87 1564.76 3542.17 2877.77 1789.01
329.14 454.17 449.32 2055.94 1178.78 834.99
538.26 695.83 775.15 1930.39 1580.11 1294.54
909.46 1330.93 1893.43 3276.07 2816.26 1725.94
539.16 832.35 1051.35 3842.02 1779.87 970.79
92.78 267.56 93.93 4764.21 1066.26 385.3
212.14 339.74 280.12 3551.01 1115.59 644.12
91.4 131.88 91.34 1369.05 363.39 174.18
56.42 236.58 76.23 4099.37 1002.83 365.23
412.43 692.39 733.54 4404.14 1631.33 860.81
473.44 617.13 682.18 1577.83 1471.68 1192.25
103.93 124.3 101.45 602.93 199.57 131.74
102.39 172.22 105.31 2145.72 548.09 249.43
294.53 514.67 565.38 4209.5 1601.17 815.33
314.51 465.75 465.95 3366.02 1303.96 832.03
666.73 1011.69 1354.85 3018.34 2320.26 1457.07
839.18 1209.79 1729.86 3234.94 2241.37 1382.75
209.09 361.84 272.42 3483.01 1124.27 612.83
354.25 517.56 477.65 2675.05 1290.23 909.18
701.35 1046.0 1397.37 3577.46 2048.11 1183.89
174.79 440.14 194.68 4987.07 1166.73 473.55
915.34 1325.72 2026.77 3252.42 2779.75 1596.26
188.79 387.89 181.79 4641.61 1159.95 515.99
537.83 695.39 774.46 1933.27 1579.46 1293.6
175.34 339.27 177.6 3995.24 962.86 467.48
799.5 1189.69 1657.53 3586.54 2572.87 1599.07
331.78 569.28 547.81 4023.2 1694.19 960.39
699.41 1069.82 1371.41 3898.24 2245.34 1339.42
336.19 501.66 542.9 3439.68 1403.97 852.71
82.58 230.15 106.88 3305.52 869.53 356.17
301.24 557.49 359.16 4919.93 1218.67 507.81
235.16 400.8 299.89 3039.93 828.38 384.81
956.55 1371.89 2080.97 3271.82 2847.12 1684.35
142.09 317.66 131.22 4358.46 962.37 382.66
931.21 1402.1 2068.7 3385.88 2823.78 1754.29
98.05 236.95 128.65 3048.98 846.93 373.15
239.19 418.33 440.69 2807.74 1079.67 554.64
209.58 377.18 378.39 3746.58 1302.88 609.94
581.86 745.48 836.84 1683.58 1634.7 1371.1
369.57 490.2 499.94 1770.11 1164.82 884.09
534.76 808.36 1034.73 3293.75 2105.09 1322.08
59.89 252.23 87.78 4327.91 1069.25 391.65
508.28 720.69 674.89 2878.64 1535.58 1128.08
384.54 620.33 785.92 3946.94 1644.48 911.93
218.53 305.79 285.96 1691.66 771.4 519.71
277.07 390.55 370.36 2250.19 993.0 689.8
646.41 975.42 1359.73 3438.45 2191.92 1252.55
136.56 326.25 126.16 4349.7 919.72 369.35
276.18 487.13 485.3 3970.6 1461.09 729.35
580.64 891.74 1187.49 4011.07 2507.92 1516.08
145.04 297.29 154.33 4426.09 983.85 447.68
110.02 189.33 96.21 1935.21 445.19 211.99
178.92 350.2 135.95 2676.1 682.01 327.63
670.41 890.05 1123.56 1895.27 2006.52 1562.07
125.87 224.97 183.89 2815.65 711.79 331.06
432.81 581.06 611.6 2011.28 1414.3 1100.54
324.15 557.87 532.59 4098.64 1549.96 840.47
298.55 620.55 233.08 5710.81 1198.97 454.79
288.52 519.79 444.42 4504.29 1381.7 676.95
95.66 169.62 94.56 2084.79 508.24 219.43
79.66 206.49 87.69 3994.34 923.04 338.17
359.64 522.04 486.77 2625.63 1297.57 921.53
447.38 717.21 893.04 4063.23 1912.22 1000.89
372.93 528.86 474.07 2451.21 1176.07 817.64
116.97 246.98 97.75 2618.41 592.6 254.47
237.37 375.52 311.07 3883.34 1181.49 693.46
322.65 466.69 414.65 2576.46 1175.61 789.26
593.92 798.59 996.62 1736.68 1650.5 1262.88
117.71 209.55 106.53 2367.36 548.9 243.11
538.04 794.88 1147.55 2572.99 2201.18 1279.57
232.76 362.93 252.38 2526.03 765.4 422.97
268.44 446.52 388.49 3230.91 1299.48 792.82
149.1 235.47 199.06 2551.04 701.74 362.15
406.87 554.79 567.77 2149.43 1346.53 1023.68
303.12 632.7 235.91 5843.74 1224.65 462.94
148.03 257.01 185.04 3252.77 885.66 466.57
598.82 830.88 1081.66 2141.3 1822.59 1249.45
459.17 604.75 655.15 1713.77 1432.99 1149.37
107.73 258.56 119.76 3814.42 1007.58 412.26
145.86 348.63 127.86 3961.31 907.67 387.03
800.03 1239.42 1824.38 3661.21 2745.08 1692.3
126.58 292.49 170.99 4183.38 1050.8 424.91
251.04 391.48 412.17 3245.49 1127.75 623.93
680.98 1043.27 1372.76 4116.16 2187.86 1171.07
122.49 270.53 160.52 3756.33 947.25 388.0
379.96 554.54 512.3 3184.99 1394.85 972.7
364.86 525.84 707.44 1999.14 1216.44 745.88
471.83 621.16 676.48 2275.42 1493.82 1167.16
341.07 671.28 342.93 5571.89 1278.53 523.2
326.8 607.19 370.72 4562.72 1161.39 516.61
806.11 1187.29 1706.19 3695.98 2816.11 1625.7
380.45 529.71 593.66 1914.36 1271.53 911.11
549.36 737.92 763.03 2277.46 1597.13 1261.5
77.8 210.52 58.5 4337.97 720.05 270.5
238.55 388.89 409.56 3067.23 1116.68 603.68
148.66 229.76 135.98 1724.32 409.94 196.43
343.68 634.0 419.69 5282.94 1295.11 550.55
586.99 908.65 1284.44 4053.69 2742.72 1512.69
159.63 355.84 148.39 4458.17 1025.4 463.66
410.72 716.3 625.12 5085.4 1514.22 687.65
151.16 313.76 145.62 3146.87 776.86 364.38
218.1 404.76 247.17 4408.25 1189.89 637.5
132.97 385.59 95.64 4993.26 1057.12 400.13
468.97 758.32 951.8 3603.47 1965.4 1129.76
62.54 217.41 79.57 3538.12 876.14 328.01
524.2 780.78 937.02 3498.97 1903.63 1157.51
72.26 202.84 72.06 4193.3 949.57 339.27
390.37 498.22 539.44 1382.11 1172.64 933.86
566.24 832.89 1064.81 3312.25 1861.47 1120.81
292.13 453.08 465.19 2241.65 1056.23 658.46
573.12 777.97 1006.54 1789.2 1749.68 1265.2
131.84 375.83 95.79 4826.09 1024.43 389.88
353.11 633.21 654.28 4435.68 1721.64 935.05
765.75 1119.29 1664.66 3008.22 2362.21 1371.22
504.31 688.57 831.92 1991.53 1602.37 1193.41
111.56 236.73 103.48 3860.33 781.61 324.0
600.93 759.02 874.24 1514.97 1674.59 1430.14
216.05 348.62 280.23 3762.25 1138.94 656.84
458.19 816.7 642.09 5270.59 1589.23 768.94
219.02 561.67 104.68 5340.98 1170.21 453.75
129.34 244.65 118.61 2699.04 628.32 296.45
172.94 241.73 196.41 1453.36 548.6 347.32
238.56 442.33 402.63 4561.35 1134.25 501.93
384.04 619.01 663.41 3534.64 1553.39 801.62
189.08 400.08 239.76 4851.09 1175.71 485.13
674.96 1044.02 1350.97 3958.17 2416.3 1435.96
622.14 843.03 1035.35 2315.48 1773.39 1318.19
91.43 144.99 85.99 2090.5 458.54 212.9
582.41 883.34 1219.57 3773.0 2121.53 1265.93
443.41 701.71 914.18 3931.51 1849.46 1043.49
394.04 625.16 817.53 3165.95 1767.0 1030.87
360.52 640.62 759.79 3976.83 1870.83 1005.36
690.79 1028.59 1429.12 3590.37 2230.31 1284.88
210.24 347.85 262.54 3513.09 1009.62 558.89
314.93 635.38 263.51 5619.08 1243.95 507.52
440.94 746.12 837.91 4498.34 2039.1 1138.58
302.63 454.91 379.82 2885.35 1173.27 748.38
294.11 516.15 564.64 4269.04 1612.88 818.52
233.55 388.5 420.14 3503.85 1186.93 620.74
516.98 681.72 725.28 2047.03 1497.17 1192.34
433.5 690.25 596.96 3259.27 1404.15 903.69
201.89 495.22 104.0 4586.62 1016.17 402.83
512.03 797.19 1024.41 3678.58 1777.99 966.1
195.16 352.58 271.37 3079.55 1107.31 615.44
337.42 553.2 511.4 3927.06 1402.68 806.47
250.38 494.37 200.62 4352.21 932.6 368.69
214.05 542.4 104.48 5122.27 1125.55 438.99
330.0 577.29 651.39 4026.79 1696.64 878.81
307.07 442.24 430.49 2638.0 1249.43 836.93
658.77 986.85 1297.62 3454.53 2176.63 1309.67
108.78 200.13 91.22 2226.64 491.87 222.31
341.27 568.47 587.3 3933.96 1412.69 776.88
76.95 185.45 76.78 3501.24 805.93 298.81
414.08 732.66 540.08 4930.58 1412.57 685.0
335.86 606.79 453.05 4964.51 1317.93 558.76
150.78 305.26 146.86 2987.3 747.49 356.35
160.02 263.09 144.29 2224.13 509.8 222.94
290.49 413.97 510.29 1982.55 1111.43 701.24
520.66 808.45 1043.34 3704.79 2158.12 1341.64
116.35 228.28 96.95 2952.41 619.58 266.5
77.26 167.11 69.93 3439.59 708.73 280.42
443.28 689.64 880.41 3759.46 1749.85 934.96
389.48 527.15 512.72 1967.13 1179.91 877.54
324.54 540.23 572.55 4245.84 1539.59 843.27
174.46 244.74 182.68 1222.65 428.93 271.55
553.04 946.84 1004.23 4417.21 2136.68 1206.67
284.3 422.45 392.28 2516.83 1182.46 773.27
203.13 328.19 264.74 2693.44 972.35 554.46
96.35 113.52 96.33 637.97 211.66 131.45
643.11 916.83 1333.16 2079.85 1943.4 1275.95
239.85 464.94 352.7 4726.84 1315.45 605.23
138.5 172.08 160.74 742.12 348.03 244.08
164.07 314.45 185.03 4226.32 1004.95 488.53
464.43 670.19 609.02 3181.16 1461.68 1022.02
397.62 551.69 561.47 2717.01 1419.59 1015.09
156.6 319.03 153.14 3962.73 942.17 415.87
214.6 408.73 237.29 4171.67 1109.79 580.86
222.83 434.72 247.22 3881.45 1118.06 589.17
751.51 1056.44 1381.42 2656.01 2061.91 1403.14
737.5 1011.02 1338.03 2331.67 2507.72 1819.08
594.68 891.05 1171.27 3474.13 1979.34 1163.26
324.47 508.42 562.11 3445.29 1291.56 719.93
357.22 493.11 507.03 2298.01 1311.72 942.64
142.92 214.47 131.74 1532.89 373.42 185.07
488.97 752.86 970.03 3297.44 1404.67 771.07
574.67 880.31 1185.0 3487.24 1998.2 1269.34
104.48 121.85 101.88 512.83 186.11 128.29
354.41 512.63 709.12 1473.01 1021.58 636.14
477.57 618.33 690.42 1517.15 1472.81 1199.8
209.15 420.63 321.85 4063.17 1277.15 615.65
94.17 140.78 92.13 1513.55 390.68 184.87
95.87 115.32 95.84 709.66 226.54 135.64
847.12 1222.89 1840.23 3081.95 3409.35 2068.42
262.98 524.35 226.43 5308.4 1115.39 429.07
214.03 298.38 277.22 1862.74 807.11 523.57
106.28 250.23 170.29 4349.1 995.09 416.41
140.66 399.42 106.66 5088.66 1094.38 423.8
271.06 446.61 338.32 3633.01 1219.69 714.21
409.08 570.05 809.9 1332.18 1175.13 773.04
87.52 165.5 79.6 2997.92 622.0 264.36
227.45 364.51 331.95 3369.11 1131.6 663.57
156.31 404.86 134.87 4823.63 1095.58 456.39
394.48 543.66 546.94 2257.41 1327.72 994.55
177.56 386.73 182.42 4865.4 1159.73 470.57
545.4 846.42 1088.79 3989.53 2072.37 1132.18
82.13 225.12 75.85 4436.62 991.77 360.38
384.91 548.5 523.53 2620.15 1378.66 977.31
256.24 491.39 217.33 4155.45 935.16 394.41
527.48 860.9 967.77 4604.45 1807.1 897.83
116.86 238.58 132.79 4198.26 974.58 439.44
91.18 127.65 95.19 909.74 282.79 153.7
373.84 492.84 515.54 1740.56 1117.56 876.05
85.75 170.95 73.36 2820.49 498.03 209.45
359.69 601.43 720.44 4333.08 1517.23 737.71
312.89 478.39 410.46 3204.48 1280.05 845.39
186.14 400.15 321.33 4544.54 1427.56 632.74
370.42 471.53 501.39 1135.67 1047.54 851.44
513.12 795.85 1026.9 3941.21 1904.51 1118.16
347.78 593.55 617.89 4274.13 1675.68 914.81
501.08 765.23 783.76 3430.71 1677.2 1025.85
195.46 323.2 303.51 2368.27 849.11 439.22
171.56 382.83 161.09 4973.09 1157.69 466.82
109.41 207.37 90.59 2380.54 520.22 231.16
292.74 574.15 293.33 5511.07 1222.17 482.29
244.46 433.14 459.54 4155.78 1301.7 634.1
723.17 1058.67 1441.37 2885.16 2194.23 1467.29
483.42 829.75 736.14 4816.52 1502.45 737.99
591.77 780.79 930.4 2021.76 1835.87 1421.22
227.45 446.31 194.05 4610.39 970.17 361.05
108.85 292.91 130.93 4600.9 1187.74 463.88
81.78 172.47 85.7 3156.13 679.9 289.67
252.62 378.68 412.29 2009.33 851.83 517.62
316.43 529.63 630.42 3949.53 1298.33 644.67
81.62 168.14 81.49 2812.2 662.92 258.54
733.1 1124.49 1601.77 3539.12 2403.84 1450.91
191.03 320.54 232.02 3451.66 905.81 518.33
113.02 136.19 122.8 589.9 230.11 154.41
492.68 726.34 885.82 3083.64 1770.28 1073.83
456.82 659.98 762.66 3235.66 1559.25 1009.65
239.95 429.93 457.47 4405.93 1315.31 652.38
656.97 932.41 1405.87 2185.88 1923.69 1133.87
222.36 443.78 255.87 4022.55 1141.28 586.96
477.92 856.56 788.73 4658.32 1822.84 976.82
87.55 161.98 76.72 2476.67 447.73 195.61
256.86 544.16 384.31 4826.88 1262.44 553.6
235.84 410.02 350.87 4046.0 1178.84 631.74
511.13 800.31 1049.9 3553.14 1787.16 967.48
278.79 383.44 518.42 1288.44 792.0 467.48
185.76 411.73 365.69 4163.97 1339.47 608.43
114.8 241.36 176.41 3833.27 916.95 389.69
104.59 117.81 100.18 302.13 141.27 113.64
413.65 520.26 572.95 1172.46 1186.26 975.04
140.1 255.55 101.58 1865.8 460.58 219.19
825.48 1234.35 1781.98 3457.34 2932.73 1846.63
390.73 770.85 571.19 4950.52 1572.29 765.97
334.74 558.2 642.95 4159.84 1635.45 809.63
140.05 167.38 161.88 637.94 305.95 236.94
204.29 406.7 208.86 4617.88 1203.73 560.68
765.35 1094.84 1622.36 2689.4 2517.98 1492.58
90.06 263.92 87.77 4763.28 1059.61 380.92
701.68 1063.7 1353.54 3811.72 2258.68 1312.49
102.39 153.07 91.88 1434.84 347.66 181.16
726.36 1088.76 1540.11 3565.37 2476.84 1523.27
135.55 260.42 161.81 4140.91 1016.29 484.61
443.38 641.81 578.75 3161.86 1415.63 972.41
104.4 150.25 95.6 1167.37 296.68 161.39
514.29 784.98 1014.57 3502.3 1577.6 908.62
234.26 473.18 469.99 4111.63 1542.43 755.41
303.59 553.42 301.99 3667.72 1193.94 679.16
270.23 468.48 493.28 3755.33 1303.27 630.97
467.05 768.22 966.34 4081.67 2165.77 1210.78
374.79 517.47 530.8 2552.62 1340.49 955.6
400.67 614.48 677.6 3099.79 1512.3 955.59
274.21 504.96 442.26 4468.17 1421.32 700.44
323.44 490.54 426.61 3109.12 1281.37 835.13
81.77 227.59 75.37 4522.16 1009.36 365.52
199.08 359.83 166.29 2901.56 648.56 277.02
176.84 405.36 262.52 4640.05 1320.82 580.4
330.06 453.61 453.0 2318.75 1074.73 794.65
778.76 1165.67 1578.93 3817.77 3061.43 1910.41
405.67 657.97 788.09 4238.49 1920.86 1086.27
112.11 301.83 152.47 4649.56 1211.21 462.31
147.13 223.59 131.53 1432.61 360.93 184.21
89.99 224.52 68.22 4295.27 799.65 292.44
490.65 631.13 709.67 1423.07 1484.25 1225.9
550.78 770.53 956.16 2298.78 1831.72 1312.26
109.13 194.64 126.02 2559.34 524.69 243.47
286.23 485.95 508.62 4513.92 1324.06 644.24
377.87 504.92 512.04 1674.23 1172.27 902.79
95.32 108.75 94.91 567.13 183.78 124.37
215.72 400.87 266.99 4162.11 1060.42 527.57
538.6 895.16 918.99 4178.13 1722.2 946.59
719.2 1024.12 1423.8 3005.96 2396.66 1496.0
624.61 951.38 1345.82 3777.58 2175.0 1168.82
435.08 696.01 823.29 4075.72 1599.88 834.16
100.45 138.94 98.1 971.08 299.19 166.41
91.94 123.8 89.33 1284.59 315.92 164.0
558.8 715.97 809.52 1762.76 1621.8 1344.27
107.31 183.45 92.69 1872.42 426.6 201.94
195.35 305.65 244.9 2175.54 737.85 438.3
878.41 1297.86 1890.01 3272.8 3186.38 2041.71
607.84 852.47 1057.0 2452.69 1937.76 1365.65
408.7 562.99 578.54 2651.36 1433.5 1037.74
79.57 177.03 79.57 3152.85 734.36 279.14
208.93 385.67 172.89 3180.17 703.11 294.63
571.04 732.43 827.25 1718.18 1646.55 1372.66
133.66 391.55 95.55 5095.46 1077.11 406.4
75.37 172.7 67.42 3718.13 759.5 295.47
301.75 484.29 532.98 3006.27 1222.84 687.25
579.91 832.36 1156.51 2044.14 1811.04 1254.87
86.47 139.94 82.1 2087.66 462.31 207.38
564.76 796.61 1031.95 2245.36 1544.21 1035.77
198.9 361.3 316.97 4550.57 1217.25 594.45
669.39 1021.73 1385.04 3710.89 2297.71 1400.03
328.52 546.14 373.16 3038.9 1193.31 758.25
305.09 464.48 576.11 2787.59 1168.18 667.15
126.99 241.76 171.82 3728.9 868.54 387.38
901.19 1317.25 2031.76 3163.4 2742.19 1569.65
267.02 398.75 333.32 2446.43 984.2 649.2
300.0 398.78 410.31 1386.7 947.15 722.05
677.56 984.72 1358.17 2623.24 2473.54 1679.6
264.33 484.68 258.32 4458.41 1070.17 472.72
143.19 398.66 111.2 5015.13 1090.21 428.1
661.67 1006.5 1346.39 3332.72 1752.21 1004.66
433.84 728.37 677.26 4097.82 1595.54 855.08
268.23 490.1 453.61 4356.38 1257.11 582.15
219.24 425.54 311.2 4429.17 1264.85 591.49
580.84 932.33 1223.15 3993.79 2051.74 1085.4
317.98 621.62 278.39 5290.54 1224.38 527.61
614.92 853.2 1143.32 2181.5 1909.18 1308.06
140.47 342.79 134.83 4603.68 987.16 398.68
345.14 507.96 613.97 1962.38 951.03 556.77
344.82 460.76 556.53 1285.02 1004.81 734.44
642.25 989.72 1434.57 3520.84 2228.86 1207.18
201.24 286.32 262.2 1977.08 775.63 488.25
854.62 1268.43 1787.83 3279.58 2118.9 1255.63
132.35 237.03 147.18 3568.64 857.74 418.18
119.71 292.78 133.27 4579.24 1096.45 442.41
169.59 380.8 147.58 5043.64 1172.98 479.17
664.01 895.1 1170.42 2014.55 1788.65 1317.92
121.9 235.42 108.07 2902.94 654.94 276.91
94.18 130.57 90.48 1452.35 343.6 176.7
447.84 704.99 568.35 3845.53 1474.7 923.87
133.56 261.32 175.43 3607.37 979.13 435.46
101.14 105.58 100.48 205.37 121.98 107.22
542.68 748.46 917.67 2187.85 1724.25 1262.76
858.14 1252.94 1703.64 3223.65 2519.23 1629.16
355.36 508.9 502.75 2507.47 1374.84 958.43
275.33 393.22 372.08 2253.93 1001.65 674.41
215.74 316.41 255.62 2034.35 774.02 484.0
756.36 1121.24 1593.98 3610.87 3055.41 1940.63
132.86 318.68 142.34 4153.2 1112.43 485.57
200.83 373.99 174.41 3668.46 788.45 306.53
518.9 725.13 975.52 1806.2 1488.23 1044.83
482.5 785.56 805.32 4529.97 1553.52 780.11
100.26 102.38 99.87 154.18 109.73 103.04
198.8 387.65 314.98 4591.78 1135.52 515.39
297.93 446.85 401.5 3321.02 1149.05 767.62
842.99 1242.41 1799.29 3465.16 2871.3 1785.88
526.03 839.99 1021.58 4042.26 1632.0 865.71
476.8 640.59 685.07 2280.74 1550.68 1188.38
331.74 583.41 699.73 3480.92 1711.95 948.4
208.94 336.78 213.35 2579.26 697.84 354.06
208.18 336.99 262.36 3319.61 907.42 542.75
303.1 478.47 410.0 3109.88 1347.29 859.2
478.43 665.84 898.76 1736.56 1416.94 972.6
235.51 439.07 275.26 3628.0 1117.12 620.72
107.7 270.81 73.88 4396.42 897.12 361.24
101.6 135.71 106.19 1105.48 332.05 180.86
240.29 426.95 324.42 3671.21 1128.41 611.91
81.02 212.69 86.08 4160.69 965.65 357.98
448.73 761.2 714.77 4993.05 1600.83 760.11
362.75 527.71 596.93 1748.74 1177.67 793.65
391.43 594.82 658.36 3213.83 1672.22 1053.3
562.78 743.55 791.83 2081.02 1617.24 1305.1
234.88 353.67 311.54 2753.86 1064.92 644.1
116.43 248.65 91.78 3485.24 708.03 289.73
309.8 445.86 432.03 2479.01 1173.23 778.14
207.66 310.1 245.25 2200.92 759.27 475.37
953.66 1389.47 2021.65 3398.76 3703.02 2400.73
96.53 299.56 164.32 4289.7 1137.93 446.64
884.43 1266.1 1880.7 3281.12 2594.62 1526.94
346.84 537.31 662.15 2320.94 1072.87 602.62
769.24 1096.64 1570.91 2898.92 2364.63 1468.47
168.94 331.26 294.19 4497.07 1151.11 511.06
135.32 395.1 97.75 5127.26 1087.46 412.16
88.36 161.12 80.97 2803.94 587.06 253.36
855.8 1279.71 1739.92 3504.33 2689.18 1621.79
592.25 835.62 1101.1 2471.19 1797.78 1148.69
382.05 653.14 745.1 4520.38 1634.75 811.04
170.98 319.99 180.11 3532.39 908.92 437.08
962.0 1398.0 2014.0 3173.0 2939.0 1816.0
69.0 191.5 59.0 4653.5 930.0 346.0
134.0 394.5 95.5 5146.0 1087.0 409.5
969.0 1403.0 2079.0 3181.0 3518.0 2279.0
155.0 368.0 123.0 5163.0 1156.0 447.0
89.8 263.8 87.2 4769.8 1060.5 381.0
971.0 1390.0 2115.5 3245.0 2879.5 1707.0
122.0 299.0 89.0 4632.0 914.0 354.0
72.0 203.8 71.8 4231.5 957.5 341.5
907.5 1325.5 2047.5 3151.5 2757.0 1579.5
948.0 1357.0 1978.0 3155.0 2462.0 1531.0
56.8 180.8 53.0 4412.8 873.5 325.0
119.5 322.5 80.5 4825.8 970.8 371.8
948.0 1376.0 2046.0 3146.0 2970.0 1921.0
911.0 1341.0 1922.0 3127.8 2196.5 1320.8
985.0 1493.5 2276.8 3372.5 3183.8 2033.8
76.2 218.5 55.5 4643.8 764.8 282.8
962.5 1390.0 1954.5 3151.5 2480.0 1527.0
959.5 1435.2 2145.2 3160.2 2832.8 1787.8
88.5 243.0 63.5 4918.0 903.5 321.0
978.0 1422.0 2105.0 3266.0 3199.0 2037.0
79.2 209.2 66.0 4931.0 970.2 374.0
222.2 574.0 104.8 5481.0 1198.8 463.2
992.0 1434.0 2127.0 3253.0 3849.0 2515.0
980.5 1432.2 2016.0 3245.2 2807.8 1800.2
966.0 1422.0 2112.0 3259.5 3477.0 2237.5
109.2 304.0 68.8 5231.2 1052.0 412.0
978.0 1434.0 2220.0 3640.0 4073.0 2397.0
81.5 229.5 75.0 4588.5 1023.0 369.5
937.0 1353.0 2081.0 3198.0 2826.0 1629.0
924.0 1316.0 1970.0 3207.0 2671.0 1584.0
102.5 315.2 89.5 4914.0 1200.8 467.0
980.0 1467.0 2194.0 3388.8 3736.5 2446.5
955.0 1376.0 2056.0 3368.0 3193.0 1885.0
977.5 1462.0 2197.0 3231.5 2940.0 1846.5
939.0 1381.8 2053.5 3176.2 3230.8 2074.0
265.0 540.0 222.0 5608.0 1151.0 427.0
83.0 265.0 84.5 4714.5 1156.5 420.5
245.0 494.0 207.0 5231.5 1090.0 397.0
304.0 635.0 236.5 5868.5 1229.5 464.5
138.0 335.0 114.0 4964.0 1063.0 407.0
53.8 244.8 74.8 4340.2 1057.2 381.2
420.0 524.0 584.0 1074.5 1187.0 988.0
504.0 642.0 731.0 1303.0 1494.0 1252.0
602.0 760.0 876.0 1507.0 1676.0 1432.5
100.0 100.0 100.0 100.0 100.0 100.0
