288.38 458.48 354.42 3106.93 1136.32 752.51
520.46 726.06 877.73 2898.87 2131.6 1814.21
714.55 933.79 1207.02 1941.02 2715.84 2560.79
700.97 936.62 1284.31 2136.49 2685.8 2283.12
472.01 601.03 768.04 1318.53 1911.32 1790.18
277.07 338.48 417.97 679.98 962.13 904.47
616.19 949.81 1238.07 3579.6 2161.63 1433.59
597.32 806.86 1129.24 1871.32 2018.69 1571.12
131.7 142.7 156.93 203.84 254.35 244.03
747.86 979.38 1265.22 2074.75 2872.82 2709.62
355.37 543.03 533.91 3574.33 1812.54 1399.98
327.97 408.94 510.06 779.73 1073.03 1017.43
880.09 1230.18 1745.47 2711.39 3260.03 2471.44
451.04 660.93 738.28 3260.66 2109.96 1688.96
560.2 734.34 929.61 2073.27 2443.6 2234.91
429.4 562.96 759.09 1195.53 1442.4 1215.51
558.35 765.98 913.04 2594.27 2351.19 2085.66
513.42 656.8 842.4 1454.16 2112.92 1978.3
475.72 606.02 774.7 1330.67 1929.36 1807.02
235.04 384.65 345.43 4122.55 1385.86 908.09
745.15 979.17 1276.68 2043.57 2824.81 2635.02
663.35 871.95 1137.93 1882.78 2579.19 2362.53
665.48 880.91 1190.0 2000.46 2612.03 2281.13
891.74 1290.52 1885.07 2942.49 3141.96 2171.54
390.66 491.47 621.96 1052.07 1515.22 1420.58
504.07 759.44 911.73 3404.45 2176.02 1552.35
649.16 913.07 1221.51 2850.05 2427.6 1875.0
663.25 1012.31 1424.25 3715.03 2281.93 1418.85
615.6 794.42 1025.9 1788.87 2610.45 2442.56
430.47 606.75 699.17 2546.67 1864.21 1551.77
121.75 149.8 144.8 593.85 305.97 233.32
279.29 342.97 422.5 634.59 865.26 821.53
737.89 982.86 1280.63 2261.3 2801.71 2548.33
482.12 617.85 787.36 1239.38 1731.02 1637.82
169.59 318.37 223.5 4154.54 1085.18 657.03
280.38 439.23 445.35 3659.18 1521.5 1097.23
427.1 543.28 688.38 1075.31 1496.15 1416.37
548.5 729.73 988.99 1577.55 2048.63 1716.91
896.24 1296.5 1876.25 2816.96 2853.69 2083.8
406.35 552.62 651.34 2201.07 1676.87 1468.67
506.8 824.79 939.47 4092.74 2261.66 1432.36
576.24 745.51 957.71 1586.21 2253.59 2118.33
698.92 916.99 1199.42 1990.37 2761.94 2549.78
732.62 963.56 1236.09 2150.98 2826.77 2652.02
707.03 934.58 1182.6 2194.24 2713.42 2525.58
545.86 830.29 1062.75 3313.31 2356.4 1666.77
852.64 1169.24 1655.55 2590.44 2890.79 2275.68
471.01 603.53 778.56 1321.95 1889.22 1738.18
842.14 1173.84 1605.7 2618.11 2602.33 1993.96
519.46 668.56 855.46 1409.04 1996.87 1877.73
368.98 464.52 583.83 902.02 1248.08 1182.47
585.55 758.24 974.74 1615.59 2294.47 2155.98
528.59 730.57 914.55 2618.41 2260.74 1881.46
204.84 371.13 252.67 3484.65 1065.84 649.16
629.31 901.38 1230.75 2128.68 1815.77 1232.3
956.82 1371.86 2014.99 3100.49 3722.87 2523.91
592.32 815.94 950.42 2742.66 2390.01 2095.39
140.53 154.94 173.0 226.49 283.3 271.78
127.86 330.47 96.42 4775.17 998.51 406.71
706.38 925.62 1194.26 1991.91 2700.06 2534.78
379.71 584.19 611.56 3542.44 1925.16 1443.1
313.95 388.16 484.21 800.81 1141.73 1072.06
441.17 637.15 706.24 3405.86 1958.35 1599.08
441.5 559.94 713.25 1218.59 1762.75 1651.55
646.73 864.24 1120.92 2155.55 2598.22 2280.03
551.81 824.25 998.94 3252.22 2356.26 1742.52
181.2 210.06 246.24 353.39 467.18 444.12
507.21 817.07 874.57 4416.49 1973.36 1121.09
428.48 613.02 701.48 3097.69 1969.87 1591.53
851.76 1187.75 1721.77 2817.66 2697.94 1892.53
454.7 584.64 736.26 1473.84 1864.55 1723.46
686.85 895.79 1156.83 1940.48 2755.25 2587.45
221.62 264.84 319.03 479.53 649.96 615.42
569.91 788.98 1118.48 1730.78 1828.35 1362.63
101.88 102.55 103.39 105.61 108.04 107.58
769.85 1059.25 1456.32 2304.37 2781.25 2349.55
731.19 955.38 1235.37 1982.02 2794.1 2640.15
860.51 1213.32 1721.73 2695.72 3088.91 2359.66
705.16 927.82 1208.73 2011.05 2741.56 2525.42
836.36 1177.68 1749.03 2755.58 2763.02 1891.35
640.18 843.09 1100.04 1818.23 2405.67 2188.4
504.41 769.69 743.49 3332.65 2144.05 1752.94
333.68 421.53 539.65 880.13 1195.05 1079.38
668.25 902.68 1157.64 2304.32 2594.74 2301.13
363.49 454.88 573.17 963.08 1382.94 1297.14
492.4 628.5 804.66 1385.32 2010.6 1882.82
470.35 751.17 879.73 3636.01 1808.25 1088.01
357.88 465.26 604.27 936.73 1048.9 910.61
682.51 889.71 1149.05 1921.76 2734.82 2568.82
687.26 911.27 1191.04 2125.46 2640.96 2392.09
247.52 298.68 364.91 583.2 818.27 770.23
412.56 664.54 548.87 4326.68 1711.95 1182.26
166.65 364.84 176.38 4949.18 1216.14 618.77
161.67 183.89 212.29 293.7 376.12 356.13
410.5 520.78 658.51 1025.81 1425.29 1349.56
675.78 925.26 1188.36 2498.54 2617.84 2265.06
175.98 248.85 246.98 1800.76 762.44 556.32
773.15 1061.44 1503.27 2465.61 2572.6 1959.5
953.49 1372.5 1925.06 3103.68 2498.33 1579.95
523.72 774.05 1064.43 3000.41 2046.84 1273.88
289.68 355.46 440.61 721.29 1023.53 961.77
881.97 1271.65 1850.26 2894.19 3123.6 2191.7
558.8 799.16 872.36 2784.81 2311.64 2005.68
125.23 307.78 97.06 4307.69 904.95 372.68
274.66 335.23 413.64 672.09 950.4 893.52
714.92 933.33 1206.1 1933.51 2724.65 2574.67
615.52 816.43 1027.22 2109.67 2522.12 2314.56
193.9 353.21 275.89 4096.73 1344.73 781.39
480.24 677.08 786.75 2919.56 2169.09 1824.09
407.34 642.53 751.78 3593.1 1989.83 1323.59
153.95 215.76 197.94 1815.51 667.82 460.87
669.26 875.41 1124.87 1993.17 2694.82 2519.07
885.96 1283.45 1960.31 3032.13 2757.2 1678.85
569.43 736.28 945.45 1564.97 2222.8 2089.48
775.33 1083.17 1514.42 2418.69 3020.44 2423.86
486.88 683.97 795.25 3080.46 2054.72 1767.24
602.31 780.04 1002.17 1849.62 2563.82 2386.5
762.67 1078.99 1459.77 2678.1 2483.02 1874.65
468.42 628.47 759.8 2091.7 1829.46 1631.87
444.24 566.6 719.99 1174.3 1656.7 1558.93
786.01 1086.31 1508.3 2419.68 2943.24 2389.72
526.15 708.33 834.91 2169.65 2192.92 1961.87
297.75 370.7 462.49 700.37 914.93 850.08
907.36 1332.74 1906.93 3102.64 2213.01 1354.11
437.32 572.17 732.47 1261.09 1514.23 1367.24
738.45 1030.87 1371.93 2665.59 2613.8 2092.32
757.14 1130.81 1603.81 3461.26 3146.32 2007.66
288.89 354.4 439.21 718.72 1019.71 958.2
377.03 523.56 599.04 2343.87 1735.89 1451.65
683.24 916.65 1239.35 2129.46 2680.03 2313.52
127.51 237.02 165.01 3173.28 935.98 485.46
771.05 1034.25 1387.15 2203.98 2842.19 2500.19
504.42 714.53 1022.18 1559.19 1780.63 1272.29
869.7 1274.71 1884.65 2877.11 3008.39 2167.44
884.46 1247.34 1848.49 2866.51 2847.48 1951.49
494.15 634.14 808.98 1275.23 1782.33 1686.2
499.44 678.22 966.32 1478.28 1541.72 1135.61
749.63 1033.54 1438.59 2349.46 2947.0 2374.99
791.82 1091.95 1563.5 2597.25 2651.93 1962.77
311.83 467.18 461.55 2893.7 1438.44 1111.87
397.12 504.43 636.92 1012.45 1362.22 1281.28
586.31 766.06 1013.05 1741.52 2445.73 2185.65
933.88 1338.61 1871.57 3024.69 2509.08 1638.02
683.26 911.57 1206.93 2056.92 2659.14 2341.06
813.59 1101.32 1494.01 2369.89 2977.56 2557.63
406.78 520.42 651.14 1296.6 1634.9 1507.17
763.34 1036.51 1434.65 2377.96 3100.38 2541.34
843.36 1159.04 1638.81 2654.53 2780.92 2138.87
841.07 1201.77 1682.74 2753.77 2372.89 1719.42
547.95 707.18 906.78 1497.95 2125.7 1998.47
616.45 894.55 1034.71 3195.25 2384.77 1936.19
928.73 1346.86 2056.96 3387.49 3874.56 2405.37
631.23 820.06 1056.76 1757.85 2502.29 2351.42
467.53 747.66 821.68 3803.53 1826.16 1205.63
667.53 890.82 1175.17 1878.19 2289.22 2017.73
580.76 759.7 1001.03 1704.19 2253.34 2027.3
685.22 894.66 1155.32 1957.41 2749.93 2577.0
102.95 187.6 104.33 2676.82 548.01 275.02
456.34 582.91 740.98 1162.51 1620.98 1534.06
639.11 830.73 1070.94 1782.41 2537.9 2384.78
629.14 817.09 1051.81 1677.75 2358.54 2229.48
261.11 457.59 350.25 3968.0 1440.33 963.23
393.49 495.28 627.04 1061.34 1529.0 1433.43
231.14 277.72 335.9 491.03 659.76 627.77
881.62 1233.16 1751.23 2719.49 3264.48 2468.12
692.12 916.13 1173.71 2144.26 2661.88 2466.39
295.02 464.49 456.62 3654.34 1634.16 1151.93
646.76 843.95 1096.12 1817.99 2547.03 2368.67
740.34 1019.25 1423.0 2249.68 2785.85 2197.12
679.78 911.42 1229.48 2082.68 2738.76 2373.18
98.75 163.29 107.93 2030.21 545.5 259.81
247.81 300.31 365.88 540.72 730.89 694.84
437.84 595.14 721.56 2000.65 1716.25 1479.14
396.51 501.91 634.03 1025.35 1440.87 1356.65
358.17 509.14 559.08 2717.92 1586.88 1294.86
498.64 645.76 819.03 1440.31 1917.02 1785.09
731.77 988.44 1340.9 2327.76 2974.44 2506.03
700.57 968.08 1316.2 2135.04 2136.44 1649.46
193.94 334.29 240.7 2509.54 863.52 552.41
301.49 508.83 366.47 2972.71 1304.86 930.13
252.89 442.48 386.24 3933.97 1606.51 1030.29
553.16 715.06 916.24 1542.85 2155.22 2022.87
172.66 358.66 243.73 4302.6 1393.98 742.3
874.87 1256.28 1872.25 3061.23 2904.2 1719.84
141.34 275.47 177.34 4477.11 1110.18 577.36
666.85 919.69 1083.73 2628.0 2615.89 2359.76
753.45 1042.17 1460.63 2324.94 2228.62 1688.88
874.02 1242.32 1778.84 2778.43 3113.34 2310.49
667.88 956.51 1287.57 2729.85 2526.2 1995.3
756.23 1031.61 1454.04 2433.05 2646.8 2064.76
767.8 1121.21 1525.29 3237.93 2455.05 1667.44
630.92 850.1 1057.19 2313.78 2575.56 2336.73
731.56 1012.58 1414.81 2283.59 2798.23 2327.55
180.7 209.38 245.33 351.83 464.91 442.0
507.98 693.09 820.52 2472.5 2258.9 1994.33
510.12 652.35 836.47 1443.35 2096.84 1963.3
280.14 344.17 424.44 662.17 914.61 863.45
542.04 757.06 960.61 2831.47 2267.16 1858.62
624.75 866.78 1124.16 2608.69 2467.28 2063.85
348.73 557.37 580.99 3380.82 1831.19 1371.92
834.65 1173.96 1661.74 2633.72 3137.77 2404.99
239.35 379.28 299.61 1961.52 865.1 606.1
196.0 230.1 272.69 386.25 509.77 486.35
596.47 824.52 989.38 2753.68 2485.2 2185.13
733.27 962.29 1255.49 2008.97 2773.82 2585.16
679.31 991.97 1274.37 3417.37 2121.9 1430.42
698.75 916.3 1190.15 1982.63 2748.08 2550.3
271.83 476.52 351.87 4316.26 1526.37 953.33
466.77 628.34 758.35 1952.66 1919.08 1706.91
289.27 354.91 439.88 719.96 1021.55 959.91
750.89 1016.32 1373.57 2142.83 2698.79 2365.78
468.89 694.37 931.23 3191.54 1738.64 1089.77
425.01 540.44 684.61 1069.07 1487.22 1407.95
590.6 794.27 988.96 2500.63 2396.27 2158.57
343.51 427.96 537.28 897.62 1285.64 1206.35
446.02 672.55 627.3 3321.02 1840.54 1441.93
559.24 733.61 959.84 1502.87 2001.23 1831.95
715.05 939.18 1201.93 2068.86 2735.88 2566.99
703.56 956.96 1298.43 2043.69 2486.37 2142.88
508.53 708.91 788.31 2813.61 2173.0 1849.22
705.26 928.0 1209.02 2011.49 2741.46 2525.04
116.34 122.15 129.4 148.74 169.76 165.78
760.08 1036.22 1415.87 2291.43 2894.48 2443.25
472.77 615.44 762.53 1455.92 1710.39 1585.27
765.96 1091.11 1524.88 2488.31 2131.45 1539.67
810.23 1108.47 1516.06 2367.77 2967.21 2572.76
668.26 877.26 1147.06 1894.14 2653.74 2431.65
864.25 1254.22 1779.51 2915.21 2265.42 1502.87
82.02 230.07 75.93 4586.24 1024.48 371.4
698.18 921.78 1179.1 2118.68 2715.19 2532.39
155.25 174.41 199.22 280.98 369.02 351.03
520.82 717.2 859.47 2733.86 2200.29 1897.93
780.17 1034.09 1373.94 2189.69 2897.69 2623.85
520.14 734.79 1056.49 1612.32 1689.83 1157.16
635.44 874.31 1218.01 1968.72 2372.85 1889.07
102.09 133.5 103.43 1045.96 266.58 166.56
386.75 488.67 616.44 994.87 1396.71 1315.27
534.36 711.75 880.84 2231.36 2367.08 2122.77
504.33 644.57 826.09 1424.41 2068.7 1937.03
772.06 1057.84 1463.31 2375.47 2496.99 2005.21
889.36 1273.15 1865.26 2906.08 2908.86 2016.72
386.44 488.25 615.88 993.9 1395.3 1313.95
133.19 144.97 159.7 198.95 241.65 233.56
514.5 713.78 801.48 2758.82 2197.53 1882.12
95.18 285.37 144.88 4154.23 1172.13 533.25
505.35 711.23 1019.1 1554.27 1637.64 1131.71
116.93 251.83 133.74 4745.31 1081.07 511.47
749.16 996.77 1324.24 2105.17 2770.02 2498.47
820.48 1146.69 1634.7 2594.96 3139.9 2354.96
430.68 565.25 738.99 1191.68 1406.54 1235.05
650.45 906.72 1249.01 2104.95 2110.62 1559.92
652.22 862.03 1144.98 1942.72 2677.54 2419.5
168.19 191.84 222.45 323.36 432.01 409.81
957.41 1383.0 2044.33 3135.27 3488.5 2284.93
550.23 757.3 912.4 2828.58 2327.39 2016.84
553.21 710.39 913.85 1584.49 2306.66 2159.08
341.6 442.26 585.67 926.45 1134.06 949.4
938.42 1405.11 2118.38 3172.38 3112.94 2087.79
271.39 419.87 417.98 3659.56 1462.99 1033.03
317.54 474.77 500.67 3561.97 1664.38 1247.81
446.82 600.16 732.38 1852.14 1730.42 1477.08
847.74 1201.69 1726.85 3140.64 2603.71 1708.47
579.58 801.15 1113.08 1755.81 2168.09 1726.76
802.35 1109.85 1607.99 2560.18 2720.92 2006.35
653.93 918.9 1242.13 2353.12 1996.67 1445.63
192.05 224.77 265.78 387.27 516.26 490.12
271.8 483.92 350.03 4455.62 1507.28 917.05
409.45 519.45 657.33 1065.72 1499.38 1411.49
728.9 996.47 1377.0 2309.82 2767.68 2254.84
332.98 415.73 519.08 794.68 1094.43 1037.61
307.25 485.37 440.49 3576.42 1552.49 1138.23
460.28 585.24 746.98 1280.12 1854.21 1736.89
712.44 941.01 1239.03 2043.38 2825.02 2564.77
156.47 301.64 206.95 4053.69 970.95 543.07
499.04 664.15 819.4 1961.51 2036.42 1833.65
839.26 1155.9 1632.56 2650.09 3339.94 2611.35
632.67 968.05 1361.48 3944.93 2871.51 1674.14
316.29 391.31 488.41 808.48 1153.13 1082.7
848.43 1170.3 1629.27 2564.14 3167.13 2529.0
609.32 790.36 1017.3 1689.47 2403.21 2258.56
188.92 385.67 218.95 4777.22 1287.1 712.25
508.9 681.58 931.84 1501.22 1800.73 1489.42
124.21 132.61 143.48 179.31 217.89 210.0
505.97 716.12 826.49 2861.17 2274.56 1931.34
623.37 811.48 1050.54 1885.65 2599.53 2396.66
387.58 558.42 674.65 2354.87 1816.83 1418.13
361.61 452.35 569.8 956.92 1373.79 1288.6
412.94 672.42 817.93 3707.59 1788.31 1044.75
113.54 118.34 124.35 140.36 157.77 154.47
516.13 727.94 829.39 3030.62 2148.61 1837.27
525.88 691.61 903.06 1431.95 1778.76 1605.85
881.85 1266.25 1827.79 2779.49 3055.96 2351.91
230.26 275.43 333.91 526.66 734.22 691.8
647.85 878.74 1123.69 2395.7 2621.83 2299.41
774.7 1026.69 1354.6 2162.15 2906.82 2660.24
356.13 444.96 559.95 938.97 1347.1 1263.7
209.88 380.6 353.72 4580.45 1346.06 695.44
188.88 219.71 259.61 391.13 532.76 503.81
872.01 1222.83 1742.83 2714.59 2942.29 2245.15
791.42 1057.95 1425.49 2298.69 2851.72 2496.26
614.96 820.18 1011.97 2066.71 2468.0 2271.32
944.18 1390.55 2047.83 3175.65 3602.72 2493.44
341.49 516.19 453.35 2673.3 1323.44 1000.69
688.74 902.45 1174.48 1886.6 2591.46 2415.77
669.85 879.66 1135.86 1921.21 2528.53 2348.3
149.96 353.28 138.28 4670.93 1066.6 490.74
749.95 1090.27 1456.6 3085.02 2520.77 1788.76
274.04 402.98 443.42 2383.48 1120.25 781.2
701.51 947.81 1299.27 2145.79 2674.48 2261.11
611.59 796.69 1025.55 1748.38 2415.56 2252.47
644.34 902.19 1034.17 2772.44 2544.15 2263.74
698.87 916.91 1199.26 1990.15 2761.93 2549.95
833.99 1187.38 1711.11 3160.14 2930.4 1946.01
490.18 628.77 801.86 1263.42 1765.42 1670.26
381.78 488.55 606.82 1182.08 1409.95 1305.46
323.5 402.94 502.52 797.47 1110.67 1047.2
282.02 387.64 438.84 1507.55 1104.94 924.78
828.61 1171.41 1663.15 2564.7 2846.91 2229.92
507.7 772.61 1011.92 3551.1 2288.79 1430.89
201.16 424.31 269.87 4601.12 1170.6 554.36
157.0 176.77 202.36 286.71 377.54 358.98
268.46 447.13 442.62 3847.47 1499.07 917.33
601.85 775.91 1001.21 1743.83 2543.51 2380.09
730.08 972.48 1300.36 2160.82 2827.39 2480.59
835.93 1163.37 1643.32 2590.93 3158.56 2427.23
599.02 837.79 1139.7 2210.35 2275.04 1773.45
320.37 483.31 505.76 3703.07 1650.82 1221.97
334.93 581.12 395.84 4672.63 1408.55 809.35
606.7 784.44 1009.97 1812.91 2578.53 2405.81
816.95 1140.62 1642.25 2754.23 3350.26 2475.2
757.89 1024.15 1352.37 2489.48 2739.54 2357.95
469.75 680.38 734.78 3256.81 2102.6 1713.66
442.39 564.1 716.66 1168.53 1648.35 1551.1
518.71 690.97 931.49 1529.92 1968.73 1675.01
248.65 432.81 328.43 4028.5 1326.85 854.79
349.96 436.65 548.86 918.74 1317.03 1235.64
425.61 577.24 657.38 1944.47 1623.03 1418.22
452.16 577.33 734.25 1199.01 1692.51 1592.49
339.96 425.18 531.63 815.48 1124.2 1065.67
618.56 803.73 1034.9 1875.83 2616.99 2425.19
443.9 626.7 725.3 3236.04 2005.03 1652.41
905.59 1299.92 1955.08 3214.28 3744.91 2445.69
745.3 1064.56 1621.7 2484.3 2217.46 1305.42
383.51 484.2 609.97 945.33 1310.09 1240.94
756.02 989.05 1280.1 2056.19 2900.06 2739.91
611.62 812.16 1015.9 2179.91 2494.18 2283.16
630.08 880.2 1192.44 2249.76 2198.67 1775.67
839.79 1201.93 1809.17 2834.31 2726.49 1785.68
818.1 1159.9 1646.26 2610.57 3176.94 2456.24
711.85 944.9 1248.77 2050.44 2793.11 2547.17
441.21 559.55 712.73 1217.64 1761.33 1650.23
783.19 1066.0 1486.11 2448.05 2723.51 2185.43
748.74 979.16 1266.94 2034.35 2869.01 2710.78
676.98 918.51 1216.01 2328.08 2627.77 2295.73
538.76 694.72 890.22 1469.27 2084.13 1959.52
699.97 1044.74 1343.29 3467.06 2028.64 1325.21
306.95 378.72 471.63 777.87 1107.63 1040.24
488.58 652.01 863.99 1367.76 1514.21 1298.09
952.28 1415.71 2104.78 3266.81 3651.31 2447.38
492.19 631.49 805.46 1269.39 1773.97 1678.32
299.84 370.87 459.91 723.64 1003.68 946.92
633.27 827.8 1081.21 1893.07 2670.61 2446.21
305.85 503.47 455.17 3882.95 1489.64 1001.29
269.99 400.09 348.31 2279.67 1008.56 734.24
122.06 129.9 139.73 168.85 199.76 193.5
262.96 425.85 382.0 3892.6 1470.3 1023.78
417.0 565.72 764.6 1235.17 1160.53 897.84
127.45 201.54 176.97 1932.69 596.42 304.43
451.56 576.43 732.39 1148.26 1600.58 1514.83
197.67 248.1 275.51 872.92 596.88 522.14
299.98 369.33 459.11 755.03 1073.69 1008.57
603.83 779.23 1004.95 1764.24 2556.9 2390.65
871.59 1234.89 1787.59 2796.63 3270.01 2328.82
650.51 846.19 1091.48 1818.01 2589.47 2433.12
753.09 1029.27 1440.65 2425.75 2852.88 2229.33
904.59 1315.33 1930.86 3006.02 3166.11 2145.02
399.08 638.09 528.78 4165.74 1710.03 1196.23
615.51 794.74 1025.78 1799.46 2612.68 2443.09
584.9 753.08 970.77 1688.31 2460.98 2303.08
206.28 291.23 278.17 1402.34 776.31 612.83
807.45 1130.55 1602.96 2880.34 2643.66 1907.78
564.5 744.34 926.28 1788.54 2226.62 2061.2
942.63 1397.51 2083.68 3092.25 2909.55 1905.98
328.32 407.51 510.02 847.88 1211.71 1137.36
586.5 759.3 975.11 1550.6 2176.53 2057.87
298.91 491.43 461.61 3917.96 1637.9 1121.47
760.68 1061.17 1488.05 2423.56 3062.45 2453.49
519.54 735.83 1053.37 1571.82 1564.02 1122.47
662.53 869.97 1107.29 2032.93 2656.51 2472.03
770.57 1079.88 1525.58 2759.47 3102.33 2301.12
781.63 1141.22 1701.56 3264.69 2537.45 1549.11
448.25 690.88 633.78 3968.47 1809.91 1328.91
687.32 1045.82 1349.86 4159.02 2195.13 1219.12
448.52 707.82 617.44 4280.39 1804.71 1291.52
742.44 981.54 1259.14 2220.31 2841.7 2632.99
280.7 480.82 385.14 4178.1 1503.04 973.92
488.97 640.72 799.01 1820.48 2089.75 1898.28
478.11 612.41 780.13 1227.41 1713.88 1621.65
834.24 1153.61 1615.08 2528.39 2887.63 2319.43
255.18 310.3 379.13 562.7 762.35 724.5
126.07 135.34 146.96 181.37 217.91 210.51
605.85 783.29 1007.89 1810.21 2572.45 2401.08
496.73 654.24 873.6 1440.92 1863.72 1609.42
627.54 836.83 1096.52 2069.11 2612.08 2335.25
253.37 307.84 375.87 557.29 754.61 717.2
600.39 846.05 1011.12 3058.89 2397.63 1990.8
682.52 890.98 1149.49 1964.32 2742.33 2570.42
655.3 860.4 1109.92 1970.14 2608.5 2413.67
449.76 627.69 729.34 2833.94 1956.35 1683.19
609.75 797.27 1028.36 1953.87 2595.2 2374.37
365.23 568.62 585.85 3599.62 1887.66 1393.22
594.62 863.39 1087.96 3157.15 2267.84 1705.32
699.76 912.79 1178.84 1888.32 2659.97 2513.69
430.77 589.01 819.89 1257.67 1447.75 1081.06
671.07 881.56 1129.21 2051.19 2700.1 2509.39
383.44 484.11 609.85 945.13 1309.8 1240.67
845.16 1162.91 1611.35 2541.98 3020.09 2457.65
427.6 629.21 713.83 2922.56 2060.25 1684.26
812.56 1245.18 1773.19 3526.42 2596.16 1615.88
680.42 906.73 1221.31 2051.3 2691.04 2357.74
587.4 756.44 975.25 1696.49 2473.13 2314.42
321.47 482.7 596.0 2383.61 1127.26 745.46
175.21 335.02 242.41 4236.65 1283.78 698.84
362.15 523.34 573.68 2683.25 1603.78 1278.43
379.79 548.29 595.29 3205.94 1849.86 1494.4
297.96 368.32 456.53 717.79 995.2 938.98
906.07 1329.8 1901.58 3093.71 2218.88 1365.95
808.4 1108.0 1497.04 2418.34 2662.17 2260.21
897.91 1271.77 1889.76 3086.64 2667.24 1658.77
540.33 739.11 1035.09 1579.95 1959.73 1474.38
446.99 609.01 727.7 2692.41 2096.27 1797.49
129.25 285.71 137.89 4678.51 1035.88 485.14
605.36 825.37 1051.91 2477.36 2396.88 2034.9
853.55 1200.17 1771.98 2774.69 2803.54 1951.76
663.12 871.01 1114.82 2049.28 2693.11 2502.72
284.86 350.52 432.52 651.19 889.03 843.94
594.65 811.6 1006.59 2544.05 2424.1 2119.86
783.16 1130.36 1650.45 2566.45 2831.51 1930.71
480.44 704.46 839.18 3009.2 2076.95 1602.23
403.23 702.71 474.9 4851.99 1624.76 1014.29
339.9 573.37 541.34 3495.42 1400.7 906.67
124.26 266.78 110.17 3749.47 853.05 399.34
323.28 442.91 523.27 1934.33 1408.41 1141.43
428.62 545.34 691.11 1079.84 1502.64 1422.49
583.43 755.26 970.67 1608.67 2286.13 2148.83
666.98 883.87 1190.78 2045.92 2820.26 2449.85
709.1 953.72 1306.58 2220.45 2778.77 2304.35
271.93 471.5 505.0 4244.0 1254.16 637.68
126.26 135.59 147.23 178.3 212.08 205.68
860.34 1204.14 1693.39 2653.97 3186.69 2490.33
258.79 315.19 385.62 573.46 777.75 739.02
522.73 718.71 846.11 2464.16 2321.32 2051.39
742.41 1082.41 1583.14 3412.44 3187.82 2052.02
425.19 537.97 683.96 1165.16 1683.33 1577.44
196.62 255.68 274.87 1169.08 738.05 597.48
745.4 974.78 1261.51 2025.12 2853.72 2695.11
227.43 399.82 407.7 4019.85 1394.4 810.65
508.23 666.57 888.16 1428.29 1827.67 1604.49
833.06 1180.19 1746.19 2738.96 2757.68 1922.86
278.44 525.51 372.77 4308.85 1522.91 978.51
756.07 1048.64 1469.55 2389.48 2885.63 2293.52
695.97 912.55 1187.24 1974.67 2785.67 2588.03
141.18 254.17 195.76 3357.81 951.89 547.26
714.07 989.93 1312.37 2537.53 2531.49 2071.03
514.33 799.73 722.07 4094.42 2006.84 1523.36
553.39 750.01 917.45 2498.18 2265.91 2003.8
344.23 436.25 540.14 985.27 1178.83 1096.06
610.54 792.01 1019.49 1693.27 2408.72 2263.72
733.82 996.54 1331.71 2347.96 2783.82 2366.35
656.63 863.73 1111.27 1883.17 2451.49 2267.16
274.45 336.45 414.18 644.4 888.87 839.32
619.51 835.64 1070.87 2381.0 2449.18 2168.54
428.78 611.1 737.28 2921.82 2004.97 1552.97
99.73 207.59 98.25 3413.14 658.48 307.39
680.45 886.77 1145.41 1911.45 2724.88 2560.02
612.5 828.57 1054.63 2466.05 2474.87 2182.9
449.09 573.17 728.71 1189.41 1678.6 1579.46
754.02 989.82 1285.06 2072.26 2877.29 2701.44
486.99 628.96 822.88 1390.44 1912.69 1735.32
247.16 416.03 370.95 3966.52 1483.99 951.69
672.28 892.45 1196.22 2017.99 2682.55 2371.03
745.68 1077.25 1493.18 3248.7 2433.49 1609.55
271.46 515.58 265.37 4988.71 1198.75 542.82
753.45 988.92 1283.87 2061.78 2852.79 2672.68
645.69 884.61 1213.71 1899.0 2398.24 1987.11
386.51 488.35 616.01 994.13 1395.63 1314.26
304.72 427.45 498.93 1788.38 1113.46 814.34
373.1 467.82 590.42 994.55 1429.71 1340.79
587.61 811.9 1047.88 2150.02 2400.87 2015.29
615.82 821.6 1030.81 2266.6 2567.82 2332.93
744.55 1017.59 1379.09 2662.61 2986.59 2452.88
655.77 873.14 1113.44 2228.74 2641.58 2396.19
884.23 1244.18 1777.13 2855.79 2534.84 1791.22
153.02 179.88 225.6 310.81 341.29 246.29
780.93 1129.36 1583.68 2869.35 2680.55 2001.56
588.92 784.92 980.31 2306.33 2424.77 2213.89
262.21 355.89 381.74 1442.22 937.22 788.35
404.79 585.83 659.63 3173.04 1902.59 1508.45
551.27 720.64 909.46 1687.78 2069.45 1929.12
195.43 243.4 303.97 513.99 508.0 417.54
611.1 794.52 1013.55 1873.25 2598.58 2418.3
375.92 620.8 730.23 4145.8 1681.55 1011.21
354.18 550.95 548.77 3396.59 1895.77 1437.19
196.39 250.52 282.27 958.44 640.39 538.35
727.82 1021.4 1353.55 2816.56 2688.72 2116.84
444.38 746.74 593.96 4055.41 1906.89 1410.88
881.13 1258.14 1745.51 2847.93 2758.1 1981.02
686.83 981.21 1416.67 2151.89 2234.77 1636.3
337.15 567.52 604.51 4008.72 1745.97 1057.58
624.12 826.14 1047.13 2266.04 2570.7 2350.81
706.45 953.67 1321.37 2248.19 2979.22 2443.14
639.59 843.6 1121.68 1831.57 2410.73 2154.24
859.0 1205.82 1770.11 2907.16 2661.62 1770.25
818.5 1130.93 1538.87 2488.17 2616.33 2167.75
613.19 794.65 1024.43 1863.38 2601.39 2418.36
520.31 711.1 859.4 2458.73 2338.82 2037.33
377.92 525.06 741.85 1117.91 1261.58 893.96
267.32 368.58 405.23 2158.09 1232.89 985.69
789.88 1158.71 1675.04 3283.7 2623.01 1687.0
520.22 669.48 855.88 1352.97 1893.62 1791.13
608.42 790.17 1011.56 1873.01 2593.4 2413.3
629.37 818.12 1062.43 1843.17 2621.79 2423.99
532.8 682.91 877.21 1517.67 2207.32 2066.38
822.3 1117.87 1528.71 2406.18 3092.37 2596.5
111.93 116.07 121.43 139.08 158.1 154.21
872.69 1215.6 1661.16 2675.06 2662.66 2054.54
689.43 899.14 1161.35 1858.92 2614.74 2468.63
261.24 384.71 407.99 2053.05 902.71 601.3
473.79 713.05 903.85 2822.68 1561.83 945.34
796.32 1127.0 1533.92 2735.17 2646.93 1994.08
785.81 1071.37 1454.01 2464.89 2876.37 2421.01
791.15 1103.51 1601.69 2682.35 3320.41 2428.75
247.79 452.15 323.88 4173.44 1374.34 872.82
384.34 482.95 610.6 1031.36 1484.44 1391.85
456.7 601.02 808.14 1250.09 1516.37 1297.59
109.7 113.06 117.42 131.77 147.22 144.06
532.25 812.32 1010.91 3548.86 2451.06 1666.34
535.29 706.34 881.45 2142.09 2323.54 2116.49
188.38 219.79 259.17 375.81 499.66 474.56
428.7 643.81 612.23 3545.99 1844.95 1409.34
727.78 959.45 1226.82 2178.8 2814.47 2635.0
112.42 163.11 109.47 1239.89 340.89 197.28
244.88 367.23 376.04 2885.19 1315.8 976.79
382.59 606.21 510.51 3969.06 1655.46 1155.23
819.37 1134.82 1587.53 2537.93 2958.31 2340.59
333.5 416.5 520.54 828.7 1155.92 1089.6
646.17 938.76 1371.31 2104.33 2363.62 1622.59
664.73 872.37 1117.31 2045.27 2692.93 2506.0
917.28 1339.85 1976.11 3068.81 3189.98 2118.82
557.3 742.33 902.88 2023.23 2369.62 2161.3
361.25 478.03 660.43 996.67 1070.75 827.77
196.77 297.05 277.32 2382.52 1008.88 692.41
693.47 929.01 1173.51 2409.41 2675.88 2438.09
566.61 747.63 943.28 2035.44 2481.5 2265.51
162.04 184.09 211.73 293.6 380.53 362.91
775.96 1072.12 1459.94 2405.46 2537.14 2090.62
859.05 1189.58 1703.24 2762.01 2759.53 2030.92
115.46 244.45 141.55 4449.48 1067.27 514.56
476.47 631.83 780.43 2025.2 1959.0 1756.43
609.97 835.51 1000.49 2742.23 2463.75 2179.14
369.82 657.71 449.75 4111.55 1730.14 1205.33
160.81 182.42 209.52 289.77 374.99 357.72
598.15 782.67 999.02 1984.75 2528.62 2322.37
527.17 680.78 868.89 1480.53 2040.17 1912.92
886.6 1253.3 1826.22 3000.92 3081.82 2066.11
806.3 1167.44 1667.65 2959.14 2941.1 2063.77
681.73 912.43 1144.71 2380.8 2706.9 2481.69
574.58 773.81 928.21 2212.07 2467.12 2234.69
867.44 1209.59 1765.48 2765.62 2835.4 2030.85
253.64 308.22 376.37 558.12 755.8 718.33
622.81 851.75 1213.81 1995.37 1999.56 1462.31
730.3 964.1 1226.03 2215.73 2808.95 2622.14
834.85 1201.24 1681.56 3105.13 2734.04 1848.03
532.31 722.16 999.72 1612.4 1591.15 1222.89
370.68 527.68 587.61 3240.34 1864.83 1499.3
816.57 1101.96 1515.36 2390.94 2894.23 2449.0
611.0 847.62 1205.08 1878.86 2223.81 1629.18
581.66 777.33 971.32 2331.45 2448.01 2203.5
482.44 710.55 764.39 3126.44 2138.6 1782.18
180.83 208.87 245.16 364.77 493.57 467.25
508.79 795.36 984.85 3627.52 2224.22 1464.02
743.59 972.18 1257.68 2019.0 2847.03 2690.06
590.08 817.56 960.58 2913.77 2418.52 2106.96
236.51 286.33 345.42 547.93 689.86 651.63
593.5 772.77 1001.76 1662.93 2307.58 2133.38
635.28 825.4 1062.85 1696.05 2384.73 2254.17
578.96 749.08 961.55 1528.13 2144.36 2027.54
373.88 599.1 491.3 4048.99 1619.66 1107.23
734.54 997.79 1342.29 2254.59 2577.55 2144.85
141.74 156.57 175.09 224.47 278.18 268.0
448.09 571.73 726.14 1137.91 1585.77 1500.87
530.19 709.18 873.44 2298.41 2364.1 2109.43
455.72 598.93 742.5 1661.99 1734.53 1573.69
340.58 498.35 468.74 2285.34 1245.78 979.8
855.25 1232.91 1788.48 2744.52 2998.22 2277.65
505.21 649.13 828.88 1308.22 1829.56 1730.73
264.2 366.07 383.25 1626.17 975.76 803.75
839.3 1216.62 1724.86 2823.5 2193.84 1455.89
910.87 1277.85 1881.83 2912.47 2885.23 1995.9
437.58 632.93 823.59 2310.76 1312.81 830.99
548.51 738.13 945.98 1795.97 1992.29 1766.58
415.67 582.07 655.0 2529.21 1785.14 1515.09
761.57 999.51 1300.0 2084.26 2922.4 2734.69
516.87 761.13 900.54 3171.22 2111.13 1661.77
788.9 1076.84 1516.65 2417.93 2758.8 2198.87
698.93 972.74 1284.03 2589.85 2696.65 2299.07
566.96 728.91 938.54 1629.53 2373.61 2221.55
540.55 702.81 891.88 1778.33 2302.43 2121.61
687.11 957.57 1310.98 2095.81 1940.84 1418.09
652.07 857.45 1094.78 2092.21 2656.15 2460.33
764.45 1006.37 1314.57 2110.11 2867.04 2665.22
272.18 477.0 367.16 4332.61 1461.85 913.54
326.65 496.25 507.23 3534.93 1581.14 1228.09
737.08 986.88 1340.73 2183.94 2772.21 2402.19
801.23 1086.08 1471.16 2332.84 2981.75 2575.41
680.94 887.85 1147.93 1915.24 2722.11 2553.47
243.63 407.93 364.77 3879.17 1487.06 963.61
344.02 438.43 568.22 904.2 1203.63 1058.24
434.32 601.44 756.91 1884.34 1597.43 1259.0
563.63 728.68 947.89 1631.16 2318.2 2139.09
421.19 554.5 680.21 1805.97 1817.76 1616.38
396.69 566.0 626.14 3106.64 1904.74 1562.46
653.41 958.02 1328.63 2907.18 2208.09 1579.32
769.71 1117.45 1513.91 3271.33 2316.23 1585.73
862.82 1207.37 1759.74 2877.22 2693.81 1845.33
199.92 299.94 281.33 2696.28 976.92 670.12
738.1 972.63 1241.43 2185.49 2836.24 2655.68
272.39 613.02 215.3 5158.96 1358.76 677.28
523.34 670.16 860.21 1486.66 2161.23 2023.38
672.78 879.49 1133.39 1947.27 2691.34 2516.2
436.45 619.63 719.22 3133.13 1973.83 1636.27
800.99 1096.91 1514.92 2465.19 2629.93 2130.91
523.91 691.95 900.43 1885.53 2143.66 1889.0
314.75 567.26 439.71 4248.05 1613.86 1086.74
449.18 573.2 728.09 1141.14 1590.39 1505.22
385.26 484.19 612.25 1034.37 1488.91 1396.02
94.37 200.49 113.67 3545.36 837.65 402.01
457.07 646.46 875.32 1701.6 1376.01 891.41
662.02 916.09 1200.97 2688.15 2468.67 2005.76
330.62 413.89 524.29 863.33 1172.38 1078.56
538.39 714.22 955.33 1485.81 1924.44 1652.63
420.34 709.06 520.73 4571.29 1688.62 1119.33
547.95 730.9 887.18 2003.07 2056.78 1868.11
133.18 196.64 145.29 1429.15 449.18 284.47
504.55 658.81 861.41 1420.82 1754.17 1571.08
765.03 1008.79 1318.38 2104.98 2897.02 2697.76
502.43 688.5 962.83 1478.83 1606.0 1198.46
418.7 596.43 674.4 2924.06 2034.08 1671.86
831.59 1186.18 1710.62 2714.26 3028.13 2202.89
107.13 282.66 118.22 4699.22 1108.34 442.35
702.4 947.33 1161.99 2399.92 2729.17 2511.37
291.9 483.23 455.52 3754.76 1709.83 1170.3
331.74 524.72 585.2 4033.82 1627.17 1065.42
821.22 1167.3 1677.54 2669.69 3008.57 2215.33
289.05 461.78 429.97 3920.11 1524.21 1080.71
602.64 801.62 1080.84 1729.52 2277.39 1947.42
349.08 472.44 556.3 1988.73 1468.49 1257.62
718.22 984.38 1356.37 2196.34 2686.97 2262.72
469.87 601.34 766.14 1254.27 1772.59 1667.54
875.2 1274.54 1812.88 2965.0 2249.28 1460.23
628.95 850.93 1066.11 2288.46 2379.55 2088.1
463.46 750.15 680.65 4522.21 1701.78 1066.53
108.07 110.94 114.53 125.18 136.49 134.2
852.94 1202.42 1762.45 2904.73 3506.35 2481.09
589.44 797.64 953.78 2417.36 2361.54 2115.4
771.38 1039.82 1403.47 2338.26 2829.36 2458.33
782.44 1075.36 1482.76 2384.97 3002.92 2471.57
282.73 346.1 428.13 698.53 989.69 930.19
155.34 175.02 199.68 272.71 350.27 334.55
667.4 913.4 1287.77 2228.14 2409.97 1880.39
254.31 466.66 359.2 4210.9 1402.25 840.3
751.87 983.4 1272.57 2043.69 2882.37 2723.38
564.95 792.71 1159.69 1872.71 1792.16 1090.65
492.3 676.78 813.61 2664.58 2186.68 1877.04
772.35 1020.0 1345.02 2153.39 2896.34 2655.53
716.09 934.92 1208.21 1937.0 2729.66 2579.39
391.66 645.19 503.52 4445.12 1585.14 1040.25
813.56 1153.35 1653.08 2636.74 2994.12 2224.52
456.05 650.28 757.39 3097.67 1937.45 1599.29
615.37 826.01 1070.44 2236.29 2529.82 2214.61
356.04 552.2 560.83 3510.72 1712.8 1255.1
322.09 399.12 498.83 827.47 1181.36 1109.04
313.75 389.72 484.97 767.06 1066.6 1005.89
574.66 780.88 943.34 2411.12 2277.15 2047.33
497.66 671.83 810.48 2513.17 2232.79 1969.21
516.49 684.52 855.25 1915.23 2004.97 1812.37
565.83 816.5 1106.86 2727.86 2066.02 1531.08
911.7 1310.03 1896.85 2948.28 3327.79 2367.44
802.08 1110.84 1560.34 2465.67 3032.74 2363.81
538.64 726.77 893.58 2590.96 2317.67 2050.05
601.52 777.08 1000.13 1785.49 2548.67 2380.07
569.45 797.7 1042.53 2392.83 2316.22 1913.96
794.39 1066.21 1449.9 2298.24 2884.3 2504.34
685.19 899.9 1174.73 1873.32 2564.1 2372.16
638.01 829.24 1068.96 1778.98 2532.92 2380.12
396.0 510.06 628.55 1295.66 1578.87 1451.95
395.1 497.45 629.93 1066.61 1536.84 1440.75
604.07 828.22 993.36 2770.89 2448.4 2166.47
326.4 404.92 506.56 841.57 1202.33 1128.6
335.17 416.73 522.3 870.29 1245.02 1168.44
386.85 555.69 608.19 3164.43 1872.8 1522.85
617.72 800.99 1034.07 1850.35 2609.75 2425.03
315.45 642.81 264.0 5751.23 1275.1 527.93
885.49 1233.17 1744.75 2712.79 3420.72 2616.54
529.91 753.18 819.26 3111.41 2163.39 1808.68
623.31 820.85 1082.45 1900.18 2543.19 2277.26
730.12 974.02 1290.44 2125.32 2786.67 2472.71
139.61 203.55 182.17 1838.57 648.21 432.12
800.48 1074.25 1441.69 2310.58 2798.54 2459.94
355.62 538.16 564.72 3559.28 1785.82 1332.88
276.16 337.25 416.34 677.01 957.71 900.35
866.57 1216.99 1718.08 2689.69 3203.81 2475.41
479.53 614.97 790.28 1349.97 1906.65 1764.24
516.04 765.17 786.24 3645.8 2016.18 1564.61
235.97 348.93 358.65 2654.09 1227.8 917.2
343.3 459.2 511.37 1413.84 1167.99 1027.09
852.1 1170.21 1624.91 2543.44 3286.45 2648.38
709.5 927.82 1196.65 1971.71 2714.14 2557.45
582.07 753.42 968.22 1604.43 2279.99 2143.07
787.85 1070.94 1496.48 2397.2 2801.52 2279.75
451.51 576.36 732.29 1148.1 1600.35 1514.61
170.78 198.94 227.66 439.84 470.02 430.99
792.04 1118.42 1551.0 2509.53 2278.93 1725.32
304.31 375.17 466.89 769.22 1094.77 1028.25
302.1 372.19 462.92 761.97 1084.0 1018.19
843.26 1159.19 1604.27 2531.59 3017.52 2463.68
649.56 890.89 1080.49 2605.22 2511.02 2200.94
591.76 765.29 991.04 1716.19 2464.81 2286.36
697.52 998.88 1387.91 2219.56 1985.08 1329.56
660.3 877.91 1109.91 2417.83 2625.58 2406.51
320.46 562.38 542.39 4141.95 1778.16 1090.33
748.22 981.81 1274.58 2047.19 2834.59 2660.49
579.78 777.21 1059.65 1733.73 2144.29 1808.95
615.33 822.32 1033.72 2328.14 2454.41 2219.04
852.77 1193.71 1698.48 2665.64 3204.07 2408.46
550.57 711.31 913.29 1507.99 2134.84 2003.13
457.21 639.02 737.07 2845.79 1920.0 1630.14
612.69 792.68 1020.09 1822.67 2603.48 2430.68
621.38 803.26 1039.53 1810.34 2622.39 2446.61
403.54 583.93 650.58 3179.55 1944.78 1549.6
233.98 291.22 345.67 745.49 787.32 699.62
526.61 752.88 977.58 2950.34 2134.69 1655.04
188.77 220.32 259.87 377.02 501.41 476.2
728.56 994.42 1374.89 2187.02 2845.68 2300.04
249.52 317.13 369.65 1082.25 877.69 771.81
165.21 195.92 246.84 344.68 307.65 224.02
395.72 498.28 631.04 1068.63 1539.84 1443.54
663.04 870.58 1114.28 2053.28 2688.13 2499.75
785.72 1082.83 1521.44 2449.46 3173.21 2483.48
650.99 913.76 1327.95 2220.54 2069.18 1412.05
579.08 770.24 1005.05 1896.29 2304.2 2020.18
804.33 1130.42 1641.31 2714.31 2826.0 1919.85
236.44 284.93 345.73 525.79 716.99 678.24
635.46 847.85 1056.05 2150.62 2385.09 2179.15
150.13 274.13 163.8 3085.36 831.43 463.81
321.05 397.72 496.96 824.06 1176.3 1104.32
394.35 551.69 587.46 2235.11 1505.37 1256.79
523.45 832.26 914.93 4407.82 2214.5 1322.15
400.25 506.89 640.08 995.25 1381.54 1308.31
284.22 367.47 431.17 1194.58 976.86 874.29
776.07 1089.48 1542.42 2427.18 2764.13 2190.08
659.69 956.57 1344.46 3443.97 2877.79 1941.57
273.7 451.61 376.83 3767.59 1436.86 996.2
400.29 580.31 666.62 3075.56 1895.72 1486.33
408.08 545.49 736.14 1100.29 1261.29 1048.95
203.04 259.32 286.64 999.7 693.98 580.95
581.68 753.88 980.12 1688.88 2412.99 2226.22
114.06 217.48 146.99 3279.19 836.62 438.32
644.76 861.93 1101.98 2245.64 2643.69 2378.59
186.29 216.96 255.41 369.29 490.21 465.7
379.01 494.69 599.14 1593.38 1561.06 1400.24
443.73 699.62 622.46 3425.89 1996.17 1576.9
598.1 815.21 965.8 2604.0 2420.29 2146.54
595.62 823.28 971.25 2885.11 2434.61 2128.11
705.78 931.35 1222.37 2022.94 2792.43 2555.3
458.82 586.36 746.24 1219.78 1722.61 1620.7
471.15 603.07 768.45 1258.26 1778.38 1672.96
876.32 1237.1 1756.71 2745.57 3230.61 2452.08
834.76 1161.28 1639.5 2585.77 3155.42 2428.52
919.69 1312.14 1816.62 2923.06 2832.78 2054.78
99.0 134.14 99.3 1036.8 297.03 160.88
419.66 533.28 675.71 1097.57 1545.52 1454.73
635.79 838.87 1122.26 1945.22 2491.43 2187.96
428.34 542.22 689.63 1175.5 1698.7 1591.78
737.64 1051.64 1542.69 2350.48 2788.76 1850.61
422.53 655.63 597.52 2989.98 1698.53 1348.57
570.37 758.92 1011.08 1616.55 2087.41 1849.32
788.71 1055.18 1390.8 2237.21 2875.65 2583.31
583.44 806.38 954.42 2868.0 2387.05 2088.56
170.66 311.15 244.99 3792.94 1258.62 723.25
449.82 616.25 729.57 2481.18 1897.59 1661.76
522.62 728.48 811.46 2836.8 2225.13 1905.02
714.65 933.92 1206.28 1946.16 2721.97 2568.0
818.87 1111.19 1515.82 2388.03 3082.4 2603.94
346.58 539.12 513.06 3450.23 1723.73 1320.21
307.33 379.23 472.31 779.11 1109.48 1041.97
257.56 313.57 383.77 591.71 812.51 767.76
747.32 1085.1 1590.12 2382.04 2351.18 1632.56
838.28 1224.12 1686.43 3278.54 2573.39 1706.42
451.33 576.12 731.97 1147.58 1599.6 1513.91
643.3 896.35 1177.57 2849.11 2573.51 2082.42
271.83 452.18 362.56 3652.29 1374.79 898.45
235.81 284.05 344.29 504.95 679.68 646.55
740.61 970.07 1255.31 2031.25 2829.45 2664.68
798.42 1145.1 1650.78 2645.51 2802.28 1989.59
621.72 849.03 1174.31 2109.05 2345.63 1897.81
455.27 578.48 737.98 1263.7 1829.8 1714.11
307.13 404.86 571.93 843.14 784.84 520.52
908.02 1325.39 1954.62 3042.99 3172.35 2111.17
589.84 815.01 966.88 2779.04 2396.39 2121.79
681.24 893.78 1151.13 2004.49 2730.29 2543.15
184.19 297.47 269.69 3070.47 1105.12 737.37
720.38 954.48 1270.26 2109.51 2746.93 2453.71
329.56 431.99 504.73 1313.45 1168.5 1037.41
525.85 677.21 866.96 1428.96 2025.72 1904.78
96.92 175.7 93.53 2541.17 499.05 240.3
654.29 851.3 1098.28 1829.79 2606.54 2449.12
431.14 545.99 694.65 1184.66 1712.31 1604.48
679.62 887.28 1150.28 1917.68 2702.06 2523.37
441.86 560.43 713.9 1219.78 1764.52 1653.2
795.19 1067.56 1445.95 2335.64 3107.09 2679.45
532.03 824.41 1128.17 3551.74 1969.97 1216.31
439.29 688.95 665.12 3930.27 1692.56 1137.72
881.14 1273.19 1798.33 2921.33 2332.02 1594.19
175.65 202.53 236.24 336.07 442.08 420.6
718.44 1058.06 1411.24 3183.71 2638.18 1758.4
176.06 202.44 236.59 349.15 470.35 445.58
892.47 1254.63 1840.49 2990.97 2713.98 1800.97
594.41 901.38 1153.93 3730.97 2271.75 1473.63
356.39 662.28 368.81 5191.83 1461.93 796.06
762.39 1033.03 1391.14 2271.13 2807.87 2381.31
983.5 1490.21 2270.29 3363.9 3181.95 2038.41
324.24 515.77 613.24 3754.95 1506.92 896.09
609.38 848.58 1030.28 2836.28 2431.17 2094.53
493.41 648.95 806.93 2070.51 2150.7 1938.67
341.8 427.75 535.49 854.6 1193.44 1124.77
528.19 707.59 896.82 2135.74 2222.37 1932.14
756.77 1136.82 1482.57 3735.18 2504.93 1632.99
614.6 846.1 992.88 2493.78 2513.14 2256.54
356.45 541.56 587.35 2979.99 1897.79 1493.27
280.17 344.21 424.49 662.26 914.74 863.57
560.63 766.72 917.81 2545.4 2352.12 2093.07
586.31 781.1 978.29 2381.61 2458.52 2223.02
843.71 1177.27 1650.75 2592.93 3058.56 2420.78
325.13 645.38 337.76 4697.41 1543.57 933.62
75.8 208.16 78.5 4219.43 968.28 354.81
465.87 597.25 753.9 1370.62 1888.72 1759.49
149.99 302.06 196.94 4233.19 1227.38 635.61
723.68 945.2 1221.86 1959.63 2762.05 2609.93
677.15 882.29 1139.46 1901.14 2709.93 2546.01
831.87 1177.92 1621.43 2775.9 2811.15 2068.08
924.35 1348.5 1976.95 2949.42 2930.4 2060.91
243.62 316.96 387.85 977.84 827.67 673.76
483.37 619.54 789.6 1243.1 1736.34 1642.83
411.92 611.41 663.84 3377.47 1932.8 1516.12
663.42 880.31 1177.74 1990.17 2662.12 2343.71
774.79 1050.31 1435.35 2311.28 3070.18 2570.02
135.69 148.07 164.1 216.92 273.8 262.17
388.14 643.92 494.76 4538.78 1619.09 1057.24
146.11 162.5 183.04 243.9 308.51 295.42
578.91 919.64 1087.91 4527.94 2439.35 1373.77
167.84 331.67 208.09 4577.84 1140.79 608.51
141.26 170.5 173.93 693.24 378.29 316.32
809.68 1152.31 1694.68 2971.98 2676.52 1786.73
381.88 490.39 632.78 973.76 1277.08 1153.19
423.91 591.35 676.16 2848.91 1975.91 1666.64
671.47 893.58 1179.03 2082.37 2606.77 2328.17
847.51 1169.66 1580.01 2540.74 2862.42 2356.92
602.74 910.96 1320.45 3551.66 2098.61 1174.87
454.4 646.1 709.53 2993.02 2105.16 1744.6
418.16 605.93 732.64 3233.23 1980.84 1500.39
429.3 691.43 588.73 3559.79 1944.21 1504.34
859.06 1236.21 1798.32 2832.41 3079.96 2169.93
206.49 243.43 291.23 448.82 618.51 583.83
547.92 719.93 907.23 1880.9 2094.14 1928.15
630.8 819.47 1055.98 1756.49 2500.33 2349.58
693.12 908.57 1179.74 1964.75 2723.99 2528.44
156.86 335.83 154.9 4465.89 1027.63 491.84
387.87 553.17 611.52 2887.8 1667.72 1364.77
861.12 1193.14 1623.37 2613.69 2686.19 2122.49
685.65 907.37 1198.95 1899.83 2567.87 2312.66
121.75 129.48 139.12 164.85 192.84 187.53
668.01 872.29 1130.89 1880.15 2650.46 2473.92
394.17 508.44 629.39 1325.58 1423.9 1309.33
294.03 564.5 286.3 5355.93 1261.35 575.58
460.24 588.29 748.8 1224.22 1729.05 1626.73
530.61 752.98 808.78 2941.64 2234.85 1898.61
774.07 1030.68 1373.77 2215.2 2895.6 2570.06
849.93 1193.08 1664.29 2666.63 2865.38 2133.4
786.46 1170.4 1662.64 3189.78 2582.29 1738.54
703.34 926.94 1221.09 2020.01 2758.86 2521.24
589.23 805.07 986.88 2511.33 2467.63 2175.32
630.68 818.62 1067.96 1847.96 2635.38 2433.07
620.67 820.6 1041.02 2199.31 2557.87 2350.17
602.26 851.01 1172.55 1878.21 1740.75 1209.88
618.24 853.57 1231.11 1961.35 2109.6 1572.27
272.09 331.77 409.03 663.68 937.9 881.86
375.6 612.81 487.67 4259.64 1582.05 1044.12
725.1 968.66 1291.22 2118.46 2828.74 2515.43
476.41 614.45 791.5 1240.08 1680.91 1560.23
480.41 656.96 786.6 2164.05 2049.85 1783.06
423.2 615.6 674.72 2980.46 2086.35 1703.25
710.32 956.41 1292.86 2098.81 2667.28 2292.2
633.62 823.3 1061.07 1765.3 2513.1 2361.54
808.31 1106.59 1565.64 2491.92 2810.23 2215.76
420.25 569.25 801.75 1279.54 1315.97 905.14
417.82 551.75 733.65 1138.38 1395.03 1206.11
770.87 1075.15 1519.35 2374.06 2639.53 2002.49
328.99 410.38 512.41 814.61 1135.51 1070.47
454.05 604.0 745.97 1813.51 1957.22 1750.34
956.62 1363.18 2059.62 3165.48 2880.87 1776.09
519.5 741.35 834.3 3085.18 2183.17 1860.05
797.9 1131.96 1648.24 2546.4 3085.85 2134.62
554.87 756.08 920.46 2565.91 2380.98 2099.92
274.39 614.58 219.71 5146.12 1365.14 685.82
892.99 1287.47 1901.56 2936.86 2837.99 1890.29
685.35 912.95 1234.22 2109.66 2738.78 2344.84
153.81 172.48 196.63 276.26 362.01 344.49
494.99 765.31 695.32 3912.12 1990.22 1522.64
700.86 1005.49 1460.7 2253.51 2381.0 1634.66
624.24 810.58 1044.18 1736.04 2470.69 2321.8
795.65 1064.99 1424.13 2282.93 2809.56 2490.35
649.07 850.19 1120.27 1917.13 2725.51 2462.59
395.55 500.53 631.63 981.25 1361.5 1289.42
395.63 505.41 640.28 1038.36 1336.45 1237.6
551.34 825.98 1127.54 3113.97 2014.79 1370.7
899.32 1309.42 1916.69 2881.38 2891.12 2047.82
705.73 950.92 1268.09 2146.74 2670.38 2300.18
725.84 962.25 1230.47 2226.82 2788.94 2568.17
648.41 906.1 1170.31 2500.78 2181.33 1768.91
869.15 1209.23 1744.71 2831.19 2745.77 1961.44
620.17 801.01 1035.56 1805.46 2628.97 2456.01
598.55 775.62 996.77 1586.52 2227.94 2106.34
438.28 583.18 789.66 1249.36 1292.1 1037.8
619.17 803.57 1033.87 1648.02 2315.97 2189.35
603.14 783.45 1005.14 1871.28 2582.95 2399.72
546.8 705.5 903.69 1432.23 2007.07 1898.1
229.8 285.8 364.06 579.35 597.88 492.53
465.07 725.83 902.46 3517.06 1933.39 1241.1
674.56 897.05 1126.28 2279.43 2630.56 2424.22
471.97 645.41 931.21 1489.04 1308.45 844.92
543.97 701.77 899.59 1485.51 2107.66 1981.57
251.14 392.6 379.26 2749.47 1312.28 923.69
358.54 614.28 627.79 4194.21 1673.18 970.35
389.18 491.89 620.17 962.24 1334.3 1263.77
602.64 777.75 1001.98 1764.43 2548.22 2382.12
535.06 758.97 993.79 2200.31 2127.46 1573.62
768.43 1052.24 1460.04 2494.74 3126.39 2504.45
902.97 1290.68 1955.0 3025.39 2816.84 1760.61
231.25 487.45 280.69 4662.89 1370.46 773.87
694.45 908.63 1179.1 1885.11 2622.31 2455.46
188.28 218.9 258.53 389.17 529.84 501.1
904.4 1319.46 2034.97 3134.34 2757.03 1593.78
166.49 284.11 245.84 2282.6 907.03 579.3
882.1 1271.91 1850.73 2894.84 3123.85 2191.42
679.98 889.27 1146.67 1982.01 2729.44 2551.13
793.52 1146.12 1665.02 2999.35 2614.91 1750.24
324.34 528.31 561.29 4157.99 1518.52 916.69
374.48 469.67 592.89 999.06 1436.42 1347.04
277.26 340.22 418.86 628.55 856.61 813.37
646.31 973.19 1396.5 3628.35 2191.42 1247.24
670.05 877.17 1127.93 1974.29 2703.16 2526.28
345.45 440.82 566.66 864.38 1122.15 1008.38
108.01 240.67 117.55 4763.92 1058.61 485.21
869.44 1231.25 1749.64 2658.04 2920.49 2282.39
240.82 588.48 145.79 5361.54 1258.14 542.61
521.36 667.5 856.67 1480.19 2151.62 2014.41
738.73 1027.79 1413.03 2360.79 2368.87 1883.16
748.72 982.26 1276.49 2046.69 2859.22 2680.46
328.13 451.38 522.15 1671.39 1308.73 1113.19
512.16 672.3 838.23 1746.11 2021.45 1859.75
294.76 406.55 446.61 1741.74 1275.67 1059.15
697.89 976.46 1315.81 2615.39 2601.7 2010.11
129.05 139.37 152.31 190.64 231.35 223.1
454.69 677.66 699.94 3613.69 2025.65 1590.41
560.16 809.77 851.88 3244.56 2249.79 1883.7
395.92 596.63 659.67 3042.71 1975.24 1573.82
649.41 871.97 1168.59 1842.68 2426.27 2123.28
252.91 305.95 374.6 600.88 844.54 794.75
877.58 1237.31 1827.23 2992.85 2664.3 1717.03
640.79 839.62 1095.21 1809.01 2501.82 2302.49
536.08 719.9 874.04 2302.3 2352.06 2111.68
722.87 1006.02 1431.94 2468.53 2600.8 1859.51
655.8 879.03 1090.46 2231.56 2644.31 2416.24
604.4 813.38 997.89 2307.43 2409.8 2164.09
514.74 675.18 882.77 1387.46 1785.29 1591.87
582.23 807.04 1084.9 2052.99 2102.5 1741.65
484.57 686.89 772.43 2727.4 2200.16 1890.22
196.05 354.34 271.38 4187.56 1141.24 716.01
753.84 1030.56 1442.95 2429.27 2854.15 2228.04
708.27 939.03 1198.57 2261.17 2774.59 2563.29
741.79 1023.84 1379.25 2441.45 2493.96 2073.39
568.1 737.05 945.22 1539.39 2102.04 1976.28
375.19 586.16 587.6 3526.59 1926.5 1456.68
367.51 462.52 581.19 897.63 1241.81 1176.56
655.2 877.05 1182.41 1905.08 2554.81 2185.13
573.87 742.3 953.44 1578.81 2242.87 2108.29
741.9 975.23 1260.71 2112.65 2843.57 2660.77
909.63 1302.25 1850.59 2936.39 2904.6 1964.31
677.86 884.11 1140.81 1924.47 2718.29 2550.82
962.0 1398.0 2014.0 3173.0 2939.0 1816.0
69.0 191.5 59.0 4653.5 930.0 346.0
134.0 394.5 95.5 5146.0 1087.0 409.5
969.0 1403.0 2079.0 3181.0 3518.0 2279.0
155.0 368.0 123.0 5163.0 1156.0 447.0
89.8 263.8 87.2 4769.8 1060.5 381.0
971.0 1390.0 2115.5 3245.0 2879.5 1707.0
122.0 299.0 89.0 4632.0 914.0 354.0
72.0 203.8 71.8 4231.5 957.5 341.5
907.5 1325.5 2047.5 3151.5 2757.0 1579.5
948.0 1357.0 1978.0 3155.0 2462.0 1531.0
56.8 180.8 53.0 4412.8 873.5 325.0
119.5 322.5 80.5 4825.8 970.8 371.8
948.0 1376.0 2046.0 3146.0 2970.0 1921.0
911.0 1341.0 1922.0 3127.8 2196.5 1320.8
985.0 1493.5 2276.8 3372.5 3183.8 2033.8
76.2 218.5 55.5 4643.8 764.8 282.8
962.5 1390.0 1954.5 3151.5 2480.0 1527.0
959.5 1435.2 2145.2 3160.2 2832.8 1787.8
88.5 243.0 63.5 4918.0 903.5 321.0
978.0 1422.0 2105.0 3266.0 3199.0 2037.0
79.2 209.2 66.0 4931.0 970.2 374.0
222.2 574.0 104.8 5481.0 1198.8 463.2
992.0 1434.0 2127.0 3253.0 3849.0 2515.0
980.5 1432.2 2016.0 3245.2 2807.8 1800.2
966.0 1422.0 2112.0 3259.5 3477.0 2237.5
109.2 304.0 68.8 5231.2 1052.0 412.0
978.0 1434.0 2220.0 3640.0 4073.0 2397.0
81.5 229.5 75.0 4588.5 1023.0 369.5
937.0 1353.0 2081.0 3198.0 2826.0 1629.0
924.0 1316.0 1970.0 3207.0 2671.0 1584.0
102.5 315.2 89.5 4914.0 1200.8 467.0
980.0 1467.0 2194.0 3388.8 3736.5 2446.5
955.0 1376.0 2056.0 3368.0 3193.0 1885.0
977.5 1462.0 2197.0 3231.5 2940.0 1846.5
939.0 1381.8 2053.5 3176.2 3230.8 2074.0
265.0 540.0 222.0 5608.0 1151.0 427.0
83.0 265.0 84.5 4714.5 1156.5 420.5
245.0 494.0 207.0 5231.5 1090.0 397.0
304.0 635.0 236.5 5868.5 1229.5 464.5
138.0 335.0 114.0 4964.0 1063.0 407.0
53.8 244.8 74.8 4340.2 1057.2 381.2
619.0 799.0 1032.0 1800.0 2627.0 2458.0
688.0 897.0 1159.0 1935.0 2759.0 2592.0
756.0 989.0 1280.0 2056.0 2900.0 2740.0
100.0 100.0 100.0 100.0 100.0 100.0
