0.2091
0.9038
0.1667
0.9563
0.4166
0.1461
0.6187
0.1083
0.4408
0.6151
0.7177
0.6019
0.2339
0.09
0.3979
0.7481
0.5001
0.8289
0.3696
0.1479
0.721
0.712
0.7016
0.9099
0.4193
0.1457
0.1688
0.002
0.3852
0.512
0.7692
0.7029
0.4082
0.2754
0.2045
0.5307
0.2162
0.1584
0.1217
0.5424
0.9692
0.763
0.6323
0.4256
0.8251
0.4757
0.8393
0.3138
0.5289
0.8331
0.0838
0.3707
0.6648
0.6153
0.9759
0.0926
0.5183
0.5136
0.2819
0.2329
0.7722
0.3279
0.4684
0.9263
0.2884
0.4303
0.3875
0.0579
0.1826
0.3553
0.3105
0.0608
0.1395
0.3568
0.6683
0.8837
0.4045
0.803
0.3586
0.1226
0.0601
0.1224
0.1012
0.5949
0.438
0.8569
0.6337
0.8031
0.9899
0.9652
0.587
0.398
0.0812
0.1316
0.1232
0.8287
0.0151
0.0441
0.5832
0.5798
0.1323
0.6983
0.3124
0.9185
0.1822
0.5344
0.895
0.027
0.7615
0.0605
0.7309
0.52
0.9943
0.823
0.1639
0.6265
0.0695
0.1749
0.5194
0.9346
0.9339
0.8302
0.9799
0.6931
0.1674
0.5989
0.6972
0.8264
0.1799
0.6772
0.3257
0.5204
0.1833
0.4986
0.699
0.9897
0.918
0.5531
0.1688
0.2373
0.6075
0.3274
0.1833
0.5232
0.1166
0.2374
0.0017
0.9898
0.4532
0.9968
0.5572
0.4102
0.8511
0.4181
0.8337
0.8534
0.4278
0.4683
0.4793
0.2508
0.466
0.6297
0.6753
0.4918
0.8388
0.8032
0.3737
0.7206
0.8743
0.7401
0.0046
0.4652
0.4329
0.4717
0.8886
0.0595
0.5946
0.3606
0.5664
0.9532
0.4861
0.722
0.6678
0.929
0.0247
0.4138
0.7449
0.5076
0.1034
0.1803
0.8871
0.6004
0.8664
0.398
0.92
0.2723
0.5942
0.2496
0.1953
0.4425
0.4356
0.1242
0.062
0.5851
0.472
0.6728
0.9566
0.786
0.7418
0.0168
0.3638
0.9849
0.8528
0.5437
0.2401
0.2587
0.5162
0.4699
0.0986
0.1565
0.3173
0.3168
0.2913
0.0964
0.0162
0.3976
0.4132
0.1854
0.4379
0.986
0.6288
0.2448
0.6051
0.9942
0.4755
0.3974
0.7215
0.1937
0.4495
0.5287
0.4672
0.581
0.7313
0.5032
0.4011
0.3151
0.4807
0.7735
0.5002
0.6723
0.7998
0.4602
0.33
0.8364
0.493
0.8765
0.3108
0.8356
0.171
0.1109
0.242
0.3034
0.3389
0.247
0.846
0.4488
0.4246
0.5951
0.5983
0.499
0.4886
0.3405
0.191
0.6237
0.9745
0.1702
0.3126
0.7797
0.5257
0.5265
0.1533
0.5971
0.1618
0.0004
0.1847
0.7341
0.1863
0.4208
0.2218
0.1261
0.7716
0.5373
0.9422
0.7444
0.253
0.805
0.0068
0.9528
0.8793
0.3308
0.1725
0.7668
0.5993
0.0388
0.6709
0.9903
0.3431
0.3606
0.0954
0.7245
0.2391
0.9046
0.9909
0.5771
0.1842
0.9388
0.39
0.491
0.8923
0.6603
0.4756
0.7236
0.7826
0.8889
0.4571
0.3153
0.2428
0.6903
0.6865
0.583
0.6656
0.3743
0.1252
0.2808
0.2033
0.7478
0.3258
0.062
0.6485
0.8346
0.8987
0.2366
0.2834
0.2716
0.9547
0.6226
0.1108
0.6035
0.6046
0.6557
0.4822
0.225
0.5498
0.5961
0.5448
0.1755
0.0831
0.9685
0.2003
0.7642
0.0445
0.3741
0.8429
0.8462
0.3263
0.6369
0.046
0.3029
0.5512
0.2041
0.4635
0.2353
0.9971
0.1598
0.0274
0.0307
0.1509
0.1413
0.3415
0.8525
0.4037
0.6824
0.1815
0.612
0.502
0.4402
0.2596
0.8738
0.8193
0.4689
0.4048
0.802
0.8771
0.568
0.6945
0.5043
0.3185
0.3961
0.8667
0.3631
0.5951
0.2638
0.9037
0.1853
0.002
0.0923
0.0411
0.592
0.6338
0.299
0.0147
0.5975
0.7222
0.3222
0.8838
0.1856
0.9545
0.7423
0.2171
0.6713
0.8705
0.355
0.1157
0.5868
0.5325
0.4805
0.0036
0.3207
0.6072
0.303
0.3019
0.8905
0.3227
0.3691
0.7791
0.6099
0.0168
0.9708
0.5586
0.2918
0.4529
0.2357
0.6606
0.1331
0.5786
0.0388
0.4221
0.346
0.4397
0.0377
0.1272
0.1889
0.7811
0.3618
0.7468
0.2708
0.3776
0.7187
0.5681
0.959
0.1601
0.1249
0.4771
0.0098
0.3143
0.4802
0.8633
0.7665
0.2311
0.7613
0.5898
0.093
0.1676
0.0232
0.3193
0.7241
0.1834
0.6982
0.3688
0.5997
0.4324
0.2556
0.9984
0.0258
0.1334
0.9643
0.9963
0.0893
0.7088
0.4719
0.3725
0.9876
0.318
0.0638
0.4852
0.1874
0.8434
0.4229
0.5201
0.5207
0.4132
0.8622
0.1833
0.8616
0.6798
0.8047
0.7268
0.3712
0.187
0.5571
0.2848
0.8437
0.7019
0.477
0.0877
0.5728
0.7104
0.3514
0.0296
0.0511
0.982
0.6788
0.9658
0.1344
0.2659
0.5346
0.9711
0.2759
0.5109
0.9383
0.2291
0.3382
0.4364
0.3178
0.862
0.0892
0.2452
0.0444
0.5545
0.5303
0.3573
0.7725
0.7672
0.5554
0.4988
0.0826
0.1063
0.5904
0.432
0.8977
0.8709
0.1336
0.8622
0.5677
0.1621
0.0517
0.1455
0.8434
0.0782
0.3198
0.2083
0.9035
0.916
0.5714
0.1188
0.4857
0.3939
0.7859
0.8148
0.6536
0.8221
0.9647
0.2421
0.531
0.5756
0.3755
0.5375
0.0604
0.034
0.1326
0.7553
0.7595
0.461
0.7102
0.7431
0.3569
0.6758
0.0327
0.4714
0.1524
0.1613
0.0588
0.323
0.9412
0.2467
0.9441
0.0537
0.1669
0.4445
0.3633
0.1573
0.6574
0.1631
0.1332
0.7112
0.6164
0.1942
0.4224
0.1756
0.369
0.833
0.8711
0.3136
0.7898
0.1103
0.361
0.0155
0.2272
0.0646
0.2485
0.4426
0.2364
0.4322
0.5033
0.9593
0.7763
0.4858
0.6138
0.1513
0.1048
0.1193
0.4052
0.7337
0.8461
0.2016
0.8959
0.6684
0.744
0.4036
0.3897
0.8612
0.9092
0.7047
0.6954
0.4706
0.0543
0.8654
0.3317
0.0352
0.8254
0.214
0.3774
0.1316
0.6394
0.738
0.3244
0.1793
0.3411
0.2219
0.7046
0.6587
0.14
0.7561
0.0258
0.2656
0.7835
0.3612
0.3108
0.5805
0.5233
0.013
0.8695
0.7074
0.4285
0.709
0.7145
0.9281
0.4798
0.6776
0.9683
0.9078
0.8992
0.1825
0.176
0.0188
0.4924
0.7734
0.1509
0.2907
0.1605
0.5239
0.782
0.3695
0.3442
0.2548
0.8914
0.4964
0.3057
0.3437
0.9107
0.3231
0.9876
0.6286
0.3626
0.2599
0.0146
0.3973
0.1589
0.5664
0.2011
0.6945
0.575
0.7124
0.6104
0.0887
0.3085
0.5104
0.7789
0.5981
0.005
0.0192
0.9591
0.2643
0.7249
0.885
0.1853
0.4004
0.1614
0.624
0.7258
0.0063
0.4688
0.963
0.0803
0.2364
0.973
0.4978
0.9075
0.3517
0.5597
0.5176
0.7239
0.9446
0.8877
0.485
0.5888
0.7627
0.7055
0.7237
0.2907
0.3119
0.4529
0.1393
0.5092
0.0655
0.3056
0.6295
0.0319
0.3908
0.96
0.2667
0.1079
0.0889
0.1373
0.016
0.7646
0.2267
0.3954
0.6717
0.8427
0.9345
0.3496
0.5349
0.4451
0.3441
0.7009
0.0573
0.9403
0.9899
0.0951
0.9833
0.5484
0.5687
0.9459
0.7913
0.1139
0.2099
0.614
0.1785
0.0335
0.2191
0.8441
0.1305
0.9053
0.3046
0.8665
0.3785
0.3934
0.4351
0.1379
0.6667
0.637
0.9054
0.8163
0.7316
0.1111
0.6554
0.8868
0.4764
0.1897
0.0403
0.476
0.3415
0.3216
0.785
0.1336
0.35
0.6531
0.4381
0.8911
0.3294
0.3033
0.4985
0.845
0.17
0.3657
0.568
0.696
0.5973
0.5889
0.5774
0.9826
0.2019
0.4441
0.6236
0.8797
0.975
0.788
0.7681
0.7129
0.0953
0.5662
0.8493
0.9752
0.1342
0.5528
0.0046
0.9876
0.5357
0.3339
0.5365
0.1841
0.9691
0.0158
0.2736
0.7601
0.4096
0.2959
0.307
0.3988
0.7139
0.1902
0.0023
0.1065
0.0007
0.3468
0.9227
0.9318
0.7134
0.0943
0.1035
0.3776
0.4696
0.7605
0.5659
0.9971
0.8337
0.2502
0.8132
0.8969
0.2363
0.273
0.6554
0.9365
0.7265
0.4203
0.8091
0.838
0.1496
0.0852
0.1295
0.3285
0.4913
0.3182
0.2334
0.1719
0.606
0.573
0.0361
0.5909
0.319
0.3
0.3153
0.125
0.1083
0.8215
0.5251
0.7791
0.7766
0.0298
0.8062
0.0394
0.6359
0.5376
0.3281
0.9978
0.4596
0.0973
0.072
0.0507
0.8891
0.0614
0.9111
0.7199
0.9122
0.6722
0.2262
0.2597
0.2452
0.4697
0.2249
0.5745
0.3569
0.1135
0.6033
0.46
0.4885
0.7746
0.6462
0.7306
0.741
0.3583
0.1834
0.6885
0.6142
0.7263
0.5839
0.2839
0.343
0.9479
0.4058
0.9995
0.9375
0.0187
0.6644
0.2418
0.606
0.4542
0.0048
0.3073
0.8248
0.5379
0.8426
0.7644
0.9459
0.2114
0.4215
0.3959
0.4727
0.8558
0.8894
0.21
0.9693
0.271
0.401
0.7444
0.2793
0.4728
0.5872
0.3972
0.348
0.4593
0.663
0.9422
0.9413
0.4432
0.6421
0.5817
0.5697
0.9527
0.5996
0.2814
0.2215
0.7755
0.0885
0.0345
0.1519
0.78
0.2093
0.2981
0.0
1.0
1.0
0.0
1.0
1.0
0.0
1.0
1.0
0.0
0.0
1.0
1.0
0.0
0.0
0.0
1.0
0.0
0.0
1.0
0.0
1.0
1.0
0.0
0.0
0.0
1.0
0.0
1.0
0.0
0.0
1.0
0.0
0.0
0.0
0.0
1.0
1.0
1.0
1.0
1.0
1.0
0.0
0.0
0.0
0.0
