0.8582
0.1981
0.6591
0.0621
0.6231
0.2266
0.2613
0.8339
0.7984
0.8479
0.8071
0.5776
0.1826
0.964
0.1347
0.6591
0.4795
0.0061
0.175
0.1533
0.3444
0.5944
0.3048
0.7946
0.4694
0.944
0.5188
0.6014
0.0112
0.7158
0.839
0.107
0.0765
0.5471
0.6851
0.0501
0.4739
0.1186
0.2146
0.3781
0.1859
0.188
0.2921
0.8012
0.17
0.267
0.7197
0.6564
0.9024
0.557
0.8855
0.0092
0.7474
0.6607
0.6398
0.621
0.1497
0.2209
0.9349
0.8756
0.7765
0.1644
0.488
0.1694
0.6299
0.3613
0.5614
0.93
0.524
0.4247
0.7512
0.7306
0.775
0.633
0.9182
0.7967
0.3522
0.0749
0.1056
0.5028
0.0546
0.1044
0.5831
0.3266
0.3161
0.6793
0.8326
0.4772
0.788
0.2566
0.5797
0.2379
0.4499
0.4721
0.2318
0.7847
0.723
0.3371
0.9858
0.2888
0.4802
0.5506
0.0618
0.1838
0.5608
0.9813
0.3541
0.2679
0.2983
0.796
0.7869
0.5737
0.4629
0.8374
0.3155
0.9373
0.1797
0.1584
0.9394
0.5575
0.7287
0.2731
0.022
0.8407
0.4055
0.7756
0.4581
0.2632
0.5596
0.3929
0.346
0.5648
0.6038
0.6837
0.8574
0.4302
0.9655
0.8003
0.9036
0.6514
0.9625
0.4063
0.2705
0.7757
0.3682
0.5585
0.9595
0.7793
0.2335
0.8313
0.2543
0.4676
0.5454
0.1562
0.5798
0.1392
0.3658
0.0343
0.1281
0.6867
0.5471
0.8377
0.6908
0.3167
0.3958
0.5677
0.0008
0.3157
0.6428
0.8618
0.3419
0.9207
0.5472
0.198
0.9871
0.6752
0.7681
0.3143
0.466
0.7794
0.5895
0.4965
0.9942
0.4755
0.3525
0.8454
0.4716
0.2445
0.7022
0.0431
0.5415
0.2942
0.2743
0.8681
0.3683
0.9294
0.8254
0.4034
0.8553
0.682
0.3611
0.2695
0.8183
0.7194
0.1202
0.5085
0.4669
0.9536
0.7281
0.1231
0.9932
0.2585
0.049
0.4174
0.5563
0.4204
0.5774
0.6624
0.4307
0.0585
0.702
0.0542
0.4335
0.8539
0.031
0.2626
0.5881
0.5828
0.4528
0.9834
0.4266
0.2157
0.8474
0.6842
0.6742
0.0241
0.5504
0.4202
0.8481
0.2075
0.281
0.8969
0.6347
0.6643
0.7317
0.6941
0.3659
0.6121
0.2445
0.0997
0.5818
0.6051
0.8678
0.7639
0.3156
0.768
0.5779
0.1455
0.3244
0.6346
0.7784
0.9018
0.9048
0.3371
0.2377
0.6151
0.812
0.0886
0.9802
0.5505
0.0557
0.6674
0.9035
0.5987
0.9063
0.0258
0.8185
0.9852
0.1009
0.6063
0.5821
0.4363
0.1961
0.4109
0.2801
0.8364
0.2659
0.5739
0.0
0.0007
0.753
0.6589
0.0691
0.877
0.2272
0.6869
0.4702
0.3194
0.588
0.623
0.8777
0.5404
0.8056
0.9342
0.094
0.2575
0.5233
0.7094
0.3238
0.8215
0.9821
0.8515
0.0369
0.2816
0.2132
0.8964
0.6531
0.6575
0.592
0.1526
0.7341
0.0828
0.9446
0.8256
0.7727
0.0658
0.2575
0.6423
0.6554
0.5629
0.1594
0.8887
0.8746
0.789
0.4871
0.5002
0.0442
0.4293
0.7136
0.2432
0.0081
0.4241
0.6183
0.648
0.306
0.5633
0.7312
0.1798
0.0186
0.2022
0.8319
0.2768
0.5469
0.7981
0.7943
0.4707
0.0922
0.3443
0.9517
0.5269
0.3962
0.5833
0.5339
0.3663
0.9483
0.6388
0.3311
0.5883
0.5051
0.8729
0.664
0.6035
0.7618
0.6484
0.2771
0.9275
0.0202
0.3845
0.6042
0.6429
0.4526
0.2596
0.3401
0.0645
0.0792
0.7888
0.4921
0.4119
0.9337
0.1874
0.1721
0.6995
0.3607
0.8747
0.6969
0.0737
0.4486
0.0567
0.2579
0.9383
0.9702
0.7803
0.2136
0.6098
0.8668
0.3682
0.6222
0.253
0.7947
0.9167
0.1224
0.7443
0.3855
0.7723
0.456
0.508
0.2691
0.5306
0.692
0.6008
0.0033
0.9485
0.4299
0.7667
0.9007
0.1758
0.1191
0.0482
0.2543
0.9267
0.6106
0.8904
0.9448
0.303
0.0183
0.3571
0.0792
0.6533
0.7357
0.0868
0.0439
0.4236
0.0174
0.2532
0.9882
0.4006
0.7126
0.1442
0.0796
0.0502
0.74
0.8783
0.0662
0.371
0.5494
0.5504
0.9943
0.7665
0.3724
0.4648
0.2256
0.3191
0.7464
0.0879
0.4638
0.4478
0.2289
0.1485
0.5506
0.6699
0.0438
0.2792
0.6676
0.6331
0.4436
0.8195
0.9006
0.8235
0.0137
0.0703
0.8019
0.0406
0.2175
0.0685
0.8432
0.6665
0.0041
0.0915
0.2066
0.058
0.4068
0.1023
0.6718
0.6715
0.9439
0.2282
0.1782
0.6941
0.4443
0.7975
0.3909
0.9715
0.3543
0.0855
0.5928
0.3725
0.2066
0.667
0.1787
0.3134
0.1362
0.2947
0.1211
0.0279
0.3154
0.4852
0.9797
0.0678
0.0646
0.8871
0.5245
0.6947
0.5587
0.5992
0.0435
0.232
0.3014
0.163
0.1872
0.0063
0.2254
0.1967
0.584
0.5118
0.577
0.6098
0.0879
0.4419
0.7926
0.1938
0.8852
0.6551
0.8663
0.9481
0.3065
0.3612
0.0325
0.7879
0.998
0.866
0.2463
0.6256
0.9237
0.3686
0.8114
0.5576
0.6708
0.6676
0.0148
0.5981
0.6013
0.5431
0.2913
0.0332
0.2515
0.0506
0.327
0.2924
0.7037
0.3879
0.0584
0.6522
0.7194
0.3707
0.0017
0.4218
0.4336
0.4458
0.385
0.15
0.2607
0.6024
0.7808
0.4441
0.6734
0.6996
0.8099
0.562
0.2038
0.7248
0.0823
0.1599
0.2139
0.398
0.1831
0.8804
0.895
0.0291
0.5084
0.9698
0.9631
0.3867
0.6681
0.1993
0.0437
0.1519
0.2404
0.5845
0.5279
0.7218
0.8369
0.01
0.2769
0.6914
0.9544
0.6889
0.9087
0.7487
0.262
0.7037
0.0195
0.659
0.8728
0.0633
0.6035
0.5019
0.7627
0.4167
0.9849
0.8098
0.5834
0.5472
0.3499
0.6728
0.2201
0.2376
0.8712
0.0979
0.5499
0.4473
0.418
0.2929
0.973
0.2997
0.9965
0.0857
0.3407
0.7341
0.0828
0.3649
0.0211
0.2874
0.9927
0.5666
0.3098
0.6044
0.7754
0.0639
0.6133
0.6826
0.5467
0.8347
0.3307
0.7113
0.146
0.5641
0.9066
0.2475
0.8422
0.2463
0.7543
0.2203
0.4024
0.8504
0.758
0.2672
0.9217
0.6661
0.6189
0.5084
0.6669
0.315
0.4306
0.2632
0.0916
0.3105
0.6798
0.2623
0.2536
0.8783
0.9231
0.7845
0.5512
0.0729
0.2594
0.0103
0.8236
0.8286
0.4148
0.2423
0.3757
0.9269
0.4007
0.1297
0.918
0.6914
0.9413
0.7423
0.6307
0.9789
0.5689
0.6588
0.6037
0.7528
0.6635
0.9207
0.6464
0.3984
0.8977
0.709
0.9781
0.6335
0.4353
0.2973
0.6062
0.4721
0.2433
0.0985
0.0643
0.5212
0.1172
0.7822
0.1878
0.9327
0.8535
0.5886
0.9246
0.3983
0.7104
0.9705
0.6252
0.7077
0.1437
0.4328
0.0642
0.5299
0.4943
0.2386
0.8394
0.5545
0.1824
0.7646
0.4598
0.8895
0.565
0.2933
0.3495
0.3106
0.0465
0.0991
0.5144
0.7286
0.1462
0.2636
0.1259
0.8317
0.8994
0.8422
0.4711
0.2817
0.295
0.54
0.2854
0.7471
0.9317
0.0924
0.5033
0.9398
0.8947
0.3744
0.291
0.8319
0.1457
0.4826
0.3526
0.9854
0.1962
0.9761
0.597
0.1959
0.2193
0.1928
0.2074
0.5508
0.4804
0.0778
0.4198
0.852
0.2175
0.4247
0.4239
0.64
0.9044
0.579
0.0789
0.1949
0.5433
0.5744
0.2536
0.3245
0.7131
0.0898
0.7075
0.6623
0.1608
0.2868
0.5393
0.8768
0.7902
0.2158
0.2254
0.048
0.3528
0.0289
0.7419
0.6938
0.4255
0.2664
0.1967
0.9737
0.1876
0.4939
0.3274
0.1608
0.6415
0.1398
0.6899
0.4003
0.3811
0.058
0.3067
0.1176
0.6177
0.0633
0.1532
0.6079
0.8269
0.3758
0.2508
0.7527
0.3878
0.652
0.0272
0.6726
0.6327
0.7477
0.6513
0.1721
0.1741
0.3767
0.5298
0.0655
0.5264
0.1662
0.5878
0.7833
0.1808
0.2191
0.3399
0.2018
0.5924
0.6066
0.6048
0.9671
0.0558
0.6372
0.4701
0.2493
0.1006
0.6117
0.8904
0.6117
0.4555
0.9418
0.2626
0.8456
0.5306
0.0224
0.4776
0.7914
0.3083
0.4885
0.4372
0.2618
0.7382
0.8282
0.8992
0.5624
0.6642
0.3261
0.2482
0.5871
0.7951
0.9845
0.789
0.0117
0.7798
0.7335
0.5907
0.0236
0.9454
0.3653
0.4554
0.3407
0.3086
0.6826
0.2516
0.7166
0.0028
0.0753
0.888
0.6678
0.0423
0.7254
0.8483
0.7762
0.1912
0.4305
0.3953
0.5375
0.4333
0.965
0.0551
0.3035
0.4956
0.2913
0.0801
0.4482
0.5649
0.5938
0.4662
0.8126
0.9921
0.4473
0.1634
0.6423
0.1637
0.5622
0.6056
0.8969
0.9295
0.4257
0.0923
0.3441
0.862
0.1112
0.0722
0.569
0.328
0.4888
0.1514
0.8448
0.8343
0.2332
0.2261
0.1141
0.7389
0.26
0.0165
0.8494
0.4596
0.5484
0.4969
0.9282
0.2095
0.0652
0.0086
0.1608
0.3319
0.6826
0.3543
0.0551
0.268
0.2185
0.4159
0.5033
0.0227
0.1726
0.7475
0.7615
0.2405
0.5959
0.4535
0.7393
0.4072
0.8083
0.1872
0.8441
0.4293
0.9283
0.0
0.0
0.0
0.0
0.0
0.0
0.0
0.0
0.0
0.0
0.0
0.0
0.0
0.0
0.0
0.0
0.0
0.0
0.0
0.0
0.0
0.0
0.0
0.0
0.0
0.0
0.0
0.0
0.0
0.0
0.0
0.0
0.0
0.0
0.0
0.0
0.0
0.0
0.0
0.0
0.0
0.0
1.0
1.0
1.0
0.0
