0.175
0.8761
0.159
0.4065
0.8497
0.5759
0.5833
0.6933
0.3535
0.0503
0.8386
0.6286
0.7582
0.4178
0.2792
0.425
0.6373
0.0968
0.8587
0.2797
0.2374
0.7467
0.2433
0.9299
0.6077
0.6173
0.485
0.0109
0.3101
0.4032
0.3638
0.4554
0.5601
0.7506
0.6449
0.926
0.0617
0.3292
0.7844
0.2816
0.8799
0.3508
0.7183
0.1026
0.4875
0.0673
0.7022
0.9641
0.2511
0.6617
0.7409
0.1621
0.6953
0.1863
0.1112
0.2783
0.3266
0.2274
0.1067
0.32
0.0734
0.9081
0.3361
0.2044
0.7152
0.9797
0.3109
0.4504
0.8655
0.9954
0.8237
0.6026
0.4627
0.2831
0.4428
0.1015
0.6525
0.0117
0.1518
0.7357
0.668
0.1178
0.4991
0.8779
0.762
0.3036
0.3759
0.9566
0.0344
0.1997
0.7708
0.3325
0.6176
0.0788
0.0164
0.5582
0.1397
0.6603
0.1302
0.2111
0.4633
0.9544
0.5311
0.5524
0.3624
0.8754
0.9218
0.1891
0.8104
0.0942
0.4449
0.0547
0.2671
0.6882
0.0292
0.5054
0.0348
0.5793
0.4451
0.2155
0.8559
0.7761
0.7272
0.9696
0.0225
0.2591
0.5362
0.0753
0.3721
0.7753
0.4052
0.9806
0.113
0.4368
0.6043
0.9456
0.3464
0.3581
0.9235
0.5548
0.1145
0.5383
0.5129
0.1497
0.8117
0.321
0.2095
0.4191
0.153
0.1431
0.2299
0.3939
0.332
0.9769
0.4048
0.2468
0.8744
0.0168
0.7073
0.654
0.0393
0.2097
0.6528
0.4147
0.0993
0.5128
0.7207
0.1993
0.7812
0.3902
0.3122
0.2668
0.966
0.3338
0.5332
0.4224
0.4334
0.9754
0.4824
0.8762
0.5531
0.6328
0.2359
0.1848
0.5952
0.0938
0.1756
0.603
0.8433
0.0855
0.5947
0.4984
0.2282
0.2792
0.5956
0.6399
0.604
0.6728
0.8816
0.0387
0.7147
0.0268
0.0267
0.9239
0.883
0.5874
0.8735
0.965
0.3118
0.5004
0.4931
0.8128
0.8159
0.0331
0.9062
0.4148
0.595
0.1017
0.7271
0.6163
0.416
0.7428
0.2353
0.1268
0.6928
0.8148
0.1419
0.5738
0.3694
0.0455
0.4431
0.7474
0.3116
0.6022
0.4302
0.2203
0.1566
0.2068
0.1404
0.1674
0.9222
0.4043
0.306
0.6442
0.279
0.0592
0.5109
0.5813
0.8957
0.3949
0.1044
0.6678
0.8362
0.0368
0.9253
0.9828
0.655
0.9404
0.2706
0.4064
0.361
0.5363
0.26
0.7776
0.0904
0.5946
0.0954
0.6128
0.5123
0.168
0.5575
0.275
0.2919
0.4144
0.9327
0.9193
0.4566
0.4477
0.8573
0.1809
0.0796
0.6171
0.8439
0.0735
0.6525
0.9828
0.3444
0.7509
0.1665
0.7208
0.3379
0.2142
0.9453
0.2871
0.0585
0.2139
0.947
0.6814
0.4261
0.6917
0.9899
0.3111
0.5707
0.8411
0.7561
0.8377
0.2814
0.2361
0.0281
0.4398
0.9256
0.5454
0.7027
0.6576
0.5353
0.687
0.6288
0.4826
0.5122
0.4026
0.4885
0.103
0.7575
0.0796
0.7147
0.0197
0.2479
0.946
0.7338
0.357
0.0706
0.5093
0.7171
0.4512
0.7562
0.7281
0.5957
0.5918
0.3288
0.6383
0.1308
0.8031
0.6782
0.8428
0.866
0.8929
0.4313
0.4946
0.8472
0.0148
0.8995
0.6527
0.7786
0.7037
0.332
0.0523
0.7981
0.4069
0.8754
0.4415
0.1393
0.8238
0.0886
0.4945
0.8655
0.4492
0.7897
0.578
0.61
0.7738
0.5302
0.5997
0.3375
0.4212
0.0818
0.6169
0.1055
0.8559
0.5513
0.8202
0.4641
0.3697
0.3406
0.1927
0.9308
0.4318
0.1676
0.6841
0.0743
0.777
0.5665
0.2378
0.9623
0.8351
0.6405
0.8036
0.5794
0.0698
0.8356
0.5109
0.8638
0.5306
0.8632
0.5274
0.4097
0.1931
0.3662
0.0735
0.2656
0.0403
0.6492
0.0119
0.9507
0.9262
0.7144
0.8012
0.2648
0.4095
0.5488
0.103
0.7287
0.8203
0.9506
0.0526
0.4372
0.3231
0.3002
0.1419
0.8047
0.9136
0.701
0.5736
0.8261
0.137
0.3188
0.8358
0.3732
0.4491
0.5111
0.1968
0.4361
0.606
0.6954
0.634
0.0738
0.0275
0.3262
0.564
0.6485
0.0169
0.6725
0.8743
0.8859
0.9932
0.2549
0.9568
0.4529
0.0496
0.9331
0.8105
0.6409
0.3028
0.715
0.3303
0.8768
0.6015
0.1167
0.9536
0.0911
0.5538
0.1743
0.3292
0.2974
0.0784
0.624
0.5065
0.4901
0.9071
0.1441
0.4655
0.4074
0.1057
0.7955
0.0611
0.9897
0.3272
0.7875
0.8279
0.257
0.9732
0.7114
0.8643
0.0418
0.0562
0.6118
0.6564
0.3183
0.2543
0.0783
0.1323
0.8267
0.8404
0.713
0.0288
0.9088
0.5215
0.7234
0.6368
0.9839
0.9317
0.7868
0.3814
0.1029
0.5286
0.2489
0.1883
0.1684
0.8599
0.4703
0.5812
0.0122
0.9055
0.0343
0.6488
0.9157
0.3184
0.7287
0.2528
0.4562
0.0389
0.8488
0.8428
0.4037
0.1128
0.8436
0.2864
0.7286
0.7235
0.3169
0.9884
0.9982
0.0759
0.7579
0.647
0.1852
0.646
0.2582
0.6289
0.7181
0.668
0.3764
0.8828
0.0266
0.2378
0.4373
0.2985
0.3796
0.5675
0.0274
0.7752
0.7387
0.5045
0.6407
0.4276
0.3277
0.3869
0.6522
0.5688
0.257
0.9271
0.8843
0.0971
0.7238
0.443
0.2674
0.7061
0.1991
0.0844
0.6988
0.8506
0.934
0.5658
0.1765
0.1489
0.3666
0.9512
0.5988
0.9119
0.1818
0.8548
0.7896
0.9687
0.8089
0.6404
0.9926
0.3322
0.265
0.89
0.1954
0.4612
0.8852
0.0264
0.4734
0.3711
0.2337
0.4358
0.0973
0.6804
0.1369
0.1601
0.2683
0.2904
0.4324
0.688
0.3356
0.428
0.144
0.4842
0.4826
0.3393
0.0854
0.898
0.9654
0.7857
0.4591
0.193
0.0556
0.6098
0.6144
0.996
0.6267
0.1098
0.3036
0.257
0.9106
0.6765
0.1339
0.6621
0.6253
0.5004
0.7409
0.5147
0.2769
0.7559
0.8153
0.3486
0.385
0.0044
0.1891
0.8331
0.135
0.0462
0.7383
0.4091
0.5023
0.9577
0.9991
0.2464
0.261
0.1826
0.6728
0.587
0.7212
0.0992
0.154
0.2854
0.5598
0.2866
0.3842
0.6018
0.0304
0.3186
0.2506
0.9906
0.0651
0.6872
0.7797
0.6988
0.3363
0.7135
0.6674
0.1221
0.1192
0.6986
0.9141
0.8062
0.7597
0.6311
0.8929
0.8999
0.1079
0.098
0.5592
0.9402
0.7713
0.847
0.2482
0.7818
0.1464
0.4344
0.0126
0.4478
0.0279
0.4753
0.1769
0.8555
0.8415
0.0774
0.5386
0.264
0.3416
0.7122
0.0328
0.9407
0.9505
0.7474
0.2156
0.3742
0.8555
0.6114
0.9446
0.2182
0.3473
0.1045
0.3913
0.5699
0.9196
0.5184
0.1203
0.5059
0.6108
0.6202
0.7681
0.5454
0.0797
0.9571
0.3511
0.3382
0.5988
0.3134
0.438
0.8124
0.418
0.1677
0.1954
0.542
0.5921
0.1206
0.3356
0.6759
0.2556
0.8024
0.1597
0.6228
0.6416
0.1102
0.397
0.3154
0.4431
0.9573
0.9712
0.1341
0.3443
0.6156
0.4637
0.5091
0.541
0.9544
0.9848
0.1645
0.7964
0.1168
0.3458
0.229
0.1522
0.8025
0.3446
0.322
0.258
0.9258
0.7769
0.148
0.5465
0.9731
0.8523
0.8501
0.5424
0.1592
0.1037
0.2228
0.477
0.0545
0.9291
0.4799
0.2862
0.5574
0.9473
0.4799
0.1152
0.4049
0.6244
0.5971
0.6603
0.0695
0.9395
0.2369
0.2735
0.4748
0.3051
0.8111
0.7391
0.0124
0.4189
0.8824
0.0687
0.3565
0.4642
0.8425
0.8348
0.409
0.0574
0.5465
0.8897
0.5658
0.9672
0.7838
0.3685
0.0611
0.7069
0.3563
0.0718
0.923
0.837
0.1636
0.7452
0.8705
0.9534
0.6615
0.5944
0.0373
0.5794
0.5786
0.9531
0.02
0.7432
0.4869
0.6842
0.9973
0.5218
0.3174
0.6601
0.1246
0.1567
0.0714
0.3993
0.1845
0.0736
0.2826
0.8045
0.7218
0.4943
0.7991
0.8885
0.6658
0.4941
0.6732
0.4232
0.4452
0.0599
0.6745
0.3609
0.0805
0.7864
0.1524
0.4222
0.1862
0.0761
0.0761
0.5616
0.2117
0.139
0.32
0.9019
0.2639
0.1008
0.8043
0.6844
0.9093
0.6695
0.0343
0.6251
0.9626
0.6584
0.2564
0.7956
0.5583
0.5105
0.0078
0.2311
0.8751
0.7524
0.2712
0.0733
0.6788
0.0804
0.3739
0.1052
0.2262
0.4967
0.897
0.0158
0.8106
0.8297
0.3638
0.7487
0.9907
0.4554
0.7633
0.8257
0.6929
0.9248
0.297
0.5429
0.8132
0.5374
0.42
0.6496
0.7724
0.1797
0.3
0.0097
0.1908
0.6418
0.4449
0.7906
0.9975
0.5277
0.9522
0.8834
0.7475
0.9006
0.9156
0.9136
0.9531
0.634
0.8975
0.5095
0.3598
0.731
0.8909
0.0275
0.4617
0.5557
0.6534
0.5264
0.3248
0.9169
0.1594
0.3938
0.0156
0.6114
0.0082
0.7204
0.2849
0.632
0.7201
0.3804
0.7253
0.4785
0.4488
0.602
0.0664
0.2931
0.4772
0.4926
0.6898
0.506
0.7856
0.2931
0.8628
0.7339
0.1883
0.2739
0.9174
0.1101
0.0956
0.6695
0.1201
0.8149
0.6702
0.3852
0.9874
0.5181
0.9554
0.9396
0.6907
0.5129
0.75
0.8746
0.4178
1.0
0.0
0.0
1.0
0.0
0.0
1.0
0.0
0.0
1.0
1.0
0.0
0.0
1.0
1.0
1.0
0.0
1.0
1.0
0.0
1.0
0.0
0.0
1.0
1.0
1.0
0.0
1.0
0.0
1.0
1.0
0.0
1.0
1.0
1.0
1.0
0.0
0.0
0.0
0.0
0.0
0.0
0.0
0.0
0.0
0.0
