123.33 279.73 162.2 4516.19 891.4 382.42
86.69 149.36 86.59 2064.6 507.76 214.84
734.73 1114.58 1603.43 3386.5 2345.13 1479.37
339.79 670.65 340.0 5601.39 1334.67 573.25
636.3 927.82 1232.81 3210.21 1954.61 1388.9
647.72 1009.81 1405.57 3857.12 2184.55 1280.61
748.08 1035.13 1270.14 2797.56 2549.59 2331.98
186.89 325.02 176.92 2886.27 656.37 274.4
459.38 696.99 870.75 3104.18 1861.5 1163.33
572.22 882.41 1148.52 3960.82 2167.94 1185.05
616.66 1009.88 1159.82 4211.95 2161.43 1255.5
355.14 511.61 675.22 1579.57 1106.1 796.48
646.8 991.72 1322.11 3725.76 2299.82 1315.6
370.86 621.22 685.17 3785.29 1675.35 932.5
216.72 441.79 269.88 4919.43 1284.24 579.12
588.11 813.05 960.13 2957.17 2219.29 1921.84
159.74 217.16 216.53 1385.71 511.07 364.24
105.14 119.92 100.2 326.13 146.18 115.26
104.37 196.81 85.19 2534.99 551.77 248.06
96.6 154.54 95.74 1654.93 419.82 193.57
249.08 426.53 388.14 3843.09 997.61 618.54
262.56 488.04 385.79 4528.06 1385.47 860.53
99.01 102.92 98.69 245.18 126.46 107.84
387.16 762.07 549.96 4988.32 1704.06 856.7
321.35 645.91 284.45 5635.01 1278.48 549.96
625.45 977.74 1363.25 3764.68 2186.8 1266.17
446.18 647.46 767.94 2746.21 1682.64 1360.07
254.53 380.79 365.34 2854.01 1030.93 730.63
132.41 336.24 159.58 4475.31 1182.02 492.74
318.7 534.5 481.09 3805.8 1450.09 1021.83
643.73 946.11 1144.3 3575.29 2297.46 1620.03
206.14 307.42 361.96 2027.04 840.73 629.96
103.06 118.91 101.13 491.31 177.47 124.7
98.91 272.46 105.92 4682.71 1071.08 406.72
67.38 202.24 82.21 3093.98 775.87 298.55
158.28 326.81 240.25 4317.49 1141.81 481.22
196.02 395.25 349.19 3585.24 1328.82 809.57
821.8 1080.65 1380.41 2358.17 2715.21 2549.06
395.51 640.9 494.88 3834.89 1346.53 893.09
730.74 1095.04 1442.34 3716.35 2092.15 1224.16
136.92 354.26 159.13 4807.86 1272.29 546.88
219.79 419.43 188.57 4098.71 863.01 337.4
379.37 662.6 576.63 4547.17 1366.77 655.05
641.14 906.43 1098.46 2321.27 2193.72 1996.82
444.5 658.11 749.9 3293.78 1667.55 1356.77
622.38 844.32 1056.29 2253.0 2052.49 1828.96
117.91 274.05 124.72 4725.59 955.38 401.86
617.59 945.18 1263.17 3740.42 2147.57 1294.18
91.94 142.32 86.82 1972.13 437.22 206.18
85.81 170.68 73.46 2809.99 496.5 209.02
453.64 801.96 647.52 5107.78 1750.76 967.23
61.47 251.33 87.75 4278.88 1064.87 400.74
571.41 893.92 1144.84 3779.1 2276.74 1392.12
137.99 280.41 132.94 3517.21 810.28 350.42
865.9 1204.44 1601.24 2355.88 2780.92 2633.8
703.21 949.53 1151.54 2917.78 2353.51 2127.05
826.45 1131.81 1507.12 2724.56 2552.76 2254.92
138.63 344.49 173.93 4473.68 1198.64 503.78
138.58 249.66 101.52 1798.97 446.93 214.68
683.94 1028.73 1367.44 3555.83 2132.3 1296.13
707.03 1092.15 1410.88 4168.21 2245.98 1205.93
630.15 1044.09 1216.95 4185.98 2127.44 1232.87
86.24 143.14 92.49 1363.34 385.19 183.78
100.91 178.53 96.17 1856.78 501.72 233.93
830.32 1226.15 1853.56 3333.3 2587.08 1461.89
394.87 627.92 690.95 3330.04 1566.07 1218.83
667.25 1002.69 1400.04 3841.66 2428.41 1462.03
84.64 249.1 85.99 4269.89 1054.7 389.62
221.21 314.26 289.74 2742.78 1039.74 723.4
947.5 1400.01 2059.6 3332.4 3414.2 2187.96
622.06 830.14 1016.68 2052.37 1926.28 1745.66
179.73 394.27 233.23 5073.16 1275.45 580.01
304.16 535.32 309.02 4744.45 1244.37 629.13
423.35 638.73 651.67 3540.04 1760.97 1355.27
615.73 825.61 996.67 2534.33 1877.14 1672.39
495.82 786.68 964.67 4039.48 2175.09 1282.52
609.9 816.32 1050.85 2378.05 2361.47 2160.66
524.66 839.71 777.08 4279.7 1942.27 1447.67
771.82 1163.02 1622.08 3324.65 2011.52 1168.24
173.44 300.34 279.33 2685.9 887.95 540.73
301.56 499.11 571.64 2751.84 1201.93 651.64
468.78 687.8 871.26 2849.48 1500.52 969.33
99.8 101.9 99.82 153.18 112.18 103.69
109.0 181.45 95.5 1954.83 433.15 203.96
190.85 386.1 253.12 4436.27 1073.45 481.29
86.74 169.59 78.33 3178.67 654.56 274.61
108.68 178.48 95.66 1887.2 421.0 200.17
785.65 1013.42 1168.86 2455.97 2241.73 2050.42
588.48 981.97 1050.06 4338.29 2060.39 1132.98
518.26 838.73 1044.86 4029.89 2263.62 1360.74
457.51 726.15 840.58 3604.21 1500.32 765.91
225.49 316.47 337.33 1981.06 884.69 681.15
463.93 674.83 910.54 2788.27 1647.24 1439.79
230.41 420.46 305.91 4105.28 1179.94 704.15
385.86 588.03 567.28 3564.55 1579.72 1196.55
733.26 1100.13 1425.91 3926.23 2049.82 1183.9
709.87 1040.18 1447.27 3274.51 2481.04 1651.32
620.01 831.22 1129.29 1835.32 2085.75 1663.82
449.93 751.36 887.19 4219.15 2129.89 1193.53
219.79 494.57 299.06 4935.43 1259.02 537.05
624.01 977.42 1344.75 3613.77 2556.16 1541.65
426.06 770.32 556.66 5273.75 1471.27 700.78
647.83 863.46 1073.69 2713.38 2377.37 2163.44
592.35 906.19 1157.97 3934.83 2175.79 1399.35
86.17 172.59 77.4 3311.17 678.42 282.13
616.92 931.38 1295.17 3718.16 2655.61 1636.65
81.52 192.03 65.44 3628.66 616.28 241.96
110.49 273.64 144.1 4025.07 1056.88 411.88
584.0 884.98 966.51 3427.87 1944.81 1587.86
621.66 870.68 1190.89 1832.59 1722.62 1357.23
528.47 779.04 978.01 2423.99 1797.37 1576.86
88.88 120.79 87.91 1209.72 299.03 157.89
93.07 226.38 97.74 4850.37 997.87 403.48
171.19 256.1 180.71 1688.01 486.54 283.84
539.14 737.11 1023.13 1716.43 1728.14 1602.13
405.52 572.19 786.07 1382.39 914.09 566.85
599.07 876.27 1103.8 2656.39 2113.4 1855.49
104.87 207.93 83.49 2814.69 603.66 265.07
691.01 988.47 1444.02 2344.79 2616.05 1711.13
97.96 235.36 110.5 4895.51 1011.33 404.75
252.97 501.16 202.35 4425.39 946.93 373.31
283.75 525.59 548.16 4433.71 1471.14 701.19
680.04 963.09 1365.67 2373.04 1875.72 1309.72
133.46 323.46 163.24 4170.24 1116.9 466.72
156.38 339.19 156.55 4435.73 1024.35 445.36
696.22 911.74 1098.58 1967.13 2059.31 1939.03
100.0 100.01 100.0 100.49 100.07 100.02
213.18 386.2 360.85 4657.12 1200.25 552.42
440.1 689.26 908.54 3820.57 1742.91 900.13
583.35 898.12 1284.24 3897.66 2715.89 1501.62
748.64 1162.05 1645.77 3671.57 2485.1 1485.68
95.49 172.36 94.35 2162.99 524.32 224.14
87.91 216.26 92.84 4084.73 975.78 383.58
118.86 315.2 81.14 4670.79 942.24 362.88
200.2 351.05 353.02 3931.0 1089.73 503.05
187.14 407.94 259.83 5051.71 1221.47 540.76
240.66 432.04 376.72 3906.48 1148.58 546.58
675.48 997.8 1249.37 3002.78 2228.14 1968.33
231.0 364.31 351.81 2500.96 916.47 560.15
144.69 205.18 180.26 1212.48 493.98 336.12
124.91 289.86 147.96 4757.1 972.46 398.36
847.53 1130.84 1517.12 2596.64 2625.62 2369.7
77.62 207.84 100.54 4326.77 907.04 354.78
777.08 1074.74 1416.01 2986.73 2683.58 2152.55
818.74 1193.21 1720.23 3465.37 2459.94 1427.5
310.26 471.11 525.49 2493.34 1083.82 686.41
367.35 604.8 583.27 4192.87 1621.22 1162.24
533.19 631.79 742.08 1620.41 1909.35 1786.62
127.56 338.68 96.35 4189.49 899.91 350.83
195.84 323.57 276.93 2705.52 849.76 492.87
88.87 158.43 81.81 2685.03 565.64 246.62
436.73 673.06 812.72 3485.09 1705.63 1344.04
480.12 681.77 979.29 2205.88 1644.72 1487.26
96.34 119.2 94.02 949.61 253.04 148.19
472.94 727.09 940.86 3964.88 1634.01 890.55
248.9 497.08 210.1 5070.69 1048.48 395.1
755.28 1118.28 1552.08 3183.59 2036.02 1308.79
665.08 883.49 1036.07 3085.15 2346.03 2013.57
295.15 494.5 296.77 4118.06 1164.22 630.44
442.9 759.94 637.96 4637.32 1637.31 1004.57
102.31 119.98 99.69 442.39 166.97 121.0
522.88 753.0 1024.44 2013.6 1482.25 944.38
500.38 686.82 814.92 2959.94 1852.57 1571.19
363.24 585.45 692.79 3939.84 1441.39 856.9
919.11 1370.28 2016.87 3285.75 3494.82 2339.0
462.99 659.68 946.46 1578.8 1488.13 964.78
124.42 162.01 146.67 872.78 350.92 235.52
120.52 226.9 107.56 2726.51 620.01 265.78
807.84 1167.6 1705.15 3094.69 2690.06 1577.42
467.58 789.38 742.84 4900.27 1670.68 830.71
101.29 111.17 99.83 291.47 137.45 111.74
815.03 1047.4 1344.74 2132.09 2654.86 2541.89
597.81 899.16 1233.78 2927.83 1895.38 1425.14
339.59 546.68 663.69 4182.95 1478.86 746.93
537.09 751.3 1118.22 1993.32 1799.52 1680.16
90.87 128.63 95.02 938.37 289.26 155.6
148.53 303.68 203.42 4231.18 1178.51 594.4
675.73 821.61 1006.54 1494.01 1940.79 1865.45
727.04 1092.76 1513.95 3666.48 2529.08 1543.58
357.17 549.47 692.63 2369.02 1172.39 677.97
174.55 317.53 288.82 3854.91 970.38 430.13
564.81 883.5 1082.94 3916.69 1890.82 1099.95
609.75 915.1 1318.68 3746.74 2111.18 1145.29
432.96 778.36 585.22 5213.99 1606.11 839.64
483.7 797.52 802.09 4811.2 1655.43 810.96
249.53 437.81 349.87 3976.38 1222.39 767.46
275.85 405.71 367.93 2692.54 1097.89 773.16
213.71 401.07 369.45 4407.56 1112.62 541.19
402.3 553.94 747.61 1209.27 938.63 600.36
123.78 247.09 108.76 3144.42 702.75 292.15
402.33 605.9 610.66 2739.13 1316.25 938.01
300.62 499.29 565.03 4479.15 1415.97 691.13
368.47 632.16 731.18 4289.46 1829.06 971.45
96.39 135.02 96.71 1079.32 324.22 168.02
231.22 297.88 337.97 789.18 583.29 518.94
484.51 698.38 786.79 2779.51 1842.02 1538.96
524.77 731.96 853.83 2210.82 1687.1 1477.48
402.13 620.63 696.66 3849.68 1722.85 1113.94
757.47 1136.76 1690.69 3885.47 3264.02 1880.0
310.71 456.86 588.49 1930.39 1070.51 649.75
380.91 598.86 632.04 3533.0 1741.51 1287.41
543.47 844.59 1079.43 4009.11 1963.7 1099.68
114.49 170.6 106.06 1433.72 378.18 191.41
376.01 653.68 727.53 4388.4 1729.46 857.5
375.62 531.99 578.67 3476.93 1575.72 1205.22
945.28 1419.33 2111.02 3448.36 3626.16 2363.72
140.42 284.89 203.38 3905.0 1074.55 524.36
473.6 763.88 798.87 3570.63 1841.38 1440.66
383.56 560.06 760.43 2453.51 1372.52 1182.42
140.72 284.4 180.43 4063.82 861.22 449.37
231.85 430.81 417.49 4307.96 1205.24 577.68
714.36 967.74 1282.43 2037.81 2427.92 2107.56
110.76 237.08 156.88 3897.96 925.64 450.48
448.71 704.95 846.6 3763.42 1882.32 1244.69
399.71 657.94 702.54 4217.73 1848.18 1106.33
578.97 805.69 1132.77 1871.04 1609.28 1165.23
531.66 788.78 929.2 3085.13 2041.23 1667.54
424.84 594.74 848.85 1644.74 1381.88 1253.26
243.91 421.12 421.36 4452.35 1357.59 733.67
136.6 311.59 202.72 4070.83 1145.84 474.67
314.78 575.33 567.16 4556.07 1676.45 832.46
413.07 696.68 740.89 4574.1 1986.32 1084.62
382.85 603.04 623.11 3904.02 1765.62 1289.24
195.68 331.99 252.76 3845.9 996.99 613.67
481.97 723.99 787.11 3532.59 1828.45 1411.4
325.3 528.31 539.29 3423.59 1573.83 1095.43
127.57 338.79 96.35 4191.42 900.28 350.95
117.4 207.6 106.41 2327.14 540.94 240.57
559.24 856.15 1214.37 3899.7 2005.73 1072.64
339.61 482.1 689.12 1131.17 960.12 630.92
799.69 1046.16 1373.76 2316.57 2614.45 2455.93
757.04 1123.77 1585.46 3754.71 2676.91 1526.88
482.57 842.01 861.67 4033.04 1685.58 915.3
127.88 298.1 106.17 4396.31 889.84 352.53
95.24 125.0 92.21 1206.22 299.26 162.74
94.86 167.44 111.51 1648.78 483.31 239.74
680.94 1032.22 1387.68 3424.14 1813.33 1035.6
80.5 197.09 63.54 3822.95 644.7 249.78
369.68 614.31 755.09 4381.45 1607.16 850.15
119.27 150.52 112.89 644.76 206.67 134.42
730.23 1093.87 1561.87 3610.47 2660.31 1509.94
163.53 320.25 255.61 4742.88 1225.26 577.96
292.86 605.79 229.05 5553.53 1167.83 444.6
344.91 542.77 667.77 3741.34 1506.83 786.18
639.96 894.32 1134.49 2874.99 2202.93 1979.49
517.89 785.01 1084.29 3853.88 1908.51 1048.55
73.53 205.59 75.08 4222.2 958.72 343.66
921.78 1322.75 1920.17 3199.78 2410.95 1493.45
126.04 176.95 148.15 1216.89 372.4 218.16
222.1 370.26 334.12 3426.94 1040.3 704.48
132.07 305.98 175.08 4157.56 1155.27 520.66
819.71 1203.27 1720.13 3382.07 3098.34 2009.26
515.01 837.75 752.65 3947.92 1969.19 1520.84
647.39 983.47 1427.67 4114.88 2931.67 1652.86
179.0 358.43 293.57 4390.07 1294.88 617.03
61.03 172.88 57.61 3990.22 797.71 302.95
283.27 580.88 244.48 4466.13 1219.64 639.39
244.85 393.44 328.63 3028.2 1050.29 681.0
501.09 719.53 815.81 3459.54 1671.93 1259.34
569.01 893.78 1160.46 3905.07 2271.46 1351.57
959.93 1395.46 2008.69 3180.21 2933.7 1811.88
665.45 901.41 1245.65 2411.13 2254.58 2062.82
108.09 250.92 152.22 4188.1 1030.09 394.14
257.1 335.7 345.56 1645.09 994.94 813.6
311.48 541.76 443.48 3950.01 1127.36 523.5
548.83 860.28 1074.56 3968.71 1973.51 1207.04
199.25 348.17 350.82 3320.95 1097.22 524.11
236.67 458.42 191.45 3964.53 856.69 344.19
151.77 332.01 147.01 4503.15 990.24 452.41
242.1 472.57 450.47 4428.59 1542.04 727.83
754.35 1126.42 1491.79 3564.9 2107.36 1241.77
840.57 1231.24 1669.17 3202.62 2301.81 1485.1
248.63 442.15 390.26 3718.63 1022.48 510.99
893.96 1308.19 1920.94 3259.01 2856.91 1828.06
288.82 543.3 328.31 4988.53 1183.94 475.29
118.66 281.14 129.01 4841.7 976.72 388.15
484.38 789.5 1023.98 3765.17 1978.25 1122.65
533.64 753.04 1127.25 1836.11 1538.46 900.66
609.48 912.96 1347.0 2439.57 1956.7 1295.56
168.11 280.27 236.61 3276.27 944.85 566.46
411.36 676.69 855.5 3949.35 1782.01 994.17
155.05 368.05 123.13 5162.41 1156.0 447.05
157.35 339.24 168.35 4448.02 992.4 435.77
332.55 540.04 560.03 3889.96 1402.93 1037.71
118.86 315.22 81.14 4671.16 942.31 362.91
95.55 116.51 95.51 757.11 236.38 138.41
134.24 344.28 243.28 4183.83 1234.29 563.49
170.47 322.06 175.59 3677.27 949.23 475.65
358.53 498.52 482.16 3528.24 1428.67 1037.58
81.23 184.5 97.65 3498.43 747.0 301.71
962.96 1397.19 2063.48 3286.65 3762.59 2448.96
91.68 180.73 92.42 2357.65 616.89 256.81
606.16 937.56 1164.03 3909.44 2028.68 1180.72
318.86 525.87 444.34 4001.21 1471.98 970.22
201.67 376.68 261.41 3819.61 1058.32 570.5
89.39 205.77 86.89 4301.09 876.55 360.03
719.61 1120.4 1395.54 3730.32 1957.72 1172.53
122.17 310.64 91.42 4451.79 912.22 357.67
264.68 492.05 491.83 4388.83 1483.68 671.85
80.53 157.46 74.25 2959.56 621.23 254.49
630.48 972.9 1356.01 3740.09 2129.07 1154.94
682.92 951.98 1429.53 2440.34 2253.95 2102.88
418.68 639.22 736.89 2989.21 1716.59 1379.89
239.87 425.16 437.32 4157.1 1198.53 568.81
254.89 488.38 465.97 4385.1 1372.41 607.4
87.3 147.08 87.21 1974.0 488.95 209.54
816.39 1167.74 1707.96 3235.86 2649.42 1756.43
723.8 1121.64 1569.63 3734.27 2339.17 1406.43
381.92 637.14 759.6 4264.32 1663.51 820.58
299.77 439.24 572.75 1819.18 1105.13 665.73
215.07 367.16 310.2 2376.45 845.75 562.43
141.48 191.51 174.86 1036.42 377.0 226.4
835.83 1235.51 1879.15 3634.37 3546.17 2075.32
227.58 396.21 338.92 4078.5 1355.08 809.53
432.96 685.22 674.75 3889.84 1551.38 1049.27
159.26 373.0 131.97 5144.94 1165.96 459.48
102.48 106.61 101.83 182.78 115.79 104.91
135.83 298.16 142.24 4112.15 928.25 397.46
188.31 232.18 255.87 586.1 417.04 348.62
365.36 635.75 742.13 4292.28 1643.94 835.92
734.13 900.88 1146.62 1830.73 2382.06 2250.05
131.11 278.24 204.5 4549.35 1062.7 446.55
214.82 470.91 254.04 4714.8 1303.65 700.32
243.84 458.08 395.92 3359.88 1054.63 521.16
746.98 1110.62 1559.83 3276.89 2441.17 1614.36
249.45 404.71 409.93 3891.59 1297.92 846.75
92.14 213.6 104.09 4335.97 932.13 392.81
871.48 1298.56 1768.66 3490.0 2586.18 1621.1
908.16 1296.95 1970.09 3018.34 2679.02 1591.08
225.97 415.76 396.43 4426.38 1178.62 555.85
354.86 494.55 518.91 1967.71 1111.81 913.59
307.96 454.44 580.02 2438.43 1149.49 633.94
558.97 841.75 1220.25 2311.43 1789.72 1127.27
527.37 858.3 870.05 3879.71 1943.08 1511.56
89.13 140.31 89.05 1704.33 432.98 193.78
149.22 308.38 154.9 3991.56 953.65 477.31
584.61 918.0 1037.82 4162.78 1883.84 1106.84
322.78 598.34 689.69 3989.75 1584.54 798.95
89.92 152.91 83.53 2440.71 521.63 232.76
269.1 515.54 403.95 4873.85 1457.95 683.78
628.74 1010.4 1352.32 4141.04 2313.4 1352.69
495.18 728.86 775.26 3674.59 1963.31 1474.18
349.95 599.13 550.86 3602.23 1466.58 1044.35
191.73 410.18 364.28 4111.51 1326.26 618.48
288.46 564.65 285.02 5424.91 1183.55 462.9
640.3 1017.44 1253.09 4216.92 2060.96 1187.35
120.26 295.56 148.4 4564.79 1111.48 469.71
355.9 477.38 561.45 1258.45 1086.09 985.01
504.8 723.86 849.62 3324.12 2027.2 1597.36
160.22 363.68 179.38 5018.69 1173.44 532.6
582.46 899.38 1236.73 3676.5 2396.11 1424.09
644.95 931.49 1173.66 2795.18 2479.43 2238.03
152.15 278.72 217.27 3736.37 970.71 489.28
422.51 667.44 669.79 2914.33 1408.33 949.33
654.42 876.44 1116.53 2312.49 2267.34 2098.79
168.1 364.17 102.68 3098.93 712.38 302.42
108.16 234.11 84.36 3399.49 718.68 307.57
940.62 1347.55 1961.12 3168.2 2448.17 1520.48
423.3 732.39 920.24 3960.65 2126.08 1205.13
537.88 813.41 765.87 3858.21 1844.93 1428.74
372.46 556.15 632.08 3628.32 1585.59 1208.09
105.44 162.07 94.56 1418.39 342.93 175.83
153.49 240.28 135.79 1612.53 396.16 195.57
289.12 518.41 522.21 3916.45 1487.14 727.78
612.83 946.48 1345.93 3710.11 2184.99 1165.28
843.96 1089.05 1418.65 2066.41 2669.55 2578.69
282.81 463.96 429.26 3218.07 1231.81 843.02
199.55 412.76 273.59 4894.36 1242.21 605.92
167.49 235.58 213.45 1214.09 443.24 255.1
220.44 560.88 109.33 5299.43 1168.76 458.55
180.39 354.63 266.14 4490.04 1135.72 626.39
75.55 195.33 71.07 4491.62 918.47 356.27
96.22 248.83 109.51 4564.58 1054.02 391.17
86.34 264.72 90.05 4606.96 1140.65 422.68
101.46 226.74 127.72 4425.75 950.66 404.81
137.7 283.69 115.76 3570.29 823.81 337.84
654.52 846.34 1049.29 1735.41 2143.58 2058.2
105.66 121.95 100.22 349.21 150.89 116.82
373.08 656.15 538.65 4888.06 1458.52 683.57
168.92 283.78 150.96 2400.63 538.99 236.58
389.84 597.53 761.12 3290.84 1529.04 1213.57
829.65 1176.95 1711.51 2898.72 2362.55 1600.32
471.13 734.28 907.19 3632.21 1598.29 944.98
290.03 415.88 467.29 1845.61 993.16 684.42
574.52 828.94 1048.67 2910.18 1949.14 1613.45
95.59 281.25 112.22 4689.31 1172.9 435.54
94.01 158.14 94.54 1726.09 472.3 212.94
256.03 449.98 442.89 3233.72 1320.63 873.68
924.06 1239.13 1634.86 2372.85 3077.21 2899.61
529.07 757.29 790.61 3276.87 1675.0 1253.46
133.06 261.13 187.23 3494.77 775.48 362.04
818.19 1041.14 1344.11 2016.04 2596.72 2526.4
426.83 688.0 740.55 3842.66 1463.9 746.78
229.18 375.66 362.88 3896.65 1318.51 799.78
340.68 692.97 416.57 4935.68 1442.46 743.29
97.56 104.57 97.34 344.06 143.77 112.73
112.11 253.74 155.84 4081.44 1003.67 388.0
780.51 1131.24 1587.8 2848.92 2415.48 1559.52
537.23 899.55 916.12 4884.54 1817.74 893.57
194.59 366.24 263.05 4177.15 1227.08 662.14
96.61 142.13 89.25 1519.48 336.73 165.11
144.08 270.97 101.73 2040.95 496.34 231.01
116.94 136.12 130.77 550.49 249.4 188.54
365.99 691.85 447.26 4326.6 1310.46 776.41
644.01 977.43 1221.91 3657.22 2261.84 1519.73
261.83 410.86 474.05 3238.4 1086.48 551.84
527.18 744.95 1081.84 2115.9 1769.12 1631.65
619.98 959.77 1078.31 4094.26 1995.1 1281.26
182.4 318.76 265.27 3218.46 1013.46 581.46
396.71 633.69 774.36 3985.49 1678.14 926.55
178.4 376.57 258.68 3969.93 1157.76 521.96
363.08 637.77 674.35 4197.09 1849.36 1056.97
168.03 340.79 175.92 3973.54 970.84 411.01
114.24 223.34 98.12 2213.28 513.36 229.62
366.93 635.54 666.41 4492.74 1730.43 913.1
310.17 563.62 353.55 4823.08 1250.22 633.2
818.05 1156.9 1498.37 2576.64 2667.26 2482.33
436.02 665.67 778.81 3280.29 1749.58 1369.73
246.38 479.27 223.05 4702.5 1003.93 391.67
600.01 917.73 1201.75 3658.27 2032.88 1189.28
87.51 175.68 103.99 2961.22 646.54 272.67
85.94 170.01 73.71 2784.32 492.74 207.99
104.18 111.36 103.08 247.92 128.54 108.56
749.31 1100.94 1581.3 3357.53 2839.35 1791.67
101.79 139.73 93.92 1099.43 285.43 160.77
96.08 148.78 87.55 1743.49 374.09 175.39
515.83 829.51 1086.61 3754.99 2299.52 1339.29
750.57 1126.84 1684.88 3370.01 2444.54 1359.23
293.83 477.35 546.48 2994.39 1245.43 884.65
643.77 862.57 1150.59 1799.41 2202.09 2093.44
167.76 372.68 197.0 4960.1 1192.12 562.99
172.5 309.76 242.15 3594.72 885.24 496.12
111.93 171.17 124.5 1746.41 426.33 211.7
622.84 951.25 1289.87 3925.61 2282.45 1351.83
133.74 314.4 116.65 4613.26 945.34 377.08
440.77 594.91 656.95 2901.86 1706.57 1388.56
898.65 1251.98 1797.58 3022.44 3257.74 2416.15
482.68 731.49 592.91 3412.93 1826.78 1441.7
588.97 852.69 934.07 2866.7 2128.02 1861.72
595.31 823.45 935.49 3169.63 2162.78 1841.73
458.5 704.37 721.89 3860.43 1896.61 1450.13
692.35 1031.49 1468.09 3584.45 2376.68 1462.92
152.17 354.22 121.82 4902.77 1101.72 429.16
922.08 1383.27 2057.77 3205.37 2753.72 1726.81
98.26 121.58 94.49 827.07 221.25 133.35
158.16 290.47 175.87 2889.1 746.93 402.99
461.71 700.73 920.36 2787.76 1687.64 1452.26
778.38 1172.83 1719.53 3954.63 3357.71 1924.1
498.34 763.71 737.81 3801.3 1662.17 1231.99
275.73 399.14 414.26 2334.74 1107.66 829.14
635.76 957.65 1331.2 3631.89 2729.37 1673.39
170.07 365.95 248.36 4381.2 1324.1 661.12
568.58 719.8 875.21 2599.14 2052.2 1815.68
927.94 1341.52 1991.68 3420.86 3122.45 1836.05
438.06 650.85 809.5 2889.08 1602.58 1349.57
949.88 1421.86 2122.73 3171.81 2812.48 1772.13
346.32 569.4 518.89 4147.76 1586.53 1088.41
299.46 519.4 603.21 3956.93 1438.13 712.18
388.13 580.49 792.99 2344.81 1531.44 1310.06
397.33 667.74 516.28 4673.87 1541.6 976.75
162.09 377.43 140.87 5146.36 1171.37 459.06
205.24 399.02 300.65 4346.76 1423.82 781.88
553.15 895.57 1201.73 3722.58 2486.34 1547.44
394.47 650.16 635.02 3854.43 1217.05 588.8
583.02 806.31 988.27 2728.48 2026.22 1670.55
89.88 214.45 123.15 4037.48 883.74 360.89
964.79 1412.08 1983.1 3263.76 2778.13 1776.15
103.85 257.06 123.07 4598.07 837.26 335.72
747.77 1083.45 1510.66 2516.77 2112.97 1357.92
313.9 411.46 524.88 1141.19 856.29 749.95
272.67 489.7 370.53 4390.69 1388.22 823.04
294.96 411.21 511.3 1258.49 793.56 488.95
78.78 209.41 60.4 4264.31 711.1 269.44
299.57 623.38 233.54 5743.24 1204.97 456.59
353.72 612.98 600.29 4657.55 1547.5 740.82
356.31 574.31 505.49 3834.92 1287.39 822.28
223.48 452.42 287.48 4988.81 1290.91 548.25
560.14 844.01 905.4 3929.32 1930.72 1507.53
588.26 812.04 929.24 2814.35 2079.84 1817.66
484.62 732.44 774.81 3748.19 1961.01 1532.42
221.94 445.08 301.72 4565.62 1222.47 605.59
106.7 248.55 77.28 3836.46 793.23 327.19
119.53 302.12 154.31 4714.77 1150.99 451.29
155.31 314.53 102.17 2535.36 597.3 264.38
817.06 1173.94 1796.86 2766.75 2437.67 1410.55
87.06 270.28 93.51 4706.72 1161.6 424.92
206.93 405.12 247.38 4353.12 1165.35 556.39
735.98 985.01 1350.99 2373.47 2312.87 1854.4
660.16 984.15 1330.7 3220.55 2049.82 1258.93
111.23 130.52 108.29 497.51 176.69 123.01
545.03 774.05 898.84 2172.81 1793.2 1561.81
101.28 190.66 137.95 1908.9 557.45 255.39
438.24 648.65 716.68 3382.5 1763.42 1380.55
270.85 370.98 499.45 1003.77 829.12 767.58
555.02 788.19 1044.09 3088.86 2019.75 1743.59
565.16 890.74 1137.42 4199.84 2178.77 1264.82
208.27 365.27 299.07 2995.85 1095.7 683.45
433.19 609.89 622.11 2839.0 1638.6 1280.29
941.7 1325.85 1901.26 2980.94 2573.6 1807.52
99.15 113.58 98.94 487.12 179.62 123.29
111.25 197.43 98.51 1769.34 426.52 202.39
686.97 963.92 1220.89 2716.19 2084.52 1671.78
226.71 428.61 314.95 4084.49 1377.61 804.86
713.22 1094.24 1581.58 3570.58 2346.83 1409.77
424.68 628.95 837.84 1997.51 1425.52 1125.65
150.54 344.98 145.16 4781.31 1056.62 416.46
353.21 606.86 485.73 4264.27 1341.13 811.55
485.14 748.41 970.05 2936.41 1806.32 1141.02
148.7 319.54 142.05 4294.79 942.99 430.68
309.51 511.43 550.36 2895.83 1132.49 588.77
102.06 145.7 93.01 1249.57 313.28 169.9
317.63 459.76 492.63 2700.35 1227.61 954.4
64.45 233.88 89.2 3822.42 954.31 357.03
530.38 857.45 904.3 4654.87 1660.4 855.97
430.27 652.04 737.75 3802.87 1744.27 1279.54
453.12 664.7 701.91 3299.52 1732.29 1405.63
321.6 472.95 520.94 3128.31 1384.35 1041.85
109.52 186.09 95.24 2060.51 452.13 209.88
77.69 165.85 70.5 3376.79 697.28 277.03
95.79 218.67 124.1 3672.74 894.55 347.26
205.87 412.55 298.93 4598.22 1256.97 599.11
128.22 176.68 120.82 1098.69 292.67 157.8
612.61 873.3 1061.64 2762.07 2067.11 1846.92
90.23 148.63 81.74 1964.67 372.82 175.02
121.64 275.0 145.86 4474.29 1119.3 492.41
497.16 754.73 934.41 3448.06 2037.21 1390.74
102.12 147.02 92.81 1282.58 319.41 171.91
708.93 1065.36 1487.46 3765.72 2504.63 1517.92
256.01 516.04 215.36 5308.02 1093.76 409.19
129.79 335.77 103.64 4806.9 992.76 388.88
193.93 355.23 169.31 3424.17 741.32 292.4
248.66 440.73 460.74 4170.28 1275.28 631.42
524.12 719.75 984.93 1856.36 1744.4 1618.82
757.18 1089.68 1447.77 2812.97 2127.57 1482.02
150.35 303.98 226.19 4084.1 906.18 414.38
254.06 498.31 537.55 4061.36 1455.93 662.29
650.07 926.86 1145.66 2478.98 2071.42 1879.6
197.28 401.44 220.57 4582.83 1167.08 525.3
115.47 160.01 100.61 781.28 239.12 145.98
239.14 426.04 399.57 4181.84 1213.86 621.77
569.24 898.51 1101.67 3957.46 1895.05 1042.28
132.01 308.16 158.72 4627.06 1145.47 496.46
349.62 625.91 470.67 4931.14 1359.79 604.05
286.36 426.12 546.32 1887.83 1049.9 654.94
240.34 589.97 142.2 5401.71 1247.84 527.62
402.66 747.88 512.92 5405.79 1483.12 702.63
270.49 397.98 441.01 2593.28 1071.71 774.71
419.56 613.17 869.96 2291.74 1428.83 1226.4
116.73 181.53 107.0 1640.28 421.26 205.57
801.61 1062.01 1374.74 2349.15 2661.06 2523.52
488.92 770.84 987.1 4092.47 1866.23 1066.4
569.05 754.27 807.98 2628.45 1820.35 1575.95
479.98 722.31 746.02 3291.84 1812.52 1458.53
681.39 1069.24 1296.89 4273.07 2249.46 1318.03
101.34 105.19 100.05 158.86 112.02 103.97
202.51 426.36 237.04 5023.26 1255.28 532.01
507.91 706.21 897.21 2700.55 1812.26 1578.08
225.31 395.49 406.2 3705.14 1311.22 658.8
90.74 146.1 82.69 1867.75 358.64 171.12
580.22 801.15 1011.12 2520.94 2087.25 1841.42
85.32 242.45 86.62 4083.74 1012.09 376.69
487.11 664.46 858.53 1384.34 1585.25 1500.91
284.83 518.76 459.44 3922.51 1272.95 807.41
581.0 813.5 1039.65 2923.47 2073.79 1819.62
570.75 865.82 859.91 3621.4 1873.93 1472.05
142.02 342.34 137.12 4582.23 986.23 396.89
333.08 531.44 645.76 3289.37 1469.46 1085.51
103.47 176.87 88.24 2033.39 458.7 217.56
269.31 459.54 525.62 4317.61 1367.54 642.08
265.62 450.24 353.6 4052.97 1285.16 823.66
107.04 163.65 96.48 1549.6 360.37 181.24
475.16 664.8 784.18 2258.12 1731.5 1547.3
92.78 137.9 88.2 1776.75 402.03 195.1
226.28 419.75 383.83 4338.94 1259.58 558.84
599.85 850.61 1063.0 3013.49 2125.74 1730.1
684.18 1071.86 1457.38 3920.3 2303.8 1347.42
123.82 203.78 151.7 1704.19 522.55 261.86
113.76 256.04 176.9 4262.4 948.91 387.21
610.88 911.59 1196.6 3218.15 2327.47 1540.68
393.32 592.64 695.68 3576.54 1591.69 1143.31
288.7 417.87 402.57 2323.16 1046.47 774.03
153.69 245.88 139.62 2000.02 466.56 209.97
203.76 403.82 249.0 4740.36 1261.37 703.75
431.77 674.94 600.37 4082.52 1572.73 1080.6
75.19 173.22 67.19 3743.93 764.21 296.86
204.32 399.65 223.2 4583.52 1161.64 570.09
105.14 213.9 82.58 2964.89 631.53 274.2
267.92 540.39 212.36 4848.38 1029.75 400.04
478.16 694.3 858.62 3430.83 1737.62 1195.33
139.32 301.85 184.78 4583.49 978.6 387.82
193.25 344.51 181.21 3168.05 719.62 295.19
777.57 1134.78 1675.78 3457.25 2465.96 1413.2
336.26 606.08 623.28 4678.16 1527.55 779.39
174.9 251.99 232.45 1458.11 628.33 432.59
652.53 917.49 1320.15 2431.61 2175.99 2032.41
591.45 889.98 1148.39 3691.91 2085.09 1339.05
88.8 189.41 86.13 3135.2 727.99 285.0
62.27 254.31 89.63 4313.8 1071.99 402.44
417.75 599.66 771.02 2679.83 1605.06 1341.96
102.03 274.96 91.46 4013.78 994.95 398.37
111.59 316.99 110.84 4672.52 1161.56 459.86
826.68 1261.61 1826.59 3432.02 2579.86 1583.09
107.12 196.84 124.42 3135.58 712.31 318.03
111.15 243.0 117.23 4036.67 765.85 351.46
161.12 337.08 102.4 2791.36 649.58 281.66
171.02 314.64 257.41 4227.38 1131.42 624.35
284.77 439.06 438.49 2880.61 1350.43 964.75
279.68 581.92 236.04 4547.08 1324.65 733.67
525.9 825.64 1045.95 3905.36 1919.36 1120.24
468.2 715.66 889.06 3289.42 1929.93 1403.82
884.07 1347.1 1936.47 3397.62 2665.64 1652.29
611.01 840.68 1115.7 1944.39 2006.77 1897.07
787.24 1169.64 1571.31 3468.32 2386.95 1521.63
282.14 488.33 475.35 3673.58 1488.3 938.89
179.04 399.26 243.05 4600.6 1365.4 675.78
100.25 121.34 98.96 577.47 209.18 136.4
563.37 836.79 1073.1 3128.86 2298.21 1672.42
154.32 247.61 140.09 2022.46 470.89 211.27
388.83 602.49 684.12 2953.87 1228.42 640.73
365.87 592.38 548.44 3963.32 1507.27 1039.14
106.14 155.56 96.93 1365.25 327.25 170.91
352.19 628.53 661.83 4717.09 1801.1 979.72
762.19 1143.77 1650.45 3518.03 2893.4 1808.79
452.97 741.28 924.38 3811.13 1684.3 894.46
426.73 652.09 843.49 3084.15 1423.12 838.39
496.78 795.43 706.9 3700.82 1896.14 1487.27
544.98 809.84 998.7 3347.02 1916.13 1610.58
294.78 580.13 369.3 3985.76 1200.99 583.25
277.26 387.8 419.62 1716.7 819.31 635.27
352.41 620.39 649.98 4574.33 1654.36 955.0
464.3 748.02 953.81 3835.51 1968.5 1112.62
270.8 395.31 425.17 2014.65 944.29 717.04
640.1 971.51 1238.93 3719.39 1879.31 1077.06
707.49 1027.16 1249.63 3173.33 2308.4 1850.35
84.92 155.92 84.81 2325.58 561.92 230.09
379.26 711.23 724.14 4634.88 1691.29 877.62
941.11 1378.58 1931.43 3306.06 2726.65 1737.36
309.9 527.36 479.07 3732.65 1497.85 999.37
439.48 607.94 888.36 1641.37 1438.02 1301.04
94.15 242.49 106.42 3778.66 962.28 370.15
456.04 632.49 768.62 2031.53 1566.81 1345.06
204.82 360.31 395.76 3350.47 1056.73 533.49
812.9 1203.67 1724.57 3540.96 3318.5 2102.32
141.51 265.36 201.89 2762.07 823.84 370.14
158.15 305.8 234.42 3896.5 907.11 438.51
517.24 811.73 692.7 4367.07 1820.87 1316.49
81.86 224.87 65.79 4620.51 779.1 300.44
656.34 870.09 1067.86 2602.81 2282.91 2065.56
253.43 474.13 245.32 3803.61 907.31 391.72
592.94 926.43 1167.68 3790.13 2401.65 1331.38
436.93 618.01 796.61 3151.84 1646.17 1340.78
271.45 456.66 463.89 4030.31 1260.97 871.21
85.41 176.62 76.14 3489.53 710.55 292.24
276.66 485.05 440.05 4004.78 1481.39 910.65
195.06 303.5 301.38 2416.34 874.23 565.92
116.66 292.92 134.58 4645.07 1106.46 449.46
305.14 625.29 250.52 5640.72 1219.05 486.4
200.78 297.41 303.21 1811.6 711.35 432.71
625.85 896.52 1052.75 3356.48 2187.91 1849.64
272.01 470.4 372.72 4182.91 1319.64 846.82
171.9 235.49 267.21 1361.84 550.13 313.9
201.35 392.92 332.25 4218.57 1170.94 508.85
353.86 581.67 534.45 4289.57 1574.72 1101.19
88.07 237.08 87.9 4550.18 1035.13 388.64
420.77 681.38 670.34 3913.31 1583.66 1131.58
263.64 425.59 397.96 3044.45 1166.32 835.06
662.3 1026.39 1434.99 3540.05 2551.37 1544.86
278.74 503.91 295.22 4331.51 1058.33 514.9
747.13 1112.7 1664.52 3430.51 2420.33 1344.57
154.68 366.01 123.05 5122.53 1147.92 444.61
397.88 545.09 584.72 3115.17 1619.9 1257.83
776.9 1120.58 1552.54 2937.58 2145.18 1412.73
421.65 708.11 790.98 4411.52 1498.0 766.15
823.18 1232.09 1822.88 3093.6 3148.14 2048.81
230.17 397.46 362.29 3370.27 983.19 474.39
204.95 358.54 315.03 3182.24 1002.46 492.12
390.98 656.38 518.02 4531.53 1502.1 956.62
82.1 272.72 118.88 4256.78 1115.24 460.11
308.97 638.74 252.82 5810.26 1237.43 473.5
692.09 965.82 1307.34 2369.78 2262.9 1784.79
698.0 1040.7 1472.58 3498.38 2744.42 1693.64
107.45 229.74 116.09 4394.13 955.4 430.51
748.79 1129.15 1611.76 3585.87 2874.35 1778.76
468.27 785.29 708.67 4300.95 1600.63 991.71
241.69 387.48 314.8 3366.71 1362.93 892.38
396.45 606.1 646.33 2720.26 1247.05 845.26
677.23 1076.8 1321.8 4017.11 2309.22 1377.14
136.01 275.48 115.06 3415.15 791.45 327.21
465.58 744.62 763.09 3828.57 1907.09 1411.51
815.35 1206.24 1596.11 3578.08 2194.93 1295.25
129.64 285.29 127.61 3977.26 879.45 376.26
606.56 904.41 1185.85 3300.7 2302.96 1811.97
114.41 224.83 98.09 2238.82 518.35 231.19
525.25 805.68 1081.24 3961.21 2372.9 1418.16
332.97 488.11 599.13 2744.54 1318.55 1030.62
750.56 1001.56 1249.39 2769.15 2541.53 2330.43
502.63 764.27 1036.71 3484.56 1974.02 1071.19
687.52 1036.92 1423.35 3612.27 1867.03 1066.42
218.44 404.95 324.81 3052.08 864.93 410.09
249.34 343.12 345.02 1745.19 824.55 654.69
294.24 540.69 329.06 4730.2 1212.46 600.66
503.36 711.8 802.46 2524.23 1758.23 1531.4
795.67 1075.83 1401.29 2559.4 2661.69 2389.57
503.54 727.47 842.88 3124.16 1991.45 1574.94
273.75 418.75 469.56 3325.09 1084.07 734.68
417.95 673.54 892.08 4005.64 2147.13 1126.38
196.53 474.43 103.79 4350.6 967.97 386.9
142.99 350.06 178.25 4478.71 1180.51 498.66
260.58 402.01 443.63 2282.29 926.82 521.37
60.39 224.14 78.4 3735.21 920.63 341.08
742.15 1103.76 1569.96 3702.9 2614.15 1600.62
338.12 606.73 448.77 4953.87 1306.81 559.78
219.98 378.97 354.27 4212.57 1210.46 640.61
95.49 156.14 85.67 1991.34 415.42 186.75
487.3 741.93 976.03 3773.81 2176.02 1317.76
299.0 395.37 440.91 1555.54 946.58 798.63
128.08 176.3 120.72 1093.71 291.71 157.51
727.79 926.28 1186.04 2157.94 2372.09 2223.91
753.84 987.72 1201.73 2225.55 2267.82 2120.71
251.06 411.11 476.14 3318.21 1194.79 601.25
246.22 465.02 242.23 4314.86 961.89 404.23
311.64 533.75 454.1 4452.05 1484.52 982.27
361.53 643.99 514.9 4912.77 1475.81 694.48
487.75 744.68 938.6 2937.74 1770.2 1492.1
499.6 727.58 1069.42 2222.05 1552.0 874.44
426.64 628.93 712.62 3616.76 1752.06 1320.01
133.11 353.63 159.79 4852.77 1282.67 531.02
536.22 776.15 1015.15 3153.26 1929.79 1477.41
324.29 513.9 607.35 3456.2 1435.92 893.51
612.76 851.02 1064.05 2351.27 2022.69 1848.51
308.79 541.53 541.97 4378.12 1482.69 735.84
83.04 153.16 90.75 1656.78 451.43 203.24
150.69 331.98 144.53 4534.83 990.3 447.87
339.27 602.68 564.19 4742.51 1748.87 902.27
200.2 302.38 314.12 2153.27 869.79 599.12
118.79 213.26 158.1 3073.96 753.34 344.74
268.58 513.12 259.79 4992.87 1143.68 490.92
308.49 490.52 540.5 3672.62 1528.38 883.38
309.95 430.99 585.31 1077.44 919.74 603.65
511.46 686.36 879.0 1662.82 1536.08 1432.84
443.1 724.66 533.98 4438.46 1489.73 948.21
755.8 1121.53 1594.67 3599.45 3115.88 1958.42
108.02 149.63 102.96 1127.2 303.37 164.83
485.61 775.26 949.24 4246.65 1821.03 949.5
109.33 176.68 99.64 1647.09 395.62 200.19
698.42 923.51 1065.63 2570.89 2111.4 1834.23
329.19 516.59 462.14 3791.22 1455.34 986.0
107.63 269.13 74.13 4354.09 889.27 358.67
530.55 843.0 1157.74 3723.64 2011.99 1054.76
441.95 725.55 814.93 4223.13 1677.3 927.74
671.17 929.64 1135.29 3187.23 2261.23 1952.06
629.24 994.36 1210.29 4288.85 2273.56 1319.65
404.96 670.17 513.1 4029.7 1384.36 903.8
410.6 699.99 575.05 4955.1 1522.97 814.6
299.92 440.63 425.79 1835.39 879.25 686.51
294.38 500.09 389.73 4199.04 1356.62 870.63
241.13 591.19 149.16 5384.28 1244.06 526.8
274.49 528.98 289.01 5102.87 1159.24 449.2
294.44 649.48 285.36 5196.2 1324.49 584.97
329.33 602.86 352.91 5273.81 1335.94 673.43
140.01 310.57 135.32 4268.66 887.3 359.74
428.54 643.34 842.59 2443.16 1748.97 1078.08
809.95 1165.85 1688.09 3206.71 2574.29 1654.53
161.86 327.38 239.59 4473.75 997.92 469.88
646.71 994.34 1293.17 3816.55 2152.99 1268.35
764.77 1136.85 1701.74 3459.35 2433.98 1360.18
160.68 426.34 161.47 5081.28 1144.78 450.02
304.53 550.15 532.69 4781.02 1466.21 705.52
785.01 1042.86 1373.06 2614.52 2467.84 2294.92
178.34 348.7 314.48 4115.88 1257.19 567.03
348.9 597.77 681.32 3575.63 1661.89 1002.29
425.66 720.75 708.89 4664.3 1544.58 719.46
106.09 155.05 96.96 1353.63 325.17 170.26
835.66 1264.62 1852.22 3368.2 2542.87 1576.8
698.07 1083.01 1435.56 4412.66 2925.79 1623.56
146.32 287.94 222.31 4138.02 1075.2 581.48
275.31 469.21 522.04 4315.96 1523.25 789.1
674.67 1055.45 1326.54 4235.51 2510.34 1485.08
283.91 398.08 485.59 1223.21 888.25 763.75
62.63 187.1 61.87 4391.37 884.07 339.13
350.83 549.26 449.67 3812.74 1461.6 982.11
770.87 1158.41 1498.99 3901.36 2123.0 1237.66
78.39 180.12 78.23 3288.92 761.86 286.4
135.86 314.2 195.05 4452.35 1107.52 434.09
329.15 520.51 604.29 3529.37 1509.07 1011.35
482.51 743.7 828.67 3789.71 1713.88 1142.16
465.24 699.06 740.14 3512.73 1882.32 1490.64
265.95 535.2 211.04 4792.46 1018.81 396.51
614.14 835.88 1138.17 1793.8 2026.89 1943.08
134.24 291.14 177.21 4366.93 937.87 384.47
110.06 214.79 89.94 2538.03 549.24 240.22
944.67 1438.34 2173.83 3448.27 3082.83 1956.35
583.16 900.32 1238.31 3675.74 2398.06 1425.57
742.21 1160.02 1518.49 3808.97 2672.92 1631.76
533.23 826.05 1162.64 4135.9 2535.16 1393.46
101.13 197.49 95.24 2280.75 598.66 266.25
664.61 963.97 1270.25 3256.32 2020.15 1464.81
218.06 396.88 311.63 3743.63 971.36 452.93
662.58 1008.95 1413.14 3683.46 2499.98 1397.05
325.73 458.89 424.58 3448.94 1414.4 1038.1
343.29 622.54 432.82 5087.09 1340.07 626.98
403.45 683.17 480.4 4568.86 1457.5 858.98
387.2 613.98 702.05 3817.6 1688.84 1070.78
255.69 454.69 449.15 3436.37 1479.56 987.63
523.72 750.34 892.18 2832.09 1958.98 1682.65
96.39 135.01 96.71 1079.14 324.18 168.01
342.17 626.25 426.36 4501.52 1278.23 600.4
93.66 238.61 93.87 4545.17 795.45 310.09
155.76 351.32 152.51 5003.22 1151.49 548.01
353.7 613.47 401.97 4812.94 1333.41 738.33
592.11 868.37 1095.27 3184.81 2020.69 1743.74
514.95 704.24 764.63 2827.82 1788.63 1453.6
488.89 789.89 1039.82 3971.51 1894.61 1041.05
492.96 825.7 748.74 4484.84 1664.97 1030.07
92.61 151.7 90.02 1892.03 468.51 207.6
366.61 634.31 447.44 4248.99 1388.01 868.58
662.06 1004.75 1435.54 3614.11 2181.13 1196.57
133.5 294.45 163.44 4593.44 992.69 424.8
246.93 480.48 221.44 4862.42 1059.59 418.9
670.56 894.65 1174.01 1866.5 2101.12 1967.41
331.12 560.07 494.74 3917.84 1186.54 542.91
339.83 574.3 637.5 4454.85 1722.85 931.3
651.58 922.77 1393.73 2740.37 2208.5 2022.15
435.19 626.54 694.24 3282.31 1672.46 1381.32
397.85 650.55 771.62 4307.73 1822.07 1008.92
217.09 492.33 297.98 4928.15 1361.02 619.02
222.81 574.1 106.94 5469.9 1199.32 465.52
101.28 128.31 95.67 812.11 232.12 143.3
139.31 371.74 117.76 4527.17 1000.03 407.11
297.44 436.14 557.03 1593.81 868.61 526.57
165.05 271.68 240.33 2676.14 894.85 532.19
568.42 766.02 937.61 2694.83 2013.68 1791.97
779.69 967.38 1248.55 1864.26 2545.58 2440.69
204.84 276.39 316.11 1349.58 616.27 447.62
352.26 470.15 654.69 936.9 860.75 614.34
263.6 399.64 413.47 3090.07 1229.89 886.76
228.66 399.33 417.64 4231.4 1299.38 610.66
413.27 569.6 811.63 1537.3 1126.22 680.44
362.7 582.53 593.45 3882.25 1445.2 914.9
605.89 933.93 1231.91 3627.55 1780.01 1008.75
101.16 199.73 95.13 2330.9 610.13 270.07
246.27 474.99 459.07 4498.66 1391.78 639.31
113.85 322.07 214.19 4294.7 1253.16 512.18
62.95 251.88 93.26 4239.29 1055.72 388.69
171.57 317.15 271.93 3852.39 1145.51 612.66
101.48 227.39 93.78 2949.75 751.64 317.25
160.7 200.26 235.28 591.1 362.35 238.84
655.39 1040.72 1470.59 3886.99 2402.0 1425.24
197.53 327.78 303.54 3301.12 1083.67 704.38
213.03 370.17 365.81 3764.84 1267.19 833.24
625.1 897.85 1105.11 2745.83 2225.47 1927.23
408.34 665.33 696.99 3837.11 1859.91 1377.55
107.06 256.6 76.05 4038.92 830.8 339.5
131.49 331.05 202.36 4642.35 1265.49 507.23
392.83 653.96 705.44 4185.85 1549.88 838.13
115.77 279.91 84.23 3921.23 804.12 319.77
665.45 958.73 1268.57 3168.12 2335.63 1819.25
126.0 170.64 119.18 1020.03 277.5 153.25
102.11 237.14 148.03 4232.19 978.49 463.36
233.46 462.37 361.82 4910.65 1334.03 634.87
279.82 530.23 278.93 5082.64 1194.07 524.67
387.64 664.29 680.0 4632.12 1904.51 1021.79
231.82 408.09 454.05 3993.24 1225.35 572.19
826.45 1272.34 1813.13 3707.73 3255.62 2076.79
302.57 537.47 508.5 4287.75 1207.52 575.26
524.55 782.74 1070.29 2716.93 1610.24 884.78
743.07 1144.06 1491.7 3979.09 2616.26 1473.81
92.29 140.5 87.39 1891.82 422.76 201.63
81.9 190.13 66.15 3555.96 605.64 239.04
120.06 273.74 97.35 3076.86 682.28 282.59
428.96 614.51 682.74 2735.92 1642.09 1362.65
111.37 249.0 133.12 4817.32 1043.57 467.48
662.66 891.23 1193.42 1809.52 2153.96 2072.03
370.49 600.58 594.02 3560.66 1443.21 780.5
636.15 907.89 1343.44 2160.77 2117.52 1872.77
921.97 1393.81 2035.35 3448.93 2798.96 1732.55
121.43 293.86 89.28 4514.83 892.96 347.43
96.95 137.98 90.3 1379.8 313.43 158.7
872.07 1293.68 1898.52 3301.81 3059.74 1940.56
82.61 151.31 77.01 2653.63 565.47 237.96
356.61 554.82 658.5 3552.92 1604.36 1077.95
185.76 344.62 308.5 2970.83 1052.93 629.72
284.7 498.31 532.95 4290.45 1653.69 848.32
288.44 479.17 508.86 4219.46 1307.51 723.45
783.2 1169.23 1664.64 3490.61 2625.15 1637.59
711.93 991.7 1391.36 2599.24 2405.8 2214.9
156.61 325.31 238.92 3725.67 1086.0 468.03
279.38 495.08 452.79 3856.74 1502.22 980.16
206.81 308.53 349.25 2014.13 671.49 355.76
411.9 642.05 461.77 3770.13 1481.64 1035.94
328.69 460.89 626.87 1333.01 972.05 622.52
236.85 562.47 170.17 4953.09 1189.39 507.93
233.16 461.82 198.26 4812.44 1009.15 372.75
103.42 109.13 102.53 214.26 121.8 106.78
103.67 133.22 98.16 856.53 235.88 142.4
452.58 704.75 851.38 3304.72 1826.63 1451.94
212.17 387.19 302.9 4053.6 1262.44 718.83
109.77 188.37 95.12 2112.43 461.46 212.79
147.11 273.24 176.64 4276.7 1106.35 584.86
294.64 453.9 490.44 2202.66 880.42 485.95
101.78 108.67 100.74 263.72 134.15 111.22
168.41 234.01 226.86 1067.45 407.83 244.59
588.09 798.58 959.84 2623.62 2089.27 1868.71
275.14 477.81 371.81 4051.09 1313.29 786.05
237.43 453.88 218.34 4371.42 941.62 370.9
83.86 226.62 79.9 4410.66 992.35 362.63
99.47 101.56 99.3 177.87 114.19 104.21
575.07 903.82 1136.29 3925.76 1703.91 923.69
230.6 451.63 331.36 4355.76 1479.41 864.79
458.67 680.2 799.69 3046.51 1693.85 1400.07
653.69 944.32 1149.84 2758.57 2208.07 1961.5
599.18 791.56 883.28 3153.28 2134.94 1820.76
619.57 941.44 1226.01 3770.8 2050.14 1369.09
144.18 359.97 182.95 4605.06 1236.62 564.49
523.3 839.68 1009.97 4314.07 2070.26 1158.54
586.72 846.65 1270.75 2153.93 1737.27 1002.07
581.47 973.72 1044.44 4722.1 1908.16 1024.64
111.08 200.25 94.46 2383.15 510.08 227.96
108.96 155.43 103.3 1247.25 327.14 172.41
110.15 292.68 74.64 4890.69 992.78 394.04
420.6 596.02 840.43 1531.15 1404.63 929.64
673.24 956.1 1067.51 3571.64 2308.59 1963.8
717.47 1080.21 1551.15 3486.73 2638.85 1634.8
311.47 488.09 636.25 2953.12 1215.99 627.02
191.09 277.2 275.9 2185.19 758.87 493.57
758.96 1125.47 1586.08 3471.3 2899.53 1857.84
226.78 332.06 398.98 1789.82 816.19 612.69
443.68 650.68 784.45 3053.34 1736.75 1377.87
224.74 412.61 403.28 4235.05 1301.11 589.62
140.17 337.99 132.35 4543.28 972.54 390.69
377.93 593.36 598.05 3637.88 1620.33 1200.5
149.15 228.89 132.88 1489.68 372.11 187.81
618.87 1009.33 1128.57 4627.55 2298.5 1307.81
362.56 631.68 654.39 4566.55 1413.65 699.17
500.79 782.26 1048.9 3920.29 2071.92 1203.63
108.05 278.5 72.7 4589.72 932.98 373.0
474.84 680.34 773.81 3493.09 1863.79 1529.76
543.91 883.9 1100.56 4194.82 1966.59 1095.16
656.73 907.83 1041.66 2905.72 2207.44 1939.61
116.04 132.78 124.19 433.35 207.73 164.18
399.71 571.61 792.88 1774.94 1248.99 786.25
254.6 328.97 432.43 584.94 617.83 593.46
130.07 273.35 177.4 4051.08 820.53 358.75
201.86 255.4 338.39 672.64 496.44 456.71
409.16 638.98 842.08 3235.79 1471.45 837.72
232.21 361.09 270.51 2474.65 774.68 470.33
141.23 273.66 238.55 2576.18 814.91 369.58
486.84 789.73 944.69 4114.56 2072.26 1196.51
269.85 488.53 355.35 4363.92 1364.87 847.46
182.69 329.73 264.76 4265.88 1130.16 635.28
879.32 1163.48 1514.49 2099.43 2691.29 2599.66
390.06 595.15 756.28 2968.22 1185.88 647.67
798.0 1158.74 1672.47 3488.66 2413.23 1395.32
107.84 148.51 102.89 1104.04 298.79 163.37
289.53 533.78 318.84 4062.11 1027.56 459.06
109.85 212.36 90.15 2486.49 539.75 237.26
100.79 117.58 97.31 542.26 182.05 126.89
562.81 872.87 1181.9 3920.49 2087.48 1115.63
399.71 590.12 706.48 2921.75 1518.5 1279.08
533.33 875.13 951.14 4639.87 1978.99 1082.69
754.56 1034.29 1377.22 2805.41 2291.67 1782.76
626.99 1009.53 1109.01 4545.37 2068.63 1127.9
172.52 334.8 197.02 3778.01 955.7 469.46
92.94 120.83 90.67 1136.69 288.96 156.01
510.19 889.8 921.19 4502.07 1853.61 932.31
306.36 636.62 242.05 5845.47 1234.42 473.35
130.22 353.8 98.23 4425.09 949.06 368.58
80.24 224.06 65.05 4637.02 774.25 289.68
177.97 347.69 323.06 4162.32 1321.9 581.92
927.61 1203.43 1523.87 2255.43 3109.41 3021.34
156.9 301.39 216.1 4578.58 1137.44 572.94
316.63 579.16 467.25 4368.63 1543.06 974.73
252.38 467.39 428.31 3739.76 1404.42 875.51
862.99 1326.61 1965.24 3601.76 2878.29 1799.45
203.1 268.48 342.89 727.2 571.27 516.15
508.73 768.69 961.2 2989.37 2013.13 1513.9
124.44 242.83 144.33 4117.84 944.54 456.47
112.13 248.23 151.9 4576.23 1007.65 409.9
85.16 173.91 72.25 2933.99 514.64 214.01
101.29 234.66 131.56 4585.51 1006.84 404.81
154.35 364.82 122.73 5102.91 1143.47 442.88
108.17 266.12 137.87 4545.12 1077.96 412.57
434.68 698.01 829.28 4016.86 1746.22 922.1
341.09 678.14 339.49 5701.04 1288.59 516.82
791.74 1074.4 1453.61 2444.81 2462.85 2306.41
577.4 954.66 1089.55 4001.94 2161.81 1256.23
242.06 492.75 395.73 4648.73 1456.24 678.92
509.32 811.21 1012.13 4102.1 1844.61 983.06
112.65 236.79 168.42 3723.89 840.32 350.89
353.25 537.89 448.78 3106.41 1300.9 930.52
742.19 1093.49 1577.78 3576.11 2654.22 1513.0
67.25 161.26 64.36 3370.01 686.48 270.6
619.27 861.83 1147.96 2312.82 2362.66 2199.9
542.42 772.58 1119.07 2459.63 1862.61 1681.28
264.19 384.44 484.18 2063.89 963.45 531.66
175.23 381.49 174.84 4807.55 1163.45 489.42
289.36 557.05 268.18 5369.16 1197.88 511.38
67.3 161.17 64.42 3364.98 685.57 270.33
850.24 1216.71 1666.29 2997.43 2739.05 2012.98
100.5 103.09 100.18 164.01 112.67 104.04
962.0 1398.0 2014.0 3173.0 2939.0 1816.0
69.0 191.5 59.0 4653.5 930.0 346.0
134.0 394.5 95.5 5146.0 1087.0 409.5
969.0 1403.0 2079.0 3181.0 3518.0 2279.0
155.0 368.0 123.0 5163.0 1156.0 447.0
89.8 263.8 87.2 4769.8 1060.5 381.0
971.0 1390.0 2115.5 3245.0 2879.5 1707.0
122.0 299.0 89.0 4632.0 914.0 354.0
72.0 203.8 71.8 4231.5 957.5 341.5
907.5 1325.5 2047.5 3151.5 2757.0 1579.5
948.0 1357.0 1978.0 3155.0 2462.0 1531.0
56.8 180.8 53.0 4412.8 873.5 325.0
119.5 322.5 80.5 4825.8 970.8 371.8
948.0 1376.0 2046.0 3146.0 2970.0 1921.0
911.0 1341.0 1922.0 3127.8 2196.5 1320.8
985.0 1493.5 2276.8 3372.5 3183.8 2033.8
76.2 218.5 55.5 4643.8 764.8 282.8
962.5 1390.0 1954.5 3151.5 2480.0 1527.0
959.5 1435.2 2145.2 3160.2 2832.8 1787.8
88.5 243.0 63.5 4918.0 903.5 321.0
978.0 1422.0 2105.0 3266.0 3199.0 2037.0
79.2 209.2 66.0 4931.0 970.2 374.0
222.2 574.0 104.8 5481.0 1198.8 463.2
992.0 1434.0 2127.0 3253.0 3849.0 2515.0
980.5 1432.2 2016.0 3245.2 2807.8 1800.2
966.0 1422.0 2112.0 3259.5 3477.0 2237.5
109.2 304.0 68.8 5231.2 1052.0 412.0
978.0 1434.0 2220.0 3640.0 4073.0 2397.0
81.5 229.5 75.0 4588.5 1023.0 369.5
937.0 1353.0 2081.0 3198.0 2826.0 1629.0
924.0 1316.0 1970.0 3207.0 2671.0 1584.0
102.5 315.2 89.5 4914.0 1200.8 467.0
980.0 1467.0 2194.0 3388.8 3736.5 2446.5
955.0 1376.0 2056.0 3368.0 3193.0 1885.0
977.5 1462.0 2197.0 3231.5 2940.0 1846.5
939.0 1381.8 2053.5 3176.2 3230.8 2074.0
265.0 540.0 222.0 5608.0 1151.0 427.0
83.0 265.0 84.5 4714.5 1156.5 420.5
245.0 494.0 207.0 5231.5 1090.0 397.0
304.0 635.0 236.5 5868.5 1229.5 464.5
138.0 335.0 114.0 4964.0 1063.0 407.0
53.8 244.8 74.8 4340.2 1057.2 381.2
768.0 937.0 1202.0 1687.0 2456.0 2347.0
839.5 1125.5 1473.5 1964.5 2431.0 2337.0
851.0 1125.0 1487.0 2077.0 2845.0 2757.5
674.0 931.0 1168.0 1598.0 2316.0 2207.0
802.0 1081.5 1471.5 1917.5 2488.0 2377.0
925.8 1236.5 1653.5 2197.5 2743.8 2613.8
730.2 928.0 1240.5 1701.5 2120.2 2066.2
807.5 1039.5 1351.0 1892.0 2546.5 2477.5
913.2 1175.2 1552.5 2217.0 2972.0 2874.8
762.0 1017.0 1384.0 1898.0 2403.0 2316.0
768.8 1023.0 1344.0 1898.0 2593.0 2511.8
829.0 1082.5 1419.0 2036.5 2743.5 2651.0
854.0 1156.0 1575.0 2169.0 2712.0 2618.0
639.0 865.0 1188.0 1648.0 2076.0 2016.0
844.0 1157.0 1430.0 1846.0 2520.0 2406.0
716.0 963.0 1366.8 1791.0 2127.8 2035.2
641.0 907.0 1227.0 1692.0 2009.0 1914.0
822.0 1025.0 1317.0 1836.0 2480.0 2426.0
742.5 1032.0 1418.0 2073.0 2820.5 2703.0
703.5 879.5 1143.8 1618.8 2253.5 2180.0
842.5 1154.0 1648.2 2236.5 2825.8 2704.8
656.2 975.5 1340.8 1867.0 2455.0 2361.2
923.0 1214.2 1604.0 2234.0 3080.0 2985.5
734.8 963.5 1263.8 1827.2 2497.5 2417.8
800.0 989.0 1283.0 1784.0 2597.0 2503.0
706.0 816.0 1002.0 1436.0 2293.0 2206.0
725.0 878.0 1047.0 1489.0 2411.0 2352.0
878.5 1224.0 1682.0 2199.2 2656.0 2552.8
947.0 1212.0 1599.0 2313.0 3158.0 3037.0
589.2 813.2 1233.8 1730.8 1900.0 1827.2
729.0 991.5 1413.5 1964.0 2248.0 2150.5
904.8 1159.0 1500.8 2110.0 2816.5 2720.0
824.0 1099.0 1504.0 2058.0 2602.0 2523.0
836.5 986.8 1224.5 1763.8 2408.0 2363.0
894.0 1109.0 1450.0 2050.0 2679.5 2581.0
922.8 1209.8 1608.8 2273.8 3029.5 2919.0
761.0 1043.0 1428.0 1885.0 2397.0 2298.0
690.5 905.0 1162.8 1628.5 2187.8 2117.0
794.0 1033.0 1333.0 1871.5 2517.0 2421.0
944.0 1266.5 1688.8 2251.2 2816.2 2701.0
726.0 907.0 1139.0 1530.0 2019.0 1932.0
829.2 1124.8 1599.8 2206.2 2634.5 2532.0
921.0 1181.0 1557.0 2200.0 3037.0 2940.0
735.0 948.0 1238.0 1781.0 2503.0 2425.0
684.0 932.0 1313.0 1825.0 2332.0 2243.0
955.2 1228.0 1601.8 2260.2 2853.5 2766.5
806.0 1120.0 1498.0 2025.0 2566.0 2470.0
822.8 960.5 1128.5 1537.0 2182.8 2085.0
641.0 896.0 1266.0 1659.0 1887.5 1822.0
871.0 1129.0 1503.2 2057.8 2777.2 2662.0
833.0 1120.0 1439.0 1912.0 2418.0 2335.0
906.5 1134.2 1379.5 1798.5 2442.5 2363.5
612.5 842.5 1118.0 1490.0 2004.0 1917.0
741.5 944.0 1193.5 1631.5 2141.5 2080.0
882.5 1167.0 1520.5 2088.0 2698.5 2609.0
938.0 1173.0 1417.0 1866.0 2519.0 2437.0
927.0 1208.0 1637.0 2208.0 2809.0 2698.0
855.0 1101.0 1438.0 2028.0 2691.5 2610.0
705.0 972.0 1320.0 1791.5 2238.5 2159.0
837.0 1082.0 1417.0 2015.0 2798.0 2707.0
842.5 1173.5 1560.5 2028.5 2690.5 2567.5
604.0 697.5 845.0 1219.5 2055.5 2008.5
730.5 976.0 1293.0 1724.0 2096.5 2039.5
764.5 919.0 1087.0 1489.5 2095.0 2002.0
745.5 970.5 1232.5 1660.5 2177.5 2078.0
613.2 779.2 979.8 1360.5 1779.8 1769.5
793.0 1047.2 1363.0 1889.5 2419.2 2344.2
815.0 1000.0 1207.0 1625.5 2248.0 2163.0
843.0 1099.0 1451.5 2043.0 2738.0 2657.5
772.0 992.0 1295.8 1845.8 2461.0 2394.0
895.0 1245.5 1667.0 2236.0 2803.0 2694.0
765.5 1003.0 1321.0 1858.0 2440.0 2353.0
714.5 1003.5 1444.0 2002.5 2485.5 2401.5
494.5 611.5 726.5 1056.8 1795.0 1744.5
924.5 1207.0 1571.5 2078.0 2692.0 2588.5
696.8 869.5 1026.8 1427.2 2001.5 1927.5
721.0 985.0 1346.0 1933.0 2632.0 2539.0
849.5 1092.0 1370.2 1861.2 2472.8 2388.2
948.0 1249.0 1638.0 2246.0 2922.0 2819.0
694.8 840.8 1036.8 1393.8 1978.2 1915.8
760.0 991.0 1309.0 1853.0 2493.0 2420.0
928.0 1191.0 1564.0 2183.0 2886.0 2803.0
865.0 1153.0 1527.0 2115.5 2890.0 2785.0
662.8 884.0 1187.0 1705.0 2242.0 2151.8
603.2 862.0 1290.2 1790.5 2089.0 2029.2
682.8 802.2 949.2 1388.8 2317.5 2267.2
571.5 650.0 741.0 1076.0 2143.0 2120.5
811.2 1079.8 1420.5 1908.5 2484.0 2367.8
634.5 841.5 1134.5 1640.5 2306.0 2225.0
693.0 922.0 1262.0 1853.0 2415.0 2306.0
712.5 980.0 1304.5 1763.2 2235.8 2140.0
871.0 1195.0 1616.0 2208.0 2857.0 2755.0
915.0 1197.0 1579.0 2198.8 2939.0 2853.8
726.5 1001.0 1490.5 2050.5 2329.0 2253.0
784.0 1041.0 1376.2 1944.2 2683.0 2583.2
865.8 1136.8 1481.5 2033.0 2641.8 2551.2
837.8 1147.5 1648.5 2250.8 2700.2 2578.0
866.0 1156.0 1526.0 2111.5 2891.0 2797.0
833.0 1069.5 1333.0 1876.5 2457.5 2371.5
823.0 1116.5 1508.0 2131.5 2906.0 2777.0
585.5 771.0 1002.5 1461.5 1967.5 1912.0
873.0 1194.0 1591.0 2159.0 2736.2 2631.8
716.0 947.5 1257.0 1678.0 2192.0 2089.0
846.0 1104.0 1453.0 2038.0 2776.0 2693.0
623.0 879.0 1316.2 1827.2 2025.5 1961.5
935.0 1244.0 1643.0 2260.0 3095.0 2981.0
760.0 1046.0 1398.0 1960.0 2575.0 2476.0
655.0 909.5 1375.0 1859.0 2079.5 1999.0
781.0 1034.8 1371.5 1916.0 2624.0 2537.8
877.0 1167.5 1545.5 2071.5 2560.5 2478.0
755.0 955.0 1238.8 1769.0 2392.8 2328.0
928.0 1278.0 1695.5 2233.0 2786.0 2674.5
663.0 808.0 944.0 1365.0 2433.0 2344.0
655.2 879.8 1083.0 1511.2 1882.5 1803.5
759.0 987.0 1297.0 1832.0 2491.0 2412.0
826.5 1133.0 1648.8 2248.8 2639.5 2538.5
799.0 1081.5 1432.5 1982.0 2481.5 2404.5
657.0 884.0 1228.0 1711.0 2171.0 2084.0
562.8 795.0 1215.0 1587.5 1707.0 1652.8
940.0 1248.0 1642.0 2258.0 3106.2 3016.0
739.0 1000.2 1362.0 1855.0 2252.8 2174.0
911.0 1149.0 1500.0 2130.0 2851.0 2772.0
811.5 1080.5 1496.5 1990.0 2621.5 2521.0
794.0 988.0 1204.0 1609.0 2197.0 2121.0
853.0 1090.0 1411.0 2003.0 2752.0 2658.0
929.0 1206.0 1569.0 2190.0 2983.0 2872.0
864.0 1186.0 1576.0 2099.0 2608.0 2509.0
531.0 693.0 1037.0 1412.0 1224.0 1183.0
625.0 804.0 1144.0 1564.0 1425.0 1398.0
753.2 1030.5 1597.8 2142.8 2414.0 2318.8
715.0 985.0 1354.0 1781.0 2272.0 2160.0
819.0 1111.0 1495.2 2022.2 2530.8 2429.2
562.5 761.5 1033.8 1404.5 1897.2 1825.8
873.0 1144.0 1506.0 2092.0 2837.0 2744.0
680.5 936.8 1301.8 1826.0 2445.2 2354.0
925.0 1180.0 1542.0 2188.0 3006.0 2917.0
760.0 961.0 1251.0 1793.0 2435.0 2355.0
832.5 1056.0 1370.0 1954.0 2629.0 2571.0
761.5 1050.5 1440.0 1886.0 2352.5 2250.5
745.0 1005.0 1345.0 1792.0 1763.0 1724.0
891.0 1224.0 1623.0 2193.0 2784.0 2700.0
891.0 1224.0 1623.0 2193.0 2784.0 2700.0
568.0 821.0 1180.0 1644.0 2111.0 2013.0
866.0 1046.0 1340.0 1946.0 2723.0 2646.0
940.0 1228.0 1620.0 2241.0 3065.0 2968.0
794.0 1042.0 1367.0 1905.0 2584.0 2498.0
919.2 1225.8 1632.0 2231.0 2830.8 2723.5
681.5 912.5 1230.5 1707.5 2195.0 2129.5
626.0 732.0 875.0 1305.0 2153.0 2135.0
445.0 496.0 565.0 791.0 1386.0 1328.0
857.0 1146.8 1590.0 2166.2 2596.8 2497.0
791.0 1049.0 1494.0 2026.0 2529.0 2427.0
891.0 1224.0 1623.0 2193.0 2784.0 2700.0
735.0 1019.0 1466.0 2006.5 2331.5 2246.5
805.0 1139.0 1507.0 2041.0 2565.0 2447.0
773.5 936.5 1210.0 1756.5 2512.5 2418.5
812.0 1059.0 1431.0 2026.0 2822.0 2690.0
766.5 976.8 1268.8 1760.2 2291.8 2219.8
858.5 1094.5 1411.0 1982.0 2601.0 2516.5
720.0 969.0 1285.5 1726.5 2381.0 2285.5
706.0 970.5 1257.0 1597.0 1574.5 1517.0
717.0 935.0 1230.2 1764.0 2423.0 2349.2
829.0 1060.0 1392.0 1986.5 2724.5 2643.5
702.5 921.5 1339.0 1831.0 2148.0 2058.5
549.0 651.0 748.0 1104.0 1802.0 1762.0
644.8 881.0 1280.8 1749.0 2053.0 2000.8
878.0 1092.0 1327.0 1745.0 2368.0 2292.0
919.5 1129.5 1434.0 2069.5 2925.5 2850.0
711.0 952.0 1270.0 1797.0 2394.0 2302.0
933.0 1197.2 1551.5 2165.0 2886.0 2796.2
803.0 1095.0 1504.5 1993.5 2662.0 2566.5
911.0 1260.5 1689.0 2227.5 2882.0 2764.0
601.2 845.8 1120.2 1463.8 1473.8 1429.8
911.0 1170.0 1541.0 2187.0 3003.8 2910.8
832.0 1155.0 1508.0 1996.0 2604.0 2499.0
864.0 1157.0 1609.0 2201.0 2733.5 2620.0
747.2 1003.2 1281.5 1803.5 2383.5 2284.2
836.0 1061.5 1364.0 1938.0 2713.0 2601.5
799.0 1005.0 1309.0 1853.5 2526.0 2427.0
793.2 1096.8 1554.2 2108.2 2683.0 2555.8
874.0 1167.0 1554.0 2196.0 3091.0 3000.0
834.0 1087.0 1449.0 2076.0 2940.0 2831.0
640.0 932.0 1265.5 1641.5 1864.0 1819.0
911.2 1214.2 1595.2 2144.5 2765.5 2671.2
776.5 1048.8 1375.5 1702.0 1798.8 1734.2
811.0 1085.0 1446.0 1942.0 2443.0 2355.0
806.0 1048.0 1354.0 1876.0 2610.0 2516.0
874.0 1099.0 1454.0 2094.0 2880.0 2842.0
906.0 1228.5 1628.2 2185.2 2763.0 2647.8
845.2 1154.8 1519.5 1946.5 2659.5 2539.0
750.8 970.8 1260.2 1788.0 2377.2 2283.0
913.0 1204.0 1595.0 2261.0 3178.0 3049.0
748.0 975.0 1300.0 1870.0 2733.0 2619.0
567.0 814.2 1131.0 1471.0 1600.0 1553.5
586.2 808.0 1102.0 1514.0 2074.0 1984.8
682.0 908.0 1178.0 1613.2 2030.8 1954.5
950.0 1228.0 1561.0 2202.0 3162.0 3089.0
774.0 1019.0 1314.8 1903.5 2600.2 2521.2
853.5 1109.0 1470.0 2096.5 2805.0 2714.5
794.2 1101.8 1720.5 2272.0 2521.5 2432.5
691.5 970.0 1384.0 1883.0 2344.0 2263.0
100.0 100.0 100.0 100.0 100.0 100.0
