887.27 1168.75 1525.52 2393.19 2947.57 2811.26
519.19 751.54 1033.03 2877.23 1830.34 1624.91
272.23 404.93 416.89 3298.16 1300.77 856.49
94.32 139.76 92.32 1478.04 383.37 182.74
106.11 137.8 102.25 882.31 254.89 149.38
93.59 202.92 91.96 3034.24 703.52 276.56
622.79 980.23 1346.43 3832.24 2193.04 1278.71
90.23 164.64 81.71 2452.24 452.54 203.43
95.35 123.14 91.31 987.34 229.83 135.7
78.02 257.55 114.83 3968.44 1034.52 423.51
112.83 235.77 120.7 2799.23 744.31 323.75
322.43 590.7 395.59 5007.03 1240.01 518.95
542.39 837.1 1088.74 3606.19 1915.64 1139.01
187.4 329.55 297.93 3212.6 839.58 531.04
125.13 295.29 102.73 4495.41 964.87 420.54
569.28 796.94 1145.49 1912.31 1588.9 1026.06
153.2 263.32 256.74 2955.6 844.32 502.54
173.11 336.05 180.77 4047.96 978.3 497.58
121.07 181.73 100.83 1027.87 289.47 162.63
484.3 690.21 763.97 3101.66 1917.49 1563.34
123.86 301.03 92.95 4620.9 917.54 359.07
320.28 489.32 619.79 2569.36 1223.11 692.63
270.55 399.93 493.53 2168.37 865.87 484.73
688.03 1050.63 1421.2 3792.84 2446.4 1474.56
378.31 584.29 431.86 3811.03 1410.73 959.63
91.59 181.64 92.33 2383.13 622.73 258.57
531.46 841.32 1158.33 3803.79 1938.87 1109.4
94.33 128.25 89.39 1183.1 258.47 143.57
161.71 266.19 146.9 2247.5 517.68 227.9
351.4 499.77 530.5 3538.53 1556.86 1163.0
642.05 860.59 1095.05 2337.44 2425.15 2235.67
175.5 392.84 102.97 3424.46 778.86 324.39
183.91 337.6 293.78 4287.94 1149.15 591.73
396.75 576.08 549.56 2654.57 1336.22 1044.98
523.3 746.93 920.07 2884.95 1884.19 1632.05
188.18 290.06 307.96 2420.17 782.56 419.49
458.78 685.43 669.3 3408.44 1547.36 1164.14
56.84 246.86 79.5 4306.02 1056.56 386.97
141.96 214.0 130.96 1584.77 386.45 185.94
811.9 1162.33 1698.02 3007.55 2592.79 1805.38
378.13 661.09 576.85 4813.52 1424.99 634.62
95.99 121.08 93.44 1032.38 267.95 152.88
511.68 781.6 800.54 3862.57 1699.82 1175.78
483.09 699.79 832.97 3067.66 1924.92 1625.0
232.02 458.74 197.42 4772.27 1001.4 370.42
346.35 500.34 526.66 3152.7 1356.33 1076.87
136.84 164.83 179.34 463.48 236.6 167.4
114.46 225.28 98.09 2246.56 519.87 231.66
153.82 241.16 136.01 1621.99 398.01 196.17
303.02 525.29 579.74 4290.92 1456.19 781.09
173.16 352.16 207.42 4203.63 983.66 437.22
294.93 581.54 272.64 4960.62 1144.17 472.53
335.9 588.56 648.52 4217.25 1769.8 954.6
83.89 219.62 72.43 4361.59 742.14 283.23
768.97 1174.23 1657.09 3777.38 3236.59 1858.87
167.86 205.7 220.01 735.84 411.46 353.39
106.56 174.85 93.44 1689.81 392.95 191.44
510.79 810.38 1049.32 4119.86 2141.97 1243.3
367.22 706.71 420.72 5601.79 1388.95 580.8
290.51 430.41 568.08 2195.27 1004.61 542.48
766.95 1117.91 1615.55 3501.21 2367.81 1357.52
874.07 1343.67 1966.54 3651.16 2869.94 1788.44
155.26 367.35 169.27 4693.9 1039.48 429.03
187.38 406.34 196.63 5050.94 1252.94 540.11
273.93 502.63 408.91 4255.4 1516.24 928.92
392.19 650.85 639.29 3959.96 1497.12 784.22
397.83 540.92 674.44 1414.7 1215.63 1037.31
556.89 832.38 1013.72 3459.28 1932.67 1412.78
104.94 209.47 83.26 2853.56 610.87 267.43
173.6 288.52 240.32 1985.86 617.74 313.75
103.06 281.69 118.71 4746.83 1088.57 402.89
361.74 522.72 715.51 1936.37 1080.58 712.9
144.23 346.94 229.11 4612.98 1278.59 518.12
520.93 664.35 699.57 2376.47 1930.51 1722.53
217.3 432.35 322.65 4804.35 1238.11 558.31
157.86 328.93 248.72 4354.58 1160.77 499.71
726.0 1049.22 1418.19 2992.18 2470.44 1686.96
585.24 792.57 918.26 2770.6 1984.57 1711.47
209.3 397.0 180.66 3968.22 846.28 323.88
804.02 1176.33 1772.12 3356.88 2538.75 1431.07
142.97 336.57 135.44 4949.88 1097.96 499.71
88.42 212.38 89.44 3242.93 819.58 318.29
647.05 918.93 1163.88 2842.14 2225.31 2005.47
802.43 1169.55 1704.78 2945.56 2645.51 1669.84
322.1 535.08 615.51 4453.28 1665.7 894.03
420.44 717.36 649.4 4735.04 1646.11 841.86
97.1 128.18 97.35 888.01 280.42 154.73
251.58 483.15 362.95 3820.66 1278.27 805.43
87.99 228.56 124.96 3073.94 809.85 325.11
365.79 556.09 609.4 3643.09 1318.81 922.89
542.89 787.36 1112.32 2919.57 1709.98 971.92
800.5 1219.3 1772.23 3567.28 2534.54 1542.78
191.3 382.6 381.01 3252.86 1131.79 543.39
84.97 144.37 80.12 2308.13 502.49 219.29
699.95 1031.11 1492.58 3757.43 2299.2 1301.85
207.29 370.11 285.58 4134.54 1263.12 704.62
266.96 603.43 194.53 5178.6 1305.46 621.95
538.14 705.69 898.89 1823.18 1772.73 1652.08
516.33 779.48 840.08 3829.51 1916.31 1479.25
289.81 389.86 418.6 1582.61 935.87 789.54
236.97 375.0 354.64 3085.82 1038.62 746.53
283.76 635.79 269.9 5173.3 1327.32 572.97
303.73 634.28 236.32 5860.76 1227.98 464.01
221.53 372.57 266.82 3571.1 1056.16 644.66
573.83 824.13 1182.53 2094.1 2174.94 1412.3
505.81 716.98 846.5 2511.9 1549.68 1106.02
138.78 205.37 128.62 1472.41 364.77 179.43
545.63 880.95 1001.33 4409.24 2085.31 1164.43
783.17 1076.49 1364.65 2666.0 2665.42 2422.95
272.9 461.52 406.37 3287.05 1169.79 796.16
646.5 999.72 1269.57 4006.51 2134.74 1268.05
714.52 911.85 1146.3 1651.5 2070.72 1999.77
102.91 164.53 90.13 1723.12 401.14 198.69
192.55 292.13 262.28 2853.48 912.72 592.23
583.22 852.18 1160.59 3255.15 1937.44 1465.13
820.27 1285.84 1783.27 3976.26 2711.07 1654.2
790.07 1085.9 1414.27 2044.5 2515.21 2363.94
670.84 869.51 1104.93 2117.74 2100.63 1964.41
395.1 732.19 494.75 5331.21 1462.24 703.53
437.6 738.65 965.66 4049.42 2309.6 1218.32
140.83 209.61 184.59 1767.25 578.75 347.89
91.72 232.93 89.61 3889.6 879.46 328.03
395.64 603.59 699.1 2861.02 1722.25 1375.07
280.66 515.68 456.78 4669.6 1374.1 629.64
353.74 571.79 551.56 3626.34 1534.41 1136.19
717.2 937.38 1232.36 1900.91 2332.03 2227.53
279.94 401.33 341.33 1637.87 792.34 611.26
97.48 140.46 96.84 1253.54 337.26 169.41
112.01 158.52 105.02 1205.54 330.58 175.77
680.59 1041.62 1338.93 3857.06 2186.69 1304.25
133.41 262.78 113.97 3175.18 741.4 310.76
665.63 916.89 1139.66 3110.0 2425.36 2173.88
94.71 184.9 93.37 2520.51 597.86 245.65
307.3 437.24 584.01 2021.06 1100.39 919.11
115.28 310.36 82.76 5188.01 1060.2 421.75
82.95 208.81 90.66 4582.33 957.59 386.68
535.32 760.12 919.37 3239.77 2083.97 1772.22
198.75 325.58 333.87 2361.2 976.43 517.29
93.98 158.43 94.51 1734.11 474.13 213.5
823.93 1217.44 1753.54 3454.43 2686.3 1697.8
186.87 269.12 251.11 1369.03 517.85 298.84
644.19 1030.07 1171.28 4575.24 2524.74 1478.39
479.56 735.08 799.65 3953.36 1787.0 1153.61
584.55 866.42 1155.44 3682.92 2340.35 1535.34
411.26 771.65 587.41 4783.25 1528.41 777.11
490.65 737.65 897.09 3175.19 1866.99 1393.91
501.94 715.23 795.15 2985.53 1822.78 1529.59
208.4 303.66 303.27 1379.94 649.82 499.6
481.21 642.31 697.01 2796.24 1668.24 1344.69
867.36 1283.93 1882.33 3225.41 3014.73 1919.6
88.45 180.86 84.39 2902.66 676.33 268.28
234.24 464.77 199.06 4850.79 1016.55 374.97
279.67 446.1 482.25 2873.63 1094.53 572.72
88.1 144.12 88.01 1856.23 464.51 202.66
742.92 1089.42 1437.27 3456.8 2334.11 1497.33
292.59 651.17 286.83 5238.58 1362.76 598.21
482.68 704.86 881.23 3223.85 1955.18 1388.0
592.34 848.54 1265.28 1840.42 2065.86 1994.68
90.87 213.54 71.02 3925.38 737.96 275.47
352.26 607.83 518.32 4395.21 1345.43 750.83
69.88 194.39 83.57 2864.06 723.97 283.31
615.25 846.29 1021.11 2860.83 2161.82 1929.86
118.94 271.32 90.53 4001.71 800.79 318.68
91.11 146.65 85.47 2164.01 471.79 217.06
100.77 117.14 97.38 531.21 180.0 126.22
167.74 378.75 156.62 4988.96 1168.3 469.53
243.44 450.23 393.32 3871.01 1451.67 902.11
277.28 378.81 436.85 1213.98 803.71 657.09
88.99 236.97 65.04 4714.72 869.6 311.68
145.27 288.22 199.87 4033.46 1111.56 536.47
845.27 1173.51 1646.53 2639.75 2712.18 2134.15
292.5 604.83 228.8 5543.2 1165.8 443.94
90.82 214.14 70.87 3945.48 741.31 276.39
627.09 862.17 1240.34 1852.72 2016.52 1945.89
840.46 1245.43 1739.94 3624.13 3085.83 1940.86
225.55 366.68 368.47 2680.2 1052.32 611.8
328.66 498.66 495.53 3068.51 1355.26 1031.8
98.09 110.01 96.88 542.87 179.77 125.12
59.0 228.49 77.64 3862.71 949.41 349.53
89.62 132.52 94.34 1052.39 315.0 163.16
299.91 511.62 497.58 4024.91 1643.55 1000.0
862.09 1279.53 1782.78 3613.07 3150.08 1987.28
73.55 178.06 65.02 3984.79 808.11 309.87
144.71 253.36 222.63 2770.15 866.98 409.46
590.56 824.57 971.69 3150.27 2164.84 1866.53
540.39 833.5 1100.34 3733.79 2024.71 1269.85
85.44 216.04 81.35 4043.54 916.24 342.52
166.11 268.55 278.58 2399.75 776.78 405.84
85.86 126.44 84.62 1511.33 353.12 173.63
222.26 450.22 330.11 4934.61 1213.38 540.14
115.59 291.58 132.73 4672.68 1118.56 459.95
95.91 249.34 108.98 4569.26 1066.51 402.8
593.47 882.63 1255.42 2874.75 2137.04 1327.01
127.43 173.15 120.28 1015.75 274.74 154.37
157.95 315.19 244.62 4775.87 1163.69 519.1
625.85 997.29 1241.66 4191.64 2051.87 1150.64
458.33 676.87 902.99 3080.03 1587.48 1093.19
103.3 173.25 88.8 1942.53 441.85 212.03
88.99 140.81 88.91 1724.17 437.1 194.94
834.47 1087.2 1435.37 2158.86 2755.05 2654.97
693.8 1082.23 1487.01 3924.21 2827.78 1753.27
497.08 680.82 904.62 1351.59 1434.93 1359.2
292.42 477.56 531.61 3162.5 1338.38 704.49
80.96 135.61 79.28 2000.91 440.93 199.17
268.82 487.2 411.84 4202.71 1314.9 634.53
525.64 761.19 837.75 3535.85 2031.0 1650.18
359.68 683.51 356.76 5519.09 1391.21 689.38
224.47 464.02 456.31 4115.77 1476.28 707.58
634.32 977.79 1365.6 3731.93 2137.78 1160.83
204.65 418.91 250.02 4770.52 1241.08 604.83
130.57 244.44 167.5 3252.99 699.33 334.1
883.24 1150.88 1445.98 2388.55 2978.86 2874.61
777.49 1121.77 1615.02 2954.19 2839.23 2005.32
300.28 563.49 543.6 4518.45 1729.7 880.59
295.32 520.53 537.35 4264.08 1372.7 653.38
86.59 149.73 86.49 2079.25 510.8 215.69
134.2 289.44 129.27 3045.14 705.56 314.72
773.03 1132.18 1552.73 3223.56 2121.21 1264.03
183.2 344.32 251.17 4339.3 1057.35 624.31
269.04 462.95 469.48 3670.26 1183.2 579.33
359.1 613.9 654.34 4572.7 1596.4 835.54
865.14 1263.03 1818.52 3043.8 2854.74 2105.09
351.72 603.6 660.89 4365.78 1761.77 902.28
716.9 1056.31 1472.53 3465.94 2669.03 1741.48
281.41 497.15 410.01 4392.22 1414.63 768.76
598.78 946.76 1051.08 4432.46 1786.98 953.4
118.09 211.89 106.67 2415.8 558.49 246.17
225.62 363.62 348.98 2521.94 913.42 609.29
193.23 376.26 225.2 4321.74 1090.28 584.65
739.93 1031.96 1302.27 3021.44 2445.88 1985.83
230.33 382.16 266.26 3189.83 1111.99 735.39
880.61 1308.39 1907.34 3398.35 3217.7 2046.95
93.07 120.46 90.83 1117.95 285.55 154.99
101.0 185.68 95.82 2016.72 538.29 246.12
291.62 489.69 487.21 3735.87 1586.91 1065.34
101.02 187.48 95.73 2056.86 547.47 249.18
125.81 303.97 98.04 4625.14 923.5 361.24
84.74 206.84 79.37 3803.08 861.49 322.34
130.77 193.23 163.22 1748.67 447.32 257.4
199.06 415.6 278.47 5007.97 1230.55 541.25
147.3 346.0 151.16 4485.9 999.17 452.02
702.68 846.33 957.86 2066.77 1998.88 1805.76
931.15 1371.09 2035.34 3192.23 3210.15 2058.47
258.21 352.91 439.2 1094.1 779.39 564.96
125.43 342.67 139.95 4831.57 1233.94 498.9
475.17 688.67 760.53 3316.74 1862.46 1538.42
733.65 1049.88 1294.73 3124.35 2519.2 1984.1
89.4 155.64 82.68 2561.3 543.35 239.6
900.51 1274.93 1896.8 3034.19 2655.68 1761.09
175.29 392.03 102.96 3415.26 776.98 323.77
686.57 1069.31 1554.24 3789.85 2449.51 1483.91
570.54 808.53 1134.07 2328.47 1905.28 1750.55
207.27 478.09 257.58 4927.53 1255.87 562.52
421.14 661.46 724.77 3609.91 1886.18 1482.41
576.36 835.64 970.37 3500.85 2077.91 1745.14
663.98 993.9 1382.22 3648.33 2171.34 1239.78
252.98 440.17 393.14 4027.28 1359.47 792.6
136.08 283.98 207.65 4088.89 1090.78 475.85
97.28 253.67 82.86 4877.11 925.69 350.18
788.39 1019.35 1318.64 1954.08 2508.73 2424.34
101.28 128.29 95.67 811.51 232.01 143.26
361.45 627.07 472.48 4459.54 1355.57 810.27
253.78 461.41 356.8 4401.6 1366.59 855.48
681.46 1009.35 1241.8 3214.82 2277.58 1841.93
447.75 668.45 894.97 2392.95 1563.95 978.72
351.69 503.9 625.92 1897.93 1247.9 859.49
397.2 611.2 757.75 2703.65 1521.89 899.57
573.51 881.5 932.9 3321.84 1979.94 1622.79
312.62 519.58 508.47 4059.12 1434.67 988.75
144.47 406.96 121.77 5107.55 1116.93 433.98
774.51 1049.23 1428.85 2423.85 2429.4 2270.7
214.42 322.01 337.9 1706.44 684.46 387.75
90.88 163.83 87.68 2312.2 554.91 232.83
389.49 568.3 735.12 2726.05 1480.38 1219.14
232.06 424.75 297.17 4302.51 1211.62 715.58
853.37 1258.5 1811.48 3464.88 2866.32 1791.97
141.37 357.14 162.5 4749.16 1271.18 571.25
323.34 511.31 520.93 3700.28 1507.21 1031.79
63.07 181.9 64.52 4182.56 841.94 319.33
580.97 761.31 939.5 2500.75 2021.71 1825.2
250.37 338.39 383.69 1069.62 718.95 624.83
97.08 146.95 96.33 1438.61 375.33 180.55
463.09 770.39 989.44 3800.44 2061.79 1164.29
192.23 388.73 263.55 4358.79 1049.87 467.14
245.36 418.46 357.28 3362.33 1082.56 670.88
625.73 929.29 1255.28 3489.75 2371.87 1551.65
783.47 1166.79 1646.85 3576.44 2679.71 1654.52
127.1 329.48 94.14 4781.02 984.54 392.69
305.95 386.19 431.75 1443.95 1064.57 900.89
243.77 433.6 364.48 3411.37 1265.13 791.1
404.24 651.42 769.37 3702.36 1739.53 1201.52
210.42 434.05 298.92 4827.93 1244.33 546.09
427.61 695.1 892.51 4271.84 1734.19 945.11
170.88 285.88 147.42 2104.16 492.43 226.64
192.23 312.03 291.49 3142.35 951.93 595.1
100.09 108.12 99.6 281.55 141.51 113.84
247.87 478.39 389.61 4781.41 1455.11 666.87
528.57 864.8 964.05 3928.67 1701.1 934.04
291.83 481.8 509.74 3667.76 1404.84 991.58
390.96 590.17 583.01 3786.94 1557.92 1117.05
226.19 417.06 307.65 4237.46 1384.68 758.2
208.82 395.68 180.3 3950.94 842.95 322.88
97.83 108.06 97.81 420.71 166.56 118.75
113.36 246.47 146.12 4534.38 1028.46 444.23
116.39 248.9 129.64 4682.33 1026.58 471.19
189.2 314.29 179.17 2212.84 556.12 279.93
622.6 955.65 1273.61 3519.32 2085.13 1347.82
304.11 493.52 462.64 3830.98 1579.42 1040.14
138.39 335.34 114.98 4958.89 1063.41 407.68
529.96 810.88 1046.69 2532.8 1737.98 1170.5
443.03 752.09 585.11 4625.72 1573.96 972.53
264.75 411.31 415.44 3003.59 1242.93 896.79
347.02 571.88 696.37 4181.41 1665.26 898.21
616.58 869.73 1115.76 2674.5 2113.89 1839.35
463.44 648.99 745.78 3086.6 1708.81 1457.77
150.72 305.43 145.99 3657.35 873.28 365.75
436.56 647.89 887.23 2630.52 1675.8 1403.02
231.71 453.02 274.37 4833.77 1343.19 700.55
92.18 225.64 90.18 3681.92 836.74 315.54
436.14 638.18 691.4 2768.92 1384.18 1096.68
721.53 949.87 1237.69 1903.54 2466.8 2372.7
965.3 1445.78 2166.25 3260.14 2913.55 1825.75
104.0 145.65 96.0 1069.5 278.64 155.76
98.0 230.13 128.5 3971.4 963.98 369.44
334.93 544.08 521.08 3419.49 1132.48 549.26
161.52 291.66 236.54 3710.74 1040.76 601.3
682.21 1043.65 1494.52 3368.13 2175.09 1317.98
796.4 1091.32 1500.89 2813.23 2716.67 2165.94
785.63 1069.94 1394.34 2797.25 2333.49 1789.06
721.06 1073.36 1605.37 3485.46 2350.78 1305.24
851.63 1265.14 1738.3 3347.91 2655.53 1610.07
461.11 660.91 733.24 3508.07 1853.55 1451.35
100.6 105.42 99.7 223.39 122.16 106.92
623.9 886.39 1119.62 2680.45 2160.26 1890.69
804.48 1109.77 1517.7 2591.08 2873.3 2332.45
154.47 316.17 260.0 4141.84 1189.91 516.39
526.9 692.1 905.02 1323.22 1483.25 1287.43
142.77 301.76 212.27 4234.48 1114.83 466.94
342.63 480.55 637.69 1425.62 978.86 606.12
725.41 951.32 1200.42 2432.86 2475.42 2308.23
199.35 463.87 123.32 4107.11 939.57 385.82
258.93 461.29 387.34 4136.39 1276.61 759.46
366.72 464.28 579.23 1146.42 1021.57 952.59
103.44 129.71 110.24 973.67 278.11 162.8
255.28 364.03 400.03 1585.14 927.08 754.68
268.15 496.59 415.43 4195.98 1183.9 569.83
238.93 362.56 301.91 2212.55 801.28 494.59
287.34 418.94 349.7 2937.42 1207.5 889.69
258.5 505.74 235.13 5122.92 1117.81 443.74
141.45 350.04 259.17 4148.45 1239.2 569.83
490.18 730.85 1008.91 2222.49 1782.6 1625.4
670.68 900.06 1220.13 1875.75 2020.8 1915.93
229.13 397.39 370.77 3850.36 1317.49 809.31
385.89 697.25 586.08 4115.91 1420.46 700.34
136.98 277.5 200.34 4110.8 976.58 481.99
122.83 159.14 132.31 854.49 300.38 198.31
207.27 391.47 179.16 3896.16 832.38 319.71
528.09 787.09 1015.19 1923.55 1554.72 1430.45
294.4 451.57 440.11 3545.77 1402.67 956.12
368.95 563.35 716.63 3446.15 1383.34 732.31
87.89 209.37 81.3 4546.07 923.86 376.59
164.67 352.43 189.19 4472.08 969.98 402.38
379.06 697.35 409.68 5261.35 1436.99 776.0
331.82 569.99 611.42 4158.05 1527.36 825.48
579.42 893.91 1219.9 3893.0 2119.71 1139.7
189.71 339.85 356.89 3610.24 1043.92 479.86
228.72 576.53 121.01 5395.52 1207.92 486.23
434.97 643.33 761.06 3418.54 1672.14 1108.78
608.87 844.34 1031.43 2622.14 2091.73 1845.3
460.36 742.01 880.09 4082.64 1663.25 867.61
832.69 1196.88 1647.84 3004.82 2266.84 1530.98
483.55 741.46 882.07 3497.72 1903.02 1213.66
118.99 173.66 100.75 936.17 270.75 156.44
297.04 502.46 423.57 4121.31 1383.57 919.59
324.9 532.46 481.21 3448.28 1076.11 520.32
75.15 146.47 72.97 2580.43 544.86 229.4
464.02 720.27 752.15 3684.36 1617.88 1204.72
934.27 1258.54 1678.91 2470.01 2885.38 2578.94
98.93 113.3 96.6 548.26 174.76 120.56
654.37 931.26 1133.57 3398.57 2083.3 1636.53
374.53 499.83 546.71 1368.11 1080.26 989.06
54.65 242.13 75.27 4261.93 1039.53 376.01
737.1 1025.85 1406.4 2096.87 2804.46 2682.79
604.27 935.75 1284.95 3746.36 2361.78 1299.74
241.17 432.33 403.04 4243.96 1302.11 659.65
233.3 360.94 319.28 2353.22 873.76 613.14
61.9 171.25 58.55 3903.19 782.1 298.41
378.9 583.89 610.23 3532.93 1493.53 1048.66
163.99 373.53 274.97 4594.8 1389.46 603.43
199.8 382.67 319.81 4541.0 1166.66 512.93
56.75 235.55 76.41 4069.36 996.06 363.24
641.33 953.29 1310.69 3531.86 1935.31 1114.59
67.4 202.17 82.22 3092.0 775.43 298.42
629.85 933.99 1098.41 3735.79 2048.87 1499.67
744.65 1011.38 1309.47 2778.62 2321.97 1732.0
119.95 314.48 84.44 4618.49 935.95 362.05
319.97 541.36 655.29 3165.09 1509.99 1120.17
57.42 179.63 53.68 4350.6 862.34 321.75
419.8 625.72 627.85 3725.63 1689.83 1304.5
92.22 128.83 92.17 1247.52 338.17 167.08
594.09 823.78 1013.89 2898.25 2197.39 1903.64
671.93 1016.43 1377.22 3760.34 2769.21 1719.97
195.57 345.84 290.82 3138.42 1068.17 617.44
106.24 217.23 105.81 2571.03 673.64 294.44
891.79 1351.08 1959.41 3517.39 2724.78 1675.73
415.91 620.57 832.41 2541.25 1509.25 890.25
793.27 1230.28 1730.82 3776.65 3151.7 1996.89
408.48 766.71 549.52 5485.57 1529.33 705.26
217.42 395.0 397.73 3922.53 1215.63 540.02
938.57 1360.43 1892.35 3102.53 2714.25 1841.09
292.03 477.01 481.7 3447.53 1272.16 897.63
525.18 828.61 1127.7 3888.53 1904.75 1084.59
125.61 257.71 157.55 4500.62 1052.87 500.62
897.27 1326.45 1949.61 3264.31 3116.7 2000.7
416.46 629.35 709.74 3034.23 1749.75 1379.01
839.09 1238.28 1770.51 3595.64 3364.54 2150.75
505.98 814.23 944.74 4213.28 1825.08 1015.51
263.7 513.55 247.6 5125.1 1135.88 460.08
776.12 1119.13 1674.28 3186.26 3090.98 2023.35
85.49 189.63 73.43 3396.58 591.51 242.25
312.56 574.52 548.28 4441.26 1628.53 836.68
716.92 980.33 1302.02 2291.66 2583.41 2417.11
287.7 530.35 555.5 4403.53 1463.79 701.12
78.05 141.05 76.12 2291.03 492.96 214.31
517.65 859.55 798.16 3836.55 1909.31 1465.49
167.24 366.59 167.99 4858.94 1136.42 501.72
328.18 538.87 507.39 3624.83 1582.46 1106.94
643.5 853.41 1096.6 2090.67 2261.08 2120.24
352.17 599.84 599.27 4205.01 1530.71 827.16
384.71 657.77 732.53 4575.14 1947.03 991.46
180.04 323.95 250.06 4430.29 1199.89 686.28
423.04 623.03 819.29 2212.94 1366.99 804.63
176.82 221.93 236.17 867.99 466.67 395.87
575.89 765.0 994.52 1537.1 1675.47 1565.71
413.55 697.59 717.83 4464.42 1655.5 865.98
628.28 928.19 1127.22 2851.34 2175.12 1924.73
628.6 900.25 1259.35 2725.05 2351.69 1626.1
748.23 1134.1 1632.85 3216.88 2350.46 1463.59
760.57 1145.78 1519.5 3693.88 2352.33 1436.51
679.5 1051.2 1400.24 4288.11 2858.22 1582.53
583.58 916.05 1175.47 3878.4 2433.53 1526.76
74.84 178.85 86.28 2408.89 621.22 253.12
436.33 575.62 629.2 2878.93 1554.98 1268.46
668.56 893.84 1135.76 2792.37 2315.21 2077.04
101.26 127.89 95.73 801.63 230.17 142.66
346.86 598.48 375.83 4177.36 1190.81 668.39
385.69 566.2 782.73 1664.09 1138.28 702.41
77.02 219.59 57.36 4642.55 767.01 284.39
63.54 168.2 60.33 3740.32 752.89 289.92
215.41 425.16 377.19 4430.56 1380.85 639.17
720.92 1039.06 1420.23 2654.48 2240.3 1736.49
139.55 278.75 172.96 4672.71 1100.79 546.81
693.83 938.71 1238.33 2063.54 2337.28 2148.53
106.28 232.46 80.3 3422.5 717.32 302.98
87.9 237.99 90.28 4577.37 1036.43 378.87
311.82 514.08 590.15 4161.26 1542.43 843.5
308.73 640.41 249.47 5848.72 1243.21 476.25
523.5 837.04 984.29 4177.54 1861.36 1044.48
598.64 807.08 989.29 2113.83 1981.97 1832.12
918.25 1315.84 1917.61 3100.87 3517.08 2388.25
781.26 1038.28 1324.21 2241.25 2430.99 2297.89
841.11 1137.55 1516.67 2590.59 2730.15 2424.04
384.19 544.29 535.53 3385.55 1383.11 1066.6
332.97 553.39 646.54 3802.24 1517.21 975.42
68.03 195.75 78.87 4397.3 898.41 341.63
184.58 387.75 243.32 4753.22 1125.76 495.61
94.75 205.59 122.01 3609.33 811.51 361.19
283.4 504.22 460.46 4056.73 1399.21 896.37
273.3 462.39 505.01 4305.22 1286.07 621.42
223.71 408.97 218.51 3804.09 871.64 375.96
137.44 331.52 113.79 4891.96 1048.74 402.45
502.77 659.66 831.39 1881.35 1571.89 1417.39
736.22 938.02 1200.81 1896.5 2344.83 2256.89
780.51 1170.99 1598.72 3749.74 2523.94 1554.64
98.58 107.46 97.68 430.2 159.48 118.73
369.06 705.28 425.6 4622.86 1491.95 913.26
79.55 209.58 66.64 4928.48 970.82 374.99
88.48 180.64 84.43 2895.05 674.76 267.82
548.69 854.16 967.69 3768.0 1983.68 1442.32
186.07 322.64 258.72 2619.17 913.83 552.83
548.61 840.46 1079.09 3551.34 1774.37 1057.61
162.3 269.29 145.98 2304.9 525.38 227.61
229.42 360.58 312.56 3230.03 1048.43 690.48
268.47 428.21 325.92 2948.26 927.78 557.37
441.05 690.55 848.27 4028.08 1575.41 837.76
152.79 324.48 209.59 4039.47 1198.96 589.77
641.58 911.87 1215.35 2501.51 1857.86 1357.31
106.26 258.15 120.74 4518.8 1075.29 437.68
271.0 460.6 525.48 3925.04 1507.5 809.59
782.78 1163.92 1560.05 3543.8 2911.12 2047.85
393.87 615.73 769.56 3173.94 1367.14 815.51
90.24 256.8 87.75 4570.2 1019.44 368.99
771.14 1168.18 1592.32 3477.59 2581.61 1836.0
442.68 622.65 720.77 2897.14 1732.78 1401.72
364.03 518.5 668.9 1654.36 958.87 576.09
492.59 750.24 756.79 3663.28 1785.29 1383.8
979.9 1418.3 2099.64 3273.35 3811.59 2486.37
158.97 336.08 235.92 3717.03 1195.04 646.29
238.35 404.98 442.03 3693.25 1205.36 648.27
285.24 433.02 527.11 2687.57 1203.36 692.88
590.93 842.53 1117.38 2499.08 2089.33 1877.7
168.86 358.46 190.14 4533.79 1021.06 450.15
557.85 861.7 1135.45 4053.06 2433.64 1460.74
97.35 125.72 97.58 819.19 264.66 149.95
465.4 597.64 625.21 2679.8 1800.25 1555.27
167.48 279.96 149.9 2352.76 529.86 233.74
710.86 1093.61 1437.88 3957.33 2632.32 1586.21
428.52 670.5 738.86 3230.05 1753.96 1361.14
646.93 937.64 1327.8 2160.63 1516.26 923.6
805.1 1223.29 1722.03 3624.33 3014.8 1883.98
454.83 602.09 755.47 1509.38 1609.95 1479.16
748.38 996.59 1258.02 2626.24 2510.24 2305.4
399.25 658.57 703.88 4139.62 1431.98 744.38
543.01 755.46 903.48 2907.17 1973.98 1719.75
596.54 903.01 1136.94 3723.07 2310.74 1565.55
657.77 935.26 1231.8 3057.31 2227.53 1795.73
358.14 546.32 482.71 3507.49 1697.78 1241.09
522.77 784.27 859.83 3540.08 1750.43 1244.54
253.3 606.0 186.89 5364.72 1270.93 525.76
94.8 164.66 83.5 2278.57 463.32 199.93
506.52 708.82 863.62 2649.04 1724.72 1497.63
91.4 142.81 83.93 1741.37 340.15 166.03
453.51 743.53 897.85 4160.73 1728.78 885.46
67.72 160.38 64.88 3322.9 678.03 268.14
109.77 174.15 118.51 2285.97 565.97 289.53
461.16 750.86 970.18 3970.89 1805.58 982.79
394.76 755.36 532.87 4819.97 1516.65 773.67
493.83 780.72 1021.8 3618.04 2009.59 1160.99
113.88 258.42 86.12 3464.83 720.02 293.52
292.95 503.23 399.51 4547.29 1461.07 943.79
780.29 1155.66 1710.38 3560.63 3313.24 1993.29
326.07 560.37 441.04 3625.27 1126.66 539.21
214.61 368.62 338.4 2861.14 1086.21 679.39
663.85 1021.86 1159.38 3938.68 2342.11 1732.14
849.52 1243.75 1789.7 3651.59 2582.09 1486.76
547.8 839.4 1103.7 3867.4 2320.17 1478.54
364.9 581.05 628.2 3635.15 1643.98 1188.04
183.97 442.35 188.64 4904.59 1195.28 562.92
208.54 521.01 104.26 4879.39 1075.95 422.59
346.48 475.48 645.15 1295.54 839.41 531.14
562.31 804.3 1106.4 1919.53 1553.77 1003.47
177.17 399.32 103.03 3497.98 793.87 329.35
210.59 411.46 229.92 4560.8 1207.91 598.31
179.22 307.77 153.01 2340.23 538.65 241.56
141.35 240.47 218.29 2446.99 774.58 373.9
653.74 887.27 1134.05 2496.23 2366.44 2174.89
463.69 557.73 672.9 1017.79 1275.23 1218.7
323.53 577.64 415.75 4650.36 1319.67 734.44
507.13 800.99 893.35 3069.05 1851.43 1534.66
749.95 1008.88 1305.49 2163.57 2350.04 2194.32
227.95 436.74 281.88 4350.8 1219.4 701.28
138.16 335.07 127.24 5055.51 1099.09 484.13
488.35 762.79 1025.17 3354.33 2000.89 1239.23
136.58 265.78 142.65 3216.15 723.77 315.6
189.67 373.93 216.75 4397.46 1088.93 572.36
448.56 723.35 861.48 3963.84 1902.08 1081.03
190.68 352.02 345.0 3814.96 1152.32 499.16
613.41 869.36 1266.85 1959.55 2267.65 1493.15
203.38 391.23 326.08 4609.08 1260.97 594.92
575.59 747.86 854.8 2350.72 1765.46 1535.16
445.89 758.62 751.93 4649.14 1580.0 788.03
756.84 1004.94 1291.97 2360.09 2573.74 2420.41
202.43 356.58 317.31 3957.25 1163.3 699.37
80.93 159.77 89.6 1850.32 495.12 216.08
518.74 816.01 731.19 4121.16 1751.94 1289.95
829.53 1220.05 1862.59 3291.17 2587.11 1464.8
165.17 329.32 247.72 4343.67 1009.84 494.63
110.0 250.94 145.24 4135.26 1047.84 456.28
282.05 563.01 228.65 4988.25 1096.04 450.02
274.54 472.5 378.51 4182.79 1316.98 842.6
376.88 672.4 384.95 4342.5 1454.42 902.11
306.98 490.68 510.41 3672.77 1282.91 941.3
401.34 707.65 498.67 4741.0 1470.59 890.1
633.38 804.95 968.0 2414.12 2182.18 1979.98
218.55 406.77 406.1 4691.25 1310.73 629.34
553.45 838.61 1160.48 3358.42 2100.31 1271.89
86.5 167.2 74.76 2676.79 477.01 203.67
102.76 161.31 90.62 1642.09 386.11 193.77
109.49 158.67 103.5 1314.34 340.42 176.65
275.67 434.02 431.22 3819.63 1264.81 773.11
268.69 442.8 416.79 3963.51 1499.86 981.8
460.32 760.19 943.41 4178.22 1897.65 965.24
467.16 693.37 939.55 2947.99 1687.09 1427.27
758.96 1094.28 1294.82 3390.38 2364.57 1967.95
921.36 1344.53 1978.59 3222.23 3039.89 1926.0
141.69 318.6 129.04 4401.38 975.31 396.92
92.61 230.33 115.49 4184.51 1008.02 390.97
286.23 545.95 463.52 4879.92 1476.6 697.88
272.7 536.73 251.63 5264.93 1143.89 468.41
412.33 637.58 683.84 3740.99 1958.6 1463.45
193.51 385.5 249.45 4371.95 1078.57 531.92
611.18 906.6 1161.03 2893.2 2137.76 1848.88
424.53 700.11 882.93 4108.03 1824.16 903.8
96.21 111.89 97.93 448.23 178.61 123.09
248.85 465.85 377.72 4378.05 1309.87 785.89
230.83 410.19 400.44 3793.67 1240.95 658.32
105.74 127.98 102.4 628.66 210.26 136.23
586.37 911.53 1165.31 4195.1 2254.39 1222.4
382.45 552.2 657.81 2096.77 1315.77 1127.63
194.18 465.32 103.7 4247.27 946.87 379.93
112.71 214.96 93.65 2718.17 570.25 246.74
268.17 541.04 212.53 4855.45 1031.14 400.49
84.72 147.89 91.67 1502.27 416.55 193.0
545.18 708.53 882.97 1541.35 1526.39 1306.13
89.57 201.28 90.49 2932.33 748.47 296.72
468.12 815.26 695.36 5163.99 1611.07 760.84
913.0 1257.17 1733.89 2822.86 3100.19 2492.53
564.56 872.48 1126.53 3966.96 2012.86 1135.78
376.64 561.66 553.09 3546.24 1555.86 1172.55
553.18 821.24 1076.29 3007.93 1556.43 912.41
539.75 876.79 1120.19 4182.54 1953.71 1108.64
529.16 725.26 939.66 2102.49 1731.58 1554.33
87.76 185.67 83.46 3069.18 710.57 278.28
93.67 131.52 88.16 1308.61 276.83 148.62
922.03 1322.69 1920.84 3208.09 2417.4 1496.41
624.17 860.74 1251.22 2153.02 1586.38 1234.35
258.85 511.22 376.36 4238.38 1174.71 560.04
354.68 549.75 695.5 3000.25 1631.44 939.54
109.62 183.32 98.73 1527.65 379.25 187.57
167.81 328.65 227.08 3912.96 1111.82 576.34
153.34 414.6 132.49 5074.6 1135.86 472.66
574.38 949.0 979.46 4840.62 2258.95 1270.34
394.63 561.26 609.5 2557.94 1342.6 1086.66
383.6 650.65 694.76 4437.03 1788.58 960.27
99.07 104.9 98.47 316.84 139.06 112.3
543.02 782.52 950.8 3075.82 1977.19 1644.02
183.25 381.65 237.75 4689.46 1177.01 619.86
500.64 808.71 764.01 3987.86 1537.89 965.37
300.69 505.6 614.93 4076.19 1414.51 686.32
311.16 586.35 513.64 4427.06 1453.36 737.74
124.88 302.73 96.05 4626.93 920.76 358.51
593.92 908.05 1244.98 3209.64 2313.07 1585.82
138.83 218.37 195.55 1717.61 620.38 321.19
345.49 569.25 573.07 4048.73 1601.98 974.86
354.47 589.27 690.8 3440.0 1384.14 767.03
119.28 319.94 80.72 4771.53 960.8 368.68
231.63 362.84 338.58 3637.25 1214.65 792.79
807.13 1252.84 1825.43 3671.17 2729.0 1692.24
843.35 1253.8 1758.71 3689.94 2889.16 1668.37
251.98 606.59 184.08 5395.14 1279.83 520.97
421.61 671.87 742.73 3888.11 1465.51 867.49
143.59 347.66 181.32 4405.19 1200.81 525.13
901.2 1312.38 1818.24 3273.24 2370.26 1443.0
412.45 612.65 650.88 3350.5 1757.97 1404.91
362.0 587.08 688.47 3977.15 1561.59 1004.42
394.28 546.9 657.14 2513.04 1390.45 1088.25
285.71 501.91 569.85 4574.52 1474.83 752.87
856.78 1280.96 1853.51 3377.4 3011.83 1903.99
545.63 833.15 1169.97 3052.17 1788.75 1064.92
437.15 681.11 941.03 3569.22 2081.26 1140.99
340.33 560.74 643.61 4132.13 1513.11 813.66
560.54 796.32 898.45 3376.16 2082.81 1762.65
343.01 489.72 519.23 2679.5 1416.19 1131.09
261.58 602.14 219.04 5099.59 1284.34 567.02
87.74 218.97 88.82 3427.31 861.79 331.1
939.89 1408.75 2099.51 3374.61 3598.6 2349.1
521.76 833.23 1114.16 3945.63 1840.12 1055.82
76.89 215.05 56.8 4511.43 745.43 277.47
255.26 468.34 439.62 3702.14 1425.91 906.35
91.86 130.16 91.81 1300.56 349.18 170.18
607.23 875.47 1197.77 2670.1 2118.07 1541.48
554.24 839.07 1157.94 2871.31 1991.39 1200.65
743.62 1096.41 1571.85 3641.78 2664.86 1527.0
126.7 272.88 181.07 4125.09 1082.84 473.6
397.39 488.54 602.71 1059.34 1130.99 1078.23
431.5 693.68 856.5 4054.57 1747.51 939.62
367.27 591.88 713.86 3848.77 1468.65 755.97
183.0 407.35 254.11 4649.53 1402.14 674.16
613.65 841.49 1067.76 2187.26 2107.19 1938.68
315.54 376.63 434.08 724.02 794.74 750.46
105.29 217.4 82.04 3052.96 647.87 279.55
120.68 249.51 127.8 4658.74 1056.73 500.19
790.1 1113.55 1409.27 2981.74 2756.6 2341.24
766.38 1165.13 1442.82 3960.72 2107.56 1210.55
102.23 205.6 111.88 3210.73 611.34 284.75
245.84 449.8 392.57 4258.1 1419.34 855.19
743.32 1147.1 1633.85 3755.97 3025.02 1897.33
99.56 103.05 99.41 205.57 121.71 106.34
297.91 599.75 252.7 5284.3 1159.6 475.56
143.44 293.58 208.25 4802.1 1129.69 490.64
274.68 381.24 405.34 2383.42 1062.25 816.41
436.15 718.86 894.4 4216.39 1673.57 906.46
449.0 772.17 665.75 4700.9 1648.29 889.98
166.35 302.54 204.35 3062.09 792.59 365.51
480.98 766.37 962.89 3581.2 1923.63 1099.04
116.18 246.35 91.91 3433.03 698.65 286.8
738.14 1017.79 1282.89 2827.14 2647.09 2389.37
94.66 151.79 95.13 1548.39 431.61 200.6
266.96 471.95 297.67 3416.9 926.2 462.51
340.49 517.07 539.97 3565.17 1432.74 1108.82
90.38 203.59 80.8 3651.05 646.86 271.85
844.21 1242.2 1825.25 3021.35 3045.17 1964.83
91.59 235.0 89.45 3948.67 891.61 331.59
214.73 372.2 294.07 4150.46 1120.01 705.56
274.38 517.52 414.51 4882.39 1408.15 631.34
484.6 761.98 824.72 3898.93 1692.62 1170.19
406.22 638.15 693.54 3313.28 1397.95 731.98
158.71 327.72 102.31 2685.16 627.89 274.49
110.92 247.44 130.19 3970.07 968.79 412.01
168.68 218.14 222.62 657.31 430.41 366.19
147.39 293.4 211.57 4626.9 1111.75 568.71
107.14 278.41 119.44 4570.12 1067.66 420.67
203.97 360.68 357.81 3217.98 1147.15 548.26
241.11 530.05 362.35 4902.9 1322.29 591.97
418.72 714.36 921.84 4063.72 2248.0 1177.14
169.27 437.46 178.4 5054.39 1137.36 450.86
645.69 929.59 1292.95 3230.32 2151.28 1391.93
726.69 1128.56 1408.31 4236.37 2464.65 1450.68
99.51 101.44 99.35 171.67 113.06 103.87
297.71 430.29 470.49 2090.02 1072.06 869.15
754.11 1078.27 1564.53 2407.62 2657.72 1906.85
125.47 311.37 97.26 4379.67 915.16 374.49
462.02 685.61 896.11 3121.2 1894.4 1438.67
97.12 127.94 97.38 881.46 278.92 154.28
640.69 905.17 1164.39 2272.45 2077.93 1912.65
197.43 362.15 351.82 4452.95 1207.58 539.79
396.69 651.1 669.31 3631.7 1556.77 1143.27
128.97 350.92 96.17 4399.23 940.93 363.7
806.24 1177.82 1718.0 3633.48 2815.46 1628.36
542.81 757.02 1015.07 1743.29 1979.79 1846.14
316.59 564.01 611.79 3993.28 1511.9 728.78
71.73 183.43 62.62 4251.94 856.8 324.31
90.12 222.91 68.63 4241.17 790.62 289.95
103.52 140.18 96.48 953.34 257.24 149.08
459.89 762.35 730.38 4608.54 1506.31 735.44
795.7 1121.86 1459.6 2320.7 2569.41 2374.28
233.09 343.52 406.39 1562.12 702.02 418.32
449.81 736.13 910.23 4079.63 2134.17 1189.92
878.93 1303.14 1914.82 3369.95 3227.67 2054.35
365.97 537.98 566.35 3437.56 1499.89 1149.52
563.43 893.66 1091.63 4231.75 1891.24 965.37
393.4 563.2 787.35 2066.12 1345.48 1156.1
517.05 693.04 842.86 2428.79 1809.01 1590.96
486.68 740.35 873.33 3614.06 1935.48 1544.27
612.62 863.04 1272.55 2093.81 1991.75 1870.21
82.59 221.87 76.47 4324.14 968.64 353.63
242.13 472.73 195.1 4118.89 886.92 353.95
287.88 444.16 444.42 3712.17 1371.42 956.66
85.62 175.49 76.5 3439.51 701.54 289.41
611.12 872.41 1180.03 2411.72 1892.77 1387.78
671.8 965.24 1257.81 3187.58 2225.04 1723.19
546.61 731.87 892.16 1929.52 1868.9 1714.29
342.29 515.04 616.51 2468.7 1027.72 581.71
176.45 393.23 215.52 4683.4 1103.72 484.89
395.8 598.31 710.66 3230.59 1405.09 959.93
397.19 583.76 790.26 2324.09 1516.16 932.55
94.68 119.72 94.64 884.93 262.91 145.88
85.04 245.2 86.36 4160.87 1029.74 382.05
167.1 416.58 164.85 4757.7 1121.16 500.4
530.92 832.08 999.81 2955.93 1412.22 794.06
505.14 775.85 1010.08 3222.03 1707.79 1081.59
592.84 938.7 1146.69 3701.84 2128.76 1511.13
381.57 546.83 775.78 1521.65 1133.19 864.25
582.37 861.34 1275.11 2524.19 1838.28 1033.63
429.57 676.39 889.03 4223.16 1728.2 886.61
377.84 506.38 532.64 2139.9 1293.51 1053.18
467.51 720.16 877.59 3389.08 1824.54 1345.76
696.3 951.15 1258.84 2869.55 2297.24 1775.26
589.43 928.64 1179.79 3927.67 2185.54 1231.25
834.74 1220.44 1696.1 3184.79 2953.97 2141.2
260.32 476.46 345.98 4515.0 1402.47 810.94
331.96 621.65 538.22 4532.94 1552.74 856.17
103.7 308.36 184.41 4282.2 1172.84 470.6
148.05 347.88 231.56 4614.06 1308.41 529.74
476.03 712.98 906.43 3253.48 1668.64 1125.33
148.58 292.26 193.46 3998.89 1093.42 542.36
667.51 881.53 1147.53 2090.85 2388.82 2229.5
200.38 359.74 352.65 4128.6 1192.64 568.55
871.75 1256.36 1813.3 3262.62 2326.09 1427.81
381.85 628.76 475.28 4460.67 1474.31 927.72
690.41 1046.98 1451.65 3752.92 2506.56 1500.8
387.92 581.2 673.07 2810.68 1485.08 1232.67
96.05 163.44 95.04 1908.64 472.01 208.83
877.14 1274.75 1809.33 3188.59 2742.82 1734.16
78.02 209.42 58.91 4295.61 713.86 268.79
542.53 807.18 1058.15 3090.49 1988.01 1436.83
278.56 591.52 290.41 4553.87 1274.4 599.34
120.4 284.55 89.8 4302.98 854.9 335.56
412.4 576.15 664.54 2408.21 1406.28 1191.66
475.85 796.16 650.93 4160.12 1837.3 1352.15
332.96 602.83 420.37 4962.25 1263.25 543.74
325.8 546.48 477.83 3722.19 1244.6 625.51
542.29 784.28 1112.39 2280.31 1979.66 1254.14
151.06 348.78 121.35 4799.9 1080.27 422.11
492.72 752.39 775.69 3290.76 1768.87 1419.71
396.4 731.45 498.19 5280.23 1547.24 800.59
373.16 651.33 529.87 4852.94 1340.13 603.74
112.83 211.13 98.3 2004.13 472.45 216.79
446.88 625.78 695.19 2879.92 1827.08 1463.14
99.26 199.79 91.76 3163.07 627.05 251.1
530.2 823.14 1042.85 3101.1 1625.01 945.67
646.21 983.28 1212.84 3540.78 2359.75 1733.67
151.65 235.46 134.56 1560.58 385.99 192.29
522.66 813.55 1072.32 3711.98 1595.04 868.09
81.7 191.11 65.79 3593.59 611.14 240.55
384.49 579.9 742.69 2109.15 1195.95 750.26
412.31 682.19 784.97 3756.57 1706.87 913.34
612.09 858.56 1207.06 2100.32 2212.81 1655.93
265.37 463.8 505.83 3432.33 1421.57 963.24
823.95 1059.21 1318.0 1904.51 2439.66 2347.36
403.04 612.01 802.76 3236.97 1533.14 937.65
396.74 712.99 594.42 5187.15 1521.51 727.65
159.64 371.66 134.3 5098.45 1159.36 459.39
507.61 708.05 793.62 3075.29 1827.4 1489.55
884.8 1150.91 1519.97 2350.32 2898.41 2731.63
433.83 689.23 841.09 3586.94 1965.1 1364.24
400.48 788.9 612.42 4988.22 1662.72 830.27
92.06 123.44 89.5 1266.6 312.64 163.02
778.56 1171.57 1713.66 3164.71 2996.63 1936.73
354.47 585.1 704.3 3965.01 1334.53 672.01
712.77 962.12 1235.42 2269.92 2463.99 2309.91
369.77 641.01 671.07 4547.62 1423.95 707.35
278.68 519.48 247.49 4263.85 1023.95 476.83
266.23 457.65 506.82 4100.23 1406.16 754.42
280.44 525.37 474.33 4505.34 1336.02 619.3
521.46 791.25 1011.7 2896.83 1478.63 923.42
343.04 596.44 329.45 4435.61 1329.11 776.09
179.43 395.96 173.26 5073.97 1210.79 509.65
618.61 845.59 1044.9 2559.59 2016.7 1842.69
101.18 126.24 95.99 760.11 222.47 140.14
83.87 184.68 73.63 3846.28 774.81 312.48
122.52 320.29 193.85 4144.94 1191.3 564.85
638.44 893.28 1296.71 2442.37 2144.14 1997.37
953.04 1388.02 1990.88 3200.95 2917.93 1799.62
109.92 304.88 70.32 5229.07 1053.33 413.29
737.4 1013.52 1347.92 2584.64 2449.88 2280.31
130.0 157.9 165.48 583.09 286.12 208.62
259.72 426.58 435.01 3858.3 1369.43 900.44
628.67 891.24 1093.6 2694.84 2102.82 1894.97
170.48 373.75 162.97 4774.07 1139.5 482.59
83.64 209.87 92.74 4575.05 961.76 392.12
365.36 601.6 715.65 4122.48 1492.27 824.92
266.99 499.4 438.49 4701.18 1520.34 777.96
95.09 125.79 91.97 1240.86 305.5 164.71
609.43 843.42 1052.71 2624.37 2235.91 2002.44
740.44 1079.73 1632.35 2692.4 2223.11 1273.1
659.92 867.01 1078.91 2244.98 2114.23 1952.91
72.31 186.8 84.89 2641.74 673.78 268.56
324.75 567.0 589.92 4334.12 1442.66 689.53
718.52 1051.59 1468.25 3087.83 2318.79 1701.63
94.05 222.04 102.63 3295.77 845.26 331.12
323.82 548.65 602.66 4222.78 1405.13 795.14
599.7 962.74 1170.63 4263.02 1985.84 1098.9
232.3 407.89 433.01 4140.9 1243.73 608.23
62.78 173.23 60.08 3932.29 791.73 304.54
87.12 269.97 93.19 4701.28 1164.09 429.2
245.75 496.95 414.19 4597.51 1377.22 618.28
159.07 322.56 245.07 3255.3 1049.26 569.62
428.35 575.72 676.87 2209.99 1527.05 1151.46
368.83 604.89 689.22 3303.11 1863.79 1443.27
308.11 429.0 578.07 1329.96 1031.1 658.09
437.72 649.47 854.52 3400.4 1644.74 1106.23
136.92 316.03 121.39 4557.06 954.9 407.42
390.9 631.91 796.97 4106.9 1781.3 985.36
177.33 310.14 157.07 2836.84 628.01 258.4
161.07 356.47 172.05 4885.17 1125.05 524.66
219.47 407.46 327.36 4230.18 1319.77 744.71
93.82 132.47 89.89 1536.4 358.74 181.47
320.97 546.65 572.81 4291.81 1366.96 696.99
418.03 544.19 628.21 2477.77 1550.99 1292.58
313.41 633.09 273.0 5578.83 1232.74 510.81
404.17 565.86 826.76 1369.55 1149.05 719.24
690.17 968.4 1381.09 1889.68 2340.83 2258.72
121.57 295.07 89.22 4542.43 897.91 348.98
516.91 735.91 858.59 3397.91 2058.65 1687.39
366.15 580.33 588.64 3547.26 1591.92 1203.66
633.85 1002.16 1332.09 3965.07 2181.37 1258.18
262.58 472.39 292.61 3490.07 900.75 466.06
173.38 359.71 286.82 4026.12 1221.03 537.24
159.84 278.16 237.29 3008.88 691.99 330.68
552.46 844.1 958.01 3560.55 1711.12 1110.93
386.45 707.52 708.39 4475.37 1641.82 894.78
225.4 383.49 352.81 3169.97 1271.92 823.95
844.5 1103.16 1415.79 2628.68 2920.46 2725.08
915.98 1221.24 1597.47 2334.18 3051.55 2942.89
535.76 758.02 924.86 3050.67 2067.65 1788.17
489.3 711.91 836.06 3357.38 2087.14 1723.09
181.5 409.11 371.2 4243.45 1473.9 659.72
89.77 153.72 83.28 2476.4 528.06 234.78
166.18 356.69 102.6 3014.0 695.04 296.69
208.61 404.34 376.03 4396.0 1294.94 579.03
97.5 131.13 92.05 1148.99 274.94 148.12
339.93 508.79 644.25 2045.3 1192.32 710.58
497.15 897.25 866.41 4662.13 1832.64 966.76
233.94 389.21 413.56 2795.89 1046.52 582.6
201.64 368.01 288.95 4004.66 1090.31 686.58
544.14 715.31 988.73 1969.43 1346.51 1245.29
115.69 197.03 105.78 2108.34 497.62 226.76
82.9 185.16 68.02 3365.52 577.78 231.37
317.3 650.65 274.57 5812.09 1271.43 498.22
507.54 721.91 1035.31 2122.35 1667.99 981.73
507.85 817.91 820.73 4454.53 1717.39 1009.21
314.0 643.66 266.19 5778.12 1255.53 506.84
272.75 613.33 227.74 5093.83 1329.38 659.75
248.69 461.76 262.68 3066.17 933.21 546.49
122.43 316.08 102.18 5055.34 1055.31 427.91
450.33 655.78 767.2 3181.84 1656.58 1336.59
503.3 770.86 974.54 3128.18 1736.5 1297.07
133.06 251.21 207.01 3162.0 928.71 403.67
226.71 433.14 291.0 4804.87 1348.55 769.83
302.96 490.17 402.09 4188.82 1464.93 981.1
281.22 477.55 542.75 3509.28 1272.05 641.46
408.04 559.53 776.71 2274.71 1145.75 960.24
320.4 534.08 537.89 4063.72 1679.0 971.21
172.76 290.82 148.68 2157.43 502.85 230.0
358.88 600.16 599.73 3762.14 1736.65 1250.37
105.06 212.24 82.83 2923.23 623.8 271.66
502.55 728.83 1043.44 2560.44 1589.96 911.37
721.56 1055.71 1482.53 3441.32 2233.96 1310.74
145.18 296.42 213.63 4054.07 1121.59 550.67
155.24 348.21 248.69 4390.43 1248.09 509.77
820.44 1119.76 1542.19 2593.64 2607.43 2000.69
290.19 491.4 535.49 3425.82 1454.7 992.42
935.08 1362.4 1953.88 3226.78 2876.26 1769.92
107.14 236.46 126.65 4535.91 954.23 389.91
252.48 430.98 399.89 4082.9 1206.12 812.06
291.36 575.55 283.07 4182.47 1257.38 725.65
290.54 391.06 488.35 1180.16 964.95 855.57
907.35 1299.63 1889.37 3292.33 3041.85 1920.93
311.18 577.04 380.13 5035.16 1266.99 540.48
610.8 1009.52 1129.84 4600.92 1979.9 1083.85
392.47 480.61 561.91 1236.77 1146.06 1055.38
730.04 1042.9 1203.92 3507.21 2265.03 1635.37
246.54 413.88 388.57 3630.33 1112.47 759.59
79.62 175.57 79.47 3107.74 724.26 275.81
274.92 496.28 322.41 4108.35 980.49 417.23
724.74 1135.42 1424.93 4026.52 2928.9 1802.65
404.91 654.76 780.89 3902.24 1517.39 785.85
167.49 276.99 145.16 2008.31 473.66 220.58
262.36 455.65 436.73 3593.64 1207.71 630.89
331.68 574.96 635.04 4273.52 1724.02 899.32
199.93 365.81 241.03 3819.06 1031.73 548.73
635.9 944.55 1204.23 3467.37 2087.33 1509.05
98.56 123.12 98.19 759.11 235.57 139.66
355.84 591.71 744.34 3908.49 1764.13 999.05
516.29 757.67 1011.58 3377.56 1948.61 1513.65
524.01 779.6 1029.34 2330.3 1691.36 1048.72
119.98 155.68 128.95 919.98 308.97 210.46
644.7 909.5 1140.61 3383.45 2245.43 1616.65
538.34 767.82 895.07 2755.52 1898.83 1629.06
443.75 661.57 694.08 2847.01 1640.07 1346.6
183.63 287.66 245.08 1666.06 628.04 431.39
158.2 360.25 281.78 3972.8 1241.32 654.76
157.41 333.23 180.48 3263.73 787.5 341.3
239.15 422.84 428.31 4464.04 1288.08 643.83
187.63 349.84 246.8 4390.93 1116.77 603.31
487.82 760.45 1007.98 3896.93 2074.12 1215.16
282.7 552.72 283.72 5300.65 1191.42 517.48
491.93 762.8 788.3 3639.63 1711.88 1320.28
85.89 219.29 117.43 4358.77 954.71 386.21
184.22 385.28 210.16 4905.26 1224.37 641.57
559.65 724.62 913.94 1638.51 1774.04 1684.23
134.67 322.13 113.25 4379.73 941.1 402.26
905.19 1227.56 1626.61 2188.31 2761.25 2645.52
113.97 226.36 93.02 2977.74 616.88 261.29
631.15 1003.57 1121.05 3968.12 2251.24 1437.24
100.05 104.65 99.77 204.1 123.81 107.94
162.21 372.94 200.05 5134.12 1236.32 533.11
455.7 750.23 904.46 4059.44 1703.02 953.33
296.22 536.43 362.52 4532.1 1180.77 525.76
315.26 492.37 490.53 3860.38 1392.26 1030.67
152.1 296.22 191.72 3392.01 870.73 413.63
99.85 100.55 99.85 121.7 104.5 101.27
137.24 355.94 159.61 4771.9 1268.27 564.93
112.48 303.63 76.42 5103.14 1038.62 415.22
174.45 298.53 155.05 2585.24 574.22 247.54
285.8 520.83 311.86 4583.11 1149.67 560.45
97.97 114.23 97.25 593.38 201.46 129.62
100.91 102.43 100.67 130.44 105.81 101.81
495.32 717.03 979.51 2258.39 1632.31 1121.05
414.31 713.53 591.11 4903.3 1424.66 735.54
384.16 609.66 723.68 3677.45 1629.2 1176.33
675.03 914.41 1100.41 3009.38 2291.03 2033.32
257.01 500.43 235.0 4889.85 1063.43 437.02
501.65 753.17 1019.4 2377.36 1807.21 1128.59
697.11 1045.28 1453.51 3796.43 2887.64 1798.92
690.79 957.4 1360.78 2459.45 2283.08 2126.01
230.12 441.26 187.07 3779.5 820.46 332.5
448.37 639.91 575.14 3425.18 1646.0 1232.2
165.45 376.29 165.43 4040.92 985.04 464.44
187.01 388.1 185.4 3889.19 996.5 495.95
123.58 161.85 115.78 766.89 230.58 142.14
199.96 347.66 183.74 3024.49 692.34 309.71
176.81 332.75 302.33 4413.97 1163.26 532.24
441.53 649.45 777.65 2620.67 1701.66 1405.14
559.54 878.22 1127.74 3829.96 2152.77 1309.77
765.12 1093.4 1556.61 2458.38 2643.89 1995.84
209.33 383.16 344.22 4668.84 1192.63 543.86
142.75 292.86 141.28 3843.25 896.82 437.27
272.36 488.79 467.03 4200.73 1427.57 701.5
668.44 883.19 1057.89 2218.53 1991.0 1813.35
311.69 503.36 546.54 2924.47 1409.13 966.18
400.96 555.88 812.64 1354.3 1109.81 658.71
532.03 714.91 900.74 1622.2 1617.74 1503.26
138.32 287.3 140.11 3731.13 805.75 338.11
710.22 1066.51 1489.6 3640.64 2790.82 1724.93
747.06 1140.23 1459.4 3798.95 2112.28 1235.38
869.69 1290.96 1764.63 3551.15 2699.17 1626.4
188.97 361.5 299.17 4171.8 1236.78 647.53
112.37 265.97 136.35 4460.32 1100.67 474.22
962.0 1398.0 2014.0 3173.0 2939.0 1816.0
69.0 191.5 59.0 4653.5 930.0 346.0
134.0 394.5 95.5 5146.0 1087.0 409.5
969.0 1403.0 2079.0 3181.0 3518.0 2279.0
155.0 368.0 123.0 5163.0 1156.0 447.0
89.8 263.8 87.2 4769.8 1060.5 381.0
971.0 1390.0 2115.5 3245.0 2879.5 1707.0
122.0 299.0 89.0 4632.0 914.0 354.0
72.0 203.8 71.8 4231.5 957.5 341.5
907.5 1325.5 2047.5 3151.5 2757.0 1579.5
948.0 1357.0 1978.0 3155.0 2462.0 1531.0
56.8 180.8 53.0 4412.8 873.5 325.0
119.5 322.5 80.5 4825.8 970.8 371.8
948.0 1376.0 2046.0 3146.0 2970.0 1921.0
911.0 1341.0 1922.0 3127.8 2196.5 1320.8
985.0 1493.5 2276.8 3372.5 3183.8 2033.8
76.2 218.5 55.5 4643.8 764.8 282.8
962.5 1390.0 1954.5 3151.5 2480.0 1527.0
959.5 1435.2 2145.2 3160.2 2832.8 1787.8
88.5 243.0 63.5 4918.0 903.5 321.0
978.0 1422.0 2105.0 3266.0 3199.0 2037.0
79.2 209.2 66.0 4931.0 970.2 374.0
222.2 574.0 104.8 5481.0 1198.8 463.2
992.0 1434.0 2127.0 3253.0 3849.0 2515.0
980.5 1432.2 2016.0 3245.2 2807.8 1800.2
966.0 1422.0 2112.0 3259.5 3477.0 2237.5
109.2 304.0 68.8 5231.2 1052.0 412.0
978.0 1434.0 2220.0 3640.0 4073.0 2397.0
81.5 229.5 75.0 4588.5 1023.0 369.5
937.0 1353.0 2081.0 3198.0 2826.0 1629.0
924.0 1316.0 1970.0 3207.0 2671.0 1584.0
102.5 315.2 89.5 4914.0 1200.8 467.0
980.0 1467.0 2194.0 3388.8 3736.5 2446.5
955.0 1376.0 2056.0 3368.0 3193.0 1885.0
977.5 1462.0 2197.0 3231.5 2940.0 1846.5
939.0 1381.8 2053.5 3176.2 3230.8 2074.0
265.0 540.0 222.0 5608.0 1151.0 427.0
83.0 265.0 84.5 4714.5 1156.5 420.5
245.0 494.0 207.0 5231.5 1090.0 397.0
304.0 635.0 236.5 5868.5 1229.5 464.5
138.0 335.0 114.0 4964.0 1063.0 407.0
53.8 244.8 74.8 4340.2 1057.2 381.2
768.0 937.0 1202.0 1687.0 2456.0 2347.0
839.5 1125.5 1473.5 1964.5 2431.0 2337.0
851.0 1125.0 1487.0 2077.0 2845.0 2757.5
674.0 931.0 1168.0 1598.0 2316.0 2207.0
802.0 1081.5 1471.5 1917.5 2488.0 2377.0
925.8 1236.5 1653.5 2197.5 2743.8 2613.8
730.2 928.0 1240.5 1701.5 2120.2 2066.2
807.5 1039.5 1351.0 1892.0 2546.5 2477.5
913.2 1175.2 1552.5 2217.0 2972.0 2874.8
762.0 1017.0 1384.0 1898.0 2403.0 2316.0
768.8 1023.0 1344.0 1898.0 2593.0 2511.8
829.0 1082.5 1419.0 2036.5 2743.5 2651.0
854.0 1156.0 1575.0 2169.0 2712.0 2618.0
639.0 865.0 1188.0 1648.0 2076.0 2016.0
844.0 1157.0 1430.0 1846.0 2520.0 2406.0
716.0 963.0 1366.8 1791.0 2127.8 2035.2
641.0 907.0 1227.0 1692.0 2009.0 1914.0
822.0 1025.0 1317.0 1836.0 2480.0 2426.0
742.5 1032.0 1418.0 2073.0 2820.5 2703.0
703.5 879.5 1143.8 1618.8 2253.5 2180.0
842.5 1154.0 1648.2 2236.5 2825.8 2704.8
656.2 975.5 1340.8 1867.0 2455.0 2361.2
923.0 1214.2 1604.0 2234.0 3080.0 2985.5
734.8 963.5 1263.8 1827.2 2497.5 2417.8
800.0 989.0 1283.0 1784.0 2597.0 2503.0
706.0 816.0 1002.0 1436.0 2293.0 2206.0
725.0 878.0 1047.0 1489.0 2411.0 2352.0
878.5 1224.0 1682.0 2199.2 2656.0 2552.8
947.0 1212.0 1599.0 2313.0 3158.0 3037.0
589.2 813.2 1233.8 1730.8 1900.0 1827.2
729.0 991.5 1413.5 1964.0 2248.0 2150.5
904.8 1159.0 1500.8 2110.0 2816.5 2720.0
824.0 1099.0 1504.0 2058.0 2602.0 2523.0
836.5 986.8 1224.5 1763.8 2408.0 2363.0
894.0 1109.0 1450.0 2050.0 2679.5 2581.0
922.8 1209.8 1608.8 2273.8 3029.5 2919.0
761.0 1043.0 1428.0 1885.0 2397.0 2298.0
690.5 905.0 1162.8 1628.5 2187.8 2117.0
794.0 1033.0 1333.0 1871.5 2517.0 2421.0
944.0 1266.5 1688.8 2251.2 2816.2 2701.0
726.0 907.0 1139.0 1530.0 2019.0 1932.0
829.2 1124.8 1599.8 2206.2 2634.5 2532.0
921.0 1181.0 1557.0 2200.0 3037.0 2940.0
735.0 948.0 1238.0 1781.0 2503.0 2425.0
684.0 932.0 1313.0 1825.0 2332.0 2243.0
955.2 1228.0 1601.8 2260.2 2853.5 2766.5
806.0 1120.0 1498.0 2025.0 2566.0 2470.0
822.8 960.5 1128.5 1537.0 2182.8 2085.0
641.0 896.0 1266.0 1659.0 1887.5 1822.0
871.0 1129.0 1503.2 2057.8 2777.2 2662.0
833.0 1120.0 1439.0 1912.0 2418.0 2335.0
906.5 1134.2 1379.5 1798.5 2442.5 2363.5
612.5 842.5 1118.0 1490.0 2004.0 1917.0
741.5 944.0 1193.5 1631.5 2141.5 2080.0
882.5 1167.0 1520.5 2088.0 2698.5 2609.0
938.0 1173.0 1417.0 1866.0 2519.0 2437.0
927.0 1208.0 1637.0 2208.0 2809.0 2698.0
855.0 1101.0 1438.0 2028.0 2691.5 2610.0
705.0 972.0 1320.0 1791.5 2238.5 2159.0
837.0 1082.0 1417.0 2015.0 2798.0 2707.0
842.5 1173.5 1560.5 2028.5 2690.5 2567.5
604.0 697.5 845.0 1219.5 2055.5 2008.5
730.5 976.0 1293.0 1724.0 2096.5 2039.5
764.5 919.0 1087.0 1489.5 2095.0 2002.0
745.5 970.5 1232.5 1660.5 2177.5 2078.0
613.2 779.2 979.8 1360.5 1779.8 1769.5
793.0 1047.2 1363.0 1889.5 2419.2 2344.2
815.0 1000.0 1207.0 1625.5 2248.0 2163.0
843.0 1099.0 1451.5 2043.0 2738.0 2657.5
772.0 992.0 1295.8 1845.8 2461.0 2394.0
895.0 1245.5 1667.0 2236.0 2803.0 2694.0
765.5 1003.0 1321.0 1858.0 2440.0 2353.0
714.5 1003.5 1444.0 2002.5 2485.5 2401.5
494.5 611.5 726.5 1056.8 1795.0 1744.5
924.5 1207.0 1571.5 2078.0 2692.0 2588.5
696.8 869.5 1026.8 1427.2 2001.5 1927.5
721.0 985.0 1346.0 1933.0 2632.0 2539.0
849.5 1092.0 1370.2 1861.2 2472.8 2388.2
948.0 1249.0 1638.0 2246.0 2922.0 2819.0
694.8 840.8 1036.8 1393.8 1978.2 1915.8
760.0 991.0 1309.0 1853.0 2493.0 2420.0
928.0 1191.0 1564.0 2183.0 2886.0 2803.0
865.0 1153.0 1527.0 2115.5 2890.0 2785.0
662.8 884.0 1187.0 1705.0 2242.0 2151.8
603.2 862.0 1290.2 1790.5 2089.0 2029.2
682.8 802.2 949.2 1388.8 2317.5 2267.2
571.5 650.0 741.0 1076.0 2143.0 2120.5
811.2 1079.8 1420.5 1908.5 2484.0 2367.8
634.5 841.5 1134.5 1640.5 2306.0 2225.0
693.0 922.0 1262.0 1853.0 2415.0 2306.0
712.5 980.0 1304.5 1763.2 2235.8 2140.0
871.0 1195.0 1616.0 2208.0 2857.0 2755.0
915.0 1197.0 1579.0 2198.8 2939.0 2853.8
726.5 1001.0 1490.5 2050.5 2329.0 2253.0
784.0 1041.0 1376.2 1944.2 2683.0 2583.2
865.8 1136.8 1481.5 2033.0 2641.8 2551.2
837.8 1147.5 1648.5 2250.8 2700.2 2578.0
866.0 1156.0 1526.0 2111.5 2891.0 2797.0
833.0 1069.5 1333.0 1876.5 2457.5 2371.5
823.0 1116.5 1508.0 2131.5 2906.0 2777.0
585.5 771.0 1002.5 1461.5 1967.5 1912.0
873.0 1194.0 1591.0 2159.0 2736.2 2631.8
716.0 947.5 1257.0 1678.0 2192.0 2089.0
846.0 1104.0 1453.0 2038.0 2776.0 2693.0
623.0 879.0 1316.2 1827.2 2025.5 1961.5
935.0 1244.0 1643.0 2260.0 3095.0 2981.0
760.0 1046.0 1398.0 1960.0 2575.0 2476.0
655.0 909.5 1375.0 1859.0 2079.5 1999.0
781.0 1034.8 1371.5 1916.0 2624.0 2537.8
877.0 1167.5 1545.5 2071.5 2560.5 2478.0
755.0 955.0 1238.8 1769.0 2392.8 2328.0
928.0 1278.0 1695.5 2233.0 2786.0 2674.5
663.0 808.0 944.0 1365.0 2433.0 2344.0
655.2 879.8 1083.0 1511.2 1882.5 1803.5
759.0 987.0 1297.0 1832.0 2491.0 2412.0
826.5 1133.0 1648.8 2248.8 2639.5 2538.5
799.0 1081.5 1432.5 1982.0 2481.5 2404.5
657.0 884.0 1228.0 1711.0 2171.0 2084.0
562.8 795.0 1215.0 1587.5 1707.0 1652.8
940.0 1248.0 1642.0 2258.0 3106.2 3016.0
739.0 1000.2 1362.0 1855.0 2252.8 2174.0
911.0 1149.0 1500.0 2130.0 2851.0 2772.0
811.5 1080.5 1496.5 1990.0 2621.5 2521.0
794.0 988.0 1204.0 1609.0 2197.0 2121.0
853.0 1090.0 1411.0 2003.0 2752.0 2658.0
929.0 1206.0 1569.0 2190.0 2983.0 2872.0
864.0 1186.0 1576.0 2099.0 2608.0 2509.0
531.0 693.0 1037.0 1412.0 1224.0 1183.0
625.0 804.0 1144.0 1564.0 1425.0 1398.0
753.2 1030.5 1597.8 2142.8 2414.0 2318.8
715.0 985.0 1354.0 1781.0 2272.0 2160.0
819.0 1111.0 1495.2 2022.2 2530.8 2429.2
562.5 761.5 1033.8 1404.5 1897.2 1825.8
873.0 1144.0 1506.0 2092.0 2837.0 2744.0
680.5 936.8 1301.8 1826.0 2445.2 2354.0
925.0 1180.0 1542.0 2188.0 3006.0 2917.0
760.0 961.0 1251.0 1793.0 2435.0 2355.0
832.5 1056.0 1370.0 1954.0 2629.0 2571.0
761.5 1050.5 1440.0 1886.0 2352.5 2250.5
745.0 1005.0 1345.0 1792.0 1763.0 1724.0
891.0 1224.0 1623.0 2193.0 2784.0 2700.0
891.0 1224.0 1623.0 2193.0 2784.0 2700.0
568.0 821.0 1180.0 1644.0 2111.0 2013.0
866.0 1046.0 1340.0 1946.0 2723.0 2646.0
940.0 1228.0 1620.0 2241.0 3065.0 2968.0
794.0 1042.0 1367.0 1905.0 2584.0 2498.0
919.2 1225.8 1632.0 2231.0 2830.8 2723.5
681.5 912.5 1230.5 1707.5 2195.0 2129.5
626.0 732.0 875.0 1305.0 2153.0 2135.0
445.0 496.0 565.0 791.0 1386.0 1328.0
857.0 1146.8 1590.0 2166.2 2596.8 2497.0
791.0 1049.0 1494.0 2026.0 2529.0 2427.0
891.0 1224.0 1623.0 2193.0 2784.0 2700.0
735.0 1019.0 1466.0 2006.5 2331.5 2246.5
805.0 1139.0 1507.0 2041.0 2565.0 2447.0
773.5 936.5 1210.0 1756.5 2512.5 2418.5
812.0 1059.0 1431.0 2026.0 2822.0 2690.0
766.5 976.8 1268.8 1760.2 2291.8 2219.8
858.5 1094.5 1411.0 1982.0 2601.0 2516.5
720.0 969.0 1285.5 1726.5 2381.0 2285.5
706.0 970.5 1257.0 1597.0 1574.5 1517.0
717.0 935.0 1230.2 1764.0 2423.0 2349.2
829.0 1060.0 1392.0 1986.5 2724.5 2643.5
702.5 921.5 1339.0 1831.0 2148.0 2058.5
549.0 651.0 748.0 1104.0 1802.0 1762.0
644.8 881.0 1280.8 1749.0 2053.0 2000.8
878.0 1092.0 1327.0 1745.0 2368.0 2292.0
919.5 1129.5 1434.0 2069.5 2925.5 2850.0
711.0 952.0 1270.0 1797.0 2394.0 2302.0
933.0 1197.2 1551.5 2165.0 2886.0 2796.2
803.0 1095.0 1504.5 1993.5 2662.0 2566.5
911.0 1260.5 1689.0 2227.5 2882.0 2764.0
601.2 845.8 1120.2 1463.8 1473.8 1429.8
911.0 1170.0 1541.0 2187.0 3003.8 2910.8
832.0 1155.0 1508.0 1996.0 2604.0 2499.0
864.0 1157.0 1609.0 2201.0 2733.5 2620.0
747.2 1003.2 1281.5 1803.5 2383.5 2284.2
836.0 1061.5 1364.0 1938.0 2713.0 2601.5
799.0 1005.0 1309.0 1853.5 2526.0 2427.0
793.2 1096.8 1554.2 2108.2 2683.0 2555.8
874.0 1167.0 1554.0 2196.0 3091.0 3000.0
834.0 1087.0 1449.0 2076.0 2940.0 2831.0
640.0 932.0 1265.5 1641.5 1864.0 1819.0
911.2 1214.2 1595.2 2144.5 2765.5 2671.2
776.5 1048.8 1375.5 1702.0 1798.8 1734.2
811.0 1085.0 1446.0 1942.0 2443.0 2355.0
806.0 1048.0 1354.0 1876.0 2610.0 2516.0
874.0 1099.0 1454.0 2094.0 2880.0 2842.0
906.0 1228.5 1628.2 2185.2 2763.0 2647.8
845.2 1154.8 1519.5 1946.5 2659.5 2539.0
750.8 970.8 1260.2 1788.0 2377.2 2283.0
913.0 1204.0 1595.0 2261.0 3178.0 3049.0
748.0 975.0 1300.0 1870.0 2733.0 2619.0
567.0 814.2 1131.0 1471.0 1600.0 1553.5
586.2 808.0 1102.0 1514.0 2074.0 1984.8
682.0 908.0 1178.0 1613.2 2030.8 1954.5
950.0 1228.0 1561.0 2202.0 3162.0 3089.0
774.0 1019.0 1314.8 1903.5 2600.2 2521.2
853.5 1109.0 1470.0 2096.5 2805.0 2714.5
794.2 1101.8 1720.5 2272.0 2521.5 2432.5
691.5 970.0 1384.0 1883.0 2344.0 2263.0
100.0 100.0 100.0 100.0 100.0 100.0
