0.1072
0.662
0.458
0.2662
0.8952
0.9388
0.6834
0.7235
0.7006
0.7396
0.1992
0.3487
0.7131
0.3799
0.5591
0.9466
0.0502
0.95
0.1422
0.8519
0.0196
0.0442
0.6743
0.8517
0.9499
0.5806
0.1649
0.7172
0.6944
0.1251
0.8515
0.2243
0.5816
0.4004
0.9889
0.9192
0.629
0.7284
0.8021
0.3601
0.3115
0.1826
0.9906
0.9611
0.2797
0.2826
0.0002
0.1723
0.4805
0.4715
0.5957
0.619
0.8865
0.097
0.8742
0.3552
0.8047
0.0752
0.9368
0.8536
0.0515
0.3951
0.3019
0.7274
0.021
0.9445
0.4692
0.5326
0.9656
0.3002
0.5553
0.1719
0.9277
0.2134
0.5106
0.1363
0.0228
0.8592
0.5592
0.6911
0.9701
0.7102
0.9102
0.8898
0.0699
0.9716
0.7703
0.2845
0.3495
0.5892
0.4001
0.9494
0.7344
0.2914
0.5879
0.139
0.5603
0.5112
0.7109
0.264
0.0216
0.877
0.9803
0.4867
0.3554
0.1918
0.1196
0.0513
0.1475
0.6415
0.2079
0.8112
0.975
0.4313
0.422
0.4713
0.2713
0.3048
0.349
0.5047
0.6268
0.158
0.1078
0.1463
0.4998
0.4009
0.0443
0.7416
0.6766
0.1765
0.3219
0.0879
0.29
0.4321
0.9759
0.9217
0.4376
0.0373
0.454
0.9532
0.1577
0.0001
0.775
0.2587
0.2482
0.5923
0.3114
0.6754
0.8162
0.6068
0.8515
0.219
0.9041
0.629
0.9702
0.4568
0.3732
0.2197
0.83
0.8896
0.0381
0.3623
0.6269
0.7002
0.036
0.7958
0.1078
0.1199
0.1358
0.1923
0.3739
0.8562
0.0812
0.0262
0.4803
0.8292
0.1499
0.0518
0.4963
0.4147
0.9192
0.0547
0.4798
0.745
0.201
0.6264
0.7348
0.6026
0.8324
0.5527
0.0751
0.6305
0.9643
0.3827
0.029
0.8906
0.6132
0.9869
0.457
0.5094
0.1016
0.8982
0.9187
0.251
0.4072
0.4431
0.3518
0.2287
0.8267
0.6229
0.655
0.9461
0.0813
0.927
0.369
0.49
0.0149
0.1041
0.944
0.0742
0.5474
0.6833
0.9717
0.0645
0.7776
0.2652
0.9372
0.6886
0.3983
0.7591
0.1529
0.6458
0.3362
0.5065
0.4499
0.3869
0.6526
0.7473
0.5767
0.7174
0.0781
0.1767
0.7834
0.3747
0.1143
0.3795
0.6594
0.913
0.7697
0.7807
0.9349
0.9752
0.4399
0.4998
0.6129
0.6471
0.0277
0.5367
0.3297
0.6327
0.0135
0.3155
0.1633
0.4238
0.8568
0.7739
0.8349
0.3588
0.353
0.2189
0.0507
0.0922
0.4079
0.6642
0.2675
0.4635
0.512
0.3907
0.0093
0.3285
0.5946
0.8401
0.9867
0.9755
0.3162
0.8988
0.6174
0.1631
0.057
0.6634
0.3172
0.1545
0.9383
0.2437
0.2545
0.9466
0.2747
0.8882
0.7868
0.0198
0.71
0.158
0.1341
0.7917
0.2271
0.1584
0.3099
0.6432
0.0267
0.873
0.7764
0.7385
0.0635
0.9882
0.5361
0.3642
0.7576
0.9597
0.5293
0.3421
0.9697
0.9696
0.7289
0.4871
0.7985
0.5841
0.3937
0.2447
0.4408
0.9175
0.7431
0.9412
0.584
0.6994
0.0393
0.1432
0.41
0.5973
0.8461
0.8982
0.1248
0.811
0.5184
0.1969
0.0301
0.7453
0.8262
0.2011
0.6482
0.0715
0.3007
0.0896
0.1736
0.699
0.4536
0.3465
0.4339
0.7148
0.6631
0.1439
0.0744
0.7453
0.1356
0.6353
0.5361
0.6445
0.8905
0.6697
0.3681
0.7491
0.8826
0.5315
0.5617
0.5624
0.3017
0.5401
0.2794
0.493
0.5471
0.5049
0.5984
0.9175
0.8594
0.8146
0.5733
0.0104
0.0562
0.3511
0.5153
0.5962
0.5396
0.1869
0.8438
0.4445
0.9497
0.3243
0.2146
0.2014
0.2905
0.3156
0.7457
0.6218
0.8401
0.0282
0.7289
0.4183
0.8667
0.3942
0.9513
0.2272
0.8016
0.4757
0.0277
0.6183
0.1742
0.7969
0.2538
0.4226
0.1493
0.857
0.5878
0.5634
0.81
0.6672
0.2625
0.0054
0.0168
0.6917
0.5803
0.2561
0.3644
0.08
0.1962
0.5964
0.6363
0.4145
0.4533
0.3772
0.9128
0.8514
0.1666
0.8479
0.3436
0.3763
0.5486
0.2271
0.7316
0.6006
0.8683
0.1565
0.7465
0.9435
0.0017
0.9465
0.5078
0.3141
0.1826
0.6425
0.3927
0.7
0.5308
0.1963
0.6864
0.7389
0.5223
0.834
0.9136
0.5454
0.8042
0.6778
0.6005
0.0711
0.9206
0.5812
0.0592
0.42
0.531
0.313
0.9388
0.9206
0.8884
0.6247
0.9587
0.7499
0.6656
0.3312
0.5932
0.2681
0.498
0.3942
0.0709
0.7429
0.8851
0.7983
0.2594
0.6381
0.0566
0.744
0.4119
0.8484
0.131
0.9098
0.3675
0.1155
0.4418
0.2379
0.0734
0.369
0.6426
0.8466
0.7096
0.9158
0.8254
0.3404
0.976
0.871
0.9265
0.4212
0.6476
0.1556
0.5907
0.2505
0.2785
0.819
0.5571
0.7515
0.6083
0.9956
0.1907
0.4117
0.7533
0.6302
0.6256
0.6789
0.5989
0.7934
0.4913
0.3688
0.2324
0.0541
0.3338
0.7718
0.5118
0.2489
0.9396
0.3519
0.6085
0.1939
0.1732
0.575
0.3498
0.2681
0.735
0.3519
0.301
0.8336
0.9385
0.0891
0.8876
0.7218
0.9119
0.7868
0.1209
0.8198
0.6461
0.3449
0.8613
0.2844
0.9094
0.2289
0.8331
0.3143
0.1793
0.004
0.6643
0.3779
0.0946
0.251
0.8082
0.1728
0.5257
0.286
0.0239
0.2148
0.4057
0.7155
0.8606
0.6044
0.7825
0.6336
0.6053
0.509
0.561
0.2311
0.5441
0.8191
0.365
0.0364
0.43
0.6907
0.1749
0.3281
0.1509
0.9161
0.781
0.9975
0.3306
0.7428
0.89
0.6009
0.6585
0.6039
0.9774
0.6712
0.1175
0.9074
0.3744
0.393
0.6921
0.0541
0.5746
0.6044
0.3426
0.1139
0.6027
0.544
0.0312
0.5544
0.3974
0.9172
0.1475
0.7353
0.5134
0.6536
0.146
0.0169
0.2088
0.8186
0.2101
0.6302
0.6225
0.4423
0.6034
0.3341
0.9835
0.9883
0.7956
0.3462
0.8115
0.0889
0.833
0.7976
0.0981
0.6727
0.5329
0.2612
0.9742
0.4406
0.5307
0.3253
0.0056
0.4199
0.5179
0.6512
0.5503
0.7182
0.043
0.9622
0.4952
0.168
0.8951
0.2892
0.8406
0.148
0.0709
0.0719
0.3836
0.0803
0.9196
0.0578
0.7627
0.2158
0.7199
0.6345
0.2798
0.185
0.1139
0.2798
0.298
0.0105
0.7754
0.8015
0.7165
0.1996
0.6876
0.3101
0.6752
0.0214
0.4317
0.0185
0.2762
0.3479
0.2361
0.2296
0.4468
0.8469
0.2092
0.5297
0.3448
0.2292
0.0142
0.14
0.4081
0.2532
0.8434
0.0254
0.6795
0.3856
0.7285
0.8125
0.1853
0.361
0.0098
0.6247
0.5272
0.0047
0.4877
0.6844
0.8555
0.5426
0.9849
0.2723
0.3194
0.0242
0.5462
0.5011
0.6743
0.9238
0.3155
0.2937
0.9499
0.177
0.7094
0.9868
0.0035
0.2889
0.4943
0.9069
0.7138
0.2601
0.4791
0.7652
0.4448
0.2942
0.6479
0.9878
0.3758
0.5731
0.6968
0.2608
0.69
0.5542
0.4614
0.4739
0.3989
0.3448
0.7209
0.9663
0.9124
0.8003
0.7944
0.6874
0.3509
0.9408
0.5893
0.0273
0.3319
0.4927
0.8812
0.0998
0.4717
0.1688
0.0838
0.5965
0.951
0.2823
0.7712
0.0821
0.6426
0.8697
0.8302
0.7547
0.417
0.6631
0.98
0.0912
0.5598
0.7685
0.6621
0.7956
0.3133
0.7567
0.0011
0.7466
0.0318
0.2395
0.2997
0.5068
0.05
0.7605
0.9719
0.5543
0.9083
0.1959
0.9231
0.2258
0.5907
0.7459
0.9353
0.0601
0.3448
0.3635
0.1658
0.6233
0.9103
0.1599
0.3473
0.3947
0.1055
0.0602
0.4278
0.1317
0.8318
0.6923
0.0145
0.1692
0.8147
0.6906
0.1966
0.0816
0.5854
0.256
0.047
0.0005
0.9161
0.5573
0.716
0.9612
0.0021
0.6561
0.9108
0.1256
0.1513
0.0104
0.457
0.889
0.2864
0.5466
0.0657
0.9207
0.3146
0.5396
0.261
0.9392
0.7149
0.6292
0.4262
0.219
0.2371
0.0145
0.561
0.0363
0.349
0.2111
0.5167
0.1694
0.3766
0.3332
0.4219
0.3089
0.2744
0.0142
0.3057
0.1136
0.6117
0.3178
0.2313
0.9237
0.5174
0.854
0.2478
0.4721
0.3427
0.6726
0.6065
0.0202
0.5968
0.9491
0.9405
0.6745
0.8444
0.0396
0.3024
0.6017
0.054
0.0595
0.4158
0.9192
0.4003
0.6174
0.0276
0.858
0.9932
0.0114
0.543
0.9819
0.3159
0.7714
0.4862
0.4093
0.3509
0.6674
0.7281
0.8423
0.5725
0.9299
0.8205
0.0153
0.4185
0.528
0.8429
0.0015
0.5384
0.2091
0.7072
0.6567
0.3952
0.3949
0.1705
0.6626
0.4962
0.0386
0.5193
0.1911
0.5997
0.6642
0.3707
0.8248
0.5017
0.1824
0.7189
0.1386
0.0178
0.3164
0.7481
0.3783
0.3822
0.9497
0.3826
0.5704
0.7603
0.8928
0.5193
0.9012
0.3389
0.1478
0.3569
0.1667
0.5457
0.1471
0.4648
0.4264
0.7469
0.8893
0.4617
0.7819
0.3758
0.899
0.905
0.4028
0.6829
0.1878
0.6436
0.5307
0.7359
0.6654
0.5891
0.719
0.9748
0.3466
0.6845
0.6011
0.5741
0.465
0.4394
0.3088
0.9977
0.1483
0.4064
0.7171
1.0
0.0
0.0
1.0
0.0
0.0
1.0
0.0
0.0
1.0
1.0
0.0
0.0
1.0
1.0
1.0
0.0
1.0
1.0
0.0
1.0
0.0
0.0
1.0
1.0
1.0
0.0
1.0
0.0
1.0
1.0
0.0
1.0
1.0
1.0
1.0
0.0
0.0
0.0
0.0
0.0
0.0
0.0
0.0
0.0
0.0
