545.13 844.19 1001.52 3639.4 1962.38 1408.48
350.56 482.5 682.14 1014.15 1077.08 718.45
938.21 1348.65 1887.98 2915.08 2922.84 2041.6
958.43 1387.36 1920.41 3034.47 2824.7 1974.03
971.81 1438.4 2114.33 3095.45 2948.42 1990.3
931.11 1346.25 1887.3 3133.29 2413.24 1481.18
1002.27 1406.04 1863.31 2675.66 3063.53 2640.39
940.13 1335.28 1880.39 2785.84 2911.98 2196.44
455.11 714.26 953.15 2893.64 1592.36 913.09
927.39 1316.53 1921.18 3064.45 2728.02 1786.07
584.03 838.2 1177.88 2112.08 1752.89 1083.51
647.3 918.57 1276.77 2036.33 1610.23 1005.5
479.45 740.25 964.77 3519.82 1471.37 796.75
297.3 591.73 483.41 4761.71 1562.42 775.11
928.56 1354.31 1924.37 2819.14 2852.98 2101.66
794.25 1122.26 1499.78 2176.24 2510.55 2105.19
961.45 1390.33 2052.59 3134.6 3474.15 2272.2
122.06 132.55 150.06 183.17 168.83 139.73
606.24 861.7 1218.17 1822.75 1998.38 1423.2
547.81 873.56 1057.75 4105.53 1696.64 901.02
978.81 1421.7 2097.34 3247.59 3196.73 2058.01
401.0 606.97 737.18 2677.7 1245.25 660.09
634.98 909.43 1264.14 2011.0 1745.23 1133.03
990.49 1393.32 1856.71 2730.13 2905.37 2449.26
249.73 432.34 403.87 2821.04 1104.89 602.13
376.59 516.46 731.62 1097.36 1076.26 710.2
965.35 1417.57 2031.71 2959.28 3056.04 2277.46
639.15 1001.47 1228.96 3929.92 1936.33 1090.86
412.9 585.66 847.75 1216.63 1112.69 722.77
986.36 1420.75 2077.35 3155.55 3750.17 2538.38
256.34 339.24 451.25 683.7 504.16 335.35
251.1 327.36 446.74 642.74 611.38 424.47
591.58 936.0 1281.0 3588.96 2106.79 1253.38
507.1 768.6 1006.53 3634.7 1900.06 1198.72
180.64 389.01 216.46 4876.0 1155.99 473.55
657.05 1004.62 1304.21 3885.96 2267.05 1356.98
300.49 404.61 584.09 908.34 1007.21 624.51
361.09 664.35 488.36 5287.49 1392.28 618.44
298.35 544.74 486.81 4770.19 1368.55 659.17
143.69 164.71 201.11 257.77 239.43 180.61
918.8 1326.4 1893.35 3121.22 3270.39 2270.39
400.78 666.74 791.71 4207.83 1929.73 1052.33
542.72 873.01 1195.79 3991.19 2006.57 1181.66
439.26 610.48 878.53 1318.6 1248.19 828.52
863.92 1271.61 1845.6 3086.15 2981.0 1966.78
490.34 706.38 1028.83 1489.79 1341.1 866.52
309.05 414.76 577.38 853.82 837.86 561.19
352.59 485.59 686.84 1021.54 1084.98 723.45
818.59 1169.12 1720.07 3030.52 2368.01 1395.88
948.66 1337.29 1779.39 2575.52 3105.74 2622.42
310.15 411.25 586.3 858.83 770.64 487.74
951.61 1347.3 1824.94 2710.39 3257.24 2639.01
746.31 1151.7 1414.33 3831.78 2105.85 1216.34
406.01 568.26 787.49 1242.47 891.07 560.64
914.74 1301.71 1749.26 2549.33 3048.41 2533.85
903.44 1288.73 1766.25 2635.91 3018.17 2386.7
789.43 1149.09 1425.79 3189.2 2733.31 2251.78
917.47 1346.01 2074.92 3511.13 3825.82 2247.19
387.08 538.24 766.98 1147.38 1219.48 808.58
942.35 1363.69 2007.13 3074.24 2962.75 1976.91
368.73 519.29 697.5 1442.32 1066.25 659.57
346.39 615.2 750.92 3932.79 1639.78 791.9
887.03 1276.1 1852.84 2812.37 2753.9 1902.36
462.21 723.31 965.33 3662.04 1811.39 995.93
898.31 1287.79 1898.18 3317.26 2611.28 1537.62
853.66 1257.64 1799.21 3425.87 2717.7 1716.48
848.49 1245.82 1806.25 3038.35 2918.15 1936.62
835.5 1201.0 1628.68 2768.78 2641.32 1949.0
606.29 846.35 1190.89 1768.37 1819.95 1337.29
975.39 1372.17 1869.01 2805.42 2932.74 2353.09
942.79 1318.97 1698.97 2415.66 2987.54 2705.73
915.3 1336.09 1881.86 2964.13 3302.92 2447.49
939.48 1344.8 1850.11 2909.53 2594.13 1825.61
274.03 514.69 454.17 4838.16 1524.75 769.92
968.48 1419.97 2195.39 3617.07 4030.74 2375.3
897.86 1264.96 1674.28 2477.73 2895.45 2424.16
859.25 1256.49 1870.45 3426.47 2630.96 1490.58
860.47 1230.24 1593.82 2860.64 2778.9 2289.62
491.99 800.78 996.98 3921.68 1955.13 1164.04
925.09 1395.01 2049.97 3268.51 2756.54 1725.98
646.66 901.45 1212.89 1789.64 2138.51 1724.54
893.63 1321.24 1930.93 3254.51 3218.69 2055.45
387.36 731.81 465.55 5551.61 1546.87 712.93
675.13 994.71 1411.16 2827.07 2278.42 1417.96
988.46 1404.62 1896.57 2821.27 3032.72 2397.62
882.81 1279.16 1814.47 3222.88 3363.78 2323.73
754.51 1130.32 1512.45 3325.81 2825.24 2034.16
103.39 316.37 91.64 4912.45 1203.38 469.02
931.9 1354.75 1943.65 3138.4 2861.96 1777.48
640.78 962.55 1279.11 3416.97 1907.91 1242.99
435.53 759.82 809.45 4480.73 2057.67 1149.45
984.0 1396.66 2010.7 3008.41 2955.97 2094.87
967.26 1418.71 2189.68 3629.65 4025.31 2376.73
1009.02 1411.86 1813.8 2562.82 3129.45 2857.17
733.2 1052.79 1553.08 2374.45 2243.03 1459.74
760.08 1130.91 1521.21 3089.4 2049.74 1358.5
997.36 1434.02 1966.59 2894.75 3373.4 2692.14
232.02 298.2 383.24 521.57 544.66 437.91
497.41 711.33 1000.35 1873.11 1562.96 992.52
948.41 1385.54 2020.02 3091.19 3214.65 2179.66
334.8 627.82 410.2 5374.15 1382.61 607.28
838.08 1205.19 1776.74 3347.89 2502.93 1460.14
616.21 872.07 1209.93 1926.35 1524.45 954.07
871.81 1297.17 1928.65 2969.14 3280.02 2166.5
986.42 1427.52 2111.67 3274.21 3827.76 2498.38
809.87 1186.25 1694.8 2750.24 1935.07 1168.57
924.15 1312.43 1803.56 2671.23 2912.87 2279.51
603.48 882.14 1298.04 1892.61 1700.83 1088.68
890.34 1342.31 2034.61 3006.27 2851.14 1840.61
973.76 1369.01 1743.19 2692.25 3021.69 2718.93
891.97 1256.36 1654.55 2401.42 2890.36 2500.19
914.57 1297.14 1885.55 3006.95 2717.72 1803.36
446.44 645.5 952.14 1381.06 1307.19 857.01
774.49 1139.78 1511.87 3431.15 2572.37 1877.12
502.28 803.66 983.63 3535.73 1707.26 970.61
849.2 1236.08 1878.71 3319.17 2631.25 1498.93
653.12 919.21 1379.93 2097.22 1865.11 1120.52
817.66 1181.03 1667.1 3323.81 2290.79 1469.29
361.18 597.05 560.47 3996.41 1515.35 1028.93
890.44 1241.97 1610.52 2303.64 2663.85 2377.2
895.13 1268.26 1612.11 2891.1 2894.19 2530.87
816.44 1210.91 1682.8 3243.04 2096.59 1299.91
722.2 1058.45 1342.79 3069.98 2451.38 1935.74
481.17 766.66 834.85 3683.28 1526.23 798.04
796.45 1166.52 1705.36 3170.74 2559.07 1617.91
466.73 643.61 912.17 1421.19 1121.49 718.86
812.18 1208.05 1715.37 3180.15 2902.2 1851.8
551.73 842.47 1075.52 3815.92 1873.92 1087.11
797.91 1146.34 1451.93 2854.06 2700.42 2282.16
942.11 1332.93 1775.29 2577.6 3044.18 2575.17
662.25 1022.87 1221.5 4056.23 2078.47 1244.05
521.92 924.08 934.24 4537.58 1863.03 1001.66
442.55 632.12 915.11 1380.19 1515.54 1013.4
710.2 1102.33 1555.46 3807.36 2925.45 1820.48
880.5 1281.28 1837.67 3135.75 3217.36 2172.38
428.33 698.45 789.23 4149.29 1941.19 1129.49
766.53 1079.95 1431.32 2133.06 2239.52 1819.38
937.92 1364.24 1896.68 2977.12 3306.91 2515.39
208.22 358.13 359.26 2495.42 930.59 486.6
384.17 748.74 522.83 4961.92 1480.7 701.49
621.53 865.09 1228.41 1818.3 1784.62 1273.76
910.04 1281.62 1756.16 2601.51 2882.55 2301.04
706.87 1108.23 1315.79 3955.89 2037.59 1159.66
970.08 1378.62 1840.53 2782.64 3102.72 2581.71
958.96 1367.18 1832.2 2763.75 2913.03 2327.37
774.63 1145.13 1638.48 3499.46 2918.62 1844.42
575.11 825.59 1180.63 1701.57 1645.04 1156.56
280.28 369.64 487.63 737.83 597.47 398.28
795.69 1146.81 1696.47 2598.89 2454.51 1593.92
885.29 1238.71 1603.56 2335.92 2880.72 2550.24
312.89 425.25 595.69 880.58 894.43 600.9
602.29 849.62 1249.1 2019.87 1917.07 1148.65
902.11 1297.06 1934.99 3165.83 3001.66 1774.57
471.36 703.53 978.91 3092.97 1621.99 897.81
238.2 435.88 245.2 3878.71 912.13 388.59
759.04 1053.34 1349.21 1907.77 2356.55 2139.93
364.03 494.89 667.69 1034.12 828.56 536.83
503.3 879.72 816.64 5088.17 1735.66 873.45
894.48 1305.35 1893.06 2936.68 3047.63 2076.18
138.29 347.73 172.62 4560.73 1232.55 520.69
986.17 1394.69 1812.05 2689.6 3068.5 2720.03
704.61 1009.76 1487.46 2271.73 2146.25 1398.34
914.56 1317.73 1824.5 2664.89 2862.11 2243.61
732.13 1095.34 1654.82 2437.45 2302.67 1481.26
898.72 1265.45 1743.69 2670.91 2796.2 2171.81
170.46 206.61 253.33 351.69 316.69 236.06
453.47 656.57 969.42 1407.05 1331.68 872.37
952.78 1401.82 2081.29 3211.28 3425.46 2204.88
337.27 473.6 683.61 977.36 926.77 618.46
357.37 677.19 652.0 4639.02 1577.7 790.03
921.07 1349.19 1936.04 2923.67 3302.45 2376.71
884.99 1330.37 1970.79 3348.91 3416.3 2216.69
923.31 1369.31 2022.9 2995.05 2798.64 1847.71
536.57 778.16 1138.83 1731.56 1904.06 1264.09
704.05 1036.54 1530.98 3059.39 2894.57 1725.27
846.49 1240.47 1838.11 2837.03 2885.61 1856.35
627.93 891.59 1302.27 1971.75 2176.49 1423.78
480.43 690.97 1005.26 1521.79 1672.1 1114.42
458.01 753.06 876.86 4170.38 1985.81 1131.78
551.79 885.34 961.56 4402.98 1806.52 982.3
166.57 254.24 243.2 1602.28 572.81 307.65
851.23 1249.54 1787.71 2904.64 2041.98 1230.82
654.83 961.17 1425.9 2079.99 1895.68 1204.28
579.29 877.64 1167.25 3485.74 1947.82 1137.53
757.07 1085.66 1493.94 2341.13 2165.62 1517.78
913.89 1301.08 1947.05 3168.87 2639.44 1565.79
1004.47 1407.67 1818.86 2606.73 3035.81 2714.62
898.27 1282.28 1859.02 2953.49 2345.45 1489.18
904.0 1311.98 1910.4 3076.93 2954.74 1932.48
883.51 1290.63 1803.88 3058.33 3113.78 2248.79
975.3 1452.9 2165.1 3179.01 2943.25 1901.98
717.58 1082.13 1399.36 3522.89 2796.08 1936.81
903.85 1314.71 1927.42 3309.99 3559.32 2306.38
654.26 934.17 1307.17 2125.47 1951.87 1387.19
954.65 1423.93 2116.91 3113.89 2821.55 1813.77
445.23 694.29 863.13 2395.32 1647.84 1028.18
887.21 1273.34 1782.73 2752.17 2748.12 1910.34
884.63 1311.57 1934.42 2964.48 3289.57 2216.42
941.55 1341.76 1825.56 2685.76 3077.9 2484.61
291.84 396.96 538.75 1227.69 788.75 473.36
409.16 558.22 766.45 1118.06 1159.83 875.65
340.13 570.04 648.59 4440.98 1466.92 716.19
242.71 314.87 425.88 614.59 603.7 414.83
960.83 1406.97 1967.28 3296.09 2762.43 1764.46
677.68 939.54 1224.1 1742.04 2072.94 1819.32
384.17 538.41 747.22 1640.52 1097.88 646.98
804.59 1160.9 1709.0 2640.69 2586.93 1654.43
449.47 633.37 897.4 1932.86 1305.28 764.88
716.58 1022.19 1425.74 2281.45 1801.41 1120.13
401.72 544.09 713.86 1033.62 1117.02 891.78
939.28 1377.44 2028.68 3122.8 3214.15 2118.71
949.0 1338.39 1784.43 2585.7 3112.67 2616.64
759.34 1106.51 1631.85 2505.51 2671.1 1727.4
575.68 845.98 1124.27 2820.06 1576.29 936.8
577.45 822.38 1138.94 1805.47 1568.29 1021.93
994.26 1430.99 2086.11 3162.94 3756.18 2559.65
415.94 696.5 800.84 4133.16 1760.46 929.57
1009.33 1410.51 1805.91 2551.23 3102.12 2846.53
659.39 1001.33 1361.47 4019.19 2444.71 1370.18
985.89 1397.63 1995.46 2974.01 2967.1 2151.28
996.95 1427.4 2037.41 3055.69 3645.64 2612.83
832.25 1184.45 1669.17 2578.96 3041.23 2234.41
895.87 1277.58 1693.6 2707.87 2853.81 2400.14
391.32 536.82 763.44 1132.88 1245.85 830.49
919.49 1308.99 1955.33 3177.8 2660.57 1591.26
821.93 1233.54 1751.54 3499.95 3070.33 1972.31
670.79 967.23 1478.21 2401.36 2682.85 1593.28
230.7 466.05 315.88 5022.92 1424.3 626.36
306.07 557.34 530.21 4785.88 1538.52 780.23
374.23 757.27 537.7 5060.75 1594.43 776.24
958.94 1393.53 2060.64 3206.8 3133.89 1998.0
1002.35 1403.46 1822.85 2611.54 3029.13 2705.58
104.84 107.29 110.74 117.25 115.93 109.63
685.42 996.04 1271.14 3108.58 2418.22 1872.96
939.28 1362.69 1957.58 3077.87 2869.27 1793.08
846.03 1220.67 1792.57 2867.2 3257.56 2125.1
418.02 683.95 683.14 3965.09 1574.42 849.21
516.38 738.36 1011.45 2026.22 1574.37 1015.14
799.97 1115.44 1462.54 2083.07 2412.9 2110.42
895.03 1281.91 1742.6 2684.47 2562.48 1993.24
541.27 757.31 1078.27 1592.74 1554.51 1100.65
548.55 834.86 1165.18 2927.03 2155.02 1355.61
885.24 1303.2 1811.51 3345.56 2614.59 1649.97
975.24 1428.65 2194.68 3615.68 4024.53 2401.88
625.39 878.14 1315.76 1997.09 1776.61 1069.35
937.01 1378.45 2047.2 3165.33 3222.22 2072.23
687.92 1024.36 1385.15 3592.36 2782.45 1846.83
629.08 1003.73 1183.74 4497.07 2049.38 1062.53
347.56 472.77 649.68 982.53 915.33 592.81
947.94 1365.45 1985.9 3027.04 3392.8 2307.64
683.94 959.62 1323.58 1931.04 2026.91 1582.89
1004.26 1414.32 1842.84 2673.22 3050.38 2662.59
607.84 837.49 1088.67 1587.67 1913.44 1649.99
925.12 1387.54 2078.5 3070.0 2982.46 1993.9
399.74 552.15 786.8 1195.7 1117.1 744.06
533.76 739.17 976.9 1398.16 1641.23 1371.76
964.17 1401.17 2073.41 3216.11 3150.17 2006.48
685.53 972.64 1397.17 2098.66 2347.33 1616.0
221.33 498.36 306.25 4947.66 1274.02 544.87
933.93 1348.2 2067.01 3188.19 2821.99 1643.0
653.69 1003.79 1308.55 3647.38 2244.92 1518.16
669.79 1024.21 1262.72 4154.2 1927.98 1081.3
284.05 371.61 517.68 793.98 674.26 431.47
930.15 1417.11 2102.67 3518.37 3024.27 1936.52
907.65 1321.52 1893.94 3110.74 2791.28 1717.76
700.25 1017.05 1497.61 2300.83 2339.89 1512.27
775.05 1149.27 1621.2 3771.76 2734.81 1561.54
597.85 899.17 1287.47 2855.73 2331.66 1487.58
772.1 1144.08 1699.28 2492.98 2236.96 1419.8
518.28 779.06 1121.62 2142.83 1643.09 1038.4
401.75 606.75 725.16 2456.83 1301.08 818.61
340.51 463.39 668.39 986.75 897.63 571.45
123.3 306.47 161.01 4706.76 1115.21 425.89
882.76 1289.19 1989.3 3254.26 3640.65 2148.62
433.39 653.39 733.27 2875.95 1589.77 1174.23
967.17 1420.66 2192.74 3659.32 4034.69 2371.5
716.23 1057.32 1560.64 2424.76 2644.54 1749.26
323.52 429.85 607.26 942.8 797.41 502.55
888.62 1301.2 2000.06 3195.97 2715.44 1550.73
697.64 1094.33 1370.72 4110.1 2492.62 1385.65
935.89 1359.96 2017.46 3146.75 2936.84 1897.12
971.55 1459.41 2187.3 3233.1 3145.01 2104.98
738.51 1069.03 1639.94 2512.9 2200.96 1269.88
925.97 1346.42 1995.8 3191.26 2919.3 1881.78
968.21 1410.95 1965.28 3210.55 2800.12 1863.5
903.35 1290.59 1759.42 3022.33 2570.57 1925.61
716.68 1082.78 1421.41 3655.29 2114.36 1224.01
888.25 1244.5 1649.92 2448.77 2848.09 2415.39
895.68 1293.06 1912.02 2921.04 3229.6 2095.15
862.54 1236.82 1835.05 2988.8 2851.51 1713.49
791.9 1207.44 1700.38 3573.33 3034.78 1927.61
469.09 686.37 937.49 1839.34 1527.6 974.32
212.38 276.94 376.4 515.53 491.57 345.55
1001.65 1421.13 1952.22 2868.06 3452.27 2705.86
473.03 657.93 902.08 1419.79 1129.36 717.18
187.14 372.04 298.05 4718.04 1127.0 473.06
449.58 690.84 871.66 3140.49 1827.02 1135.51
471.61 650.37 959.9 1441.8 1285.86 785.62
848.34 1226.05 1817.31 2788.04 2632.72 1707.0
275.98 381.51 489.62 1228.15 766.3 475.46
591.86 836.59 1170.64 1799.03 1720.75 1143.72
142.74 341.11 224.17 4608.41 1273.29 505.04
303.77 454.13 547.35 2303.97 1059.05 675.48
706.45 1046.12 1289.75 3369.51 2424.57 1881.38
370.79 555.18 621.41 2032.99 1087.19 741.71
820.56 1212.85 1705.81 3063.24 1999.31 1189.35
884.11 1257.13 1879.47 3056.59 2546.54 1512.16
336.07 449.93 622.81 950.46 757.54 498.37
908.15 1298.78 1765.58 2576.26 2962.26 2440.38
586.5 875.1 1068.17 3424.42 2107.51 1635.18
939.69 1407.94 2081.01 3388.39 3593.1 2372.92
828.12 1158.04 1570.18 2346.92 2456.76 1977.87
894.16 1264.4 1678.92 2440.05 2875.42 2450.52
698.55 1053.8 1539.36 3506.37 2348.45 1292.11
417.64 586.05 813.6 1285.87 921.12 578.14
231.39 304.1 412.64 567.8 517.75 358.0
937.07 1361.75 1918.98 2868.81 3279.37 2460.27
308.81 425.89 510.43 1193.81 810.56 595.27
963.35 1437.18 2126.35 3124.22 3079.06 2128.05
1004.56 1418.7 1867.26 2651.53 3080.72 2699.59
803.27 1189.36 1735.73 3121.29 2941.93 1867.36
451.76 680.22 841.85 2698.8 1435.11 851.22
535.07 827.2 1125.32 4012.76 1915.32 1009.4
659.9 986.27 1233.83 3600.82 2415.66 1831.61
582.35 826.27 1201.49 1839.3 1802.5 1164.13
294.04 396.92 535.93 824.43 601.6 392.09
801.7 1151.19 1466.49 3093.55 2706.06 2272.86
922.69 1349.15 1907.72 3057.82 2304.22 1503.8
286.51 378.34 526.67 812.87 774.7 489.37
931.2 1342.08 1981.21 3022.03 3577.91 2358.42
921.97 1333.82 1857.56 2719.52 3002.12 2367.23
789.65 1154.33 1679.42 2742.36 2699.49 1786.5
858.37 1223.17 1854.71 2837.97 2520.16 1499.68
722.96 1124.27 1563.28 3693.36 2438.6 1487.54
820.84 1188.4 1700.39 3371.78 2240.38 1359.58
903.9 1330.64 1905.29 3112.72 2179.53 1310.28
823.89 1186.9 1743.53 2745.95 3157.38 2063.7
360.77 505.08 720.5 1074.55 1177.58 795.33
743.73 1084.3 1422.64 3178.83 2297.63 1627.23
163.73 195.11 245.79 343.59 330.54 233.05
907.97 1328.85 1952.39 3000.16 3088.3 2044.52
131.99 159.57 173.33 598.79 282.25 189.07
792.96 1168.32 1632.29 3473.52 2566.37 1571.16
915.95 1314.32 1833.23 2810.03 2819.97 1991.93
666.61 1022.15 1068.8 3874.74 2226.55 1741.01
886.71 1314.15 1924.93 3376.83 3236.89 2065.47
220.29 393.76 400.0 4433.99 1316.42 608.79
787.76 1136.77 1555.13 3147.48 2484.62 1734.52
918.51 1311.74 1843.08 2771.42 2932.15 2212.83
197.12 364.48 363.18 4217.7 1164.34 528.71
637.38 979.3 1323.49 3431.11 2505.11 1617.76
434.59 713.28 840.62 4075.01 1800.41 1012.07
942.08 1319.17 1705.13 2426.33 2984.92 2688.44
744.8 1108.39 1455.49 3366.67 2863.82 2036.51
660.76 1023.23 1400.51 3668.22 2536.02 1533.0
493.94 786.81 1025.1 3974.26 1827.67 959.93
342.22 573.51 618.9 3592.8 1542.4 852.59
895.01 1297.87 1832.46 2677.2 2785.52 2090.34
930.65 1355.89 1903.85 3056.95 2661.03 1720.64
375.19 553.07 697.08 2119.84 1179.31 696.86
694.59 1096.96 1406.82 4274.66 2704.42 1640.36
408.88 692.72 733.99 4159.13 1653.85 1004.25
763.71 1150.5 1581.57 3514.2 1986.25 1153.85
601.5 848.43 1247.29 2016.84 1914.19 1146.99
907.42 1330.52 1963.93 3028.26 3106.69 2030.8
855.79 1221.18 1793.68 2715.35 2624.42 1757.34
794.76 1239.01 1657.59 4068.31 3049.51 1903.38
954.15 1365.21 1857.9 2673.44 2974.52 2436.37
431.35 681.2 879.61 4161.34 2094.28 1196.7
145.55 267.43 175.25 2603.97 651.6 306.89
864.73 1245.17 1757.26 2640.39 2868.03 2112.58
909.27 1310.27 1851.33 2869.63 2784.25 1866.32
954.57 1347.36 1881.22 2773.11 2878.01 2206.24
862.93 1264.01 1805.88 3402.01 3399.34 2244.31
610.93 906.16 1254.13 2933.17 2103.02 1209.39
829.46 1255.1 1841.94 3394.39 2580.47 1586.55
999.99 1426.01 1922.91 2749.42 3056.97 2555.61
649.76 1007.63 1385.87 3780.59 2645.94 1586.76
888.0 1278.24 1870.76 2843.75 3168.22 2112.94
945.4 1326.88 1731.91 2491.49 3065.14 2696.0
901.15 1302.62 1936.71 2946.33 2787.42 1820.12
744.1 1054.76 1526.45 2420.45 1894.07 1186.93
854.82 1224.39 1615.29 2898.55 3004.61 2356.13
580.8 887.7 1234.75 2819.29 1830.17 1107.16
886.29 1270.86 1788.15 3053.08 2982.88 2070.02
770.76 1098.85 1577.87 2373.56 2673.12 1859.28
377.79 607.27 766.94 3895.95 1611.25 805.96
712.82 1032.48 1408.91 2602.13 2096.04 1420.5
848.59 1196.96 1553.7 2508.17 2835.35 2441.37
290.86 386.19 534.66 776.7 850.72 578.59
483.94 802.89 737.61 4777.03 1719.22 998.14
530.0 759.59 1003.83 1989.1 1618.99 1156.74
685.37 956.07 1253.95 1824.5 2235.24 1917.81
898.49 1310.75 2008.81 3125.59 2745.18 1611.97
926.42 1342.78 1967.35 3080.0 2919.72 1954.09
558.34 824.64 1057.63 2826.02 1755.89 1129.43
625.99 906.61 1304.7 2761.22 2108.21 1230.75
548.23 788.01 1111.98 2107.16 1935.09 1241.87
856.13 1266.1 1800.6 3227.22 2113.97 1257.28
576.61 831.96 1179.76 2766.98 1737.28 1001.6
689.61 981.13 1402.95 2129.27 2169.94 1500.95
784.78 1096.93 1426.08 2024.28 2451.27 2178.46
660.31 950.28 1450.76 2216.22 1943.82 1128.05
610.74 945.56 1191.39 3715.73 2163.84 1505.14
950.09 1348.47 1814.61 2692.71 2971.6 2381.57
352.0 570.19 718.24 4178.95 1548.16 764.3
963.92 1417.38 2099.48 3236.63 3462.79 2245.38
687.49 972.53 1425.92 2143.01 2036.88 1347.47
780.45 1195.7 1722.54 3473.17 2491.28 1512.65
322.7 436.94 584.6 895.48 784.86 530.02
189.34 356.44 301.48 4709.11 1158.46 517.77
750.13 1054.31 1429.08 2111.77 2374.91 1923.72
853.42 1236.17 1771.39 2714.84 2839.79 1999.28
574.12 819.55 1243.47 1891.69 1660.06 968.69
729.15 1062.64 1473.38 3232.23 2413.9 1669.69
423.59 691.68 847.55 4231.74 1820.45 1011.67
899.32 1266.64 1749.03 2683.57 2793.25 2157.94
411.09 664.23 875.82 4010.12 2123.56 1110.83
492.23 700.67 990.18 1423.82 1459.49 1078.27
534.96 803.0 994.94 3321.02 2008.76 1505.82
738.52 1097.86 1486.36 3465.32 2800.39 1896.38
778.91 1121.3 1564.56 2326.71 2687.34 2046.59
674.83 928.0 1176.75 1642.85 2004.39 1848.7
357.74 573.96 611.49 4243.71 1600.62 1064.36
927.27 1386.15 1990.46 3198.52 2783.61 1864.29
973.86 1390.18 1943.82 2891.18 3027.97 2317.19
450.14 623.9 901.35 1477.74 1375.56 833.78
928.19 1320.58 1961.77 3174.27 2692.33 1646.69
856.09 1289.64 1883.28 3379.53 2685.76 1700.13
316.7 430.8 603.46 890.59 945.02 634.86
947.23 1351.17 1934.76 3040.3 2543.11 1713.01
984.93 1457.63 2129.39 3248.44 3633.34 2516.29
536.4 818.35 1157.56 3715.55 1930.14 1033.11
966.85 1410.43 1981.56 3182.44 2771.76 1793.53
724.86 1090.09 1404.32 3956.39 2033.7 1170.32
369.87 609.68 751.56 3907.65 1796.96 973.22
916.5 1300.26 1775.3 2650.35 2999.28 2383.82
925.36 1369.7 2004.64 3370.64 3342.47 2133.77
246.75 484.47 398.14 4555.43 1259.24 566.82
372.62 555.99 729.71 2349.89 1374.79 761.04
559.5 785.75 1151.2 1856.3 1762.25 1059.3
911.47 1299.6 1942.31 3224.42 2645.04 1565.82
707.4 1027.6 1456.81 2345.74 1688.76 1049.54
963.52 1376.71 2071.44 3166.09 2879.87 1779.84
134.96 152.64 179.84 226.07 223.41 177.13
564.77 796.89 1158.43 1747.82 1928.06 1265.4
538.55 773.74 964.34 2136.15 1847.14 1513.23
238.07 466.4 374.85 4934.19 1325.28 605.65
492.88 778.94 939.33 3682.04 1529.41 849.35
913.48 1370.52 2022.0 3366.69 3489.52 2290.91
901.44 1327.85 1838.55 3372.9 2633.41 1667.03
828.46 1256.85 1786.92 3646.31 3211.82 2120.74
406.85 552.24 726.51 1036.34 1202.12 985.42
914.19 1330.16 1910.58 3276.62 3292.79 2171.89
438.46 629.73 862.59 1896.73 1528.7 975.31
163.03 199.19 244.54 481.76 380.23 269.04
916.64 1301.29 1904.13 3050.97 2707.44 1755.08
971.99 1410.11 2072.8 3205.88 3179.5 2070.87
618.83 876.69 1327.95 2020.33 1789.75 1047.77
867.01 1251.76 1640.13 2946.08 2759.91 2179.65
364.35 504.51 693.89 1086.92 783.36 497.92
995.23 1403.78 1848.74 2726.73 2913.39 2453.03
979.1 1390.9 1944.28 3003.06 3156.2 2316.97
440.2 618.96 866.81 1237.23 1192.31 858.55
443.0 632.39 919.69 1324.06 1210.12 782.68
858.87 1221.25 1822.27 2997.23 2475.33 1468.98
698.73 1057.32 1509.59 3176.12 2208.71 1379.85
807.94 1158.74 1708.75 2602.41 3075.43 2016.69
919.43 1308.1 1751.48 2662.02 2854.57 2281.25
176.59 214.53 274.03 370.71 421.88 307.35
171.12 331.66 274.86 4766.96 1203.49 532.58
878.11 1271.67 1827.72 2873.92 2662.69 1648.99
416.82 699.37 716.83 4510.81 1585.28 797.17
524.58 740.77 1030.33 1470.57 1485.49 1115.86
972.08 1419.72 2164.74 3529.0 3962.74 2420.67
796.76 1163.79 1783.03 3058.54 3285.83 1933.25
292.09 550.87 607.44 4026.87 1642.31 836.88
356.68 564.26 727.87 2895.64 1337.08 735.9
950.22 1340.24 1780.34 2584.13 3033.89 2577.58
754.74 1141.63 1637.11 3404.66 2457.07 1573.68
549.73 763.68 1120.62 1795.77 1503.22 909.95
934.5 1378.63 2038.44 3251.92 3378.53 2167.8
822.66 1213.77 1665.24 3334.43 2261.05 1350.68
772.27 1120.27 1721.37 2640.49 2312.05 1331.74
835.7 1226.93 1811.95 2857.43 2855.8 1833.75
518.11 837.43 998.49 4288.4 2177.44 1267.96
555.71 845.45 1046.5 3582.86 1985.57 1330.25
796.58 1162.48 1639.86 3264.72 2624.74 1801.66
927.86 1322.45 1883.24 2974.44 3079.66 2141.38
773.72 1128.48 1603.56 3014.88 2970.29 1911.05
926.93 1329.17 1849.44 2842.94 2897.18 2069.52
516.11 815.18 1108.1 3633.42 2274.03 1357.2
644.17 904.99 1284.28 2013.11 2039.64 1392.49
904.64 1315.19 1997.56 3059.02 2770.71 1687.96
395.08 642.77 810.26 3838.25 1804.62 987.1
970.49 1379.15 1952.53 2893.8 2955.85 2198.86
276.3 373.02 495.19 845.42 571.63 370.48
753.32 1067.61 1611.79 2459.01 2184.85 1305.38
759.64 1149.96 1621.68 3537.24 2736.16 1701.45
503.71 863.19 1012.57 4378.09 2244.86 1299.69
963.22 1380.03 1868.53 2858.91 2892.23 2223.17
881.15 1311.04 1953.93 3746.58 3681.37 2189.56
893.72 1299.68 1859.64 3236.14 2936.43 1979.91
184.31 278.23 221.12 1520.51 502.75 277.3
1002.15 1436.23 1950.48 2798.12 3132.5 2607.97
372.36 603.22 665.09 3597.03 1476.2 855.32
824.02 1208.91 1754.48 3461.32 3314.56 2121.64
915.99 1352.46 1999.48 3224.0 3174.97 2029.8
593.3 836.67 1160.59 1716.61 1911.99 1426.21
448.78 741.7 801.45 4075.58 1970.23 1291.52
843.81 1216.91 1811.04 2742.35 2549.9 1648.03
458.88 697.57 802.48 3139.45 1819.95 1343.71
408.84 715.09 747.63 4471.43 1638.07 818.1
421.37 729.46 637.63 5100.36 1613.77 757.42
926.11 1384.95 2062.23 3036.44 2971.82 2018.44
462.68 639.57 869.86 1309.12 1324.61 954.17
695.27 1024.73 1516.46 2219.42 1992.67 1268.93
1001.2 1416.6 1916.2 2838.81 3374.04 2740.68
361.38 504.39 714.54 1017.76 932.91 629.01
727.14 1091.92 1552.46 3487.13 2973.66 1711.33
771.84 1126.3 1657.81 3621.52 2453.12 1409.31
672.08 1007.29 1485.71 3736.46 2949.61 1685.52
628.73 909.06 1287.84 2073.95 1466.8 895.89
907.62 1311.06 2009.49 3144.99 2740.42 1581.23
785.99 1204.63 1639.85 3629.53 2966.17 1916.85
900.51 1327.07 1908.98 3293.79 3222.67 2150.55
711.97 1012.8 1386.35 2012.47 2182.57 1733.98
958.5 1401.76 1967.9 3231.46 2754.89 1762.6
964.49 1432.71 2111.16 3098.37 2860.11 1894.92
667.57 918.73 1174.14 1654.92 1986.55 1798.07
144.35 165.74 198.22 259.78 223.53 174.84
791.98 1194.64 1788.22 3780.93 3465.99 1991.27
572.65 821.52 1198.11 1824.4 1943.11 1266.61
806.08 1137.8 1559.37 2289.76 2460.23 1955.68
913.41 1301.94 1867.95 2945.8 2448.85 1632.04
698.56 1049.87 1403.23 3882.72 2520.9 1499.89
414.79 733.07 636.79 5080.07 1513.72 720.49
257.44 371.46 472.55 1299.79 889.38 565.67
849.01 1218.46 1830.69 3049.13 2534.47 1496.08
237.88 437.0 448.45 4316.44 1351.29 598.59
517.93 718.98 1067.1 1609.06 1433.69 871.09
424.77 673.69 765.07 3803.25 1786.47 1202.26
973.7 1387.56 1969.28 3084.71 3164.43 2220.33
260.63 399.96 460.44 2025.31 1083.13 636.65
153.58 196.49 220.13 891.04 362.38 228.1
827.69 1217.09 1850.1 3191.39 2551.31 1449.67
979.16 1411.06 2054.01 3224.97 3701.13 2532.78
406.08 553.32 808.27 1205.19 1076.74 664.72
991.8 1400.02 1872.93 2714.39 3068.19 2592.08
962.23 1372.7 1984.22 2968.85 2923.81 2058.28
936.64 1345.21 2000.8 3092.9 2845.37 1828.66
370.85 712.63 420.18 5614.38 1484.01 663.73
686.41 1029.78 1448.41 3180.28 2551.93 1606.66
969.85 1410.55 1969.85 3143.46 2815.96 1884.12
823.64 1202.13 1767.65 2711.29 2906.99 1906.25
415.45 627.46 770.06 3093.89 1473.66 926.93
622.42 886.61 1293.0 1983.81 1943.95 1252.54
716.69 1122.13 1596.62 3764.08 2478.12 1511.55
592.25 831.33 1213.27 1816.49 1722.05 1139.04
833.71 1234.99 1638.79 3322.22 2569.33 1762.92
511.7 798.33 1046.4 3906.24 2232.41 1295.1
603.26 909.28 1217.74 3776.89 1968.33 1092.09
996.97 1402.86 1852.47 2663.36 3079.8 2671.42
590.46 909.29 1291.7 2916.1 1975.1 1218.08
615.9 954.41 1211.44 4141.57 2020.48 1057.34
909.07 1355.79 2033.47 2987.3 2718.53 1710.31
229.33 290.86 393.5 587.65 503.53 332.92
388.22 539.99 769.63 1151.54 1223.93 811.4
1005.08 1406.57 1807.02 2564.48 3063.61 2793.9
855.43 1248.5 1921.84 3015.77 2595.69 1487.8
406.33 696.41 629.04 4752.89 1521.44 746.75
915.32 1324.07 1970.05 2987.46 2808.56 1830.36
661.7 979.66 1265.98 3376.34 2248.08 1692.93
727.33 1099.98 1480.15 3537.51 2397.17 1560.47
816.06 1215.44 1816.74 3387.28 2559.58 1441.19
363.65 642.79 767.41 3932.76 1818.03 973.74
760.14 1137.3 1461.66 3738.12 2087.98 1208.31
178.21 326.84 305.8 4151.51 1100.03 489.24
993.54 1405.88 1874.06 2753.83 3050.69 2509.14
294.09 575.19 302.46 5503.69 1223.5 479.02
459.61 673.57 940.66 1703.04 1617.29 1060.86
546.81 765.11 1082.66 1610.71 1811.68 1274.68
851.55 1236.43 1767.45 3517.99 2502.56 1453.19
681.58 1026.89 1500.21 3638.79 2245.71 1232.34
771.63 1116.32 1692.32 2734.94 3077.42 1884.69
710.47 1083.8 1489.12 3769.58 2588.41 1557.26
730.04 1050.96 1474.68 2213.26 2555.71 1913.86
833.5 1183.26 1691.99 2655.47 2192.02 1465.26
160.3 193.59 244.1 315.19 295.16 220.01
900.99 1278.01 1782.27 2923.33 2722.58 1987.65
834.26 1213.01 1727.71 3350.59 2292.05 1390.62
954.47 1406.63 2050.93 3007.98 2926.63 2022.52
919.69 1306.06 1802.18 2684.52 3162.73 2449.91
895.64 1357.24 2017.31 3320.7 2930.26 1916.7
952.22 1370.54 1988.6 3019.48 3400.83 2330.36
905.96 1319.12 1940.85 3439.22 2733.51 1598.96
197.26 421.94 222.02 5058.79 1249.37 518.69
764.92 1077.52 1464.8 2177.95 2460.98 1958.52
278.92 511.19 469.33 4324.05 1316.06 631.56
292.33 387.03 540.0 835.13 795.76 501.53
842.07 1240.82 1737.62 3345.4 2700.08 1669.83
222.91 292.62 388.2 745.83 665.63 418.31
205.14 378.26 370.59 4441.93 1316.57 633.08
368.12 497.44 693.79 1065.94 846.83 552.46
1004.85 1404.37 1811.13 2575.27 3082.75 2793.88
264.08 358.36 503.59 706.74 671.76 458.54
659.85 965.12 1411.6 2057.64 1885.19 1243.0
981.7 1424.12 1993.9 2885.37 2954.21 2263.95
728.22 1085.48 1477.48 3597.28 2151.06 1292.88
706.57 1021.6 1564.62 2545.64 2844.78 1686.9
497.69 722.4 856.66 2837.83 1779.94 1444.54
976.69 1413.27 2085.67 3266.14 3787.1 2484.53
491.4 721.65 997.68 3074.69 1618.65 901.77
902.56 1270.86 1711.46 2571.72 2748.21 2245.18
507.77 713.58 1035.76 1564.71 1480.08 975.66
812.94 1168.84 1690.87 3262.67 2475.88 1532.89
821.57 1208.6 1582.76 3425.09 2530.66 1753.03
975.44 1415.5 2083.51 3300.92 3792.0 2470.87
891.77 1302.07 2009.35 3105.93 2707.55 1551.94
487.46 848.79 693.74 4356.34 1850.26 1278.32
699.05 1018.79 1325.53 3140.22 2639.44 1984.69
683.26 1013.01 1340.28 3428.03 2204.57 1457.1
987.91 1426.62 1961.96 3066.69 2883.51 2069.35
158.38 362.44 254.67 4592.5 1328.52 556.64
946.67 1332.36 1744.64 2547.08 2894.85 2493.91
729.7 1081.95 1537.64 3651.63 2832.81 1766.68
528.91 777.61 1036.63 2704.11 1747.94 1143.58
956.14 1357.68 1849.58 2729.55 3069.1 2462.29
249.65 541.12 382.37 4905.78 1449.2 687.97
450.81 644.5 938.34 1351.92 1235.38 798.22
876.05 1321.96 2008.83 2969.64 2804.17 1795.74
883.84 1240.22 1634.51 2386.69 2870.41 2476.47
970.17 1431.61 2090.53 3056.28 2950.84 2031.71
946.72 1331.23 1751.74 2538.15 3106.09 2683.86
716.21 1013.42 1464.68 2319.97 1816.39 1139.86
626.47 948.57 1271.2 3805.69 2042.21 1135.69
293.87 389.94 540.56 785.29 914.82 624.89
419.74 596.27 864.09 1241.03 1134.81 736.37
950.83 1367.23 1967.63 3102.82 3556.03 2469.08
626.24 935.41 1306.83 3427.82 2282.53 1283.15
175.23 212.27 272.1 387.54 372.14 257.06
970.73 1389.32 2111.49 3236.99 2880.57 1716.66
568.92 889.94 1152.88 4045.82 2095.51 1236.6
192.27 336.77 285.13 3047.16 836.77 393.87
950.01 1340.17 1755.83 2563.72 2956.75 2546.4
411.69 594.27 839.29 1544.6 1246.18 847.84
789.32 1134.63 1694.03 2900.52 2370.57 1395.29
819.35 1205.08 1595.74 3516.96 3026.87 2134.88
794.41 1139.3 1741.29 2665.69 2362.42 1374.54
880.67 1299.62 1845.35 3172.03 2162.5 1311.62
662.07 953.98 1457.16 2366.2 2643.39 1570.47
759.87 1169.04 1644.21 3736.52 3026.54 1907.81
899.09 1293.13 1870.15 3238.52 2366.79 1460.98
946.61 1334.02 1756.46 2552.64 2981.11 2546.5
616.65 877.92 1279.82 1963.0 1923.57 1239.81
577.0 840.37 1239.9 1802.24 1643.79 1049.37
959.12 1377.7 1909.73 3022.56 2568.5 1733.27
950.59 1346.62 1796.56 2696.61 2792.22 2254.7
640.24 940.05 1357.54 2886.93 2075.14 1223.98
921.68 1319.19 2000.53 3126.85 2732.12 1618.87
439.25 682.73 752.27 3806.73 1776.27 1283.04
967.94 1377.16 1962.33 2917.01 2945.94 2155.38
861.22 1277.72 1863.97 3280.86 3008.77 1908.44
950.32 1349.41 1797.21 2575.25 3024.6 2598.77
723.85 1086.35 1504.41 3533.51 1920.59 1107.77
456.06 813.84 671.62 5223.77 1708.75 849.93
414.42 677.31 802.41 4158.99 1590.63 816.0
578.92 862.16 1198.73 3790.8 1968.34 1084.35
333.18 544.27 618.07 3617.57 1156.53 580.78
947.68 1356.45 1976.54 3151.82 2462.64 1533.81
981.03 1417.9 2005.74 3011.96 3351.27 2453.95
955.06 1369.15 1897.87 2893.26 2957.99 2145.4
441.69 812.94 693.04 4820.8 1692.26 831.82
938.48 1380.44 2049.31 3168.33 3227.7 2078.56
898.36 1267.82 1704.42 2515.46 2906.28 2412.25
705.78 1055.74 1536.86 3626.97 2344.16 1288.4
937.52 1350.03 2047.42 3129.0 2840.39 1724.0
803.21 1142.43 1564.44 2448.82 2194.47 1555.33
815.74 1160.66 1564.81 2389.35 2356.54 1872.23
968.39 1420.55 2037.7 3080.66 3502.52 2531.71
962.36 1456.1 2213.45 3275.52 3102.59 1995.47
675.81 1005.29 1471.56 2413.65 1993.4 1250.66
626.01 896.51 1246.8 1965.91 1526.57 1034.35
563.78 854.84 1147.75 3099.81 2227.88 1370.32
951.96 1361.55 1964.77 3124.46 3141.81 2096.1
586.4 832.22 1142.06 1772.95 1478.51 1061.74
261.43 343.07 468.65 682.12 669.8 456.15
342.74 705.36 438.05 5096.01 1473.2 659.79
977.22 1473.8 2225.07 3291.93 3161.38 2074.94
878.87 1270.77 1870.4 2906.06 2746.54 1816.25
688.65 1004.61 1464.2 2406.36 2422.93 1559.82
889.67 1295.22 1892.85 3201.98 2934.99 1883.07
686.48 1055.9 1347.6 4088.68 2273.52 1348.96
975.43 1409.14 2080.03 3204.65 3766.6 2481.97
369.88 514.74 707.16 1345.69 1283.7 842.54
959.12 1389.79 1981.94 2994.48 3196.28 2299.87
374.6 526.59 753.42 1077.71 973.11 639.24
805.62 1235.07 1765.71 3680.0 3176.05 2026.07
886.87 1257.47 1838.1 2942.71 2612.68 1695.7
262.34 434.51 471.32 2661.1 1152.37 629.71
652.1 923.96 1363.06 2210.26 2097.26 1252.64
820.0 1222.04 1813.55 2897.7 3092.91 2025.54
150.02 177.63 219.53 278.49 261.87 199.55
966.43 1394.71 2041.19 3104.59 3465.97 2322.34
739.01 1039.59 1512.32 2405.88 2111.46 1368.59
443.98 704.76 892.73 3806.32 1493.26 811.89
875.66 1269.68 1771.68 2825.83 2514.25 1671.43
350.76 688.03 372.74 5671.25 1347.42 550.51
907.12 1298.36 1795.98 2691.83 3040.17 2354.33
918.04 1335.08 1928.81 3341.01 3557.53 2364.81
935.32 1355.24 1888.31 3184.78 2419.53 1482.72
884.9 1237.8 1619.93 2377.74 2864.68 2493.28
339.49 575.73 510.37 4030.19 1222.97 558.77
128.91 244.94 198.21 3308.71 831.94 373.78
911.58 1287.96 1764.36 2687.49 2691.41 2103.43
615.57 860.83 1270.03 2044.01 1708.64 1028.52
900.08 1270.12 1709.89 2559.53 3117.85 2547.22
911.71 1301.36 1881.28 2980.22 2393.66 1541.86
456.26 712.8 917.94 3973.98 1756.07 909.74
798.73 1135.74 1647.43 2617.26 2046.24 1279.11
104.11 106.16 109.35 114.56 116.16 110.3
1006.2 1412.86 1828.68 2626.44 3070.22 2733.13
522.07 740.56 1117.94 1694.99 1488.79 873.32
761.96 1136.62 1556.98 3472.0 2539.21 1558.84
618.32 916.82 1292.58 2659.7 2149.52 1349.01
337.61 579.48 524.72 4386.46 1592.57 1036.15
935.54 1375.5 2041.23 3148.37 3358.22 2162.32
824.62 1183.68 1746.65 2661.36 3145.53 2061.84
957.15 1346.38 1764.62 2585.1 2812.71 2401.19
955.98 1372.79 1884.45 2717.14 2971.82 2390.18
864.09 1277.4 1871.44 3110.44 3118.26 1996.16
696.3 1014.47 1343.63 3212.56 2369.81 1774.95
572.24 863.71 1202.44 3254.43 2422.56 1410.5
689.2 993.18 1331.18 2820.78 2184.37 1558.02
838.09 1226.1 1744.34 2816.75 2034.52 1267.61
736.26 1101.3 1496.94 3553.94 2296.33 1410.13
1000.2 1423.06 1978.43 2925.79 3511.77 2677.24
863.06 1239.7 1819.45 2775.13 3279.1 2181.41
786.68 1133.7 1623.11 2543.91 2361.64 1471.83
421.12 723.08 824.53 4265.35 1663.05 890.21
288.19 576.83 452.1 4768.85 1347.46 621.94
757.79 1134.66 1517.6 3647.99 2491.34 1523.1
643.89 939.13 1293.84 2851.21 1753.79 1058.44
794.02 1148.37 1682.4 2785.44 2881.17 1856.8
144.47 245.26 221.84 2642.12 720.3 350.41
351.62 475.86 667.62 983.76 1148.91 784.82
896.76 1371.36 2053.1 3501.28 2951.72 1862.04
845.32 1284.79 1835.46 3491.21 2554.28 1565.54
292.85 543.57 453.05 4848.43 1599.53 787.59
854.64 1255.96 1822.62 2768.3 3100.21 2166.43
935.64 1328.72 1947.12 3116.04 2730.29 1758.21
951.96 1376.0 2011.55 3085.02 2978.74 2021.98
806.7 1203.81 1728.71 3465.1 2802.02 1730.1
979.51 1484.28 2260.76 3347.81 3163.91 2025.5
420.97 668.58 814.42 3365.2 1660.71 951.36
686.92 1024.12 1299.21 3557.59 2290.57 1633.1
673.68 1012.81 1422.05 3590.31 2446.09 1467.49
829.2 1194.7 1770.32 2815.29 3197.71 2078.81
959.82 1386.61 1948.55 3156.24 2476.4 1524.55
750.44 1106.5 1587.28 3590.1 2378.94 1357.28
593.65 932.64 1183.66 3808.61 1705.06 940.3
697.34 1042.34 1407.48 3775.42 2040.65 1196.61
913.05 1324.48 1992.59 3035.2 2793.55 1757.34
866.31 1221.27 1623.17 2429.04 2457.1 1984.21
944.76 1383.4 2028.54 3118.64 3217.75 2145.77
889.22 1301.39 1914.91 2944.73 3024.05 1991.1
605.41 898.92 1043.46 3302.18 2217.34 1771.51
843.37 1256.35 1736.67 3339.92 2665.88 1875.68
965.6 1385.65 1976.43 2972.51 3009.47 2190.75
789.22 1168.85 1518.0 3482.71 2468.08 1724.03
978.45 1383.03 1891.08 2850.53 2779.73 2189.05
928.81 1342.41 2059.34 3202.58 2810.77 1625.72
323.53 550.69 607.98 4199.42 1549.66 767.1
376.71 512.96 733.04 1157.65 1101.01 677.69
474.76 711.27 923.95 2929.92 1548.35 921.43
541.8 871.08 877.53 4425.75 1883.95 1237.64
522.28 730.92 1008.52 1496.52 1689.09 1264.79
868.41 1245.73 1744.76 2694.05 2683.0 1858.86
378.85 602.93 587.86 3456.92 1505.99 1043.91
597.77 838.03 1108.43 1739.87 1876.93 1534.85
601.39 928.9 969.18 4055.48 2062.3 1525.63
817.08 1202.69 1791.76 3252.65 2559.31 1518.35
592.83 880.49 1040.1 3276.61 2083.34 1626.78
658.56 991.29 1458.83 3473.29 2220.83 1210.63
156.46 182.63 211.17 267.52 282.46 251.5
656.59 1021.97 1426.86 3840.28 2204.87 1295.83
668.17 974.0 1384.47 2759.29 2604.58 1674.92
879.63 1290.92 1805.91 3071.07 3011.92 2118.12
923.11 1319.95 1921.63 3061.98 2394.57 1493.93
970.7 1403.29 2067.46 3154.19 3501.02 2303.57
419.45 674.27 739.28 4037.15 1597.54 957.77
434.95 637.05 899.22 1760.79 1582.66 1025.13
684.33 966.16 1394.07 2205.1 1727.58 1086.06
776.0 1113.62 1639.48 2496.74 2758.9 1795.07
608.29 865.33 1260.72 1932.84 1894.06 1221.36
686.62 1011.26 1495.89 2292.36 2524.15 1664.21
935.65 1373.03 2026.44 3125.31 3210.77 2103.45
308.86 417.33 604.3 942.09 1045.09 646.41
287.03 519.0 541.06 3917.96 1641.2 819.21
842.6 1200.77 1744.58 2775.29 2168.43 1353.14
399.17 745.7 500.77 5438.78 1381.12 598.76
581.99 929.17 1253.67 3776.3 2112.56 1243.0
314.87 423.55 577.09 865.99 807.66 527.74
285.88 500.56 571.48 3973.32 1409.44 690.05
796.61 1171.72 1593.12 3381.0 2555.5 1740.82
419.22 653.66 725.77 3696.59 1677.99 1228.94
574.46 846.03 1167.05 2396.24 1436.54 847.25
405.34 651.8 824.8 3884.22 1791.86 1048.07
770.06 1110.68 1592.14 2416.3 2661.64 1862.99
828.36 1236.2 1604.54 3704.97 2225.27 1310.56
252.59 336.84 464.65 644.54 593.85 403.7
242.47 488.88 392.55 4619.31 1285.22 607.94
871.91 1281.2 1834.18 2982.39 2095.54 1261.98
983.67 1491.41 2273.53 3367.58 3179.17 2030.89
842.88 1257.34 1729.55 3690.71 3083.96 1934.86
880.01 1251.08 1870.17 3041.13 2533.75 1504.78
683.82 997.55 1239.07 3161.43 2353.53 1839.32
1001.87 1403.3 1820.55 2583.89 3081.08 2768.57
975.0 1427.7 2200.38 3598.45 4036.27 2402.78
488.34 740.07 1022.84 3080.94 1690.61 907.65
656.32 953.45 1153.18 3339.35 2287.49 1906.97
693.67 1052.91 1198.47 3729.88 2353.3 1738.0
105.31 107.93 112.15 120.3 119.22 111.09
750.8 1067.95 1529.58 2523.41 1951.94 1248.93
872.96 1275.78 1873.47 2872.64 3089.75 2041.01
133.88 150.23 175.04 222.07 194.38 157.18
863.02 1283.63 1873.42 3041.68 2668.33 1763.67
104.3 106.38 109.96 115.54 113.74 107.94
912.36 1288.57 1738.45 2525.08 2858.99 2376.15
957.99 1406.79 2077.61 3198.94 3433.24 2244.36
925.67 1323.07 1641.01 2887.4 2861.15 2512.07
880.84 1259.01 1816.18 3034.94 2692.41 1829.44
998.58 1405.46 1841.63 2638.16 3128.6 2742.77
940.68 1370.84 1921.69 3105.7 2696.31 1753.36
216.29 395.41 426.94 4176.32 1226.63 560.2
885.87 1249.14 1700.71 2554.75 2568.93 2042.62
625.11 954.25 1283.28 3283.36 2106.9 1289.92
664.51 1007.34 1421.73 3691.51 2613.5 1599.23
617.71 944.58 1322.21 3624.72 2082.12 1128.76
724.51 1089.28 1557.7 3613.95 2666.87 1649.92
147.08 169.73 208.94 270.0 250.24 186.86
874.01 1279.5 1738.99 3408.02 2308.58 1387.64
891.97 1343.04 1976.27 3342.38 2742.03 1721.4
1000.2 1404.97 1880.06 2713.48 3051.31 2578.39
711.48 1113.32 1327.31 3941.37 2045.58 1166.29
135.7 298.97 193.01 4551.24 946.16 413.51
703.26 1058.94 1455.84 3572.73 2687.35 1749.57
117.21 181.69 116.76 1642.29 421.33 208.62
896.76 1316.89 1877.44 3561.51 3495.56 2241.47
838.76 1215.99 1700.15 2717.0 2381.17 1557.26
723.42 1063.48 1498.02 2596.46 2172.01 1528.76
925.65 1304.63 1728.43 2524.76 2826.92 2358.67
900.41 1306.15 1932.63 3026.2 2776.3 1807.3
896.73 1275.75 1908.1 3104.16 2585.9 1534.88
838.68 1225.79 1743.23 3483.47 2492.01 1447.73
279.85 463.23 490.23 2972.59 1079.3 571.03
993.44 1441.47 2017.98 3006.39 3455.44 2636.63
224.67 444.64 347.07 4319.46 1160.15 518.63
913.09 1300.48 1869.22 2812.44 2850.76 2036.76
884.96 1259.54 1783.56 2854.42 2412.03 1673.38
548.87 847.98 1056.82 2947.33 1850.34 1113.55
287.13 479.16 487.66 4358.04 1525.04 915.76
544.69 890.52 1071.07 4179.53 2282.67 1329.0
647.42 942.81 1298.14 2902.61 1779.8 1074.55
169.07 283.48 276.61 2741.59 846.5 388.45
955.94 1366.12 1867.57 2901.13 2651.85 1927.53
537.79 813.54 1143.86 2535.14 1676.87 1015.74
941.9 1367.64 2022.55 3135.81 3071.56 1957.35
988.48 1481.86 2210.47 3255.75 3173.37 2150.5
813.7 1192.1 1703.39 2764.52 1944.96 1174.33
927.01 1342.09 1981.61 3458.85 3110.18 1825.86
897.95 1286.59 1772.25 3052.31 2796.22 2092.04
974.15 1419.29 1988.49 3184.55 2812.66 1850.22
733.45 1088.27 1566.2 3450.97 2465.29 1536.78
940.27 1353.97 1958.04 3104.37 3553.9 2438.97
165.91 267.63 238.56 2099.51 686.74 374.62
669.51 956.96 1406.93 2145.69 2027.48 1322.98
939.68 1337.8 1908.93 2844.47 2899.75 2115.72
573.09 879.89 1048.15 3529.61 2292.89 1655.17
672.87 1034.17 1306.11 4283.9 2358.06 1288.85
870.55 1239.18 1779.74 2803.92 2299.89 1518.34
675.19 978.75 1439.24 2208.92 2246.36 1453.3
957.79 1378.15 1895.03 2799.38 3288.94 2609.49
937.61 1349.54 2041.78 3117.42 2842.81 1739.93
566.25 848.87 1165.79 3014.39 2365.18 1461.62
328.13 440.47 621.91 971.98 925.29 576.28
745.12 1080.17 1657.7 2701.06 3019.21 1787.75
963.48 1390.41 1951.33 3138.75 2493.01 1554.79
874.72 1264.54 1886.48 2876.5 2694.17 1736.36
867.59 1265.45 1749.16 3343.32 2308.81 1396.04
860.45 1298.14 1906.89 3496.91 3350.67 2180.32
311.43 559.57 572.65 4180.44 1608.46 787.82
895.81 1283.38 1843.51 2773.72 2813.02 2022.55
892.84 1318.53 1947.06 3253.28 3108.3 1983.4
760.75 1094.89 1608.89 2482.61 2432.19 1557.71
970.12 1427.5 2061.08 3126.76 3537.53 2518.96
287.33 470.68 521.63 2594.93 1242.93 668.25
692.24 977.14 1470.45 2238.46 1989.94 1192.69
987.23 1427.13 1966.94 3083.16 2876.52 2044.52
966.22 1371.86 1934.7 2862.09 2942.68 2209.9
859.19 1277.26 1897.25 2918.01 3222.26 2131.24
966.48 1389.87 1896.35 2931.79 2876.3 2143.37
994.89 1415.67 1944.52 2880.12 3151.49 2477.25
957.81 1389.3 1991.79 3127.55 2936.15 1855.76
375.81 514.19 738.62 1267.65 1007.63 617.28
905.15 1290.59 1940.55 2960.33 2682.13 1653.11
98.64 275.45 108.43 4758.55 1090.49 401.07
918.8 1325.76 2037.93 3130.64 2766.73 1595.75
825.05 1169.98 1745.44 2833.89 2362.26 1405.79
919.48 1338.85 1938.65 2961.16 3212.33 2206.12
290.52 650.65 285.6 5280.79 1379.6 605.46
273.5 369.53 512.85 717.75 651.66 440.71
236.72 428.67 408.53 4386.27 1200.64 604.26
745.6 1091.45 1526.37 3637.62 2629.85 1649.94
114.1 258.63 178.38 4326.6 962.25 391.8
391.12 542.32 802.93 1273.76 1417.33 861.62
654.51 942.51 1438.92 2335.74 2609.2 1550.7
400.38 583.56 768.44 2199.83 1205.63 690.19
685.34 987.11 1455.71 2744.52 2079.96 1213.79
412.0 562.93 773.28 1128.78 1148.12 860.03
700.77 1056.49 1405.11 3984.42 2213.4 1219.39
204.24 377.59 341.92 4681.99 1249.07 578.25
672.7 1035.4 1310.18 3960.27 2191.91 1295.65
451.38 618.14 809.46 1136.63 1309.32 1119.37
681.26 1042.8 1360.29 3590.96 2007.4 1249.76
936.01 1341.02 1945.2 3161.36 2450.26 1537.69
484.24 771.68 871.18 3558.78 2008.1 1475.37
605.09 837.53 1095.9 1590.77 1914.37 1637.62
632.06 984.08 1237.42 4291.61 2065.92 1083.55
835.35 1211.2 1747.57 2666.66 2818.75 1955.33
441.33 605.37 810.78 1197.54 1243.74 940.04
201.24 477.54 258.46 4993.54 1280.15 557.23
835.12 1184.84 1768.29 2871.86 2393.68 1423.93
549.99 873.74 1160.16 3765.2 2533.72 1509.72
633.45 957.36 1174.63 3319.79 2300.11 1772.54
717.81 1038.67 1591.74 2590.93 2895.61 1716.29
898.35 1332.76 1978.34 2898.41 2687.79 1748.74
877.22 1254.96 1809.53 2952.56 2894.92 1904.1
235.14 471.63 320.33 4959.92 1368.08 613.3
254.37 327.8 450.32 682.05 581.64 378.01
369.85 699.08 700.04 4654.48 1668.12 859.67
875.04 1279.36 1788.86 3254.86 2754.17 1759.46
689.93 967.34 1293.39 1956.85 1874.02 1447.49
863.92 1240.71 1697.66 2617.6 2358.06 1786.82
888.63 1268.41 1924.29 2958.46 2618.75 1556.81
413.73 574.68 782.69 1220.67 1064.82 705.8
106.44 109.69 114.7 123.21 122.72 114.2
936.08 1361.82 1945.96 3195.37 2884.86 1807.01
605.89 907.07 1156.03 3602.68 1960.7 1363.2
765.87 1086.19 1640.83 2504.33 2224.91 1328.54
598.81 853.96 1277.65 2044.59 2297.34 1426.04
468.0 753.85 874.76 4366.87 1772.63 909.78
942.7 1357.45 2059.15 3146.27 2848.08 1725.9
979.55 1402.39 1936.11 2939.69 3001.17 2201.8
908.93 1285.86 1835.06 2887.35 2745.65 1934.49
944.55 1368.48 2022.26 3102.18 2965.57 1955.14
610.44 937.5 1300.58 3646.08 2474.96 1483.43
944.7 1350.99 2000.58 3154.73 2851.14 1828.73
940.11 1335.37 1881.4 2787.92 2911.54 2193.58
98.15 194.95 101.5 2660.91 637.1 261.49
915.97 1299.94 1898.11 3036.7 2710.77 1770.74
951.42 1378.29 1925.2 2791.32 2910.28 2243.37
549.72 770.25 1088.13 1628.2 1642.15 1180.99
786.83 1171.07 1663.66 3472.77 2581.1 1619.64
800.5 1169.45 1707.77 3592.16 2798.38 1616.63
375.8 555.96 738.65 2163.49 1360.06 835.0
413.38 666.36 667.3 3969.84 1654.17 1158.65
921.84 1357.05 1944.11 3112.33 3391.5 2419.05
936.68 1345.48 1879.88 2898.51 2921.81 2056.1
810.97 1147.33 1609.8 2496.35 2616.3 1885.38
891.2 1281.62 1751.82 2882.74 3108.69 2331.08
962.65 1433.63 2123.74 3121.23 2850.02 1855.32
534.5 832.1 1024.16 3833.38 2008.14 1257.0
523.84 889.92 830.36 4967.93 1800.64 916.04
893.45 1330.47 1929.68 3322.65 3101.69 1971.65
621.83 880.41 1285.82 1944.54 2293.21 1512.8
725.51 1034.13 1393.91 2420.34 2267.57 1697.9
834.74 1210.24 1729.11 2726.51 2919.65 2050.76
413.96 587.31 850.28 1220.41 1116.12 724.88
305.97 453.47 582.69 2033.94 1040.03 569.59
392.34 537.24 728.57 1134.29 906.69 583.67
934.7 1337.08 1942.98 2957.85 2869.11 1976.51
634.23 963.35 1345.25 3802.3 2226.06 1219.1
525.3 739.95 1075.97 1627.65 1539.39 1013.28
786.01 1141.45 1676.79 2838.17 2424.04 1551.73
833.37 1193.84 1742.57 3047.15 2423.49 1458.35
655.5 978.83 1299.71 3243.63 1910.98 1106.94
913.96 1312.98 1827.23 2908.31 2405.83 1576.13
823.46 1189.39 1706.39 2679.13 2482.73 1540.21
952.84 1388.3 1963.9 2856.2 2896.65 2163.24
239.7 312.01 436.92 627.91 559.66 355.95
724.9 1018.79 1475.0 2343.67 2101.89 1387.19
892.37 1298.0 1888.56 3395.0 3501.74 2318.9
520.63 781.93 1051.98 2742.64 1862.85 1181.42
474.65 749.06 936.47 3982.21 1742.79 972.46
988.54 1401.48 1877.31 2728.77 3145.81 2630.15
789.89 1174.08 1672.87 3577.95 3250.34 2049.3
872.88 1229.58 1681.83 2536.07 2448.63 1914.41
774.39 1135.17 1670.56 2717.94 2640.18 1694.19
863.87 1256.14 1756.05 3282.19 3255.03 2255.3
962.0 1398.0 2014.0 3173.0 2939.0 1816.0
69.0 191.5 59.0 4653.5 930.0 346.0
134.0 394.5 95.5 5146.0 1087.0 409.5
969.0 1403.0 2079.0 3181.0 3518.0 2279.0
155.0 368.0 123.0 5163.0 1156.0 447.0
89.8 263.8 87.2 4769.8 1060.5 381.0
971.0 1390.0 2115.5 3245.0 2879.5 1707.0
122.0 299.0 89.0 4632.0 914.0 354.0
72.0 203.8 71.8 4231.5 957.5 341.5
907.5 1325.5 2047.5 3151.5 2757.0 1579.5
948.0 1357.0 1978.0 3155.0 2462.0 1531.0
56.8 180.8 53.0 4412.8 873.5 325.0
119.5 322.5 80.5 4825.8 970.8 371.8
948.0 1376.0 2046.0 3146.0 2970.0 1921.0
911.0 1341.0 1922.0 3127.8 2196.5 1320.8
985.0 1493.5 2276.8 3372.5 3183.8 2033.8
76.2 218.5 55.5 4643.8 764.8 282.8
962.5 1390.0 1954.5 3151.5 2480.0 1527.0
959.5 1435.2 2145.2 3160.2 2832.8 1787.8
88.5 243.0 63.5 4918.0 903.5 321.0
978.0 1422.0 2105.0 3266.0 3199.0 2037.0
79.2 209.2 66.0 4931.0 970.2 374.0
222.2 574.0 104.8 5481.0 1198.8 463.2
992.0 1434.0 2127.0 3253.0 3849.0 2515.0
980.5 1432.2 2016.0 3245.2 2807.8 1800.2
966.0 1422.0 2112.0 3259.5 3477.0 2237.5
109.2 304.0 68.8 5231.2 1052.0 412.0
978.0 1434.0 2220.0 3640.0 4073.0 2397.0
81.5 229.5 75.0 4588.5 1023.0 369.5
937.0 1353.0 2081.0 3198.0 2826.0 1629.0
924.0 1316.0 1970.0 3207.0 2671.0 1584.0
102.5 315.2 89.5 4914.0 1200.8 467.0
980.0 1467.0 2194.0 3388.8 3736.5 2446.5
955.0 1376.0 2056.0 3368.0 3193.0 1885.0
977.5 1462.0 2197.0 3231.5 2940.0 1846.5
939.0 1381.8 2053.5 3176.2 3230.8 2074.0
265.0 540.0 222.0 5608.0 1151.0 427.0
83.0 265.0 84.5 4714.5 1156.5 420.5
245.0 494.0 207.0 5231.5 1090.0 397.0
304.0 635.0 236.5 5868.5 1229.5 464.5
138.0 335.0 114.0 4964.0 1063.0 407.0
53.8 244.8 74.8 4340.2 1057.2 381.2
881.0 1230.0 1585.0 2295.0 2884.0 2584.0
943.0 1319.0 1696.0 2407.0 2991.0 2718.0
1010.0 1410.0 1801.0 2535.0 3109.0 2871.0
100.0 100.0 100.0 100.0 100.0 100.0
