0.2973
0.8403
0.0464
0.4544
0.458
0.2153
0.3271
0.2167
0.5815
0.5012
0.8219
0.1876
0.8152
0.5712
0.8584
0.7709
0.3542
0.1199
0.63
0.2159
0.1612
0.7563
0.0056
0.3686
0.1608
0.7985
0.0459
0.4947
0.0073
0.1914
0.7878
0.5922
0.5723
0.519
0.0117
0.0812
0.7843
0.5792
0.432
0.302
0.3848
0.5604
0.0894
0.6775
0.1174
0.9614
0.8485
0.7315
0.359
0.3557
0.1733
0.9738
0.4031
0.3998
0.3574
0.884
0.4824
0.4424
0.1246
0.644
0.3104
0.5066
0.4769
0.4388
0.1755
0.0993
0.9192
0.8587
0.1713
0.2601
0.9927
0.747
0.2338
0.4644
0.3897
0.8739
0.6472
0.3196
0.2476
0.7167
0.2943
0.9782
0.2818
0.3964
0.3679
0.4494
0.3125
0.0753
0.166
0.8506
0.9898
0.0331
0.023
0.5218
0.1534
0.9752
0.0091
0.0261
0.2169
0.7818
0.1874
0.1091
0.3958
0.5928
0.9181
0.4251
0.0816
0.283
0.8429
0.5108
0.8989
0.3038
0.0653
0.741
0.6155
0.4947
0.1473
0.0551
0.7755
0.29
0.725
0.6214
0.2586
0.637
0.7253
0.6429
0.9175
0.083
0.8725
0.4897
0.7253
0.2443
0.4702
0.7027
0.965
0.482
0.9014
0.9787
0.4249
0.384
0.6081
0.1482
0.0563
0.0016
0.8076
0.4638
0.3991
0.7456
0.3133
0.2543
0.327
0.7973
0.7554
0.6609
0.2092
0.8883
0.9998
0.1502
0.563
0.5622
0.4242
0.337
0.0902
0.7938
0.7681
0.203
0.5747
0.036
0.8516
0.2161
0.5832
0.5004
0.4418
0.553
0.2207
0.0668
0.4132
0.1342
0.4828
0.2156
0.5694
0.4575
0.0897
0.861
0.4328
0.9694
0.8907
0.1854
0.0498
0.5939
0.3447
0.498
0.5622
0.9442
0.6058
0.2858
0.6612
0.3274
0.1687
0.1837
0.041
0.8465
0.6257
0.8351
0.9986
0.36
0.958
0.0677
0.4954
0.2087
0.6143
0.0162
0.1387
0.7185
0.6836
0.3742
0.1497
0.6114
0.9021
0.8313
0.4067
0.9074
0.5945
0.649
0.2052
0.1618
0.1461
0.0653
0.962
0.0351
0.423
0.4662
0.6252
0.0427
0.4997
0.4307
0.8632
0.8756
0.1931
0.9769
0.3935
0.8609
0.5617
0.8888
0.4164
0.9648
0.6492
0.3195
0.2532
0.6435
0.8523
0.1147
0.9421
0.3316
0.6218
0.9525
0.7241
0.3814
0.0638
0.8207
0.1549
0.6749
0.531
0.5463
0.4208
0.3385
0.1534
0.1803
0.4314
0.4302
0.3199
0.0155
0.231
0.1561
0.2207
0.9533
0.369
0.5844
0.472
0.7587
0.6237
0.5657
0.0524
0.9645
0.3236
0.3309
0.1583
0.5558
0.3968
0.7175
0.1185
0.9188
0.4585
0.4704
0.4842
0.991
0.8143
0.156
0.3141
0.7743
0.2351
0.8313
0.3523
0.039
0.0694
0.8861
0.517
0.4724
0.3071
0.0495
0.0558
0.8332
0.9724
0.9856
0.2759
0.8243
0.5663
0.5972
0.6629
0.7109
0.943
0.7472
0.2078
0.9024
0.702
0.7783
0.1805
0.7127
0.8302
0.4837
0.6845
0.3678
0.7987
0.5728
0.3043
0.0657
0.3383
0.2607
0.4588
0.3467
0.875
0.6897
0.2718
0.1642
0.3204
0.8966
0.4491
0.0
0.0482
0.7038
0.0607
0.0751
0.7775
0.3458
0.4157
0.7478
0.4616
0.6646
0.344
0.0611
0.3238
0.9584
0.0214
0.7611
0.0094
0.7253
0.203
0.7103
0.2237
0.9655
0.8761
0.5739
0.1484
0.1822
0.2549
0.352
0.5217
0.989
0.9778
0.1199
0.3573
0.0612
0.2402
0.6418
0.8465
0.8107
0.5499
0.5706
0.8478
0.8056
0.4332
0.346
0.6456
0.3275
0.5985
0.5441
0.3944
0.3513
0.7963
0.8936
0.2949
0.0153
0.9998
0.6896
0.006
0.4397
0.4029
0.038
0.1435
0.4242
0.5909
0.7668
0.8449
0.3258
0.1731
0.2847
0.3243
0.3222
0.6725
0.1828
0.4111
0.1545
0.1689
0.3948
0.0282
0.6845
0.8362
0.9409
0.7885
0.9918
0.785
0.7325
0.0638
0.3689
0.1639
0.3655
0.4848
0.9931
0.7095
0.8375
0.5204
0.4638
0.023
0.4805
0.1114
0.9636
0.7245
0.5034
0.5612
0.1563
0.0076
0.6691
0.7187
0.596
0.2272
0.3123
0.8957
0.8203
0.8956
0.6632
0.6366
0.1537
0.2021
0.4517
0.6209
0.9835
0.4868
0.3987
0.4885
0.5888
0.1478
0.1208
0.4579
0.9981
0.3328
0.9444
0.832
0.1437
0.5056
0.1806
0.7254
0.5347
0.5152
0.5072
0.479
0.0884
0.3499
0.0904
0.6323
0.6534
0.1536
0.4914
0.4897
0.7944
0.6778
0.8104
0.8659
0.8086
0.947
0.4179
0.5807
0.1612
0.3986
0.5122
0.9045
0.5082
0.6688
0.4589
0.5864
0.1551
0.4506
0.4241
0.1505
0.9618
0.4948
0.7278
0.8045
0.0762
0.6657
0.5198
0.0537
0.5502
0.5986
0.6231
0.7868
0.2932
0.1478
0.5976
0.4144
0.4062
0.8568
0.691
0.6831
0.931
0.3391
0.9382
0.8627
0.2187
0.7503
0.6833
0.8437
0.4865
0.5905
0.7185
0.7559
0.8446
0.2141
0.2176
0.9986
0.4612
0.7489
0.0614
0.7344
0.9333
0.268
0.0254
0.7494
0.7481
0.915
0.4086
0.2506
0.9396
0.1434
0.6254
0.3988
0.9898
0.3691
0.2433
0.4683
0.0689
0.4834
0.7111
0.2942
0.7496
0.0724
0.2948
0.4767
0.7909
0.6733
0.5929
0.0444
0.9716
0.5861
0.7476
0.7316
0.8978
0.4825
0.3237
0.3664
0.1438
0.4509
0.8557
0.5462
0.2509
0.1446
0.8593
0.7258
0.2933
0.652
0.5328
0.6437
0.4835
0.9925
0.8153
0.4795
0.4275
0.3592
0.023
0.2828
0.5372
0.9647
0.7725
0.067
0.3317
0.8082
0.8406
0.3797
0.9597
0.4858
0.7155
0.7058
0.3985
0.3267
0.3463
0.0481
0.0961
0.2673
0.1376
0.3868
0.939
0.6303
0.5365
0.3728
0.6725
0.7885
0.25
0.9365
0.2164
0.4034
0.5925
0.8677
0.3456
0.1991
0.1111
0.0582
0.0658
0.2813
0.8283
0.8257
0.765
0.5874
0.5472
0.4457
0.9555
0.1043
0.031
0.9785
0.4054
0.8455
0.8377
0.5574
0.7469
0.6179
0.7687
0.5922
0.5046
0.0725
0.0238
0.928
0.2778
0.59
0.3897
0.5268
0.469
0.2994
0.6567
0.9643
0.3421
0.0638
0.5588
0.5927
0.4725
0.0989
0.4016
0.3672
0.5648
0.1843
0.9975
0.9187
0.3774
0.3585
0.2672
0.221
0.2893
0.4709
0.8323
0.1973
0.0839
0.4676
0.8106
0.3033
0.5846
0.3613
0.9118
0.4981
0.8273
0.3314
0.443
0.8013
0.853
0.4066
0.771
0.2419
0.5121
0.456
0.5654
0.9405
0.113
0.2791
0.7542
0.3692
0.8186
0.4499
0.8795
0.8225
0.4567
0.4509
0.7247
0.7388
0.2833
0.4082
0.2278
0.5015
0.7392
0.3065
0.0981
0.2259
0.3743
0.5265
0.127
0.1248
0.2871
0.6329
0.897
0.8434
0.6094
0.6782
0.2193
0.4371
0.0568
0.9016
0.9904
0.8687
0.421
0.0585
0.0591
0.4909
0.1487
0.6677
0.5161
0.8616
0.0542
0.3328
0.4273
0.9203
0.3663
0.824
0.9463
0.8105
0.0705
0.3551
0.7855
0.726
0.545
0.3705
0.2284
0.6337
0.0043
0.0092
0.7663
0.807
0.9747
0.786
0.3809
0.6305
0.6388
0.7399
0.9912
0.0845
0.6939
0.5129
0.4317
0.3331
0.0958
0.6504
0.6227
0.5809
0.6335
0.9522
0.3901
0.0062
0.1724
0.9104
0.8014
0.122
0.885
0.6676
0.1212
0.3318
0.6738
0.1714
0.7915
0.7256
0.2718
0.5795
0.1222
0.949
0.3488
0.5967
0.5511
0.0918
0.5636
0.8581
0.8138
0.4101
0.1906
0.0321
0.6314
0.0727
0.4038
0.7541
0.198
0.2065
0.6926
0.202
0.7833
0.275
0.3924
0.8516
0.8866
0.8997
0.795
0.4907
0.7839
0.4173
0.6178
0.3184
0.1915
0.8839
0.805
0.9084
0.9373
0.2624
0.6703
0.651
0.243
0.273
0.8692
0.327
0.8449
0.7679
0.7389
0.07
0.8086
0.8493
0.487
0.0632
0.9569
0.4216
0.2594
0.5616
0.393
0.3855
0.9462
0.4252
0.2869
0.4306
0.3945
0.0402
0.7174
0.5666
0.2162
0.6639
0.8206
0.4118
0.3265
0.6564
0.9919
0.5534
0.8567
0.8045
0.9196
0.7995
0.2879
0.8323
0.9511
0.0513
0.1922
0.558
0.9872
0.2983
0.4545
0.0789
0.1315
0.8134
0.6174
0.2955
0.428
0.8072
0.8808
0.7919
0.2503
0.5951
0.4673
0.2674
0.7482
0.2972
0.8672
0.3185
0.1183
0.9554
0.8581
0.6224
0.0988
0.6966
0.8548
0.9887
0.1904
0.7414
0.2721
0.2019
0.34
0.9335
0.8952
0.4436
0.8516
0.2757
0.3445
0.7405
0.2895
0.9371
0.8451
0.9215
0.7904
0.3678
0.8866
0.2556
0.2267
0.7317
0.1237
0.4228
0.3671
0.6669
0.0177
0.7458
0.804
0.5141
0.6356
0.8582
0.4462
0.2339
0.4693
0.6476
0.7446
0.0614
0.221
0.5625
0.3165
0.615
0.5682
0.6292
0.2775
0.7131
0.1196
0.8836
0.9385
0.0063
0.3952
0.2853
0.3644
0.9562
0.4058
0.8535
0.5899
0.8363
0.1247
0.4262
0.2854
0.2942
0.418
0.8068
0.8986
0.1053
0.7187
0.895
0.3485
0.5471
0.6713
0.601
0.7946
0.0
1.0
1.0
0.0
1.0
1.0
0.0
1.0
1.0
0.0
0.0
1.0
1.0
0.0
0.0
0.0
1.0
0.0
0.0
1.0
0.0
1.0
1.0
0.0
0.0
0.0
1.0
0.0
1.0
0.0
0.0
1.0
0.0
0.0
0.0
0.0
1.0
1.0
1.0
1.0
1.0
1.0
0.0
0.0
0.0
0.0
