924.78 1336.0 1963.71 2974.52 3272.21 2176.89
115.43 122.39 131.66 147.39 165.34 162.52
701.66 947.17 1370.74 1958.06 1924.16 1624.42
449.94 639.57 671.79 3597.7 1870.02 1452.7
600.14 841.87 1087.85 3074.21 2162.87 1649.85
555.46 737.1 1073.69 1503.05 1636.85 1432.58
408.81 590.95 631.81 3512.09 1545.49 1232.49
797.72 1061.98 1397.78 1878.65 2439.31 2320.95
307.24 501.89 471.81 3891.23 1530.94 1029.2
441.7 630.18 847.91 2200.47 1502.49 1331.24
533.54 751.94 1097.41 2076.44 1782.53 1651.69
118.94 122.09 125.75 139.21 182.07 181.17
422.29 592.17 732.75 1484.21 1385.96 1262.08
736.66 951.28 1243.27 1790.91 2505.06 2420.77
695.56 931.08 1194.36 2150.51 2356.01 2226.48
644.05 864.14 1063.25 1482.85 1846.7 1769.28
127.26 328.86 219.46 4094.37 1198.62 566.14
303.38 494.82 468.49 4142.47 1453.22 1002.86
124.19 326.13 87.9 4790.88 981.3 387.65
528.36 681.62 879.53 1491.53 1636.74 1540.7
489.53 616.76 763.12 1132.64 1696.78 1569.09
255.1 317.29 418.96 525.77 610.57 587.25
631.63 838.06 1130.84 1637.27 2290.67 2204.26
667.61 923.61 1291.78 2180.05 2139.73 1989.63
514.71 865.53 777.55 4099.36 1913.59 1440.26
760.68 1010.47 1396.76 1855.01 2441.41 2348.08
542.91 770.59 931.18 2586.92 1946.57 1713.52
438.0 722.22 515.33 4660.9 1583.71 1008.16
770.6 1095.09 1591.23 2286.43 2521.76 2066.61
646.52 898.63 1355.63 1877.13 2056.57 1972.57
360.78 565.14 534.53 3946.22 1586.81 1164.3
778.37 988.99 1298.35 2042.37 2536.6 2336.44
705.42 970.01 1257.13 1600.22 1573.64 1512.56
877.2 1161.31 1535.53 2168.08 2688.94 2524.63
813.38 1102.05 1530.99 2251.51 2761.14 2294.6
648.72 790.5 1005.58 1488.73 1970.31 1762.46
260.89 318.38 393.73 518.45 675.86 655.93
643.8 926.03 1207.5 3001.33 2161.0 1913.05
822.67 1158.79 1636.46 2495.1 2680.65 2245.79
794.98 1133.1 1719.91 2632.74 2377.87 1420.21
684.22 1021.92 1307.25 3515.31 2515.67 1771.78
655.09 909.25 1312.35 1906.82 1987.75 1623.1
551.17 817.8 970.41 3045.52 2019.99 1697.62
936.65 1345.17 1913.19 2877.31 2853.07 2039.72
927.07 1329.64 2029.36 3104.88 2825.68 1713.3
622.31 880.91 1228.11 2084.11 2092.75 1465.32
781.97 1151.65 1635.63 2792.81 2250.96 1562.72
404.14 624.39 669.77 3261.27 1545.56 1207.36
467.88 733.37 660.69 4284.96 1670.83 1164.88
638.37 880.49 1127.89 2865.16 2166.82 1723.22
657.42 955.71 1357.03 1978.05 2372.66 1913.05
521.67 742.25 1075.87 1631.3 1741.95 1147.02
502.57 642.9 806.29 1073.22 1395.65 1333.6
750.43 1028.26 1386.9 1949.74 2351.61 2131.81
468.0 605.17 808.74 1180.84 1302.7 1068.86
658.7 910.44 1213.14 1596.29 2051.05 1906.64
558.63 786.1 1015.51 1668.52 1753.21 1644.2
527.09 699.55 822.95 1964.9 1638.7 1525.72
682.31 920.03 1154.71 2578.92 2409.51 2200.52
536.09 774.67 891.33 3018.55 2068.0 1751.56
752.22 1027.28 1364.16 1889.85 1815.61 1623.13
836.97 1218.81 1725.82 2489.75 2611.01 1967.71
469.65 576.53 713.52 944.4 1233.16 1181.78
304.63 460.97 460.52 3890.99 1403.68 979.42
479.82 578.1 688.06 910.38 1241.07 1195.91
791.19 1065.39 1357.76 2584.97 2262.67 1800.89
572.83 891.91 1196.75 4055.72 2550.41 1449.25
791.2 1096.95 1573.06 2357.52 2171.67 1604.15
824.74 1101.8 1523.76 2326.57 2671.83 2173.53
379.65 559.73 580.74 2880.16 1441.39 1113.5
737.27 988.87 1275.04 2148.09 2302.33 2142.58
632.54 924.32 1255.76 3320.36 2417.98 1618.94
318.07 540.44 302.83 3462.83 1279.35 835.33
608.78 824.56 1153.13 1758.43 2169.71 1657.98
893.03 1254.04 1731.34 2678.58 2535.12 1913.91
733.91 897.93 1081.45 1452.49 2004.39 1929.03
763.4 1043.58 1409.64 1928.14 2471.46 2364.1
714.89 995.2 1306.7 1962.77 2034.77 1655.63
400.31 495.17 622.71 850.04 1113.67 1077.66
224.19 479.77 272.42 4664.81 1328.77 734.04
488.52 770.91 839.27 3540.74 1728.76 1244.5
233.63 431.39 424.22 3935.15 1348.64 842.74
776.34 1108.07 1491.87 2997.65 2748.5 2068.25
687.18 933.32 1174.16 2987.75 2490.36 2255.64
813.2 1156.3 1672.56 2518.14 2504.08 1781.98
876.23 1287.06 1896.52 2767.33 2636.19 1847.09
259.61 332.7 469.93 632.09 687.29 663.54
568.84 837.42 1155.0 3177.45 2165.86 1623.39
823.23 1081.19 1385.99 2178.54 2443.92 2193.56
896.86 1317.38 1943.41 2850.57 2885.73 2058.7
428.16 587.87 822.68 1208.5 1353.53 992.08
872.58 1238.21 1847.07 2761.04 2639.5 1806.32
438.65 599.38 871.72 1297.85 1201.18 774.02
223.18 353.13 341.37 3468.6 1191.77 782.92
948.0 1354.84 1978.02 2996.04 2962.0 2070.62
547.76 737.91 1030.03 1422.59 1811.31 1743.07
264.46 424.41 443.32 2854.24 1076.11 746.05
902.31 1190.61 1576.66 2231.47 2577.03 2163.18
735.97 1028.9 1198.42 3289.69 2372.22 2076.44
542.18 725.36 1013.39 1476.47 1631.96 1328.05
743.6 1004.5 1423.75 1958.97 2336.99 2246.52
448.85 581.92 694.46 1581.1 1390.14 1273.54
544.46 732.7 997.17 2018.23 1772.68 1635.52
749.69 1093.95 1606.08 2322.01 2396.51 1744.57
682.29 838.5 979.12 1741.81 2312.93 2210.5
685.65 1034.87 1406.59 3247.54 1937.68 1217.47
843.64 1200.97 1687.51 3426.73 3236.62 2200.55
593.58 833.37 952.31 3226.0 2104.22 1776.52
746.69 1043.36 1455.61 2651.44 2601.21 2357.95
487.85 707.11 951.21 2449.58 1391.93 1095.51
740.67 1005.34 1357.75 2022.87 2203.43 1786.49
329.79 526.91 445.28 3363.49 1210.12 802.91
464.56 603.04 806.97 1085.94 1359.86 1320.08
572.02 792.51 962.01 2349.88 1766.83 1599.33
439.54 516.68 590.03 859.25 1387.09 1356.84
274.65 356.88 479.12 626.46 762.57 738.66
600.83 792.91 1089.21 1477.29 1826.37 1751.97
214.29 251.26 295.93 380.71 474.09 471.8
208.04 283.11 266.59 1284.52 579.92 438.89
897.22 1248.73 1700.05 2410.41 2809.48 2521.22
305.77 510.31 456.54 3676.95 1121.84 719.97
788.46 1047.83 1455.95 2087.87 2347.5 2027.36
234.13 372.35 420.98 3290.6 1004.58 645.86
130.69 147.28 170.82 201.25 231.88 225.45
734.86 1062.39 1362.57 2834.87 2509.77 2224.49
812.45 1068.8 1363.34 2542.34 2701.2 2525.45
772.86 1067.33 1535.3 2193.34 2415.51 2130.51
405.92 646.37 647.35 4091.85 1670.99 1179.73
671.46 908.67 1170.02 2305.74 2410.26 2228.86
687.88 967.68 1464.84 2009.78 2189.51 2002.47
966.49 1448.66 2176.54 3183.72 3114.39 2100.68
668.43 892.76 1185.35 1849.13 1875.01 1448.08
680.66 1006.48 1473.98 3590.06 2266.95 1269.07
225.64 260.87 297.45 364.77 462.67 450.38
213.02 256.73 309.92 384.96 456.25 441.89
110.06 114.34 120.19 129.7 141.03 139.52
707.78 1024.18 1128.81 3576.29 2420.97 2084.38
959.59 1400.6 1975.77 3164.58 2767.96 1812.89
490.57 772.24 715.37 4344.2 1869.57 1380.04
647.6 906.32 1282.76 1690.96 1910.76 1824.13
707.55 990.06 1451.53 2338.12 2233.56 2040.81
895.11 1269.0 1906.16 2904.12 2759.01 1794.09
914.17 1253.76 1736.54 2768.98 2811.65 2283.15
823.33 1104.87 1542.63 2103.63 2668.62 2468.56
605.26 811.54 987.91 2206.91 1918.06 1711.98
623.6 860.11 1156.55 1677.57 1740.15 1469.42
587.6 742.48 962.14 1326.66 1740.65 1691.78
407.89 669.76 722.07 3667.62 1627.01 1121.56
897.11 1292.75 1860.41 2803.73 3287.73 2472.13
537.78 763.03 1104.45 1595.79 1537.83 1063.35
271.66 394.39 509.06 1961.33 1024.71 809.94
866.3 1223.2 1759.31 2555.27 3025.36 2328.87
700.43 901.5 1134.5 1609.46 2011.28 1895.69
795.84 1062.02 1391.66 1972.46 2450.41 2324.3
427.14 574.93 686.19 1603.3 1373.72 1244.69
231.03 442.44 284.97 3799.56 1132.21 659.77
872.59 1275.18 1863.97 2669.97 2633.47 1920.1
863.92 1275.65 1819.94 3180.54 2132.45 1287.79
665.93 946.28 1328.87 2729.21 2223.28 1703.4
803.16 1091.39 1424.86 2471.45 2490.8 2287.26
861.51 1184.74 1596.32 2201.39 2706.25 2511.35
220.83 275.27 347.86 471.04 611.61 589.52
128.27 306.58 169.93 4560.43 1129.29 493.26
258.92 316.9 393.5 518.35 680.86 662.34
94.87 269.49 99.28 4735.71 1067.43 394.62
128.27 140.22 154.48 172.83 191.72 187.91
588.05 845.64 1252.08 1873.14 2052.22 1975.98
446.17 646.29 796.15 2900.3 1700.95 1430.2
221.42 415.74 243.25 4257.92 1212.16 704.85
716.18 972.52 1221.72 1974.1 2318.26 2188.95
694.23 957.25 1114.85 2566.16 2339.83 2123.0
328.93 515.41 454.65 3563.79 1348.82 924.78
841.97 1158.77 1602.36 2367.24 2799.47 2282.17
958.39 1373.37 1952.91 3022.75 2966.46 2013.05
717.28 935.02 1179.51 2413.78 2431.79 2260.31
457.82 630.23 696.51 3291.21 1782.56 1453.63
486.15 636.5 830.65 1094.61 1322.75 1287.84
257.79 325.74 429.54 585.44 703.22 669.52
704.12 911.46 1173.93 1622.0 2247.89 2165.01
627.37 912.99 1091.06 3121.61 2123.4 1820.81
597.87 873.32 1169.95 2928.59 2148.44 1509.99
672.92 965.02 1222.99 2219.4 2158.92 1984.9
690.73 931.42 1154.47 2341.99 2405.92 2242.17
742.2 1011.21 1304.8 2386.5 2343.28 2099.09
709.17 1044.4 1504.56 3350.5 2332.47 1448.52
550.03 881.37 803.48 3564.54 1895.37 1487.49
853.16 1101.53 1391.93 1901.65 2504.84 2384.85
719.44 1011.98 1435.25 2194.04 1917.7 1381.95
849.16 1100.19 1459.35 2055.56 2654.19 2495.78
647.29 876.74 1197.34 1781.57 2169.98 1973.4
674.13 931.23 1168.46 1598.74 2316.36 2206.93
690.64 954.61 1340.11 1974.38 2102.79 1630.38
562.15 787.3 1008.87 2710.8 1957.6 1704.78
914.71 1171.77 1554.76 2231.89 2862.93 2686.66
501.32 780.54 792.66 3561.0 1724.14 1324.0
422.47 531.88 664.5 921.88 1241.94 1194.98
834.02 1161.01 1591.86 2115.15 2518.07 2415.48
425.68 731.87 570.32 4664.25 1494.8 928.39
172.33 230.74 228.47 1328.08 522.09 401.95
527.34 815.26 1031.45 3366.41 1844.8 1090.86
650.08 876.65 1189.76 1755.35 2133.35 1847.31
775.89 1042.99 1380.97 2074.08 2371.8 2257.93
730.55 999.93 1292.42 2667.27 2537.79 2115.89
675.98 948.46 1203.26 3126.85 2460.43 1970.32
819.65 1155.37 1690.97 2608.75 2578.47 1862.75
606.58 807.82 1084.85 1500.4 1925.09 1868.03
689.74 998.32 1462.49 2126.34 2034.44 1392.9
171.03 197.61 232.83 284.76 336.77 327.46
852.62 1187.85 1581.04 2353.69 2575.34 2335.05
574.46 809.11 1155.18 1710.92 1926.89 1363.61
923.82 1329.39 1854.51 2895.46 2556.35 1781.86
754.03 930.62 1205.31 1673.41 2433.02 2345.19
242.61 378.43 356.42 3144.54 1210.56 756.25
510.99 738.79 904.72 2333.43 1857.1 1634.81
627.2 891.07 1124.68 2254.09 2119.74 1840.0
839.05 1159.76 1733.9 2550.11 2520.02 1879.74
903.27 1225.3 1628.65 2508.01 2648.4 2276.57
518.67 780.4 920.01 3839.45 1853.33 1223.93
945.99 1302.23 1849.29 2764.02 3253.37 2474.59
741.09 992.91 1311.42 1968.37 2458.18 2316.57
156.01 355.11 156.68 4817.4 1085.54 455.12
859.54 1231.82 1729.51 2744.77 2148.18 1467.6
468.18 626.6 843.37 1138.47 1530.69 1473.85
379.71 481.4 607.76 810.62 1028.85 996.85
833.43 1205.89 1725.7 2844.66 2635.99 1997.25
766.64 985.25 1278.76 1788.52 2405.22 2340.21
721.92 1032.07 1509.83 2219.56 2241.96 1916.87
327.93 654.34 343.86 4727.37 1466.67 866.36
901.12 1285.97 1892.52 3037.59 3063.83 2035.58
503.54 741.46 832.8 2668.47 1917.52 1634.56
744.51 918.95 1197.29 1788.63 2191.74 1933.78
842.42 1181.53 1623.23 2445.89 2430.98 1902.58
518.15 773.56 945.35 3080.27 2017.47 1679.2
670.21 932.08 1247.11 1966.37 2159.58 2048.64
358.39 626.78 519.66 4303.69 1466.42 938.66
738.55 1008.09 1444.14 2020.64 2274.53 2126.56
684.19 934.01 1280.03 1825.04 2213.33 1939.0
712.72 940.98 1235.86 1792.65 2350.25 2259.99
697.49 945.95 1183.57 2904.11 2488.18 2233.98
157.6 244.63 212.73 2207.66 624.77 413.41
113.1 118.61 123.42 130.74 142.6 140.6
607.35 854.23 972.29 3071.15 2055.41 1761.62
591.06 925.94 935.03 4405.2 2126.99 1454.22
244.88 348.53 385.26 2207.23 882.28 593.4
430.12 620.16 697.45 3566.33 1673.77 1292.6
965.76 1390.64 2097.55 3346.59 3814.32 2464.99
799.42 1119.42 1636.94 2637.88 2333.24 1544.89
639.81 810.31 1039.57 1448.19 1922.07 1857.34
404.84 586.83 701.35 3038.17 1623.61 1323.91
938.91 1381.56 2052.92 3174.89 3230.04 2074.53
494.73 670.73 837.97 1951.17 1788.96 1634.37
439.12 577.8 747.62 1370.01 1319.87 1158.8
598.68 921.39 1168.22 3368.9 2069.38 1759.36
346.52 497.95 587.74 2266.5 1274.68 1017.67
584.17 831.44 1026.54 3003.4 2059.96 1768.52
815.69 1046.6 1303.88 1834.55 2401.82 2317.86
684.91 951.63 1220.07 2287.74 2262.98 2075.59
918.93 1242.76 1692.87 2609.84 2745.51 2315.18
787.32 983.92 1258.83 1871.04 2389.53 2323.12
359.26 566.56 638.42 3567.64 1676.36 1187.83
769.92 1052.69 1446.02 2134.62 2410.91 2110.32
729.54 1042.1 1458.3 2161.17 2498.23 2054.81
688.74 940.06 1270.11 2019.08 2313.62 2091.83
670.79 954.58 1232.33 2907.47 2103.23 1604.95
784.83 1071.83 1340.48 2863.3 2569.95 2305.72
364.32 562.33 579.78 3481.66 1670.74 1205.11
954.0 1376.16 1990.45 2856.6 3008.06 2301.58
560.1 797.03 901.64 3307.76 2046.33 1687.42
579.31 893.82 940.86 3879.73 1875.03 1331.57
512.27 697.83 1001.88 1451.0 1542.47 1228.36
585.59 825.01 1023.26 3007.97 2032.03 1708.38
411.32 541.24 750.11 1022.57 1163.14 1114.88
320.36 489.46 404.14 3598.1 1406.44 1011.25
471.91 546.86 647.97 952.01 1551.6 1538.87
779.29 1039.31 1389.07 2010.93 2554.15 2356.14
555.64 774.22 968.6 2661.34 1855.22 1617.54
771.54 986.59 1275.71 2416.5 2639.92 2522.34
505.76 663.33 851.57 1154.98 1446.12 1392.93
897.2 1261.0 1720.79 2574.17 2963.51 2516.07
440.97 565.87 745.91 1104.45 1495.42 1217.38
632.55 852.95 1133.33 1651.28 1996.88 1793.82
714.72 1047.59 1492.4 3054.94 2846.76 1829.74
529.37 756.16 957.77 2714.73 2086.81 1860.27
599.55 821.93 1013.44 2730.12 2163.2 1781.31
265.91 463.77 401.12 4165.65 1558.28 962.83
931.22 1369.7 1974.43 3271.52 3407.26 2362.86
240.85 395.26 381.29 3660.08 1126.85 725.92
430.11 556.73 704.29 1093.25 1306.59 1251.29
753.54 996.74 1355.01 1991.95 2484.09 2144.2
648.98 889.29 1090.45 2989.38 2457.06 2150.89
458.32 654.28 754.87 3315.59 1739.8 1420.42
741.92 1097.52 1512.15 3174.66 2461.51 1811.04
777.89 1040.56 1372.84 1955.83 2602.22 2481.26
227.53 287.5 378.92 494.82 595.06 577.63
492.14 750.6 863.54 3437.7 1980.61 1574.76
674.47 1003.07 1393.08 3448.5 2488.23 1511.97
922.24 1192.51 1551.58 2233.86 2860.46 2729.27
551.45 800.15 978.59 3030.32 1991.33 1677.69
350.78 437.98 553.74 766.16 1009.37 977.55
758.41 1041.34 1448.58 2088.09 2269.08 1856.96
154.43 289.41 198.07 3799.63 871.94 491.8
283.12 627.14 246.44 5134.5 1340.84 671.71
658.94 931.42 1303.44 2058.67 2376.1 1861.54
863.97 1181.22 1573.59 2134.95 2705.41 2602.23
926.08 1318.95 1937.56 3133.98 3098.27 1986.66
296.8 356.85 441.21 598.12 779.47 763.89
904.36 1174.8 1553.06 2247.44 2791.93 2573.71
874.51 1246.1 1715.24 2618.27 2169.39 1523.57
416.13 636.24 676.79 3533.19 1760.77 1344.15
402.43 516.22 668.93 868.16 1068.23 1020.62
909.18 1189.76 1664.9 2497.02 2786.58 2247.53
639.1 771.43 949.08 1272.64 1802.32 1745.76
310.79 555.48 369.79 4742.48 1242.15 635.94
615.41 868.89 1192.89 1699.28 1927.03 1709.36
651.11 915.42 1313.57 2060.26 1649.59 1065.49
569.33 736.54 953.06 1291.79 1663.29 1601.77
739.66 994.62 1328.41 1783.33 2135.63 2039.29
421.88 543.58 731.78 955.04 1240.73 1195.27
931.98 1211.58 1614.0 2279.9 2947.36 2752.12
366.3 465.86 595.41 775.68 943.27 915.0
830.78 1063.36 1360.82 2267.64 2640.16 2516.0
232.96 291.87 378.47 510.83 556.29 479.4
769.61 1019.96 1345.72 1799.02 2220.44 2149.34
739.15 909.43 1152.18 1837.07 2392.21 2258.16
810.85 1088.98 1508.17 2091.62 2542.74 2373.48
636.64 828.16 1084.59 1517.61 1986.92 1916.77
103.49 299.01 170.47 4184.2 1156.41 519.11
739.63 972.75 1279.76 1855.84 2506.89 2404.99
334.7 510.63 557.66 2703.1 1210.76 925.58
792.48 1064.68 1423.01 2224.67 2558.71 2288.57
214.43 255.65 309.79 411.35 532.17 517.81
593.13 895.8 935.08 3598.41 1960.79 1597.65
169.83 189.41 209.74 247.15 301.56 294.73
496.5 691.9 1018.09 1842.68 1632.21 1522.57
426.91 744.95 510.73 5052.71 1576.75 956.91
165.8 284.45 251.22 2313.99 798.13 472.23
799.87 1169.05 1714.81 2602.64 2930.63 2061.82
759.6 1079.08 1440.33 2150.53 2272.84 1886.92
530.6 746.21 951.14 2265.79 1893.49 1624.9
527.63 678.72 883.31 1253.27 1710.01 1658.86
673.39 991.02 1210.28 3226.88 2119.82 1591.16
766.53 1118.81 1649.58 2484.54 2797.24 1981.49
671.28 928.07 1323.73 1996.52 2121.51 1527.42
604.79 831.77 1160.64 1705.71 1780.63 1541.81
853.81 1140.51 1524.5 2186.96 2649.69 2439.18
664.8 862.19 1145.98 1758.55 1948.86 1602.32
662.62 901.47 1390.1 1859.53 2093.12 2011.12
392.62 516.12 636.06 1253.3 1218.33 1124.25
344.39 555.6 541.57 3506.17 1448.38 1072.04
346.44 617.97 437.92 4924.48 1348.34 742.11
493.13 733.55 865.5 2736.43 1508.02 1203.69
903.75 1316.59 2029.05 3109.73 2751.56 1623.88
772.07 1103.88 1428.03 2919.38 2495.0 2092.69
910.13 1268.64 1742.15 2515.87 2675.93 2307.66
673.46 858.49 1064.64 1489.85 1944.39 1877.11
572.69 798.32 1032.38 2190.99 1664.8 1323.89
599.56 877.77 1112.16 3083.08 2166.39 1678.79
287.25 401.53 452.85 1587.37 903.34 741.13
445.96 503.56 570.33 816.13 1599.03 1582.52
320.18 489.29 403.85 3599.05 1405.99 1010.65
726.73 1083.11 1577.82 3510.49 2414.82 1375.43
711.24 1021.38 1456.57 2067.64 2230.61 1776.76
99.15 241.82 90.57 4532.22 823.02 355.98
446.63 717.47 834.01 4031.62 1758.15 1031.1
925.86 1238.43 1681.27 2381.57 2716.37 2358.53
551.0 780.88 856.92 3122.67 1983.62 1650.17
840.44 1206.39 1743.97 2716.0 3277.97 2311.03
257.2 456.94 473.05 3845.96 1363.47 877.2
514.86 698.97 943.04 1218.65 1462.08 1407.09
585.04 767.33 1011.03 1342.53 1747.26 1666.16
154.66 176.55 206.93 249.99 289.35 282.53
928.99 1259.48 1754.65 2480.61 2740.17 2243.59
620.37 898.35 956.25 3235.27 2185.74 1854.84
596.26 790.59 1045.28 1418.82 1796.48 1643.75
865.69 1202.13 1707.72 2562.93 3069.9 2343.46
539.93 747.42 962.59 2545.57 2005.48 1803.92
630.82 892.72 1242.32 1952.73 1614.68 1074.91
695.86 914.59 1182.96 1710.75 2303.15 2212.39
580.12 791.79 1046.35 1389.98 1732.4 1666.57
679.57 891.47 1231.82 1798.04 2115.38 1791.27
938.08 1322.53 1895.6 2839.5 3247.55 2307.26
743.09 1008.12 1376.32 1878.61 2264.59 2168.38
716.19 1104.7 1584.65 3590.69 2524.01 1606.49
902.9 1251.73 1843.91 2776.17 2730.59 1920.75
974.34 1413.79 2088.82 3236.52 3185.0 2046.45
694.26 897.87 1160.58 1525.64 1968.18 1893.58
174.43 356.9 281.5 4254.81 1202.76 626.07
499.86 642.34 840.68 1251.99 1739.16 1659.34
727.61 969.45 1257.47 2240.88 2458.69 2298.91
570.78 774.25 1050.64 1666.21 1867.34 1788.73
465.97 667.22 865.28 2389.93 1661.41 1194.88
889.44 1273.69 1840.64 2698.42 2757.83 2057.73
609.18 734.8 856.51 1798.75 2156.17 2023.56
801.38 1010.91 1320.75 1874.11 2533.08 2418.93
288.95 469.44 455.23 3087.64 1360.96 964.79
548.66 762.9 1043.46 2321.29 1857.38 1671.1
630.51 861.11 1145.52 1575.1 1792.11 1631.26
292.84 345.06 427.88 573.6 726.49 702.57
729.19 1059.44 1543.68 2236.07 2118.2 1460.93
868.12 1171.03 1613.27 2362.59 2875.94 2354.93
385.88 597.65 555.85 3927.37 1799.02 1293.56
737.25 950.49 1259.77 1718.16 2312.76 2217.54
713.62 971.94 1281.46 1723.64 2182.11 2116.94
460.99 674.76 819.21 2440.69 1730.51 1471.77
620.54 859.57 1186.35 1702.72 1898.32 1557.27
808.7 1171.56 1704.01 3332.0 2531.37 1551.43
772.55 1020.05 1325.48 1857.74 2354.44 2278.77
367.36 591.7 568.19 3868.64 1776.74 1274.73
947.9 1373.38 2037.47 3124.62 2966.33 1939.63
504.37 735.35 866.31 3564.82 2019.42 1533.47
578.82 804.52 1132.0 1479.83 1682.07 1624.1
475.83 621.51 771.79 1927.05 1632.46 1483.85
332.07 575.69 522.85 3962.24 1465.15 1015.31
391.67 445.78 531.14 747.86 1231.66 1204.46
702.33 1001.11 1345.03 2538.43 2089.49 1743.35
799.82 1048.22 1369.25 1871.0 2428.88 2343.87
577.09 810.36 1132.07 2144.14 1946.6 1809.31
634.16 841.59 1089.4 1488.83 1872.1 1802.08
924.62 1320.65 1964.15 3085.89 3564.5 2387.66
957.15 1410.21 2081.85 3049.32 2860.81 1930.17
310.17 485.31 468.09 3277.47 1423.55 998.48
846.99 1195.47 1658.36 2417.87 2557.94 2102.98
799.25 1068.91 1386.62 2558.82 2648.89 2360.26
643.97 900.99 1215.32 2616.74 2174.33 1954.08
291.24 393.15 448.34 1875.58 1040.24 861.33
880.6 1263.68 1903.75 2888.78 2728.72 1783.28
847.51 1076.18 1328.76 1984.42 2419.83 2213.08
434.73 536.67 683.74 958.62 1284.22 1243.65
718.45 991.51 1365.5 1808.74 2288.27 2156.77
252.58 305.77 367.7 468.87 591.08 567.56
919.97 1305.82 1947.13 3144.37 2666.53 1638.94
122.61 130.69 141.28 158.81 180.94 178.14
163.96 269.35 223.32 1754.18 620.79 411.3
969.68 1406.22 2063.14 3016.8 3096.07 2258.39
375.72 634.81 591.21 4113.14 1357.73 882.76
428.59 577.93 823.8 1259.4 1155.5 806.16
643.42 909.08 1267.33 2418.92 2129.22 1973.75
921.4 1297.08 1917.6 2891.72 2785.13 1925.46
466.46 771.36 668.76 4335.22 1775.92 1272.73
198.78 341.87 285.23 3582.68 983.3 583.32
809.53 1138.43 1498.05 2771.93 2533.25 2168.52
447.94 523.97 618.49 891.61 1406.12 1361.62
665.1 1037.33 1224.25 4263.9 2078.57 1205.2
595.31 796.21 1129.37 1782.2 1736.38 1229.7
892.25 1276.42 1827.43 2675.18 2797.65 2129.14
891.58 1203.31 1580.28 2436.9 2741.64 2571.54
866.43 1142.87 1501.31 2085.59 2643.92 2507.99
294.87 367.65 433.83 877.61 786.1 750.84
223.79 325.54 323.42 2224.71 927.61 654.79
897.72 1272.17 1776.65 2765.9 2420.28 1818.05
737.85 1013.16 1397.14 2036.36 2672.41 2491.9
563.07 812.99 1185.85 1775.08 1987.56 1410.82
791.8 1130.77 1638.44 2441.4 2583.16 1948.54
424.9 570.54 735.89 1680.02 1368.91 1245.87
382.64 494.5 592.52 1714.54 1257.73 1121.51
496.95 693.55 957.69 1498.75 1217.42 802.35
464.05 691.46 611.13 4019.1 1676.61 1210.39
778.16 1072.38 1459.08 2094.66 2122.9 1849.73
869.54 1224.36 1811.63 2738.28 2637.33 1787.78
583.18 806.14 1212.53 1650.75 1812.04 1695.14
652.9 950.98 1218.41 3074.57 2306.18 1848.12
559.11 728.92 960.6 1371.65 1669.13 1542.66
274.61 478.74 382.97 4375.41 1415.44 914.04
277.65 492.83 455.77 4178.67 1467.02 920.62
901.0 1313.07 2028.55 3108.99 2742.55 1610.66
168.62 337.24 215.52 4640.37 1126.62 594.25
918.45 1279.86 1844.99 2910.14 3053.28 2183.7
528.12 755.27 952.59 2508.25 1852.73 1629.63
948.85 1327.63 1814.3 2821.61 2470.86 1730.96
618.82 819.18 1116.64 1633.72 2125.42 2030.05
251.6 458.02 349.39 4427.34 1291.4 785.03
641.59 944.66 1344.39 2843.19 2268.72 1738.74
204.77 225.89 254.37 340.02 508.93 505.34
610.0 819.4 944.23 2743.11 2166.23 1905.77
228.74 266.92 304.45 412.23 653.13 636.65
311.48 426.55 595.98 1142.58 879.32 573.67
113.41 326.48 111.5 4840.77 1217.98 498.01
329.39 410.78 500.62 986.02 998.06 921.82
872.04 1231.34 1720.49 2778.02 3004.99 2269.25
421.49 613.93 874.36 2046.57 1588.05 1308.31
362.64 501.67 679.84 871.06 943.61 917.45
128.1 149.25 154.4 413.41 253.83 213.43
722.04 977.88 1319.8 1862.07 2155.67 1903.39
938.35 1177.22 1430.3 1897.25 2533.02 2425.51
711.0 896.75 1179.59 1679.9 2270.97 2151.85
764.47 971.43 1262.12 2237.72 2555.97 2478.67
719.36 904.56 1192.16 1705.34 2305.67 2078.51
840.6 1159.59 1583.17 2447.36 2622.03 2220.41
530.81 637.01 719.94 1274.84 1769.29 1702.03
880.71 1224.65 1663.79 2289.08 2750.33 2464.53
615.33 823.6 1082.37 1487.48 1855.73 1798.96
248.21 397.8 340.07 2768.75 1015.94 706.54
523.03 787.05 1069.0 3621.24 2033.94 1306.98
348.24 512.47 699.87 2561.96 1316.06 1074.32
562.28 823.55 1077.2 2797.65 1949.66 1720.42
254.32 303.8 374.24 491.7 619.91 600.62
305.68 547.54 486.12 4162.91 1576.26 1011.84
902.8 1252.63 1747.97 2566.32 2675.04 2238.61
558.73 811.56 954.21 2664.82 1721.09 1364.06
117.26 246.08 139.49 3727.01 949.96 431.25
290.14 366.68 458.5 550.27 577.48 559.32
711.12 970.79 1501.4 2015.91 2266.14 2176.34
450.45 602.91 642.31 2107.62 1338.53 1142.39
448.15 596.06 796.18 1076.63 1067.66 966.55
552.64 812.15 983.9 3542.79 2057.57 1467.0
728.04 971.93 1272.05 1838.67 2228.12 2035.58
424.56 510.5 649.67 923.93 1240.29 1155.85
145.56 164.82 192.19 237.53 264.23 227.35
866.91 1224.0 1798.46 2922.88 2880.88 1788.79
226.32 287.97 357.12 443.72 446.24 435.15
143.68 154.73 172.06 203.77 254.05 246.92
794.35 1050.79 1371.91 1916.1 2421.67 2328.33
953.5 1348.23 1938.24 2932.86 3333.42 2444.64
668.76 971.55 1319.55 2400.44 2238.64 1736.75
895.12 1262.73 1745.85 2658.68 3001.77 2486.77
433.21 528.41 676.49 942.26 1171.7 1108.69
606.17 778.87 1020.15 1521.4 2090.77 1773.98
911.99 1246.46 1683.42 2394.06 2624.22 2364.4
766.85 960.82 1162.32 1731.21 2158.24 2055.3
376.1 498.63 661.06 844.49 1006.5 969.9
351.69 596.76 523.86 4369.29 1591.07 1049.09
602.19 701.19 824.64 1116.61 1551.25 1469.86
836.07 1204.72 1769.92 2849.35 2634.67 1863.66
760.85 1046.12 1393.93 1847.04 2240.85 2102.83
851.27 1089.9 1428.33 1989.97 2627.83 2552.52
881.17 1229.62 1675.42 2279.67 2689.69 2441.59
763.19 1159.26 1411.33 3946.5 2349.35 1531.23
895.52 1216.5 1672.91 2477.8 2825.45 2329.23
365.66 548.41 626.16 1939.82 1086.18 907.94
340.29 536.18 599.77 3509.29 1513.92 1136.64
312.03 395.9 487.08 658.09 848.11 815.58
664.55 869.77 1117.54 1610.64 2194.21 2128.04
123.7 271.47 140.32 4442.73 878.32 423.63
932.74 1265.51 1710.39 2377.8 2693.94 2408.4
673.95 925.47 1256.97 2282.14 2178.21 1750.15
739.83 1040.96 1539.42 2445.03 2869.71 1951.08
520.52 701.63 811.28 2187.53 1639.99 1453.87
742.77 1033.9 1346.86 2235.58 2434.09 2194.11
632.27 847.55 1155.39 1672.17 2247.34 2105.91
594.33 835.76 1043.83 2662.05 2029.25 1808.63
504.84 734.27 843.86 3083.26 1764.61 1351.58
648.17 967.11 1285.82 3254.69 2149.51 1489.05
949.95 1368.44 1995.87 2880.4 2825.81 2055.26
797.73 1104.67 1536.03 2134.44 2409.77 2147.35
818.51 1147.77 1633.1 2533.88 2179.29 1533.65
794.88 1057.32 1390.21 1867.01 2429.31 2315.77
681.98 830.41 1028.52 1421.17 1813.88 1619.78
578.68 896.23 1213.45 3809.6 2284.34 1396.53
498.1 653.65 786.79 1634.26 1538.08 1427.31
676.32 925.88 1301.12 2159.25 2141.26 1914.31
750.7 1045.56 1466.06 2171.61 2656.15 2233.47
914.42 1289.58 1896.7 3026.14 2707.32 1784.26
332.55 510.25 566.33 3512.88 1471.87 1054.91
602.34 875.51 1293.57 1930.73 2153.67 1583.57
472.72 619.24 759.16 1993.52 1595.58 1445.41
624.82 744.64 866.19 1668.9 2183.75 2087.3
425.06 563.25 752.22 1059.48 1425.38 1376.69
529.14 705.57 874.65 1922.61 1761.61 1619.88
805.85 945.46 1102.97 1629.06 2156.73 2043.42
135.19 147.75 164.56 192.96 223.74 219.14
732.6 985.35 1375.68 2090.68 2406.32 1827.13
241.99 409.65 248.1 3406.04 879.52 442.82
625.89 782.41 990.7 1766.78 1876.2 1764.03
321.8 406.55 517.52 665.32 813.79 783.52
585.28 842.17 1232.42 2286.71 2003.25 1778.53
446.75 579.73 784.88 1053.57 1295.25 1243.74
558.76 737.59 1006.04 1960.39 1359.08 1259.77
384.13 582.56 621.21 3213.25 1557.69 1225.41
360.43 527.87 591.38 3257.63 1543.31 1205.54
83.59 231.95 78.78 4581.97 1027.38 375.35
643.47 877.64 1216.37 1949.69 2183.35 1999.85
573.43 814.49 970.12 2686.74 1921.16 1689.38
183.05 271.88 246.66 1670.83 662.94 458.21
738.59 1098.27 1427.37 3420.43 1997.72 1276.79
673.77 963.55 1289.65 2905.55 2150.75 1620.71
490.38 687.41 779.48 2151.6 1626.02 1436.52
657.42 835.23 1078.88 1508.02 1894.74 1838.03
395.59 590.64 628.11 3785.37 1666.81 1281.82
964.8 1415.19 2183.93 3567.25 4006.61 2395.53
324.35 489.82 414.8 2807.22 1037.28 715.05
272.94 461.7 309.15 4108.25 1235.23 745.58
946.43 1336.28 1913.22 2958.24 2538.25 1786.04
864.23 1174.15 1652.44 2532.38 2607.13 2042.38
845.32 1135.28 1483.47 2218.51 2838.24 2713.93
849.79 1136.29 1511.45 2011.08 2513.01 2410.67
324.5 498.07 510.98 4053.71 1547.07 1106.36
386.66 692.37 455.48 4909.29 1462.77 853.23
583.27 923.55 1064.6 4181.31 1690.59 956.76
439.54 565.87 770.75 1142.52 1364.0 1067.45
967.49 1396.8 2063.41 3149.93 3503.63 2302.18
299.74 534.46 456.73 4238.53 1582.42 1004.59
512.72 826.18 718.64 4346.86 1697.8 1194.33
716.94 900.99 1132.94 1620.02 2016.19 1902.08
325.1 402.23 501.74 640.02 807.65 779.39
329.55 424.89 558.61 718.28 936.56 905.38
779.37 1060.4 1427.8 1986.89 2419.16 2273.42
275.75 416.2 400.5 2738.59 1125.74 810.38
815.48 1132.83 1492.32 2870.24 2762.7 2335.65
223.38 272.39 339.86 441.07 544.51 530.61
671.02 987.3 1351.55 3029.45 2634.67 1963.94
858.88 1156.13 1548.5 2293.88 2624.1 2276.35
244.36 307.37 375.63 456.62 451.26 437.56
800.1 1142.06 1660.64 2389.87 2514.34 1977.96
562.73 745.59 1120.96 1570.13 1426.21 1269.16
185.84 213.61 247.17 310.85 380.98 379.26
925.43 1297.16 1833.25 2724.15 3054.44 2393.7
257.14 316.62 395.19 525.53 707.23 688.75
925.02 1326.04 1867.67 2960.9 2442.76 1627.08
235.72 365.4 355.4 2807.79 1109.26 753.78
142.25 166.78 180.84 440.2 292.91 262.22
554.44 826.56 1121.29 3356.39 2009.31 1687.75
591.08 774.51 1005.16 1337.7 1713.64 1656.55
612.36 884.95 1078.93 3219.14 2174.94 1703.32
367.41 534.34 651.66 2057.02 1316.75 967.23
337.63 381.72 451.26 627.84 1022.0 999.84
627.04 896.33 1178.43 3069.35 2155.82 1740.58
966.49 1440.23 2147.73 3296.19 3660.31 2454.4
916.1 1294.39 1872.92 2741.42 2806.92 2115.57
559.39 748.0 1112.31 1627.5 1394.72 1220.82
154.5 200.81 196.96 1124.93 436.04 336.57
810.78 1108.66 1532.8 2051.46 2672.07 2526.69
836.93 1147.2 1647.45 2254.89 2692.59 2560.64
497.01 677.22 701.07 2720.62 1678.66 1412.21
200.31 418.26 244.72 4560.53 1165.92 616.03
537.7 734.93 997.89 1444.11 1953.35 1873.3
690.0 946.97 1158.87 2712.63 2381.71 2172.38
614.75 815.84 1081.42 1494.39 1958.04 1842.88
677.06 892.36 1144.85 2249.74 2015.08 1819.69
331.72 430.12 581.29 784.43 985.6 950.28
521.58 712.49 966.11 1414.38 1885.77 1798.34
302.46 421.21 459.22 1968.08 1091.55 853.6
137.19 153.21 172.86 197.55 227.56 222.15
754.48 1054.22 1459.04 2328.81 2570.48 2403.32
819.49 1074.1 1397.95 1916.1 2488.09 2402.97
326.26 518.29 510.95 3671.21 1627.21 1126.35
636.42 859.15 1083.45 1829.94 1833.06 1711.45
747.63 1054.69 1513.98 2161.35 2369.82 2102.82
338.02 659.08 321.72 5488.76 1323.01 620.7
631.92 878.44 1327.02 1812.72 1985.0 1849.96
630.52 825.42 1088.33 1567.35 1913.98 1730.9
692.61 913.96 1192.29 1593.58 2047.24 1978.35
398.63 616.76 702.33 3790.73 1807.56 1203.31
451.35 603.6 790.99 1090.16 1417.56 1364.85
673.53 929.31 1167.28 2539.06 2122.7 1906.19
265.13 359.92 468.37 624.59 799.16 771.31
293.54 450.68 503.45 2796.55 1276.87 971.53
883.22 1131.64 1464.77 2041.61 2719.52 2635.09
154.39 176.55 210.14 257.31 302.22 293.73
858.06 1117.83 1421.95 1991.35 2468.72 2300.64
588.48 870.5 1018.15 3225.38 2073.01 1787.06
452.68 584.69 749.78 1056.35 1362.87 1309.21
606.83 791.1 1020.06 1387.64 1783.06 1725.09
774.22 1111.28 1441.38 2786.54 2634.13 2126.27
598.98 806.37 1051.01 1338.27 1813.36 1731.0
787.28 1004.8 1292.35 2113.89 2528.37 2439.21
760.04 1027.06 1335.85 2777.88 2604.27 2192.12
539.52 736.29 915.34 2824.17 2183.51 1919.2
860.1 1152.92 1543.19 2188.77 2751.44 2474.76
207.52 240.75 287.93 372.11 478.72 467.12
673.29 942.35 1162.03 2895.56 2527.0 2300.87
134.0 268.32 156.91 4642.86 1059.06 506.0
296.32 364.8 460.01 618.68 798.99 772.63
525.58 662.69 860.15 1207.9 1603.02 1552.15
259.86 331.02 430.41 643.1 701.19 573.7
117.87 254.27 164.39 4239.2 1025.88 510.9
859.34 1223.71 1723.91 2362.07 2266.85 1758.46
716.98 1045.62 1286.42 3208.45 2372.35 1949.04
688.63 937.69 1235.14 2232.35 2239.45 2093.98
626.38 847.6 1022.32 2484.08 2079.14 1878.52
933.22 1313.64 1884.35 2961.26 2484.96 1693.77
918.59 1269.06 1724.43 2389.9 2928.57 2613.56
787.63 1088.65 1486.66 2262.38 2360.57 1891.81
504.81 699.97 790.48 3366.24 1895.99 1516.32
840.49 1181.79 1649.38 2551.44 2249.22 1631.05
704.71 1059.86 1397.17 3318.42 2401.39 1774.15
669.57 970.16 1263.4 3398.84 2361.17 1647.56
552.59 665.83 787.83 1176.38 1787.51 1695.62
580.81 787.76 1006.57 2756.77 2078.93 1704.78
822.74 1179.39 1697.91 2457.74 2579.5 1976.48
621.33 933.21 1267.53 2010.14 2374.1 2246.6
191.97 274.98 262.21 1348.98 507.16 310.82
913.53 1231.97 1677.21 2453.19 2937.53 2570.16
215.33 294.57 250.17 1442.63 564.56 401.04
846.82 1087.04 1412.47 1978.66 2593.02 2486.91
656.59 944.19 1281.66 2173.75 2101.67 1780.91
945.86 1320.65 1871.26 2739.49 3198.62 2485.58
947.19 1386.02 2031.66 2940.23 2916.38 2105.04
812.07 1073.71 1479.27 2241.92 2509.93 2110.22
395.08 597.56 693.7 3303.2 1688.2 1398.58
527.27 761.42 834.97 2892.5 1697.25 1401.37
557.95 781.99 920.31 3318.38 2147.3 1798.87
912.24 1323.55 1878.07 2991.95 2292.59 1533.29
728.6 995.24 1363.01 2276.25 2257.93 2013.65
161.57 277.93 177.61 2607.92 723.75 414.7
591.99 757.02 981.71 1402.42 1961.81 1901.38
747.07 1026.27 1346.62 2194.64 2392.88 2239.27
530.96 747.58 1020.7 2028.19 1544.44 1194.97
950.76 1297.41 1795.59 2499.91 2832.04 2452.24
225.55 376.42 322.22 4212.63 1235.38 748.28
575.13 875.06 1079.94 3576.04 2122.5 1664.27
863.77 1109.47 1438.53 2041.23 2594.87 2466.39
767.96 1058.87 1443.73 2025.46 2454.82 2226.72
364.4 464.5 592.21 794.31 1063.37 1030.92
290.21 398.73 364.15 2852.99 1475.4 1118.67
871.54 1172.0 1601.88 2365.18 2891.64 2419.51
238.98 290.89 356.16 450.27 556.66 540.51
483.95 712.41 856.23 2788.73 1713.19 1351.16
317.34 361.69 431.83 590.98 781.07 767.8
917.22 1276.15 1755.87 2730.07 2774.45 2141.08
833.9 1197.49 1737.11 2596.2 2999.57 2291.41
652.15 922.35 1137.55 2414.63 1993.86 1772.49
899.95 1268.71 1811.78 2734.19 2991.39 2256.76
860.66 1151.79 1539.32 2148.48 2853.45 2694.06
752.24 1010.36 1338.62 2523.47 2533.99 2254.7
729.82 929.27 1217.71 1710.98 2353.07 2278.66
759.84 1029.45 1259.62 2646.91 2530.16 2338.75
918.67 1309.58 1902.52 2865.12 3418.92 2382.42
518.28 751.39 1003.34 2972.96 1881.63 1627.7
211.99 286.82 305.97 1408.9 691.38 555.53
201.84 241.23 289.16 356.78 421.03 408.08
545.91 683.74 879.4 1228.57 1670.7 1622.59
667.38 967.42 1378.49 2705.49 2355.45 1809.45
650.75 934.9 1223.96 2578.2 2133.08 1849.79
866.19 1046.8 1341.66 1948.5 2723.23 2644.23
598.94 808.26 1140.34 1535.66 1931.66 1850.35
944.81 1368.95 1997.43 3046.52 3472.3 2476.2
356.36 510.84 545.49 2721.41 1277.59 1009.1
686.65 892.31 1130.45 1552.42 1994.44 1897.6
177.45 326.2 219.93 4126.35 1229.96 665.1
569.82 791.13 963.27 3385.61 2167.86 1854.13
410.96 527.13 666.75 1113.81 1249.38 1180.66
767.57 1147.23 1601.5 3226.25 2860.14 2108.6
291.43 486.17 522.78 2968.84 1449.59 1056.02
687.64 933.8 1210.67 2030.74 2327.15 2196.51
789.94 1124.67 1629.01 2391.64 2518.76 1954.73
370.84 456.47 454.62 1710.2 1291.41 1110.16
143.03 156.17 174.81 209.64 250.62 246.36
384.1 596.86 718.98 3179.33 1493.37 1153.36
591.82 785.81 1041.78 1465.99 1946.54 1872.49
886.87 1138.92 1506.71 2291.06 2793.59 2598.85
451.26 532.24 631.08 982.34 1583.33 1493.06
860.09 1208.07 1682.41 2495.05 2598.78 2078.42
686.97 910.15 1195.48 1609.36 2071.04 1957.23
637.35 847.5 1102.71 1513.34 1880.65 1790.7
365.63 579.13 576.25 3365.89 1189.54 839.17
190.95 325.7 331.37 3563.88 972.66 567.73
600.24 840.4 1236.84 1821.23 1851.13 1509.16
619.24 797.15 1030.21 1797.69 2220.53 1906.52
877.36 1256.38 1927.76 2941.4 2592.19 1563.09
759.15 1066.61 1414.56 2922.96 2848.41 2327.89
951.24 1294.69 1860.4 2921.49 3548.02 2604.25
598.88 768.23 996.35 1467.53 1884.46 1751.44
336.14 584.98 399.58 4679.24 1338.03 745.81
796.7 1135.81 1635.62 2706.96 2602.38 1680.38
159.35 346.45 175.73 4204.61 1232.16 624.53
826.74 1129.52 1501.49 2059.49 2582.53 2481.35
556.4 757.62 999.6 1326.26 1651.76 1589.19
276.6 499.97 441.45 4286.79 1288.35 709.27
340.94 504.49 523.01 2900.23 1420.65 1044.82
866.71 1164.27 1623.02 2225.58 2738.42 2601.55
843.35 1103.67 1418.77 1951.04 2454.51 2275.59
153.15 350.61 154.86 4973.83 1134.57 533.47
510.26 727.79 866.12 3433.91 2033.16 1688.64
705.04 866.01 1096.66 2039.96 2340.92 2208.83
940.49 1342.42 1949.38 3101.0 2467.96 1573.73
671.15 868.02 1149.71 1637.6 2309.92 2225.1
607.87 963.66 1053.86 3958.78 2095.77 1414.28
881.14 1241.14 1782.93 2583.45 2749.29 2129.81
189.77 366.95 244.57 4178.08 1365.13 741.72
650.67 902.69 1080.27 2391.29 2221.26 2037.1
351.38 455.08 436.15 2078.63 1287.52 1044.56
404.47 578.92 656.18 3460.64 1656.55 1293.54
723.57 1103.64 1377.87 3772.84 2100.09 1280.3
304.16 381.45 483.52 652.87 888.94 864.94
446.98 600.35 831.34 1301.54 1415.84 1010.17
87.75 159.67 97.9 2464.39 559.69 261.04
499.15 670.51 893.05 1341.37 1265.9 1041.36
583.87 797.39 1030.73 1353.31 1755.22 1685.81
900.41 1314.48 1928.86 2816.57 2782.07 1978.25
568.87 831.61 1198.48 2718.27 1838.1 1136.79
695.25 993.25 1285.84 2550.7 2327.98 2086.53
273.8 396.29 473.53 1926.64 848.66 634.09
274.92 476.19 360.9 2692.35 972.51 606.81
917.7 1267.47 1806.98 2668.62 2995.71 2417.45
873.29 1215.41 1667.95 2544.23 2550.78 2023.82
819.45 1112.85 1419.2 2422.68 2753.39 2603.81
737.41 1040.07 1335.11 2427.11 2044.44 1596.15
948.56 1314.46 1934.45 2936.74 2856.21 1949.91
733.03 993.53 1345.7 1930.26 2474.85 2279.97
588.55 837.44 1009.46 2984.6 2002.08 1739.11
806.08 1036.22 1356.41 1921.4 2421.63 2267.04
766.86 1056.14 1408.26 2253.1 2353.71 1962.13
598.68 842.98 1115.17 1479.6 1472.26 1424.89
646.25 890.55 1220.11 1883.52 2109.1 1958.9
569.33 752.86 1002.84 1428.65 1761.77 1571.35
796.59 1136.8 1413.74 2983.54 2400.93 1846.5
617.35 843.14 1062.73 2532.82 2204.97 1921.4
485.96 627.47 808.51 1091.54 1481.26 1439.82
328.46 525.82 659.74 3276.94 1508.73 996.16
905.73 1301.02 1928.41 2916.71 2948.99 2099.07
291.12 356.29 480.07 632.97 582.36 572.53
361.11 435.36 511.63 707.32 873.73 839.8
457.38 653.02 798.19 2811.11 1804.52 1535.55
667.19 946.99 1303.83 2092.66 2262.41 1870.06
440.37 576.85 799.96 1034.35 1220.45 1169.29
620.46 852.4 1004.4 2765.38 2147.39 1884.92
246.08 453.2 333.42 4539.51 1371.78 847.74
622.86 832.06 1131.46 1737.82 1934.62 1670.09
247.04 309.48 405.41 534.32 661.98 639.57
705.62 1013.86 1310.78 3447.04 2675.79 2050.09
521.59 720.8 1054.67 1566.31 1494.55 1011.41
435.91 735.84 865.14 4425.11 1835.31 1060.81
276.27 446.54 480.25 3593.39 1454.57 1056.58
696.05 917.5 1163.62 1829.52 2084.53 1861.72
622.93 814.68 1059.96 1443.44 1971.48 1915.33
877.92 1161.13 1513.04 2082.87 2684.78 2592.69
257.92 348.58 452.29 601.7 768.64 742.01
618.81 815.88 1106.09 1503.09 1892.91 1836.3
813.5 1148.45 1656.37 2336.73 2496.57 2011.51
890.41 1275.01 1931.15 2947.0 2720.61 1713.02
112.67 205.5 123.59 2817.37 587.3 302.76
941.46 1330.92 1957.4 2917.64 2836.3 1985.77
882.51 1167.04 1520.59 2088.23 2698.39 2608.72
565.69 850.48 1025.81 3579.13 1923.24 1209.13
870.26 1277.96 1889.79 2738.51 2706.3 2011.34
152.1 170.34 195.44 238.39 288.91 283.15
233.34 432.74 344.68 4164.77 1212.99 727.05
947.37 1394.83 2073.14 3153.51 3528.02 2443.13
919.12 1317.33 1873.39 2658.69 2920.51 2385.56
577.41 715.57 841.4 1161.7 1621.12 1561.92
511.78 758.12 897.83 3315.19 1959.05 1608.26
384.34 483.53 621.41 851.22 1112.38 1074.19
404.14 557.58 643.33 2693.9 1512.64 1247.2
872.54 1254.02 1748.82 2654.63 2353.69 1816.37
278.11 342.28 426.53 584.61 772.68 750.32
888.17 1266.17 1765.16 2812.68 2334.29 1540.54
621.1 932.25 960.06 3431.21 2104.8 1759.53
815.69 1041.96 1349.51 1915.22 2619.15 2522.58
901.02 1160.74 1598.66 2379.27 2775.2 2332.8
524.78 781.04 967.11 3868.0 1864.75 1182.76
551.36 667.3 776.28 2122.79 1966.25 1748.4
128.68 265.5 153.12 3580.31 925.92 428.32
485.88 656.65 909.81 1278.4 1550.17 1471.68
122.81 127.47 134.83 151.54 171.49 170.1
622.71 807.52 1042.06 1717.35 1933.51 1806.03
684.31 963.06 1294.0 2652.07 2081.0 1737.12
243.68 304.12 356.84 437.18 567.34 545.33
707.14 979.57 1356.31 1810.21 2086.04 1908.58
547.11 769.38 888.8 2729.52 1841.06 1517.29
893.73 1293.29 1944.3 2913.52 2742.91 1788.87
831.65 1137.56 1552.03 2239.31 2904.03 2686.81
463.53 620.19 812.26 1053.64 1347.02 1294.12
355.59 488.53 689.31 1013.8 1093.55 765.87
287.5 479.33 510.17 3941.54 1469.98 969.25
251.2 427.84 413.72 4403.57 1373.3 830.41
861.41 1160.72 1552.45 2188.57 2684.71 2424.5
96.28 229.62 101.23 4843.26 1008.67 426.8
518.39 711.7 834.22 3285.93 1944.32 1622.43
745.41 1020.95 1580.28 2171.39 2397.1 2296.33
715.41 963.7 1276.66 1743.33 2368.68 2269.59
748.77 1045.85 1424.78 1926.93 1825.47 1530.26
510.49 729.99 691.38 3826.88 1788.14 1358.49
169.9 311.82 249.43 4146.01 1163.76 669.57
302.33 564.75 456.49 4157.08 1426.47 925.26
699.56 977.47 1327.31 2148.38 2672.15 2536.7
422.99 676.61 754.73 3228.08 1791.03 1385.92
526.13 725.12 865.29 2802.32 1829.69 1501.65
716.63 876.18 1054.7 1415.63 1952.49 1879.18
756.65 1062.4 1498.19 2163.4 2232.33 1736.85
797.72 1152.23 1680.51 2523.3 2766.05 1932.69
766.2 1147.4 1623.52 3516.91 2588.75 1613.49
638.58 861.2 1176.54 1689.73 2042.72 1790.3
789.76 1122.78 1616.19 2366.49 2592.59 2050.96
656.68 923.26 1181.8 2507.41 2155.49 1779.16
373.82 554.26 586.08 2584.97 1314.12 1052.02
378.31 488.01 582.81 1581.85 1253.05 1112.09
863.85 1156.56 1533.96 2086.7 2665.54 2493.06
913.62 1309.64 1893.17 2802.2 3214.67 2297.13
513.0 730.79 1012.25 2032.24 1494.56 952.11
915.2 1330.29 1926.94 2939.97 3339.52 2327.75
800.92 1147.41 1561.98 2874.32 2758.6 2222.28
980.22 1458.06 2191.47 3239.12 3180.55 2160.09
777.68 1025.15 1329.89 2230.4 2609.19 2479.53
797.49 1148.18 1440.6 2706.28 2570.51 2370.7
692.13 969.95 1239.52 2903.1 2544.59 2184.34
407.57 641.69 706.9 3369.45 1855.95 1433.45
306.03 565.13 409.15 4468.4 1473.01 925.18
599.27 876.91 1217.94 3314.76 2083.18 1369.9
451.51 670.54 680.12 3404.28 1668.93 1265.98
479.93 680.74 909.61 2355.13 1449.48 1031.82
788.21 1167.63 1583.31 3145.29 2117.34 1396.31
680.0 882.17 1117.58 1502.15 1966.68 1877.28
908.12 1225.24 1711.91 2486.75 2601.81 1953.54
592.94 850.56 1264.55 1854.87 2065.29 1994.05
269.63 358.1 411.15 1145.25 795.01 673.7
780.42 1079.5 1513.69 2129.33 2400.83 2089.24
465.23 738.92 581.32 4210.9 1531.14 1025.18
722.32 1005.55 1439.29 2112.54 2437.68 1853.88
845.43 1160.58 1537.31 2255.97 2671.79 2550.58
934.54 1373.68 2039.02 3150.76 3218.55 2083.52
823.56 1108.21 1478.22 2006.84 2517.9 2329.05
951.11 1257.45 1710.03 2517.85 3227.04 2863.97
646.74 884.39 1286.14 1757.64 2058.17 1999.9
164.71 184.85 211.85 260.57 313.38 306.17
176.75 205.8 242.87 301.53 379.63 370.22
178.23 350.88 273.69 4337.82 1205.06 583.79
631.29 835.94 1130.47 1542.99 1948.27 1878.45
908.24 1263.79 1764.64 2509.88 2834.76 2367.0
918.42 1302.31 1877.27 2894.45 3015.27 2102.87
471.47 709.64 823.29 3098.14 1754.35 1437.41
378.46 480.81 560.89 1074.45 1260.91 1143.07
491.86 640.01 735.38 2489.0 1808.42 1545.97
315.56 537.98 570.69 3486.18 1390.2 971.05
919.37 1290.64 1767.71 2388.43 2873.51 2595.56
437.06 551.98 770.27 1039.92 950.68 933.34
847.29 1118.65 1497.09 2223.75 2600.97 2260.24
484.36 621.67 858.28 1261.01 1420.33 1142.56
247.62 294.86 345.3 774.56 688.55 623.71
411.32 556.14 774.21 1122.27 1290.01 983.14
675.88 905.57 1197.92 2197.28 2270.93 1979.05
487.26 747.31 865.32 3745.89 1907.42 1483.97
756.94 1007.21 1306.74 2025.21 2345.71 2224.39
591.27 816.0 1192.59 1950.03 1672.0 1357.26
846.13 1088.3 1365.07 1871.95 2465.46 2377.67
909.22 1280.1 1897.97 2869.2 2821.95 1970.79
882.97 1247.78 1827.7 2761.71 2601.59 1733.9
234.46 293.15 356.72 432.16 427.16 414.41
455.72 706.71 538.33 3990.26 1634.11 1165.62
509.21 854.47 793.98 4907.45 1765.22 955.68
493.63 708.37 762.78 2926.7 1750.61 1451.08
453.51 573.38 742.75 1036.67 1369.07 1326.61
545.59 782.24 844.05 3010.02 1832.35 1530.72
899.24 1332.88 1977.97 2985.99 2857.07 1994.27
812.04 996.74 1203.16 1627.77 2241.21 2154.15
950.95 1324.33 1967.45 2997.01 2849.62 1886.27
926.68 1250.75 1692.15 2362.61 2877.62 2636.2
566.63 794.0 1004.14 2343.63 1997.76 1799.68
719.46 1051.69 1570.15 2251.07 2279.22 1823.49
304.88 647.06 309.51 4929.82 1375.68 737.23
763.97 997.06 1314.55 1864.83 2501.97 2397.41
889.5 1222.15 1620.13 2197.44 2780.73 2695.68
843.12 1176.75 1668.0 2545.84 2591.72 2260.12
133.71 144.57 160.21 187.76 219.06 215.03
759.94 1037.77 1370.66 1846.22 2339.31 2269.22
301.52 369.12 461.16 633.48 862.62 837.86
548.12 688.96 871.86 1443.69 1693.85 1599.13
305.04 352.71 404.55 528.74 715.57 686.87
371.16 530.7 585.91 3475.39 1591.41 1197.0
929.2 1303.27 1858.19 2695.37 2829.61 2225.8
189.5 399.79 231.06 4930.38 1235.28 647.56
452.95 586.34 759.23 1105.19 1421.19 1368.4
714.74 944.5 1229.57 2031.72 2331.49 2205.77
513.22 662.96 821.21 1641.56 1447.95 1166.62
423.48 551.14 704.86 959.02 1162.44 1101.36
334.47 617.15 356.03 4594.35 1258.74 675.71
241.75 298.42 372.57 506.15 606.33 558.34
667.97 940.34 1314.41 2002.34 1973.66 1382.4
776.87 1075.75 1666.77 2297.51 2466.61 2205.41
428.33 523.34 609.87 830.15 1146.1 1105.39
321.17 429.46 621.35 898.47 997.18 765.72
257.74 290.05 329.84 448.81 700.17 686.55
598.73 837.18 1184.69 1565.87 1745.01 1637.65
607.09 826.44 1036.46 2484.88 2273.31 1997.1
387.44 591.37 660.47 3457.54 1640.38 1213.8
937.62 1375.53 2032.14 2932.9 2837.29 1967.05
341.78 489.4 544.07 1445.3 1016.14 884.02
576.61 810.23 1117.02 1707.51 1700.12 1608.88
678.45 966.82 1200.61 2707.04 2248.07 2049.17
351.45 436.83 529.59 819.76 941.2 921.48
866.72 1137.51 1528.35 2228.23 2688.02 2435.76
524.93 604.76 727.99 1074.89 1754.13 1710.76
236.51 309.97 417.63 569.98 538.35 390.72
756.43 1028.47 1404.46 1924.08 2298.39 2038.99
592.94 740.68 919.23 1225.63 1555.8 1439.51
560.2 827.22 1159.47 3180.53 2448.14 1551.51
92.13 218.18 97.86 4570.76 975.72 406.52
467.96 748.44 929.59 3955.19 2049.04 1248.24
258.08 304.67 373.42 496.55 648.64 626.25
773.43 936.47 1209.95 1757.14 2512.35 2418.13
269.75 482.16 426.32 3891.3 1227.91 759.09
385.65 613.34 597.56 3760.14 1656.07 1197.52
595.76 698.32 830.33 1130.96 1537.21 1436.3
694.83 965.77 1365.34 2009.92 2514.48 1974.93
909.14 1300.46 1928.97 2879.07 2767.1 1859.84
621.06 845.55 1123.89 1564.99 1788.3 1656.84
960.21 1428.68 2124.76 3252.88 3615.43 2433.08
692.87 970.75 1207.84 3251.67 2344.36 1932.38
791.63 1074.73 1486.19 2203.26 2341.53 1770.87
220.34 302.78 335.95 1482.47 748.3 579.93
135.52 147.7 164.27 190.53 225.37 221.27
810.42 1114.02 1525.16 2174.77 2405.87 2005.87
698.26 858.16 941.72 2189.55 1984.67 1782.05
926.34 1349.37 1988.53 3055.19 3322.73 2247.45
170.12 203.1 253.36 317.09 372.21 362.62
684.38 912.96 1302.59 1962.09 2086.61 1474.45
811.62 1167.79 1668.44 2613.28 2808.21 2130.85
476.08 722.72 864.65 3509.91 1781.64 1375.78
697.33 949.19 1277.42 2408.93 2217.26 2040.45
260.72 319.13 430.5 561.74 646.3 622.42
565.3 843.37 1115.9 2838.35 1879.13 1533.02
962.0 1398.0 2014.0 3173.0 2939.0 1816.0
69.0 191.5 59.0 4653.5 930.0 346.0
134.0 394.5 95.5 5146.0 1087.0 409.5
969.0 1403.0 2079.0 3181.0 3518.0 2279.0
155.0 368.0 123.0 5163.0 1156.0 447.0
89.8 263.8 87.2 4769.8 1060.5 381.0
971.0 1390.0 2115.5 3245.0 2879.5 1707.0
122.0 299.0 89.0 4632.0 914.0 354.0
72.0 203.8 71.8 4231.5 957.5 341.5
907.5 1325.5 2047.5 3151.5 2757.0 1579.5
948.0 1357.0 1978.0 3155.0 2462.0 1531.0
56.8 180.8 53.0 4412.8 873.5 325.0
119.5 322.5 80.5 4825.8 970.8 371.8
948.0 1376.0 2046.0 3146.0 2970.0 1921.0
911.0 1341.0 1922.0 3127.8 2196.5 1320.8
985.0 1493.5 2276.8 3372.5 3183.8 2033.8
76.2 218.5 55.5 4643.8 764.8 282.8
962.5 1390.0 1954.5 3151.5 2480.0 1527.0
959.5 1435.2 2145.2 3160.2 2832.8 1787.8
88.5 243.0 63.5 4918.0 903.5 321.0
978.0 1422.0 2105.0 3266.0 3199.0 2037.0
79.2 209.2 66.0 4931.0 970.2 374.0
222.2 574.0 104.8 5481.0 1198.8 463.2
992.0 1434.0 2127.0 3253.0 3849.0 2515.0
980.5 1432.2 2016.0 3245.2 2807.8 1800.2
966.0 1422.0 2112.0 3259.5 3477.0 2237.5
109.2 304.0 68.8 5231.2 1052.0 412.0
978.0 1434.0 2220.0 3640.0 4073.0 2397.0
81.5 229.5 75.0 4588.5 1023.0 369.5
937.0 1353.0 2081.0 3198.0 2826.0 1629.0
924.0 1316.0 1970.0 3207.0 2671.0 1584.0
102.5 315.2 89.5 4914.0 1200.8 467.0
980.0 1467.0 2194.0 3388.8 3736.5 2446.5
955.0 1376.0 2056.0 3368.0 3193.0 1885.0
977.5 1462.0 2197.0 3231.5 2940.0 1846.5
939.0 1381.8 2053.5 3176.2 3230.8 2074.0
265.0 540.0 222.0 5608.0 1151.0 427.0
83.0 265.0 84.5 4714.5 1156.5 420.5
245.0 494.0 207.0 5231.5 1090.0 397.0
304.0 635.0 236.5 5868.5 1229.5 464.5
138.0 335.0 114.0 4964.0 1063.0 407.0
53.8 244.8 74.8 4340.2 1057.2 381.2
768.0 937.0 1202.0 1687.0 2456.0 2347.0
839.5 1125.5 1473.5 1964.5 2431.0 2337.0
851.0 1125.0 1487.0 2077.0 2845.0 2757.5
674.0 931.0 1168.0 1598.0 2316.0 2207.0
802.0 1081.5 1471.5 1917.5 2488.0 2377.0
925.8 1236.5 1653.5 2197.5 2743.8 2613.8
730.2 928.0 1240.5 1701.5 2120.2 2066.2
807.5 1039.5 1351.0 1892.0 2546.5 2477.5
913.2 1175.2 1552.5 2217.0 2972.0 2874.8
762.0 1017.0 1384.0 1898.0 2403.0 2316.0
768.8 1023.0 1344.0 1898.0 2593.0 2511.8
829.0 1082.5 1419.0 2036.5 2743.5 2651.0
854.0 1156.0 1575.0 2169.0 2712.0 2618.0
639.0 865.0 1188.0 1648.0 2076.0 2016.0
844.0 1157.0 1430.0 1846.0 2520.0 2406.0
716.0 963.0 1366.8 1791.0 2127.8 2035.2
641.0 907.0 1227.0 1692.0 2009.0 1914.0
822.0 1025.0 1317.0 1836.0 2480.0 2426.0
742.5 1032.0 1418.0 2073.0 2820.5 2703.0
703.5 879.5 1143.8 1618.8 2253.5 2180.0
842.5 1154.0 1648.2 2236.5 2825.8 2704.8
656.2 975.5 1340.8 1867.0 2455.0 2361.2
923.0 1214.2 1604.0 2234.0 3080.0 2985.5
734.8 963.5 1263.8 1827.2 2497.5 2417.8
800.0 989.0 1283.0 1784.0 2597.0 2503.0
706.0 816.0 1002.0 1436.0 2293.0 2206.0
725.0 878.0 1047.0 1489.0 2411.0 2352.0
878.5 1224.0 1682.0 2199.2 2656.0 2552.8
947.0 1212.0 1599.0 2313.0 3158.0 3037.0
589.2 813.2 1233.8 1730.8 1900.0 1827.2
729.0 991.5 1413.5 1964.0 2248.0 2150.5
904.8 1159.0 1500.8 2110.0 2816.5 2720.0
824.0 1099.0 1504.0 2058.0 2602.0 2523.0
836.5 986.8 1224.5 1763.8 2408.0 2363.0
894.0 1109.0 1450.0 2050.0 2679.5 2581.0
922.8 1209.8 1608.8 2273.8 3029.5 2919.0
761.0 1043.0 1428.0 1885.0 2397.0 2298.0
690.5 905.0 1162.8 1628.5 2187.8 2117.0
794.0 1033.0 1333.0 1871.5 2517.0 2421.0
944.0 1266.5 1688.8 2251.2 2816.2 2701.0
726.0 907.0 1139.0 1530.0 2019.0 1932.0
829.2 1124.8 1599.8 2206.2 2634.5 2532.0
921.0 1181.0 1557.0 2200.0 3037.0 2940.0
735.0 948.0 1238.0 1781.0 2503.0 2425.0
684.0 932.0 1313.0 1825.0 2332.0 2243.0
955.2 1228.0 1601.8 2260.2 2853.5 2766.5
806.0 1120.0 1498.0 2025.0 2566.0 2470.0
822.8 960.5 1128.5 1537.0 2182.8 2085.0
641.0 896.0 1266.0 1659.0 1887.5 1822.0
871.0 1129.0 1503.2 2057.8 2777.2 2662.0
833.0 1120.0 1439.0 1912.0 2418.0 2335.0
906.5 1134.2 1379.5 1798.5 2442.5 2363.5
612.5 842.5 1118.0 1490.0 2004.0 1917.0
741.5 944.0 1193.5 1631.5 2141.5 2080.0
882.5 1167.0 1520.5 2088.0 2698.5 2609.0
938.0 1173.0 1417.0 1866.0 2519.0 2437.0
927.0 1208.0 1637.0 2208.0 2809.0 2698.0
855.0 1101.0 1438.0 2028.0 2691.5 2610.0
705.0 972.0 1320.0 1791.5 2238.5 2159.0
837.0 1082.0 1417.0 2015.0 2798.0 2707.0
842.5 1173.5 1560.5 2028.5 2690.5 2567.5
604.0 697.5 845.0 1219.5 2055.5 2008.5
730.5 976.0 1293.0 1724.0 2096.5 2039.5
764.5 919.0 1087.0 1489.5 2095.0 2002.0
745.5 970.5 1232.5 1660.5 2177.5 2078.0
613.2 779.2 979.8 1360.5 1779.8 1769.5
793.0 1047.2 1363.0 1889.5 2419.2 2344.2
815.0 1000.0 1207.0 1625.5 2248.0 2163.0
843.0 1099.0 1451.5 2043.0 2738.0 2657.5
772.0 992.0 1295.8 1845.8 2461.0 2394.0
895.0 1245.5 1667.0 2236.0 2803.0 2694.0
765.5 1003.0 1321.0 1858.0 2440.0 2353.0
714.5 1003.5 1444.0 2002.5 2485.5 2401.5
494.5 611.5 726.5 1056.8 1795.0 1744.5
924.5 1207.0 1571.5 2078.0 2692.0 2588.5
696.8 869.5 1026.8 1427.2 2001.5 1927.5
721.0 985.0 1346.0 1933.0 2632.0 2539.0
849.5 1092.0 1370.2 1861.2 2472.8 2388.2
948.0 1249.0 1638.0 2246.0 2922.0 2819.0
694.8 840.8 1036.8 1393.8 1978.2 1915.8
760.0 991.0 1309.0 1853.0 2493.0 2420.0
928.0 1191.0 1564.0 2183.0 2886.0 2803.0
865.0 1153.0 1527.0 2115.5 2890.0 2785.0
662.8 884.0 1187.0 1705.0 2242.0 2151.8
603.2 862.0 1290.2 1790.5 2089.0 2029.2
682.8 802.2 949.2 1388.8 2317.5 2267.2
571.5 650.0 741.0 1076.0 2143.0 2120.5
811.2 1079.8 1420.5 1908.5 2484.0 2367.8
634.5 841.5 1134.5 1640.5 2306.0 2225.0
693.0 922.0 1262.0 1853.0 2415.0 2306.0
712.5 980.0 1304.5 1763.2 2235.8 2140.0
871.0 1195.0 1616.0 2208.0 2857.0 2755.0
915.0 1197.0 1579.0 2198.8 2939.0 2853.8
726.5 1001.0 1490.5 2050.5 2329.0 2253.0
784.0 1041.0 1376.2 1944.2 2683.0 2583.2
865.8 1136.8 1481.5 2033.0 2641.8 2551.2
837.8 1147.5 1648.5 2250.8 2700.2 2578.0
866.0 1156.0 1526.0 2111.5 2891.0 2797.0
833.0 1069.5 1333.0 1876.5 2457.5 2371.5
823.0 1116.5 1508.0 2131.5 2906.0 2777.0
585.5 771.0 1002.5 1461.5 1967.5 1912.0
873.0 1194.0 1591.0 2159.0 2736.2 2631.8
716.0 947.5 1257.0 1678.0 2192.0 2089.0
846.0 1104.0 1453.0 2038.0 2776.0 2693.0
623.0 879.0 1316.2 1827.2 2025.5 1961.5
935.0 1244.0 1643.0 2260.0 3095.0 2981.0
760.0 1046.0 1398.0 1960.0 2575.0 2476.0
655.0 909.5 1375.0 1859.0 2079.5 1999.0
781.0 1034.8 1371.5 1916.0 2624.0 2537.8
877.0 1167.5 1545.5 2071.5 2560.5 2478.0
755.0 955.0 1238.8 1769.0 2392.8 2328.0
928.0 1278.0 1695.5 2233.0 2786.0 2674.5
663.0 808.0 944.0 1365.0 2433.0 2344.0
655.2 879.8 1083.0 1511.2 1882.5 1803.5
759.0 987.0 1297.0 1832.0 2491.0 2412.0
826.5 1133.0 1648.8 2248.8 2639.5 2538.5
799.0 1081.5 1432.5 1982.0 2481.5 2404.5
657.0 884.0 1228.0 1711.0 2171.0 2084.0
562.8 795.0 1215.0 1587.5 1707.0 1652.8
940.0 1248.0 1642.0 2258.0 3106.2 3016.0
739.0 1000.2 1362.0 1855.0 2252.8 2174.0
911.0 1149.0 1500.0 2130.0 2851.0 2772.0
811.5 1080.5 1496.5 1990.0 2621.5 2521.0
794.0 988.0 1204.0 1609.0 2197.0 2121.0
853.0 1090.0 1411.0 2003.0 2752.0 2658.0
929.0 1206.0 1569.0 2190.0 2983.0 2872.0
864.0 1186.0 1576.0 2099.0 2608.0 2509.0
531.0 693.0 1037.0 1412.0 1224.0 1183.0
625.0 804.0 1144.0 1564.0 1425.0 1398.0
753.2 1030.5 1597.8 2142.8 2414.0 2318.8
715.0 985.0 1354.0 1781.0 2272.0 2160.0
819.0 1111.0 1495.2 2022.2 2530.8 2429.2
562.5 761.5 1033.8 1404.5 1897.2 1825.8
873.0 1144.0 1506.0 2092.0 2837.0 2744.0
680.5 936.8 1301.8 1826.0 2445.2 2354.0
925.0 1180.0 1542.0 2188.0 3006.0 2917.0
760.0 961.0 1251.0 1793.0 2435.0 2355.0
832.5 1056.0 1370.0 1954.0 2629.0 2571.0
761.5 1050.5 1440.0 1886.0 2352.5 2250.5
745.0 1005.0 1345.0 1792.0 1763.0 1724.0
891.0 1224.0 1623.0 2193.0 2784.0 2700.0
891.0 1224.0 1623.0 2193.0 2784.0 2700.0
568.0 821.0 1180.0 1644.0 2111.0 2013.0
866.0 1046.0 1340.0 1946.0 2723.0 2646.0
940.0 1228.0 1620.0 2241.0 3065.0 2968.0
794.0 1042.0 1367.0 1905.0 2584.0 2498.0
919.2 1225.8 1632.0 2231.0 2830.8 2723.5
681.5 912.5 1230.5 1707.5 2195.0 2129.5
626.0 732.0 875.0 1305.0 2153.0 2135.0
445.0 496.0 565.0 791.0 1386.0 1328.0
857.0 1146.8 1590.0 2166.2 2596.8 2497.0
791.0 1049.0 1494.0 2026.0 2529.0 2427.0
891.0 1224.0 1623.0 2193.0 2784.0 2700.0
735.0 1019.0 1466.0 2006.5 2331.5 2246.5
805.0 1139.0 1507.0 2041.0 2565.0 2447.0
773.5 936.5 1210.0 1756.5 2512.5 2418.5
812.0 1059.0 1431.0 2026.0 2822.0 2690.0
766.5 976.8 1268.8 1760.2 2291.8 2219.8
858.5 1094.5 1411.0 1982.0 2601.0 2516.5
720.0 969.0 1285.5 1726.5 2381.0 2285.5
706.0 970.5 1257.0 1597.0 1574.5 1517.0
717.0 935.0 1230.2 1764.0 2423.0 2349.2
829.0 1060.0 1392.0 1986.5 2724.5 2643.5
702.5 921.5 1339.0 1831.0 2148.0 2058.5
549.0 651.0 748.0 1104.0 1802.0 1762.0
644.8 881.0 1280.8 1749.0 2053.0 2000.8
878.0 1092.0 1327.0 1745.0 2368.0 2292.0
919.5 1129.5 1434.0 2069.5 2925.5 2850.0
711.0 952.0 1270.0 1797.0 2394.0 2302.0
933.0 1197.2 1551.5 2165.0 2886.0 2796.2
803.0 1095.0 1504.5 1993.5 2662.0 2566.5
911.0 1260.5 1689.0 2227.5 2882.0 2764.0
601.2 845.8 1120.2 1463.8 1473.8 1429.8
911.0 1170.0 1541.0 2187.0 3003.8 2910.8
832.0 1155.0 1508.0 1996.0 2604.0 2499.0
864.0 1157.0 1609.0 2201.0 2733.5 2620.0
747.2 1003.2 1281.5 1803.5 2383.5 2284.2
836.0 1061.5 1364.0 1938.0 2713.0 2601.5
799.0 1005.0 1309.0 1853.5 2526.0 2427.0
793.2 1096.8 1554.2 2108.2 2683.0 2555.8
874.0 1167.0 1554.0 2196.0 3091.0 3000.0
834.0 1087.0 1449.0 2076.0 2940.0 2831.0
640.0 932.0 1265.5 1641.5 1864.0 1819.0
911.2 1214.2 1595.2 2144.5 2765.5 2671.2
776.5 1048.8 1375.5 1702.0 1798.8 1734.2
811.0 1085.0 1446.0 1942.0 2443.0 2355.0
806.0 1048.0 1354.0 1876.0 2610.0 2516.0
874.0 1099.0 1454.0 2094.0 2880.0 2842.0
906.0 1228.5 1628.2 2185.2 2763.0 2647.8
845.2 1154.8 1519.5 1946.5 2659.5 2539.0
750.8 970.8 1260.2 1788.0 2377.2 2283.0
913.0 1204.0 1595.0 2261.0 3178.0 3049.0
748.0 975.0 1300.0 1870.0 2733.0 2619.0
567.0 814.2 1131.0 1471.0 1600.0 1553.5
586.2 808.0 1102.0 1514.0 2074.0 1984.8
682.0 908.0 1178.0 1613.2 2030.8 1954.5
950.0 1228.0 1561.0 2202.0 3162.0 3089.0
774.0 1019.0 1314.8 1903.5 2600.2 2521.2
853.5 1109.0 1470.0 2096.5 2805.0 2714.5
794.2 1101.8 1720.5 2272.0 2521.5 2432.5
691.5 970.0 1384.0 1883.0 2344.0 2263.0
100.0 100.0 100.0 100.0 100.0 100.0
