134.51 145.38 153.35 196.74 208.35 191.61
153.56 170.97 181.01 263.12 281.95 248.64
327.2 404.81 454.86 776.54 883.95 747.86
456.69 614.96 635.28 2020.63 1420.2 1095.82
942.36 1354.8 1894.23 3059.6 2435.07 1521.72
940.61 1363.78 2024.11 3115.32 2945.43 1909.86
402.34 500.61 557.3 1020.73 1127.03 939.01
598.88 755.89 871.17 1498.25 1666.2 1424.21
285.83 348.82 390.92 672.71 732.16 609.55
849.7 1235.71 1742.61 2852.94 2090.69 1310.44
940.42 1397.78 2082.18 3080.46 2826.75 1799.94
362.49 464.01 497.9 1302.79 1087.98 860.2
122.61 199.22 117.89 1949.93 489.61 238.34
479.06 622.28 744.95 1321.49 1308.43 1028.03
403.44 565.19 626.49 2228.49 1352.57 950.66
434.47 568.81 625.37 1738.95 1387.66 1104.15
729.68 1034.77 1420.89 2502.6 2540.56 1795.55
446.77 555.91 636.04 1071.91 1188.65 1020.45
924.62 1371.01 2023.78 3146.11 3475.58 2307.52
810.16 1145.32 1674.23 2627.51 2412.56 1532.66
372.55 461.13 512.24 930.01 1025.83 856.33
536.31 673.64 774.46 1322.89 1469.78 1258.14
574.89 800.54 1011.98 2137.18 1711.96 1200.48
157.47 410.2 135.81 4902.23 1112.82 462.94
161.55 194.83 192.21 588.46 377.5 293.36
313.65 560.76 325.61 4731.73 1220.82 594.93
767.13 1052.3 1469.97 2340.53 2242.86 1529.36
367.38 542.9 491.69 3280.08 1378.92 946.64
489.06 611.51 701.41 1190.45 1321.43 1132.71
324.98 401.84 451.4 769.94 876.31 741.54
177.0 254.77 224.51 2132.07 711.54 437.48
563.09 710.4 822.84 1407.29 1553.67 1320.99
392.77 492.78 557.27 971.79 1110.21 934.83
258.86 329.84 423.88 633.16 699.26 516.55
355.25 524.66 499.69 3031.96 1429.01 951.36
717.29 981.02 1295.18 2208.93 2299.41 1689.72
502.38 640.13 769.4 1281.21 1371.52 1123.09
521.51 764.12 934.44 2763.46 1903.65 1278.26
289.1 353.7 395.35 663.09 752.5 639.22
581.83 806.39 1104.02 1685.69 1642.47 1174.99
460.24 631.18 729.81 2128.84 1541.61 1141.96
104.28 105.66 106.47 113.02 114.52 111.86
434.13 593.55 714.0 2082.82 1359.18 952.31
221.13 380.88 226.38 2354.22 776.89 447.33
362.62 543.41 514.41 2722.88 1096.31 675.12
135.88 219.56 160.25 1980.83 647.87 342.63
595.66 828.3 1065.75 2462.09 1815.41 1251.5
192.08 221.06 242.33 358.07 389.07 344.41
756.94 1079.32 1523.71 2402.46 2255.66 1442.21
927.59 1368.98 2011.26 3127.9 3450.82 2305.91
271.08 329.7 368.09 610.27 689.39 586.24
168.16 191.45 206.46 302.97 335.2 294.37
485.63 654.35 763.82 1933.22 1567.01 1173.12
437.82 559.18 660.3 1164.65 1256.04 1001.06
448.11 610.06 617.92 2150.8 1406.81 1067.48
125.88 254.98 168.54 3955.8 953.91 439.73
359.88 441.68 501.73 828.39 915.88 789.82
270.83 352.57 411.87 1004.34 693.87 505.51
481.53 601.62 689.78 1169.36 1297.8 1112.74
301.91 613.03 266.65 4647.0 1298.95 666.62
542.69 748.47 965.03 1928.9 1804.7 1281.26
333.84 447.84 464.86 2013.92 1141.28 849.74
281.44 419.38 353.84 2728.65 1060.06 693.21
796.3 1091.73 1528.66 2422.14 2309.7 1577.04
556.73 728.02 858.2 1943.07 1691.74 1338.15
170.15 219.06 199.94 969.52 441.32 313.76
506.74 720.04 671.58 2901.2 1533.27 1123.07
772.14 1088.66 1603.65 2520.88 2303.37 1424.6
590.52 748.63 858.66 1555.75 1658.97 1408.06
506.39 662.31 819.24 1405.96 1553.79 1191.14
198.27 231.83 253.48 392.61 439.07 380.21
149.45 166.34 177.23 247.24 270.62 241.0
231.62 390.65 271.73 3593.95 1105.17 638.88
660.53 900.99 1195.59 1953.57 2014.26 1486.89
729.1 1096.75 1374.25 3856.8 2034.28 1202.19
290.56 458.47 461.8 3282.08 1217.5 683.31
803.73 1108.64 1523.1 2410.15 2800.02 1992.44
442.82 562.62 649.84 1168.2 1233.2 996.27
862.12 1241.49 1873.46 2907.2 2596.41 1557.66
621.88 877.42 1159.39 2539.61 2215.52 1520.07
784.89 1105.08 1573.11 2440.32 2699.86 1834.75
656.29 890.37 1133.03 2166.16 2044.06 1530.69
947.74 1374.02 1917.34 3094.77 2709.85 1768.38
354.7 481.06 482.3 1864.18 1189.84 880.84
820.6 1161.87 1718.09 2688.59 2467.93 1527.65
469.13 618.68 671.11 1665.14 1455.65 1172.61
105.04 106.67 107.62 115.34 117.11 113.98
398.47 546.41 567.17 2553.26 1400.08 1013.53
232.44 275.48 300.32 503.32 549.88 467.52
484.68 616.08 700.82 1245.46 1427.33 1196.9
128.48 303.9 99.77 4554.59 919.94 367.8
310.76 379.26 418.78 741.84 815.93 684.87
470.94 587.69 673.41 1139.67 1264.55 1084.62
335.85 476.88 514.3 1563.22 1034.1 727.87
802.63 1129.18 1527.88 2506.95 2136.19 1431.11
344.15 531.83 406.85 3293.02 1169.38 713.47
598.5 891.39 1196.1 3161.84 2259.54 1415.8
407.86 559.71 665.16 2071.57 1379.11 971.96
124.47 250.59 155.6 3942.2 967.4 465.28
315.39 444.48 411.86 2275.36 1098.5 762.2
435.0 634.9 792.73 2870.31 1426.8 893.09
302.83 462.48 423.92 2299.53 849.24 493.06
554.68 737.95 851.4 2162.07 1668.24 1295.55
163.62 352.08 154.42 4275.03 1002.54 462.27
504.25 642.5 731.82 1305.28 1494.8 1252.11
713.62 952.9 1234.05 2006.72 2297.93 1742.32
605.22 813.27 1059.83 1803.05 1882.56 1360.99
535.78 755.0 1051.74 1615.07 1613.95 1141.4
412.35 534.82 588.78 1421.92 1271.43 1021.65
410.56 536.48 584.12 1878.19 1261.12 993.89
267.34 324.5 361.36 598.29 677.4 577.16
480.91 612.92 703.69 1241.11 1423.6 1184.37
269.6 324.72 356.52 616.49 676.11 570.64
143.92 158.2 166.43 233.75 249.19 221.88
450.6 574.72 663.96 1216.71 1279.12 1031.7
535.61 713.26 891.54 1486.28 1607.28 1259.61
540.29 704.85 843.36 1450.8 1604.82 1297.56
533.41 678.79 811.38 1358.31 1463.45 1206.8
956.58 1386.76 2042.92 3177.31 3121.96 2001.53
190.08 251.87 244.1 1293.19 620.19 427.37
224.72 400.17 300.64 3838.63 1298.36 696.85
757.78 1070.89 1588.23 2481.97 2253.53 1377.73
883.01 1268.56 1853.51 2876.22 2753.94 1823.07
617.05 829.84 1037.15 1765.03 1804.94 1380.16
127.82 182.35 145.97 1754.46 512.97 292.46
543.03 682.47 784.84 1341.71 1490.86 1275.96
384.23 491.09 531.36 1398.96 1163.41 921.56
132.28 151.06 148.36 453.37 250.86 203.33
848.32 1213.0 1659.54 2706.43 2443.35 1648.13
418.76 524.13 581.11 1110.64 1186.71 983.53
617.85 807.92 967.73 1810.78 1768.57 1428.73
247.93 318.17 420.15 614.21 612.81 437.1
320.56 430.69 568.02 945.26 835.36 596.81
259.77 459.87 299.48 4306.13 1277.87 677.98
945.9 1372.26 2038.89 3136.05 2962.14 1918.03
271.31 365.39 360.82 1968.01 952.85 671.57
572.31 739.63 853.18 1853.51 1690.38 1373.09
417.99 526.6 596.66 1046.87 1197.21 1006.73
348.29 533.12 412.31 2873.78 1075.05 688.3
234.67 371.13 272.42 2517.82 766.68 414.71
402.89 528.43 574.59 1628.59 1223.67 937.25
880.67 1241.19 1822.8 2978.26 2537.12 1563.62
367.96 459.49 518.53 897.92 1024.6 864.09
423.88 556.81 659.69 1349.57 1310.82 1009.85
748.27 1063.71 1569.48 2473.09 2244.19 1386.3
385.89 516.53 543.85 1845.82 1217.09 917.4
431.7 543.33 617.12 1121.87 1233.07 1012.48
413.05 564.11 767.36 1144.13 1091.63 778.99
709.01 951.83 1258.52 2114.08 2358.21 1707.01
616.19 792.58 931.61 1679.84 1755.93 1442.78
215.46 254.89 280.33 443.8 498.38 429.22
544.58 688.56 796.02 1406.74 1509.69 1279.71
514.36 728.42 1018.87 2171.26 1487.49 892.79
705.38 986.96 1301.53 2381.41 1925.66 1317.32
260.58 311.12 348.23 550.07 604.13 526.24
464.18 664.79 968.46 1398.32 1279.12 826.73
650.09 902.43 1227.92 1995.29 2152.04 1514.56
439.22 558.0 651.42 1187.45 1247.28 998.07
236.98 359.19 267.14 2238.26 738.8 441.12
592.51 759.32 859.07 1694.7 1673.51 1400.04
860.12 1247.5 1792.37 2700.61 2511.21 1689.03
457.75 595.62 733.31 1256.49 1331.09 1024.71
494.93 632.61 716.99 1372.83 1482.24 1233.12
950.01 1372.73 2013.52 3135.08 3085.64 1992.01
593.27 751.81 875.7 1495.83 1667.91 1410.3
295.59 357.16 402.35 648.21 714.06 619.18
131.72 306.34 105.15 4515.92 922.91 374.69
475.11 599.53 703.19 1176.74 1300.45 1090.09
585.63 812.63 1143.05 1769.15 1720.22 1191.14
719.88 1017.92 1401.24 2183.19 2128.5 1505.93
683.38 913.71 1164.93 1883.34 1939.34 1513.38
407.61 555.82 753.43 1170.24 1120.17 751.05
306.08 388.79 422.55 1143.69 897.8 718.58
587.88 774.65 916.83 1997.31 1745.19 1366.0
201.47 315.68 206.66 2245.88 624.68 333.55
839.24 1226.94 1778.68 3513.66 2874.94 1676.6
611.91 851.47 1192.81 1857.05 2064.24 1418.71
383.07 559.47 516.46 3138.15 1386.76 948.63
187.48 217.36 236.63 360.48 401.84 349.44
579.91 813.1 1022.93 2729.58 2029.64 1449.29
427.62 629.3 685.61 2880.0 1495.85 990.57
432.43 569.4 621.79 1788.16 1405.12 1101.16
741.93 1036.69 1469.77 2454.6 2394.1 1527.77
295.37 411.44 503.31 1539.15 872.33 548.06
371.52 580.0 491.62 3299.14 1385.93 928.69
384.15 473.59 539.25 896.42 992.08 854.25
428.85 539.47 608.74 1198.95 1174.59 986.78
584.43 748.53 841.9 1720.85 1648.62 1380.07
853.1 1227.04 1767.08 2765.87 2844.87 1905.2
504.5 669.78 716.3 2243.83 1552.54 1230.59
356.64 509.69 483.35 2587.18 1270.26 905.59
375.79 500.52 525.81 2230.96 1225.67 923.5
628.87 907.77 1135.96 2962.77 2007.12 1330.02
522.73 674.46 788.56 1385.06 1582.23 1299.0
551.0 692.95 797.16 1364.06 1515.89 1297.12
218.98 345.28 280.02 2397.77 952.16 584.79
206.07 239.45 263.96 397.29 433.0 381.55
404.25 511.59 560.31 1250.73 1180.97 959.05
164.7 185.72 197.85 297.02 319.77 279.53
855.93 1234.72 1769.32 2673.18 2530.77 1712.46
489.9 639.58 783.06 1323.11 1438.69 1140.65
543.14 749.84 1090.52 1670.71 1526.18 964.32
258.94 429.19 303.82 3559.35 1168.16 659.2
531.93 800.56 950.49 3223.52 1814.09 1129.16
375.39 529.24 495.4 2282.78 1182.33 845.34
665.97 871.79 1067.37 1798.8 1818.66 1449.27
269.44 378.12 347.96 1888.28 859.57 611.62
542.85 799.25 1019.49 2875.58 2010.45 1315.73
320.24 391.82 433.11 770.7 848.13 711.17
419.77 578.91 664.0 2206.4 1452.62 1021.49
610.56 793.57 967.73 1648.65 1733.72 1401.5
214.69 392.16 192.6 2699.32 796.71 429.08
251.19 447.05 364.59 4092.22 1176.11 595.04
673.68 981.15 1350.69 3078.84 1916.06 1165.92
603.41 762.65 880.78 1514.4 1678.38 1431.99
472.47 635.6 663.63 2350.27 1470.38 1141.47
681.32 951.92 1358.32 2284.87 2548.75 1646.41
375.89 482.51 506.26 1269.91 1065.13 852.68
173.03 350.86 221.79 4158.13 1246.61 596.04
645.05 968.94 1269.37 3469.14 2296.32 1361.23
420.2 529.58 600.12 1053.47 1204.85 1013.05
350.2 485.99 496.31 2345.6 1303.0 927.84
434.0 548.08 621.66 1094.55 1252.45 1052.39
265.08 339.69 354.22 1048.47 774.11 599.74
444.66 657.28 570.65 3421.75 1430.88 963.03
328.51 442.8 422.52 1438.37 963.91 737.19
860.7 1230.65 1860.07 2884.61 2584.11 1534.4
198.44 314.64 260.08 3110.9 995.76 583.56
766.35 1096.7 1537.33 2452.59 2729.95 1910.35
502.97 681.54 858.94 1901.21 1561.06 1132.41
606.13 782.82 926.07 1763.05 1756.03 1422.27
428.58 577.43 604.51 2053.37 1409.57 1091.54
549.53 768.26 915.43 2300.07 1543.17 1058.77
727.76 1015.28 1361.48 2252.77 1920.51 1293.77
566.9 713.85 821.74 1408.61 1565.8 1339.32
183.82 210.21 229.58 334.94 363.16 322.5
758.86 1038.58 1348.45 2227.36 2145.05 1584.88
140.48 153.63 161.22 223.26 237.49 212.32
376.15 492.96 511.31 1660.97 1167.95 906.73
449.54 604.61 641.37 2409.63 1484.72 1121.13
519.48 712.58 995.54 1678.12 1854.71 1219.17
416.13 521.26 577.59 1126.23 1185.32 980.83
503.05 640.83 729.48 1302.69 1491.15 1249.4
244.05 293.25 324.98 528.93 597.03 510.75
328.66 437.29 450.4 1901.27 1105.5 820.26
782.57 1068.29 1482.55 2357.5 2264.94 1566.83
180.88 251.0 214.46 1514.83 568.75 381.62
881.47 1277.31 1947.68 3011.37 2664.89 1566.97
190.08 219.36 236.25 374.33 406.0 349.98
443.53 582.83 630.2 1605.69 1327.96 1056.31
490.84 651.44 704.79 2192.19 1537.57 1202.79
106.31 200.04 99.41 2922.33 608.84 264.27
286.01 419.91 389.75 3164.73 1225.21 801.45
635.44 895.61 1178.28 2521.4 1970.18 1319.89
382.0 488.71 537.1 1201.46 1119.33 914.29
157.93 177.72 190.48 272.5 299.88 265.18
297.69 359.91 405.59 654.08 720.63 624.74
352.32 573.77 707.55 3702.72 1522.16 870.61
677.18 957.07 1323.38 2137.33 2357.84 1657.81
358.32 442.73 492.86 888.41 977.21 814.57
251.28 410.92 302.8 3401.58 1112.81 640.39
674.04 933.66 1254.26 2058.1 2008.19 1376.1
676.09 954.88 1324.95 2065.34 1992.26 1382.36
592.83 827.37 1160.82 1820.88 1832.43 1245.04
675.28 998.98 1291.99 2816.1 2141.74 1462.93
283.95 516.26 285.81 4640.65 1150.76 525.59
533.49 714.95 928.4 1510.91 1697.88 1263.33
306.2 395.49 412.97 1327.04 864.71 683.89
248.37 395.79 333.44 3103.71 1154.67 692.09
783.86 1101.94 1491.61 2460.9 1982.33 1366.76
831.84 1189.78 1760.86 2919.38 3277.76 2043.94
475.87 714.17 912.86 3132.76 1934.08 1256.62
791.81 1119.29 1507.15 2476.1 2287.54 1583.12
323.58 476.23 447.54 3155.32 1326.7 863.89
510.14 661.51 774.81 1501.22 1538.6 1239.38
890.34 1258.31 1800.91 2797.88 3282.58 2232.83
115.78 249.74 138.23 4006.46 1016.85 431.61
403.17 562.78 776.99 1227.33 888.93 564.46
858.97 1213.63 1727.95 2783.64 2267.9 1475.05
844.93 1220.98 1746.13 2742.26 3027.72 2084.49
536.21 729.15 978.72 1548.22 1624.13 1179.07
145.87 339.53 127.77 4831.85 1062.91 422.93
387.86 508.58 531.79 1639.16 1193.74 919.77
689.1 912.6 1161.49 1904.27 2113.14 1633.39
387.85 495.43 534.58 1408.25 1147.52 922.06
480.04 779.34 985.34 3968.37 2173.92 1236.34
786.69 1101.41 1574.3 2686.4 2296.93 1464.31
526.85 685.05 760.23 1928.94 1573.69 1274.49
185.96 360.42 193.86 4215.62 1015.53 497.7
302.15 455.63 403.08 2888.2 1150.95 726.11
135.17 281.9 158.33 4171.16 1082.83 481.6
802.62 1134.91 1567.51 2522.24 2436.14 1619.73
125.66 280.41 122.29 4671.18 959.4 401.43
622.59 854.39 1177.98 2005.95 2234.81 1499.56
428.25 540.38 612.69 1077.45 1232.63 1036.01
335.45 479.96 493.89 2361.71 1302.76 866.05
610.08 820.95 1098.66 1818.44 1836.81 1293.43
417.49 524.14 593.81 1076.83 1176.47 965.94
372.26 558.11 632.02 2473.03 1375.25 895.62
115.8 217.29 117.4 2333.76 650.39 307.58
318.11 398.93 430.33 1112.46 910.97 730.13
450.42 623.75 620.03 2349.62 1427.56 1062.21
168.03 241.42 205.18 2104.72 692.82 417.2
310.41 423.16 422.7 2068.68 1114.73 784.41
397.81 507.0 564.63 1156.29 1166.09 961.88
877.63 1261.29 1811.94 2834.05 3039.77 2042.07
231.41 331.28 311.15 1715.74 855.51 578.25
704.32 974.21 1271.22 2119.51 2046.33 1482.47
337.67 440.45 471.74 1423.07 1010.19 773.07
196.37 244.21 241.88 832.91 506.65 392.1
389.71 490.56 566.78 1003.04 1089.02 882.84
835.79 1179.09 1711.69 2833.28 3166.44 2032.22
435.2 581.48 746.02 1196.35 1261.23 964.89
181.3 326.93 229.95 3812.45 1134.25 577.95
583.62 748.0 840.33 1730.65 1647.37 1377.67
580.48 742.04 846.23 1684.89 1650.17 1382.0
827.9 1159.87 1688.56 2647.28 2451.47 1565.0
407.75 543.45 610.61 1936.71 1318.46 993.09
379.17 538.27 519.81 2446.72 1324.14 966.23
235.17 277.71 308.95 478.85 524.35 458.79
974.38 1405.97 2079.47 3185.89 3766.99 2467.96
272.04 392.33 374.17 1992.96 1032.56 705.34
899.6 1309.9 1913.52 2978.31 3192.0 2095.86
630.41 812.58 984.93 1659.91 1776.51 1446.17
504.85 644.69 735.81 1329.45 1499.45 1250.94
542.18 704.48 841.68 1457.2 1660.18 1336.32
384.24 539.47 530.13 2494.56 1359.93 997.2
251.71 432.36 304.17 3614.5 1150.7 674.45
400.6 550.78 580.29 2000.54 1393.68 1052.01
530.28 761.1 918.61 2991.92 1750.77 1168.15
547.82 735.02 878.63 1852.61 1673.24 1283.86
200.76 235.18 257.37 400.03 447.67 387.31
497.15 690.1 673.39 2750.09 1509.2 1120.39
407.73 566.97 634.0 2321.01 1465.1 1041.9
578.42 797.4 958.2 2428.7 1805.92 1353.71
386.97 490.09 534.24 1264.66 1137.87 916.87
517.39 785.79 896.14 3248.88 1637.12 1016.36
369.6 488.32 500.45 1748.57 1165.11 894.59
597.86 754.56 869.6 1495.4 1663.01 1421.51
433.04 548.69 632.73 1135.51 1227.07 992.06
309.01 385.76 414.05 971.22 852.32 693.17
698.39 945.69 1193.28 2161.55 1992.25 1503.64
368.38 562.38 457.78 2554.84 1249.51 870.15
469.59 599.59 686.47 1243.4 1391.11 1154.55
598.45 830.29 1029.25 2666.4 1761.38 1232.02
573.85 807.44 1023.42 2179.52 1732.9 1202.66
654.27 900.44 1174.3 2233.37 1845.77 1312.98
639.56 875.53 1181.88 1916.93 2119.21 1504.3
220.78 372.11 306.98 2851.13 1116.39 657.88
163.08 351.72 153.53 4281.73 1002.16 461.17
500.13 638.4 726.61 1322.72 1486.22 1240.94
437.56 592.4 622.94 2480.52 1469.7 1096.67
360.93 522.02 521.11 2509.96 1342.61 947.75
425.65 528.14 603.39 1012.72 1122.35 964.39
528.96 708.33 854.87 1710.78 1639.81 1257.57
620.55 846.75 1130.67 1862.15 1910.14 1365.02
527.84 706.77 887.59 1649.75 1381.7 1044.11
959.53 1381.31 2034.12 3123.26 3692.31 2430.97
544.48 768.9 947.64 2362.01 1728.94 1238.98
938.85 1349.72 2008.56 3294.06 3132.16 1862.33
444.88 581.44 722.94 1197.59 1282.41 1002.47
854.4 1209.63 1731.22 2792.22 2236.67 1434.45
347.27 524.29 458.75 3432.06 1353.45 905.0
550.15 768.55 1057.23 1621.83 1587.52 1119.2
258.32 401.61 318.87 2401.78 958.65 618.55
273.48 425.17 370.44 3451.94 1263.85 761.57
811.81 1122.59 1548.99 2446.29 2845.0 2014.85
556.28 712.46 855.52 1438.88 1505.88 1238.56
483.36 686.24 802.52 2781.31 1634.63 1133.35
308.57 568.44 306.55 5077.8 1218.87 557.0
567.13 768.1 965.67 1982.11 1798.49 1335.62
422.75 533.0 604.1 1061.06 1213.65 1020.32
256.5 425.3 343.93 3707.86 1260.83 723.23
360.25 575.3 728.02 3722.31 1509.01 798.79
388.57 495.93 533.27 1339.97 1145.41 921.06
604.21 765.67 886.23 1539.9 1694.06 1437.83
423.67 531.14 597.68 1095.05 1198.78 991.13
243.41 579.12 151.92 5166.6 1221.01 522.56
708.28 973.19 1335.54 2102.31 2441.79 1736.15
412.67 556.27 760.29 1200.9 998.93 677.47
551.51 693.62 797.95 1365.49 1517.49 1298.48
285.15 589.19 244.68 4547.74 1264.74 639.4
161.68 181.1 195.35 272.88 293.65 263.73
438.35 574.81 613.91 1520.0 1301.49 1047.44
617.73 832.03 1088.26 1863.72 2112.78 1526.72
379.16 504.68 517.28 1623.48 1129.69 876.21
390.69 485.16 539.67 985.24 1087.44 906.66
336.65 449.76 437.79 1661.69 993.07 737.81
622.29 848.37 1169.75 1905.39 1828.31 1238.81
353.41 480.21 480.29 1879.78 1189.89 878.73
663.27 886.81 1121.19 2059.14 1994.7 1519.04
674.13 932.98 1276.71 2072.58 2103.33 1465.75
424.54 608.09 561.77 2734.27 1379.96 977.71
90.07 244.51 66.02 4904.34 905.73 324.52
365.25 448.74 510.04 843.45 932.75 804.09
138.79 161.77 160.48 562.73 300.7 234.27
215.22 252.66 274.27 450.88 491.38 419.73
471.15 671.74 813.89 2356.0 1677.49 1165.7
779.47 1083.23 1547.69 2448.54 2311.28 1520.39
302.25 367.98 405.9 715.9 787.01 661.23
397.48 570.75 548.04 2409.39 1376.83 1009.45
340.15 415.73 471.22 773.08 853.92 737.44
353.86 473.58 492.04 1664.29 1163.56 878.41
352.73 455.53 482.56 1417.42 1074.45 837.37
218.05 256.42 278.55 459.5 501.01 427.59
753.0 1076.8 1525.39 2337.59 2307.12 1619.68
132.05 278.85 153.48 4195.42 1079.35 475.08
269.64 323.03 362.23 575.46 632.57 550.28
743.43 1026.22 1437.31 2388.41 2164.97 1441.26
492.88 630.58 729.01 1283.28 1457.33 1206.56
791.39 1141.72 1732.29 2835.08 3169.36 1910.42
341.92 420.54 465.9 836.72 921.77 771.32
517.08 713.07 956.66 1544.62 1291.01 860.56
360.02 448.84 506.13 874.28 997.21 841.46
405.06 545.83 608.56 1879.63 1256.47 917.55
580.47 769.59 905.54 2142.4 1715.91 1328.99
322.05 430.3 447.39 1619.21 1047.95 789.78
854.62 1233.95 1779.06 2787.82 2998.93 1999.91
732.38 991.55 1268.68 2105.74 2065.86 1559.16
418.39 559.15 582.37 2034.95 1284.46 990.3
165.21 233.4 171.55 1361.09 425.63 253.18
603.51 812.1 1019.56 1976.97 1912.45 1438.96
102.16 251.57 105.48 4048.97 941.93 365.4
496.27 631.63 718.93 1279.99 1467.34 1229.97
387.75 503.09 659.26 1026.88 1011.07 743.2
458.49 624.12 745.63 1930.12 1370.58 997.35
554.58 717.12 829.16 1803.93 1615.19 1313.17
447.36 580.88 713.39 1221.81 1295.1 999.01
311.7 443.27 415.57 2139.14 1072.98 768.91
327.09 436.21 448.17 1928.43 1106.81 818.41
374.73 482.35 517.37 1485.16 1157.15 903.9
545.02 725.49 933.05 1582.19 1472.38 1087.19
114.85 119.92 123.19 144.21 151.23 142.33
554.83 735.87 954.78 1644.98 1583.99 1147.44
579.09 735.12 840.86 1626.72 1640.84 1384.7
605.66 770.48 894.67 1570.28 1697.21 1434.28
640.85 828.35 993.76 1686.08 1761.66 1440.13
452.24 597.63 762.82 1243.29 1305.24 996.16
193.86 223.41 245.1 363.08 394.68 349.15
351.02 531.12 422.89 3092.12 1170.98 738.33
273.08 456.35 406.38 3827.14 1322.56 730.7
478.62 656.18 877.51 1360.08 1344.72 977.5
326.18 421.08 524.72 838.07 853.19 653.73
429.76 591.2 811.27 1260.21 1189.11 779.63
345.99 425.93 472.06 849.11 935.59 782.62
430.92 543.95 616.85 1085.38 1241.83 1043.61
767.1 1069.54 1548.77 2441.81 2253.2 1440.94
373.89 524.37 548.6 2248.94 1188.89 833.79
275.5 411.76 375.54 3434.42 1219.03 766.95
638.82 927.69 1306.44 2333.22 2229.98 1464.1
530.24 677.73 761.24 1608.94 1505.24 1254.43
197.23 356.15 252.45 3774.59 1123.94 581.17
204.31 336.34 259.66 3313.65 1082.5 593.89
225.34 305.49 288.85 1891.99 796.88 543.41
737.71 1001.02 1284.75 2130.23 2081.81 1564.34
165.1 353.08 156.91 4256.54 1003.61 465.31
330.79 526.14 433.5 3102.07 1303.47 857.59
188.76 347.7 262.46 3136.65 1105.04 604.83
416.96 520.24 580.47 1066.04 1177.34 979.16
580.49 733.91 844.56 1502.22 1617.99 1376.15
430.9 548.73 629.53 1238.18 1263.87 1015.08
550.35 713.57 887.81 1465.55 1529.83 1208.38
854.77 1196.14 1681.07 2710.95 2250.21 1504.46
729.34 1032.58 1512.64 2392.43 2183.22 1363.33
372.11 486.26 511.94 1610.48 1168.65 899.96
412.3 524.74 587.53 1309.23 1223.03 982.38
166.0 289.94 204.87 2981.78 896.58 465.35
638.21 838.94 1072.79 1796.84 1785.94 1362.55
397.48 546.01 535.52 2062.14 1229.8 917.48
164.6 376.42 139.18 5084.45 1167.17 468.17
157.76 176.53 187.36 275.89 296.2 260.28
414.97 620.64 525.52 3458.24 1369.0 890.01
636.44 860.94 1123.23 1852.73 1934.26 1451.55
293.03 521.44 304.17 4503.03 1164.91 555.54
382.05 493.83 534.63 1511.34 1178.43 914.35
539.02 703.47 838.29 1465.31 1548.35 1248.45
886.55 1295.04 1839.25 2999.57 2155.32 1329.64
445.74 564.96 653.45 1172.55 1306.81 1056.73
618.92 870.64 1200.2 1931.94 2130.21 1500.55
133.66 335.69 138.03 4537.18 1199.45 518.13
537.21 675.34 777.76 1327.51 1474.04 1259.78
799.25 1096.77 1538.58 2436.05 2319.33 1579.23
308.39 390.22 413.48 1167.38 883.0 700.83
322.11 444.97 528.93 1932.71 1145.06 775.32
127.56 136.51 141.68 183.92 193.61 176.47
143.7 158.62 168.25 230.11 250.77 224.6
174.55 250.13 196.91 1615.47 581.99 358.03
524.68 711.91 859.86 1999.77 1556.21 1176.06
298.3 437.36 417.55 3125.65 1228.97 815.58
639.17 869.83 1192.86 1916.54 1873.93 1301.88
296.77 479.3 369.98 3594.98 1293.3 774.01
633.03 851.42 1100.12 1818.61 2116.69 1585.95
491.51 661.54 816.65 1618.07 1459.06 1090.35
468.61 686.92 916.22 2850.53 1620.18 947.37
426.39 603.62 599.48 2704.84 1508.93 1093.05
491.02 723.87 872.84 2483.42 1490.69 922.36
412.31 516.0 582.13 1057.38 1171.24 965.8
289.91 354.78 396.62 665.5 755.28 641.52
182.02 208.67 224.05 349.76 378.6 327.59
133.49 298.23 152.93 4280.85 1077.24 461.32
249.06 297.51 325.45 553.94 606.34 513.64
767.9 1073.33 1464.98 2274.17 2212.82 1597.38
811.73 1183.65 1710.22 2693.4 2970.42 2008.25
538.01 677.8 776.98 1386.98 1484.63 1265.81
455.53 576.97 655.29 1158.66 1326.75 1113.78
439.36 650.52 773.3 3491.01 1747.34 1118.32
399.77 508.92 594.59 1068.91 1158.12 928.24
715.82 1005.56 1357.43 2458.06 2139.4 1519.8
292.6 487.16 390.75 3977.87 1290.28 726.04
393.93 489.45 544.57 995.1 1098.44 915.65
168.0 313.95 209.3 3915.85 1119.43 550.18
490.84 704.75 796.81 2503.05 1503.79 992.4
587.82 742.12 855.77 1478.56 1634.1 1393.87
410.61 516.71 585.14 1024.92 1171.77 985.71
730.36 1056.56 1513.87 2336.81 2283.86 1562.47
496.24 636.81 717.68 1383.57 1485.47 1234.34
189.04 230.78 245.57 728.9 456.99 351.48
666.48 906.44 1208.36 2046.96 2106.1 1480.05
601.29 788.84 976.91 1611.89 1682.06 1347.25
250.85 497.34 218.83 5142.79 1099.12 416.31
569.46 811.69 1226.82 1983.29 2213.6 1328.48
861.84 1232.57 1758.33 2758.03 2961.66 2007.15
617.56 831.59 1059.57 1891.74 1748.64 1309.02
431.65 550.76 630.87 1205.92 1259.89 1014.57
285.03 396.15 382.13 2450.69 1088.18 741.14
135.78 333.42 107.78 4622.55 982.51 405.19
200.41 357.17 224.05 2865.01 874.73 485.7
474.98 603.61 721.98 1201.62 1254.84 1034.16
395.14 491.06 546.4 998.79 1102.55 919.01
250.94 307.94 366.86 560.94 581.53 467.67
300.53 461.32 411.62 3251.53 1276.58 802.08
503.95 691.67 844.79 1893.47 1578.48 1169.9
501.22 655.64 713.78 1782.28 1458.78 1189.69
523.25 662.0 754.56 1480.46 1467.57 1237.2
204.93 379.79 223.65 3759.29 1032.27 546.99
214.03 364.58 278.95 3803.87 1189.27 640.17
519.75 731.3 940.92 2169.44 1733.94 1204.92
549.45 732.72 885.34 1669.17 1669.54 1311.9
163.82 189.59 195.4 394.1 334.37 281.44
238.9 411.27 280.67 3870.94 1099.58 616.66
873.22 1242.87 1793.13 2791.77 2690.33 1815.42
569.67 770.08 1033.33 1712.19 1669.03 1169.61
243.5 288.67 321.82 502.2 550.51 480.9
152.13 169.07 178.84 258.74 277.07 244.65
318.72 389.81 430.82 766.08 842.97 706.95
740.4 1042.44 1502.3 2385.98 2233.95 1443.87
350.32 476.31 486.31 2491.92 1209.28 878.25
213.4 302.99 259.1 1801.46 723.37 472.24
272.04 330.8 368.7 612.28 693.62 590.56
709.01 986.73 1371.01 2183.42 2414.1 1667.62
449.37 568.71 645.68 1140.33 1305.5 1096.23
503.07 640.76 729.55 1300.24 1490.8 1249.36
946.96 1373.18 1971.87 3111.6 2891.56 1797.48
758.31 1040.58 1431.14 2375.9 2368.76 1607.93
465.61 604.52 671.4 1601.51 1451.21 1171.82
548.94 690.24 793.98 1358.28 1509.42 1291.65
448.91 570.62 660.28 1186.44 1280.46 1032.17
209.81 352.89 240.81 3195.86 958.0 521.94
716.8 991.89 1372.65 2165.08 2140.82 1521.18
567.78 749.23 924.51 1651.39 1744.18 1336.79
637.75 871.71 1122.39 1902.67 1724.86 1274.61
785.54 1104.29 1608.77 2535.13 2360.06 1497.12
518.95 693.35 897.86 1573.91 1735.88 1258.34
507.68 649.79 747.66 1324.35 1493.88 1240.3
125.71 301.8 95.16 4587.74 917.4 361.89
476.0 753.42 920.42 3807.62 1740.77 952.36
195.02 259.81 243.08 1603.1 656.08 445.93
243.76 437.03 248.39 3881.72 947.9 421.22
687.02 959.47 1366.89 2302.19 2568.06 1662.26
221.89 348.26 289.45 3486.7 1102.71 653.55
317.77 453.1 441.28 2909.28 1267.76 866.87
486.73 656.12 867.29 1337.72 1333.61 993.18
554.53 704.61 807.81 1523.27 1556.11 1310.59
217.6 371.82 292.86 3834.26 1207.34 645.34
100.63 100.83 100.95 101.91 102.13 101.74
537.01 809.62 989.66 3568.55 1996.75 1176.24
132.8 144.0 151.23 197.67 213.18 193.53
630.4 850.64 1085.08 1819.08 1892.79 1407.65
471.52 609.06 681.44 1523.17 1453.66 1183.55
462.3 607.04 652.84 1660.29 1396.34 1119.32
471.02 702.1 902.69 3552.59 1829.13 1055.44
548.43 715.11 859.79 1487.01 1653.82 1325.58
551.38 729.59 912.93 1534.53 1647.76 1283.43
253.6 301.95 337.44 530.52 582.23 507.72
220.47 262.49 296.68 494.5 480.23 406.71
268.82 403.44 372.13 2897.27 1201.93 756.33
362.08 472.53 494.96 1675.84 1115.87 869.19
700.76 1037.68 1527.67 3255.83 2275.28 1287.35
380.13 497.26 517.19 1572.27 1158.31 906.23
192.76 222.91 240.3 382.49 415.1 357.42
375.45 560.34 662.72 3008.35 1332.51 812.43
418.44 534.67 582.27 1327.45 1200.28 966.17
522.64 723.72 924.92 1902.45 1756.55 1264.89
528.04 696.99 878.22 1489.06 1645.74 1242.07
218.41 255.68 283.04 431.88 471.74 414.3
591.12 822.99 1050.67 2061.09 1746.07 1230.7
307.56 416.84 413.17 2228.61 1092.75 777.42
350.77 522.27 497.53 2948.77 1276.74 849.14
756.44 1052.84 1472.64 2458.84 2444.98 1606.31
659.63 927.19 1277.33 2001.66 1940.51 1357.02
607.37 769.51 895.33 1534.13 1694.45 1435.65
251.27 298.88 333.83 523.97 574.9 501.52
424.71 605.84 795.53 2321.56 1233.97 760.89
381.75 473.32 526.15 958.02 1057.07 881.86
475.07 603.19 685.81 1216.85 1394.18 1169.5
570.75 732.39 846.31 1652.01 1642.22 1359.23
860.89 1225.41 1773.32 2753.66 3238.83 2164.99
517.44 710.31 982.86 1528.61 1536.17 1063.71
491.13 664.22 894.03 1440.0 1262.99 888.74
176.04 309.47 290.52 2452.6 878.2 445.04
381.25 586.33 578.58 3466.11 1391.5 876.55
946.7 1354.91 1974.36 3149.59 2459.17 1530.18
586.04 739.02 851.34 1462.28 1625.91 1390.15
454.41 581.95 698.12 1238.77 1281.17 1003.58
607.71 865.11 1166.9 2219.89 1556.35 1016.73
695.99 1011.67 1339.09 2674.52 2118.26 1434.27
304.4 381.19 418.76 937.73 808.5 667.03
335.03 605.3 329.47 4585.91 1218.13 604.56
871.8 1236.78 1776.82 2854.75 2277.99 1452.64
576.63 733.05 837.7 1642.23 1638.65 1380.96
422.43 595.39 565.97 2540.23 1366.77 982.73
161.53 196.4 196.92 627.4 394.58 302.67
397.6 526.82 647.07 1335.35 1228.68 909.0
474.36 697.49 616.82 2842.56 1515.63 1106.74
671.07 965.66 1343.74 2378.98 2007.96 1351.99
397.21 530.47 720.67 1144.72 1089.33 745.34
435.45 550.98 629.32 1149.28 1230.92 1003.7
778.15 1147.68 1601.24 3100.28 2877.23 1934.28
610.85 849.9 1147.08 1852.65 2070.5 1500.3
351.9 589.16 380.01 3888.7 1211.95 680.69
393.37 529.28 577.97 1867.09 1228.8 903.17
328.18 400.0 452.73 739.54 816.36 705.68
249.29 297.81 325.8 554.63 607.12 514.28
312.13 381.07 420.85 746.0 820.58 688.66
383.98 509.89 655.11 1037.69 979.72 720.48
954.95 1427.28 2131.08 3141.66 2819.43 1782.45
309.8 375.84 424.32 688.03 758.66 656.9
273.62 399.92 354.16 2771.7 1061.81 693.47
147.52 162.47 173.45 233.18 249.18 226.13
635.65 853.84 1157.11 1842.28 1797.07 1280.45
436.78 646.59 734.01 2858.41 1469.37 948.84
288.15 347.36 390.84 627.33 690.67 599.41
279.56 336.07 377.56 603.26 663.7 576.61
514.27 675.01 821.25 1402.52 1591.33 1264.5
181.21 207.61 222.84 347.32 375.87 325.37
302.92 407.27 411.6 1914.66 936.91 705.11
390.4 481.8 548.91 913.94 1011.7 870.84
445.64 563.71 639.85 1129.23 1292.64 1085.59
325.19 529.34 527.52 3634.21 1534.08 891.02
675.59 897.13 1148.3 2015.85 1948.51 1470.51
384.27 654.82 588.96 3313.13 1354.41 782.77
419.61 538.04 598.07 1375.01 1199.05 983.41
556.91 750.29 993.19 1669.45 1717.88 1213.92
500.94 638.66 729.31 1296.63 1482.69 1239.22
565.93 843.74 1127.63 3286.46 2089.23 1283.17
258.57 406.32 336.72 3438.32 1145.2 702.07
904.83 1288.89 1864.02 2984.89 2357.75 1486.6
505.92 683.44 923.66 1444.42 1438.54 1044.7
172.04 382.95 151.71 5023.6 1175.83 484.58
553.33 722.48 862.65 1501.9 1600.09 1281.59
311.15 395.59 490.77 771.72 828.24 646.02
895.02 1314.4 1878.44 3060.96 2163.64 1309.97
657.5 904.82 1271.68 2049.98 1939.92 1282.46
266.22 369.57 338.56 1902.92 879.34 617.31
526.53 719.09 863.86 2072.55 1548.35 1150.76
361.01 478.66 496.56 1711.71 1181.66 888.66
573.08 814.87 1147.91 1756.53 1744.07 1219.6
206.51 376.86 266.93 4026.35 1200.74 620.59
332.66 412.13 463.39 792.79 902.79 763.42
647.36 844.39 1057.37 1782.94 1815.43 1421.68
271.25 344.37 400.54 988.72 688.58 527.21
182.31 217.77 224.67 607.66 435.35 346.56
217.23 380.47 247.88 3786.36 1098.93 612.21
274.31 426.02 371.72 3447.0 1264.89 763.27
841.91 1200.53 1805.67 2807.45 2524.56 1511.11
382.14 564.99 610.29 3238.22 1331.1 845.73
726.68 1031.03 1432.88 2512.05 1920.98 1242.92
889.24 1260.22 1867.45 3049.41 2573.58 1556.52
520.92 706.58 941.62 1513.71 1572.57 1135.54
389.17 528.32 549.68 2199.76 1298.26 991.84
120.62 127.12 131.88 157.8 164.75 154.74
463.87 767.29 778.7 4399.18 1602.92 848.09
364.51 570.28 631.72 2772.11 1288.69 752.82
410.31 529.13 634.17 1070.0 1212.0 973.63
283.4 376.42 376.77 1854.34 952.86 689.98
176.08 200.81 215.07 331.69 358.44 311.12
757.57 1079.92 1567.48 2432.96 2326.16 1545.37
429.05 598.16 832.8 1235.8 1162.85 800.65
544.38 719.81 891.39 1508.96 1690.72 1318.16
109.1 112.05 113.76 127.71 130.9 125.25
721.33 1047.09 1543.9 2784.02 2247.72 1335.7
341.24 423.64 476.78 818.33 932.38 787.88
480.01 609.92 694.08 1232.18 1410.99 1182.8
107.19 109.65 111.24 121.42 124.82 120.52
625.36 855.2 1163.74 1893.65 1866.95 1306.4
349.2 459.7 610.9 992.48 1113.21 777.03
717.71 1020.36 1540.33 2369.7 2115.34 1252.44
103.44 118.67 106.83 533.31 205.94 140.91
583.6 824.02 1099.81 2588.19 1890.06 1227.4
498.24 641.89 749.31 1312.26 1457.43 1194.63
360.07 565.42 429.46 2814.79 1198.35 805.63
589.98 751.5 861.7 1607.09 1660.6 1396.76
514.99 678.91 862.5 1511.24 1678.3 1227.86
284.97 445.33 362.89 3211.76 1161.44 737.11
731.83 1040.09 1418.86 2312.46 2070.22 1391.3
313.86 392.76 465.56 763.36 827.05 667.62
540.24 694.39 782.77 1836.16 1585.1 1307.05
237.84 281.23 313.08 486.34 532.75 465.89
871.71 1255.92 1852.15 2832.61 3131.63 2036.91
388.44 522.33 552.49 2193.05 1344.18 1011.32
917.49 1333.78 1947.29 3025.96 3237.0 2130.23
641.86 829.84 1006.66 1688.82 1876.07 1524.44
224.29 389.61 285.77 3257.87 1162.31 663.13
885.66 1295.74 1883.05 2818.74 2593.87 1714.41
431.27 580.92 600.07 2221.4 1338.79 1031.52
306.01 401.8 409.95 1614.56 943.09 719.5
349.59 489.37 516.02 2583.76 1229.79 860.13
533.93 731.81 837.01 2154.8 1645.21 1215.53
592.84 750.23 861.96 1561.08 1663.18 1413.83
461.26 634.67 654.4 2466.94 1542.11 1160.46
897.13 1284.14 1764.91 2862.35 2558.51 1719.21
309.96 449.91 424.6 2818.34 1163.24 812.38
595.6 811.63 1107.46 1732.19 2009.15 1433.12
474.31 615.45 739.72 1378.28 1469.8 1139.09
780.4 1068.31 1448.24 2305.67 2669.99 1927.66
409.99 518.92 578.42 1226.67 1131.82 942.16
498.45 659.19 826.21 1564.76 1635.51 1193.17
306.71 446.29 430.24 3080.85 1241.35 832.65
438.59 619.87 715.67 2750.88 1548.75 1057.96
471.2 617.47 680.7 1686.35 1462.36 1171.07
283.52 387.9 480.85 1188.29 822.52 555.8
583.48 742.05 850.56 1628.32 1646.87 1390.27
385.24 519.8 518.11 1897.27 1170.31 866.29
573.49 779.5 1025.85 1697.9 1838.39 1334.62
680.97 945.1 1306.6 2098.35 2068.25 1449.14
941.16 1382.42 2042.82 3184.29 3375.7 2179.69
314.98 407.41 422.43 1446.55 950.38 732.62
359.72 478.04 500.18 1612.05 1165.63 888.12
124.79 132.84 137.49 175.48 184.2 168.78
510.15 770.89 1011.39 2689.12 1740.65 1098.19
363.39 455.49 498.67 1130.06 1040.58 847.19
794.65 1128.55 1621.39 2544.37 2452.16 1650.03
240.89 303.54 306.86 909.08 586.06 464.86
326.69 457.01 436.95 1904.12 1019.49 753.49
429.56 533.29 609.44 1023.69 1134.64 974.78
380.64 520.67 496.34 2058.52 1161.49 849.93
731.17 1002.86 1313.24 2184.51 1893.57 1385.81
576.7 736.49 880.72 1494.71 1595.4 1313.64
665.63 911.12 1211.48 2120.73 1987.09 1450.14
439.89 626.53 588.53 2253.57 1426.84 1072.53
307.26 517.35 490.58 3906.93 1334.19 695.79
376.74 595.74 757.3 3807.95 1552.35 821.72
625.52 859.56 1118.74 1883.31 1663.12 1209.35
323.01 399.91 450.71 829.63 862.99 706.62
395.78 491.91 547.37 1000.74 1104.73 920.79
227.26 389.57 271.27 2839.96 954.38 564.38
263.03 318.72 354.64 585.47 662.55 564.89
554.66 713.78 804.32 1840.15 1607.89 1328.27
565.16 723.33 826.2 1698.07 1617.79 1343.35
573.97 733.86 829.28 1697.12 1636.36 1369.11
578.31 796.42 1059.09 2128.76 1728.85 1161.33
207.91 384.14 275.0 3942.51 1281.54 664.07
384.14 536.46 513.0 2283.07 1201.71 843.01
212.58 249.17 270.28 442.84 482.42 412.41
383.32 497.73 600.26 1341.44 1075.72 820.16
298.94 363.59 400.89 705.83 775.77 652.05
161.02 181.87 195.31 281.71 310.55 274.0
798.24 1126.88 1566.38 2408.26 2336.6 1648.87
290.64 434.83 377.64 2547.54 1081.41 730.68
505.45 647.97 736.03 1357.71 1499.98 1247.17
405.79 559.62 565.44 2285.34 1378.35 1025.26
877.99 1269.24 1840.34 2874.03 2949.34 1957.87
315.23 418.84 571.35 854.19 830.47 583.87
263.41 419.0 321.63 3029.3 1074.34 666.9
597.48 837.59 1145.83 1863.28 1748.87 1221.63
487.86 661.46 810.74 1713.82 1490.52 1110.07
883.77 1299.64 1906.57 2879.46 2785.29 1874.88
416.84 548.43 687.87 1151.59 1268.43 965.63
343.03 539.0 633.26 3781.28 1648.29 954.87
511.91 722.21 682.68 2825.5 1541.02 1139.87
791.86 1123.48 1544.44 2506.67 2059.83 1332.5
795.44 1181.14 1661.55 3308.59 2021.94 1193.17
598.72 769.04 918.4 1540.88 1671.15 1386.44
587.64 749.72 853.57 1630.41 1660.58 1400.57
349.27 575.97 401.48 4090.01 1271.95 717.9
654.24 901.37 1195.98 2265.67 2108.77 1445.81
958.61 1448.21 2197.73 3265.16 3090.53 1984.95
697.49 1000.16 1415.4 2203.13 2167.7 1501.63
584.44 782.07 980.74 1630.97 1730.42 1346.62
421.73 541.36 592.47 1484.57 1190.5 975.11
688.76 984.18 1473.53 2421.24 2704.05 1648.76
159.73 241.9 201.45 2309.28 706.2 414.98
461.35 588.99 698.94 1237.4 1314.02 1041.96
326.9 429.4 493.8 1225.79 890.59 663.17
491.76 653.41 702.99 2067.79 1527.67 1205.09
540.42 700.33 838.97 1454.45 1602.05 1287.48
271.99 337.95 406.74 670.47 697.5 535.96
756.83 1037.52 1401.11 2252.04 2313.21 1669.85
200.01 232.51 251.26 404.55 439.71 377.52
505.7 738.5 829.21 2610.24 1550.0 1040.75
289.7 399.35 456.95 1443.65 881.12 595.38
139.73 315.8 171.62 4254.8 1201.98 532.54
317.49 399.68 475.18 777.38 847.27 686.1
499.74 652.32 801.35 1387.66 1474.51 1137.9
787.61 1109.0 1504.32 2480.59 1988.66 1365.4
455.23 592.66 750.14 1202.08 1248.27 974.55
732.35 1037.54 1521.7 2405.28 2192.94 1366.99
419.27 536.86 647.05 1142.44 1264.75 974.68
668.18 943.17 1302.19 2033.97 1944.11 1355.93
712.77 1040.45 1306.68 2929.59 1988.87 1285.68
349.71 476.89 466.85 2043.95 1156.09 843.19
226.44 279.44 346.48 509.93 523.94 404.63
637.09 872.48 1143.05 1845.04 1900.43 1419.1
402.23 598.57 514.27 3136.06 1347.95 900.72
473.97 630.09 758.87 1517.12 1297.62 981.89
953.88 1372.14 2017.96 3100.69 3665.05 2416.35
524.55 704.51 897.98 1489.49 1677.39 1280.07
234.22 372.35 302.34 2894.37 963.27 569.87
495.65 635.24 739.37 1303.04 1470.11 1205.65
749.33 1090.22 1563.45 3386.59 2335.31 1354.86
113.8 126.46 119.37 359.8 183.32 149.1
284.55 347.59 388.25 649.55 736.8 626.25
288.53 355.72 394.63 730.65 767.08 643.07
382.94 521.33 663.89 1267.23 1056.9 752.74
809.18 1121.7 1548.79 2490.81 2850.95 2010.65
156.33 174.06 187.08 257.88 276.84 249.52
498.41 636.15 730.81 1294.03 1472.64 1225.17
225.32 354.59 308.49 3240.95 1107.32 674.32
282.43 422.67 477.53 2283.23 1006.71 587.58
447.7 634.68 585.51 2584.79 1333.73 971.5
387.44 522.69 595.06 1987.0 1290.21 921.79
475.56 602.16 681.76 1423.01 1334.5 1117.6
502.65 640.46 729.47 1302.8 1489.78 1247.53
316.34 539.7 597.81 4430.29 1668.05 850.69
231.67 436.55 209.38 4266.68 943.17 378.86
449.15 571.24 658.49 1187.41 1271.31 1030.25
568.41 756.57 996.99 1657.49 1846.33 1335.74
897.29 1280.3 1856.08 2874.56 3391.96 2269.89
316.51 481.23 465.47 2919.38 1350.6 854.45
234.83 342.01 296.05 2129.26 858.73 575.6
800.19 1158.32 1602.66 2999.18 2773.26 1846.49
607.08 782.17 938.52 1583.01 1704.44 1392.21
648.02 936.14 1137.24 3019.63 1762.77 1171.67
498.92 635.18 723.07 1287.87 1476.47 1237.51
420.62 567.14 590.88 2029.6 1367.41 1056.0
743.92 1068.99 1521.18 2327.75 2205.52 1486.8
299.57 367.73 411.7 694.25 788.6 669.06
544.41 763.67 1090.77 1681.55 1665.96 1101.98
388.2 668.1 517.2 4785.08 1347.85 664.68
549.89 698.69 809.52 1474.38 1531.28 1285.39
468.13 606.97 675.3 1581.97 1454.01 1177.07
356.82 504.92 660.39 1603.39 953.7 587.35
485.84 617.63 702.63 1248.91 1431.32 1200.21
534.19 690.36 820.51 1428.55 1583.57 1281.42
280.5 385.57 420.13 1408.81 819.84 579.43
544.24 771.11 1103.09 1695.2 1815.23 1211.12
538.51 698.16 832.39 1461.01 1624.01 1300.44
164.66 365.79 188.81 4354.99 1246.19 588.52
877.87 1244.07 1781.05 2862.49 2309.11 1486.93
307.72 631.44 247.63 5714.91 1228.14 481.27
435.98 560.73 622.39 1366.22 1307.23 1072.93
708.84 946.44 1233.13 2070.24 2135.13 1569.45
305.5 372.29 410.82 725.82 798.06 670.27
267.39 340.65 425.69 658.05 572.56 434.56
926.87 1348.57 2059.4 3387.93 3794.83 2273.5
107.99 110.59 112.09 124.34 127.15 122.18
181.54 207.21 226.05 328.54 355.99 316.44
445.0 590.73 773.02 1283.42 1321.3 942.59
237.49 293.78 357.03 542.95 602.93 471.71
348.39 592.52 369.48 4033.98 1213.24 664.83
711.44 986.01 1290.41 2148.52 2065.95 1490.65
487.87 671.99 945.79 1486.87 1191.87 774.99
456.11 590.46 705.2 1246.88 1236.02 973.03
388.27 527.28 509.9 2002.52 1179.63 873.16
191.19 335.0 242.89 3407.44 1030.98 542.17
660.51 863.57 1086.46 1802.34 1876.85 1466.82
336.82 636.15 317.64 5119.41 1272.9 593.71
413.07 610.85 623.85 3326.33 1587.98 1055.9
358.73 491.81 540.38 2250.68 1254.33 877.92
741.26 1066.59 1513.65 2316.47 2167.03 1464.26
766.07 1066.87 1448.07 2323.78 2570.35 1872.62
118.39 187.08 124.48 1570.62 485.18 258.45
268.93 323.83 355.5 614.44 673.83 568.78
624.37 869.82 1227.98 1962.67 1589.59 1036.47
264.63 339.94 393.35 917.08 736.76 562.09
403.08 506.61 573.38 1002.5 1145.79 964.24
552.34 707.19 798.59 1752.11 1581.73 1321.18
270.82 342.12 359.41 1039.79 713.1 573.59
463.22 593.2 701.7 1240.34 1370.52 1089.64
657.26 901.61 1231.03 2005.1 1973.71 1376.39
148.77 341.09 140.58 4887.7 1104.73 494.42
431.81 545.15 618.25 1088.05 1244.92 1046.16
764.71 1104.5 1552.19 2527.0 1850.9 1168.09
143.39 248.57 169.67 3425.15 889.93 448.5
348.39 481.84 459.42 2179.34 1178.62 841.8
347.79 428.33 474.79 854.61 941.73 787.63
527.56 694.71 860.63 1453.95 1585.46 1236.17
569.26 770.7 1006.61 1678.93 1774.78 1300.32
338.64 498.4 468.19 3300.0 1294.47 862.02
142.02 273.99 134.15 3324.77 757.21 352.56
306.98 428.14 409.43 1952.65 1080.88 765.95
534.5 698.28 763.09 1995.83 1586.09 1281.09
345.75 557.54 654.49 3806.87 1499.16 816.96
447.82 572.4 684.02 1214.75 1260.33 990.66
357.13 530.49 437.17 2913.28 1172.4 760.46
549.78 765.38 1056.7 1656.0 1571.75 1036.69
483.46 681.03 955.93 1480.59 1637.48 1135.29
640.72 826.85 1007.54 1711.4 1795.64 1450.72
391.54 524.61 552.83 2366.34 1304.88 976.39
272.33 346.99 426.49 677.07 653.48 494.47
525.05 690.23 749.14 2036.27 1563.54 1263.34
174.52 426.14 163.07 4830.96 1137.99 498.07
278.26 412.31 370.75 2660.68 1132.7 727.45
230.59 375.52 326.75 2612.67 1092.31 672.71
571.04 751.38 909.91 1573.3 1638.18 1292.21
843.91 1208.82 1795.43 2936.94 2789.29 1658.76
770.12 1084.44 1533.8 2402.66 2673.49 1824.69
341.83 430.13 485.65 950.33 944.12 763.81
441.0 557.13 639.43 1157.23 1237.7 1009.59
524.61 753.3 1060.12 1798.56 1842.08 1249.2
557.06 705.11 806.75 1528.53 1564.38 1323.64
144.29 168.02 169.87 539.8 303.76 241.73
345.67 429.59 483.71 831.55 947.7 800.54
244.1 368.3 302.86 2374.84 876.65 570.62
550.89 730.78 923.85 1612.26 1641.06 1237.85
329.55 463.38 433.25 2322.02 1147.23 801.65
146.45 161.54 170.25 241.45 257.78 228.89
484.73 616.14 700.9 1245.61 1427.5 1197.04
345.07 482.36 438.6 2185.43 1074.51 749.98
477.25 671.49 947.24 1413.89 1330.89 899.41
294.12 370.66 456.0 759.4 837.44 627.71
196.04 329.62 261.07 3390.65 1111.54 602.93
506.84 669.99 851.4 1454.83 1649.95 1228.11
361.37 446.31 495.32 895.94 987.83 825.29
411.2 512.34 570.69 1047.7 1157.11 963.58
413.85 581.96 652.5 2414.15 1398.06 964.18
491.62 614.88 705.37 1197.63 1329.47 1139.51
705.77 979.13 1364.83 2297.8 2591.81 1739.4
355.56 438.61 486.53 878.25 968.09 809.17
900.01 1320.33 1884.79 3070.14 2177.98 1324.77
319.55 390.9 432.06 768.59 845.77 709.24
178.28 202.92 221.01 319.4 345.76 307.79
474.57 615.36 685.78 1553.31 1463.83 1189.71
106.8 109.01 110.29 120.71 123.1 118.87
126.58 134.94 141.09 174.5 183.44 170.55
568.69 757.16 948.85 1600.6 1760.04 1360.45
668.23 953.54 1388.91 2142.66 2104.13 1360.01
488.51 687.64 657.86 2914.36 1504.64 1092.82
472.88 608.41 717.58 1276.94 1313.02 1040.53
650.47 845.9 1029.22 1731.31 1846.05 1484.13
640.35 875.9 1168.12 1904.12 1989.05 1440.37
123.91 152.61 131.48 587.42 254.34 184.41
435.34 612.31 816.65 1476.82 1182.33 780.56
420.97 535.39 632.24 1124.33 1203.61 949.22
834.63 1208.92 1840.18 3025.16 3382.17 2027.85
346.98 427.25 473.56 852.14 938.97 785.38
860.03 1259.06 1825.26 2863.09 3171.29 2145.43
395.03 490.92 546.24 998.46 1102.19 918.71
571.95 788.1 1075.52 1986.78 1695.87 1124.92
925.54 1324.58 1957.51 3212.67 3066.38 1847.23
541.01 683.42 796.76 1356.73 1494.23 1259.13
362.98 488.76 658.73 1013.42 1094.68 775.4
366.08 478.53 619.38 1013.07 1041.98 749.49
358.61 492.44 692.4 1037.44 1057.65 712.2
347.48 491.85 481.66 3173.92 1332.39 917.19
513.8 670.1 740.27 2029.17 1565.35 1252.37
660.65 881.01 1169.45 1884.68 1873.77 1374.51
325.17 507.74 379.7 3327.17 1134.44 667.74
139.5 325.34 200.05 3897.28 1153.94 545.55
377.35 562.99 497.56 3344.4 1414.66 937.22
223.19 265.27 292.41 466.84 525.08 451.28
443.16 566.73 679.53 1203.0 1243.55 974.41
353.67 433.51 492.13 810.98 896.38 773.33
168.21 191.51 206.54 303.11 335.36 294.5
440.97 582.18 717.52 1449.8 1309.45 987.58
301.73 367.29 405.12 714.33 785.25 659.8
418.3 639.61 794.69 3299.82 1686.76 988.62
224.08 264.4 287.67 477.85 521.47 444.31
457.5 584.49 694.41 1229.92 1305.58 1032.46
397.76 660.57 625.9 3846.79 1555.31 918.14
438.99 653.01 665.0 3388.87 1533.35 991.72
833.66 1159.71 1613.82 2610.39 2202.25 1498.45
272.35 487.27 394.26 3990.14 1223.19 645.79
591.86 748.52 867.76 1486.07 1655.04 1406.13
563.17 801.57 1067.38 2560.4 1824.57 1166.47
624.2 854.87 1105.7 1865.32 1777.48 1283.9
345.25 434.44 479.81 957.85 959.53 796.17
514.06 670.09 784.09 1483.44 1550.28 1244.65
236.5 408.97 276.73 3886.56 1095.77 611.27
197.39 230.66 252.11 390.01 436.05 377.71
450.07 611.4 637.67 2241.47 1462.83 1116.2
499.42 661.47 861.99 1405.63 1430.55 1054.06
455.9 577.47 655.87 1159.77 1328.03 1114.84
416.08 535.36 593.13 1388.12 1246.79 1020.15
814.63 1175.15 1657.77 2972.47 2562.08 1704.35
388.87 487.54 551.17 960.16 1096.73 923.7
276.5 348.73 368.45 1082.61 800.1 623.48
527.03 694.28 872.72 1482.14 1685.11 1273.73
383.75 485.95 575.76 1002.11 1058.35 838.56
510.2 795.73 1016.16 3736.62 1502.35 833.67
962.0 1398.0 2014.0 3173.0 2939.0 1816.0
69.0 191.5 59.0 4653.5 930.0 346.0
134.0 394.5 95.5 5146.0 1087.0 409.5
969.0 1403.0 2079.0 3181.0 3518.0 2279.0
155.0 368.0 123.0 5163.0 1156.0 447.0
89.8 263.8 87.2 4769.8 1060.5 381.0
971.0 1390.0 2115.5 3245.0 2879.5 1707.0
122.0 299.0 89.0 4632.0 914.0 354.0
72.0 203.8 71.8 4231.5 957.5 341.5
907.5 1325.5 2047.5 3151.5 2757.0 1579.5
948.0 1357.0 1978.0 3155.0 2462.0 1531.0
56.8 180.8 53.0 4412.8 873.5 325.0
119.5 322.5 80.5 4825.8 970.8 371.8
948.0 1376.0 2046.0 3146.0 2970.0 1921.0
911.0 1341.0 1922.0 3127.8 2196.5 1320.8
985.0 1493.5 2276.8 3372.5 3183.8 2033.8
76.2 218.5 55.5 4643.8 764.8 282.8
962.5 1390.0 1954.5 3151.5 2480.0 1527.0
959.5 1435.2 2145.2 3160.2 2832.8 1787.8
88.5 243.0 63.5 4918.0 903.5 321.0
978.0 1422.0 2105.0 3266.0 3199.0 2037.0
79.2 209.2 66.0 4931.0 970.2 374.0
222.2 574.0 104.8 5481.0 1198.8 463.2
992.0 1434.0 2127.0 3253.0 3849.0 2515.0
980.5 1432.2 2016.0 3245.2 2807.8 1800.2
966.0 1422.0 2112.0 3259.5 3477.0 2237.5
109.2 304.0 68.8 5231.2 1052.0 412.0
978.0 1434.0 2220.0 3640.0 4073.0 2397.0
81.5 229.5 75.0 4588.5 1023.0 369.5
937.0 1353.0 2081.0 3198.0 2826.0 1629.0
924.0 1316.0 1970.0 3207.0 2671.0 1584.0
102.5 315.2 89.5 4914.0 1200.8 467.0
980.0 1467.0 2194.0 3388.8 3736.5 2446.5
955.0 1376.0 2056.0 3368.0 3193.0 1885.0
977.5 1462.0 2197.0 3231.5 2940.0 1846.5
939.0 1381.8 2053.5 3176.2 3230.8 2074.0
265.0 540.0 222.0 5608.0 1151.0 427.0
83.0 265.0 84.5 4714.5 1156.5 420.5
245.0 494.0 207.0 5231.5 1090.0 397.0
304.0 635.0 236.5 5868.5 1229.5 464.5
138.0 335.0 114.0 4964.0 1063.0 407.0
53.8 244.8 74.8 4340.2 1057.2 381.2
420.0 524.0 584.0 1074.5 1187.0 988.0
504.0 642.0 731.0 1303.0 1494.0 1252.0
602.0 760.0 876.0 1507.0 1676.0 1432.5
100.0 100.0 100.0 100.0 100.0 100.0
