104.37 127.02 101.61 659.31 210.74 135.3
575.42 774.29 930.17 2204.28 2470.14 2238.91
835.96 1218.95 1727.75 3388.09 2294.88 1390.01
144.25 259.91 189.27 2370.93 716.73 344.69
195.25 362.96 230.88 3958.46 1125.86 655.24
532.29 807.48 1013.16 3262.34 1589.63 910.27
550.06 748.56 874.26 2541.55 2339.57 2062.49
197.31 416.18 216.65 4966.64 1243.7 549.55
590.87 868.41 1098.96 3079.59 2032.79 1454.24
766.29 1150.66 1702.73 3672.07 3357.64 1990.4
243.41 368.38 369.54 2729.0 1222.39 862.12
129.39 243.23 112.29 2805.79 664.35 285.45
348.78 493.68 642.19 1488.03 1009.45 619.71
396.5 606.18 652.04 2840.09 1628.99 1221.61
205.4 393.3 341.42 4011.32 1193.95 536.18
130.15 240.14 165.34 3651.25 957.63 508.36
605.92 861.1 1088.5 3022.57 2570.47 2040.5
463.58 626.59 754.84 2390.68 1888.33 1651.38
255.29 538.76 388.23 4870.52 1346.76 597.53
454.42 748.5 820.83 3937.54 2038.94 1324.38
613.56 841.82 1005.78 2792.39 2486.66 2196.54
104.76 143.09 97.62 1081.36 276.26 155.0
680.17 1078.32 1535.9 3826.03 2498.67 1488.58
307.93 471.08 493.71 3566.3 1601.37 1192.41
493.02 720.14 784.7 3065.12 2170.54 1823.87
101.23 127.25 95.83 785.44 227.17 141.68
338.39 599.54 473.27 4585.14 1363.12 640.57
265.44 621.42 227.38 5334.01 1297.12 533.64
431.14 661.55 602.14 3820.86 1843.71 1380.17
117.34 316.95 126.63 4482.91 1138.76 460.07
432.54 578.97 697.84 1958.59 1663.35 1490.59
365.64 592.1 764.58 3986.55 1558.59 782.54
172.53 386.2 160.51 5063.37 1205.59 506.63
318.3 401.25 490.01 986.9 1191.51 1098.58
625.6 873.37 1107.57 2826.28 2339.69 1911.7
94.07 131.14 90.31 1477.53 348.13 178.13
605.34 855.85 1167.58 2239.27 2100.74 1637.35
513.45 818.71 1097.49 3791.34 1970.44 1045.62
434.53 648.55 678.02 3634.12 1981.52 1582.95
183.29 358.13 206.92 4115.9 1102.85 568.52
104.75 249.96 94.18 4514.02 901.7 369.11
429.67 660.48 598.79 3836.62 1837.59 1371.77
327.87 478.87 525.03 3153.03 1718.95 1353.43
502.42 713.7 765.25 3054.08 2140.91 1789.14
490.09 779.83 984.61 3457.49 1696.69 962.69
128.53 331.71 230.07 4163.35 1216.01 531.9
443.92 672.97 623.35 3258.99 1674.92 1295.32
261.11 451.06 400.83 3896.21 1628.28 1059.79
234.88 588.12 137.53 5441.44 1228.63 486.39
357.74 604.83 522.5 3964.55 1727.24 1245.35
321.96 556.63 611.19 4334.87 1508.7 715.8
353.62 665.13 402.24 4480.51 1639.0 1063.83
349.43 581.36 628.02 3848.89 1422.24 698.99
431.68 624.88 641.39 2444.76 1842.22 1558.43
248.67 485.99 357.55 4927.61 1356.05 588.59
230.17 572.4 137.8 5277.48 1191.94 471.19
369.35 556.59 560.31 3480.29 1855.71 1456.06
615.86 836.49 1016.75 2625.38 2461.03 2212.61
398.36 557.93 637.16 3079.76 1949.8 1606.19
454.11 750.27 605.16 4496.35 1790.1 1202.3
315.23 489.24 591.18 3143.26 1387.18 866.36
155.54 202.79 202.95 1223.31 535.44 399.95
101.03 188.96 95.66 2089.92 555.03 251.7
115.64 278.44 84.36 3889.95 798.36 317.98
480.86 705.67 957.28 2118.92 1520.87 914.19
422.57 762.74 612.26 4554.1 1698.61 972.0
280.68 478.67 491.32 3519.27 1300.61 702.6
355.38 684.71 406.94 5355.22 1326.47 570.38
106.9 253.06 76.59 3949.99 814.3 334.1
130.85 261.03 198.51 3533.7 959.61 406.13
734.93 1097.41 1629.46 3523.71 2366.45 1314.32
258.37 458.29 498.15 3626.07 1515.5 739.37
131.83 351.25 152.19 4843.73 1258.27 521.16
346.15 610.15 640.61 4541.87 1655.27 938.24
238.75 399.44 326.21 3450.75 1215.6 806.89
123.63 316.81 99.08 5072.76 1066.51 442.73
268.86 440.52 361.55 2900.38 862.11 429.8
83.58 213.19 73.99 4873.12 975.1 386.11
293.11 506.39 546.13 4314.39 1495.29 811.5
457.96 630.22 737.99 2746.53 2103.8 1809.27
581.74 927.02 1176.06 4129.1 2045.86 1103.57
702.67 1036.26 1428.01 3211.17 2871.03 2065.39
450.93 776.23 687.34 4538.5 1383.41 664.13
534.63 816.89 792.63 3476.4 2194.49 1795.78
79.49 160.53 72.88 3112.37 649.09 262.74
753.0 1186.25 1614.68 4092.84 2528.77 1516.04
92.05 227.69 90.02 3740.23 848.73 319.05
287.93 551.98 327.07 5123.66 1211.47 491.95
57.22 180.01 53.46 4370.59 865.93 322.8
91.42 237.81 89.23 4028.74 908.08 336.41
181.87 440.25 186.65 4908.21 1226.52 588.84
410.12 653.73 780.99 3443.51 1881.67 1261.5
944.71 1420.06 2107.31 3447.74 3623.06 2361.41
288.07 429.15 454.42 3147.11 1552.68 1184.4
442.03 704.66 736.77 3747.91 1968.34 1394.46
732.03 1062.52 1481.59 3116.05 2801.21 2002.29
93.88 198.35 92.31 2903.88 676.71 268.72
692.11 1091.73 1363.06 3943.33 2341.96 1406.52
127.29 268.74 110.05 3592.6 791.48 320.44
238.39 400.08 337.72 3955.82 1295.7 846.61
363.6 661.15 645.75 4314.11 1612.47 901.87
99.09 232.12 101.69 4846.49 1026.93 443.55
364.72 510.33 586.86 2797.77 1770.01 1436.37
141.35 400.63 109.69 5095.28 1110.34 440.55
324.82 639.62 305.79 5408.62 1257.33 541.82
114.29 251.38 186.47 4026.06 950.01 407.82
415.34 605.56 697.29 3220.58 1933.15 1491.11
95.87 120.56 92.28 888.29 215.33 131.71
324.93 500.95 531.44 2799.72 1595.09 1221.71
212.14 303.37 313.32 2089.45 964.25 725.69
665.54 1024.58 1330.03 4171.55 2149.36 1143.43
299.96 524.72 522.31 3909.32 1727.51 1008.63
233.76 411.64 271.24 3477.23 913.67 398.55
203.81 393.85 357.36 4439.04 1179.83 586.82
492.71 805.0 847.48 4529.95 1920.7 1040.9
408.52 533.04 656.76 1633.49 1725.23 1547.37
352.46 533.45 560.83 3249.32 1895.75 1444.79
422.76 629.0 604.13 3308.19 1778.73 1383.4
296.83 403.08 467.94 1701.65 1171.85 952.68
411.48 689.22 749.26 4560.16 1697.71 843.03
937.21 1410.0 2086.59 3480.81 3602.67 2342.8
95.71 141.6 96.09 1263.41 366.37 180.8
600.7 798.76 1004.92 2260.47 2503.68 2273.05
193.99 346.07 233.77 3524.12 1026.23 611.11
96.12 222.99 107.21 4550.95 1007.78 440.52
253.83 488.83 236.23 4850.09 1095.5 457.41
58.54 229.95 77.38 3905.46 959.06 352.37
171.36 376.81 102.8 3242.45 741.69 312.11
325.78 524.5 539.76 3308.72 1787.02 1329.31
61.62 220.28 79.07 3622.2 895.11 333.58
730.0 1097.27 1579.56 3469.16 2672.33 1659.64
160.11 373.28 132.84 5136.56 1170.84 466.51
157.82 246.44 149.02 1850.42 455.88 226.67
331.53 519.68 520.32 3624.25 1746.87 1274.47
658.14 869.92 1101.69 2108.04 2668.89 2474.38
616.83 898.69 1263.73 3352.07 2197.12 1405.48
749.76 1113.25 1677.68 3385.37 2407.76 1346.89
164.83 420.21 155.03 4933.31 1184.89 539.71
252.89 401.09 385.79 3845.89 1473.36 1013.24
274.02 451.72 478.93 3573.88 1074.22 534.5
100.78 167.1 96.73 1601.0 443.23 214.43
235.5 385.79 346.62 4161.81 1429.46 943.45
403.56 616.07 685.43 3442.15 2026.62 1484.86
187.9 330.51 293.83 3404.47 968.53 474.3
535.91 773.19 862.32 3040.82 2240.01 1911.59
774.35 1126.07 1636.32 2748.3 2518.34 1598.03
452.18 622.25 734.98 2665.45 2129.18 1809.81
521.06 700.47 846.17 2358.07 2289.44 2043.39
380.12 564.77 627.45 2873.59 1963.54 1580.26
136.94 280.01 115.45 3500.69 809.29 333.07
237.65 379.46 375.89 3638.98 1263.08 791.2
554.75 863.57 1207.75 3716.18 2589.22 1428.64
310.41 518.37 613.77 3969.89 1467.2 703.62
817.46 1200.14 1836.3 3301.0 3413.12 2000.23
459.42 727.53 860.22 3871.04 1926.81 1179.51
772.86 1182.2 1563.38 3732.8 2902.34 1801.49
450.83 703.64 639.05 3360.03 2021.72 1612.59
220.73 407.72 388.23 4417.87 1106.36 512.83
176.52 394.84 173.35 5108.5 1191.45 476.42
796.03 1167.13 1696.38 2925.1 2840.09 2058.95
101.23 127.17 95.85 783.33 226.78 141.55
174.47 328.95 197.98 3400.43 971.26 558.45
246.97 445.43 495.84 4168.8 1300.34 639.27
81.34 197.96 69.5 4433.68 880.62 345.79
932.05 1359.8 2001.59 3336.13 3084.31 1951.53
382.43 645.58 644.1 4327.42 1478.93 737.03
331.81 560.32 403.42 4285.8 1395.62 847.45
325.41 576.75 423.28 4537.74 1186.95 517.95
134.26 394.29 96.21 5135.09 1086.11 409.95
118.36 266.09 90.82 3882.4 779.36 311.99
895.23 1324.18 1952.16 3258.33 3118.95 1986.75
790.18 1210.95 1799.27 3285.53 2638.98 1648.92
230.03 375.76 349.21 3529.03 1439.83 952.97
530.34 811.62 1096.87 3058.9 2081.34 1395.34
156.86 251.63 142.04 1998.09 462.18 212.69
83.86 180.34 69.83 3180.53 550.71 223.93
521.12 884.83 846.57 4950.61 1816.31 955.56
514.09 718.99 899.78 2875.47 2098.74 1673.75
443.22 633.88 742.39 2667.48 1792.56 1438.64
96.85 139.15 90.01 1418.96 319.96 160.5
82.08 230.02 76.03 4582.27 1023.73 371.24
407.15 650.5 755.64 3523.03 1554.27 868.71
182.95 414.99 371.53 4185.18 1320.46 586.08
158.16 345.85 218.01 4417.61 1351.21 679.53
538.29 758.86 961.8 2894.63 2245.47 1749.66
314.7 508.72 450.99 3849.05 1517.63 1079.2
100.08 100.95 99.92 120.14 103.71 101.16
483.64 770.96 939.33 4004.96 1876.92 1072.56
191.56 358.97 346.51 4198.34 1221.85 602.0
63.23 168.77 60.0 3770.53 758.31 291.49
85.94 173.79 77.02 3364.65 688.06 285.16
248.26 488.96 220.27 5017.31 1088.73 426.06
109.64 255.59 115.82 4495.72 873.81 409.03
100.17 114.22 99.31 418.21 172.76 124.26
93.92 213.66 116.0 4177.45 902.66 362.26
673.77 1006.46 1426.09 3616.31 2333.56 1429.63
236.21 470.11 200.51 4920.36 1029.97 378.99
227.53 423.7 386.78 4654.43 1214.81 539.36
795.05 1208.81 1640.4 3390.76 2553.61 1709.18
215.45 398.55 357.75 4179.95 1215.03 549.45
942.5 1365.01 1911.14 3192.48 2450.26 1502.35
309.67 520.81 515.1 3938.58 1543.07 931.24
64.69 250.76 91.93 4186.92 1054.7 405.2
282.32 482.46 388.2 4169.21 1508.02 980.33
95.73 153.13 86.44 1890.06 398.53 182.11
556.87 795.84 1150.25 2024.0 1702.94 1100.04
482.16 839.94 797.39 4267.36 1753.61 928.81
409.03 611.18 633.54 3523.72 1936.25 1541.27
223.08 377.23 338.66 3750.98 1386.55 871.27
97.95 132.89 97.43 1037.67 292.86 156.42
574.97 891.74 1189.74 3998.18 2027.18 1075.31
337.82 660.39 338.58 5499.34 1319.0 572.69
253.46 473.15 326.35 4663.35 1438.59 789.33
313.7 529.71 496.21 4055.67 1495.17 899.96
250.05 498.11 218.13 5185.21 1110.73 424.8
367.97 647.55 662.23 4563.68 1600.03 804.53
203.48 352.76 377.1 3470.82 1061.03 526.95
133.41 306.34 118.51 4411.45 919.7 373.51
210.68 406.96 287.98 3991.81 1380.25 809.94
102.03 106.48 104.55 194.8 130.0 114.49
618.39 984.48 1165.43 3688.98 2183.94 1439.87
83.29 131.26 81.82 1768.4 399.23 187.04
95.95 150.3 87.16 1794.78 382.64 177.74
200.16 306.81 273.33 2587.01 936.2 645.34
102.04 145.18 93.09 1236.44 310.85 169.1
219.09 367.48 281.93 3309.76 1126.77 738.48
418.56 715.52 829.81 4209.99 1961.42 1078.57
185.07 408.48 357.04 4092.17 1336.9 644.85
368.59 529.47 713.36 1854.78 1287.95 815.54
696.71 946.87 1226.21 2570.7 2766.86 2387.07
167.12 291.18 226.11 3246.01 1036.12 593.13
796.01 1067.18 1445.09 2321.32 2883.08 2509.48
462.54 691.02 912.09 2550.87 1225.3 699.54
433.03 647.21 670.63 3575.76 1939.96 1520.75
846.27 1272.74 1788.15 3569.38 2938.54 1838.95
416.06 709.9 722.02 4157.86 1783.56 1065.33
299.08 519.31 462.17 4014.66 1702.93 1112.63
115.07 271.93 84.93 3751.72 772.89 310.03
516.61 700.23 836.58 2473.53 2294.06 2021.4
188.18 259.78 246.76 1437.28 668.77 511.95
202.38 403.17 331.84 3864.08 1445.06 874.09
150.4 285.99 203.67 4345.73 1163.42 629.66
782.16 1159.47 1640.03 3501.07 2943.59 1854.37
236.89 328.68 333.63 1665.34 901.22 721.13
207.96 400.0 367.22 4422.49 1073.28 507.3
506.34 758.13 742.17 3435.47 1928.39 1523.48
631.57 966.51 1341.16 3817.07 2659.54 1715.24
242.68 387.43 319.74 2907.42 1108.32 735.32
100.83 109.52 99.17 302.18 137.25 111.63
153.58 345.45 152.38 4678.01 1044.1 415.17
578.11 863.04 1217.33 2651.37 2075.29 1286.44
518.55 839.12 970.54 4022.06 1709.52 928.38
666.87 1012.96 1359.81 4014.49 2459.36 1367.09
372.71 678.37 445.43 4335.23 1702.92 1151.05
670.31 1001.79 1227.08 3442.68 2354.92 1729.68
92.82 215.27 90.99 3386.34 775.94 297.75
92.16 224.07 89.25 4873.68 1006.71 419.15
755.93 1123.54 1640.85 3642.74 2437.95 1362.79
219.62 434.77 247.39 4828.95 1343.5 693.53
648.73 921.91 1241.83 2875.37 2661.14 1998.1
224.99 419.05 208.13 4041.05 923.98 393.5
702.04 1046.13 1495.95 3495.63 2391.38 1480.52
678.76 902.02 1142.01 2346.01 2685.05 2468.54
232.67 468.13 301.11 4982.56 1311.41 574.32
210.27 395.07 254.82 4273.35 1190.51 686.2
451.54 621.57 733.84 2668.79 2127.26 1807.31
319.74 634.31 304.15 5389.71 1244.0 524.6
175.98 310.74 250.37 4114.31 1259.14 749.25
98.46 119.2 95.1 746.77 207.86 129.67
318.0 586.04 390.97 5021.93 1278.25 541.47
153.39 268.86 217.3 3335.65 991.35 591.11
252.94 409.38 377.64 4192.97 1465.59 981.37
73.9 196.76 73.71 3951.21 899.32 325.12
679.01 957.37 1283.73 2990.22 2412.28 1795.44
593.55 951.96 1142.68 4701.14 2497.46 1334.78
88.1 162.46 80.55 2863.29 597.75 256.73
826.33 1241.61 1671.78 3882.79 3218.24 2021.25
422.54 604.16 758.08 2301.93 1619.04 1196.41
98.79 106.02 97.74 330.95 133.79 109.29
630.68 996.55 1148.83 3922.54 2597.63 1703.82
529.25 735.58 866.75 3028.22 2221.79 1918.26
791.87 1159.85 1676.34 3109.68 2544.12 1626.32
242.87 441.26 465.47 4649.4 1370.17 673.91
692.5 922.51 1160.33 2332.33 2707.53 2503.73
286.16 472.25 497.4 4308.22 1534.52 921.09
108.63 123.01 106.38 387.99 154.95 117.1
136.65 338.59 133.98 5167.95 1110.2 453.24
406.04 591.78 707.86 2972.88 1890.06 1405.35
449.18 612.26 736.27 2589.25 2097.32 1813.68
95.11 134.21 93.4 1285.57 343.8 171.18
289.14 549.26 294.64 5090.21 1197.52 533.81
810.5 1227.1 1796.14 3410.06 2514.42 1546.56
563.38 950.07 957.27 4407.41 1789.26 953.47
87.31 137.46 83.21 1964.45 439.85 200.73
97.74 136.36 97.16 1136.71 313.23 162.38
356.54 558.31 529.23 3760.42 1736.91 1275.21
546.65 853.8 1066.34 4058.82 1881.59 1080.75
526.99 842.48 1167.86 4013.02 2056.86 1189.87
646.52 987.12 1324.31 3794.98 2314.14 1385.27
576.12 895.76 1132.97 3838.16 1898.56 1040.89
312.07 532.33 351.27 3669.76 1209.38 746.53
496.05 729.28 744.69 2940.62 2184.45 1839.88
91.39 191.46 106.04 3097.21 752.23 297.34
379.43 537.24 603.27 3189.59 1891.68 1533.08
163.28 353.59 188.39 4170.73 950.19 403.96
135.17 267.15 230.46 2570.24 802.97 358.12
123.61 273.72 146.22 3327.77 917.27 396.81
91.47 182.79 92.22 2415.33 630.1 260.81
512.68 801.71 1024.52 3895.34 1961.26 1077.85
399.95 712.19 496.14 4340.48 1765.3 1221.37
180.44 345.78 206.26 3628.59 1035.04 593.77
318.18 486.86 491.95 3572.43 1553.54 1196.12
485.89 728.18 721.6 3008.82 2031.25 1682.69
293.59 452.34 473.81 2605.23 1481.07 1127.28
613.22 999.39 1049.89 4669.42 1950.92 1075.03
588.63 770.56 976.59 1983.08 2543.15 2340.94
103.96 187.9 86.56 2311.01 510.21 234.44
122.2 292.29 97.06 3394.65 744.44 302.08
352.0 470.64 528.41 1657.53 1371.62 1188.03
295.41 525.54 517.98 4360.69 1543.51 774.69
172.98 334.81 217.72 4476.09 1142.18 622.76
424.52 771.67 573.02 5267.67 1554.17 779.9
697.74 1061.6 1479.77 3693.07 2826.47 1860.24
94.65 166.58 83.01 2343.11 474.08 202.89
345.87 641.25 420.73 4791.29 1251.57 543.0
86.67 124.93 85.5 1430.49 338.62 169.41
391.31 607.42 765.58 3239.48 1439.1 754.41
173.7 364.89 191.58 4725.65 1217.56 647.54
244.6 359.49 302.49 1842.44 837.94 617.07
69.52 195.54 83.37 2897.63 731.55 285.53
225.27 398.4 276.37 3760.84 1232.09 727.86
98.22 128.61 97.76 915.6 267.75 149.08
666.96 876.12 1118.11 2062.41 2695.73 2507.33
73.4 178.51 64.82 4007.1 812.18 311.08
218.89 363.29 317.06 3157.91 1184.96 763.71
251.14 480.24 410.53 4661.89 1385.48 683.88
363.85 605.07 714.34 4171.98 1708.33 894.67
260.5 422.86 429.79 3981.31 1455.84 925.0
491.63 745.33 1040.56 2728.27 1590.86 950.23
120.34 302.2 150.51 4511.45 1258.95 562.45
476.2 725.87 981.35 2678.23 1738.41 1036.16
357.44 609.75 726.9 3746.71 1810.44 996.39
378.88 636.11 474.26 4619.16 1583.9 1009.86
684.95 1023.42 1441.08 3579.57 2883.96 1789.6
99.83 101.17 99.77 140.49 108.33 102.43
349.48 563.05 722.26 3888.85 1488.81 741.61
443.66 608.21 724.21 2579.42 2091.84 1779.55
292.96 459.37 439.39 2570.51 903.48 479.17
305.4 483.5 436.97 3586.97 1546.11 1130.39
209.81 415.71 285.31 4267.03 1497.11 880.65
508.37 809.27 986.62 3895.39 1542.04 827.44
221.01 423.5 280.21 4692.98 1364.79 802.93
491.22 783.67 825.07 4039.67 1655.64 940.13
139.56 274.01 188.42 4367.46 1125.08 579.18
669.23 1017.22 1334.66 3828.94 2143.28 1284.02
140.12 289.39 170.81 4360.74 973.08 523.97
494.22 816.32 754.03 4546.38 1846.97 1137.17
368.18 611.97 694.66 4056.46 1844.88 1035.75
747.24 1156.13 1625.94 3881.27 3018.94 1902.68
460.86 736.31 943.58 3658.59 1983.63 1136.52
92.86 149.95 90.36 1831.28 456.01 203.95
102.54 122.98 98.73 623.39 194.01 129.33
209.89 371.62 262.99 3396.67 1123.78 714.67
245.76 408.46 389.02 4226.0 1407.06 859.16
129.6 274.06 200.61 4263.95 1054.76 489.28
440.56 602.78 721.26 2629.31 2070.43 1780.98
387.58 598.83 575.06 3754.44 1855.48 1382.98
586.4 827.51 1067.3 2912.2 2458.43 1930.74
142.91 298.65 184.71 4357.92 1193.9 585.33
575.98 974.39 996.46 4437.9 1949.47 1086.97
229.29 419.5 203.79 3372.45 805.61 373.29
86.81 218.95 82.35 4904.95 989.0 392.61
545.92 768.14 1113.08 2074.26 1554.36 922.55
260.2 527.19 218.45 5447.69 1120.41 417.48
116.75 181.64 107.01 1642.31 421.68 205.7
490.44 680.73 808.03 3060.05 2138.51 1814.61
97.74 121.92 97.94 712.92 240.33 142.57
587.44 906.01 1231.04 3136.35 1885.32 1121.06
235.68 383.76 366.43 3710.62 1407.83 967.44
390.69 656.95 736.08 4405.49 1620.56 793.47
118.44 257.15 94.35 3640.22 739.62 300.82
819.51 1217.11 1747.2 3522.51 2837.3 1750.74
683.7 1053.88 1482.83 3511.91 2603.92 1585.78
444.24 685.78 780.2 3877.38 1904.65 1303.84
745.93 978.39 1264.61 2081.48 2867.71 2697.84
151.86 243.41 197.2 2404.38 795.41 471.43
803.05 1206.59 1760.33 3251.43 2529.84 1618.19
789.97 1210.31 1719.07 3582.24 2479.45 1505.26
412.48 593.9 655.06 3186.75 1812.41 1476.25
603.68 883.56 1236.27 2692.44 2362.38 1509.38
489.27 688.74 879.15 2616.22 1948.09 1559.45
228.25 455.92 366.87 4237.29 1331.39 624.95
322.0 532.55 577.59 3407.45 1361.81 737.16
484.36 780.04 892.05 4100.92 1649.87 821.65
720.85 1076.39 1517.65 3709.41 2318.76 1314.74
160.86 371.65 135.84 5068.1 1161.07 465.32
493.57 722.66 943.96 3508.41 2328.07 1611.89
782.85 1140.96 1712.02 3230.78 2437.43 1404.22
217.94 416.31 377.31 4732.03 1364.72 623.1
141.67 296.31 191.33 4344.77 927.77 438.62
803.52 1171.5 1731.31 3497.96 2529.95 1455.17
769.37 1206.44 1591.16 4046.39 2411.42 1419.43
485.66 777.78 1036.2 3986.36 1881.79 961.21
73.0 200.1 72.8 4084.41 926.97 332.9
78.39 249.1 118.89 3756.31 970.52 375.96
290.36 602.63 296.12 4580.34 1358.91 714.92
593.63 840.52 930.13 3230.62 2321.62 1975.11
316.51 562.44 553.46 4569.45 1456.88 680.01
267.84 515.42 255.5 5072.91 1169.57 502.72
769.54 1060.52 1456.97 2324.35 2775.79 2338.15
544.41 852.83 1163.19 3895.15 2058.51 1073.44
279.56 539.04 497.12 4580.71 1604.92 784.52
503.41 792.62 723.9 3676.7 2095.0 1662.63
327.2 658.39 299.39 5738.96 1291.79 525.19
314.51 643.66 262.59 5779.26 1265.89 511.34
376.83 569.5 776.71 2291.06 1241.95 734.74
338.12 600.77 626.21 4361.29 1466.35 706.86
81.84 153.62 75.98 2768.16 586.34 244.15
240.09 393.77 350.34 3785.16 1327.06 939.56
432.84 588.38 700.7 2189.56 1762.6 1522.53
249.1 435.68 401.1 3428.17 1343.25 784.92
153.95 373.28 215.15 4653.93 1266.73 526.98
89.65 151.51 80.66 2075.1 388.98 179.46
467.62 760.76 928.78 4040.0 1936.46 1031.12
618.16 959.99 1115.84 4149.73 1812.91 984.69
559.92 781.18 1027.21 2308.63 2162.9 1750.71
309.58 427.38 478.35 1872.32 1239.66 1022.06
228.63 579.58 122.78 5436.42 1212.15 477.55
846.14 1267.32 1844.32 3401.5 3159.05 1993.59
711.54 1066.72 1382.31 3853.45 2000.52 1149.57
632.0 902.14 1331.92 2394.86 1876.6 1105.37
303.14 481.24 432.7 3599.8 1538.35 1120.86
628.37 923.69 1237.43 3239.36 2311.2 1687.9
509.95 796.65 1000.88 3790.0 2185.98 1307.71
769.08 1135.55 1635.96 3710.37 2451.31 1403.58
852.65 1197.41 1643.43 2714.95 2569.04 1908.17
686.92 1035.3 1483.45 3584.21 2315.09 1296.37
871.41 1306.55 1876.49 3321.17 2665.44 1726.08
393.57 616.52 710.83 3075.63 1347.66 762.09
196.44 336.75 285.47 4093.81 1306.56 808.41
713.61 1065.71 1499.58 3661.34 2984.93 1859.0
198.95 406.28 286.59 4631.1 1220.96 573.08
734.15 1154.1 1640.24 3793.72 2542.4 1552.1
275.13 441.81 386.33 3131.1 1308.79 942.98
101.15 224.55 121.25 3774.82 969.48 425.71
87.39 226.87 75.68 4474.74 784.55 320.7
76.78 269.15 114.24 4265.45 1117.5 458.39
566.58 749.9 936.35 2116.03 2482.26 2255.94
856.16 1253.35 1886.38 3492.19 3640.22 2238.5
234.27 449.54 427.21 4501.76 1361.57 593.82
548.17 800.04 842.53 2999.49 2290.64 1952.95
244.9 358.35 444.56 2024.54 831.8 454.21
104.28 278.45 113.06 4688.52 1103.37 437.85
514.94 734.53 1034.94 2096.86 1722.56 1055.49
252.97 435.89 392.43 4272.19 1371.65 829.95
227.84 553.19 134.83 5037.21 1173.9 501.38
455.14 685.79 711.99 3284.64 2056.23 1674.66
172.46 256.05 229.43 2132.15 755.96 542.18
186.45 411.18 245.06 4693.05 1119.2 484.66
82.15 209.81 102.06 4272.81 931.66 396.5
812.68 1245.88 1757.32 4042.7 3444.3 1974.0
380.84 615.1 794.2 4264.72 2004.47 1065.58
356.35 602.11 588.01 2937.22 1339.45 756.46
568.18 830.97 1153.56 2204.31 1394.13 831.13
419.68 674.97 796.46 4036.9 1582.28 813.81
673.42 896.2 1203.47 2106.64 2710.66 2336.3
195.05 258.61 244.41 978.27 535.53 429.89
199.93 371.78 332.41 4690.57 1239.46 571.21
97.07 105.48 96.81 392.28 152.42 115.25
369.28 600.14 759.95 4307.8 1595.96 796.18
278.9 436.62 436.96 3460.18 1562.57 1097.37
810.4 1191.8 1693.33 3684.43 2483.65 1417.22
427.22 764.16 823.56 4440.63 1707.12 899.08
632.49 1030.87 1187.23 4079.3 1793.09 974.03
442.58 616.53 701.39 2545.61 1869.56 1601.48
335.91 541.2 491.06 3725.34 1651.52 1216.98
424.85 610.11 656.91 2838.15 1783.2 1452.72
118.7 277.56 127.0 4747.18 969.98 396.2
631.0 951.81 1331.58 3538.82 2241.72 1349.42
382.96 579.14 636.04 2171.39 1349.24 997.5
605.38 785.23 1007.69 1876.43 2586.69 2404.55
973.21 1427.59 2208.4 3646.88 4055.95 2385.83
744.39 1099.96 1532.3 3522.08 2154.7 1269.6
284.03 478.64 329.54 3767.41 1182.97 698.03
590.18 811.44 1018.89 2548.51 2427.2 2035.44
528.81 800.41 978.05 3646.65 2261.31 1604.36
270.39 542.26 235.79 5508.47 1168.26 458.51
468.97 653.32 748.53 2809.79 2163.48 1855.87
382.83 482.76 608.3 1085.33 1490.11 1390.57
603.7 915.22 1132.64 3302.69 1814.54 1077.8
564.09 894.99 1164.73 3745.68 1960.94 1120.79
230.29 411.04 405.28 4404.31 1262.27 603.31
69.66 196.19 80.75 4340.91 893.67 345.86
119.98 321.99 82.08 4797.82 967.21 371.16
285.08 471.8 548.6 4045.56 1352.63 683.2
313.0 425.22 488.48 1941.89 1406.36 1167.64
119.28 322.51 129.38 4566.55 1164.9 472.35
179.14 406.55 354.72 4191.71 1389.69 636.26
184.26 408.51 240.26 4705.46 1119.44 483.11
665.5 876.59 1115.81 2065.41 2691.09 2503.36
103.62 132.72 98.19 845.19 233.84 141.76
195.13 353.67 170.34 3275.47 705.92 288.52
824.44 1221.61 1760.47 3447.18 3350.38 2133.9
114.06 208.03 130.05 2757.58 736.8 354.57
194.07 329.36 329.0 2276.11 878.94 482.18
115.31 141.59 111.29 641.65 204.5 131.35
96.9 116.28 94.93 820.24 229.74 140.85
681.02 964.08 1278.75 2922.58 2493.55 1893.57
290.21 521.46 558.84 4397.98 1478.14 676.22
455.33 665.87 904.84 2007.66 1414.39 893.36
160.63 337.87 162.3 4411.86 1047.16 517.55
239.6 470.6 204.56 4721.74 986.86 379.51
416.01 596.21 671.27 2882.74 1913.68 1563.18
110.68 166.07 103.94 1467.57 370.76 186.32
469.14 633.47 766.89 2577.49 2164.62 1882.54
117.78 147.41 113.14 693.44 213.24 135.23
78.41 140.39 76.51 2255.63 486.61 212.46
564.47 786.31 918.63 2957.25 2330.68 2016.95
159.76 332.73 196.74 3721.74 1136.06 596.2
132.09 236.77 148.52 3054.93 748.29 394.66
482.76 730.46 925.51 3195.46 1431.04 816.87
184.21 325.26 264.76 3572.75 1154.59 653.35
811.72 1192.42 1727.19 3476.57 3275.41 2092.83
135.98 225.44 166.5 2966.34 820.22 470.23
54.5 242.62 75.18 4276.3 1042.77 376.96
104.28 216.61 137.16 3828.39 854.84 348.51
632.97 850.46 1060.2 2517.94 2557.63 2307.61
290.42 420.25 441.82 2571.92 1228.98 981.26
464.81 634.76 738.15 2388.38 2052.77 1779.22
817.86 1235.01 1661.06 3884.34 2731.06 1663.38
273.55 528.75 430.63 4907.26 1445.63 673.64
599.32 956.03 1265.65 4037.47 2078.46 1205.02
98.14 103.48 97.98 285.75 133.31 109.69
114.77 268.32 144.99 4416.34 1097.34 452.65
603.26 813.01 1006.02 2704.84 2464.48 2206.03
430.48 819.44 679.01 4905.96 1896.28 1008.31
108.93 180.77 95.54 1939.45 430.39 203.09
130.71 343.23 141.03 4770.47 1275.87 569.38
567.78 862.94 1025.74 3616.38 2085.58 1437.87
102.05 145.42 93.05 1242.48 311.97 169.47
193.54 388.3 255.15 4476.84 1090.28 492.88
670.58 887.49 1124.93 2237.12 2611.99 2420.26
111.53 290.19 148.39 4397.7 1147.83 441.55
125.15 245.51 134.21 3588.55 814.78 396.11
190.73 258.34 253.41 1114.27 661.14 534.75
440.3 668.17 790.72 2974.14 1424.44 824.86
852.94 1238.58 1791.31 3216.37 2930.58 1932.12
481.15 678.05 788.39 2915.23 2171.68 1827.47
104.44 198.39 84.95 2574.77 559.15 250.48
302.58 490.06 455.48 3422.97 1688.76 1217.18
115.1 139.61 110.11 527.07 183.62 126.99
261.55 470.19 416.34 4061.95 1264.39 618.64
256.87 440.64 386.53 3978.1 1534.86 998.49
185.1 326.94 162.92 2940.9 642.08 268.66
571.64 891.79 1121.58 3825.15 2084.56 1245.46
583.26 897.5 1246.81 3674.85 2280.23 1368.72
114.24 169.41 105.96 1411.22 373.48 189.87
110.13 215.64 89.87 2556.13 552.58 241.26
655.61 897.2 1063.68 2782.23 2542.4 2267.09
102.57 123.28 98.71 630.28 195.24 129.72
225.1 415.05 223.59 2839.97 906.32 542.8
257.82 406.71 394.55 3824.24 1487.93 1031.13
129.16 180.19 154.62 1382.8 488.15 307.86
388.78 572.79 618.54 3453.89 1746.6 1412.66
125.0 316.58 96.69 3810.98 825.87 327.62
234.72 572.94 139.89 5225.08 1218.51 521.11
298.56 570.69 294.31 5365.25 1270.53 585.08
627.45 832.67 1095.4 2095.44 2631.02 2322.35
212.0 288.31 305.5 1705.03 841.33 652.16
536.64 728.54 852.87 2478.36 2283.82 2010.15
386.86 582.76 787.43 2028.34 1227.53 731.96
313.54 625.79 318.23 4633.68 1527.56 922.38
175.78 385.72 207.74 4886.03 1147.47 471.78
146.62 327.17 119.5 4391.72 995.13 394.14
186.85 361.85 324.89 4135.86 1002.33 478.1
94.37 243.67 98.0 4532.19 1059.84 416.66
79.92 159.27 73.44 3049.46 637.62 259.34
272.34 529.49 364.53 4491.12 1486.19 905.31
114.98 257.42 151.59 4854.14 1047.38 426.07
304.28 489.69 476.8 3316.38 1324.89 833.09
392.0 763.7 550.85 4989.55 1783.37 915.78
133.06 386.35 95.62 5006.33 1059.68 400.93
103.11 142.66 105.14 1291.21 314.65 188.49
110.19 166.67 117.78 1750.85 416.89 242.64
468.53 653.85 744.82 2789.81 2137.73 1816.38
250.16 403.69 433.87 3146.55 1253.84 740.32
246.79 349.59 450.67 1686.66 777.48 434.48
577.68 821.73 893.97 3065.09 2319.57 1980.77
260.09 365.24 391.84 1775.44 1073.27 844.14
651.25 997.12 1397.69 3779.95 2271.09 1236.19
345.95 584.46 714.76 3928.96 1557.29 796.82
631.52 951.82 1323.82 3576.23 2554.65 1550.05
107.36 154.98 115.62 1451.79 431.52 236.63
183.33 226.1 248.25 798.07 580.97 502.51
192.95 340.83 326.58 3932.5 1045.91 480.5
292.92 499.05 437.02 4136.24 1519.15 943.44
841.57 1246.14 1881.11 3321.4 2614.68 1479.84
142.37 401.48 111.66 5088.27 1113.57 444.85
323.77 447.34 507.39 2301.4 1372.91 1122.98
372.54 583.21 556.52 3860.35 1760.18 1292.42
293.47 457.82 437.7 3713.29 1569.42 1146.68
831.63 1214.46 1676.87 3371.49 2252.97 1354.02
105.28 217.08 82.09 3044.98 646.39 279.07
157.4 312.13 175.14 3688.9 901.5 402.71
233.24 463.04 349.27 4785.83 1365.4 637.69
276.33 463.45 305.4 3146.2 1024.47 628.93
155.48 273.88 220.52 3046.35 798.54 380.51
688.08 986.81 1433.4 2373.12 2604.67 1700.56
583.23 842.84 1207.6 2705.63 1994.17 1157.89
483.53 662.0 790.14 2560.23 2226.0 1926.32
101.41 266.13 148.38 3570.71 1020.06 475.53
87.86 184.97 83.6 3045.22 705.65 276.84
149.99 321.77 143.88 4315.15 968.93 451.81
618.49 963.45 1206.97 4070.36 2078.29 1223.42
143.4 342.09 127.03 4952.89 1078.74 418.94
475.73 642.46 775.61 2631.01 2187.26 1904.88
181.3 352.8 146.86 2665.82 720.23 373.01
516.71 698.7 858.76 2259.73 2342.89 2082.14
423.35 672.87 598.52 4171.64 1749.21 1194.09
439.39 657.35 849.37 2540.72 1513.52 905.2
322.55 653.45 286.28 5747.83 1300.5 539.77
635.78 980.96 1156.72 4149.78 2048.37 1190.92
122.38 186.81 100.88 1085.51 301.24 166.52
321.13 568.71 361.21 4677.78 1314.7 726.63
188.45 237.9 259.66 840.88 579.45 488.65
493.9 764.91 828.32 3737.04 1943.34 1317.58
716.24 966.92 1293.94 2191.47 2582.06 2188.35
138.54 157.21 168.91 372.59 301.12 271.79
424.62 665.82 851.61 3405.21 1679.68 971.71
580.35 843.43 1165.05 2269.67 1785.99 1090.69
299.96 551.28 340.45 4867.71 1228.72 569.02
298.21 485.18 422.12 3792.34 1488.4 1050.76
594.83 850.54 1179.86 2951.53 2115.72 1457.77
298.68 450.45 469.71 3223.89 1649.34 1218.58
860.15 1258.16 1847.99 3496.75 2642.12 1535.17
93.84 198.91 92.27 2919.93 680.01 269.69
131.48 251.51 163.99 2595.26 753.55 344.55
426.38 671.66 807.56 4006.78 1766.75 1091.88
654.04 929.57 1367.27 2279.59 2118.32 1261.34
86.6 125.06 85.42 1437.58 339.89 169.78
343.53 612.69 693.44 3967.84 1657.53 838.93
610.48 944.33 1282.05 3931.44 2434.35 1461.03
219.83 382.77 363.12 4278.76 1317.63 724.07
349.86 552.09 558.55 3660.32 1847.85 1340.25
211.43 307.87 362.51 1873.53 819.66 475.1
396.23 663.99 656.38 4454.61 1602.17 869.05
241.59 469.82 356.3 4717.92 1214.9 529.46
111.34 246.04 107.37 4132.14 850.94 365.88
256.69 466.76 392.35 3996.35 1579.85 972.78
439.36 743.62 720.02 4692.55 1734.37 896.52
184.19 324.49 162.25 2910.25 636.23 266.84
837.44 1232.53 1780.95 3418.75 3150.26 1994.98
109.91 237.89 167.01 3944.81 971.11 430.52
509.6 706.5 853.1 2412.38 1981.92 1669.95
268.8 462.48 339.57 3500.73 1013.03 488.86
87.94 265.19 92.85 4570.16 1141.38 429.26
138.86 339.85 215.86 4631.95 1317.16 546.66
483.26 771.1 989.75 3951.09 1761.63 917.63
437.43 669.73 677.99 3387.29 2002.78 1604.89
766.83 1168.19 1697.24 3630.07 2478.04 1501.17
147.31 299.05 225.65 3442.02 1004.29 425.92
86.19 168.75 74.18 2736.24 485.71 206.06
217.12 418.25 186.43 4244.95 899.67 339.9
264.48 392.12 441.42 1854.48 851.69 484.44
527.14 707.49 869.62 2299.47 2374.99 2108.83
97.35 113.21 95.04 606.4 174.09 120.37
787.48 1147.26 1701.46 3479.43 2476.8 1429.57
839.44 1206.91 1793.59 3343.33 2633.55 1601.37
127.25 205.68 101.07 1299.72 344.98 180.98
191.0 443.57 205.48 4755.14 1234.81 619.31
209.26 407.81 249.39 4571.56 1282.74 690.09
96.87 116.44 94.88 827.34 231.02 141.25
421.22 564.84 666.22 1805.55 1596.42 1411.9
260.68 461.15 288.14 2956.16 1118.02 740.22
113.24 259.16 131.44 4294.7 1079.53 473.94
103.75 275.41 112.09 4620.16 1082.21 426.79
520.24 735.37 861.2 2987.31 2289.23 1927.45
145.39 407.97 121.85 5118.13 1106.25 425.2
599.5 780.89 993.8 1941.32 2565.19 2373.5
97.71 112.01 96.26 631.23 195.69 130.13
261.29 366.05 390.42 1249.91 819.52 629.9
145.25 275.51 101.78 2092.44 506.86 234.48
702.1 927.91 1182.91 2261.18 2730.71 2545.18
539.99 811.28 1088.47 3095.77 1917.77 1083.87
213.84 391.97 393.2 4197.71 1231.83 583.67
620.67 954.56 1288.97 3992.87 2150.47 1150.87
498.76 786.46 1028.52 4062.15 1904.68 996.39
84.88 147.39 91.75 1487.85 413.3 192.04
513.68 723.79 840.59 2821.91 2295.09 1959.34
874.89 1276.28 1760.05 3305.82 2316.77 1404.73
151.91 351.42 144.25 4905.37 1091.79 437.31
102.23 125.49 97.77 641.49 199.78 131.14
347.0 549.0 553.46 3671.65 1840.42 1330.37
163.17 271.65 146.62 2335.58 531.3 229.39
495.28 686.35 816.63 3041.75 2152.38 1831.47
429.25 678.62 585.83 4181.79 1775.38 1267.66
942.28 1360.04 2028.04 3381.72 3162.86 1863.78
366.01 678.91 621.87 4625.03 1558.63 790.66
597.72 863.97 1217.54 2586.52 1767.19 1022.71
589.55 912.39 1190.15 3885.88 2162.08 1273.26
232.21 472.95 459.26 4087.86 1294.32 576.76
637.06 863.04 1057.28 2639.86 2560.19 2311.92
576.0 880.44 1263.6 3580.01 2043.01 1088.3
589.02 902.31 1295.26 4073.7 2728.05 1519.34
173.28 390.67 232.77 4600.9 1376.94 678.23
88.69 240.59 64.11 4836.88 889.97 317.28
103.79 143.28 96.21 1019.21 269.38 152.87
106.13 184.62 127.9 2554.95 658.32 349.46
356.33 606.31 671.14 3919.99 1577.1 814.46
85.58 266.5 88.98 4672.92 1156.11 427.26
597.16 851.67 1029.96 3049.91 2359.76 1860.11
672.87 987.61 1434.0 3156.07 2237.93 1393.77
774.74 1150.57 1586.56 3288.07 2066.1 1279.55
195.61 297.98 313.29 2189.05 696.78 358.14
208.49 394.78 180.06 3939.31 840.7 322.21
841.86 1252.68 1706.17 3561.21 2528.42 1579.31
248.62 484.45 355.57 4805.44 1400.07 647.7
255.82 425.53 369.25 4085.45 1421.37 954.83
648.28 857.23 1129.69 2062.61 2614.92 2320.11
761.65 1134.33 1609.25 3555.71 2938.42 1831.37
132.0 321.12 113.74 4386.7 920.49 367.61
459.77 676.44 730.35 2913.5 1908.28 1573.45
222.28 319.0 323.09 2048.12 999.82 738.1
207.35 406.62 350.13 4109.26 1383.96 701.06
115.58 240.94 92.21 3309.73 676.5 279.89
134.21 242.28 191.74 3272.88 810.42 366.1
593.8 897.81 1232.42 3844.94 2161.93 1312.82
94.61 215.46 117.37 3997.04 920.92 429.72
314.04 543.6 508.52 4033.52 1691.63 1075.7
646.16 875.51 1068.55 2623.82 2581.28 2320.94
379.3 681.4 523.87 5232.54 1479.32 685.11
470.46 773.87 963.31 4569.55 2308.19 1237.4
216.92 439.74 324.62 4982.94 1280.43 573.87
277.82 450.19 454.73 3152.28 1269.64 776.03
226.17 437.37 397.41 4503.41 1386.99 615.14
93.99 131.58 90.17 1496.91 351.62 179.23
301.2 608.14 355.08 4365.85 1203.99 552.04
189.22 355.98 250.6 3473.58 1232.39 733.37
551.61 766.5 914.04 2888.61 2335.63 2016.25
679.78 958.45 1302.7 3039.74 2575.08 1911.37
91.13 210.26 71.86 3815.0 719.55 270.41
114.28 137.46 109.56 503.91 179.09 125.52
748.3 1106.88 1495.56 3512.15 2065.48 1226.31
426.53 609.39 689.02 3455.57 1960.56 1588.22
108.81 295.25 70.14 5011.04 1011.15 398.61
187.62 329.2 269.82 4205.01 1270.14 759.35
85.88 126.42 84.63 1510.06 352.89 173.56
202.31 436.46 406.47 4164.25 1451.16 683.42
417.29 607.61 674.9 3327.71 1957.45 1549.63
485.58 703.1 754.81 3110.75 2021.14 1613.44
252.96 371.96 378.6 2457.15 1172.09 859.47
368.08 612.62 639.76 4062.69 1605.13 948.87
479.26 774.19 951.93 4131.14 1875.06 979.28
445.88 685.03 897.95 3806.07 1707.37 956.33
228.94 414.01 418.83 4195.2 1233.98 599.92
107.62 168.92 96.19 1669.59 381.92 187.97
227.29 579.81 118.55 5465.79 1214.4 475.35
107.36 184.01 92.64 1884.36 428.79 202.63
532.21 738.89 872.15 3015.53 2230.64 1928.99
704.24 934.19 1183.08 2310.07 2752.13 2553.72
450.95 578.22 731.44 1427.63 1848.08 1711.31
370.54 592.64 472.53 3500.1 1484.38 1051.96
422.61 762.35 633.75 4299.83 1463.37 736.76
101.9 263.98 92.0 3768.21 938.8 379.65
723.53 1068.23 1521.92 3185.55 2738.52 1720.48
299.42 402.2 458.94 1953.23 1308.94 1096.31
172.67 437.96 188.2 4992.02 1199.72 501.37
653.11 882.68 1081.92 2587.92 2601.43 2347.44
93.37 206.53 91.68 3137.09 724.68 282.75
741.1 1010.61 1325.55 2557.92 2856.74 2440.06
387.9 664.68 496.18 3797.51 1655.49 1185.84
808.56 1165.35 1719.3 3068.1 2408.01 1409.92
425.74 612.6 664.42 2922.36 1978.16 1648.93
88.26 143.51 88.18 1831.65 459.41 201.22
281.27 517.33 379.88 4129.96 1554.63 1031.55
189.14 406.18 255.71 5040.57 1281.29 585.59
869.83 1257.54 1849.97 3039.5 3378.16 2198.94
134.33 270.26 198.6 3126.99 901.83 380.66
77.33 209.69 81.19 4208.23 972.3 360.69
98.8 103.55 98.41 276.69 132.21 109.55
415.13 611.95 674.37 3188.63 2036.23 1612.59
149.93 290.82 153.39 3440.48 856.74 409.56
106.34 298.4 97.94 4428.13 1106.57 447.54
552.13 940.39 955.0 4958.32 2149.7 1192.0
597.88 778.49 992.09 1942.17 2561.74 2373.23
431.32 719.01 578.08 3889.03 1899.25 1418.92
117.74 146.53 111.87 601.66 198.23 131.7
91.85 246.55 71.28 4884.87 907.01 325.91
148.39 305.77 172.84 4565.97 1098.08 562.27
103.54 140.39 96.46 957.78 258.06 149.33
559.03 876.78 1212.2 3886.5 2014.16 1155.34
774.26 1140.83 1601.04 3310.42 2824.28 1923.7
201.83 280.65 353.25 971.97 573.0 360.39
781.77 1180.73 1693.52 3477.39 3138.14 2073.07
748.93 1143.44 1435.38 4009.91 2271.59 1355.77
208.8 395.64 180.29 3950.47 842.86 322.86
481.83 738.89 960.29 3949.71 1649.53 902.55
531.65 731.5 878.86 2675.93 2315.06 2014.11
97.83 121.05 98.02 688.58 234.76 140.88
172.48 339.65 174.94 3901.67 1017.87 490.44
119.11 301.26 154.67 4719.08 1121.0 425.11
462.78 647.22 752.77 2932.2 2024.87 1741.91
204.58 384.17 177.17 3801.06 814.03 314.21
114.96 270.69 85.04 3725.43 768.04 308.51
604.83 824.48 996.02 2670.22 2426.46 2171.08
655.78 885.45 1087.07 2574.09 2609.19 2357.64
370.64 627.89 556.1 4045.45 1740.61 1225.86
628.32 979.29 1199.55 4203.65 2192.89 1254.63
860.72 1281.46 1929.61 3854.8 3665.19 2129.04
631.1 874.35 1065.86 2805.14 2447.34 2067.84
94.47 233.06 121.81 4184.69 1022.85 392.88
493.36 668.05 797.21 2178.34 1931.62 1712.41
599.51 837.41 951.41 3028.46 2345.71 2022.48
784.08 1177.85 1694.79 3466.92 2834.88 1765.15
521.31 860.13 918.5 4683.21 1941.92 1053.34
558.68 881.12 1101.91 4136.24 2079.42 1197.34
70.24 193.27 83.77 2831.38 716.59 281.14
364.2 584.16 525.74 4081.5 1763.06 1245.16
123.75 322.36 102.04 5188.12 1082.83 435.63
142.28 210.87 128.29 1295.47 334.08 175.54
435.85 574.97 705.49 1670.82 1730.65 1559.4
697.62 995.23 1241.54 3100.17 2336.02 1855.54
120.34 292.22 157.06 4403.37 1078.06 425.31
551.71 853.49 1128.68 3595.05 1669.15 906.99
404.52 517.7 641.01 1274.65 1593.52 1469.79
77.0 143.01 74.98 2395.97 511.78 219.78
862.93 1265.66 1711.99 3440.15 2287.11 1370.19
299.14 505.16 424.48 4298.77 1594.68 1095.64
149.0 274.39 196.93 2933.09 972.38 533.07
162.66 343.05 102.46 2859.14 663.42 286.23
238.04 452.63 413.8 4490.88 1302.58 579.64
538.61 746.03 875.59 2694.65 2289.09 2008.57
180.0 370.77 203.59 4674.35 1233.38 670.43
601.5 919.47 1316.76 3683.86 2114.61 1131.24
457.69 761.39 865.36 4452.55 2022.27 1115.27
125.68 258.8 109.46 3386.92 750.76 307.46
278.08 520.95 277.65 4783.32 1146.71 532.43
426.8 612.06 681.7 3234.67 1950.57 1602.54
94.76 165.11 83.38 2293.78 465.86 200.63
173.36 354.89 185.48 4423.33 1074.88 547.28
103.67 197.86 108.92 3419.05 764.03 356.62
325.63 543.8 414.66 3905.19 1275.37 761.48
628.26 841.82 1050.87 2598.63 2535.76 2293.44
351.4 543.72 522.25 3421.03 1739.72 1340.35
422.35 668.9 832.57 4067.69 1724.94 927.66
531.56 896.0 865.53 4797.28 1610.28 817.06
426.49 775.09 593.77 5389.53 1747.95 842.35
172.54 214.21 230.3 803.25 490.48 421.31
70.32 187.61 60.74 4459.89 894.71 335.54
478.58 834.75 760.39 5082.53 1671.38 787.05
134.24 310.83 166.81 4559.23 1186.67 545.24
400.49 738.22 496.97 5371.21 1511.38 741.63
574.45 751.79 952.67 2031.14 2494.04 2284.88
233.85 418.82 447.74 4038.12 1307.11 582.4
280.05 527.0 423.48 4858.52 1518.85 728.43
206.59 349.31 284.3 2797.46 1094.65 705.67
130.68 262.04 181.66 4069.44 1103.94 605.31
314.57 474.38 461.21 2903.98 1380.67 1033.72
429.64 702.72 931.82 4102.8 1808.03 1007.39
263.3 440.53 384.72 3370.67 1514.83 1044.39
241.35 421.48 319.37 3949.59 1273.88 803.91
241.63 431.53 472.92 4012.23 1322.84 592.84
111.95 132.47 108.82 522.84 181.58 124.47
391.88 519.8 625.79 1611.82 1482.88 1318.6
391.77 612.72 772.47 3541.08 1532.3 825.8
98.32 103.14 98.17 267.59 130.06 108.74
422.08 586.52 683.36 2301.84 1775.19 1499.67
617.99 955.68 1338.69 3412.22 2063.41 1215.75
260.39 357.24 461.37 1037.86 824.57 578.94
664.6 875.78 1114.09 2070.6 2688.39 2499.83
503.52 676.93 811.54 2264.44 2200.75 1950.08
428.18 734.14 558.27 4159.4 1855.24 1341.75
631.66 875.3 1012.08 2955.49 2457.09 2154.27
107.78 170.35 96.11 1702.25 387.78 189.8
589.79 769.46 979.85 1963.92 2540.54 2343.36
451.07 637.97 756.15 2904.56 2038.58 1636.77
661.55 895.57 1199.1 2303.29 2711.32 2281.24
116.93 230.25 140.97 3315.07 650.77 292.44
237.16 433.8 428.01 4371.01 1409.69 639.56
678.27 886.72 1140.61 1981.35 2727.29 2553.54
300.1 588.43 476.93 4708.01 1378.16 658.62
551.64 902.95 1089.88 4215.7 2132.1 1214.85
211.69 396.62 257.49 4267.57 1194.96 691.55
513.81 700.07 814.71 2319.59 2037.63 1790.8
391.75 519.05 626.78 1968.04 1712.78 1501.33
77.21 213.48 57.38 4451.41 736.65 275.06
731.66 1100.76 1520.02 3836.38 3024.15 1894.81
150.17 347.61 230.49 4522.67 1306.39 574.57
246.03 443.82 440.42 4365.54 1288.52 662.52
93.52 180.61 79.42 2815.91 552.93 224.58
392.38 680.46 860.69 4083.68 2162.03 1119.68
261.64 376.0 490.01 1219.22 753.2 478.88
194.42 378.95 329.13 4412.4 1298.52 585.46
267.1 359.92 471.86 859.94 772.89 531.72
454.94 691.0 859.18 2705.63 1605.01 958.74
451.4 694.0 925.92 3736.9 2211.95 1352.43
499.22 694.94 777.18 2329.43 2137.03 1878.26
438.4 713.95 675.16 4385.53 1576.18 890.35
676.54 924.19 1271.28 2239.21 2320.57 1856.07
356.06 548.17 531.12 3392.81 1755.16 1359.8
330.58 518.95 487.06 3741.23 1735.93 1300.46
715.69 1011.14 1430.8 2855.49 2547.92 1830.85
553.76 757.57 957.65 2649.3 2290.43 1951.74
612.87 892.24 1180.3 2808.19 2085.06 1532.7
606.21 927.6 1163.7 3770.76 2086.36 1316.13
91.39 211.71 111.7 4006.82 911.35 418.49
83.14 162.49 83.02 2587.31 616.25 245.39
267.78 467.68 288.46 3852.61 1040.96 556.69
100.42 104.83 99.58 202.51 118.89 105.9
205.7 510.01 104.15 4754.56 1050.46 414.17
137.25 314.57 180.28 4289.0 1257.4 600.4
75.04 153.68 75.35 2806.15 591.03 245.25
334.18 497.22 524.89 3277.61 1777.05 1351.31
336.46 570.74 664.19 4383.16 1464.68 702.03
326.37 650.53 320.48 5510.89 1296.69 539.97
207.58 349.47 295.74 4186.35 1364.24 869.64
145.66 330.35 145.89 4589.84 981.09 403.81
450.87 666.4 727.27 3380.66 1917.43 1521.03
106.0 137.1 102.21 867.92 252.04 148.47
89.97 214.31 108.01 4391.33 934.81 368.99
176.41 303.9 231.06 2872.25 797.5 418.0
99.33 293.05 152.95 4192.09 1176.69 534.15
345.53 550.52 653.38 4111.02 1655.3 932.29
687.53 1040.15 1370.32 4020.64 2180.78 1195.5
248.53 436.38 449.07 4597.98 1455.04 736.51
380.15 617.77 568.03 3719.32 1829.89 1379.21
437.29 699.41 650.22 4283.35 1803.29 1165.34
203.71 350.57 197.68 2959.53 718.96 346.02
100.58 149.98 97.56 1218.01 355.65 185.23
214.29 409.84 349.16 3731.55 1487.85 940.65
299.26 498.23 353.88 3714.96 1217.85 753.26
129.34 354.18 96.12 4455.11 951.86 367.12
89.71 227.97 67.34 4411.49 819.03 297.77
367.28 598.42 766.26 4308.5 1960.22 1023.85
630.22 834.19 1110.66 1809.14 2229.67 1966.82
83.87 214.94 107.67 4354.53 956.35 401.29
454.14 659.74 820.96 2697.97 1699.47 1220.4
620.65 823.52 1035.92 2270.13 2550.54 2336.86
156.33 355.75 165.03 4450.35 1002.44 435.31
162.37 309.02 234.9 3957.71 1215.49 651.21
701.27 1023.07 1472.18 3583.82 2217.47 1261.5
445.29 682.38 846.19 2816.39 1261.1 697.4
879.8 1300.85 1849.4 3194.74 2148.18 1283.39
146.12 221.05 184.54 2329.97 719.41 449.77
579.38 755.89 962.45 1976.12 2506.07 2304.7
116.46 248.85 91.77 3489.86 708.86 289.99
764.61 1177.99 1535.79 3627.92 1984.46 1138.54
100.73 162.67 96.94 1501.82 420.55 206.87
330.61 556.02 427.4 4148.28 1362.78 792.16
146.09 361.1 265.7 4219.48 1201.7 497.56
278.01 559.76 225.42 4993.05 1079.91 431.73
211.3 407.93 302.26 4321.89 1129.47 509.95
89.6 119.44 88.69 1137.84 286.14 154.14
684.03 998.39 1454.89 3177.54 2281.67 1372.76
378.34 550.03 621.64 2506.54 1767.73 1446.95
293.33 453.36 546.12 2807.5 1128.9 579.62
412.71 647.3 630.52 3530.61 1928.15 1507.47
99.46 101.02 99.41 154.24 109.73 102.83
183.41 394.39 178.65 4957.12 1246.05 570.11
81.1 155.79 75.0 2876.38 606.07 249.99
511.12 729.66 821.44 3258.13 2200.35 1858.62
443.54 663.16 920.7 2344.85 1387.34 840.2
483.83 710.03 823.67 3273.51 2158.43 1681.47
286.38 503.1 301.25 3669.05 1063.32 598.78
332.67 649.93 308.91 5498.19 1356.7 645.95
354.27 551.03 548.92 3396.09 1895.99 1437.5
346.55 508.88 670.45 1915.31 1155.94 700.42
255.53 372.04 463.32 1927.94 862.13 465.64
72.5 184.9 64.37 4265.99 861.15 326.32
724.63 947.52 1223.31 1982.8 2769.58 2614.48
289.14 484.15 466.81 3385.1 1192.26 603.94
199.81 387.02 291.96 4177.85 1465.9 839.76
100.5 142.62 97.92 1053.49 318.03 172.69
409.55 588.19 656.76 3167.86 1851.37 1541.01
440.1 725.1 597.94 3822.23 1928.64 1459.02
554.43 861.07 1165.13 3688.26 1985.63 1073.18
582.85 958.35 989.79 4726.18 1953.97 1037.25
251.68 482.2 489.01 3998.39 1483.03 765.32
88.36 224.72 126.49 4372.31 944.34 377.16
631.74 926.64 1309.07 2874.62 2346.84 1479.07
275.33 377.72 400.03 1660.12 1060.06 866.67
248.77 457.17 449.27 4070.83 1460.78 763.03
103.11 288.92 157.16 4007.9 1141.29 528.51
177.92 375.8 189.86 4744.13 1186.11 565.61
231.49 455.14 348.54 4741.29 1269.43 551.07
169.41 307.98 227.88 4375.07 1213.21 694.38
195.43 362.5 258.37 4459.53 1223.32 708.5
406.76 645.21 743.08 3895.19 1741.88 1063.49
364.87 615.81 633.43 4291.51 1633.42 830.47
861.16 1282.67 1922.3 3856.21 3658.89 2120.17
267.36 541.43 228.9 5569.46 1156.03 435.73
219.0 321.47 320.43 2628.0 1129.97 818.34
771.17 1058.85 1462.55 2423.21 2801.1 2302.4
372.06 639.93 706.48 4216.84 1682.55 863.02
348.92 527.29 519.56 3338.96 1696.13 1314.65
339.87 551.49 482.34 4043.36 1712.01 1191.0
577.8 922.34 1166.56 4138.03 2037.44 1097.47
407.2 744.2 563.84 5054.12 1444.91 675.61
410.61 522.32 657.51 1207.6 1632.8 1517.9
120.23 315.16 215.21 4016.97 1121.34 453.48
962.0 1398.0 2014.0 3173.0 2939.0 1816.0
69.0 191.5 59.0 4653.5 930.0 346.0
134.0 394.5 95.5 5146.0 1087.0 409.5
969.0 1403.0 2079.0 3181.0 3518.0 2279.0
155.0 368.0 123.0 5163.0 1156.0 447.0
89.8 263.8 87.2 4769.8 1060.5 381.0
971.0 1390.0 2115.5 3245.0 2879.5 1707.0
122.0 299.0 89.0 4632.0 914.0 354.0
72.0 203.8 71.8 4231.5 957.5 341.5
907.5 1325.5 2047.5 3151.5 2757.0 1579.5
948.0 1357.0 1978.0 3155.0 2462.0 1531.0
56.8 180.8 53.0 4412.8 873.5 325.0
119.5 322.5 80.5 4825.8 970.8 371.8
948.0 1376.0 2046.0 3146.0 2970.0 1921.0
911.0 1341.0 1922.0 3127.8 2196.5 1320.8
985.0 1493.5 2276.8 3372.5 3183.8 2033.8
76.2 218.5 55.5 4643.8 764.8 282.8
962.5 1390.0 1954.5 3151.5 2480.0 1527.0
959.5 1435.2 2145.2 3160.2 2832.8 1787.8
88.5 243.0 63.5 4918.0 903.5 321.0
978.0 1422.0 2105.0 3266.0 3199.0 2037.0
79.2 209.2 66.0 4931.0 970.2 374.0
222.2 574.0 104.8 5481.0 1198.8 463.2
992.0 1434.0 2127.0 3253.0 3849.0 2515.0
980.5 1432.2 2016.0 3245.2 2807.8 1800.2
966.0 1422.0 2112.0 3259.5 3477.0 2237.5
109.2 304.0 68.8 5231.2 1052.0 412.0
978.0 1434.0 2220.0 3640.0 4073.0 2397.0
81.5 229.5 75.0 4588.5 1023.0 369.5
937.0 1353.0 2081.0 3198.0 2826.0 1629.0
924.0 1316.0 1970.0 3207.0 2671.0 1584.0
102.5 315.2 89.5 4914.0 1200.8 467.0
980.0 1467.0 2194.0 3388.8 3736.5 2446.5
955.0 1376.0 2056.0 3368.0 3193.0 1885.0
977.5 1462.0 2197.0 3231.5 2940.0 1846.5
939.0 1381.8 2053.5 3176.2 3230.8 2074.0
265.0 540.0 222.0 5608.0 1151.0 427.0
83.0 265.0 84.5 4714.5 1156.5 420.5
245.0 494.0 207.0 5231.5 1090.0 397.0
304.0 635.0 236.5 5868.5 1229.5 464.5
138.0 335.0 114.0 4964.0 1063.0 407.0
53.8 244.8 74.8 4340.2 1057.2 381.2
619.0 799.0 1032.0 1800.0 2627.0 2458.0
688.0 897.0 1159.0 1935.0 2759.0 2592.0
756.0 989.0 1280.0 2056.0 2900.0 2740.0
100.0 100.0 100.0 100.0 100.0 100.0
