267.18 451.79 497.36 4354.57 1330.45 640.9
652.47 988.78 1317.35 3723.81 2175.59 1265.28
873.85 1239.39 1793.02 2800.61 2909.82 2112.37
805.51 1171.1 1641.23 3288.08 3246.67 2232.55
877.34 1262.52 1866.44 2847.7 3367.09 2204.57
522.5 669.32 859.55 1484.51 2155.61 2016.28
515.78 736.01 1060.39 1551.5 1476.31 1019.29
833.29 1222.58 1698.84 3141.48 2181.38 1406.1
394.98 563.89 773.62 1767.54 1242.48 787.64
630.68 1000.11 1207.94 4382.88 2364.39 1371.47
380.13 519.36 763.01 1136.85 1012.35 611.73
632.8 891.82 1324.48 2063.97 2008.17 1342.48
325.94 661.94 300.36 5782.61 1285.22 509.52
757.59 1104.64 1631.1 2511.04 2553.84 1647.17
260.13 489.68 407.45 4711.97 1329.33 597.6
415.85 583.31 809.59 1279.2 916.49 575.45
860.58 1233.89 1770.71 2794.24 3336.73 2506.01
764.75 1103.05 1575.28 2525.28 2298.6 1425.95
229.12 290.54 393.02 586.85 502.86 332.53
130.1 141.87 158.14 201.8 226.26 208.93
126.31 140.87 162.6 193.66 183.64 151.66
765.35 1038.54 1385.64 2281.49 2771.91 2382.61
810.7 1170.18 1678.06 2633.64 2440.71 1514.81
637.31 952.72 1295.66 3669.0 1946.03 1114.53
823.29 1132.68 1558.56 2413.09 2912.15 2468.58
333.33 445.58 639.93 942.51 844.6 530.5
596.28 831.71 1197.4 2079.94 1896.58 1293.96
809.47 1134.06 1594.52 2478.98 2834.94 2279.2
649.52 920.1 1357.14 2200.38 2087.9 1247.24
812.77 1178.42 1651.01 2646.05 2291.97 1476.32
635.21 905.92 1288.39 2008.01 1862.72 1165.46
834.07 1221.81 1683.75 3096.18 2451.92 1580.89
435.51 668.12 848.9 3264.64 1886.46 1195.2
699.39 1012.39 1402.8 3340.75 2273.84 1454.44
772.65 1089.18 1542.57 2423.07 2697.22 2119.62
870.37 1254.63 1842.17 2860.75 2854.15 1871.31
79.23 205.53 82.41 4637.6 959.04 367.57
446.12 756.43 900.78 4385.05 1834.5 998.79
749.49 1062.2 1471.48 3011.93 3005.36 2229.95
952.79 1384.13 1993.54 3140.16 2908.66 1797.66
830.11 1168.2 1673.47 2696.37 2349.77 1628.31
907.28 1325.15 2046.78 3151.28 2756.76 1579.83
191.32 353.97 242.28 3542.35 949.2 422.66
640.68 939.93 1386.57 2025.07 1819.11 1161.74
741.61 981.02 1277.49 2124.17 2846.06 2626.57
349.76 602.79 614.75 4166.76 1908.95 1153.94
944.23 1438.44 2162.77 3474.91 3068.45 1943.63
662.61 958.86 1407.13 2152.63 2293.93 1488.67
341.73 614.11 638.74 4695.68 1557.61 796.16
687.29 1015.3 1401.04 3579.34 1959.94 1169.19
749.14 1107.56 1651.29 2416.58 2200.94 1392.0
812.89 1139.36 1625.36 2524.63 2709.75 2049.28
878.6 1232.41 1716.83 2720.77 2923.21 2190.09
877.83 1324.76 2013.21 2976.23 2810.38 1799.63
886.98 1277.93 1867.03 3016.33 2869.28 1949.46
704.38 943.8 1277.49 2151.62 2584.18 2217.44
400.22 672.67 601.15 3439.76 1609.62 1062.16
875.76 1260.26 1767.99 2844.6 2240.64 1383.48
893.47 1279.16 1871.87 2871.84 3245.54 2200.99
523.74 798.9 805.05 3713.57 2061.95 1524.0
753.26 1043.8 1464.48 2612.5 2671.23 2064.13
920.95 1336.6 1969.21 3128.01 3023.13 1940.58
844.22 1206.08 1755.01 2753.47 2848.98 1955.03
514.31 726.85 1001.56 1579.94 1374.13 900.01
491.66 677.98 988.83 1576.79 1322.02 805.36
613.19 939.23 1243.04 3790.54 2424.11 1470.34
750.04 1109.77 1646.79 2529.36 2786.2 1833.31
865.04 1205.41 1757.36 2754.5 2834.38 2038.37
777.8 1074.17 1459.92 2639.48 2970.26 2407.2
633.48 975.4 1199.38 4092.77 2531.84 1543.49
601.0 838.59 1130.56 2714.3 2288.11 1788.18
794.56 1190.41 1762.58 3847.26 3395.06 1960.87
819.13 1153.45 1614.7 2576.75 2708.88 1971.37
896.13 1267.21 1779.28 2815.81 2926.53 2111.48
474.07 768.06 734.33 3667.26 2025.31 1491.13
957.45 1382.45 1943.65 3133.64 2466.07 1518.65
459.59 658.61 955.65 1380.3 1243.32 806.13
308.32 411.57 547.91 837.02 674.83 444.66
878.35 1272.37 1828.29 2886.45 2665.73 1650.22
782.06 1040.75 1372.86 2197.32 2904.93 2623.1
777.41 1151.44 1718.84 2517.46 2292.43 1448.27
860.57 1222.9 1750.58 2757.19 3204.7 2371.94
783.42 1102.51 1538.35 2655.62 2913.36 2258.77
102.96 104.48 106.45 110.59 109.11 105.72
667.82 919.59 1288.06 2246.04 2434.19 1816.17
357.7 584.42 596.88 3781.34 1538.84 973.31
951.93 1383.18 1991.76 3144.17 2907.61 1796.55
565.11 795.64 1100.05 1745.54 1383.43 869.52
394.58 551.31 804.53 1325.03 1081.79 640.49
747.41 1059.73 1537.83 2352.32 2671.98 1839.13
228.62 439.64 396.33 3865.07 1502.25 898.31
716.51 1095.46 1366.71 3958.13 2191.24 1296.56
627.07 927.99 1224.86 3430.76 2703.23 1873.59
800.08 1115.73 1560.85 2436.93 2829.07 2303.39
761.41 1044.75 1458.0 2361.9 2989.53 2385.17
746.77 1076.69 1559.47 2692.27 2409.53 1615.36
943.66 1372.84 1974.1 3182.63 2893.98 1784.72
716.75 1033.11 1507.96 2325.03 2429.87 1639.63
642.48 902.7 1302.24 2289.23 2590.75 1814.33
169.02 203.49 257.18 344.71 371.47 273.07
879.11 1240.22 1712.82 2781.92 2564.76 1850.55
300.01 521.82 551.37 4481.93 1412.04 714.74
661.3 970.43 1323.33 2996.75 2420.73 1762.89
709.08 1020.41 1487.1 2293.03 2404.33 1631.12
897.25 1323.3 1889.27 3164.82 2177.57 1304.9
436.19 611.2 847.47 1466.35 1240.77 780.33
820.32 1115.98 1490.88 2396.72 2873.58 2470.73
421.32 575.9 843.54 1260.23 1125.39 692.84
532.97 828.58 1173.12 4013.34 2527.32 1396.01
718.28 1116.73 1632.64 3623.44 2533.42 1539.42
896.25 1353.75 2058.5 3044.31 2874.54 1839.87
383.39 512.94 707.56 1083.56 1288.14 970.49
397.3 567.51 819.18 1772.7 1524.22 902.82
738.25 1033.24 1400.29 2710.86 2908.2 2362.06
910.51 1344.94 1976.95 3256.18 3143.54 2008.08
124.41 137.26 156.71 189.05 195.18 160.25
704.68 929.57 1226.53 2027.46 2758.85 2515.04
371.48 514.77 732.11 1095.4 1113.06 738.75
378.48 588.09 660.59 3706.22 1872.27 1297.5
902.36 1323.33 1944.08 3047.08 3497.87 2448.97
567.4 827.04 1004.47 3450.14 2134.85 1625.35
792.08 1181.43 1715.18 3067.61 2478.82 1620.48
515.24 734.39 1066.83 1622.47 1649.5 1076.97
725.19 963.79 1266.78 2099.81 2721.2 2447.71
220.33 289.47 395.98 544.96 519.3 362.94
715.13 951.57 1256.02 2150.2 2793.85 2481.46
188.69 392.2 324.27 4574.09 1265.67 525.94
510.1 804.16 1076.33 3990.02 1936.37 1000.14
682.29 973.39 1333.63 2535.92 2479.34 1820.64
418.48 645.47 823.09 3696.36 1849.89 1100.76
305.69 602.5 502.0 4767.21 1639.67 830.81
627.06 1003.93 1362.82 4045.05 2287.57 1346.33
658.8 1025.94 1407.43 3751.47 2663.16 1658.63
733.95 1114.36 1450.62 3817.99 2314.46 1396.04
408.61 670.37 810.95 4230.54 1827.92 1015.9
829.0 1240.21 1851.08 3912.88 3554.91 2056.58
183.7 226.03 291.14 401.81 395.43 284.65
299.97 405.21 555.91 996.56 922.94 613.89
710.61 1013.18 1487.57 2258.36 2666.35 1753.17
965.32 1393.46 2055.87 3223.53 3760.49 2482.98
729.12 1096.68 1350.62 3491.8 2218.95 1468.11
519.83 792.84 1094.29 3214.04 2070.56 1253.63
590.29 863.91 1267.27 1998.05 2141.16 1412.25
690.15 1011.33 1375.21 3020.65 1912.46 1133.05
297.55 468.03 552.74 2858.94 1140.86 583.84
138.02 157.71 191.71 243.69 225.12 169.67
873.69 1254.38 1756.56 2826.23 2264.93 1427.18
923.53 1304.89 1881.27 2905.72 3573.67 2580.28
842.5 1156.97 1562.53 2514.88 2724.07 2231.9
720.43 1116.94 1442.66 3993.24 2317.09 1290.79
726.35 997.53 1380.85 2228.65 2720.73 2274.89
820.23 1204.18 1659.15 3190.11 2432.09 1559.17
142.11 341.81 215.67 4601.23 1230.74 484.77
538.76 719.29 950.17 1779.65 2095.64 1796.75
901.1 1259.63 1843.88 2858.45 2886.16 2042.83
813.7 1223.77 1855.45 2739.06 2586.89 1659.49
613.37 978.45 1222.36 3900.87 1771.51 971.73
757.83 1127.38 1662.95 2589.08 2217.75 1399.0
480.42 826.33 707.89 5012.81 1774.54 979.16
953.43 1404.75 2083.23 3279.04 3441.3 2210.99
472.95 678.88 991.26 1430.95 1307.05 842.29
906.53 1319.74 1942.38 3437.52 2734.79 1599.91
452.87 746.53 864.78 4180.32 1970.41 1120.25
472.67 636.03 857.36 1354.28 1532.77 1217.58
484.3 648.78 896.85 1383.19 1571.91 1269.04
780.33 1135.01 1670.66 2580.57 2658.82 1748.62
942.62 1345.54 2039.95 3133.08 2814.53 1700.68
505.51 867.72 794.81 5054.14 1922.95 1014.32
482.19 837.12 755.74 5116.74 1678.92 792.31
740.19 1019.9 1366.96 2648.73 2619.05 2097.69
971.0 1409.32 2082.16 3233.86 3188.38 2050.4
807.45 1152.74 1707.63 3022.52 2364.21 1391.67
330.2 577.07 625.62 4268.83 1529.58 737.85
666.39 982.52 1388.26 3643.58 2091.78 1188.62
140.97 162.25 198.93 265.19 285.39 207.19
966.87 1396.42 2069.9 3164.18 3743.4 2446.97
890.6 1302.47 1897.73 3423.48 3535.58 2275.15
808.88 1195.49 1710.7 3403.15 2634.48 1657.87
419.08 580.48 808.5 1237.52 1150.9 735.21
908.55 1282.81 1909.59 2969.31 2840.79 1878.26
457.93 790.13 754.1 5009.2 1848.64 971.92
869.99 1263.38 1919.79 3101.62 2716.78 1649.98
133.29 150.13 176.02 220.04 217.5 173.44
252.22 337.22 448.23 916.37 803.9 532.98
699.51 939.25 1297.57 2153.92 2677.38 2248.13
465.94 647.82 966.11 1454.47 1291.83 768.49
726.42 995.19 1387.72 2255.1 2665.63 2164.28
534.73 743.87 1105.98 1669.74 1487.31 902.09
940.29 1354.97 2016.85 3359.13 3162.14 1881.87
474.32 823.54 940.5 4327.34 1806.72 977.71
872.04 1326.49 1886.73 3567.86 2688.29 1666.47
571.26 795.6 1066.84 2270.31 2164.25 1711.36
914.62 1358.19 2013.04 3166.13 3504.34 2353.74
861.23 1297.99 1969.6 2918.5 2757.71 1772.05
137.71 157.7 184.71 240.77 197.47 156.76
465.55 713.08 910.63 2709.87 1765.41 1076.43
376.18 507.18 722.94 1108.42 1119.32 795.91
423.51 604.43 872.97 1323.98 1159.04 747.37
965.71 1421.57 2111.31 3258.79 3476.0 2236.91
734.04 1090.28 1408.67 3414.71 2220.03 1465.69
823.83 1216.97 1800.66 2781.99 3105.77 2089.08
799.59 1169.13 1760.91 3428.41 2525.85 1425.89
944.03 1403.24 2098.47 3136.97 3133.03 2160.14
561.15 855.85 1202.49 2788.67 2238.15 1405.14
664.18 931.46 1196.48 2842.16 2480.86 1991.02
610.4 894.46 1265.53 2754.08 2292.18 1438.39
909.14 1315.79 1904.87 2967.19 3471.89 2539.34
332.76 560.06 661.55 3904.81 1545.32 876.66
567.12 744.94 982.67 1565.74 2037.33 1811.82
829.44 1225.34 1812.88 2679.77 2472.29 1622.21
862.75 1220.6 1798.36 2962.44 3550.82 2474.49
290.77 566.58 556.13 4585.14 1623.85 801.26
656.79 1012.4 1287.5 3924.13 2372.62 1450.63
984.64 1423.05 2110.25 3228.59 3818.52 2495.36
730.0 1046.42 1581.22 2471.32 2273.64 1422.07
896.73 1305.8 1918.94 3113.06 2943.99 1868.25
365.37 640.69 501.97 4174.49 1290.28 632.44
867.22 1308.77 1938.18 3353.28 2698.56 1663.21
625.73 917.8 1219.21 2617.65 2352.29 1664.11
489.55 821.03 1017.92 4121.92 1937.87 1063.52
781.39 1144.84 1744.76 3136.97 3234.3 1897.6
841.46 1209.31 1764.26 3317.51 2668.73 1694.32
856.45 1210.29 1717.22 2633.45 3024.48 2430.24
308.45 522.6 603.62 4034.23 1263.27 618.37
411.27 654.72 817.24 4277.91 1921.03 1084.94
362.29 500.4 709.39 1056.94 1122.82 747.4
957.19 1390.67 2057.48 3190.97 3125.55 1991.09
786.16 1125.35 1651.57 2526.57 2820.32 1867.24
342.3 635.06 424.56 5357.59 1437.88 649.02
224.86 445.18 351.45 4802.68 1273.74 573.68
907.08 1289.09 1860.01 3001.91 2465.51 1628.85
428.85 565.98 740.12 1156.57 1350.01 1153.84
755.14 1057.32 1495.01 2384.9 2834.11 2300.22
183.37 225.54 285.12 397.21 374.58 265.97
902.44 1337.89 1935.83 3419.07 3270.95 2098.72
937.54 1388.1 2067.15 3071.95 2905.11 1914.66
678.97 900.71 1204.43 2046.97 2596.93 2289.04
222.45 266.69 323.08 485.81 649.04 607.76
854.39 1226.83 1763.38 2685.85 2804.23 2099.15
894.65 1266.92 1867.06 3045.25 3632.57 2525.79
866.19 1232.3 1785.61 2847.22 2281.22 1462.1
359.02 502.37 716.34 1022.22 923.55 608.63
699.52 917.35 1195.68 1984.94 2800.3 2589.08
432.28 712.02 905.76 4057.24 1773.5 947.74
463.12 840.21 749.15 4705.94 1786.72 947.09
544.38 871.52 1081.81 4176.23 2186.47 1255.07
777.46 1128.61 1514.89 3415.03 2264.92 1497.75
796.95 1166.18 1700.84 3522.56 2792.86 1608.72
214.23 272.01 353.65 507.24 476.23 327.41
756.17 989.33 1280.69 2057.15 2899.77 2738.84
855.88 1240.24 1812.55 2832.45 2974.19 2030.22
795.48 1106.46 1614.18 2575.87 2737.44 1997.92
535.15 843.3 1044.74 3842.7 2213.63 1400.47
519.24 781.79 1134.15 2178.82 1686.93 1056.49
700.33 918.78 1198.27 1988.47 2803.22 2588.88
968.44 1401.91 2076.89 3178.03 3516.37 2280.22
832.95 1186.47 1723.22 2740.54 2141.55 1336.86
707.03 1027.72 1481.31 2941.37 2787.12 1790.32
620.03 823.88 1102.79 1852.1 2505.33 2191.5
534.96 794.62 1065.46 2499.26 1366.4 795.76
556.44 773.58 1135.86 1821.07 1524.17 922.04
916.6 1320.27 1842.06 2989.74 2775.84 1916.48
421.87 630.62 784.45 2631.06 1431.07 909.98
233.4 466.12 349.82 4627.06 1273.75 578.09
889.07 1296.08 1911.29 3164.29 2819.18 1809.26
897.84 1298.03 1975.07 3211.81 2765.74 1625.64
356.02 445.41 561.89 941.21 1345.38 1256.56
467.59 790.75 972.33 4470.6 1924.35 1075.66
615.71 887.17 1182.47 3219.81 2254.92 1583.64
179.9 356.14 290.07 4486.31 1114.05 535.57
231.43 300.63 405.35 579.5 612.51 424.4
744.95 1075.82 1503.45 2403.82 2083.43 1345.37
727.85 997.24 1379.47 2268.12 2832.39 2327.38
473.41 662.24 952.71 1446.47 1417.98 923.79
112.7 222.29 94.92 2631.43 573.85 250.77
844.35 1287.42 1827.28 3728.89 3248.06 2068.24
820.51 1129.98 1530.0 2460.43 2600.1 2096.09
960.3 1413.04 2097.98 3237.72 3455.29 2225.69
512.01 709.78 994.89 1525.21 1657.4 1286.83
549.94 863.69 1040.33 3464.55 1841.53 1121.29
224.25 287.08 383.73 548.03 538.55 374.11
873.67 1262.81 1844.94 2895.23 3107.52 2152.4
769.77 1077.83 1521.94 2402.02 2758.63 2200.83
193.49 356.1 330.18 3936.27 963.83 441.29
627.82 994.41 1147.24 3913.2 2329.19 1509.25
304.33 569.68 352.92 5071.28 1228.56 510.18
718.23 1026.99 1507.92 2291.92 2531.67 1650.21
976.85 1424.99 2004.03 3225.85 2809.3 1815.49
801.0 1149.41 1668.73 2623.65 2851.4 2010.36
409.08 572.2 819.65 1233.25 1253.36 827.21
272.09 355.1 481.13 719.99 579.35 390.41
801.13 1177.14 1709.65 3300.72 2639.46 1676.46
742.86 1030.16 1433.31 2192.56 2534.96 2078.07
694.5 909.55 1182.15 1967.13 2771.21 2578.59
209.22 265.12 352.94 582.62 467.16 307.13
739.71 1014.91 1419.73 2288.36 2975.83 2347.9
762.79 1102.42 1574.77 3330.02 2737.99 1729.41
292.42 522.12 550.86 4506.47 1355.18 664.4
882.34 1346.32 2025.65 3500.99 2933.7 1852.59
764.16 1134.19 1562.69 3657.2 3103.29 2005.95
229.53 297.89 401.59 574.92 583.35 404.75
223.84 295.0 404.61 557.94 531.53 370.61
392.01 532.48 775.71 1154.38 1031.85 638.76
927.27 1393.12 2076.45 3326.79 2824.93 1760.31
344.09 564.4 611.69 3438.22 1175.43 595.81
627.12 899.98 1371.28 2091.94 1834.42 1065.78
944.86 1370.85 2019.67 3209.72 3452.84 2239.95
427.37 658.38 761.21 3310.27 1491.56 924.6
321.45 436.08 634.09 936.85 828.66 505.74
790.47 1148.3 1675.21 2987.31 2905.45 1861.82
534.54 764.34 1030.45 2023.92 1369.32 841.44
743.31 998.91 1347.71 2192.64 2803.89 2449.24
134.45 284.76 193.47 4826.86 1126.38 490.1
440.73 692.22 832.54 3439.77 1839.83 1224.38
195.07 418.98 225.47 5055.9 1241.25 507.3
506.05 713.05 858.19 3054.16 2165.47 1769.7
949.8 1354.41 2050.25 3157.98 2864.29 1752.23
637.94 988.36 1353.9 3824.97 2572.24 1542.41
622.84 892.94 1294.72 1934.42 2030.08 1496.48
345.86 546.88 596.07 3804.8 1705.11 1126.28
775.88 1142.14 1584.55 3211.3 2080.72 1345.61
153.86 183.59 228.7 292.19 274.3 207.19
901.68 1302.07 1925.7 2942.33 3253.23 2110.21
140.81 174.59 198.26 540.16 294.26 200.09
867.28 1242.57 1770.72 2873.18 3330.77 2517.11
415.63 735.29 637.44 5140.48 1695.69 852.45
524.44 805.35 1087.43 3943.09 1824.13 996.23
774.09 1068.4 1453.55 2395.47 2541.85 2101.26
844.13 1203.51 1759.42 2693.47 3231.89 2202.46
752.93 1148.15 1666.44 3446.84 2384.45 1453.06
102.97 104.48 106.79 110.72 110.5 106.56
662.31 965.7 1400.88 3304.49 2147.11 1248.71
795.31 1146.92 1687.8 2607.22 2554.16 1633.95
843.81 1256.16 1834.37 3311.7 2991.63 1887.39
340.29 463.56 622.88 958.34 838.97 563.99
927.82 1320.63 1922.63 2974.74 3618.87 2531.26
378.23 525.07 747.82 1120.14 1138.24 754.62
863.43 1233.37 1749.76 2758.84 2719.27 1838.64
643.19 907.27 1276.13 2012.44 2061.29 1583.8
136.21 155.68 182.8 271.18 235.62 182.53
707.97 1044.45 1546.67 2264.63 2033.04 1293.86
417.08 624.83 839.67 3057.52 1446.89 790.25
685.54 911.85 1223.32 2074.03 2593.63 2270.53
909.22 1305.43 1923.59 2952.07 3522.45 2349.79
239.81 358.27 459.38 1390.17 783.17 472.48
184.58 228.36 303.99 419.62 378.3 254.97
904.81 1366.25 2009.4 3291.77 2717.14 1696.48
428.22 596.6 814.22 1272.43 1109.38 733.78
947.96 1365.05 2036.58 3351.82 3179.06 1887.87
937.55 1359.1 2072.01 3402.18 3889.72 2424.2
553.24 780.24 1162.89 1873.71 2137.82 1357.8
750.66 1006.16 1370.78 2225.05 2785.68 2396.05
816.6 1119.07 1536.12 2426.93 3009.54 2519.47
888.59 1290.56 1880.02 3317.86 3520.82 2310.37
412.18 562.75 791.36 1224.65 969.54 626.8
477.58 795.92 933.85 4359.93 1828.35 984.62
871.86 1214.2 1714.62 2667.94 3236.16 2489.24
886.66 1338.06 1973.14 3518.41 3429.59 2223.04
579.99 845.0 1247.04 1812.9 1653.46 1055.32
273.22 409.7 459.44 1508.81 847.19 519.41
910.93 1300.56 1965.61 3033.49 2836.66 1789.04
961.54 1446.03 2187.39 3251.4 3139.64 2070.76
146.09 346.14 226.27 4613.06 1343.38 565.88
581.89 796.98 972.21 2626.72 2427.65 2115.52
758.85 1070.89 1480.45 2387.77 2100.68 1457.75
599.96 930.82 1249.94 3958.04 2162.32 1177.24
429.23 775.77 852.25 4530.73 1814.43 973.01
365.01 517.28 751.83 1079.93 1023.43 679.07
924.35 1336.05 1977.32 3022.7 3342.38 2167.04
744.39 995.23 1349.58 2196.01 2783.01 2415.67
489.18 694.36 959.68 1706.34 1421.12 885.43
948.2 1379.62 1983.48 3195.92 2905.12 1792.11
542.92 762.45 1052.33 1667.03 1322.19 832.8
621.73 880.32 1221.79 1945.85 1539.66 963.19
271.72 358.58 481.3 712.19 665.58 441.86
912.45 1341.91 1985.4 3108.14 3272.26 2104.75
928.05 1395.62 2059.33 3478.49 3572.37 2330.75
521.93 800.24 1124.68 3770.85 1905.28 1014.09
362.71 627.41 661.75 4374.28 1515.98 753.17
704.1 994.71 1497.89 2281.28 2027.78 1214.57
893.48 1304.39 1922.45 2973.64 3219.29 2129.84
936.87 1330.04 1929.13 2973.36 3627.3 2567.56
828.07 1204.96 1855.94 2851.35 2495.65 1433.97
899.61 1342.12 2002.7 3088.35 3404.29 2232.13
544.52 879.91 1044.88 4141.9 1780.44 975.09
936.41 1381.81 2049.67 3047.48 2914.31 1952.31
952.95 1386.18 2035.06 3278.46 3137.15 2012.19
148.36 174.01 208.65 280.56 225.02 172.8
657.32 965.78 1426.16 2084.31 1872.02 1194.41
564.64 800.92 995.89 3037.46 2305.43 1862.3
269.09 545.3 233.35 5594.34 1161.28 435.16
628.44 907.33 1330.39 2037.52 2071.91 1343.31
330.5 452.71 617.83 960.54 695.85 446.97
867.39 1264.39 1748.77 3319.78 2304.32 1394.57
534.03 850.28 1092.35 4149.83 1962.4 1017.43
826.64 1220.48 1714.83 3784.69 2813.14 1613.78
804.09 1123.56 1575.23 2454.89 2831.58 2293.06
441.62 616.87 843.37 1320.28 1150.57 759.64
926.56 1343.46 1979.81 3100.7 3033.46 1951.52
500.24 671.45 918.19 1526.73 1687.77 1359.89
256.79 464.39 465.31 4279.82 1270.99 570.53
820.78 1209.95 1701.75 3407.49 2592.36 1571.56
854.16 1226.92 1719.07 2766.35 2195.78 1367.94
825.36 1184.47 1766.78 3053.35 2607.61 1632.56
355.8 620.46 639.23 4413.49 1599.3 799.78
898.04 1300.11 1899.46 2950.16 3137.44 2162.86
831.48 1170.06 1640.31 2650.52 2820.27 2060.31
548.58 799.16 1167.33 1767.76 1558.04 992.26
896.94 1316.58 1951.56 3007.55 3207.7 2067.05
937.62 1403.09 2092.03 3132.22 2772.27 1747.29
897.31 1312.03 2022.82 3173.48 2733.94 1563.84
722.53 1066.92 1515.28 2874.48 2485.56 1592.32
260.05 498.69 523.99 4071.62 1439.69 666.28
740.02 1106.3 1560.24 3594.8 2877.95 1784.67
782.49 1068.06 1467.24 2368.68 2902.37 2411.16
889.28 1280.89 1878.23 2921.78 2935.52 1942.98
114.22 121.33 132.39 150.42 155.94 135.66
213.95 404.16 386.12 4490.47 1270.11 605.73
905.68 1280.35 1894.77 3081.51 2695.97 1710.03
798.53 1150.61 1645.26 2978.06 3154.5 2136.22
875.61 1284.67 1897.77 2871.67 2975.83 2137.49
630.55 825.5 1075.94 1708.52 2326.05 2153.39
198.23 386.55 333.64 4097.65 1203.04 545.53
721.13 977.35 1324.39 2208.81 2719.9 2266.84
857.69 1233.13 1821.78 2778.23 3284.49 2151.36
957.61 1435.9 2135.3 3403.16 3651.37 2384.53
569.44 820.71 1113.44 2467.58 2095.4 1504.59
705.98 1051.47 1448.22 3591.33 2096.74 1220.3
828.13 1189.02 1665.58 2676.09 2109.21 1304.68
285.47 442.45 441.24 2500.95 943.01 485.1
274.74 365.19 521.42 760.32 674.95 420.15
929.46 1373.53 2029.76 3009.44 2819.74 1884.85
300.2 518.68 568.84 4241.66 1637.83 840.05
491.77 724.88 973.6 2455.21 1944.69 1305.89
495.41 685.62 1014.97 1527.73 1361.8 829.53
798.21 1197.58 1763.63 2874.1 2410.03 1503.53
451.77 707.7 921.84 3818.99 1833.59 1120.38
909.12 1337.36 1915.83 3117.52 2198.91 1328.86
896.95 1283.22 1948.87 3021.91 2800.93 1733.42
127.58 147.76 160.68 366.74 225.02 168.57
506.42 809.74 1008.9 3961.98 2028.83 1165.45
153.3 257.13 190.25 2336.19 646.55 314.09
458.68 640.63 905.43 1520.33 1385.17 952.63
539.03 811.58 1078.22 3223.47 2039.41 1379.35
254.02 307.78 377.55 605.26 848.7 796.65
160.86 189.81 238.11 329.48 289.89 209.6
740.44 1015.51 1410.33 2248.38 2634.73 2150.07
389.84 667.05 789.04 4208.9 1962.86 1051.9
625.48 949.96 1277.89 3868.02 2291.46 1279.36
636.45 862.68 1210.95 2011.46 2166.97 1682.65
940.44 1349.99 2045.15 3292.77 2807.28 1658.36
641.46 992.72 1207.94 3550.83 2460.75 1672.34
675.74 906.67 1224.99 2043.79 2713.32 2392.23
355.15 502.52 645.03 1636.48 1302.96 991.29
720.55 1089.93 1533.25 3567.55 3041.26 1897.64
573.69 797.61 1146.25 2001.0 1757.45 1199.72
497.38 691.94 987.83 1519.63 1556.51 1070.75
745.09 1160.67 1488.61 3948.59 2582.61 1552.01
357.96 552.53 686.78 2730.81 1532.48 841.6
325.56 427.79 580.36 859.69 1052.45 800.23
387.51 565.22 742.41 1600.93 1278.14 815.28
561.48 826.63 1235.08 1806.43 1708.03 1108.37
915.19 1377.48 2040.66 3478.79 3523.41 2291.35
458.63 769.29 925.65 4174.15 2065.05 1151.16
130.21 146.16 170.35 210.78 212.75 171.09
940.76 1351.62 1977.74 3067.09 3435.21 2320.75
364.79 501.86 738.61 1100.63 971.27 585.15
690.05 1012.05 1440.95 2860.88 2296.86 1437.97
722.91 1098.54 1521.47 3536.59 2398.95 1565.07
925.67 1358.82 2000.6 3026.37 2909.96 1997.72
793.74 1138.15 1628.44 3340.95 2823.78 1833.09
909.58 1357.61 2026.44 3125.63 3445.51 2258.73
106.04 109.17 114.58 124.34 127.32 115.79
972.15 1453.0 2170.04 3353.83 3707.62 2439.91
764.33 1050.31 1446.29 2304.45 2868.18 2448.54
575.67 763.29 1037.42 1745.07 2108.69 1779.2
801.98 1122.65 1637.51 2737.83 3364.01 2426.91
333.23 545.38 564.33 3470.96 1791.07 1294.42
758.49 1085.76 1658.5 2537.27 2244.61 1302.9
586.05 825.39 1211.95 1957.8 1858.32 1114.74
919.43 1318.46 1959.56 3215.3 3102.66 1885.96
870.24 1225.17 1755.67 2743.09 3251.25 2389.0
226.91 372.91 335.4 1848.45 716.87 402.27
931.93 1330.63 1854.64 2989.3 2542.18 1706.59
732.71 1058.16 1533.41 2387.71 2763.19 1983.09
709.61 1014.06 1488.28 2261.34 2497.75 1628.58
135.41 153.8 185.5 242.77 260.23 192.64
795.64 1194.78 1763.37 2976.93 2434.68 1509.79
634.11 826.52 1080.23 1864.98 2655.51 2439.87
776.97 1184.28 1536.15 4070.44 3030.31 1874.14
942.32 1393.26 2119.9 3725.35 3937.06 2306.37
776.62 1151.42 1538.08 3756.23 2131.32 1253.84
189.0 233.23 310.64 429.41 389.86 262.58
358.34 464.15 623.46 1008.45 1138.04 929.02
791.1 1140.58 1678.19 2592.05 2539.31 1624.67
713.4 1065.91 1475.13 3230.58 2592.68 1860.78
737.49 1002.86 1350.21 2266.19 2576.29 2136.86
734.02 1073.28 1510.85 3519.79 2089.06 1242.53
663.66 998.14 1470.9 3466.69 2231.83 1218.2
221.8 409.12 390.69 4416.19 1108.89 514.54
554.65 820.48 1092.48 2666.81 1701.01 1041.08
105.09 208.43 138.33 3010.08 785.21 329.33
693.49 1007.17 1395.72 3400.76 2865.18 1966.5
713.74 943.59 1242.95 2053.12 2798.05 2542.75
959.93 1397.23 2060.58 3245.19 3142.68 2000.79
905.17 1278.93 1839.55 2843.85 3332.79 2417.15
367.53 712.55 421.48 5606.03 1384.88 592.74
912.96 1298.0 1878.58 3011.72 2472.95 1620.65
780.27 1104.98 1606.2 2483.02 3014.53 2094.52
929.92 1341.97 1922.14 3044.57 2909.82 1876.05
523.53 727.27 1080.06 1629.29 1451.56 881.42
393.54 602.49 798.87 2563.33 1295.01 755.31
505.73 863.14 1018.51 4251.77 1873.16 1030.17
593.23 890.72 1280.31 2519.43 1835.49 1123.89
223.33 410.86 432.65 4437.68 1309.72 630.36
485.98 775.61 910.5 3689.28 1671.94 956.47
304.84 505.2 426.09 2985.45 1045.7 550.72
803.1 1174.18 1737.08 2677.93 2723.68 1754.26
831.1 1190.06 1744.55 2673.88 3000.81 2007.34
215.82 273.67 363.76 510.64 555.55 390.42
659.2 932.03 1288.93 2338.82 2132.14 1497.87
503.46 761.98 1025.75 2929.94 2023.2 1220.37
215.21 272.75 362.37 508.47 553.15 388.89
878.35 1230.91 1792.87 2944.77 2713.48 1850.46
720.34 980.47 1373.71 2306.63 2676.63 2156.86
781.66 1037.38 1372.08 2186.14 3003.17 2715.54
756.46 1091.22 1617.84 3115.7 3204.09 2068.86
691.93 989.12 1387.38 2251.54 1814.79 1251.47
767.11 1055.89 1456.74 2317.9 2872.15 2443.32
758.96 1050.29 1467.61 2388.69 2969.85 2369.06
459.46 714.63 920.97 3994.28 1626.51 871.02
830.7 1209.64 1726.49 3112.4 2824.3 1880.11
752.12 1089.69 1672.76 2564.32 2245.73 1294.81
621.03 917.24 1307.55 2989.98 2073.03 1291.3
776.81 1211.18 1736.55 3821.62 2675.16 1635.77
450.23 635.92 886.82 1407.54 1005.36 627.2
414.8 655.01 721.94 3771.03 1767.78 1226.54
765.74 1158.98 1544.78 3653.39 2414.73 1474.1
739.31 1082.28 1523.89 3411.45 2103.59 1247.63
229.34 391.7 416.76 4008.93 1176.77 554.33
390.08 637.79 776.91 4074.8 1716.37 922.02
878.79 1282.5 1891.8 2939.64 3052.02 2020.76
475.68 640.11 902.62 1375.06 1438.3 1075.27
192.64 241.75 308.12 445.85 339.47 239.45
486.43 787.14 973.77 3921.21 1769.57 1022.91
728.8 1052.37 1529.66 3180.99 2214.72 1279.63
883.17 1240.06 1696.92 2729.64 2847.77 2207.64
321.46 423.03 586.2 931.45 850.71 590.22
641.78 940.91 1394.71 2033.41 1853.44 1178.3
559.27 797.8 1208.95 1951.73 2178.23 1301.53
183.91 306.81 298.3 2842.5 902.56 443.63
711.08 966.69 1325.93 2195.99 2800.74 2347.51
471.2 676.05 947.72 1893.72 1674.82 1067.89
777.23 1083.8 1575.97 2551.42 2361.77 1607.65
813.26 1179.26 1711.95 3288.28 2591.99 1601.41
361.11 564.04 649.41 3871.34 1544.47 983.02
742.84 1019.79 1405.17 2205.93 2739.19 2245.48
530.86 702.83 893.69 1911.66 2085.86 1866.1
771.22 1050.33 1431.96 2259.72 2877.4 2431.69
902.64 1317.63 1942.36 3012.48 3271.16 2169.37
824.54 1195.48 1731.75 3446.76 2610.07 1595.64
220.11 417.3 396.02 4443.96 1237.99 627.33
703.87 995.13 1437.35 2275.5 1782.01 1119.03
232.58 296.36 406.79 578.72 523.08 344.61
289.19 384.88 520.08 774.46 723.1 476.63
114.6 311.02 82.16 5221.32 1070.77 424.33
732.95 990.32 1382.75 2267.78 2708.74 2214.88
946.36 1372.7 2039.47 3136.71 2969.4 1927.98
332.84 448.24 600.63 923.77 742.49 485.23
200.98 416.52 359.14 4596.26 1324.2 586.27
806.79 1101.81 1537.29 2423.25 2852.06 2350.96
343.19 518.82 598.19 3637.05 1654.14 1121.06
670.92 1036.01 1477.47 3570.07 2268.78 1336.95
534.55 829.94 1050.39 4077.56 1874.27 1000.82
474.91 769.63 890.86 4231.71 1830.05 983.1
774.69 1087.1 1533.15 2485.22 3105.51 2453.04
812.71 1206.22 1803.2 2643.42 2406.67 1518.52
888.17 1289.23 1891.24 2957.6 3134.89 2134.99
608.11 939.49 1287.79 3797.24 2484.07 1481.67
904.75 1344.24 1998.37 3094.47 3446.45 2299.12
321.85 438.67 615.44 909.41 965.13 647.59
651.97 961.14 1420.8 2159.57 1908.98 1206.19
593.41 866.04 1213.53 2598.16 2308.84 1478.32
586.71 875.04 1156.28 3608.05 1995.57 1203.2
506.37 756.89 909.88 3443.23 2047.21 1470.64
301.5 594.44 509.66 4739.66 1449.74 663.88
216.13 320.82 333.15 1774.8 634.21 353.89
961.74 1414.17 2097.89 3241.67 3465.8 2241.4
211.3 380.18 376.82 4120.45 1321.36 710.31
919.75 1307.01 1889.0 3022.42 2494.28 1646.3
798.13 1106.61 1577.91 2635.93 2928.75 2152.52
843.92 1181.91 1692.3 2676.18 3363.88 2492.37
412.43 555.75 771.56 1193.45 1292.44 988.86
790.66 1085.0 1539.13 2455.72 2786.62 2194.96
867.54 1272.48 1886.68 2913.88 2965.08 1907.67
705.31 1078.62 1357.21 4140.75 2257.95 1299.07
695.58 1010.58 1469.58 2433.53 2384.4 1574.89
618.94 905.47 1340.14 1951.94 1779.55 1132.86
875.77 1273.5 1861.02 3120.32 3197.86 2056.83
625.63 943.69 1309.03 3828.21 2374.76 1313.55
746.78 1026.56 1409.6 2319.52 2699.62 2148.15
876.52 1230.01 1759.29 2752.34 3434.95 2544.25
764.09 1114.0 1644.5 2532.63 2579.85 1667.95
809.13 1134.29 1599.89 2499.52 2969.09 2288.35
337.73 426.96 545.98 861.1 1139.07 1037.27
120.44 317.41 92.98 5191.95 1083.96 443.49
960.42 1459.88 2214.03 3418.69 3122.25 1986.58
583.89 919.34 1148.48 4167.51 1942.73 1001.89
173.25 208.49 269.51 364.5 333.76 235.15
459.63 739.01 698.69 4442.89 1735.18 1072.94
928.2 1345.95 1877.65 3106.51 2752.61 1849.93
299.13 553.55 592.63 4331.24 1569.85 757.65
865.34 1256.25 1782.83 2920.17 2263.82 1498.62
914.91 1317.31 1837.47 2982.99 2775.0 1919.55
959.23 1384.01 2042.36 3129.4 3489.66 2300.14
225.01 447.59 320.22 4788.13 1284.24 575.83
765.21 1008.65 1317.57 2110.79 2934.38 2727.94
832.11 1197.19 1762.58 3353.37 2492.68 1455.04
354.85 636.24 643.2 4434.36 1662.67 850.18
738.08 1027.85 1486.29 2346.81 2507.34 1870.3
815.17 1115.35 1524.95 2370.0 2910.68 2501.33
697.96 1073.58 1540.93 3540.21 2327.98 1381.89
221.02 497.39 296.74 4933.16 1233.99 529.39
223.69 428.61 386.57 4686.11 1333.1 643.31
828.42 1179.03 1687.51 2614.66 2959.85 2328.08
789.65 1103.58 1538.11 2495.06 2717.18 2033.19
933.13 1355.02 1949.72 3089.96 2848.4 1761.0
338.33 531.36 693.45 2592.78 1279.66 730.37
653.19 959.35 1416.32 2069.59 1858.87 1186.29
824.66 1181.63 1739.57 3225.15 2463.74 1462.61
831.8 1201.6 1747.54 2868.77 2765.24 1828.48
448.5 840.06 731.66 4807.02 1720.49 877.66
665.41 943.81 1393.5 2261.12 2145.39 1280.41
812.21 1124.11 1546.59 2496.21 2840.6 2240.22
761.96 1048.05 1503.58 2428.48 2716.46 2085.32
285.15 387.62 540.57 759.21 688.69 463.58
578.17 813.62 1193.92 1927.68 1829.81 1098.29
712.79 1051.94 1558.15 2281.8 2048.38 1303.33
270.49 364.86 505.69 707.03 642.09 434.8
697.17 978.62 1314.28 2656.14 2674.54 2212.08
469.12 810.29 710.05 5001.65 1683.43 856.13
643.55 843.71 1110.36 1905.57 2673.32 2428.54
720.24 983.39 1355.18 2235.4 2818.03 2336.51
668.31 890.2 1192.25 1996.91 2670.05 2373.89
678.14 944.92 1231.26 2723.14 2571.12 2161.46
709.2 1108.04 1485.35 3825.57 2306.11 1256.48
207.46 380.76 388.18 4499.12 1408.76 658.42
972.7 1455.61 2184.89 3242.78 2929.58 1838.33
349.99 579.79 690.91 4182.98 1583.37 773.21
341.44 602.27 701.11 4397.09 1996.95 990.68
281.84 491.82 546.73 4547.61 1414.56 706.18
873.17 1230.32 1821.3 2824.12 2811.57 1932.73
312.53 536.66 648.51 4084.69 1447.48 747.61
306.7 477.82 595.61 2885.39 1252.32 702.25
409.46 656.87 868.38 4273.9 2107.18 1114.18
572.31 896.75 1132.07 3943.89 2007.05 1149.81
755.39 1196.79 1580.35 3802.67 2380.46 1421.11
837.77 1164.51 1625.62 2556.53 3047.81 2442.41
921.93 1336.03 1920.47 3023.85 2817.54 1758.18
505.32 715.82 1078.67 1734.19 1934.08 1160.38
748.12 1075.07 1470.75 2873.72 2574.85 1976.02
933.55 1355.16 1950.83 3071.58 2845.3 1759.36
805.79 1085.77 1466.77 2318.97 3044.46 2632.24
578.48 843.09 1153.93 2870.35 1936.78 1237.04
944.96 1366.83 1960.81 3095.99 2927.8 1864.27
815.64 1142.0 1571.23 2581.93 2476.54 1834.24
728.52 986.18 1293.65 2489.13 2718.05 2355.6
604.12 916.07 1224.3 3885.67 2140.87 1231.43
928.09 1343.84 1881.49 3209.35 2420.3 1481.51
912.23 1362.61 2032.91 3020.09 2688.11 1696.82
724.02 975.33 1355.28 2231.14 2702.34 2233.93
856.5 1209.02 1775.49 2925.68 3522.49 2478.7
981.66 1420.99 2100.43 3280.38 3810.81 2485.69
727.75 978.77 1335.02 2109.42 2610.58 2247.81
476.72 658.42 934.3 1457.19 1149.32 735.72
733.21 1140.79 1365.51 4204.14 2230.86 1311.94
907.34 1342.92 1976.92 3347.63 3314.26 2113.62
274.28 524.47 482.72 4557.06 1508.22 700.57
897.72 1336.09 1927.92 3488.24 3250.45 2061.16
812.0 1202.64 1784.35 2750.4 3048.89 2025.34
366.58 519.75 755.69 1085.74 1028.9 682.5
905.47 1334.17 1975.68 3160.96 3123.2 2000.66
657.78 869.63 1155.79 1966.77 2700.17 2411.47
373.78 641.28 709.41 4219.82 1510.27 793.26
194.55 423.2 382.67 4177.1 1476.03 701.31
569.83 795.85 1187.19 1796.46 1599.3 966.84
885.08 1316.01 1940.83 3004.47 2667.17 1737.37
752.33 1116.85 1543.78 3703.01 2411.82 1424.66
558.03 851.35 1070.04 3586.79 2127.78 1461.9
814.55 1128.55 1529.77 2501.84 2780.11 2249.44
627.84 919.98 1356.01 1979.35 1778.28 1136.52
103.17 104.8 106.9 111.33 109.75 106.12
803.4 1192.67 1773.77 2728.8 3006.72 1975.6
667.34 882.16 1161.81 1990.18 2606.31 2326.99
944.7 1355.96 2015.82 3300.06 3177.83 1929.27
762.35 1121.8 1603.07 3301.88 2791.55 1860.58
686.77 1037.31 1439.62 3691.02 2729.12 1669.73
691.16 986.4 1446.26 2195.93 2425.18 1582.32
603.86 784.24 1017.71 1760.46 2492.43 2300.59
813.67 1188.59 1694.47 2752.24 1983.47 1228.71
791.71 1104.48 1603.52 2685.18 3322.63 2428.65
581.55 801.44 1165.77 1827.23 1877.17 1331.55
326.61 686.12 384.15 5053.25 1338.74 590.61
496.38 821.55 783.79 3968.3 2117.08 1484.98
702.32 1052.33 1526.5 3580.47 3009.99 1754.66
867.87 1222.63 1745.75 2760.54 3031.91 2247.77
704.83 1072.37 1433.94 3670.24 2752.99 1752.96
273.9 339.71 427.97 644.38 848.6 765.2
477.83 706.03 941.52 2688.08 1481.45 839.66
710.87 1063.65 1390.7 3465.55 2390.47 1584.26
194.77 263.86 304.67 903.95 497.32 318.07
663.54 1009.28 1328.03 3607.25 1889.6 1124.82
825.14 1121.52 1531.36 2451.77 2742.27 2304.62
672.45 999.23 1431.39 2945.07 2366.1 1484.95
901.34 1316.32 2031.26 3146.73 2744.61 1576.26
991.11 1432.43 2124.17 3249.15 3845.82 2515.22
517.11 832.18 980.41 4301.43 1874.0 1061.9
361.14 627.07 728.93 3932.84 1540.03 776.39
622.79 857.55 1195.69 1923.29 2357.18 1858.16
512.76 748.96 875.13 2931.92 1896.49 1441.04
474.68 754.86 860.16 3676.38 1764.9 995.58
905.51 1352.15 2016.41 2990.3 2664.86 1682.83
604.93 925.24 1276.91 3570.39 2335.38 1431.22
342.58 448.4 599.45 941.43 1144.76 939.54
389.25 528.39 769.32 1144.41 1023.04 633.66
375.83 515.35 712.46 1083.33 1008.45 649.1
767.93 1098.99 1536.15 2463.12 1943.1 1205.09
418.36 577.35 825.01 1228.72 1352.18 898.28
327.86 615.93 388.91 5339.07 1341.67 611.57
885.25 1253.67 1736.39 2795.86 2490.21 1750.02
955.0 1376.0 2056.0 3368.0 3193.0 1885.0
230.2 294.31 397.86 597.66 571.01 371.82
595.13 832.65 1189.25 1832.06 1910.73 1347.69
136.01 154.96 183.65 231.36 240.4 188.87
950.07 1391.86 2152.47 3534.5 3947.83 2324.28
378.58 668.59 774.98 4085.38 1742.44 931.1
862.34 1303.39 1906.65 3330.95 2610.19 1621.46
226.71 335.84 349.39 1829.73 835.02 529.43
665.39 883.25 1149.71 2177.78 2645.48 2380.8
490.47 691.98 1029.43 1624.04 1417.67 861.49
802.41 1157.51 1696.34 3357.12 2422.57 1405.45
295.42 537.77 492.66 4770.27 1365.03 660.43
952.07 1384.12 1990.98 3155.85 2908.88 1796.68
779.14 1176.64 1639.2 3720.65 3261.75 1985.42
540.49 725.08 922.77 1820.41 1924.34 1674.33
405.05 522.82 686.46 1057.39 1334.84 1181.62
550.75 768.15 1098.24 1723.87 1355.51 860.64
858.05 1220.87 1838.32 2835.06 2668.29 1700.79
911.48 1320.32 1845.42 3163.02 2380.28 1455.24
573.06 800.63 1194.67 1808.12 1609.61 972.8
399.19 677.06 828.23 3826.1 2055.2 1156.23
427.4 728.77 688.94 4732.61 1693.88 862.62
936.02 1378.34 2115.5 3688.65 3918.09 2296.81
676.17 1034.43 1515.78 3051.4 2250.13 1400.54
274.98 511.99 450.29 4396.91 1357.21 645.56
642.02 852.39 1091.71 2232.64 2574.33 2341.37
227.73 442.43 348.58 4446.2 1156.23 535.0
736.14 1088.58 1465.23 3230.34 2311.46 1404.1
350.12 477.11 626.31 1349.12 1252.15 902.96
648.9 976.5 1364.25 3768.34 2377.51 1424.77
475.05 771.0 979.24 4046.84 2045.09 1149.06
269.73 460.74 484.83 4316.07 1278.21 611.31
809.42 1181.09 1624.49 3476.85 2221.89 1362.27
943.79 1343.1 1953.99 3008.5 3655.16 2560.96
755.56 1128.09 1485.14 3666.99 2140.7 1250.23
162.95 313.45 255.58 4525.13 1133.38 501.91
726.77 1088.7 1478.81 3829.05 2338.02 1351.42
845.3 1194.2 1679.89 2705.86 2832.85 2034.43
642.17 840.6 1104.11 1897.45 2683.75 2443.28
496.93 702.4 1057.31 1599.98 1406.07 827.26
430.19 703.53 817.22 3998.34 1684.53 999.12
556.53 877.17 1130.52 3925.38 2233.54 1323.7
408.43 697.37 744.54 4568.17 1881.29 1006.52
768.88 1057.65 1480.35 2391.38 3008.55 2381.35
868.01 1265.75 1952.18 3007.21 2627.88 1507.38
490.68 753.23 935.71 3376.78 1952.56 1264.08
635.44 826.99 1080.27 1864.06 2680.87 2460.51
814.64 1124.45 1526.0 2496.23 2630.28 2100.66
750.47 1098.15 1523.72 3404.27 3142.39 2141.77
610.16 913.08 1300.17 3668.15 2751.26 1691.59
774.57 1109.84 1696.57 2596.8 2296.99 1332.28
132.07 243.16 183.2 2971.67 840.96 380.41
923.22 1309.5 1887.9 3013.14 2518.54 1687.06
822.89 1194.36 1776.02 3175.94 2539.57 1489.05
359.55 490.81 692.72 1035.93 1016.13 672.62
769.41 1015.08 1332.3 2144.42 2919.75 2682.38
785.08 1080.34 1491.8 2397.54 3009.74 2468.2
797.83 1183.13 1767.64 2590.33 2358.52 1488.91
641.61 963.76 1338.35 3824.88 2580.59 1578.09
531.01 717.31 972.56 1482.08 1757.35 1489.45
729.81 1030.11 1334.05 2763.46 2547.1 2049.39
443.79 653.61 728.86 3143.28 2024.35 1594.1
719.56 1109.42 1571.59 3835.54 2908.86 1825.55
775.68 1123.69 1560.59 2968.45 2202.51 1526.65
595.1 924.74 1240.31 3830.04 2311.89 1341.17
175.01 352.28 294.21 4435.96 1220.15 507.44
938.45 1364.04 2089.12 3437.29 3913.69 2403.72
898.88 1309.28 1907.96 2851.69 2814.42 1998.77
618.75 848.09 1203.57 1901.33 2104.4 1631.59
956.34 1402.08 2073.73 3204.14 3450.46 2260.61
901.53 1360.42 1958.12 3476.85 3468.02 2299.11
746.84 1118.49 1691.0 2491.84 2353.92 1513.39
861.53 1303.87 1973.54 3057.72 2776.46 1771.2
922.71 1313.21 1930.09 3155.13 3145.46 2023.72
842.92 1178.57 1720.65 2832.98 2659.3 1816.33
761.68 1075.27 1527.61 2859.69 3186.73 2331.13
498.93 691.34 983.48 1537.19 1211.18 773.2
293.97 403.16 554.95 922.54 834.05 597.46
898.15 1322.95 1836.11 3370.27 2650.31 1678.48
848.67 1174.77 1672.4 2717.24 3389.67 2596.81
797.67 1158.92 1687.34 2612.67 3000.07 2130.52
809.19 1145.39 1639.13 2617.95 2985.87 2229.77
655.0 981.5 1304.38 3649.93 2168.08 1351.01
620.63 868.31 1281.54 2063.12 1724.46 1037.65
180.71 296.45 188.48 2367.25 591.15 266.05
965.72 1415.11 2189.47 3589.19 4017.42 2367.18
280.83 538.22 301.2 5133.45 1178.32 461.66
483.79 761.43 983.38 3950.5 2153.94 1235.05
217.7 311.6 357.87 1400.7 647.47 383.51
902.12 1334.58 1967.14 3335.24 3293.23 2103.27
539.87 886.79 1138.63 4018.95 2033.69 1141.07
526.01 799.82 1060.43 2925.65 1742.9 1121.33
457.76 655.74 951.3 1437.03 1578.39 1053.95
732.25 975.16 1299.9 2126.84 2917.65 2580.79
127.81 142.26 167.16 212.14 225.86 172.77
980.44 1486.17 2264.54 3359.97 3170.71 2027.5
642.46 921.18 1264.53 3313.1 2757.66 1962.92
821.71 1133.08 1559.37 2412.54 2878.3 2432.54
848.2 1227.56 1738.28 2850.04 2250.11 1513.53
402.07 550.81 791.06 1254.59 1192.77 730.65
930.55 1366.25 2025.73 3134.75 3207.49 2079.7
912.32 1322.59 1917.86 2986.13 3483.77 2535.17
192.12 307.92 222.4 2248.55 608.59 292.15
903.52 1283.65 1883.06 3091.72 3109.33 2021.31
221.89 289.36 390.05 533.99 487.56 339.36
489.33 852.96 766.81 5082.72 1813.6 934.25
422.13 789.44 620.68 4837.32 1547.67 759.07
855.84 1283.89 1891.05 3090.33 2579.31 1604.89
783.91 1119.65 1615.87 2611.98 2609.89 1791.0
636.53 935.52 1381.11 2088.97 1848.85 1171.37
948.33 1368.69 1910.53 3074.78 2821.01 1934.88
672.07 999.07 1345.09 3018.58 1898.93 1119.14
542.99 753.73 1105.33 1770.36 1482.2 897.81
109.26 113.94 121.15 133.39 132.69 120.43
294.1 552.7 578.16 4056.26 1511.13 749.15
803.03 1158.63 1661.02 2606.28 2415.44 1499.54
515.13 786.71 1046.7 3899.92 1751.7 956.47
427.13 707.17 840.49 4282.98 1699.5 847.55
738.99 1056.58 1612.35 2465.1 2181.11 1267.28
493.13 818.0 788.63 4804.57 1585.67 786.77
305.06 413.79 560.7 865.59 630.1 408.68
706.36 1020.25 1562.41 2391.42 2095.18 1210.98
768.71 1149.84 1552.41 3642.38 2355.66 1448.99
262.54 463.94 479.69 4373.28 1279.68 622.53
505.89 812.0 1086.34 4240.53 2471.75 1325.43
470.98 796.85 738.47 4927.78 1627.97 822.33
516.0 726.42 1023.7 1583.03 1470.1 928.14
429.23 602.59 864.91 1301.16 1383.85 912.62
309.1 419.21 585.81 862.88 915.4 616.11
681.72 1069.18 1467.38 3781.1 2261.16 1338.13
371.67 491.28 673.65 1085.21 1204.55 906.11
855.5 1231.77 1804.71 2811.48 2799.86 1843.37
662.25 933.42 1345.16 2125.54 1666.07 1048.79
795.99 1148.02 1697.34 2625.14 2460.58 1596.26
703.12 1013.9 1403.6 2745.37 2569.21 1975.67
851.03 1249.24 1787.28 2903.92 2041.48 1230.53
155.92 184.61 221.69 299.76 271.98 207.99
964.46 1397.74 2061.62 3201.13 3170.17 2053.83
261.34 474.31 484.52 3904.9 1439.1 702.72
149.38 303.14 195.0 3859.49 1100.21 557.38
325.94 550.35 660.93 4222.64 1479.02 762.0
473.37 638.97 809.57 1525.64 1540.3 1327.2
299.58 448.3 549.44 2486.51 1004.86 540.69
989.56 1430.44 2121.3 3246.53 3838.84 2508.3
595.74 940.2 1334.32 3916.88 2226.02 1316.55
363.6 503.37 692.22 1084.15 781.44 496.8
763.46 1108.97 1593.02 2822.57 2743.22 1758.27
275.22 400.66 483.56 1729.16 962.56 584.47
684.74 979.83 1411.31 2941.95 2434.05 1676.22
733.59 1030.24 1440.81 2437.67 2779.85 2255.31
578.18 797.87 1046.78 2590.67 2394.67 1961.26
970.37 1448.19 2159.85 3340.83 3704.25 2451.3
892.69 1318.33 1962.83 2975.88 3043.36 2140.79
217.85 443.38 316.63 4968.97 1292.42 590.88
742.54 1038.13 1495.85 2428.54 2523.03 1734.95
732.26 1060.7 1569.65 2962.43 2327.05 1399.33
909.9 1314.39 1944.42 2971.48 3285.56 2130.82
862.96 1266.79 1840.28 3364.54 3235.36 2056.56
744.04 1065.69 1566.7 2383.42 2633.18 1714.92
843.86 1201.17 1717.82 2632.99 2856.44 2190.65
380.95 630.3 706.38 3974.01 1808.36 1047.13
697.13 965.29 1300.83 2584.94 2414.08 1919.53
701.19 970.36 1363.4 2164.3 2017.01 1496.62
381.88 526.49 713.38 1106.89 966.87 644.3
667.84 1010.49 1465.69 3352.69 2220.13 1223.89
720.48 1135.54 1459.44 3878.82 2611.35 1582.95
711.17 1120.55 1611.25 3779.91 2568.34 1544.03
461.19 815.23 646.61 5219.91 1528.01 718.13
523.28 849.69 1113.09 4097.33 2363.56 1386.78
906.62 1323.9 2044.41 3147.38 2756.6 1582.18
564.7 809.05 1002.56 3167.97 2158.33 1659.68
809.69 1170.03 1678.91 2856.13 2990.19 2093.81
348.02 463.36 631.43 973.22 1149.52 888.44
567.82 809.12 1022.79 2940.95 2294.06 1795.28
440.89 629.55 911.17 1374.01 1508.7 1008.98
545.6 929.93 939.99 4870.3 1820.43 952.23
587.68 892.97 1289.05 3724.39 2060.15 1109.02
851.08 1173.64 1590.57 2560.41 2706.61 2181.48
600.45 954.05 1182.53 3837.62 1792.38 1025.24
537.71 725.38 999.36 1605.6 1894.09 1544.59
896.39 1269.28 1903.42 2950.09 2769.03 1774.6
875.34 1285.86 1868.0 3409.31 2956.13 1861.64
430.88 606.32 843.36 1335.31 955.35 598.08
460.87 750.73 975.87 3825.45 1872.83 988.98
623.16 1031.13 1186.83 4283.45 2426.92 1419.68
273.13 509.31 414.4 4630.11 1384.68 655.65
818.2 1197.25 1772.24 2733.29 2780.03 1789.78
755.58 1081.41 1651.61 2526.5 2235.13 1297.59
808.01 1168.13 1772.3 2799.13 2495.58 1521.23
359.66 658.55 726.87 4464.81 1778.64 923.56
481.09 811.52 964.58 3892.21 1746.3 968.38
215.2 371.35 340.45 3649.97 1048.72 599.37
891.27 1252.06 1807.49 2947.83 3099.17 2158.81
775.77 1032.91 1380.14 2198.94 2881.34 2588.58
840.06 1230.65 1823.14 2813.44 2861.6 1841.22
255.86 611.1 188.9 5375.08 1257.05 511.57
242.99 525.68 370.54 4864.97 1322.3 574.35
717.77 1001.93 1479.24 2298.1 2234.16 1501.55
686.51 970.98 1352.49 2223.5 1946.34 1422.06
879.79 1282.2 1880.84 2863.29 3033.32 2231.53
839.49 1214.0 1761.4 2684.96 2735.52 1986.23
924.12 1320.57 2007.02 3075.72 2729.9 1620.51
698.08 943.03 1284.45 2140.11 2776.22 2363.1
736.24 1035.47 1381.58 2805.15 2420.89 1842.57
523.16 703.37 972.94 1611.7 1872.8 1458.31
231.9 431.92 391.74 4635.11 1329.3 639.88
974.09 1457.82 2179.93 3366.71 3712.07 2430.74
325.53 414.4 527.61 807.18 968.52 859.8
852.51 1180.61 1623.86 2579.29 2918.27 2307.13
786.12 1165.85 1666.44 3674.26 2798.34 1604.09
343.7 476.88 670.46 1033.45 1114.91 771.57
368.01 509.46 724.03 1082.66 1100.11 730.58
603.2 956.77 1307.39 3880.13 2147.5 1228.56
927.84 1384.81 2077.98 3053.94 2779.9 1748.87
893.76 1271.3 1901.09 3092.58 2577.47 1530.98
211.56 267.98 354.77 502.29 493.78 346.13
437.44 576.42 784.67 1301.5 1699.26 1388.02
835.59 1211.25 1660.8 3034.44 2309.11 1615.5
656.21 868.52 1153.65 1948.64 2649.49 2384.76
778.01 1059.82 1451.62 2291.61 2792.8 2333.46
871.75 1251.76 1865.55 3049.8 2891.84 1711.2
715.01 945.45 1249.74 2079.95 2802.9 2520.48
955.67 1378.86 1937.51 3123.69 2471.03 1531.22
761.93 1000.36 1301.55 2089.93 2886.48 2702.67
470.66 661.61 795.22 2545.48 2197.32 1862.99
769.24 1122.13 1674.84 3243.09 2413.75 1389.45
775.45 1028.12 1366.09 2178.74 2892.05 2620.59
828.03 1222.89 1808.77 2674.17 2469.52 1622.36
881.21 1269.39 1900.1 3346.53 2680.75 1599.1
249.58 332.36 455.94 659.03 718.14 498.86
694.18 1022.09 1355.51 3168.29 2091.42 1451.78
427.37 679.3 828.43 4099.8 1668.29 917.74
246.52 376.07 372.01 2509.68 1270.97 911.4
499.94 730.6 832.07 3370.08 2105.95 1620.55
781.36 1039.06 1363.14 2190.33 2889.59 2633.84
816.02 1195.66 1708.61 2773.19 1950.96 1177.82
792.66 1105.55 1535.96 2522.39 2763.67 2093.68
617.69 809.24 1046.49 1946.13 2603.32 2387.31
943.96 1359.79 2004.09 3082.2 3454.25 2291.81
833.73 1289.18 1853.69 3752.52 2755.78 1699.2
706.89 929.91 1222.85 2022.45 2767.04 2532.92
690.86 975.66 1350.26 2158.51 1817.09 1213.68
957.06 1383.73 2046.92 3169.74 3709.03 2422.17
833.21 1174.31 1751.81 2718.47 2585.02 1686.33
754.17 1085.92 1607.4 2918.58 2263.82 1328.82
919.83 1311.13 1915.12 2971.85 3612.54 2503.97
905.6 1319.77 1917.92 3557.76 3043.99 1777.2
705.53 931.75 1222.67 2014.1 2763.76 2540.08
214.14 383.88 344.94 3052.38 1054.71 519.0
961.81 1400.19 1966.81 3171.78 2790.46 1822.58
943.07 1350.68 2050.11 3198.83 2799.51 1658.09
564.83 816.58 1135.47 2318.69 1743.15 1062.4
231.38 419.38 405.92 4380.81 1113.7 520.97
595.48 805.32 1101.6 1805.06 2273.64 1891.15
373.91 571.16 670.93 2638.11 1398.08 957.83
938.05 1354.04 2004.35 3078.58 3625.95 2370.16
153.0 359.19 172.81 5130.26 1144.87 477.81
796.24 1174.04 1665.68 3451.52 3179.78 2032.62
869.58 1261.23 1849.14 2890.32 3063.03 2086.44
366.38 571.55 565.06 3700.38 1712.12 1226.02
499.95 700.44 840.49 3213.09 2146.96 1777.43
132.14 332.91 123.29 5178.32 1100.65 446.47
727.57 1157.09 1561.86 3659.98 2465.24 1514.91
132.21 279.89 207.74 4554.57 1069.84 450.39
832.69 1261.74 1792.36 4120.46 3459.95 1980.36
980.3 1416.51 2100.42 3211.65 3799.83 2483.33
865.43 1251.25 1784.52 3287.37 2328.36 1443.36
844.8 1186.25 1729.89 2698.15 2816.18 2059.75
927.21 1329.29 1859.73 3012.66 2495.1 1622.64
615.15 900.24 1325.82 2025.25 2228.79 1473.63
962.0 1398.0 2014.0 3173.0 2939.0 1816.0
69.0 191.5 59.0 4653.5 930.0 346.0
134.0 394.5 95.5 5146.0 1087.0 409.5
969.0 1403.0 2079.0 3181.0 3518.0 2279.0
155.0 368.0 123.0 5163.0 1156.0 447.0
89.8 263.8 87.2 4769.8 1060.5 381.0
971.0 1390.0 2115.5 3245.0 2879.5 1707.0
122.0 299.0 89.0 4632.0 914.0 354.0
72.0 203.8 71.8 4231.5 957.5 341.5
907.5 1325.5 2047.5 3151.5 2757.0 1579.5
948.0 1357.0 1978.0 3155.0 2462.0 1531.0
56.8 180.8 53.0 4412.8 873.5 325.0
119.5 322.5 80.5 4825.8 970.8 371.8
948.0 1376.0 2046.0 3146.0 2970.0 1921.0
911.0 1341.0 1922.0 3127.8 2196.5 1320.8
985.0 1493.5 2276.8 3372.5 3183.8 2033.8
76.2 218.5 55.5 4643.8 764.8 282.8
962.5 1390.0 1954.5 3151.5 2480.0 1527.0
959.5 1435.2 2145.2 3160.2 2832.8 1787.8
88.5 243.0 63.5 4918.0 903.5 321.0
978.0 1422.0 2105.0 3266.0 3199.0 2037.0
79.2 209.2 66.0 4931.0 970.2 374.0
222.2 574.0 104.8 5481.0 1198.8 463.2
992.0 1434.0 2127.0 3253.0 3849.0 2515.0
980.5 1432.2 2016.0 3245.2 2807.8 1800.2
966.0 1422.0 2112.0 3259.5 3477.0 2237.5
109.2 304.0 68.8 5231.2 1052.0 412.0
978.0 1434.0 2220.0 3640.0 4073.0 2397.0
81.5 229.5 75.0 4588.5 1023.0 369.5
937.0 1353.0 2081.0 3198.0 2826.0 1629.0
924.0 1316.0 1970.0 3207.0 2671.0 1584.0
102.5 315.2 89.5 4914.0 1200.8 467.0
980.0 1467.0 2194.0 3388.8 3736.5 2446.5
955.0 1376.0 2056.0 3368.0 3193.0 1885.0
977.5 1462.0 2197.0 3231.5 2940.0 1846.5
939.0 1381.8 2053.5 3176.2 3230.8 2074.0
265.0 540.0 222.0 5608.0 1151.0 427.0
83.0 265.0 84.5 4714.5 1156.5 420.5
245.0 494.0 207.0 5231.5 1090.0 397.0
304.0 635.0 236.5 5868.5 1229.5 464.5
138.0 335.0 114.0 4964.0 1063.0 407.0
53.8 244.8 74.8 4340.2 1057.2 381.2
619.0 799.0 1032.0 1800.0 2627.0 2458.0
688.0 897.0 1159.0 1935.0 2759.0 2592.0
756.0 989.0 1280.0 2056.0 2900.0 2740.0
100.0 100.0 100.0 100.0 100.0 100.0
