514.85 699.92 866.18 1406.5 1752.34 1531.19
140.44 158.48 174.68 227.35 261.06 239.51
477.37 714.45 783.8 3182.54 1847.48 1450.53
455.42 764.02 688.55 3733.28 1639.91 1078.69
393.27 521.18 645.68 988.56 1186.99 1066.37
658.88 915.77 1203.71 2028.25 2093.43 1636.27
609.19 923.39 1226.39 3792.34 2097.2 1210.93
412.78 594.35 704.78 2097.11 1493.16 1116.94
909.16 1345.9 1979.47 3086.6 3452.56 2330.72
236.63 427.91 255.51 2720.5 912.52 545.77
626.93 862.55 1073.37 1776.22 2202.06 1918.92
296.94 511.43 427.54 3760.21 1401.31 912.71
370.76 482.01 583.84 981.16 1249.57 1077.1
302.2 529.44 354.37 4224.92 1188.21 630.95
851.33 1213.4 1675.57 2640.57 2680.9 1931.8
821.12 1202.02 1682.44 2966.01 2141.03 1385.72
515.95 756.54 1055.89 2134.86 1838.49 1181.95
163.88 191.75 218.87 293.56 336.78 310.51
209.93 261.25 315.35 485.45 520.58 446.32
475.9 643.59 794.23 1283.82 1597.19 1396.81
507.16 688.8 851.98 1382.28 1721.71 1504.66
353.47 514.5 559.0 2882.66 1580.63 1165.23
383.02 587.78 709.5 2920.73 1672.4 1111.67
96.03 251.67 77.62 4874.09 921.66 343.35
928.62 1331.37 1928.53 2962.21 3516.98 2421.14
120.98 130.34 138.75 166.07 183.57 172.38
686.01 945.45 1200.79 1946.73 2269.17 1996.43
113.99 171.93 122.31 1319.89 419.25 233.98
530.66 833.99 1065.39 3561.27 2035.58 1292.56
322.23 424.28 514.7 932.85 957.2 845.47
565.79 796.84 966.87 2048.89 2080.65 1755.35
664.04 918.45 1152.91 2002.07 2220.84 1955.31
334.72 431.16 519.44 863.87 1096.55 947.04
573.19 798.22 1071.39 1722.84 1966.62 1541.31
333.36 548.44 432.6 2828.97 1320.0 911.4
267.88 373.16 409.92 1405.43 1012.17 783.28
822.62 1209.05 1759.18 2694.14 2751.76 1929.19
444.09 641.99 742.73 2481.93 1768.65 1391.11
548.28 755.34 1050.6 1607.5 1629.12 1204.52
185.77 328.85 255.74 4192.01 1210.21 681.21
397.44 668.81 524.38 4494.96 1509.01 928.94
656.71 911.77 1160.03 1899.8 2205.97 1865.63
725.59 1031.64 1389.19 2173.46 2389.89 1884.9
600.04 816.32 1058.37 1780.09 2001.64 1613.27
150.58 173.15 193.42 259.3 301.46 274.5
644.79 909.39 1089.11 2416.18 2177.65 1866.4
785.83 1127.54 1655.5 2784.8 2433.79 1555.77
259.09 498.6 338.2 4103.84 1370.66 806.07
373.89 492.32 623.93 1020.3 1210.09 990.28
371.0 482.35 584.27 981.94 1250.58 1077.97
429.41 604.91 680.96 1775.35 1370.04 1145.0
637.53 925.11 1227.28 2615.8 2204.4 1595.71
505.9 727.92 862.72 2646.83 1904.73 1541.78
442.53 697.76 664.27 2882.4 1662.17 1242.99
545.34 809.73 1016.58 2800.22 2051.42 1461.26
118.71 296.03 140.27 4608.76 1121.97 463.78
448.73 650.62 743.9 2597.05 1719.04 1383.32
670.27 929.91 1157.98 2089.58 2258.49 1990.8
376.94 575.42 588.88 2924.26 1712.0 1242.62
487.41 660.24 815.5 1320.08 1643.04 1436.52
825.87 1202.26 1709.71 2593.89 2621.09 1880.65
611.38 850.45 1158.19 1842.37 2153.05 1654.35
730.9 1060.41 1498.14 2435.35 1800.43 1137.73
270.01 344.16 416.34 615.11 730.14 660.22
441.25 593.48 730.24 1174.7 1459.18 1277.27
70.14 256.1 101.48 4136.0 1055.77 411.9
524.92 721.36 877.89 1585.1 1801.53 1556.21
415.13 544.61 663.13 1125.55 1437.94 1237.21
840.73 1214.72 1831.23 2852.8 2621.72 1614.18
756.87 1088.14 1506.74 2738.4 2927.85 2048.05
520.43 695.28 861.75 1480.55 1868.16 1587.34
565.76 784.85 1057.55 1655.0 2005.42 1536.98
949.05 1371.43 2020.2 3097.97 3441.07 2258.23
561.15 835.11 963.46 3108.84 1972.78 1429.64
527.39 782.22 1014.05 2780.52 1791.44 1183.38
416.57 602.42 651.79 2619.86 1710.64 1323.82
774.05 1088.71 1486.68 2397.57 2322.95 1745.85
382.83 630.68 501.24 3605.99 1340.36 873.72
585.63 791.79 998.52 1703.79 2132.65 1781.23
893.04 1287.62 1819.95 2881.61 2787.4 1838.57
741.39 1041.17 1402.09 2226.39 2715.38 2107.67
448.43 622.7 889.5 1338.5 1286.72 874.88
338.45 448.85 522.4 1200.89 1167.32 972.13
519.5 813.78 768.78 3739.66 1826.59 1340.83
577.02 819.07 978.21 2229.42 1987.22 1699.2
163.24 366.3 183.25 4957.73 1194.62 558.07
478.76 647.74 799.53 1292.86 1608.61 1406.7
464.02 640.95 742.36 1999.75 1766.45 1439.28
560.73 750.17 924.24 1600.1 2054.5 1759.75
580.02 794.17 986.54 1611.75 2011.92 1756.03
528.7 704.85 866.08 1495.15 1920.13 1647.06
746.45 1044.34 1368.24 2177.86 2306.07 1926.93
700.3 962.13 1216.98 1918.83 2325.01 2078.12
531.64 739.17 996.91 1572.39 1393.1 990.9
363.18 554.71 549.49 3183.69 1615.96 1171.46
421.99 612.26 803.93 2000.06 1304.35 797.12
651.46 891.98 1126.1 1770.85 2143.98 1917.17
563.96 871.78 1066.92 3620.88 1912.27 1142.23
708.71 984.74 1320.21 2060.5 2278.37 1851.71
577.94 794.06 1005.22 1640.21 2025.13 1715.75
567.14 762.16 948.86 1630.34 2052.34 1733.13
482.98 661.06 880.69 1396.57 1386.52 1069.69
553.38 742.71 909.95 1644.85 2040.62 1741.27
256.13 325.78 388.35 591.7 721.86 638.63
113.35 236.8 115.52 2821.74 764.24 347.68
432.94 609.79 734.48 2169.06 1633.94 1264.4
801.26 1124.8 1616.6 2664.09 2462.6 1643.35
673.96 933.07 1227.31 1919.69 2182.54 1833.73
446.7 608.57 772.49 1373.69 1383.11 1156.02
384.64 501.59 608.64 1026.31 1308.48 1127.17
360.32 467.27 565.17 947.16 1205.21 1039.4
891.45 1273.91 1753.94 2816.23 2440.3 1680.33
478.14 643.04 796.37 1500.3 1660.23 1381.12
365.03 489.08 621.54 985.88 1099.86 890.06
294.77 385.38 497.46 759.92 752.88 591.09
762.33 1094.53 1539.89 2389.11 2482.86 1801.92
296.61 384.63 484.67 720.7 811.99 693.19
537.97 722.76 881.35 1622.28 1976.02 1684.16
815.0 1150.0 1582.85 2455.0 2833.11 2167.84
258.95 387.02 396.92 2263.59 1097.65 770.29
843.78 1207.14 1692.86 2709.52 2678.44 1799.53
581.75 813.24 1116.25 1786.07 1997.79 1478.03
627.84 864.07 1080.52 1767.94 2194.82 1904.55
480.77 653.3 830.33 1332.57 1528.32 1283.72
92.67 274.81 101.48 4651.3 1174.67 447.66
833.57 1178.44 1654.14 2673.66 2779.58 1982.33
430.98 635.47 729.91 2973.4 1719.78 1345.28
410.29 633.31 724.59 3501.3 1662.11 1104.39
610.06 850.94 1030.57 2037.28 2018.92 1757.33
287.28 399.43 438.9 1469.23 932.96 747.82
172.71 204.42 235.28 320.29 369.48 339.58
622.18 850.03 1083.78 1840.73 2164.62 1765.94
766.37 1083.26 1604.91 2458.61 2268.62 1448.04
520.56 803.02 1019.16 3562.09 2162.07 1438.25
752.44 1078.6 1544.71 2823.18 2007.22 1245.38
681.54 943.31 1209.6 2021.7 2258.84 1924.5
421.19 613.26 694.01 2386.07 1772.89 1364.42
738.06 1035.96 1392.48 2212.77 2700.34 2102.27
300.2 382.46 457.75 751.53 949.99 822.47
631.57 878.11 1097.22 1992.3 2196.85 1848.94
626.31 865.9 1148.73 1892.32 2264.7 1769.17
741.06 1041.27 1371.52 2404.59 2376.43 1890.1
566.53 800.26 970.64 2258.87 2008.0 1697.44
504.94 681.55 853.46 1326.89 1600.88 1434.34
960.77 1394.5 2054.25 3191.94 3150.02 2031.47
269.4 339.0 402.71 651.28 819.2 711.3
583.72 817.72 991.35 2087.93 2100.93 1776.65
354.61 459.22 554.97 928.58 1180.97 1018.8
210.0 257.97 304.67 433.28 507.71 462.47
229.32 401.11 340.46 3980.11 1148.38 723.55
210.64 258.89 305.86 435.22 510.08 464.57
442.04 604.43 728.67 1438.87 1504.92 1290.43
526.6 719.18 917.46 1610.03 1864.71 1502.72
489.93 704.96 816.22 2577.03 1871.6 1512.28
397.78 646.95 776.62 3845.96 1906.29 1145.01
643.25 894.06 1170.8 1812.85 2091.33 1778.97
525.69 718.01 863.94 1913.61 1962.07 1629.68
627.08 868.1 1089.06 1840.29 2192.67 1881.06
750.45 1054.76 1399.48 2170.22 2477.82 2078.05
347.96 543.7 516.94 3151.19 1532.08 1091.79
341.46 501.71 548.15 2162.01 1460.41 1101.56
557.95 775.22 1073.75 1636.69 1944.04 1435.35
640.95 888.78 1123.84 1891.25 2254.7 1914.05
610.93 889.93 1111.24 2792.34 2096.85 1531.23
256.67 396.42 396.02 2978.09 1274.04 867.94
340.03 482.63 543.18 1928.76 1232.47 989.61
245.24 304.91 359.53 572.65 716.62 624.11
829.46 1175.14 1686.21 2613.86 2600.34 1839.49
230.54 288.78 341.09 511.11 619.94 550.35
615.91 849.91 1059.94 1934.69 2056.51 1815.39
295.26 458.21 471.83 3098.24 1219.7 812.35
882.69 1284.95 1837.4 3176.78 2931.0 1911.88
730.7 1033.08 1389.33 2216.69 2590.24 2019.3
390.86 663.73 530.84 3421.2 1553.13 1075.32
516.23 714.53 821.26 2008.26 1889.21 1552.63
355.72 472.75 614.3 967.13 1032.73 818.25
575.93 783.41 974.81 1783.3 2061.88 1699.45
700.71 977.54 1293.66 2120.39 2422.8 1912.15
557.79 751.99 951.88 1609.89 2022.07 1676.07
332.75 542.11 505.76 3689.9 1481.53 1026.18
245.14 308.45 370.07 539.76 637.96 578.27
519.03 705.54 895.91 1387.69 1647.11 1450.72
405.72 649.51 676.2 3822.52 1730.49 1136.64
754.47 1047.51 1396.19 2225.08 2413.25 1969.86
513.96 761.83 900.49 2997.98 1890.79 1440.19
177.11 360.52 196.38 4320.5 1054.54 524.75
484.81 746.74 942.79 3694.17 2073.16 1326.34
462.59 699.28 867.79 3334.59 1879.21 1220.32
333.28 501.82 520.63 2984.31 1558.34 1098.93
517.27 695.74 842.87 1638.15 1901.93 1611.28
379.0 565.35 604.21 2779.93 1712.83 1251.73
368.59 505.86 733.86 1099.48 1000.85 631.99
390.11 509.53 618.41 1050.14 1332.97 1147.31
302.15 474.16 497.45 2866.26 1293.55 860.87
737.51 1040.1 1366.88 2222.65 2392.47 1886.47
416.52 586.09 669.82 2490.16 1724.84 1346.81
103.43 104.92 106.38 110.39 112.7 111.29
416.51 546.56 665.59 1130.04 1443.8 1242.2
380.64 508.6 639.71 1017.1 1238.22 1036.76
364.23 493.63 586.9 1282.42 1213.7 1030.37
448.3 600.22 748.09 1155.31 1390.98 1247.73
725.65 1003.56 1294.74 2037.3 2406.17 2082.88
927.57 1377.07 2027.14 3146.39 3508.02 2368.6
961.1 1387.79 1950.81 3145.67 2478.85 1528.68
639.24 874.44 1103.37 1733.83 2098.69 1876.91
316.88 457.91 506.36 2109.27 1198.89 912.99
820.28 1168.06 1658.62 2636.24 2766.58 1932.48
581.36 872.78 1020.37 2871.38 2149.03 1582.71
602.96 832.58 1032.64 1893.52 2010.89 1767.68
310.38 433.81 493.37 1659.61 1080.98 860.31
357.56 474.81 579.42 1009.7 1082.12 957.38
715.39 1035.13 1357.47 2888.15 2362.23 1611.15
465.84 698.33 847.81 2839.26 1423.24 887.71
594.09 815.46 1026.03 1675.91 2040.37 1751.85
252.16 450.95 333.93 3853.41 1296.72 789.87
908.97 1294.78 1927.14 2976.75 2757.53 1746.54
650.08 900.4 1154.79 1875.7 2243.3 1886.41
354.73 502.23 562.55 1829.59 1209.98 976.06
350.55 655.73 361.15 5091.76 1379.25 700.08
406.35 628.12 702.57 3639.95 1635.75 1116.46
794.72 1159.52 1645.37 2541.29 2478.7 1765.17
521.43 755.93 918.65 2698.2 1946.69 1423.22
244.65 309.18 367.15 555.54 676.13 599.02
679.46 950.0 1211.66 2306.38 2287.47 1917.55
731.21 1018.77 1327.51 2071.59 2419.91 2081.68
736.68 1023.31 1344.21 2136.77 2547.83 2124.96
635.14 884.27 1153.39 1857.72 2111.37 1692.05
336.01 432.98 521.74 868.06 1102.01 951.68
618.5 902.13 1145.01 3016.17 2031.19 1455.82
603.01 870.09 1108.8 2812.0 2088.73 1626.7
395.9 517.48 628.76 1062.96 1356.29 1167.81
174.94 358.29 245.93 4113.59 1329.3 678.69
644.09 888.39 1168.46 1941.32 2347.93 1858.9
372.75 612.21 518.25 3923.19 1443.07 854.35
529.86 727.65 850.49 2006.75 1960.85 1623.82
368.19 542.25 563.31 2678.53 1543.89 1161.02
631.74 880.03 1172.71 1911.22 2218.98 1759.64
356.87 478.06 622.8 959.56 1072.86 848.34
400.46 666.35 536.03 3431.42 1649.56 1147.52
364.48 482.47 588.46 932.94 1153.42 1012.43
797.81 1127.35 1566.07 2517.57 2934.19 2193.87
648.48 961.62 1251.95 3154.74 2347.57 1659.55
748.78 1071.4 1498.53 2336.09 2454.08 1799.11
475.56 637.22 770.59 1489.22 1732.39 1467.73
104.71 106.76 108.75 114.26 117.44 115.5
122.69 272.92 126.42 4470.82 950.61 414.18
378.95 623.41 510.47 4022.67 1479.63 930.0
443.33 649.49 737.2 2723.17 1805.48 1397.5
715.76 993.08 1345.92 2222.45 2217.19 1668.07
746.12 1048.58 1428.71 2341.52 2561.22 1910.63
498.69 665.39 818.96 1451.42 1803.89 1530.23
326.89 601.83 367.26 5109.25 1310.54 641.6
816.29 1169.66 1645.54 2656.44 2722.72 1924.18
840.72 1200.37 1721.79 2784.86 3205.38 2242.25
664.85 920.82 1247.59 2109.46 2559.69 1919.78
706.31 986.72 1302.65 2170.48 2315.63 1773.99
641.98 900.64 1199.84 1899.24 1925.94 1490.62
859.26 1232.13 1734.9 2770.2 2712.55 1801.69
567.29 762.79 951.02 1632.18 2048.83 1726.63
607.41 842.58 1112.96 1766.69 2160.2 1718.21
560.51 750.15 924.29 1603.34 2054.02 1758.21
881.95 1270.54 1871.42 3041.69 3465.96 2288.72
791.46 1135.23 1545.49 2841.53 2668.66 1885.82
606.62 835.57 1117.82 1823.52 2060.15 1604.52
675.34 943.53 1250.6 2100.02 2100.15 1615.68
461.91 703.02 844.8 3148.89 1854.61 1260.84
401.84 579.31 655.37 2342.36 1525.25 1205.31
447.71 658.3 755.92 2813.95 1741.45 1359.86
104.71 263.32 153.17 3358.36 962.78 442.11
260.37 465.54 409.92 3917.05 1493.65 897.26
846.97 1255.79 1773.44 2937.24 2603.4 1800.6
716.79 989.94 1275.23 2018.67 2426.86 2098.61
351.95 461.83 568.8 863.36 1033.83 930.21
271.71 348.31 417.12 640.76 783.9 692.37
641.64 885.01 1129.22 1830.92 2033.56 1747.66
587.47 804.42 1012.09 1680.21 1932.64 1708.54
845.73 1291.57 1894.18 3474.86 2823.57 1814.28
879.68 1249.94 1792.06 2880.66 2389.98 1571.32
635.97 868.04 1128.76 1902.04 2133.08 1715.16
507.55 751.68 807.71 2646.34 1930.33 1460.28
600.06 815.83 1049.95 1819.72 2159.38 1735.96
567.72 779.12 971.2 1769.86 1884.99 1660.17
424.99 558.65 681.05 1159.52 1478.71 1271.12
523.3 748.84 884.86 2336.81 2003.63 1633.74
473.13 687.45 715.86 2778.2 1787.37 1367.45
400.14 577.44 630.92 2723.01 1663.26 1272.1
386.7 528.33 697.07 1089.69 1055.55 777.22
395.05 540.72 645.75 1437.6 1364.72 1147.85
955.56 1381.52 2040.99 3128.96 3469.87 2261.95
458.13 635.13 761.97 1833.32 1644.28 1378.28
313.3 542.77 524.49 4326.93 1654.71 938.39
842.93 1218.59 1734.04 2714.1 3013.22 2123.38
712.09 990.35 1279.93 2200.6 2291.24 1940.78
809.86 1159.09 1601.56 2434.83 2570.52 1993.38
184.44 298.54 179.45 1998.26 537.28 283.29
444.08 637.49 691.96 2424.68 1621.47 1223.81
565.48 768.5 966.11 1510.33 1825.28 1633.84
623.6 861.37 1086.87 1777.99 2116.09 1809.83
766.05 1079.11 1555.44 2472.01 2475.48 1688.4
726.85 1019.83 1365.37 2173.22 2584.29 2026.88
458.43 659.49 766.87 2538.18 1649.1 1357.62
634.32 894.35 1117.26 2382.04 2245.59 1875.11
537.58 767.66 898.2 2315.01 1985.19 1646.31
491.01 677.81 799.52 2062.51 1907.38 1557.67
290.69 461.46 454.9 3713.54 1445.95 970.61
418.49 623.74 703.28 2349.22 1513.3 1146.83
590.68 825.5 1011.04 2219.79 2029.08 1750.66
697.31 973.08 1278.3 2050.27 2470.38 1996.12
741.47 1058.92 1476.2 2307.46 2438.55 1797.6
628.97 859.69 1084.26 1702.71 2060.63 1843.07
242.65 454.6 408.52 3638.2 1428.91 877.42
588.69 814.57 1025.58 2110.35 2089.72 1643.25
660.34 914.17 1144.83 2091.1 2238.52 1970.68
489.31 791.78 725.47 3506.54 1830.03 1365.32
678.9 946.73 1228.04 2046.79 2448.5 1995.55
314.9 440.76 489.75 1596.99 1042.95 840.5
380.92 503.44 622.7 951.13 1141.2 1025.67
486.47 658.88 813.76 1317.12 1639.29 1433.28
471.62 637.4 786.33 1270.34 1580.14 1382.04
469.11 696.55 978.91 1982.02 1492.15 974.92
706.56 1087.56 1489.56 3243.57 2319.41 1481.51
780.67 1109.69 1570.09 2425.92 2471.86 1804.69
557.1 860.99 1121.54 3690.11 1610.75 921.71
494.14 698.79 968.81 1554.12 1179.06 769.52
545.01 727.84 895.2 1548.2 1989.34 1705.89
533.41 740.7 900.9 1954.65 1921.59 1629.81
415.96 610.28 630.11 2234.92 1428.94 1114.58
420.5 663.56 604.62 3647.65 1600.51 1095.35
683.73 970.48 1261.02 2457.81 2152.44 1730.14
566.89 792.43 991.27 2158.38 2152.85 1702.99
499.95 670.87 840.53 1431.22 1794.54 1502.45
581.2 794.31 1009.65 1629.69 1865.04 1626.24
455.16 601.09 734.66 1255.83 1607.91 1381.68
520.77 757.32 884.76 2771.84 1956.24 1580.0
585.93 808.09 1052.3 1688.59 1958.87 1605.21
602.85 838.28 1118.32 1766.11 2092.51 1638.61
130.45 144.04 156.25 195.91 221.3 205.06
786.24 1114.6 1577.4 2500.22 2587.7 1853.88
388.69 577.44 642.95 2762.55 1652.5 1236.44
617.01 842.51 1062.0 1666.46 2016.28 1803.65
399.05 615.06 609.73 2937.89 1688.02 1249.75
721.98 998.91 1286.23 2023.16 2417.41 2097.86
121.86 260.08 144.44 4685.43 1066.16 494.34
264.66 404.92 406.37 2377.66 1130.38 786.36
402.58 667.45 541.17 3407.03 1654.92 1155.66
146.96 167.91 186.73 247.89 287.04 262.0
183.03 394.37 178.31 4916.16 1218.09 537.89
377.09 490.94 595.15 1001.74 1276.42 1099.93
317.04 509.84 544.52 3495.8 1444.3 910.38
635.76 957.55 1244.89 3457.0 2109.78 1298.67
232.13 346.05 318.38 2088.4 924.51 632.65
808.24 1156.35 1591.3 2482.4 2867.49 2223.59
669.53 928.48 1262.1 2132.31 2582.28 1926.91
649.45 906.2 1116.99 2214.84 2214.44 1927.78
447.3 716.35 848.52 3780.84 1861.06 1082.78
254.15 321.39 386.83 567.06 671.36 607.96
223.03 304.04 311.8 1110.06 726.45 567.07
284.97 360.97 430.54 701.97 885.33 767.51
777.85 1121.42 1581.78 2526.4 2926.23 2116.09
462.51 630.08 768.96 1419.27 1574.95 1360.17
170.07 334.46 238.45 4209.22 1209.97 614.25
776.81 1100.9 1512.38 2401.29 2627.14 1972.43
762.16 1099.71 1661.77 2554.41 2305.34 1406.65
255.42 345.94 391.13 1130.87 810.42 657.33
592.46 807.9 1016.48 1822.08 2176.08 1784.58
255.84 338.84 456.46 640.17 610.06 442.84
412.4 626.98 683.27 2935.69 1790.26 1328.15
272.41 462.35 305.57 3064.01 916.05 522.26
561.25 817.31 910.14 2883.92 1943.32 1566.47
438.63 746.12 577.48 4504.62 1586.59 987.24
660.46 918.23 1210.86 1890.7 2180.98 1809.78
552.31 746.36 920.25 1783.82 2025.7 1695.63
170.58 388.98 217.89 4575.38 1329.38 650.65
206.84 250.73 290.91 447.68 553.59 485.54
629.17 871.42 1131.6 1784.08 1967.34 1640.51
661.16 927.96 1240.78 2038.91 2067.4 1529.99
376.53 536.06 599.43 1924.01 1364.46 1089.33
426.61 572.32 703.21 1128.61 1400.89 1226.78
433.5 570.52 695.94 1185.31 1515.91 1303.49
935.0 1358.78 1894.44 3053.72 2730.03 1816.36
494.74 656.92 805.37 1384.61 1775.91 1524.48
520.39 723.59 829.63 1971.72 1943.44 1609.19
209.57 258.46 302.37 445.08 536.43 478.02
607.26 872.88 1003.41 2731.62 2076.19 1724.15
553.93 756.43 938.35 1529.57 1907.98 1666.0
132.53 319.43 174.54 4447.02 1251.8 556.98
626.79 856.01 1127.33 1880.64 2189.95 1736.79
652.62 901.11 1148.5 1881.38 2244.15 1897.7
439.56 636.54 734.77 2552.22 1669.14 1322.42
323.05 517.57 415.98 3356.28 1250.31 782.06
552.71 739.84 909.01 1602.81 2028.37 1735.7
930.3 1376.71 2029.34 3007.18 2835.97 1887.86
665.25 937.69 1309.27 2027.18 2129.22 1557.01
299.94 449.75 459.35 2536.29 1330.01 942.2
541.74 750.04 986.13 1569.41 1729.71 1349.4
305.33 455.97 464.3 2326.32 1201.23 895.14
442.15 731.34 630.46 3472.32 1743.93 1253.59
376.52 517.29 606.06 1460.24 1215.84 1028.88
767.72 1088.85 1447.59 2349.79 2444.11 1875.75
338.05 463.1 634.77 923.65 948.29 714.23
705.58 986.62 1311.05 2178.92 2441.75 1905.18
441.14 600.88 790.97 1230.44 1451.73 1143.53
676.53 945.16 1235.71 2284.25 2218.33 1795.63
679.55 949.21 1265.58 1985.68 2147.95 1693.45
678.85 941.99 1285.9 2107.16 2040.24 1508.24
730.07 1066.48 1468.49 3341.83 2304.84 1403.39
674.67 937.25 1224.48 1987.65 2183.24 1779.91
821.19 1157.4 1592.12 2469.3 2954.19 2262.04
539.03 728.11 886.91 1710.63 2011.75 1702.89
720.89 1006.26 1377.13 2220.1 2629.29 1964.16
129.7 141.9 153.07 196.66 226.1 207.18
567.97 764.74 948.94 1685.31 2077.28 1754.37
640.61 901.94 1216.4 1861.17 2062.83 1676.66
268.02 446.0 416.36 3626.94 1426.36 899.42
486.93 763.38 737.48 3063.37 1854.91 1414.5
318.47 491.54 512.51 3367.15 1498.89 1049.43
672.36 992.37 1318.0 3021.43 2510.16 1754.95
700.46 963.01 1217.68 1939.69 2329.91 2079.7
155.49 311.85 235.43 4734.57 1185.76 558.97
515.27 714.9 868.16 1761.43 1839.18 1561.37
826.44 1188.54 1637.41 2639.61 2252.81 1632.3
741.78 1046.89 1486.47 2485.45 2931.44 2037.01
243.37 357.71 355.47 2251.12 987.85 715.31
702.34 981.35 1300.08 2064.22 2073.04 1635.25
775.23 1124.16 1720.22 2809.85 3150.92 1882.6
115.61 122.57 128.83 149.15 162.17 153.85
925.09 1332.79 1954.79 3010.94 3360.72 2223.28
666.24 938.8 1348.41 2133.04 1695.45 1082.39
418.46 551.1 679.55 1145.17 1436.06 1219.45
703.56 984.34 1286.8 2081.03 2370.9 1900.59
213.23 420.19 290.99 4111.18 1407.06 779.95
349.73 490.18 542.47 2066.65 1362.85 1063.6
163.32 189.33 213.14 306.05 368.82 328.49
764.24 1088.53 1492.35 2365.35 2716.66 2050.41
207.22 364.31 315.82 3632.97 1260.83 725.91
747.38 1061.76 1424.91 2472.22 2604.18 2037.31
425.31 558.98 681.32 1158.68 1481.17 1273.96
427.44 591.71 699.54 1567.91 1478.43 1248.77
910.71 1316.27 1932.74 2984.7 2880.82 1921.47
775.81 1118.7 1566.25 2889.02 2663.28 1819.93
464.87 652.47 754.97 2218.74 1874.21 1492.86
631.7 863.6 1089.33 1710.97 2070.72 1852.05
340.37 500.58 523.37 2756.11 1449.45 1068.72
977.11 1461.3 2195.63 3229.66 2939.15 1846.84
411.15 574.56 713.73 1673.5 1319.68 1004.04
738.44 1024.61 1352.1 2119.5 2409.36 2017.64
711.67 983.47 1259.59 2049.88 2372.13 2055.1
393.56 579.04 628.39 2483.1 1530.92 1192.87
852.58 1211.74 1703.93 2632.18 3000.25 2194.97
215.75 266.24 315.38 450.71 529.03 481.42
372.76 494.51 607.26 1011.28 1125.77 1003.32
460.83 632.77 823.27 1404.1 1431.07 1161.31
681.1 962.7 1283.28 2071.42 2110.99 1596.82
307.91 483.35 497.25 3626.09 1459.44 1002.05
872.3 1285.42 1878.21 2819.0 2662.59 1781.73
218.0 435.81 306.14 4223.39 1421.54 786.86
141.87 159.07 174.82 236.26 277.76 251.09
729.94 1024.73 1374.49 2186.1 2596.23 2030.1
742.03 1041.26 1360.86 2232.01 2285.97 1895.12
457.56 727.11 874.16 3748.28 2132.21 1331.91
631.98 885.28 1193.31 1893.44 1733.3 1266.59
557.1 746.14 921.93 1591.73 2039.72 1741.42
319.0 504.46 498.86 3172.08 1600.05 1083.23
414.86 617.76 689.83 2963.24 1683.61 1276.37
289.82 367.81 439.19 717.73 905.89 784.99
595.1 811.04 1021.23 1600.08 1935.07 1731.45
404.81 648.4 569.06 3789.3 1554.85 1032.89
620.41 857.94 1062.65 1823.04 2175.75 1879.82
649.55 914.06 1199.66 2243.41 2242.34 1757.16
631.38 902.03 1168.09 2449.38 2088.81 1575.39
936.76 1355.6 1988.29 3101.34 3085.94 2009.67
597.02 917.28 1158.13 3857.39 2517.39 1578.48
554.5 800.96 1003.14 2787.25 1916.4 1345.76
267.23 459.99 367.89 3957.24 1402.9 884.54
611.2 899.37 1192.22 3274.02 2264.61 1493.27
865.06 1258.35 1832.76 2868.12 3001.03 2012.74
461.96 643.23 755.69 1958.73 1815.58 1475.64
261.28 473.47 357.81 3974.31 1314.81 804.03
140.05 290.57 224.46 4268.72 1026.76 451.54
410.61 579.38 659.43 2526.94 1711.33 1329.79
608.35 836.78 1047.16 1738.91 2118.9 1830.04
879.77 1309.17 1941.36 2932.9 2903.82 1966.01
343.94 450.33 553.89 839.1 1004.15 903.82
526.19 707.71 909.22 1537.95 1798.33 1459.5
690.93 982.29 1383.58 2470.32 2316.08 1603.51
443.16 600.88 714.53 1630.16 1656.85 1372.16
847.95 1220.81 1807.1 2794.9 2634.11 1727.29
131.99 202.34 168.88 1848.23 595.04 336.12
151.55 294.09 222.56 3974.54 1094.3 589.93
428.6 603.25 714.1 1867.32 1503.11 1245.08
845.08 1215.76 1795.51 2777.72 2628.18 1734.42
610.77 838.72 1044.45 1709.69 2132.5 1858.26
278.88 356.62 437.86 696.35 784.89 647.48
160.93 187.5 213.37 284.6 325.83 300.77
585.59 823.13 1027.45 2165.3 2088.55 1710.49
461.48 641.37 737.2 2026.45 1761.48 1436.87
479.0 645.72 777.12 1667.62 1764.51 1487.14
602.1 832.67 1035.25 1906.24 2029.4 1777.52
638.03 879.22 1100.76 1803.52 2214.39 1914.22
540.24 751.77 1057.25 1706.53 1733.94 1173.26
208.6 257.05 300.57 442.02 532.56 474.67
616.25 841.41 1060.58 1664.15 2013.45 1801.13
654.94 897.37 1134.48 1784.73 2150.62 1917.81
323.37 507.57 512.24 3357.05 1409.65 1017.07
575.13 832.46 1018.96 2717.45 2075.22 1572.25
419.71 735.03 563.74 4021.02 1665.55 1130.25
492.59 681.26 915.33 1438.42 1277.55 912.79
424.29 603.36 674.9 2552.86 1722.15 1345.82
822.49 1217.57 1762.43 2840.3 2556.08 1703.73
163.54 189.64 213.54 306.77 369.76 329.29
919.95 1335.2 2009.31 3278.37 3706.09 2331.56
611.14 839.18 1044.02 1709.76 2135.87 1863.39
627.5 881.36 1214.76 1943.12 2228.48 1637.55
875.12 1276.31 1801.24 2920.65 2220.39 1452.98
291.86 462.86 457.05 3706.8 1448.59 973.92
641.32 877.42 1107.23 1740.12 2106.38 1883.75
576.98 836.26 1044.4 2786.81 2015.65 1414.03
180.05 336.21 273.51 4521.39 1244.65 635.93
721.19 1005.65 1299.99 2095.38 2368.35 2033.96
748.82 1041.98 1369.12 2150.1 2478.96 2078.67
608.93 886.09 1026.02 2891.98 2084.67 1679.2
592.54 818.03 1008.09 1767.02 2081.77 1803.74
110.25 114.82 118.93 132.28 140.83 135.36
865.64 1239.45 1774.39 2750.84 3119.46 2171.38
814.64 1216.31 1644.07 3602.1 2474.31 1541.05
271.98 373.43 427.59 1326.19 887.77 653.31
469.12 648.46 798.24 1624.23 1621.16 1346.45
884.41 1266.02 1887.94 2912.34 2715.65 1731.94
584.08 800.04 994.04 1624.53 2028.08 1770.03
551.06 777.25 935.82 2094.92 1953.99 1624.74
164.77 191.38 215.73 310.77 374.97 333.72
655.85 942.84 1204.0 2409.73 2274.26 1798.91
490.24 674.82 799.26 1968.9 1901.59 1557.24
335.74 440.91 535.38 842.43 1038.95 913.28
542.22 747.98 992.89 1592.67 1805.66 1420.23
462.76 751.88 734.04 4442.17 1640.74 897.82
792.44 1112.94 1510.16 2348.65 2732.78 2151.56
156.5 186.38 202.9 400.87 346.08 299.49
365.0 483.22 589.42 934.57 1155.48 1014.22
478.48 712.7 703.71 2957.2 1790.77 1347.47
583.07 802.87 1035.73 1675.04 1882.22 1557.81
436.57 631.97 697.4 2491.88 1823.09 1411.17
487.29 720.65 831.7 3138.35 1821.99 1401.5
540.37 728.83 884.67 1733.03 2001.95 1696.98
191.57 231.51 270.38 377.44 439.4 401.74
531.52 752.03 912.48 2480.79 1957.05 1477.15
446.23 653.0 876.0 2276.87 1460.7 900.74
662.8 920.11 1187.71 1947.52 2387.74 1970.72
564.13 771.18 957.18 1561.69 1948.6 1701.19
600.83 832.69 1022.38 1902.1 2131.41 1836.8
695.37 958.02 1208.39 1977.88 2318.16 2060.84
506.39 687.69 850.56 1379.86 1718.65 1502.01
508.09 805.1 997.73 3640.09 2138.05 1321.65
624.3 857.75 1096.72 1717.4 2060.66 1802.0
563.21 778.53 968.13 2034.23 2154.32 1724.26
582.82 787.1 990.13 1692.09 2123.92 1778.91
559.81 774.12 951.82 1738.3 1980.91 1705.4
636.96 877.49 1151.75 1917.66 2292.15 1823.76
575.02 773.19 964.52 1656.98 2094.19 1769.96
887.55 1323.78 1921.21 3118.25 2673.51 1748.94
689.59 1014.84 1418.72 3206.48 2806.77 1834.22
166.96 196.84 223.68 310.9 366.72 331.02
842.49 1203.82 1721.48 2724.92 2827.47 1947.2
441.42 604.77 732.36 1497.9 1533.97 1303.72
610.58 842.97 1044.03 1851.22 2164.07 1873.49
614.51 837.09 1079.92 1814.63 2181.84 1782.62
546.92 749.54 924.15 2037.75 1984.92 1610.06
322.32 413.66 497.27 823.49 1043.87 902.27
104.21 106.05 107.83 112.75 115.6 113.87
493.77 655.56 803.66 1381.47 1771.82 1521.01
346.65 508.46 539.39 2240.93 1315.79 1001.51
576.55 810.47 1039.6 2129.43 1860.84 1421.42
847.88 1204.01 1688.76 2609.98 2979.31 2191.57
738.1 1023.35 1321.08 2092.63 2354.61 2011.25
213.9 320.02 302.77 2273.1 882.3 615.84
141.67 299.34 185.12 4278.31 1153.12 540.45
703.62 1000.68 1372.67 2132.74 2460.03 1907.84
692.32 950.67 1202.14 1894.66 2295.43 2051.82
159.23 186.08 220.62 298.33 304.61 257.13
753.6 1049.92 1408.47 2206.11 2441.09 1985.96
104.04 105.7 107.22 113.14 117.14 114.57
107.27 110.44 113.52 122.02 126.93 123.94
212.54 278.63 296.79 766.32 602.69 483.94
436.5 635.91 742.66 2635.52 1737.95 1356.37
179.96 380.83 294.61 3775.6 1309.38 719.8
818.61 1181.1 1674.27 2628.54 2833.2 2016.13
728.49 1044.97 1427.53 2720.06 2796.49 2014.88
653.68 927.66 1211.23 2219.65 2291.2 1848.71
673.99 940.1 1188.8 2209.34 2208.49 1859.84
419.99 610.79 657.0 2725.75 1742.1 1341.32
357.95 671.11 429.23 4241.29 1535.24 951.01
293.26 415.03 500.36 1581.89 975.85 712.78
252.38 469.04 340.44 4165.68 1281.46 762.39
404.46 619.56 620.23 2892.82 1700.29 1266.9
357.65 605.64 441.86 4348.23 1434.3 845.67
482.79 659.11 875.61 1345.92 1470.96 1193.17
140.89 242.15 164.6 2808.74 725.73 386.8
543.69 780.29 973.82 2679.92 1828.3 1325.41
449.71 595.6 723.09 1290.87 1588.48 1359.16
624.4 854.54 1121.98 1911.76 2364.22 1858.14
227.58 447.2 268.56 4734.41 1312.15 664.21
867.94 1241.41 1793.12 2789.62 3156.02 2150.76
819.44 1160.82 1666.82 2760.21 2801.76 1842.1
649.71 916.28 1203.27 2166.47 1988.71 1503.95
667.28 931.94 1234.16 1898.85 2132.77 1775.38
627.31 862.58 1074.02 1760.86 2199.71 1918.35
723.45 1028.13 1421.15 2236.89 2400.25 1793.86
107.91 111.44 114.61 124.91 131.5 127.29
248.51 314.77 374.29 567.72 691.53 612.36
119.68 127.76 135.16 164.04 183.54 171.01
265.11 608.98 204.5 5163.83 1300.2 608.11
439.79 579.39 707.18 1205.78 1542.61 1326.18
673.07 1004.9 1265.84 3424.83 2326.46 1563.75
849.33 1202.96 1680.23 2598.39 3101.58 2303.71
339.92 444.57 546.42 826.93 989.27 890.59
604.07 832.99 1031.09 1829.36 2135.33 1849.03
296.23 393.84 500.73 962.74 983.58 731.63
154.07 183.16 199.83 420.55 340.06 295.14
485.41 660.97 917.92 1441.64 1477.79 1058.44
529.73 773.4 921.23 2686.52 1954.87 1525.89
552.96 801.11 938.25 2810.47 2010.54 1642.66
157.83 364.77 155.48 4635.38 1060.41 484.47
618.66 851.08 1137.63 1851.89 2292.27 1765.93
709.07 1037.52 1310.6 2862.4 2313.26 1775.43
241.47 457.02 319.12 4219.84 1255.97 730.34
537.13 716.73 881.13 1522.57 1955.89 1677.46
466.12 671.47 772.56 2479.53 1927.53 1473.02
623.81 848.52 1107.29 1852.85 2181.31 1751.77
511.78 796.9 929.37 3600.01 1887.5 1230.2
420.25 624.78 685.58 2983.33 1703.58 1305.52
952.64 1381.18 2033.24 3164.76 3129.48 2020.2
542.19 735.36 896.08 1779.73 2020.57 1694.37
690.81 954.02 1221.98 1929.03 2244.48 1948.83
670.75 927.73 1159.68 2022.34 2248.49 1989.31
658.25 964.09 1384.84 2991.95 2191.07 1372.38
523.84 708.6 859.0 1792.21 1971.82 1654.89
577.81 847.3 1166.45 2245.2 1888.47 1353.7
451.38 604.64 753.82 1164.64 1402.39 1257.87
270.71 340.86 405.06 655.56 824.8 716.06
622.44 883.4 1138.69 2304.36 2047.02 1590.82
726.85 1049.19 1450.33 2960.6 2564.11 1709.71
751.92 1058.57 1463.96 2280.4 2402.34 1847.45
670.27 920.66 1161.31 1884.57 2225.23 1983.41
767.42 1076.62 1496.02 2442.15 2424.72 1764.99
319.5 528.01 560.42 3356.16 1254.57 722.8
508.66 728.59 865.51 2762.75 1904.33 1553.33
334.38 608.8 389.47 5018.72 1345.48 669.54
487.41 733.27 800.18 2777.97 1877.73 1471.35
248.85 419.99 421.52 3643.58 1430.51 809.51
800.7 1148.76 1587.45 2427.81 2629.08 2068.57
336.34 441.77 536.49 844.31 1041.33 915.34
573.58 808.62 983.03 2116.39 2062.06 1646.91
570.85 780.91 969.61 1582.87 1975.39 1724.39
251.69 475.12 470.68 3740.44 1502.72 826.77
283.83 472.82 431.76 3967.24 1358.54 882.37
299.57 381.56 456.62 749.46 947.29 820.17
644.43 929.37 1355.39 2079.49 2130.93 1405.6
497.44 737.69 771.0 2696.17 1766.12 1382.13
548.61 750.98 942.51 1528.37 1860.99 1593.03
683.36 1053.37 1495.35 3996.5 3088.71 1755.23
622.47 850.34 1072.15 1682.99 2036.5 1821.62
665.31 950.15 1373.34 2458.2 2040.6 1284.87
723.74 1000.39 1288.58 2027.97 2400.15 2083.23
798.16 1149.99 1694.45 3058.21 2685.39 1587.64
534.92 724.4 873.99 1797.07 1994.17 1679.6
360.08 478.37 586.23 963.69 1136.15 981.29
748.57 1049.17 1442.04 2439.37 2245.66 1622.87
475.47 663.1 885.79 1531.96 1441.71 1085.04
608.7 853.56 1132.23 1980.93 2067.99 1606.59
539.12 830.05 817.23 3545.87 1880.94 1420.6
469.56 621.4 760.38 1302.67 1669.01 1433.62
292.26 448.61 435.82 3084.43 1330.34 921.34
662.8 918.38 1185.16 1928.82 2192.64 1822.37
324.55 486.19 518.33 2595.48 1386.4 1005.79
590.6 841.6 1051.81 2733.57 2151.99 1722.0
518.96 754.07 883.95 2691.3 1866.4 1493.99
452.51 652.74 756.17 2676.0 1804.55 1427.37
179.65 388.83 198.17 4526.99 1111.42 548.61
298.98 385.77 470.24 702.88 837.51 755.68
712.29 985.53 1269.26 2040.33 2396.2 2064.61
867.73 1243.25 1855.19 2875.93 2686.78 1695.57
482.85 683.58 908.15 1912.8 1565.6 1105.74
532.65 765.86 912.48 2686.15 1982.45 1609.29
565.91 808.59 983.2 2413.57 2054.64 1648.3
571.49 876.02 1153.38 3444.66 1890.76 1120.41
751.58 1092.31 1438.85 2875.81 2389.99 1700.12
216.81 343.78 335.12 2818.75 1029.81 680.41
722.7 1010.81 1336.42 2353.17 2365.0 1914.64
550.72 845.04 1088.33 3694.61 2339.35 1452.32
677.88 936.44 1174.64 2049.27 2276.48 2014.81
549.77 809.29 1091.62 2288.33 1913.93 1375.07
328.31 492.43 500.94 2987.19 1445.72 1039.83
631.5 886.28 1172.07 1843.74 2092.57 1690.43
640.84 883.64 1108.15 1815.18 2216.69 1910.87
596.9 816.29 1050.51 1758.34 2138.89 1760.77
515.22 714.1 972.97 1550.98 1738.48 1294.52
853.59 1209.06 1721.04 2775.89 2362.48 1586.72
403.44 535.79 664.62 1019.39 1224.71 1099.91
495.16 784.34 1008.23 3862.85 2352.56 1382.63
919.57 1320.46 1949.59 3193.88 3085.83 1889.35
550.73 736.73 905.6 1592.27 2019.1 1728.71
134.44 202.25 124.73 1090.45 341.88 206.52
491.54 684.55 828.33 1713.16 1758.39 1488.95
386.57 553.17 622.5 2567.47 1646.48 1265.43
122.42 132.42 141.4 170.6 189.29 177.34
581.14 813.35 984.18 2085.02 2100.67 1785.71
718.21 1082.41 1478.04 3613.27 2513.52 1568.58
861.52 1237.46 1783.3 2771.87 2763.15 1922.08
248.15 314.25 373.62 566.59 690.09 611.12
239.09 296.24 348.55 552.66 690.54 601.94
711.36 994.92 1315.79 2190.28 2324.7 1774.47
438.29 585.84 729.45 1124.97 1353.86 1214.73
588.26 806.09 1001.76 1637.7 2044.74 1784.46
213.89 371.08 301.74 3715.9 1092.43 649.79
743.55 1051.02 1502.81 2382.18 1950.9 1287.86
933.91 1404.01 2113.95 3159.08 3047.87 2000.89
222.62 297.71 328.18 988.16 709.29 563.8
822.77 1166.11 1676.39 2775.16 2811.39 1843.16
213.25 262.65 310.73 443.14 519.77 473.19
418.43 590.84 675.35 2361.27 1735.19 1348.49
966.82 1443.7 2162.67 3186.58 2917.53 1848.91
352.74 616.83 590.46 4559.49 1694.09 914.32
731.78 1016.59 1416.59 2356.82 2344.66 1676.94
363.22 563.86 593.12 2977.84 1641.84 1174.51
440.86 588.27 709.49 1424.33 1594.53 1345.96
384.69 525.81 695.23 1085.77 1042.4 761.67
682.28 963.21 1311.81 2107.86 2378.36 1838.78
616.68 847.19 1054.25 1727.21 2157.94 1882.5
585.24 824.68 1018.86 2226.35 2128.59 1754.35
703.33 979.16 1303.39 2088.13 2352.03 1875.32
454.04 663.23 681.5 2819.53 1729.08 1301.53
107.51 255.12 113.36 4480.8 846.49 375.82
691.2 949.08 1200.04 1892.13 2291.44 2048.17
601.42 828.15 1026.76 1773.19 2117.15 1837.77
713.82 1006.77 1401.9 2166.66 2256.56 1700.2
558.45 763.02 981.65 1657.01 1820.93 1468.78
198.2 273.88 272.54 1273.65 607.7 459.21
484.82 656.5 810.72 1311.93 1632.74 1427.6
164.87 310.02 246.39 3912.93 1125.34 627.18
776.31 1113.65 1518.41 2477.38 2201.51 1609.38
716.49 988.17 1265.48 1990.62 2395.02 2096.74
618.9 851.26 1063.61 1831.23 2050.81 1815.95
216.82 269.26 315.44 474.77 565.73 502.57
881.87 1250.99 1856.67 2887.6 2700.26 1718.49
705.03 972.27 1253.73 1970.24 2317.67 2012.54
329.55 437.31 587.97 943.39 1109.22 805.41
563.58 845.76 1142.49 3593.86 2320.08 1448.2
525.15 714.83 885.21 1438.96 1793.39 1566.74
369.92 558.17 610.56 2541.95 1352.02 987.84
586.45 816.04 997.22 2014.12 2104.39 1798.74
853.51 1251.7 1839.69 2960.5 3058.16 1988.5
172.74 202.63 229.99 336.73 408.85 362.51
854.72 1210.09 1760.28 2868.59 2562.03 1664.08
620.87 878.29 1164.34 2213.48 2214.89 1715.92
514.59 684.94 840.86 1449.23 1860.21 1596.14
145.65 174.76 196.01 450.46 320.09 242.78
546.14 729.45 897.24 1551.91 1994.17 1710.0
602.51 888.58 1112.52 2934.38 2088.92 1488.33
309.82 403.42 487.51 760.79 935.71 823.86
460.08 635.34 758.94 1613.15 1599.09 1354.44
569.04 794.72 962.59 2195.84 1974.18 1568.95
364.76 513.79 581.17 1760.94 1302.92 1058.83
963.71 1439.06 2142.16 3313.49 3665.52 2422.3
253.98 469.79 275.67 3061.86 992.36 587.74
819.12 1155.04 1627.24 2637.49 2326.15 1607.07
954.73 1377.31 1932.58 3114.85 2475.66 1543.76
518.11 764.24 851.2 3018.81 1937.21 1533.67
177.47 380.11 201.39 4851.29 1199.52 604.59
480.35 646.24 807.71 1252.4 1509.75 1353.32
551.01 805.86 997.54 2471.66 2143.53 1668.71
913.98 1360.65 2011.15 3008.45 2970.03 2047.2
786.98 1113.62 1560.98 2429.83 2508.29 1878.6
748.27 1080.8 1419.85 2656.47 2391.37 1762.36
252.45 320.46 381.55 580.11 707.19 625.93
287.46 404.5 419.15 1736.59 1068.75 807.69
858.13 1227.31 1701.37 2717.61 2696.74 1906.62
216.64 289.43 363.34 792.33 543.46 370.38
599.06 925.0 1136.69 3630.11 2022.52 1266.84
533.67 783.42 1044.37 2346.54 1748.1 1178.54
782.41 1138.42 1664.43 2575.78 2659.25 1761.34
845.1 1206.3 1631.09 2630.28 2575.57 1928.95
283.2 451.95 418.01 3546.63 1378.17 915.22
534.55 767.8 904.42 2746.93 1942.58 1602.88
716.55 1001.54 1320.59 2042.78 2320.03 1950.67
531.8 709.22 871.61 1505.24 1933.29 1658.25
631.79 871.61 1141.25 1878.07 2205.53 1774.87
352.02 464.45 565.44 893.68 1103.78 969.43
428.97 641.86 759.6 3223.21 1579.17 1076.92
757.06 1085.94 1490.9 2306.22 2449.48 1871.84
537.19 781.88 912.13 2798.17 1899.87 1529.01
717.35 992.25 1273.65 1996.0 2362.85 2070.26
740.33 1044.51 1481.96 2478.36 2924.44 2034.8
240.45 364.24 341.94 2193.38 894.16 630.61
636.44 921.05 1185.09 2706.26 2288.49 1722.14
452.56 677.13 731.91 2825.6 1778.91 1387.13
193.9 345.6 316.28 4113.64 1143.92 568.88
807.47 1140.83 1573.36 2446.79 2605.77 2016.22
224.16 275.18 321.87 504.07 627.15 548.06
905.32 1307.63 1916.34 2961.35 2867.91 1921.54
401.26 569.76 647.87 2485.27 1680.91 1307.31
603.23 859.24 1083.16 2182.6 2159.1 1754.86
227.97 578.13 118.6 5428.28 1213.11 483.94
329.15 535.5 531.95 3385.24 1630.09 1098.77
513.48 800.59 969.6 3538.31 1916.27 1252.23
490.31 676.35 934.35 1502.46 1560.5 1095.81
154.68 345.28 243.64 3793.5 1255.66 655.99
184.26 218.87 250.56 374.2 457.72 404.05
438.95 757.41 672.69 4028.63 1893.09 1148.38
609.43 842.09 1039.18 1846.36 2153.35 1862.76
186.59 222.17 254.74 381.81 467.65 412.49
494.96 727.23 884.11 2876.01 1913.56 1440.36
744.35 1091.69 1590.83 2420.64 2451.64 1706.96
633.47 866.38 1093.65 1717.39 2076.27 1855.28
437.43 617.5 732.13 2072.87 1558.7 1276.44
608.71 869.22 1014.03 2614.42 2078.34 1735.75
530.89 723.12 895.8 1457.01 1816.22 1586.52
669.18 936.0 1177.5 2210.46 2249.05 1934.44
806.5 1143.92 1679.81 2643.81 2558.43 1674.35
332.57 516.08 584.23 3210.36 1533.9 965.1
318.97 499.37 527.28 3404.27 1466.45 1039.87
266.26 436.14 412.65 4030.18 1379.47 887.68
281.5 502.12 425.22 3843.76 1542.88 962.68
149.14 216.96 176.86 1469.76 493.5 308.66
734.69 1062.08 1507.88 2345.92 2485.01 1811.19
422.73 603.19 657.77 2378.11 1676.96 1301.96
868.65 1261.04 1921.66 2977.7 2678.29 1599.68
628.51 868.65 1117.7 1827.96 2170.53 1794.7
147.35 168.48 187.46 249.14 288.61 263.37
429.93 606.07 717.39 2117.35 1609.31 1297.5
726.61 1003.68 1294.85 2045.33 2347.24 2033.42
280.58 451.4 448.22 3308.23 1425.41 934.48
393.91 514.68 625.21 1056.5 1347.86 1160.65
388.2 519.93 674.38 1049.24 1176.55 949.64
611.04 898.38 1230.65 3054.58 2177.33 1379.11
637.9 873.8 1161.47 1927.8 2212.72 1732.93
698.36 959.74 1213.45 1925.84 2320.5 2072.76
182.88 344.28 235.34 4253.25 1133.59 609.04
823.58 1178.99 1596.81 2584.85 2539.59 1855.91
574.39 781.3 982.7 1537.34 1858.32 1663.21
575.04 787.81 987.17 1828.03 2097.76 1734.78
386.46 559.81 583.43 1975.36 1301.13 1023.83
167.96 195.89 221.45 321.18 388.55 345.26
527.84 704.93 867.33 1517.19 1915.58 1636.03
608.54 844.33 1139.39 1809.32 2122.55 1661.52
588.32 839.17 1041.83 2501.73 2090.5 1643.05
274.72 487.69 382.12 4229.1 1370.8 813.53
484.98 651.43 823.27 1371.27 1675.32 1394.4
932.05 1349.31 1992.36 3066.64 2928.66 1931.81
332.45 477.07 521.57 1960.87 1169.6 929.81
393.4 570.21 618.65 2770.47 1646.82 1251.53
239.75 424.05 359.71 3690.06 1451.1 860.67
152.95 208.26 167.68 1097.66 391.13 251.01
782.37 1138.0 1663.57 2566.72 2764.74 1829.15
317.29 480.2 459.18 2695.91 1340.62 941.57
640.16 878.07 1148.87 1917.08 2272.78 1813.12
884.66 1264.45 1807.28 2783.41 3142.92 2218.12
586.13 849.99 1126.7 2387.63 1607.74 1028.47
295.89 376.37 450.05 737.49 931.68 806.91
434.75 572.28 698.18 1189.38 1521.22 1308.0
543.98 733.76 899.07 1729.56 2012.97 1695.45
648.6 909.94 1101.44 2319.5 2187.12 1886.27
939.09 1361.33 1949.54 3076.21 2888.65 1823.5
147.03 168.0 186.85 248.1 287.3 262.23
664.02 910.01 1149.46 1808.88 2190.51 1958.54
399.33 532.87 652.83 1042.69 1292.23 1132.66
320.91 547.07 466.38 4079.99 1525.49 935.46
515.63 702.78 890.66 1431.73 1716.42 1454.76
448.0 636.73 685.12 2357.91 1667.9 1301.17
641.99 891.3 1241.94 1984.04 1917.39 1398.01
514.71 695.59 871.66 1356.52 1637.12 1466.56
870.0 1262.86 1830.61 2866.39 3140.28 2124.59
535.51 727.23 928.61 1452.63 1688.02 1468.35
354.06 545.71 532.24 3257.19 1595.72 1144.2
519.03 691.2 848.79 1463.67 1879.06 1612.15
583.18 810.01 1009.35 2102.03 2047.61 1619.26
536.85 722.22 880.81 1676.87 1987.83 1686.94
445.46 653.79 732.85 2836.32 1764.37 1380.33
457.33 613.18 764.88 1182.65 1424.43 1277.47
691.64 952.96 1199.85 1979.87 2307.23 2053.13
551.71 775.3 1108.78 1686.52 1649.41 1143.53
808.85 1151.98 1674.52 3044.73 2460.71 1529.48
544.38 733.68 892.1 1721.59 2016.37 1709.94
562.81 760.27 960.91 1631.03 2043.04 1698.05
354.88 485.16 571.71 1384.83 1220.88 1014.67
733.23 1018.42 1324.3 2080.17 2466.27 2104.3
933.48 1350.94 1973.85 3074.63 3072.44 2022.71
451.36 650.0 755.71 2324.87 1842.81 1425.59
423.87 579.79 722.82 1586.14 1475.77 1144.62
679.27 935.52 1174.22 1931.81 2252.6 2004.22
970.11 1421.13 2194.15 3597.61 4030.79 2386.32
431.87 576.62 717.52 1105.53 1330.08 1193.59
136.89 315.62 118.01 4547.84 951.97 400.13
584.04 827.23 992.53 2424.44 2048.38 1742.36
478.66 669.2 766.25 2246.0 1862.17 1499.2
384.3 513.75 666.61 1068.25 1269.25 1001.42
716.76 1009.94 1310.42 2212.28 2265.32 1835.4
205.7 417.56 249.13 4397.56 1172.33 625.18
434.14 579.88 721.74 1112.4 1338.49 1201.06
250.99 316.85 380.95 557.49 659.66 597.56
666.9 914.15 1154.83 1817.62 2201.2 1968.04
580.9 804.39 985.38 1850.24 2055.76 1767.82
181.02 278.79 238.32 2330.02 789.15 498.68
399.83 653.56 550.13 4114.38 1510.88 968.32
767.57 1090.83 1575.23 2572.25 2558.07 1654.35
482.44 645.56 781.6 1503.76 1749.41 1486.33
352.52 602.01 429.68 4418.0 1418.61 822.48
166.53 287.82 225.78 3530.09 991.83 556.94
518.0 765.71 984.55 2862.11 1771.06 1172.42
261.45 327.79 388.51 625.42 785.47 682.63
449.73 700.3 891.45 3424.49 1748.25 1122.62
569.68 828.6 926.54 2888.93 1972.58 1595.05
334.86 437.3 537.01 811.6 970.51 873.92
581.85 790.29 1015.79 1706.87 2066.86 1684.28
200.38 241.62 279.37 426.67 526.17 462.23
830.28 1204.75 1680.13 2738.01 2199.51 1493.74
415.79 608.58 689.42 2865.34 1720.82 1323.84
705.02 984.37 1272.18 2183.41 2385.91 2014.57
822.77 1162.45 1665.38 2603.96 2588.02 1801.49
225.69 326.27 310.06 1788.11 849.95 599.41
592.12 814.32 1024.51 1666.64 2051.97 1762.19
662.35 921.39 1179.8 1966.47 2284.72 1909.64
271.69 519.79 267.48 4990.6 1167.65 503.22
599.28 830.85 1030.18 1952.82 2032.16 1772.66
603.17 865.73 1024.36 2491.77 2116.04 1792.69
483.45 670.52 814.68 1839.2 1647.22 1405.52
655.84 913.62 1215.45 1972.01 2240.07 1766.67
537.05 755.7 909.17 2059.25 1981.13 1655.13
346.12 539.46 546.56 3415.68 1524.78 1085.51
565.63 777.3 1024.45 1589.7 1782.0 1480.21
552.88 823.98 1061.96 3103.35 2075.33 1458.65
543.35 744.26 996.09 1604.45 1916.13 1466.68
523.11 716.17 871.4 1970.31 1966.24 1621.9
739.48 1035.98 1431.03 2262.1 2392.78 1790.82
283.36 443.62 457.55 3007.81 1160.56 802.8
403.64 536.07 664.98 1019.98 1225.43 1100.55
100.49 240.62 105.13 3794.85 890.35 351.33
441.78 654.74 688.33 2207.87 1505.03 1217.8
794.26 1130.54 1529.13 2453.87 2274.23 1750.82
629.73 862.53 1099.19 1726.89 2028.19 1784.07
862.53 1231.06 1778.31 2913.6 2913.32 1896.35
911.04 1307.78 1892.27 2907.77 3260.24 2237.17
109.54 234.9 121.84 4394.16 960.93 429.95
141.83 355.29 122.78 4165.5 948.47 399.66
530.21 751.32 891.76 2342.09 1968.76 1631.84
727.53 1010.22 1304.55 2068.6 2318.67 1996.65
652.94 917.51 1201.22 2317.03 2219.16 1724.51
135.15 339.17 111.12 4731.79 1008.78 419.52
515.39 750.51 882.6 2670.44 1946.61 1555.28
650.37 908.81 1263.7 2026.63 2110.85 1518.76
696.78 1025.09 1412.35 3173.34 2598.03 1786.88
564.85 851.39 880.77 3291.73 1952.23 1525.22
321.88 503.62 515.72 3762.36 1501.15 1040.41
496.72 669.74 838.17 1301.99 1570.41 1407.25
598.81 831.19 1022.07 1913.42 2145.17 1840.55
339.75 561.72 494.85 3838.93 1565.66 1023.09
390.98 617.53 610.11 3604.18 1632.54 1159.22
335.96 517.14 548.17 3063.09 1549.64 1091.92
180.1 213.02 243.14 360.69 440.1 389.07
473.12 688.33 802.98 2766.54 1833.17 1451.1
596.84 817.55 1023.46 1712.59 1960.83 1743.12
214.4 379.91 264.33 3441.72 1045.28 578.37
933.94 1362.17 2075.71 3403.43 3837.44 2337.42
328.23 479.83 459.61 2229.89 1166.79 848.71
275.3 499.27 364.25 4452.64 1414.81 807.01
478.96 668.13 782.36 1803.38 1654.4 1385.22
720.02 998.38 1306.49 2074.13 2476.15 2078.33
569.68 844.56 1019.05 2933.7 2009.3 1550.46
145.66 166.03 184.33 243.79 281.86 257.52
300.17 389.47 469.69 730.4 897.27 790.56
304.77 566.02 433.6 4179.88 1461.56 912.97
446.25 601.2 767.6 1277.74 1393.53 1125.91
889.68 1277.49 1845.23 2850.88 3212.14 2196.41
487.45 660.91 793.09 1777.87 1836.79 1529.01
388.89 514.89 637.54 975.29 1170.76 1051.95
898.2 1317.92 1878.92 3053.9 2205.02 1367.95
558.65 795.58 988.26 2147.96 1886.42 1524.4
613.8 851.45 1090.77 1764.32 2158.21 1811.04
219.69 335.57 302.95 2161.13 822.24 563.45
345.43 556.53 560.27 3584.71 1591.81 1092.19
507.21 690.59 834.26 1917.34 1928.52 1601.35
759.78 1055.92 1414.18 2255.87 2421.33 1957.77
371.88 490.47 605.89 923.77 1107.73 995.91
123.04 132.5 141.16 174.96 197.8 183.13
779.88 1115.11 1607.75 2522.15 2498.88 1723.59
279.91 353.82 421.49 685.48 863.82 749.23
103.78 105.43 107.03 111.45 114.01 112.45
513.92 814.99 833.18 4077.64 1690.42 1074.35
835.95 1199.72 1758.67 2723.06 2609.35 1757.07
219.05 320.72 363.51 1822.26 792.05 523.23
117.17 281.86 86.84 3923.83 809.39 324.53
619.66 875.68 1064.83 2341.55 2177.59 1862.17
446.79 654.26 749.11 3125.86 1764.2 1373.61
330.7 500.05 516.11 3030.57 1559.41 1093.65
905.4 1296.71 1793.32 2882.07 2448.1 1650.22
777.48 1100.28 1472.66 2356.98 2285.41 1812.64
513.36 710.19 831.52 1985.53 1947.25 1612.15
505.22 731.48 837.02 2592.71 1931.76 1564.12
714.12 1002.36 1304.39 2124.21 2352.49 1894.78
700.49 1030.98 1394.92 3265.15 2338.8 1482.74
510.17 804.73 791.26 3266.92 1856.7 1402.77
962.0 1398.0 2014.0 3173.0 2939.0 1816.0
69.0 191.5 59.0 4653.5 930.0 346.0
134.0 394.5 95.5 5146.0 1087.0 409.5
969.0 1403.0 2079.0 3181.0 3518.0 2279.0
155.0 368.0 123.0 5163.0 1156.0 447.0
89.8 263.8 87.2 4769.8 1060.5 381.0
971.0 1390.0 2115.5 3245.0 2879.5 1707.0
122.0 299.0 89.0 4632.0 914.0 354.0
72.0 203.8 71.8 4231.5 957.5 341.5
907.5 1325.5 2047.5 3151.5 2757.0 1579.5
948.0 1357.0 1978.0 3155.0 2462.0 1531.0
56.8 180.8 53.0 4412.8 873.5 325.0
119.5 322.5 80.5 4825.8 970.8 371.8
948.0 1376.0 2046.0 3146.0 2970.0 1921.0
911.0 1341.0 1922.0 3127.8 2196.5 1320.8
985.0 1493.5 2276.8 3372.5 3183.8 2033.8
76.2 218.5 55.5 4643.8 764.8 282.8
962.5 1390.0 1954.5 3151.5 2480.0 1527.0
959.5 1435.2 2145.2 3160.2 2832.8 1787.8
88.5 243.0 63.5 4918.0 903.5 321.0
978.0 1422.0 2105.0 3266.0 3199.0 2037.0
79.2 209.2 66.0 4931.0 970.2 374.0
222.2 574.0 104.8 5481.0 1198.8 463.2
992.0 1434.0 2127.0 3253.0 3849.0 2515.0
980.5 1432.2 2016.0 3245.2 2807.8 1800.2
966.0 1422.0 2112.0 3259.5 3477.0 2237.5
109.2 304.0 68.8 5231.2 1052.0 412.0
978.0 1434.0 2220.0 3640.0 4073.0 2397.0
81.5 229.5 75.0 4588.5 1023.0 369.5
937.0 1353.0 2081.0 3198.0 2826.0 1629.0
924.0 1316.0 1970.0 3207.0 2671.0 1584.0
102.5 315.2 89.5 4914.0 1200.8 467.0
980.0 1467.0 2194.0 3388.8 3736.5 2446.5
955.0 1376.0 2056.0 3368.0 3193.0 1885.0
977.5 1462.0 2197.0 3231.5 2940.0 1846.5
939.0 1381.8 2053.5 3176.2 3230.8 2074.0
265.0 540.0 222.0 5608.0 1151.0 427.0
83.0 265.0 84.5 4714.5 1156.5 420.5
245.0 494.0 207.0 5231.5 1090.0 397.0
304.0 635.0 236.5 5868.5 1229.5 464.5
138.0 335.0 114.0 4964.0 1063.0 407.0
53.8 244.8 74.8 4340.2 1057.2 381.2
560.0 749.0 922.0 1597.0 2053.0 1760.0
629.0 865.0 1077.0 1766.0 2207.0 1925.0
703.0 966.0 1222.0 1927.0 2335.0 2087.0
100.0 100.0 100.0 100.0 100.0 100.0
