0.3823
0.7573
0.8245
0.4764
0.8496
0.787
0.6332
0.5834
0.037
0.5749
0.2304
0.399
0.9848
0.8954
0.8402
0.8108
0.2272
0.952
0.6229
0.7476
0.7532
0.6972
0.0994
0.5653
0.4065
0.7079
0.6514
0.478
0.5312
0.5954
0.5111
0.1752
0.0595
0.6995
0.752
0.1002
0.0594
0.4708
0.3541
0.7016
0.5321
0.4277
0.2699
0.1534
0.5895
0.2903
0.8525
0.937
0.5414
0.9805
0.7038
0.9744
0.0489
0.6039
0.9368
0.2418
0.9026
0.8864
0.1346
0.6913
0.831
0.207
0.244
0.9149
0.0237
0.4434
0.8375
0.7032
0.1375
0.633
0.6934
0.9861
0.7543
0.7067
0.0179
0.2931
0.1317
0.5616
0.042
0.7205
0.1277
0.0853
0.0112
0.6913
0.0632
0.179
0.7245
0.8426
0.8988
0.3768
0.8426
0.4849
0.4119
0.7391
0.9587
0.8655
0.7813
0.8339
0.0259
0.4181
0.299
0.0223
0.3983
0.884
0.3993
0.3704
0.8779
0.641
0.3263
0.4847
0.8233
0.6742
0.3721
0.1715
0.0702
0.398
0.1069
0.5326
0.4122
0.5868
0.6179
0.8108
0.3008
0.4151
0.3276
0.9585
0.1645
0.2902
0.3504
0.3208
0.5046
0.0555
0.0928
0.5837
0.2441
0.1816
0.321
0.139
0.6042
0.9528
0.6848
0.1769
0.8787
0.9259
0.6502
0.2942
0.587
0.7766
0.2876
0.3702
0.2139
0.1008
0.4509
0.9367
0.7531
0.943
0.3059
0.2288
0.2391
0.1781
0.698
0.2169
0.7569
0.011
0.0475
0.7838
0.4429
0.8338
0.994
0.6398
0.476
0.6024
0.3333
0.0835
0.9958
0.2196
0.2089
0.4296
0.9035
0.8867
0.902
0.6553
0.4537
0.0333
0.9607
0.6748
0.9111
0.4699
0.8473
0.027
0.2305
0.5732
0.1849
0.1997
0.031
0.184
0.802
0.3429
0.2311
0.3923
0.8229
0.8137
0.4297
0.8255
0.9857
0.669
0.3277
0.3089
0.1797
0.3071
0.6694
0.7647
0.2031
0.7256
0.5257
0.7413
0.7326
0.5605
0.5254
0.9729
0.9787
0.4088
0.762
0.9462
0.9817
0.3555
0.8813
0.7813
0.4875
0.9743
0.7249
0.019
0.3882
0.7377
0.4559
0.0247
0.477
0.6059
0.3794
0.1594
0.5326
0.1898
0.205
0.2174
0.8301
0.5611
0.4592
0.7319
0.5006
0.9259
0.6668
0.0358
0.0155
0.5325
0.684
0.5782
0.4068
0.009
0.035
0.3256
0.3785
0.244
0.5401
0.7167
0.2706
0.1758
0.0613
0.8143
0.9141
0.1362
0.6139
0.7664
0.1669
0.2572
0.5466
0.1384
0.4362
0.2256
0.804
0.4665
0.9587
0.3223
0.7492
0.0502
0.8623
0.2375
0.1402
0.6702
0.4051
0.6166
0.68
0.8671
0.8711
0.9227
0.6805
0.1012
0.0048
0.6907
0.8172
0.2754
0.3591
0.4553
0.5088
0.0099
0.8773
0.4984
0.2164
0.8331
0.709
0.9614
0.3291
0.2343
0.5158
0.2703
0.4393
0.484
0.8548
0.9966
0.9058
0.2355
0.96
0.7262
0.7133
0.6127
0.6922
0.7168
0.9871
0.7539
0.807
0.467
0.8027
0.1823
0.3526
0.5657
0.4974
0.7609
0.4566
0.1479
0.0784
0.591
0.4239
0.6902
0.3486
0.7134
0.1104
0.5511
0.3184
0.6975
0.6203
0.4225
0.2409
0.7822
0.6738
0.1054
0.9953
0.0522
0.8989
0.428
0.801
0.7463
0.787
0.5492
0.1635
0.385
0.2721
0.9778
0.7234
0.9353
0.4051
0.5728
0.5715
0.1673
0.2251
0.8138
0.0139
0.5308
0.3746
0.8821
0.0135
0.767
0.4471
0.1887
0.7867
0.6589
0.8746
0.1017
0.5939
0.89
0.5322
0.2085
0.8076
0.5369
0.0568
0.3723
0.3741
0.2105
0.9632
0.956
0.5315
0.3149
0.9987
0.1156
0.6113
0.0823
0.203
0.5691
0.9396
0.3592
0.2378
0.7347
0.4759
0.2501
0.7693
0.1354
0.3247
0.2156
0.757
0.0785
0.1446
0.6566
0.9469
0.9306
0.4059
0.3126
0.9617
0.3296
0.6151
0.2964
0.6242
0.4984
0.8858
0.5011
0.1859
0.1297
0.9307
0.4235
0.827
0.0475
0.0587
0.6295
0.8674
0.1408
0.2653
0.3822
0.6968
0.8828
0.2161
0.2426
0.4687
0.4578
0.4976
0.8969
0.6117
0.9877
0.6754
0.8539
0.372
0.4859
0.4989
0.2958
0.4402
0.4727
0.9066
0.8561
0.5978
0.8217
0.0161
0.2437
0.8294
0.572
0.5571
0.9398
0.3319
0.2516
0.3385
0.2862
0.667
0.1776
0.3083
0.2935
0.5266
0.1582
0.1846
0.2193
0.3374
0.0235
0.8938
0.0957
0.721
0.7278
0.3366
0.0434
0.1873
0.7674
0.3886
0.3472
0.6142
0.6806
0.9431
0.2828
0.585
0.5187
0.534
0.5132
0.9208
0.4616
0.5634
0.6653
0.7987
0.0043
0.4188
0.7886
0.4509
0.2071
0.8548
0.085
0.2687
0.715
0.6829
0.7079
0.7322
0.2126
0.1195
0.9473
0.6088
0.9952
0.4169
0.4554
0.0352
0.1533
0.8611
0.6978
0.6736
0.5771
0.1889
0.7703
0.2344
0.9343
0.0567
0.0251
0.9296
0.5191
0.8248
0.5354
0.0966
0.8612
0.8858
0.4389
0.1644
0.8062
0.7587
0.4358
0.5617
0.657
0.0825
0.7501
0.4429
0.8573
0.7047
0.191
0.0655
0.0162
0.6997
0.2924
0.5785
0.9199
0.6633
0.4742
0.7724
0.3939
0.7797
0.3693
0.7337
0.2121
0.2055
0.8034
0.946
0.147
0.7984
0.4444
0.7294
0.8277
0.8538
0.0954
0.5329
0.6708
0.1223
0.597
0.1405
0.4171
0.4134
0.9409
0.6097
0.7602
0.1204
0.7141
0.0184
0.8193
0.002
0.393
0.0811
0.8124
0.8836
0.435
0.5327
0.2056
0.3572
0.6426
0.9335
0.7632
0.1437
0.7055
0.2667
0.7099
0.0599
0.1321
0.2687
0.6622
0.0657
0.0921
0.2731
0.3754
0.2277
0.3719
0.3066
0.1808
0.5964
0.8781
0.3575
0.8345
0.4424
0.2576
0.0008
0.6338
0.3224
0.2185
0.0205
0.6648
0.9752
0.5638
0.9901
0.3115
0.0707
0.7993
0.6024
0.4116
0.0708
0.3781
0.755
0.8766
0.3997
0.5783
0.6439
0.3226
0.2026
0.6939
0.2317
0.8707
0.6338
0.3528
0.9321
0.4362
0.9925
0.7246
0.5921
0.1849
0.8841
0.263
0.1833
0.6805
0.0735
0.4669
0.7347
0.2312
0.1743
0.4279
0.5809
0.3465
0.9879
0.7968
0.647
0.4725
0.4952
0.4525
0.5646
0.5338
0.7271
0.1839
0.8746
0.5644
0.4267
0.9224
0.4701
0.63
0.0817
0.3746
0.0708
0.1705
0.6187
0.851
0.2546
0.1674
0.2243
0.8951
0.2984
0.9675
0.9217
0.5862
0.1899
0.0934
0.4783
0.285
0.5397
0.669
0.4091
0.8911
0.9447
0.7829
0.9461
0.1554
0.2123
0.7057
0.322
0.7517
0.6401
0.8749
0.2872
0.9979
0.3647
0.9913
0.661
0.3231
0.4594
0.0938
0.8398
0.7295
0.4049
0.1609
0.3882
0.415
0.1327
0.7963
0.5329
0.0933
0.821
0.3023
0.1563
0.1566
0.3075
0.2622
0.609
0.04
0.5631
0.2509
0.2363
0.5412
0.1423
0.347
0.8891
0.658
0.8612
0.576
0.7904
0.1267
0.4182
0.6424
0.6051
0.3424
0.5902
0.519
0.1635
0.6404
0.8839
0.227
0.9605
0.4811
0.1998
0.5622
0.3596
0.9777
0.8429
0.9911
0.9851
0.4394
0.2204
0.8835
0.2466
0.7726
0.1759
0.3127
0.7106
0.164
0.7636
0.0797
0.7307
0.1106
0.1101
0.161
0.6931
0.74
0.6855
0.5889
0.3461
0.9646
0.6369
0.6471
0.8782
0.709
0.6548
0.0951
0.1592
0.6026
0.8585
0.1606
0.2457
0.9266
0.8896
0.0938
0.9486
0.2923
0.3631
0.519
0.8861
0.7864
0.3861
0.666
0.2462
0.6084
0.3699
0.2594
0.4288
0.5389
0.6516
0.7563
0.7915
0.9959
0.7146
0.9006
0.9605
0.9058
0.1292
0.9221
0.594
0.8146
0.5523
0.5053
0.3914
0.9747
0.2112
0.4725
0.7068
0.5047
0.9118
0.5461
0.1748
0.4738
0.4934
0.8455
0.1488
0.8231
0.3113
0.177
0.685
0.6977
0.121
0.5522
0.974
0.4459
0.5766
0.8094
0.4365
0.4189
0.5195
0.0818
0.0811
0.5549
0.8706
0.9046
0.2079
0.8082
0.8833
0.8407
0.6036
0.5152
0.242
0.7531
0.2336
0.2085
0.2306
0.3258
0.5816
0.7987
0.3275
0.1393
0.1533
0.9393
0.708
0.0641
0.2782
0.5662
0.8021
0.0704
0.63
0.7117
0.7626
0.7969
0.3747
0.9718
0.3139
0.1124
0.7771
0.5553
0.4091
0.0567
0.0986
0.7703
0.2734
0.5906
0.1498
0.9066
0.9321
0.8629
0.665
0.2585
0.6612
0.41
0.5147
0.3204
0.2115
0.8086
0.7815
0.5994
0.7592
0.554
0.3701
0.8471
0.5144
0.9243
0.2902
0.4117
0.4261
0.4954
0.9394
0.896
0.6128
0.5958
0.7908
0.8135
0.9554
0.1898
0.4791
0.2682
0.9857
0.5842
0.5853
0.7709
0.4489
0.47
0.551
0.5872
0.5956
0.1032
0.633
0.4168
0.8818
0.3085
0.9408
0.4059
0.399
0.7973
0.4372
0.9262
0.5552
0.9771
0.2003
0.0118
0.8045
0.0325
0.1326
0.0548
0.9046
0.6718
0.0335
0.8351
0.8873
0.9423
0.8341
0.8864
0.2762
0.3351
0.5483
0.7613
0.8551
0.4114
0.3122
0.4552
0.7587
0.3115
0.6997
0.0462
1.0
0.0
0.0
1.0
0.0
0.0
1.0
0.0
0.0
1.0
1.0
0.0
0.0
1.0
1.0
1.0
0.0
1.0
1.0
0.0
1.0
0.0
0.0
1.0
1.0
1.0
0.0
1.0
0.0
1.0
1.0
0.0
1.0
1.0
1.0
1.0
0.0
0.0
0.0
0.0
0.0
0.0
0.0
0.0
0.0
0.0
