195.29 226.26 244.13 390.19 423.69 364.43
446.85 640.95 817.16 2583.61 1467.28 909.67
63.26 187.67 62.76 4378.35 883.01 338.13
490.91 637.7 789.33 1365.76 1411.8 1075.92
454.74 566.39 648.36 1094.25 1213.67 1041.6
973.64 1471.73 2235.23 3317.14 3139.06 2015.96
878.3 1249.09 1869.85 2901.69 2624.49 1594.57
441.34 614.47 695.32 2199.64 1428.44 1022.77
296.32 502.8 317.56 4012.45 1118.45 570.31
294.98 428.68 410.16 2189.4 1142.69 780.84
108.86 111.74 113.41 126.99 130.11 124.59
228.26 287.9 297.89 872.33 632.77 491.6
769.43 1123.6 1630.93 2495.72 2421.94 1634.78
723.62 1033.45 1356.07 2862.06 2133.27 1453.83
587.26 777.5 975.6 1684.21 1807.65 1368.86
605.6 811.3 1045.36 1677.5 1749.15 1357.93
651.71 855.2 1057.81 1749.13 1871.7 1510.54
415.14 521.75 580.45 1167.54 1186.43 975.54
418.76 527.65 597.87 1049.19 1199.89 1008.95
117.17 183.73 125.72 2337.88 572.89 293.03
555.86 742.64 954.32 1608.07 1676.87 1243.4
386.85 557.8 561.55 2618.96 1433.14 1019.89
340.67 480.31 473.1 2578.47 1215.6 881.97
325.93 417.65 436.08 1246.79 948.91 745.18
484.17 636.75 786.29 1342.4 1414.7 1100.51
759.35 1068.66 1533.14 2561.97 2883.33 1868.82
409.89 510.61 568.71 1043.72 1152.66 959.95
939.16 1370.65 2106.11 3461.41 3872.1 2298.91
308.02 420.97 419.19 2090.34 1113.15 779.97
413.1 652.53 714.88 3814.28 1819.27 1111.65
277.55 601.11 217.19 4901.83 1268.35 604.47
433.58 538.57 615.65 1034.95 1147.26 985.45
114.43 269.11 104.53 4745.75 942.51 377.13
516.8 675.71 737.96 1817.83 1506.23 1230.68
473.77 616.12 680.29 1603.81 1460.15 1187.68
619.74 830.09 1021.24 2011.07 1928.94 1495.28
552.89 695.44 800.09 1369.36 1521.83 1302.15
451.06 613.25 837.26 1308.69 1295.14 919.71
530.03 716.95 829.74 1987.92 1629.7 1240.59
543.42 719.61 911.39 1574.53 1485.72 1112.93
745.41 1114.34 1559.24 3353.46 2657.0 1671.42
484.61 755.19 957.4 3703.51 1766.95 980.98
369.42 461.45 520.8 902.25 1029.63 868.24
860.42 1267.86 1858.49 2777.16 2530.55 1640.92
458.85 571.8 654.72 1105.79 1226.6 1052.54
387.34 521.18 550.78 2201.55 1342.74 1009.03
606.82 796.97 990.45 1640.44 1818.56 1446.86
472.84 613.19 679.25 1556.08 1448.85 1182.52
856.13 1198.8 1739.4 2848.66 2461.27 1552.07
526.11 680.5 799.64 1393.14 1558.98 1278.0
518.28 699.66 931.92 1516.51 1361.26 974.2
914.09 1302.39 1882.76 3013.56 2388.07 1509.69
319.56 484.09 421.63 3138.17 1287.51 859.57
329.33 432.89 449.78 1667.01 1075.24 802.14
303.04 372.39 417.12 704.59 800.58 678.96
334.35 439.39 454.89 1579.19 1058.12 800.7
466.2 620.4 654.53 1876.32 1435.04 1127.22
468.12 583.98 669.04 1131.75 1255.68 1077.12
305.39 372.15 410.66 725.49 797.7 669.97
539.96 717.08 860.84 1726.34 1655.02 1276.29
662.84 910.73 1252.14 2115.53 2097.53 1395.15
737.16 1079.57 1577.28 2345.5 2135.62 1387.57
215.1 345.73 275.89 3201.62 1087.73 613.61
600.3 758.89 872.7 1527.66 1673.35 1427.43
748.6 1143.32 1548.65 3664.91 2842.53 1806.36
486.19 618.48 703.09 1259.58 1434.23 1201.62
727.91 1010.38 1340.32 2216.97 1961.61 1362.23
370.12 485.67 510.07 1613.25 1182.49 904.01
903.53 1302.16 1902.02 2973.54 2930.49 1897.01
558.02 743.8 963.75 1666.18 1704.51 1219.41
361.1 491.86 649.95 1121.64 976.53 688.39
596.78 760.36 881.48 1614.78 1687.21 1419.08
570.98 727.04 829.17 1672.36 1630.33 1369.48
295.1 461.88 434.56 3506.48 1285.93 782.95
315.81 433.07 415.84 1690.9 997.71 739.51
287.99 485.28 359.05 3364.23 1176.9 720.23
530.3 710.39 789.17 2273.13 1592.54 1241.42
377.55 472.36 533.51 926.48 1057.7 891.44
385.4 593.15 635.22 3293.45 1442.85 835.0
314.08 414.42 542.62 822.83 805.48 587.8
485.39 636.12 699.97 2128.51 1504.36 1195.62
273.77 395.66 374.89 2800.55 1139.87 752.63
340.59 433.59 473.1 1095.86 979.07 797.71
801.55 1117.08 1611.1 2533.24 2363.51 1532.1
505.94 711.4 894.88 2450.5 1685.75 1135.9
392.94 485.14 552.83 921.04 1019.66 877.57
439.16 568.52 704.67 1123.55 1174.01 936.99
124.59 204.51 142.16 1965.12 604.79 306.13
211.65 246.79 272.6 412.94 450.53 396.37
597.51 791.2 1018.17 1644.62 1880.14 1431.47
774.03 1112.22 1569.36 2403.98 2287.67 1569.63
703.45 961.46 1322.31 2132.41 2085.73 1446.33
241.98 380.7 318.21 3864.87 1189.97 703.59
305.75 383.48 465.76 778.85 778.96 600.74
98.61 222.16 104.74 4425.46 968.39 407.66
933.41 1352.46 2005.6 3088.76 2920.73 1895.22
326.18 485.11 471.81 2502.64 1321.47 908.05
559.32 754.43 1009.29 1597.34 1607.18 1184.33
251.21 304.44 328.89 683.05 633.0 525.5
311.7 451.42 403.51 2568.19 1139.38 764.88
590.1 744.35 857.6 1473.64 1638.63 1400.9
602.43 760.76 877.29 1508.96 1677.28 1432.91
492.66 673.44 915.41 1669.92 1433.01 949.04
642.34 925.8 1103.43 2890.91 1928.21 1343.21
194.68 333.0 230.22 3686.93 994.3 534.64
505.32 662.09 749.68 1639.07 1522.26 1215.07
885.74 1297.62 1848.09 3014.56 2152.91 1316.53
785.88 1073.94 1493.67 2373.09 2275.73 1569.29
349.67 428.25 485.94 799.77 883.82 762.72
496.94 664.57 860.89 1404.63 1485.08 1105.85
148.36 343.69 131.46 4860.38 1075.2 430.92
721.59 1031.71 1448.27 2219.9 2119.7 1462.64
597.39 918.87 1219.61 3255.63 2146.67 1365.33
379.64 475.49 538.09 933.87 1064.58 895.65
517.26 685.41 794.22 1857.26 1479.38 1139.01
434.81 581.11 746.23 1211.5 1358.07 1026.79
666.88 871.94 1082.63 1816.01 1823.38 1450.97
516.9 724.3 693.38 2752.53 1548.49 1156.06
218.96 259.59 285.8 454.23 510.47 439.21
919.97 1326.5 1936.77 3025.66 2990.25 1940.89
462.21 699.45 820.08 3350.34 1811.14 1129.06
930.95 1345.29 1867.79 3033.92 2661.02 1750.11
822.76 1182.45 1618.74 2744.81 2367.4 1569.03
133.99 145.6 153.08 201.2 217.27 196.91
670.43 879.42 1104.76 1867.78 1970.09 1520.22
610.66 824.79 1087.36 1825.75 1647.39 1184.07
440.58 559.03 643.57 1179.33 1277.95 1035.47
566.88 747.52 892.42 2112.72 1798.06 1379.03
487.85 672.75 884.63 1569.19 1410.07 1005.47
543.9 700.32 789.94 1699.43 1583.21 1311.1
552.5 743.0 959.17 1611.07 1708.79 1265.26
396.54 499.98 562.04 1133.32 1134.46 921.55
215.53 251.89 278.59 423.81 462.7 406.66
137.35 149.48 156.49 213.73 226.86 203.64
576.28 772.21 993.25 1643.41 1729.95 1314.64
393.31 485.63 553.4 922.09 1020.83 878.56
290.98 474.98 315.52 3014.34 952.41 545.86
635.26 848.22 1090.85 1780.61 1904.08 1457.79
311.29 480.35 406.13 3230.66 1267.06 807.08
363.29 582.14 428.68 3997.36 1284.18 740.12
608.82 774.85 911.67 1554.44 1701.79 1426.74
618.55 815.83 993.59 2000.16 1935.67 1489.86
344.35 500.59 468.32 3218.51 1288.39 874.79
609.15 828.15 1068.93 1755.42 1863.41 1422.91
427.85 546.58 640.71 1145.58 1209.38 971.05
502.27 630.23 723.88 1250.89 1366.28 1166.41
486.8 703.58 642.08 2712.39 1531.26 1138.49
164.85 301.24 212.69 3754.18 1083.38 532.64
670.45 937.94 1293.12 2088.7 2173.26 1512.06
356.09 487.26 620.2 1419.18 1065.19 716.59
602.52 762.04 882.05 1514.17 1680.41 1430.69
492.4 648.79 756.82 1817.41 1529.55 1187.47
183.17 211.58 229.91 347.67 386.99 337.17
580.67 804.06 1027.13 2792.63 1841.73 1258.96
709.86 979.5 1381.12 2300.95 2040.48 1330.77
472.26 612.19 777.78 1280.24 1265.95 967.4
516.95 663.38 767.28 1355.88 1534.86 1267.95
426.41 534.82 605.23 1102.88 1206.89 993.0
587.34 798.4 1068.07 1735.14 1917.41 1371.58
382.68 483.23 538.21 1120.1 1087.03 880.9
362.19 489.97 483.44 1966.36 1180.24 869.99
137.98 284.95 141.2 4344.27 945.82 420.57
352.2 517.57 495.46 2830.7 1309.05 892.88
772.47 1097.46 1610.24 2536.03 2333.73 1465.95
362.96 506.05 515.15 2781.05 1324.14 946.91
232.11 277.23 306.34 493.38 555.84 476.71
426.47 543.69 645.68 1136.55 1202.85 951.57
495.67 664.81 887.49 1394.28 1399.71 1031.24
847.58 1190.26 1680.98 2627.15 2908.57 1998.93
952.53 1374.15 2025.03 3105.89 3435.36 2241.02
249.72 407.38 299.35 3232.88 1091.7 631.23
766.01 1046.62 1366.66 2255.16 2041.78 1475.49
260.61 311.16 348.28 550.16 604.23 526.33
830.98 1166.72 1695.59 2785.3 2410.32 1510.47
316.84 389.07 427.58 795.22 842.73 703.25
928.8 1331.42 1946.19 3000.44 3543.99 2351.42
87.0 268.08 90.43 4671.25 1156.86 427.24
483.41 618.38 718.07 1264.07 1427.39 1173.07
468.87 643.07 936.89 1420.15 1281.41 799.93
509.38 666.08 734.49 2061.43 1560.04 1242.04
220.7 364.18 256.58 2941.53 936.54 550.34
470.2 606.75 732.31 1273.98 1434.29 1120.85
296.24 437.87 402.28 3509.51 1263.22 813.44
584.59 737.11 849.09 1458.21 1621.35 1386.29
475.79 628.39 799.38 1326.64 1282.08 971.05
261.81 324.34 342.26 828.55 690.31 560.03
554.39 754.98 1017.61 1644.72 1639.84 1176.14
301.33 366.76 404.51 713.1 783.88 658.68
369.53 466.35 553.95 965.16 998.64 788.38
604.21 764.13 883.77 1517.14 1683.43 1434.93
184.4 211.83 227.66 357.03 386.71 334.22
152.08 359.35 167.56 4575.85 1247.96 562.83
484.47 624.11 697.0 1778.03 1430.13 1166.52
913.01 1300.65 1879.72 3009.03 2385.71 1509.01
153.42 403.29 128.67 4869.56 1093.79 448.78
785.4 1095.15 1521.32 2476.76 2107.5 1428.82
525.49 838.49 944.75 4075.74 2015.87 1186.47
584.62 740.63 849.08 1583.0 1645.29 1394.75
757.9 1066.83 1571.67 2556.75 2162.74 1316.62
524.89 691.06 886.83 1495.65 1506.31 1111.8
333.99 413.91 465.46 796.75 907.37 767.21
365.2 451.39 501.11 907.62 1000.85 835.93
244.12 289.47 322.78 503.92 552.44 482.54
540.17 692.51 829.47 1378.22 1487.54 1229.8
705.06 978.78 1388.89 2296.08 2563.48 1690.52
192.09 223.54 243.83 374.21 417.74 362.58
466.48 595.11 689.03 1206.95 1361.41 1125.07
185.0 212.62 228.56 358.84 388.72 335.86
407.16 512.08 579.74 1014.63 1159.84 975.85
512.65 764.57 952.26 3177.16 1795.71 1143.04
279.33 340.59 380.1 634.0 718.79 611.36
302.43 366.14 412.91 667.36 735.5 637.31
424.32 530.8 595.89 1092.8 1199.73 993.11
457.15 607.61 678.78 1767.62 1468.6 1132.71
653.04 855.97 1048.78 1774.73 1761.98 1414.05
623.38 816.15 1008.05 1678.78 1765.74 1391.87
452.76 588.93 651.84 1697.66 1427.57 1145.28
502.75 785.13 907.15 4029.73 1707.06 959.85
133.54 178.63 142.71 1101.57 356.54 228.74
268.45 409.58 400.72 3385.98 1209.61 710.17
578.81 766.08 884.94 2061.29 1755.21 1381.56
164.37 184.63 199.5 280.41 302.07 270.85
412.96 519.28 572.26 1171.62 1183.9 973.49
365.65 499.8 518.89 2023.97 1216.56 888.52
442.57 568.88 650.25 1313.73 1271.24 1014.19
672.7 933.47 1229.62 2053.17 1917.74 1354.18
510.67 652.98 750.34 1330.63 1518.0 1263.05
368.99 484.96 522.21 1419.17 1033.1 785.51
341.77 510.59 415.48 2932.72 1143.64 723.82
424.69 564.3 607.85 1911.95 1403.89 1085.79
482.99 660.57 812.58 1958.42 1486.9 1038.54
229.17 572.24 121.69 5325.72 1198.38 481.69
523.09 680.0 808.66 1404.28 1599.76 1295.6
406.27 505.81 563.24 1032.7 1140.37 949.91
464.77 589.37 669.73 1186.19 1358.65 1140.14
421.64 590.41 621.24 2476.73 1428.41 1039.16
204.86 248.53 262.85 652.95 503.64 411.59
508.96 693.77 914.64 1488.53 1239.55 886.34
159.95 180.42 193.63 278.51 306.85 270.94
278.01 338.82 378.04 630.08 714.24 607.6
196.87 379.06 215.86 4358.85 1150.16 598.54
578.24 738.4 843.1 1677.21 1651.21 1381.21
201.28 404.66 219.11 3755.08 1039.27 532.94
666.41 929.74 1326.61 2126.68 1980.23 1283.97
490.94 665.16 709.56 2462.45 1561.8 1198.11
771.47 1155.96 1746.51 2578.85 2439.56 1570.98
565.27 774.66 1040.6 1620.86 1644.29 1221.33
480.22 649.58 675.23 2344.61 1498.02 1164.8
933.14 1349.54 1995.74 3075.59 2914.41 1900.01
312.06 380.98 420.74 745.79 820.34 688.47
102.35 283.46 114.01 4594.9 1175.87 458.23
569.02 717.11 825.01 1431.54 1575.7 1346.1
431.08 541.96 612.32 1117.43 1219.05 1004.06
367.34 521.72 517.3 2597.19 1355.4 946.7
346.11 426.09 472.24 849.47 935.99 782.95
793.29 1124.99 1605.5 3050.69 2335.12 1442.08
876.44 1249.59 1724.84 2804.52 2294.92 1475.38
306.46 557.69 310.29 4861.24 1210.5 570.11
593.41 757.61 868.89 1624.49 1681.84 1415.69
394.87 500.66 560.26 1113.33 1092.61 883.24
938.07 1339.95 2032.41 3120.3 2776.8 1655.47
150.45 166.84 176.3 253.62 271.36 239.99
332.64 412.11 463.36 792.75 902.74 763.38
963.36 1393.98 2063.65 3159.38 3494.07 2265.75
227.8 467.75 251.93 4416.68 1205.05 614.53
231.45 272.83 303.2 468.43 512.69 448.92
140.37 153.07 162.4 213.14 226.73 207.15
685.45 957.34 1393.7 2268.37 1942.99 1206.23
294.76 376.52 468.86 748.35 807.62 612.35
226.04 281.93 350.71 528.51 565.38 427.02
138.55 151.72 160.21 214.79 233.01 209.92
264.69 377.07 341.99 2406.52 972.82 651.09
177.42 202.58 217.09 335.76 362.97 314.83
135.74 270.69 168.52 3903.83 1043.91 472.71
212.21 247.53 273.46 414.5 452.28 397.85
612.95 802.23 934.13 1889.37 1738.55 1400.5
396.41 499.41 574.05 1018.02 1102.17 899.53
206.32 330.15 274.62 3062.5 1058.45 591.91
569.2 732.0 843.81 1804.75 1652.99 1359.5
457.37 630.1 714.21 2145.72 1458.69 1063.45
281.09 339.94 373.89 651.47 715.13 602.52
715.35 1066.16 1502.85 3237.28 2424.93 1528.98
249.71 353.49 328.89 2488.46 997.44 653.5
315.4 383.19 432.97 703.71 776.23 671.75
424.43 531.72 598.6 1093.73 1203.41 994.46
185.05 315.28 236.89 3968.4 1092.43 582.57
330.46 635.93 301.91 5264.59 1264.49 568.67
798.69 1154.83 1626.0 2883.67 2690.66 1796.88
603.93 827.4 1023.21 2283.78 1911.63 1411.43
240.41 344.01 313.23 2064.41 902.29 590.76
339.93 434.96 471.91 1457.21 990.08 785.31
292.75 417.9 372.26 2255.05 1033.16 697.15
489.73 640.87 803.09 1411.11 1565.96 1161.5
211.3 249.31 273.83 431.41 484.02 417.36
142.25 155.99 163.91 228.68 243.53 217.26
563.72 719.17 817.32 1733.0 1622.42 1354.46
185.63 213.46 229.52 360.78 390.88 337.63
233.79 281.94 302.27 674.6 586.6 482.6
265.47 400.04 367.01 2920.01 1197.76 749.26
534.51 695.18 765.34 1946.4 1568.86 1280.85
601.14 816.1 1061.92 1775.84 1772.53 1264.72
331.32 415.43 478.24 829.94 913.69 752.8
519.86 681.11 741.32 2041.77 1545.6 1247.94
383.02 505.81 528.57 1779.37 1136.18 890.01
513.48 677.73 789.77 1639.24 1576.24 1254.31
395.39 496.29 561.37 979.6 1119.25 942.31
453.49 663.05 587.8 3314.22 1444.64 989.4
350.33 471.4 468.28 1906.17 1123.18 839.78
849.7 1196.76 1750.8 2870.16 2462.77 1525.26
421.15 536.35 598.24 1269.78 1209.47 977.31
587.16 740.49 853.06 1465.41 1629.41 1393.11
738.47 1044.25 1502.15 2311.02 2555.0 1711.37
224.52 263.71 292.48 448.99 490.91 430.51
492.32 638.54 729.75 1544.97 1495.47 1210.73
216.04 255.67 281.24 445.53 500.38 430.88
364.26 457.93 510.0 1178.94 998.99 827.36
105.47 107.25 108.27 116.66 118.58 115.18
278.65 357.84 468.27 751.29 829.49 578.5
314.85 421.04 555.05 876.23 685.99 471.24
445.92 594.27 630.06 2280.11 1395.57 1080.99
448.04 591.75 636.95 1790.67 1409.03 1120.45
602.9 761.67 879.45 1511.84 1679.18 1432.93
466.01 603.05 668.45 1506.48 1415.24 1157.24
128.05 137.17 142.43 185.43 195.29 177.85
438.27 601.57 690.41 2087.81 1503.79 1081.62
343.11 521.3 507.77 2897.37 1403.8 937.56
855.69 1239.19 1776.77 2680.77 2497.01 1684.56
409.39 567.72 566.18 2349.39 1402.37 1033.78
530.1 699.08 849.96 1563.16 1605.05 1260.86
300.03 365.04 402.55 709.16 779.48 655.09
565.82 746.48 923.89 1677.29 1682.13 1292.05
362.54 534.83 552.8 2827.97 1408.09 927.75
218.82 478.96 303.67 4610.09 1216.67 534.18
321.81 493.7 439.9 2941.61 1360.95 895.78
355.86 501.69 502.51 2772.31 1342.31 925.82
540.46 719.01 869.09 1819.32 1635.41 1244.16
392.78 531.84 568.64 1868.06 1240.92 924.35
580.79 749.61 832.92 1728.97 1649.35 1378.36
390.22 495.86 540.45 1348.26 1161.29 933.63
269.8 440.62 390.44 3452.5 1279.43 746.63
740.78 1037.34 1330.0 2660.77 2005.96 1377.26
752.24 1158.29 1561.77 3845.15 2880.46 1810.81
961.41 1373.62 2083.27 3199.81 2848.21 1699.86
465.71 682.15 695.38 3033.55 1515.33 999.83
940.82 1341.67 2026.04 3119.51 2789.97 1677.6
302.79 458.75 402.56 3494.58 1225.87 784.83
141.23 154.63 162.36 225.56 240.05 214.41
486.9 626.64 702.26 1452.04 1468.03 1211.8
884.88 1254.35 1722.28 2797.41 2306.88 1506.65
409.56 665.75 485.23 3520.63 1434.2 941.36
96.22 277.14 133.78 3961.92 1072.24 451.49
500.25 630.02 718.53 1338.46 1375.28 1168.65
148.05 314.99 180.91 4011.93 1162.39 530.04
124.81 132.62 138.35 169.54 177.89 165.85
938.15 1349.17 2009.65 3295.78 3129.83 1856.75
195.6 226.67 244.59 391.13 424.74 365.29
232.24 358.66 280.37 2648.5 926.06 558.05
339.72 475.23 461.67 2241.71 1184.62 863.51
318.29 450.48 449.44 2594.42 1236.32 867.04
446.39 572.78 658.79 1259.25 1313.49 1078.05
304.08 508.27 387.63 3379.46 1274.09 796.78
554.44 742.5 927.41 1567.02 1596.16 1219.5
341.55 424.01 480.15 847.03 905.69 744.26
398.23 522.83 604.35 1488.98 1196.29 920.85
665.53 945.77 1400.87 2300.23 2577.59 1597.37
241.75 393.51 289.54 3343.64 1088.87 651.22
683.23 978.87 1408.88 2193.53 2345.73 1557.03
114.35 307.65 77.34 5162.28 1054.24 421.55
246.77 497.96 370.58 4284.68 1266.03 585.9
283.98 446.95 518.87 2637.12 1040.44 550.62
722.42 967.77 1259.53 2080.56 1949.55 1466.78
373.55 621.12 440.87 3911.75 1296.35 733.36
553.52 734.64 936.51 1600.6 1509.41 1125.31
478.81 598.03 685.57 1161.72 1289.24 1105.5
791.94 1091.86 1532.92 2564.16 2271.02 1510.94
337.08 461.39 446.26 2064.43 1111.03 811.58
513.95 725.18 846.93 2465.13 1630.06 1158.19
250.47 299.37 327.58 558.22 611.12 517.55
178.66 204.23 218.97 339.55 367.2 318.28
635.43 973.84 1320.96 3247.32 2244.31 1431.42
562.85 741.81 935.43 1572.94 1658.26 1269.23
634.87 851.62 1119.0 1847.23 1882.28 1379.51
383.19 500.94 528.11 1539.16 1194.4 928.84
379.99 475.63 537.31 933.74 1066.11 898.39
209.03 401.91 259.71 3955.89 1278.6 675.28
527.7 677.47 825.8 1371.64 1454.01 1173.9
102.83 103.75 104.28 108.62 109.61 107.85
473.82 601.51 683.86 1213.14 1389.87 1165.95
339.14 416.86 461.7 828.26 912.34 763.62
443.05 561.8 643.96 1128.84 1281.71 1067.79
589.57 762.49 865.82 1812.45 1662.51 1365.52
316.35 534.77 351.35 4149.3 1201.29 632.53
530.61 667.79 771.42 1313.38 1458.75 1243.08
574.91 732.13 833.96 1667.82 1628.91 1373.02
708.23 1034.84 1452.12 2911.0 2572.06 1669.51
424.63 611.63 669.43 2505.93 1342.25 900.99
429.85 576.38 612.12 2523.27 1435.05 1081.58
708.9 1050.57 1373.08 3202.78 2224.05 1422.18
225.93 265.56 294.66 452.95 495.35 434.26
590.15 782.22 984.12 1697.48 1818.56 1372.92
660.99 879.62 1125.13 1988.57 2131.02 1586.14
241.21 326.61 321.2 1504.81 795.76 567.59
640.88 892.09 1153.44 2554.02 2237.74 1514.16
273.27 404.34 382.49 2909.63 1174.3 772.43
932.58 1359.93 2086.84 3431.19 3838.1 2282.32
514.2 731.68 911.44 2181.46 1649.52 1068.84
333.93 447.05 625.74 947.76 876.95 574.69
353.12 439.58 495.34 853.72 973.39 821.76
706.81 1016.15 1443.32 2241.04 2200.64 1518.88
551.3 765.36 1038.2 1657.56 1365.57 899.91
505.73 647.35 746.17 1319.13 1507.31 1250.64
552.32 826.14 989.41 2610.87 1723.64 1153.56
509.5 669.95 846.4 1485.98 1649.88 1213.99
246.53 567.85 163.74 4939.01 1197.35 527.75
236.97 398.18 315.96 3537.97 1214.53 690.49
642.4 911.75 1293.28 2026.15 2098.48 1421.47
574.29 735.7 829.33 1733.61 1643.77 1371.42
329.53 495.66 436.88 3048.16 1288.55 849.2
585.9 781.4 981.33 1797.69 1748.21 1313.25
366.9 478.71 525.92 1465.78 1151.34 899.58
913.03 1300.68 1879.78 3009.13 2385.76 1509.02
370.08 553.47 510.82 3088.92 1455.36 984.2
274.91 389.98 363.47 2716.34 1094.7 726.6
483.73 669.48 762.38 2212.52 1588.1 1171.16
467.21 637.15 848.55 1318.37 1321.8 965.03
348.6 592.32 370.12 4025.1 1213.16 665.8
256.05 565.44 186.81 4726.9 1196.78 553.01
664.9 942.96 1357.57 2113.4 2088.28 1370.17
448.49 568.99 683.85 1138.78 1223.16 990.55
612.81 831.48 1068.82 1746.64 1813.81 1379.99
474.66 602.64 685.18 1215.64 1392.77 1168.34
186.96 214.33 234.43 343.73 373.01 330.83
237.39 375.29 342.31 2413.63 1054.28 659.66
557.03 744.77 836.42 2076.2 1666.07 1323.02
161.77 182.87 196.48 283.93 313.14 276.14
644.6 925.58 1212.38 2799.11 1781.58 1168.09
696.99 952.79 1273.03 2108.0 1914.76 1373.27
512.28 675.68 744.88 1970.68 1574.73 1260.44
598.34 755.34 870.43 1499.97 1665.19 1422.91
939.79 1377.75 2033.65 3148.5 3364.49 2181.59
167.98 190.07 202.81 307.01 330.9 288.63
354.67 446.23 503.01 1012.9 975.66 785.49
893.55 1320.76 1954.11 2906.7 2676.03 1717.23
256.8 380.06 411.38 1845.81 942.36 590.83
827.14 1180.91 1668.05 2540.98 2433.87 1680.73
394.1 508.07 558.69 1545.32 1205.14 942.25
729.95 987.23 1261.37 2094.59 2058.6 1556.8
487.43 612.05 708.43 1194.54 1317.41 1120.88
595.74 815.36 1110.92 1816.94 1556.58 1071.27
354.76 441.78 497.91 858.61 979.05 826.45
879.31 1239.24 1765.52 2748.48 3221.1 2202.21
517.09 664.33 770.01 1379.97 1524.56 1257.6
359.78 462.13 575.92 974.29 1006.07 747.31
365.28 485.73 506.99 1659.97 1150.2 888.65
942.91 1360.21 1990.29 3101.83 3056.85 1980.58
123.65 219.63 140.57 2369.2 704.99 338.74
628.2 909.83 1078.02 2710.42 1902.75 1346.76
565.36 722.65 819.61 1723.94 1630.03 1357.66
978.43 1428.84 2010.71 3237.18 2801.81 1797.2
335.35 411.84 455.97 816.71 899.45 753.1
408.18 505.18 576.39 963.76 1067.51 918.03
631.16 861.07 1117.44 1882.93 1690.28 1197.8
340.84 425.47 488.01 851.78 894.38 726.62
517.69 649.15 745.67 1270.68 1411.3 1208.7
581.66 781.19 1020.1 1690.21 1939.36 1419.58
381.58 575.12 481.38 2513.78 1284.22 907.56
423.81 551.67 619.7 1493.69 1266.88 988.04
182.75 356.06 190.72 4247.51 1083.95 548.31
483.79 830.99 775.97 4133.87 1709.83 987.25
381.96 553.07 595.34 2500.73 1365.51 898.45
613.05 838.44 1087.03 1824.27 1885.62 1426.76
233.23 361.8 260.91 2462.77 758.63 419.01
208.63 245.73 269.66 423.46 474.81 409.74
771.82 1115.95 1601.92 2435.72 2293.27 1529.78
327.39 547.41 359.64 3137.59 1192.52 742.29
500.4 656.1 777.61 1601.71 1587.44 1240.48
566.94 719.83 822.15 1556.05 1601.01 1351.0
87.66 209.18 86.92 4463.19 943.67 380.14
112.83 173.44 104.7 1622.67 389.23 199.73
797.79 1097.83 1499.59 2439.56 2120.78 1488.24
335.82 439.84 459.43 1637.48 1086.15 816.43
543.13 791.74 1005.49 2950.18 1800.05 1132.29
227.65 436.9 255.45 3812.85 1119.74 598.92
717.08 963.95 1239.79 2039.58 2079.75 1555.1
576.11 894.83 1028.51 3792.48 1862.1 1064.28
443.99 623.52 662.2 2658.88 1472.03 1062.91
518.6 675.0 747.66 2000.73 1571.37 1262.18
698.01 989.14 1485.12 2290.2 2052.61 1226.0
378.02 528.88 519.28 2400.86 1302.72 955.85
340.59 505.31 538.09 3237.52 1437.57 932.72
297.61 429.67 461.47 1974.23 1000.37 667.12
605.86 817.23 1074.71 1806.87 1635.82 1179.14
761.31 1059.6 1467.07 2331.18 2735.72 1917.94
356.26 540.11 429.58 2494.48 1190.8 818.88
932.97 1349.25 1995.19 3074.82 2913.81 1899.79
134.25 145.95 153.49 201.98 218.17 197.66
638.58 929.82 1249.33 2954.58 2334.88 1516.79
186.47 370.15 198.41 4462.37 1138.51 576.4
792.1 1110.76 1540.24 2448.61 2553.08 1794.38
410.38 516.66 570.62 1160.31 1183.59 972.06
327.86 410.86 442.53 1032.07 916.98 745.67
109.57 321.49 100.63 4865.79 1207.52 480.66
457.12 584.79 657.88 1313.98 1364.14 1128.26
784.57 1128.27 1593.33 2532.42 2815.78 1956.07
472.95 675.76 625.57 3077.38 1474.96 1047.47
523.91 702.66 850.74 1935.37 1576.55 1193.19
922.67 1325.79 1927.78 3014.95 2977.39 1945.77
477.75 611.41 686.94 1315.64 1410.77 1173.1
356.29 470.64 493.11 1569.63 1101.06 861.05
381.55 487.67 527.79 1427.87 1153.81 917.82
476.81 619.58 748.36 1294.3 1365.63 1075.48
671.79 898.26 1154.73 1891.17 2024.37 1551.89
344.87 489.19 475.36 2687.48 1267.85 895.44
603.37 825.58 1097.16 1808.31 1956.07 1407.63
494.1 645.37 713.11 2082.11 1517.17 1213.31
280.3 500.51 416.27 4335.82 1272.78 619.39
668.65 890.34 1113.03 1989.73 1939.05 1485.06
418.37 552.23 664.95 1496.88 1215.49 942.01
116.6 122.27 125.93 149.44 157.29 147.34
536.81 705.8 877.76 1490.75 1589.22 1231.0
536.7 718.14 928.74 1496.23 1654.02 1261.39
860.01 1200.51 1742.69 2722.26 2517.52 1624.44
332.33 565.51 379.54 3284.18 1232.36 747.91
420.16 526.21 587.4 1115.64 1197.74 990.16
620.5 794.6 940.5 1599.08 1776.83 1482.12
672.78 885.7 1089.19 1832.05 1887.65 1501.26
895.04 1260.31 1860.35 2887.23 2631.76 1650.49
213.95 252.88 277.98 439.32 493.19 424.94
601.12 759.06 874.66 1512.18 1674.77 1430.71
515.59 698.53 871.66 1761.89 1409.19 1028.11
289.56 376.23 486.3 743.93 807.29 595.11
653.28 931.4 1254.54 2626.59 2054.87 1387.16
244.17 293.42 325.18 529.31 597.47 511.11
899.34 1286.34 1945.55 3007.91 2696.73 1606.91
316.83 554.62 525.4 4001.68 1545.59 829.86
326.03 400.25 444.93 790.61 869.7 726.08
313.35 444.56 436.48 2771.41 1246.82 854.93
736.3 1038.59 1469.93 2334.01 2331.58 1565.09
468.42 740.6 942.47 3918.9 1926.12 1144.16
976.41 1478.76 2251.06 3337.55 3153.43 2017.9
84.31 214.58 73.91 4897.55 977.1 384.34
508.56 671.0 855.94 1461.08 1456.79 1090.45
270.08 328.33 366.21 607.07 686.15 583.88
149.94 335.15 215.31 3843.33 1165.72 565.57
403.24 550.6 568.05 2808.74 1407.67 1030.08
708.8 993.74 1330.31 2221.24 1847.5 1286.62
538.39 699.67 845.59 1473.62 1584.22 1259.64
637.61 871.47 1121.99 1902.06 1724.62 1274.59
375.79 546.07 614.53 2642.32 1297.88 886.67
586.87 859.03 1119.96 3071.89 2333.34 1522.91
585.56 780.71 978.96 1654.21 1819.64 1406.12
597.87 836.59 1144.93 1789.59 1718.02 1208.45
148.98 342.27 129.89 4457.84 992.01 432.24
445.51 568.08 633.39 1493.88 1252.97 1039.82
131.29 164.49 148.58 768.29 343.11 231.98
244.52 290.0 323.4 505.05 553.71 483.61
359.74 448.47 505.69 873.44 996.24 840.65
205.79 342.42 247.67 3558.07 1003.81 557.0
391.75 486.57 541.27 988.47 1091.04 909.61
140.2 153.26 160.8 222.42 236.55 211.55
369.99 492.05 533.48 1907.08 1199.9 887.81
239.22 284.46 310.57 523.96 572.9 486.33
390.91 514.66 541.9 1743.16 1160.09 908.04
426.73 538.34 610.32 1072.92 1227.39 1031.67
491.62 625.4 711.67 1266.15 1451.3 1216.71
364.6 522.66 497.19 2690.0 1337.94 955.41
626.0 805.96 963.78 1623.9 1770.48 1470.18
374.37 520.18 523.32 2997.82 1368.69 971.63
324.42 397.35 439.43 783.42 862.31 722.76
516.41 683.35 856.98 1464.92 1566.66 1189.74
576.48 767.63 953.78 1620.62 1835.48 1433.89
225.14 267.88 295.45 472.62 531.78 456.82
515.03 647.22 741.37 1311.1 1411.24 1204.13
674.08 898.05 1139.63 1858.09 1959.77 1545.67
498.4 638.58 743.84 1310.52 1464.61 1204.0
416.61 519.74 579.79 1064.86 1176.05 978.25
571.12 738.67 839.32 1818.38 1644.12 1350.55
673.16 950.92 1335.0 2125.72 2197.96 1500.03
391.3 516.63 548.99 1480.67 1195.39 952.69
308.65 418.86 411.77 1829.76 958.1 703.45
801.78 1108.62 1543.82 2560.23 2534.54 1688.59
436.94 563.41 635.11 1327.54 1256.33 995.11
413.34 511.96 584.36 978.22 1083.7 931.72
704.01 990.29 1351.96 2118.48 2081.85 1487.26
289.49 428.01 404.26 3172.59 1216.01 797.69
508.29 805.41 859.78 3960.26 1700.57 994.86
457.77 596.24 658.01 1664.0 1415.2 1147.27
231.5 420.64 267.54 4267.42 1186.52 613.64
428.43 609.95 686.42 2067.51 1363.96 931.93
475.77 614.44 687.17 1522.5 1462.53 1193.04
653.29 848.64 1040.53 1736.63 1961.79 1574.87
491.1 637.09 702.2 1509.55 1469.68 1204.9
494.02 632.12 728.83 1286.06 1443.8 1196.24
869.75 1235.51 1682.44 2736.6 2476.64 1692.61
491.37 655.08 714.1 2058.66 1546.05 1218.48
871.75 1276.6 1862.58 2820.86 2737.94 1855.99
452.4 575.52 650.46 1222.01 1331.36 1109.67
599.08 910.14 1166.73 3882.57 1864.37 1085.25
198.06 229.93 248.31 398.62 433.09 372.11
162.27 181.87 196.26 274.54 295.51 265.3
189.58 419.66 190.43 4354.83 1106.43 521.91
251.9 313.32 334.98 806.25 669.91 547.35
266.39 540.91 224.7 5591.05 1153.17 431.16
600.08 758.31 872.76 1522.74 1673.76 1428.26
443.26 581.67 750.91 1184.21 1308.18 987.0
278.92 340.03 379.45 632.77 717.35 610.18
778.58 1087.49 1570.11 2591.72 2242.83 1412.04
235.5 281.79 311.64 503.48 567.54 486.38
453.28 603.32 645.59 2481.0 1475.23 1131.4
670.81 878.72 1095.15 1834.73 1832.31 1452.09
277.41 338.02 377.1 628.29 712.17 605.89
570.79 764.71 964.94 1651.82 1546.4 1137.82
371.3 463.97 523.73 907.84 1036.11 873.6
554.92 779.91 1097.06 1712.11 1774.78 1210.78
597.47 810.37 1075.41 1770.77 1786.3 1301.6
878.71 1304.53 1944.93 2869.42 2623.2 1664.18
355.87 585.37 391.89 3724.81 1210.5 698.59
271.54 561.53 224.33 4381.87 1195.86 594.1
185.13 338.92 230.63 3702.92 1097.02 556.25
288.63 399.86 391.94 2281.97 1073.61 748.19
573.43 730.02 832.65 1653.87 1637.27 1373.69
405.17 576.31 536.57 2584.82 1317.21 931.13
531.93 668.89 772.01 1315.49 1456.79 1242.42
375.55 472.8 517.8 1186.88 1087.32 883.89
446.31 680.34 600.96 3280.61 1490.19 980.78
882.21 1257.09 1834.32 3117.96 2914.85 1782.63
272.61 429.6 345.45 3144.57 1138.71 698.02
734.06 1030.42 1418.69 2277.28 2481.47 1742.75
601.51 824.01 1097.94 1809.55 1901.8 1367.82
316.23 405.95 521.34 793.77 906.3 680.31
164.07 184.9 196.91 295.12 317.65 277.8
900.57 1281.02 1874.05 3081.04 2959.09 1815.23
811.44 1146.44 1607.8 2544.38 2642.29 1831.18
927.74 1316.13 1970.17 3041.23 2738.39 1674.82
698.56 967.61 1350.43 2268.67 2231.47 1455.04
384.91 520.67 544.57 2320.08 1347.16 1005.86
590.94 905.96 1199.73 3416.38 2069.15 1266.13
369.84 589.07 703.69 4118.81 1637.58 910.35
300.56 506.61 535.27 3365.49 1388.39 719.95
165.61 322.34 189.39 4429.37 1025.82 487.37
610.91 826.56 1050.4 1874.39 1979.4 1475.99
890.83 1275.59 1773.43 2877.09 2309.17 1455.79
325.34 402.31 451.95 770.99 877.52 742.54
495.99 631.26 718.49 1279.15 1466.37 1229.16
375.64 503.91 508.23 1706.02 1171.49 898.27
490.13 644.03 736.18 1640.17 1546.48 1227.49
291.22 425.03 393.13 2465.44 1175.35 771.14
128.48 137.45 144.03 179.83 189.42 175.6
318.49 389.5 430.47 765.38 842.19 706.32
528.64 693.46 760.58 1979.61 1599.91 1288.63
668.48 997.8 1331.06 3195.31 2662.61 1610.77
448.25 568.95 669.85 1154.75 1203.65 1000.04
239.84 285.29 311.51 525.86 575.02 488.06
527.25 683.39 803.25 1423.6 1606.27 1309.56
445.13 612.96 667.25 2107.13 1532.76 1148.29
525.22 687.5 818.56 1480.3 1509.96 1209.18
957.61 1375.4 2017.66 3111.95 3660.48 2419.37
449.05 645.58 722.89 2054.01 1374.45 961.35
343.26 426.36 479.95 824.37 939.38 793.66
465.72 597.72 672.26 1415.61 1408.98 1160.61
188.96 347.85 262.75 3134.83 1105.11 605.17
416.53 519.41 578.76 1063.94 1175.22 978.38
138.2 301.94 160.02 4228.18 1079.04 469.97
307.58 499.15 544.47 3223.26 1420.23 817.0
303.15 424.95 400.54 2429.24 1087.07 752.9
623.92 799.87 954.3 1613.19 1809.83 1493.93
521.33 680.88 857.97 1389.2 1538.51 1196.96
224.48 297.36 290.87 1400.52 691.1 503.58
266.53 322.45 363.55 615.77 624.97 533.66
351.49 521.07 493.96 3055.21 1425.25 944.02
652.59 893.67 1188.81 1911.75 2114.23 1570.18
708.67 961.46 1254.7 2000.27 2021.16 1538.51
735.43 1081.31 1512.92 3023.28 2264.92 1486.85
288.38 347.67 391.2 627.98 691.4 600.02
533.99 700.3 770.96 2065.63 1603.19 1292.18
724.32 1013.7 1354.18 2338.21 2112.78 1526.27
827.53 1181.16 1659.21 2652.35 2504.32 1610.57
394.53 515.67 599.6 1428.13 1120.99 848.24
452.91 653.14 749.89 2872.08 1614.0 1062.43
788.03 1117.87 1603.06 2518.39 2429.8 1638.33
389.03 581.77 668.62 3224.79 1486.98 887.86
671.48 926.76 1269.88 2019.09 2365.53 1673.34
95.95 211.77 110.97 3839.28 865.26 382.55
470.67 608.83 681.57 1448.0 1441.3 1180.01
584.84 910.28 1170.22 3890.07 2320.19 1394.84
608.5 839.23 1113.98 1790.42 1862.9 1386.84
934.93 1362.1 2002.22 3283.02 3084.77 1958.58
365.42 468.3 507.23 1088.0 1042.51 857.43
362.63 476.54 501.99 1732.37 1131.13 872.62
820.85 1171.76 1647.59 2606.04 2879.1 2019.69
594.94 850.29 1124.78 2818.29 2042.29 1361.59
866.83 1235.79 1782.8 2768.35 3073.27 2053.34
689.08 1014.81 1303.69 3388.0 2123.24 1287.89
290.09 465.18 362.11 2923.86 1141.58 725.23
483.83 614.94 699.5 1242.94 1424.41 1194.49
227.14 360.52 281.18 3310.62 1022.06 599.94
559.64 741.62 914.29 1558.22 1766.37 1388.85
571.78 720.85 831.32 1424.14 1581.21 1350.58
657.45 892.35 1142.32 2223.0 2099.0 1562.38
393.61 489.03 544.09 994.14 1097.36 914.77
443.78 590.45 752.61 1252.77 1380.29 1037.38
401.11 521.66 656.49 1046.79 1066.1 809.69
773.82 1089.45 1458.64 2402.78 2237.94 1562.42
599.18 929.3 1135.27 4233.89 1959.96 1040.14
270.44 431.77 365.27 3432.77 1238.21 739.62
500.24 790.72 1061.09 3966.1 2234.84 1335.5
288.0 380.79 376.45 1424.58 868.27 656.78
751.96 1041.96 1383.63 2293.58 1928.6 1378.29
691.06 961.09 1299.15 2123.97 2063.18 1402.09
264.25 320.36 356.54 589.1 666.76 568.37
235.58 391.64 278.71 3492.84 1098.2 643.5
753.44 1028.06 1420.72 2271.41 2195.85 1521.33
525.91 817.57 1109.68 3061.56 2119.68 1279.53
378.37 534.85 522.15 2992.5 1339.57 948.44
956.28 1380.06 1938.78 3127.67 2465.16 1520.82
429.96 562.94 613.85 1486.06 1254.09 984.68
439.26 546.04 624.43 1050.87 1165.08 1000.52
489.98 623.43 710.03 1261.99 1445.65 1211.32
424.25 590.47 604.93 2605.5 1498.08 1085.91
625.82 856.12 1153.91 1882.01 1882.04 1351.7
452.9 609.33 781.09 1291.64 1227.35 891.88
588.65 748.12 854.99 1598.03 1663.3 1406.7
362.13 637.03 380.22 4541.62 1306.37 693.37
490.32 634.5 777.37 1372.03 1394.05 1071.15
366.12 518.82 528.73 2692.04 1317.82 922.3
417.09 521.81 583.23 1092.9 1181.04 978.23
818.71 1175.02 1668.59 2562.52 2529.13 1772.72
390.58 511.6 542.43 1500.25 1116.42 897.25
603.34 806.52 1010.41 1718.25 1808.97 1373.6
815.03 1160.56 1597.14 2624.43 2034.85 1355.49
162.55 182.88 194.6 290.48 312.47 273.57
360.41 477.8 628.47 944.16 932.03 692.15
129.27 144.58 141.61 320.01 206.47 174.66
494.85 638.33 715.33 1460.54 1479.03 1216.23
638.69 865.62 1172.81 1898.88 1878.95 1326.36
362.05 503.64 478.03 1723.05 1117.93 849.7
430.63 584.69 660.91 2125.69 1473.33 1101.6
732.27 1049.4 1487.49 2282.71 2168.91 1468.87
490.23 629.42 707.99 1402.21 1470.62 1219.22
535.12 842.9 911.1 4138.4 1896.17 1118.29
268.2 596.53 198.21 4999.66 1256.6 580.6
277.11 357.28 355.31 1164.48 757.33 579.69
225.93 409.75 246.39 4068.71 1164.3 591.8
482.23 622.18 748.3 1319.71 1337.27 1052.0
810.51 1181.59 1706.72 2688.35 2964.87 2005.07
344.3 477.36 482.82 2287.97 1260.18 900.21
821.14 1149.18 1536.02 2513.36 2331.28 1645.39
667.41 918.0 1264.72 2135.12 2114.66 1402.81
390.72 553.06 533.65 2555.94 1384.29 990.7
152.48 270.58 183.86 3802.32 991.12 498.69
783.49 1081.27 1528.83 2423.13 2299.03 1538.96
449.59 619.91 842.54 1323.53 1470.14 1052.38
595.08 787.88 1001.02 1681.75 1764.21 1340.74
454.29 632.71 931.23 1419.89 1268.51 773.49
462.92 632.67 733.96 2056.55 1519.97 1124.99
241.23 466.23 279.68 4032.22 1204.96 653.67
442.6 562.82 645.17 1161.73 1300.98 1076.07
552.6 695.06 799.64 1368.55 1520.92 1301.38
589.81 853.92 1103.71 3150.11 1964.55 1302.79
330.39 405.27 448.47 801.61 882.61 739.33
693.48 931.68 1162.85 2100.89 1886.96 1425.41
610.03 849.48 1168.99 1784.13 1733.47 1233.04
710.12 1019.02 1538.04 2374.11 2113.84 1257.95
395.26 494.33 558.63 1006.34 1100.74 908.56
162.57 182.91 194.64 290.55 312.55 273.64
409.55 573.57 579.63 2732.91 1444.74 1037.43
302.09 450.31 402.37 3261.95 1183.75 771.02
320.98 488.13 603.18 2298.36 1214.66 701.56
277.77 416.61 347.75 2772.43 1056.7 685.4
888.64 1284.68 1939.28 3199.41 3586.78 2181.13
511.71 678.55 773.32 2089.92 1488.26 1172.07
215.07 254.37 279.72 442.63 497.03 428.11
262.91 314.19 351.83 556.61 611.46 532.44
382.59 474.43 527.42 960.58 1059.93 884.19
669.07 1024.36 1451.63 3678.45 2740.75 1721.89
183.89 303.77 220.35 3143.74 874.96 485.34
446.95 568.32 659.41 1182.34 1300.02 1049.67
287.1 347.9 382.98 669.76 735.54 619.19
654.55 922.98 1349.32 2193.04 2093.64 1272.5
348.63 501.76 486.09 3007.03 1358.13 915.05
613.81 832.34 1106.82 1812.65 2088.98 1505.4
682.34 898.73 1148.97 1931.18 1924.27 1470.3
188.45 217.19 233.78 369.35 400.45 345.44
644.59 841.56 1031.76 1714.43 1843.66 1499.36
600.86 786.8 928.63 1885.11 1797.91 1448.17
565.76 721.97 821.01 1693.29 1626.87 1357.9
510.75 716.09 1034.01 1569.41 1490.29 988.93
298.7 378.2 403.28 993.02 783.56 642.31
972.9 1419.59 1995.49 3214.2 2786.83 1791.45
532.66 705.84 747.07 1907.71 1542.77 1253.03
908.62 1346.79 1988.77 3093.79 3411.51 2260.58
549.38 730.04 939.98 1629.15 1672.12 1204.93
575.9 742.96 825.35 1824.59 1635.34 1354.63
600.45 828.78 1106.19 1772.13 1737.49 1255.52
616.08 858.39 1180.59 1894.78 2039.06 1418.63
374.74 555.54 508.99 2645.54 1351.82 957.68
499.09 653.99 795.01 1339.47 1453.3 1160.17
364.81 643.84 394.37 3988.84 1377.98 827.15
581.22 770.05 939.24 1617.74 1706.91 1340.84
667.83 878.01 1111.32 1880.47 2095.69 1601.37
334.07 478.59 414.34 2136.06 964.73 674.32
194.36 283.4 248.59 2134.09 815.14 494.08
374.94 464.29 515.84 937.27 1033.92 862.95
108.93 111.84 113.51 127.2 130.34 124.79
276.14 333.39 366.41 636.41 698.33 588.79
679.54 950.03 1333.42 2544.14 2015.0 1276.05
721.58 1071.72 1513.0 3073.19 2772.94 1827.42
184.42 211.85 227.68 357.08 386.76 334.26
113.54 119.72 120.56 203.41 158.51 142.02
609.02 841.31 1076.23 2123.41 1721.08 1210.91
293.26 445.61 392.54 2717.62 1178.74 768.62
549.73 738.16 992.49 1672.98 1550.06 1074.82
163.32 330.93 201.47 4154.48 1137.44 535.59
517.56 704.26 949.18 1529.82 1555.86 1098.18
276.0 396.04 362.64 2569.48 1010.16 692.63
426.04 534.63 604.57 1100.88 1207.33 995.58
528.32 736.5 1050.28 1602.14 1767.06 1182.8
419.94 524.34 584.98 1079.98 1187.48 987.15
590.35 782.53 984.68 1698.36 1819.28 1373.19
480.47 670.32 812.01 2315.99 1710.37 1235.92
936.3 1391.38 2062.84 3052.92 2757.73 1764.74
724.89 1029.04 1456.09 2300.35 2446.49 1664.71
894.2 1319.6 1944.69 2930.21 2826.32 1891.24
174.76 308.04 228.61 3534.87 1085.12 558.09
521.18 687.86 845.73 1424.66 1556.62 1235.76
292.47 413.06 387.11 2088.94 1012.04 708.04
670.12 888.08 1106.58 1864.3 1790.74 1407.88
231.72 322.52 306.54 1705.28 811.48 555.63
171.65 260.5 214.57 1950.79 717.73 419.58
104.67 106.27 107.3 113.91 116.12 113.32
492.85 616.49 707.27 1201.07 1333.32 1142.77
455.97 577.56 655.98 1159.98 1328.27 1115.04
758.39 1040.59 1419.12 2248.92 2608.07 1869.62
700.43 1063.14 1502.79 3454.61 2743.43 1764.92
493.72 629.71 747.88 1255.65 1304.99 1080.69
600.2 808.59 1028.84 1694.8 1787.77 1372.78
620.65 857.93 1091.27 2327.87 1984.11 1371.23
549.26 752.36 1028.05 1641.81 1622.11 1147.29
374.99 516.28 487.03 2143.7 1162.05 835.99
200.07 350.14 242.74 3947.26 1062.07 571.0
356.55 460.21 490.07 1488.25 1108.6 857.88
204.11 257.53 257.11 1117.66 588.34 436.4
357.25 490.03 504.3 2433.28 1303.74 946.36
143.76 254.27 170.03 2761.14 787.13 391.75
381.14 489.65 535.06 1251.97 1125.72 913.88
359.65 460.42 488.64 1279.39 1049.01 838.66
244.86 355.54 277.76 1777.84 696.96 453.55
388.01 496.59 589.6 1119.28 1112.35 857.21
944.37 1370.0 2035.26 3130.95 2957.94 1915.54
210.14 380.38 272.53 4003.2 1205.11 628.05
504.3 648.35 745.97 1432.03 1512.34 1241.3
356.14 493.29 478.03 2236.09 1159.33 837.96
842.57 1228.08 1766.54 3058.4 2993.45 1962.79
767.0 1052.08 1469.52 2339.9 2242.43 1529.29
431.08 549.4 629.74 1238.18 1247.67 997.95
437.74 592.36 633.82 1855.64 1298.38 958.98
355.38 479.44 545.72 1824.94 1198.22 865.73
330.04 404.8 447.93 800.53 881.4 738.35
491.2 652.74 813.09 1387.7 1370.02 1031.15
197.97 243.48 299.49 424.85 422.66 328.92
765.9 1067.05 1480.2 2349.52 2757.87 1929.82
697.24 969.34 1361.49 2188.27 2098.87 1408.84
570.8 746.5 857.41 1976.25 1667.68 1331.18
382.98 580.45 533.86 3483.71 1453.03 926.96
490.43 634.7 779.77 1351.96 1403.35 1079.91
150.65 282.0 177.85 4320.77 1058.3 521.68
498.07 643.38 786.53 1280.31 1357.9 1100.61
300.34 368.78 412.91 696.56 791.28 671.27
136.47 240.48 158.54 2933.56 804.68 388.47
349.9 438.91 494.65 930.4 974.28 811.22
252.54 326.16 341.43 1242.87 769.39 588.96
713.44 957.5 1228.29 2022.74 2066.98 1551.22
160.09 303.68 175.91 4087.96 964.72 465.05
424.54 662.63 821.07 3819.41 1890.65 1150.7
268.2 456.87 320.21 3910.97 1265.63 708.11
422.49 542.79 655.68 1126.5 1243.09 971.16
672.53 925.54 1225.39 1996.96 1935.54 1429.05
518.72 669.23 775.82 1395.93 1543.19 1264.11
926.54 1372.95 2028.19 3007.79 2726.16 1755.05
664.07 870.51 1085.9 1801.04 1908.14 1520.14
220.32 265.3 280.6 617.52 535.25 440.3
618.58 846.64 1178.56 1945.19 1763.94 1179.91
716.59 975.46 1263.9 2108.06 1869.02 1391.08
92.02 218.22 106.17 4225.09 925.34 396.54
395.29 649.01 580.42 4100.57 1412.17 740.81
348.46 429.21 475.79 856.64 943.98 789.47
643.03 867.64 1128.73 1858.56 2164.95 1611.83
392.15 498.38 543.01 1327.13 1168.63 936.27
402.95 537.35 574.89 2081.34 1362.98 1041.53
627.52 804.1 957.85 1621.24 1818.18 1503.33
147.69 226.11 185.77 1583.25 602.27 357.37
440.48 587.72 628.41 2460.53 1449.93 1103.24
890.63 1264.4 1739.48 2823.63 2319.71 1508.16
443.01 575.04 673.95 1444.68 1357.89 1053.49
856.93 1224.61 1849.16 2869.13 2572.16 1529.73
424.72 596.7 570.61 2505.5 1370.34 990.29
562.35 730.31 833.1 1861.47 1667.04 1351.74
529.18 687.07 814.34 1464.11 1641.86 1311.45
709.15 1024.48 1432.88 3004.66 2216.42 1367.03
662.0 905.74 1235.61 1994.3 1723.07 1205.94
613.21 821.3 1007.52 2087.88 1915.51 1486.38
470.9 623.89 714.39 1922.19 1518.18 1166.57
98.46 270.62 100.23 4672.91 1063.82 396.92
262.26 431.14 309.58 3508.23 1168.55 665.96
586.32 773.85 975.05 1645.32 1738.22 1332.2
950.1 1369.89 2017.05 3094.79 3423.14 2235.41
680.21 963.49 1337.0 2080.48 1980.81 1373.76
370.73 529.09 468.94 2515.49 1175.56 809.68
580.14 733.25 842.67 1512.11 1620.71 1378.97
503.75 641.66 730.6 1302.24 1493.12 1251.27
247.01 294.79 322.35 547.69 599.38 507.95
444.87 641.86 831.56 2451.37 1582.38 1036.03
475.99 757.83 789.61 3880.58 1590.75 911.63
300.74 369.3 413.53 697.74 792.64 672.4
404.55 503.53 560.63 1027.45 1134.52 945.13
363.6 604.37 413.35 4408.14 1304.6 721.19
884.06 1325.26 1969.0 3096.07 2855.18 1861.6
350.1 438.44 477.43 1078.15 987.15 805.31
717.68 1005.41 1380.65 2223.17 2347.17 1655.79
527.55 802.47 1038.31 3806.85 1930.56 1110.53
221.02 376.59 275.21 3105.25 1110.32 633.36
547.89 713.02 819.62 1931.91 1644.1 1310.17
412.98 560.15 597.98 1884.27 1397.33 1072.86
475.84 643.78 799.1 1764.75 1431.1 1050.2
480.05 623.25 754.03 1317.67 1423.47 1113.65
192.25 380.5 205.45 4421.36 1126.88 532.25
364.08 494.7 567.72 1894.74 1171.53 837.95
534.96 690.79 842.46 1490.87 1590.27 1255.19
520.29 654.86 749.58 1348.31 1430.76 1219.37
375.53 556.07 510.35 2637.3 1352.69 959.48
290.72 392.46 396.53 1733.79 930.89 677.46
770.74 1096.13 1647.88 2552.2 2291.01 1369.27
492.95 643.98 788.15 1366.42 1492.95 1154.94
582.27 737.04 858.91 1469.63 1613.71 1364.33
583.8 742.9 849.4 1601.05 1655.46 1397.6
167.83 263.23 215.5 2676.18 802.2 462.85
327.42 404.27 457.6 806.22 876.39 719.0
611.52 796.61 939.2 1790.0 1745.55 1416.16
949.97 1367.81 2041.21 3344.96 3174.04 1877.94
380.09 471.12 523.63 952.96 1051.43 877.25
287.01 345.87 389.08 624.15 687.11 596.4
413.45 550.15 592.83 1916.81 1381.55 1061.16
488.57 673.81 927.6 1597.03 1231.38 809.26
403.88 552.0 634.68 1866.44 1287.21 928.93
421.63 539.79 601.75 1309.48 1227.4 983.17
318.22 386.9 437.32 711.61 785.08 679.23
376.09 589.7 601.16 3263.09 1550.73 957.1
601.28 759.23 874.84 1509.79 1674.6 1430.85
355.82 443.2 499.55 861.75 982.69 829.46
422.69 638.58 718.53 3426.88 1459.58 887.26
351.94 438.33 493.5 860.15 971.47 819.1
670.71 918.04 1280.85 2062.1 1957.11 1315.15
287.09 347.89 382.97 669.73 735.5 619.16
941.08 1407.4 2102.54 3183.42 2845.73 1789.57
406.74 513.55 564.06 1222.84 1181.92 963.63
228.83 313.54 296.87 1820.24 722.46 514.48
347.16 482.91 491.67 2366.23 1299.22 921.43
533.45 694.18 817.38 1503.15 1563.25 1259.37
336.38 455.9 618.87 942.92 1040.46 740.18
358.3 536.19 653.83 2268.11 1084.51 587.48
467.61 652.74 813.65 2234.85 1507.09 1011.07
539.81 777.36 793.79 3024.63 1644.73 1146.53
395.0 490.88 546.19 998.37 1102.09 918.63
785.6 1128.27 1619.17 2555.02 2626.73 1753.02
223.96 421.74 260.11 4338.17 1201.29 575.79
507.71 669.94 823.01 1441.28 1367.33 1047.45
450.58 636.26 686.85 2455.85 1345.54 912.52
851.75 1231.06 1865.6 2896.09 2582.49 1534.25
506.19 672.85 826.91 1513.89 1374.46 1040.51
426.22 559.31 729.34 1223.7 1158.43 830.33
561.27 733.41 796.95 2002.7 1612.54 1310.96
139.59 281.25 155.6 4148.76 872.85 426.42
750.0 1077.49 1521.58 2361.42 2358.22 1651.84
270.07 539.48 233.85 5459.64 1152.18 445.36
305.98 438.72 402.89 2245.8 1057.0 732.96
858.42 1229.76 1686.79 2747.62 2471.21 1659.76
376.2 515.48 529.2 2301.04 1276.16 962.46
433.53 545.35 619.73 1127.82 1219.68 1001.92
531.3 687.77 811.26 1451.04 1556.56 1264.97
541.46 723.7 948.64 1592.0 1578.18 1135.38
285.77 372.72 517.51 762.04 695.98 457.08
437.6 652.68 556.96 3507.62 1419.89 941.98
475.44 620.19 749.15 1319.54 1285.44 1001.25
274.88 386.87 371.84 2408.32 1061.74 723.1
938.92 1365.85 2006.18 3241.34 3427.24 2211.55
606.52 851.06 1236.21 2013.43 1925.95 1177.49
834.79 1227.58 1794.06 2726.21 2656.09 1789.65
478.66 630.05 684.9 2314.81 1509.48 1182.77
239.06 430.91 277.62 4003.44 1145.54 634.63
145.53 294.76 173.53 4209.44 1103.33 500.26
709.57 961.2 1251.08 2042.53 2262.38 1721.07
660.31 923.86 1238.86 2079.45 1681.08 1150.88
572.97 801.3 1065.47 2521.94 1841.29 1220.02
628.54 866.98 1167.6 1909.04 2061.64 1465.23
665.36 901.84 1184.18 1976.04 1845.78 1353.39
215.54 255.0 280.45 444.04 498.66 429.45
530.43 716.94 968.64 1588.32 1536.34 1066.29
844.09 1258.42 1880.11 2816.94 2688.15 1757.1
873.97 1256.0 1823.78 2885.77 2828.59 1841.08
608.93 950.25 1143.42 4380.79 1986.55 1055.87
962.0 1398.0 2014.0 3173.0 2939.0 1816.0
69.0 191.5 59.0 4653.5 930.0 346.0
134.0 394.5 95.5 5146.0 1087.0 409.5
969.0 1403.0 2079.0 3181.0 3518.0 2279.0
155.0 368.0 123.0 5163.0 1156.0 447.0
89.8 263.8 87.2 4769.8 1060.5 381.0
971.0 1390.0 2115.5 3245.0 2879.5 1707.0
122.0 299.0 89.0 4632.0 914.0 354.0
72.0 203.8 71.8 4231.5 957.5 341.5
907.5 1325.5 2047.5 3151.5 2757.0 1579.5
948.0 1357.0 1978.0 3155.0 2462.0 1531.0
56.8 180.8 53.0 4412.8 873.5 325.0
119.5 322.5 80.5 4825.8 970.8 371.8
948.0 1376.0 2046.0 3146.0 2970.0 1921.0
911.0 1341.0 1922.0 3127.8 2196.5 1320.8
985.0 1493.5 2276.8 3372.5 3183.8 2033.8
76.2 218.5 55.5 4643.8 764.8 282.8
962.5 1390.0 1954.5 3151.5 2480.0 1527.0
959.5 1435.2 2145.2 3160.2 2832.8 1787.8
88.5 243.0 63.5 4918.0 903.5 321.0
978.0 1422.0 2105.0 3266.0 3199.0 2037.0
79.2 209.2 66.0 4931.0 970.2 374.0
222.2 574.0 104.8 5481.0 1198.8 463.2
992.0 1434.0 2127.0 3253.0 3849.0 2515.0
980.5 1432.2 2016.0 3245.2 2807.8 1800.2
966.0 1422.0 2112.0 3259.5 3477.0 2237.5
109.2 304.0 68.8 5231.2 1052.0 412.0
978.0 1434.0 2220.0 3640.0 4073.0 2397.0
81.5 229.5 75.0 4588.5 1023.0 369.5
937.0 1353.0 2081.0 3198.0 2826.0 1629.0
924.0 1316.0 1970.0 3207.0 2671.0 1584.0
102.5 315.2 89.5 4914.0 1200.8 467.0
980.0 1467.0 2194.0 3388.8 3736.5 2446.5
955.0 1376.0 2056.0 3368.0 3193.0 1885.0
977.5 1462.0 2197.0 3231.5 2940.0 1846.5
939.0 1381.8 2053.5 3176.2 3230.8 2074.0
265.0 540.0 222.0 5608.0 1151.0 427.0
83.0 265.0 84.5 4714.5 1156.5 420.5
245.0 494.0 207.0 5231.5 1090.0 397.0
304.0 635.0 236.5 5868.5 1229.5 464.5
138.0 335.0 114.0 4964.0 1063.0 407.0
53.8 244.8 74.8 4340.2 1057.2 381.2
420.0 524.0 584.0 1074.5 1187.0 988.0
504.0 642.0 731.0 1303.0 1494.0 1252.0
602.0 760.0 876.0 1507.0 1676.0 1432.5
100.0 100.0 100.0 100.0 100.0 100.0
