0.8417
0.2638
0.9038
0.3354
0.7184
0.1181
0.1657
0.5276
0.5114
0.1451
0.4776
0.5268
0.9454
0.9479
0.58
0.8849
0.6699
0.0905
0.4461
0.5467
0.4849
0.7458
0.8332
0.6914
0.8796
0.0975
0.447
0.2445
0.1299
0.9627
0.299
0.2517
0.2793
0.7516
0.8077
0.6952
0.8994
0.7299
0.626
0.833
0.871
0.4021
0.6954
0.2632
0.6248
0.0787
0.0507
0.3854
0.2044
0.2819
0.4219
0.6257
0.7377
0.8153
0.362
0.8222
0.2379
0.1446
0.8647
0.6384
0.7318
0.4787
0.3352
0.828
0.1702
0.5061
0.9028
0.7633
0.7999
0.6273
0.7544
0.2765
0.445
0.5241
0.6882
0.76
0.8162
0.0329
0.1781
0.9939
0.3701
0.5172
0.8999
0.5955
0.7034
0.3345
0.1183
0.6394
0.0641
0.8785
0.2981
0.7189
0.7763
0.0066
0.0867
0.5102
0.205
0.5273
0.031
0.7446
0.8474
0.5944
0.5173
0.0062
0.1279
0.1083
0.972
0.5899
0.8242
0.3792
0.536
0.7687
0.651
0.9343
0.2231
0.4064
0.4027
0.282
0.8931
0.8965
0.4988
0.9245
0.5243
0.2361
0.8156
0.8448
0.949
0.61
0.6851
0.892
0.9633
0.0464
0.235
0.8565
0.545
0.7283
0.4908
0.3432
0.6082
0.3234
0.5971
0.6262
0.0498
0.3177
0.0985
0.5965
0.3235
0.508
0.7417
0.3254
0.6784
0.9292
0.1202
0.3918
0.9755
0.4241
0.4578
0.2048
0.648
0.5516
0.1353
0.795
0.386
0.8692
0.8703
0.1462
0.3208
0.368
0.6981
0.073
0.1213
0.2743
0.6894
0.5603
0.5409
0.6932
0.4959
0.3364
0.4789
0.3244
0.9873
0.7706
0.4769
0.1194
0.6558
0.4626
0.7759
0.9396
0.2536
0.8639
0.1411
0.1203
0.3181
0.3661
0.9673
0.242
0.3878
0.5971
0.3008
0.4873
0.3487
0.822
0.4739
0.3827
0.4163
0.425
0.2012
0.5197
0.429
0.2729
0.9513
0.3823
0.4297
0.6585
0.1041
0.3945
0.9031
0.9911
0.1162
0.9013
0.2778
0.2576
0.401
0.2084
0.3446
0.6672
0.0451
0.6773
0.8152
0.7589
0.1603
0.642
0.2333
0.4417
0.8337
0.6443
0.5133
0.1113
0.4715
0.7646
0.8847
0.9752
0.8685
0.196
0.4175
0.16
0.5904
0.2433
0.0391
0.2625
0.6475
0.5233
0.9084
0.0082
0.807
0.5373
0.3584
0.9993
0.4253
0.3737
0.5846
0.7463
0.985
0.1008
0.042
0.4868
0.2211
0.8534
0.5333
0.9152
0.5651
0.4135
0.4964
0.3417
0.1366
0.2586
0.4268
0.284
0.0864
0.1152
0.2526
0.8406
0.7308
0.4592
0.0711
0.1924
0.0394
0.5334
0.0699
0.3701
0.6646
0.9805
0.6567
0.8686
0.7412
0.6068
0.463
0.7767
0.5428
0.5227
0.2132
0.1019
0.1383
0.9617
0.6444
0.2913
0.8377
0.6049
0.2217
0.554
0.5231
0.7988
0.1392
0.4387
0.5285
0.433
0.242
0.6984
0.5926
0.6949
0.788
0.4817
0.9099
0.0235
0.535
0.2016
0.8035
0.4213
0.444
0.9078
0.067
0.4801
0.8786
0.5321
0.0285
0.9924
0.0701
0.0986
0.6713
0.8236
0.4984
0.978
0.4599
0.2526
0.1577
0.5382
0.443
0.6172
0.8211
0.7082
0.768
0.4616
0.6951
0.4648
0.3676
0.3179
0.4695
0.1706
0.4391
0.6915
0.7225
0.0761
0.6976
0.7591
0.2193
0.6481
0.6862
0.2771
0.3967
0.5141
0.6435
0.2657
0.7856
0.6165
0.8617
0.0828
0.7458
0.4551
0.5167
0.1921
0.3537
0.117
0.2618
0.452
0.5067
0.5558
0.6497
0.7526
0.8769
0.0136
0.0513
0.2298
0.3456
0.1761
0.6321
0.7845
0.9966
0.3616
0.2413
0.3494
0.6267
0.5304
0.91
0.323
0.1613
0.2643
0.0851
0.7464
0.0819
0.2701
0.1154
0.0885
0.3785
0.2782
0.2825
0.5959
0.1844
0.1641
0.9787
0.6049
0.4759
0.3294
0.7341
0.3945
0.2103
0.5421
0.5432
0.185
0.7508
0.5642
0.5397
0.9638
0.9905
0.6866
0.0916
0.3257
0.9731
0.4956
0.8569
0.7543
0.8991
0.1769
0.1197
0.1237
0.8551
0.2189
0.5743
0.1127
0.5303
0.9389
0.8154
0.4216
0.7458
0.6695
0.52
0.9803
0.7275
0.2012
0.8493
0.5565
0.001
0.0626
0.135
0.163
0.5603
0.4205
0.3793
0.0221
0.6232
0.2038
0.7494
0.0814
0.5349
0.2641
0.1246
0.5807
0.4309
0.4586
0.406
0.9534
0.2872
0.3574
0.4877
0.0987
0.8406
0.3635
0.8218
0.1907
0.1556
0.5674
0.3247
0.3067
0.4467
0.6073
0.0354
0.9466
0.3728
0.6679
0.5418
0.4347
0.3338
0.6916
0.9573
0.1635
0.7372
0.6707
0.8061
0.1159
0.2032
0.888
0.9321
0.7901
0.9386
0.3704
0.4759
0.1278
0.4303
0.7491
0.9781
0.439
0.0162
0.6476
0.2765
0.3647
0.4874
0.8167
0.4435
0.767
0.7239
0.8858
0.7827
0.5348
0.8216
0.1232
0.9547
0.7553
0.3968
0.5353
0.4615
0.5799
0.2357
0.4837
0.9874
0.066
0.3292
0.0401
0.0787
0.3012
0.7387
0.4687
0.6774
0.3239
0.8406
0.0617
0.1927
0.3436
0.0389
0.8198
0.4874
0.5806
0.8966
0.3895
0.2407
0.3209
0.3727
0.0503
0.4518
0.2806
0.412
0.4598
0.6304
0.8649
0.2974
0.4757
0.8516
0.626
0.9469
0.6055
0.6728
0.8361
0.7685
0.3612
0.0393
0.4199
0.5277
0.1143
0.8716
0.1676
0.6746
0.6204
0.5979
0.3154
0.1554
0.6084
0.7776
0.0036
0.0546
0.4221
0.755
0.9989
0.2623
0.1993
0.0964
0.7811
0.5173
0.624
0.9991
0.0918
0.7221
0.8762
0.7111
0.8764
0.45
0.3312
0.6816
0.3726
0.4831
0.3351
0.2515
0.91
0.3481
0.8895
0.5453
0.6369
0.3361
0.568
0.4709
0.8932
0.6574
0.7035
0.307
0.8137
0.7753
0.3495
0.6481
0.3857
0.788
0.0884
0.4875
0.6257
0.432
0.9611
0.8712
0.1471
0.8568
0.2997
0.9926
0.6815
0.9333
0.7831
0.5202
0.2501
0.4664
0.3984
0.4995
0.6039
0.2801
0.6716
0.004
0.7554
0.0743
0.1292
0.7567
0.7585
0.8114
0.7024
0.2524
0.1604
0.5523
0.8104
0.0122
0.871
0.9742
0.588
0.503
0.3598
0.3268
0.7721
0.0478
0.6408
0.348
0.8135
0.7216
0.5485
0.4422
0.0665
0.0343
0.9063
0.3047
0.9986
0.3205
0.0242
0.7678
0.6925
0.5307
0.498
0.6025
0.6999
0.5636
0.2936
0.1284
0.5545
0.7502
0.9767
0.4315
0.2412
0.1492
0.416
0.3456
0.5489
0.5966
0.945
0.7794
0.32
0.6816
0.2439
0.6295
0.6325
0.2078
0.8811
0.686
0.7577
0.0405
0.3971
0.4581
0.131
0.1259
0.7298
0.6117
0.9591
0.0556
0.555
0.415
0.2525
0.458
0.4586
0.4187
0.7842
0.9261
0.6006
0.0358
0.0727
0.177
0.7138
0.3298
0.2458
0.0613
0.2695
0.3153
0.1065
0.3706
0.0916
0.4063
0.0233
0.0313
0.0122
0.6382
0.4536
0.1989
0.281
0.4207
0.8439
0.4599
0.9032
0.2145
0.1885
0.4404
0.9638
0.115
0.7071
0.8667
0.0266
0.5
0.1383
0.7698
0.9266
0.966
0.5432
0.9901
0.8775
0.9836
0.6074
0.3439
0.9696
0.9852
0.8359
0.8265
0.9218
0.9303
0.0482
0.43
0.8511
0.5291
0.3845
0.5141
0.9516
0.4707
0.6863
0.737
0.8795
0.5638
0.2844
0.5046
0.1021
0.239
0.5082
0.177
0.6241
0.5511
0.6665
0.4498
0.9701
0.8493
0.0038
0.5513
0.2805
0.1832
0.3164
0.1232
0.059
0.0655
0.5726
0.251
0.6592
0.1512
0.6055
0.4138
0.1705
0.2643
0.0433
0.9315
0.4273
0.8068
0.2209
0.7973
0.8754
0.6171
0.2801
0.4919
0.7268
0.9364
0.4335
0.0337
0.0278
0.2605
0.5589
0.2975
0.1572
0.4648
0.2773
0.4604
0.0992
0.3485
0.8227
0.1046
0.7279
0.132
0.4359
0.7599
0.1483
0.4322
0.2561
0.2166
0.6195
0.3492
0.206
0.362
0.8024
0.6957
0.4813
0.9325
0.3173
0.4092
0.5614
0.7711
0.9849
0.9879
0.27
0.4791
0.4881
0.1478
0.3546
0.2723
0.7152
0.4125
0.3443
0.9427
0.3103
0.2503
0.6942
0.241
0.7019
0.0745
0.4688
0.7892
0.5694
0.9949
0.1077
0.5388
0.7927
0.898
0.1572
0.5868
0.3906
0.2575
0.2996
0.7328
0.3488
0.2743
0.9303
0.444
0.0334
0.4387
0.9896
0.8648
0.8188
0.9769
0.6414
0.3718
0.4279
0.5702
0.467
0.0227
0.4596
0.3359
0.3437
0.3485
0.0881
0.7212
0.8253
0.8053
0.9146
0.253
0.1992
0.6788
0.8514
0.9355
0.6782
0.6213
0.0233
0.6551
0.8796
0.4127
0.3412
0.6081
0.7457
0.1599
0.3259
0.4129
0.676
0.204
0.7034
0.3019
0.4841
0.7847
0.5001
0.8752
0.0492
0.3284
0.9833
0.5284
0.1699
0.6908
0.2497
0.3755
0.8383
0.7223
0.2079
0.5938
0.628
0.5056
0.6808
0.5467
0.1381
0.9225
0.4273
0.089
0.1148
0.8975
0.7585
0.5469
0.0286
0.9469
0.6636
0.4473
0.9629
0.9723
0.5118
0.9439
0.9241
0.8793
0.8751
0.7631
0.7611
0.4155
0.7107
0.1562
0.1856
0.7912
0.396
1.0
0.0
0.0
1.0
0.0
0.0
1.0
0.0
0.0
1.0
1.0
0.0
0.0
1.0
1.0
1.0
0.0
1.0
1.0
0.0
1.0
0.0
0.0
1.0
1.0
1.0
0.0
1.0
0.0
1.0
1.0
0.0
1.0
1.0
1.0
1.0
0.0
0.0
0.0
0.0
0.0
0.0
0.0
0.0
0.0
0.0
0.0
0.0
0.0
0.0
0.0
0.0
0.0
0.0
0.0
0.0
0.0
0.0
0.0
0.0
0.0
0.0
0.0
0.0
0.0
0.0
0.0
0.0
0.0
0.0
0.0
0.0
0.0
0.0
0.0
0.0
0.0
0.0
0.0
0.0
0.0
0.0
0.0
0.0
0.0
0.0
0.0
0.0
0.0
0.0
0.0
0.0
0.0
0.0
0.0
0.0
0.0
0.0
0.0
0.0
0.0
0.0
0.0
0.0
0.0
0.0
0.0
0.0
0.0
0.0
0.0
0.0
0.0
0.0
0.0
0.0
0.0
0.0
0.0
0.0
0.0
0.0
0.0
0.0
0.0
0.0
0.0
0.0
0.0
0.0
0.0
0.0
0.0
0.0
0.0
0.0
0.0
0.0
0.0
0.0
0.0
0.0
0.0
0.0
0.0
0.0
0.0
0.0
0.0
0.0
0.0
0.0
0.0
0.0
0.0
0.0
0.0
0.0
0.0
0.0
0.0
0.0
0.0
0.0
0.0
0.0
0.0
0.0
0.0
0.0
0.0
0.0
0.0
0.0
0.0
0.0
0.0
0.0
0.0
0.0
0.0
0.0
0.0
0.0
0.0
0.0
0.0
0.0
0.0
0.0
0.0
0.0
0.0
0.0
0.0
0.0
0.0
0.0
0.0
0.0
0.0
0.0
0.0
0.0
0.0
0.0
0.0
0.0
0.0
0.0
0.0
0.0
0.0
0.0
0.0
0.0
0.0
0.0
0.0
0.0
0.0
0.0
0.0
0.0
0.0
0.0
0.0
0.0
0.0
0.0
0.0
0.0
0.0
0.0
0.0
0.0
0.0
0.0
0.0
0.0
0.0
0.0
0.0
0.0
