0.598
0.643
0.0505
0.324
0.0527
0.7141
0.3539
0.5955
0.327
0.4151
0.8266
0.4876
0.8015
0.6623
0.9225
0.8769
0.4846
0.7997
0.1285
0.2011
0.4852
0.2304
0.6076
0.0196
0.7854
0.6161
0.0718
0.2879
0.1141
0.1972
0.1429
0.5669
0.9859
0.8021
0.4342
0.4841
0.3837
0.8624
0.652
0.6573
0.2164
0.2773
0.0841
0.8173
0.9905
0.3652
0.6539
0.8709
0.1403
0.1006
0.8106
0.4563
0.9264
0.3236
0.2987
0.3175
0.15
0.1827
0.9677
0.6451
0.7111
0.3118
0.5632
0.6693
0.0343
0.0236
0.7536
0.8514
0.0332
0.6021
0.4256
0.4032
0.0221
0.7429
0.4703
0.5581
0.1679
0.0491
0.2782
0.3016
0.338
0.2868
0.7247
0.495
0.0222
0.3808
0.5222
0.4606
0.5605
0.4683
0.354
0.9622
0.562
0.3829
0.3447
0.4393
0.5064
0.8014
0.453
0.7081
0.9689
0.5853
0.8609
0.7309
0.9238
0.9539
0.4391
0.3189
0.7372
0.7016
0.6901
0.8089
0.4022
0.9531
0.6433
0.7934
0.7017
0.9376
0.4212
0.4927
0.8215
0.1776
0.8759
0.3863
0.8982
0.8477
0.6936
0.1509
0.0599
0.5422
0.2887
0.6985
0.3222
0.5941
0.1339
0.1756
0.6609
0.4705
0.8777
0.1122
0.587
0.9175
0.4806
0.5833
0.8853
0.5824
0.8404
0.2385
0.8987
0.6467
0.33
0.92
0.0492
0.1977
0.2855
0.1528
0.6332
0.6132
0.2593
0.327
0.9374
0.866
0.3247
0.8922
0.2798
0.2469
0.4348
0.6579
0.3956
0.4814
0.4655
0.1285
0.1144
0.0696
0.7324
0.6441
0.0888
0.1001
0.8838
0.8361
0.4793
0.6202
0.2094
0.6225
0.7339
0.9788
0.7802
0.1719
0.4127
0.0656
0.5334
0.094
0.9443
0.336
0.9946
0.307
0.1931
0.706
0.7317
0.4124
0.1616
0.4011
0.6685
0.9237
0.1743
0.5894
0.9072
0.4306
0.0391
0.8223
0.8085
0.574
0.906
0.0679
0.541
0.3868
0.2208
0.384
0.1598
0.6608
0.8766
0.7169
0.3281
0.0697
0.5314
0.3087
0.4902
0.2682
0.4429
0.4939
0.01
0.2879
0.7213
0.5243
0.2168
0.1528
0.8687
0.1964
0.3229
0.0474
0.7264
0.951
0.0499
0.2721
0.3796
0.5995
0.5406
0.8112
0.5844
0.9146
0.4991
0.4619
0.819
0.496
0.9635
0.83
0.0715
0.3192
0.3628
0.7752
0.2679
0.4387
0.4257
0.9747
0.0852
0.9788
0.2442
0.0488
0.1171
0.1646
0.6382
0.7052
0.4338
0.1284
0.7941
0.7195
0.3713
0.7337
0.5769
0.752
0.9723
0.0149
0.9719
0.789
0.3139
0.012
0.8172
0.3989
0.7113
0.6789
0.9225
0.1276
0.1556
0.9819
0.499
0.2578
0.422
0.079
0.2463
0.4923
0.8919
0.5649
0.6091
0.1727
0.7599
0.5492
0.0093
0.9527
0.7405
0.4436
0.6434
0.3152
0.4808
0.497
0.0149
0.6188
0.7644
0.7131
0.8277
0.6949
0.724
0.1692
0.1265
0.3751
0.9686
0.6927
0.1757
0.9095
0.9797
0.4946
0.238
0.4589
0.337
0.9311
0.4605
0.0866
0.0321
0.9506
0.9266
0.3791
0.8915
0.1972
0.0716
0.4262
0.8202
0.292
0.5002
0.0445
0.2887
0.9915
0.3684
0.0216
0.7645
0.8892
0.4838
0.1072
0.4133
0.0203
0.9859
0.6187
0.5212
0.5316
0.4817
0.6678
0.2887
0.1952
0.8719
0.7098
0.5558
0.0458
0.8283
0.2498
0.138
0.8324
0.6376
0.2824
0.0587
0.517
0.3855
0.5216
0.3955
0.3863
0.6765
0.9633
0.1088
0.7764
0.0914
0.9228
0.6246
0.1795
0.9969
0.1966
0.3274
0.8574
0.6164
0.4784
0.0804
0.7565
0.144
0.1188
0.2474
0.1464
0.339
0.4486
0.1521
0.2831
0.9612
0.1284
0.3256
0.5888
0.4964
0.0491
0.2302
0.7789
0.9035
0.4057
0.5317
0.4395
0.6397
0.1409
0.4866
0.0327
0.6146
0.6713
0.4802
0.0856
0.2141
0.879
0.7322
0.7623
0.9905
0.6906
0.5057
0.5674
0.3002
0.2476
0.3462
0.8192
0.8134
0.421
0.7664
0.4688
0.8478
0.481
0.2873
0.841
0.1701
0.7888
0.3317
0.1962
0.8486
0.262
0.6106
0.0325
0.4966
0.4887
0.2257
0.0203
0.5772
0.0206
0.5283
0.4496
0.9946
0.3268
0.9446
0.724
0.3811
0.9406
0.6741
0.8331
0.3061
0.3856
0.6348
0.6522
0.19
0.7756
0.5626
0.1304
0.3207
0.7219
0.8935
0.0934
0.1644
0.2141
0.0908
0.8022
0.8604
0.3217
0.4596
0.3149
0.2035
0.1566
0.5495
0.5662
0.705
0.336
0.4771
0.3027
0.8437
0.8061
0.2403
0.7502
0.7268
0.3428
0.3044
0.3315
0.727
0.4376
0.7878
0.4931
0.1335
0.6633
0.6377
0.6947
0.1131
0.815
0.8588
0.7415
0.3114
0.7793
0.8371
0.4427
0.4572
0.1009
0.8972
0.4969
0.7733
0.2875
0.7444
0.384
0.2052
0.7207
0.2667
0.8031
0.2231
0.2756
0.548
0.2664
0.7048
0.5142
0.0618
0.3944
0.7664
0.0526
0.2005
0.5722
0.3291
0.6727
0.2426
0.8004
0.3552
0.0601
0.4826
0.7284
0.3888
0.7338
0.1983
0.0962
0.741
0.5336
0.7591
0.381
0.9545
0.7873
0.5653
0.5377
0.0646
0.7421
0.9516
0.7585
0.5752
0.5668
0.5002
0.4615
0.7536
0.3383
0.1147
0.5974
0.339
0.0848
0.1773
0.8788
0.4395
0.0786
0.8708
0.4316
0.1203
0.274
0.1237
0.0079
0.9811
0.8255
0.7627
0.3445
0.5144
0.4557
0.2805
0.0045
0.0237
0.0349
0.6811
0.956
0.6285
0.0146
0.6625
0.3898
0.7074
0.8719
0.9617
0.4889
0.7007
0.4717
0.293
0.4389
0.9837
0.5656
0.403
0.0943
0.775
0.6096
0.1349
0.1779
0.9021
0.9806
0.4749
0.0669
0.9942
0.2106
0.0576
0.0916
0.2381
0.1082
0.8383
0.1108
0.6172
0.3362
0.5402
0.6595
0.5908
0.2142
0.7274
0.3872
0.8253
0.0731
0.6714
0.428
0.644
0.3631
0.6657
0.3408
0.5844
0.1058
0.0146
0.4072
0.5175
0.472
0.7745
0.6268
0.0193
0.254
0.0995
0.3984
0.6831
0.6065
0.0178
0.7795
0.0159
0.2826
0.9051
0.4579
0.3399
0.2161
0.56
0.3509
0.8036
0.5059
0.5246
0.9344
0.6302
0.6823
0.4102
0.5581
0.967
0.2623
0.2671
0.9688
0.5437
0.8084
0.6539
0.4574
0.1713
0.108
0.3705
0.6674
0.4877
0.0545
0.6079
0.2844
0.2075
0.1952
0.6416
0.1499
0.8953
0.93
0.6227
0.6219
0.5583
0.1716
0.4769
0.4591
0.6813
0.5787
0.1588
0.3999
0.1487
0.9936
0.3785
0.4245
0.4248
0.3893
0.7795
0.6363
0.2639
0.9092
0.6343
0.392
0.7869
0.5238
0.5442
0.2845
0.3505
0.7005
0.1532
0.7749
0.5164
0.5893
0.0512
0.1256
0.8313
0.6026
0.6821
0.7802
0.7268
0.522
0.2704
0.6725
0.0794
0.3878
0.3829
0.1641
0.1398
0.1383
0.1077
0.1216
0.6958
0.1091
0.4891
0.2534
0.4787
0.6183
0.2253
0.9248
0.7338
0.3975
0.8239
0.8362
0.7144
0.9745
0.1285
0.1839
0.2136
0.2713
0.7107
0.0067
0.3089
0.351
0.6561
0.655
0.7155
0.7923
0.3588
0.6747
0.3206
0.3716
0.7791
0.9735
0.2207
0.7593
0.5815
0.1312
0.7012
0.885
0.0039
0.7477
0.9358
0.6989
0.2691
0.266
0.6005
0.66
0.8557
0.1917
0.4451
0.2793
0.882
0.0146
0.8558
0.8044
0.798
0.3991
0.2227
0.5039
0.5847
0.756
0.505
0.7372
0.8037
0.6841
0.7857
0.1379
0.9989
0.7863
0.1418
0.6633
0.7719
0.8691
0.3886
0.6675
0.4155
0.8189
0.3441
0.6845
0.8031
0.2022
0.7923
0.2193
0.7412
0.6144
0.219
0.4731
0.3151
0.1045
0.5652
0.5362
0.4936
0.2388
0.2472
0.3614
0.4094
0.5118
0.5942
0.8054
0.7578
0.7359
0.2618
0.2664
0.8362
0.4344
0.1604
0.1612
0.3803
0.5889
0.9016
0.2073
0.0015
0.8732
0.5341
0.0133
0.3109
0.9246
0.6151
0.0206
0.31
0.0327
0.0403
0.5699
0.1256
0.0767
0.2498
0.458
0.9801
0.2583
0.0454
0.4073
0.8947
0.3954
0.3754
0.1549
0.3886
0.6672
0.6687
0.114
0.6304
0.2009
0.5652
0.6101
0.5354
0.9604
0.8764
0.6567
0.5371
0.841
0.5744
0.6655
0.3372
0.7248
0.9095
0.4812
0.9566
0.1108
0.2024
0.1181
0.1475
0.5645
0.168
0.7078
0.9149
0.7367
0.3952
0.9903
0.8881
0.6452
0.9819
0.6466
0.8714
0.794
0.8616
0.0361
0.1984
0.8267
0.9508
0.8918
0.821
0.2562
0.964
0.9357
0.3242
0.6616
0.5166
0.2533
0.8827
0.6902
0.1443
0.0645
0.1151
0.156
0.8884
0.5797
0.4751
0.3911
0.3849
0.3023
0.2184
0.7665
0.9168
0.5492
0.1628
0.9333
0.6546
0.0802
0.7629
0.6209
0.6744
0.0841
0.7191
0.4
0.7295
0.8266
0.0552
0.4397
0.2986
0.5549
0.5928
0.2345
0.8561
0.1436
0.7989
0.6779
0.6692
0.0597
0.7102
0.9864
0.0103
0.807
0.1122
0.8263
0.0562
0.4205
0.5741
0.4177
0.6291
0.7396
0.2699
0.6022
0.0156
0.7315
0.1913
0.956
0.3281
0.6429
1.0
0.0
0.0
1.0
0.0
0.0
1.0
0.0
0.0
1.0
1.0
0.0
0.0
1.0
1.0
1.0
0.0
1.0
1.0
0.0
1.0
0.0
0.0
1.0
1.0
1.0
0.0
1.0
0.0
1.0
1.0
0.0
1.0
1.0
1.0
1.0
0.0
0.0
0.0
0.0
0.0
0.0
0.0
0.0
0.0
0.0
