124.75 220.61 110.35 2378.48 575.23 256.16
552.95 768.91 965.11 2404.71 2005.87 1806.57
915.99 1366.26 1991.19 3251.84 2760.6 1769.66
251.75 399.26 346.16 3916.9 1204.8 820.48
428.09 657.5 734.85 3169.61 1435.36 919.79
603.39 922.2 1184.97 3924.63 1866.8 1052.8
375.11 520.32 732.11 1244.24 1068.27 702.69
157.65 276.34 234.18 3009.83 755.56 339.66
322.78 454.97 515.31 1935.14 1115.52 895.09
350.35 621.54 480.54 4917.39 1335.3 581.17
172.49 382.0 216.02 5053.93 1179.18 513.72
222.84 572.04 108.31 5434.0 1194.46 465.67
189.93 369.51 329.6 4175.15 1291.56 601.36
383.94 591.15 710.75 3342.82 1558.52 1099.75
232.74 392.2 248.85 3189.78 847.2 441.34
163.69 423.89 152.03 5013.18 1157.75 505.24
152.81 351.92 247.85 4063.68 1265.58 657.52
97.18 108.31 96.28 513.52 175.38 122.34
388.15 577.73 680.6 3157.87 1571.36 1017.93
336.25 460.05 638.29 1162.96 1139.85 755.74
112.1 209.48 93.95 2593.27 547.82 239.74
95.39 124.19 92.47 1170.11 292.76 160.69
300.07 424.91 466.8 2516.73 1182.8 925.57
280.09 473.89 462.0 3955.54 1466.01 913.52
352.43 571.96 482.61 4370.91 1598.66 1054.19
209.23 391.28 180.76 3746.26 795.75 316.47
207.92 437.91 287.23 4038.69 1105.98 507.15
297.59 503.46 541.7 3333.39 1295.42 891.55
430.49 719.49 794.2 4215.71 1697.31 904.89
451.35 574.43 658.33 1452.71 1716.68 1599.11
99.61 101.24 99.78 136.23 108.18 102.4
236.97 434.81 335.25 4157.85 1267.25 789.24
96.53 124.29 95.31 941.89 273.12 150.55
382.37 631.64 717.98 4024.33 1679.68 982.79
863.11 1250.44 1784.79 3365.11 2319.31 1417.76
515.54 648.81 678.13 1754.78 1723.8 1584.78
144.14 352.43 127.89 4071.39 931.24 402.01
305.54 462.57 537.79 2080.72 952.53 534.72
319.38 465.63 482.19 3210.49 1302.65 1024.82
188.51 388.3 215.84 4867.87 1239.97 661.4
131.93 185.15 123.61 1165.93 303.39 163.28
96.3 119.43 93.95 959.71 254.86 148.76
110.11 215.39 89.89 2550.8 551.6 240.96
705.38 952.63 1343.61 1852.21 2108.81 2005.54
527.47 780.43 1110.87 2064.44 1533.06 960.36
721.98 1071.72 1569.75 3633.86 2338.82 1297.54
122.08 272.61 142.33 4475.09 869.59 412.2
126.52 229.21 111.09 2540.93 609.11 267.29
455.61 755.0 932.75 3823.8 1889.75 1015.99
248.4 346.27 390.62 1962.44 890.78 653.51
185.68 369.66 209.34 4403.33 1075.11 557.46
175.23 404.39 251.99 4752.94 1307.08 557.8
130.67 249.01 147.72 2617.1 756.2 380.35
137.64 332.46 114.02 4909.46 1052.39 403.67
548.19 843.34 1125.86 3773.99 2043.98 1201.06
396.68 668.11 561.89 4622.0 1413.93 710.67
306.63 446.73 541.98 2345.99 1229.78 912.24
431.67 587.5 743.0 1514.25 1351.37 1228.36
556.66 846.24 1200.56 2921.53 2224.33 1402.45
91.65 262.75 99.77 4384.89 1104.0 422.72
339.73 492.52 427.9 3105.95 1452.74 1130.52
99.38 109.98 99.22 384.47 158.51 117.12
808.37 1093.87 1371.24 2759.63 2611.04 2401.33
177.96 350.8 145.27 2667.98 685.78 331.73
722.4 1043.64 1446.19 3253.95 2617.51 1867.8
318.68 668.85 331.32 5095.41 1466.46 755.31
95.78 112.44 94.42 719.25 212.87 133.45
875.97 1269.71 1939.74 3138.39 2669.0 1531.3
575.9 927.68 1001.53 4581.31 1870.92 1023.69
387.68 603.04 762.81 2644.99 1300.8 746.86
361.46 531.36 564.24 3148.28 1368.29 979.5
130.0 346.96 148.65 4813.28 1250.69 522.8
779.09 1204.26 1508.38 3839.03 2380.45 1445.09
88.68 179.22 84.71 2845.84 664.65 264.87
706.93 999.31 1354.84 2477.61 2226.93 1899.72
86.82 138.91 82.56 2036.45 452.97 204.62
156.96 317.53 265.55 4078.85 1169.07 507.69
647.1 953.83 1372.99 2745.42 2359.33 1493.43
834.57 1128.45 1446.01 2450.39 2602.4 2445.8
427.51 669.13 852.69 3594.05 1655.63 913.96
833.1 1235.18 1765.05 3239.23 2730.15 1993.06
107.4 145.73 121.86 1149.77 364.89 212.16
945.28 1357.44 2048.92 3294.41 2813.69 1660.45
109.81 162.86 132.18 1537.68 459.11 250.74
653.83 892.42 1189.55 2166.81 2317.84 2134.37
207.46 401.59 323.89 4694.91 1157.46 518.27
194.68 467.24 103.72 4268.98 951.31 381.39
875.36 1283.81 1738.06 3458.39 2313.97 1389.58
524.17 775.7 1100.69 2283.48 1948.82 1782.64
298.66 562.33 528.73 4516.65 1597.51 774.88
115.85 161.48 100.62 797.91 242.51 147.11
437.02 646.88 681.26 3313.69 1728.71 1401.11
484.73 728.8 1011.47 2350.63 1750.83 1079.46
613.14 914.65 1332.14 3428.24 2063.29 1134.48
327.56 509.08 522.77 3578.56 1502.08 1022.44
672.26 1046.23 1245.98 4136.96 2461.16 1524.73
575.08 897.02 1200.36 3822.21 2188.16 1274.1
352.25 670.13 424.45 4478.84 1534.75 972.24
426.34 670.81 817.06 4052.81 1549.89 818.32
974.08 1423.64 2001.94 3257.25 2794.09 1789.55
284.82 562.05 267.95 5515.16 1203.08 490.69
244.13 412.35 445.19 3989.62 1290.27 855.49
164.55 190.53 212.21 448.84 363.23 331.33
176.77 332.2 276.13 4048.42 1227.36 611.66
194.28 392.15 253.91 4473.19 1088.84 491.64
248.36 453.84 420.96 4526.8 1181.86 563.62
271.05 556.56 412.46 4810.78 1318.51 598.33
282.21 516.19 517.1 4385.07 1326.67 601.2
259.76 415.1 469.99 2727.49 1105.13 563.01
665.61 887.4 973.91 2971.97 2036.87 1771.48
193.7 233.66 275.6 490.9 486.07 458.54
388.33 625.34 714.32 3899.52 1761.24 1146.57
136.87 279.65 115.42 3493.94 807.88 332.61
118.57 294.63 150.2 4556.07 1108.93 441.72
464.9 676.46 809.34 2551.41 1698.29 1414.6
288.4 498.99 510.17 4286.5 1175.46 580.69
516.96 740.18 1053.99 2079.92 1614.07 1045.83
427.35 737.96 526.55 4935.46 1616.19 1004.9
402.38 644.25 796.51 3436.66 1914.51 1098.65
79.71 175.21 79.57 3093.41 721.29 274.97
107.82 273.35 73.49 4460.34 908.98 365.13
95.54 131.25 93.97 1183.09 322.72 165.03
252.74 449.13 353.85 3850.58 1281.66 782.32
124.84 178.84 152.71 1647.14 498.2 309.17
100.88 175.66 96.31 1792.44 487.0 229.02
235.79 440.02 300.97 4507.02 1294.01 723.94
519.55 776.96 981.21 3291.57 2162.55 1481.24
90.86 117.09 90.06 1012.01 263.57 147.58
121.79 184.52 100.86 1059.52 295.93 164.76
135.92 279.01 128.08 3564.64 817.6 352.58
698.07 983.17 1257.7 2626.91 2271.89 2055.31
428.14 677.82 732.9 3643.52 1728.36 1296.52
243.54 446.34 261.21 4053.78 965.53 395.42
361.6 517.56 502.68 2895.95 1673.92 1304.1
401.7 650.07 791.76 4324.25 1604.79 812.9
640.66 906.35 963.25 3065.57 2231.1 1920.98
82.31 188.08 66.92 3477.46 594.15 235.88
92.41 164.4 90.28 2714.68 583.46 257.15
272.92 492.58 362.73 4458.35 1348.71 773.3
100.6 152.07 97.46 1264.9 366.37 188.81
93.25 183.96 78.57 2928.96 571.79 229.76
261.86 481.3 417.61 4392.4 1343.99 671.87
617.65 944.58 1317.82 3572.49 2139.73 1332.75
194.67 467.23 103.72 4268.89 951.29 381.39
310.64 645.24 287.87 5021.41 1426.92 785.98
321.5 556.58 518.46 4089.64 1364.05 685.97
312.74 482.17 516.89 3576.93 1554.55 1037.73
788.69 1100.74 1535.77 2131.42 2583.64 2245.23
199.58 401.73 282.08 4538.96 1199.15 539.71
915.14 1324.2 2029.57 3234.71 2773.67 1594.82
252.76 487.51 247.31 4804.3 1074.06 445.35
205.09 361.9 201.6 2365.64 720.7 424.2
94.62 166.89 82.93 2353.69 475.85 203.38
508.84 856.13 894.51 4851.19 2032.73 1115.71
231.9 390.38 316.81 3390.97 1387.54 899.59
308.51 556.34 495.66 4608.11 1501.44 739.87
549.84 840.65 1088.58 3663.54 1916.58 1178.09
869.24 1275.74 1831.51 3314.38 3142.91 2073.4
403.67 665.01 800.94 4272.54 1765.93 970.61
312.51 576.38 369.28 4998.0 1231.49 539.92
126.28 142.99 164.29 294.78 239.52 175.35
96.94 129.66 97.21 929.46 289.91 157.61
104.36 147.87 108.41 1604.0 400.76 216.69
85.41 228.06 83.12 4390.39 990.76 363.67
594.58 886.77 1166.3 3399.09 2257.21 1620.49
336.32 519.77 675.7 2874.31 1472.62 814.46
74.07 196.14 73.88 3926.58 894.21 323.68
191.53 295.27 205.41 2096.17 598.99 338.69
455.75 706.33 709.01 3961.24 1585.69 1138.33
537.69 634.78 745.92 1432.33 1879.93 1784.17
623.74 955.83 991.74 3866.42 2076.25 1682.2
297.64 496.38 342.0 3209.19 1017.31 628.0
134.72 337.59 113.26 4708.22 1002.64 421.77
102.33 300.89 90.2 4593.95 1127.62 442.6
559.05 779.72 882.78 3061.66 2142.03 1795.57
143.56 312.26 118.22 4110.01 936.38 374.83
320.25 486.71 514.32 3639.62 1324.2 859.63
908.42 1296.82 1936.07 3227.29 2642.11 1562.47
136.8 315.13 130.79 4086.08 907.86 380.98
533.4 749.2 1084.98 1662.1 1928.17 1275.5
538.68 788.82 933.31 2516.64 1470.89 1225.89
467.17 771.33 982.85 3859.74 2015.17 1121.8
513.56 752.83 1059.99 1938.84 1979.22 1833.25
261.07 471.54 361.19 2784.97 915.36 468.91
207.88 378.25 240.39 2443.26 766.53 390.61
210.18 402.11 343.31 4700.33 1225.01 540.63
215.67 548.69 104.54 5193.66 1140.13 443.81
794.04 1141.5 1534.13 2758.59 2755.12 2320.17
302.98 501.1 482.65 3660.99 1538.33 1033.6
461.36 720.08 883.07 4161.09 1623.42 872.85
524.67 771.33 1018.46 2771.23 1943.19 1325.28
486.95 741.0 1024.54 2956.77 1665.62 1251.9
279.8 442.27 506.47 3039.48 1191.19 657.98
421.63 562.25 641.38 2954.14 1685.46 1381.68
111.82 202.39 98.44 1854.29 443.14 207.6
195.35 377.41 331.5 3792.92 1224.88 582.36
660.15 941.51 1135.11 3137.55 2180.89 1899.13
404.35 595.85 704.14 3562.09 1730.09 1221.06
518.55 841.28 1101.76 3976.29 1934.22 1074.53
510.7 777.71 866.79 3508.8 1866.35 1271.38
903.75 1340.28 1961.79 3387.64 3295.52 2099.88
773.12 1129.45 1593.94 3444.31 2171.58 1296.59
533.69 819.41 815.69 3581.56 1865.28 1469.93
125.73 225.39 110.76 2468.88 594.08 262.35
623.76 953.71 1287.89 3584.76 1952.61 1114.08
726.61 1061.14 1498.57 3353.99 2044.7 1223.85
218.07 408.1 382.32 3839.51 1187.51 574.73
310.18 449.1 503.94 2088.68 1178.69 937.89
100.82 118.18 97.22 557.34 184.85 127.81
135.41 342.76 117.81 4797.13 1023.27 410.87
469.49 701.35 905.01 3059.24 1528.7 877.51
277.88 551.91 249.78 5516.07 1178.82 468.32
162.21 341.69 242.19 4812.1 1166.14 493.02
209.23 373.09 357.09 2824.08 1101.61 705.21
90.07 223.46 68.49 4259.61 793.7 290.8
495.92 791.43 860.35 3866.93 1642.69 1042.47
265.83 480.14 414.48 3357.5 1041.89 511.68
250.96 481.96 391.46 4880.31 1290.3 601.12
86.92 140.99 92.87 1300.46 371.0 179.61
226.14 323.87 363.55 1933.56 816.85 538.35
77.98 220.79 59.55 4639.44 769.44 285.96
114.24 262.51 85.76 3551.68 736.02 298.52
681.29 1002.92 1449.34 2629.82 2340.87 1490.35
88.36 181.46 84.27 2923.39 680.59 269.52
648.21 925.29 1340.76 2707.53 2016.89 1275.33
232.85 406.58 351.37 3841.18 1255.36 744.17
783.69 1116.91 1420.47 2478.06 2528.26 2318.84
250.74 362.82 371.46 2339.0 1031.94 750.04
790.8 1136.54 1578.19 2442.09 2730.73 2098.39
407.56 726.59 470.1 4470.65 1539.09 956.43
949.53 1400.37 2072.25 3293.41 3428.98 2201.08
148.57 231.98 135.84 1818.96 431.63 199.49
665.08 994.62 1330.99 3660.9 1931.79 1127.86
253.46 359.03 422.8 1666.47 917.01 582.03
589.77 771.92 924.9 1963.66 1782.69 1636.65
672.71 925.05 1160.39 2596.61 1980.96 1603.23
447.28 593.6 711.39 2155.12 1564.95 1357.27
687.91 988.14 1240.58 3170.4 2185.87 1728.14
557.94 815.18 1003.06 3412.8 2301.8 1644.91
531.75 805.21 1075.99 3256.77 1893.22 1179.02
523.21 758.8 812.31 3738.72 2060.18 1645.36
142.96 310.4 166.24 3593.89 1010.83 486.68
906.03 1272.95 1773.34 2814.74 3007.01 2300.74
244.27 363.95 440.9 1886.36 912.13 525.83
749.25 1209.32 1605.51 4024.16 2570.31 1548.38
83.6 160.78 83.49 2519.36 602.14 241.42
456.39 665.17 752.58 2825.95 1808.61 1494.31
540.74 799.48 1123.16 3070.68 1961.42 1110.66
764.18 1079.33 1415.09 2575.74 2501.85 2324.26
440.11 702.45 732.04 3773.33 1744.95 1340.79
571.02 886.8 1178.31 3995.52 2528.35 1500.92
234.79 396.89 282.87 2995.22 805.55 379.22
86.83 165.55 75.38 2613.53 467.75 201.12
522.74 734.56 1084.85 1646.68 1687.88 1617.43
90.03 131.24 94.56 1014.84 306.52 160.67
425.26 702.06 883.79 3856.48 1746.07 894.63
94.62 128.27 91.2 1350.63 325.27 170.93
337.55 457.06 484.99 2260.21 1464.57 1235.49
85.19 243.78 86.49 4120.99 1020.61 379.28
771.12 1133.68 1524.99 3584.73 2135.22 1298.94
796.63 1034.94 1315.2 2385.54 2575.05 2411.08
386.02 498.34 545.96 1924.96 1436.1 1199.13
587.75 878.36 1261.94 2377.78 1765.0 1092.41
518.37 783.09 934.63 3103.25 2009.36 1657.51
325.77 557.08 357.6 4481.56 1217.2 645.85
206.45 381.77 334.7 4153.04 1314.44 753.35
253.6 490.99 339.69 4072.06 1227.93 721.17
668.15 919.94 1224.76 2663.06 2202.42 1978.44
530.51 765.42 985.36 2714.25 1867.7 1619.35
604.76 925.53 1259.86 3816.59 2293.08 1342.78
347.72 516.44 612.18 2854.96 1085.08 811.51
290.6 509.72 468.49 4223.39 1411.59 778.84
635.16 905.81 1280.93 2151.16 2235.44 2054.32
68.97 175.2 70.66 3738.6 770.35 305.62
579.26 822.61 1020.82 2738.31 2089.71 1535.89
536.83 818.44 1062.09 3754.98 1964.94 1173.18
394.8 733.57 495.78 5372.37 1567.07 740.73
554.63 850.85 1184.42 3819.48 2020.15 1066.07
356.95 602.87 677.0 4199.24 1780.78 984.37
157.72 230.94 231.48 1607.05 551.37 308.98
96.39 144.9 88.54 1612.68 352.27 169.39
562.12 667.28 746.76 1490.88 2080.14 1972.24
228.29 382.5 357.94 3054.51 1253.94 825.14
255.01 604.41 186.89 5305.85 1266.78 544.85
278.99 445.14 446.26 3983.97 1447.05 989.41
294.35 454.44 379.48 2745.7 994.93 675.37
470.88 710.72 785.35 2891.41 1332.48 1057.9
512.11 800.94 725.54 4060.03 1775.35 1316.09
115.0 297.58 170.09 3978.05 1153.92 538.94
114.88 132.41 126.65 508.33 212.76 172.05
564.36 785.49 1010.79 2160.81 1898.29 1741.57
148.95 362.56 183.22 4587.13 1270.54 597.94
804.84 984.37 1241.29 2168.5 2592.0 2467.53
175.75 311.92 266.19 3350.3 918.8 443.27
378.65 625.44 613.28 4221.79 1666.98 1202.41
80.21 198.54 63.0 3878.47 652.82 252.01
765.96 1037.74 1402.05 2052.02 2411.4 2277.14
95.91 150.9 87.01 1814.98 386.01 178.67
409.08 672.03 806.13 4081.42 1901.73 1060.38
74.3 195.28 74.12 3892.28 887.09 321.67
360.58 553.71 720.85 2744.08 1420.27 1203.85
244.93 467.75 297.56 4731.77 1323.4 697.44
722.13 1104.84 1492.58 3761.95 2799.28 1726.29
516.89 812.68 1076.02 3894.2 2024.36 1197.69
81.6 228.83 75.13 4565.23 1018.21 368.1
93.06 211.52 91.29 3279.27 753.92 291.31
86.43 180.01 93.68 2963.57 709.38 278.43
261.61 488.42 496.91 3383.49 1343.22 890.91
258.52 467.37 289.69 3980.83 1007.32 448.47
628.35 1006.88 1082.71 4530.23 1845.44 987.84
670.82 1061.64 1255.06 4212.27 1813.87 981.97
293.28 465.92 426.82 3612.73 1342.02 865.58
214.34 414.97 379.74 4303.36 1270.36 549.48
278.33 405.94 368.19 3271.21 1416.92 992.02
174.57 333.74 284.25 3425.51 1054.64 462.77
80.12 210.51 99.04 4358.27 927.29 384.98
749.59 948.06 1129.41 1847.02 2122.3 2005.83
185.64 251.73 262.67 1522.31 616.96 436.66
317.38 587.16 398.23 5033.54 1329.62 581.76
230.16 453.67 196.05 4706.25 988.67 366.6
638.3 1025.35 1163.26 4577.68 2206.36 1244.45
224.09 437.18 191.57 4491.51 947.24 354.17
145.7 337.3 134.59 4741.86 1038.93 408.75
745.46 1055.72 1362.32 2379.14 2451.24 2269.39
266.1 477.57 500.93 4284.46 1498.3 736.45
305.46 463.91 536.52 2296.55 1020.45 578.11
416.67 526.94 560.41 1971.6 1567.73 1367.94
780.91 1163.43 1636.63 3536.9 2952.62 1856.33
183.71 325.58 268.4 4084.56 1135.99 647.0
409.6 583.52 645.67 2757.07 1541.96 1274.98
91.34 143.11 83.81 1752.84 341.83 166.49
233.95 441.12 365.93 3887.07 1164.99 575.15
136.9 308.96 187.17 4271.9 1050.85 416.86
735.66 1045.42 1313.08 2714.1 2429.71 2218.81
875.95 1209.71 1700.61 2494.13 2665.02 2219.35
365.15 570.3 585.86 4023.14 1545.35 1121.11
239.44 465.68 193.3 4042.8 872.02 349.14
90.72 234.93 95.18 4381.81 1003.84 372.41
306.43 528.01 570.34 4226.89 1512.46 739.02
138.17 315.73 123.32 4496.58 944.73 404.29
284.54 487.06 490.84 3727.5 1240.45 852.12
398.58 590.4 638.71 3212.24 1708.87 1309.11
221.28 570.44 104.76 5440.54 1190.54 460.47
908.69 1309.89 1929.17 3018.14 2843.43 1888.97
362.5 625.87 568.02 4081.56 1604.55 1121.66
538.85 836.82 1125.38 3074.09 2140.06 1333.21
602.44 824.13 1054.12 2291.11 1870.68 1711.66
496.45 745.87 872.31 3097.75 1808.85 1503.66
880.13 1290.4 1885.36 3370.3 2956.86 1853.84
601.82 1021.34 1151.37 4432.92 2470.05 1456.72
87.29 166.73 79.22 3052.25 631.78 267.44
251.62 401.04 408.27 3405.15 1133.08 727.84
643.01 1011.62 1415.71 3481.39 2229.09 1354.17
721.03 1082.53 1514.35 3708.57 3011.48 1874.06
509.13 776.43 1008.51 3926.2 1852.36 1086.56
324.77 603.8 353.71 4620.45 1213.56 628.59
274.6 436.54 415.36 2607.67 962.55 662.28
370.74 604.53 737.86 3792.47 1619.11 922.45
532.24 827.45 984.61 3875.17 1879.53 999.74
155.56 356.57 256.62 4070.63 1287.25 671.88
320.51 427.75 418.99 1883.17 1230.82 1020.81
634.19 916.51 1112.65 2730.42 2133.15 1901.38
854.36 1166.17 1463.24 2721.18 2856.58 2659.38
254.9 439.35 305.02 2976.58 847.37 411.36
165.04 352.28 102.55 2963.91 684.81 293.3
194.12 355.75 169.46 3430.97 742.63 292.79
470.0 734.52 752.92 3539.67 1780.14 1381.14
220.37 412.25 215.33 2847.75 849.12 488.51
267.47 419.41 421.87 2780.27 1033.15 735.05
101.54 232.22 93.55 3057.68 776.32 325.48
105.47 147.34 99.28 911.18 258.67 149.75
503.41 833.48 834.96 4775.09 1762.6 902.12
123.28 301.64 96.92 3554.86 775.77 311.91
93.32 207.21 91.62 3156.6 728.69 283.93
228.17 450.0 420.0 4444.84 1588.17 757.09
262.02 420.58 455.6 2528.32 944.88 509.14
213.73 366.29 326.1 4211.0 1243.77 766.11
811.44 1131.36 1563.11 2891.32 2593.71 2150.38
580.6 760.53 1060.88 1779.82 1396.41 1318.95
97.5 147.34 90.19 1646.05 360.87 174.14
471.82 675.4 658.97 3400.9 1672.14 1276.98
388.26 666.65 796.54 4252.6 1692.41 873.72
471.21 726.74 951.74 3820.14 1896.43 1182.53
326.68 587.69 580.52 4549.71 1469.48 724.14
547.03 828.99 1109.43 3679.93 2247.01 1452.22
101.21 128.6 104.45 806.46 253.43 148.33
478.73 704.3 746.27 3756.59 1902.07 1491.69
132.38 187.98 123.89 1245.92 321.08 166.32
582.25 855.22 1141.15 3584.11 2125.4 1454.93
398.56 700.56 567.02 5124.04 1532.65 747.59
79.86 205.13 83.87 4617.85 953.83 377.24
229.65 523.71 176.62 4454.69 1067.76 450.5
78.36 140.48 76.45 2260.64 487.51 212.72
618.64 979.84 1246.74 4005.49 2497.98 1494.58
122.65 161.56 116.72 901.7 254.67 146.4
142.93 324.86 138.47 4543.89 976.29 412.64
366.47 636.54 666.4 4325.07 1566.74 833.6
112.7 311.72 193.91 4148.18 1190.83 544.87
208.73 440.92 432.8 4124.48 1365.67 598.66
103.34 246.18 138.88 4197.47 1021.34 391.83
119.01 270.02 149.98 4473.06 867.78 412.52
185.48 414.98 281.96 4671.83 1354.84 605.19
478.52 776.3 977.4 4074.38 2059.12 1134.86
540.3 700.0 773.35 2956.22 1873.47 1576.78
96.35 135.45 96.67 1091.38 326.98 168.86
596.28 851.77 1162.76 1966.54 1816.9 1697.42
285.06 530.3 480.95 4833.42 1486.58 740.92
765.78 1012.7 1378.66 2049.27 2427.75 2122.95
64.48 211.34 80.62 3360.32 836.0 316.22
629.41 960.97 1277.63 3827.72 2625.79 1614.37
262.92 506.58 442.45 4320.27 1428.71 688.82
402.31 645.21 731.98 4054.36 1801.51 1117.82
222.29 449.53 333.84 4975.4 1331.47 623.52
563.1 782.04 924.37 2857.42 2084.49 1791.92
297.78 467.79 461.68 4153.77 1428.49 908.97
391.68 624.33 743.55 4111.06 1489.77 772.51
94.48 153.58 94.97 1598.45 443.07 204.07
132.9 287.08 118.82 3875.69 857.38 345.23
231.0 413.06 411.95 4619.12 1319.61 644.29
113.41 253.05 86.59 3350.72 698.99 286.96
611.98 851.01 1164.43 2181.91 2177.9 2017.33
608.81 948.3 1251.38 3706.89 1816.94 992.22
93.69 119.77 96.56 678.87 230.68 138.39
541.22 643.55 736.83 1161.55 1787.86 1739.04
810.09 1198.21 1804.63 3335.09 2528.45 1427.53
548.24 813.79 984.26 3260.44 2252.47 1798.0
354.75 538.18 538.91 3205.92 1504.62 1078.36
452.81 649.15 935.89 1962.85 1788.53 1078.69
704.8 1066.86 1456.24 3764.59 2413.67 1468.94
127.16 171.22 118.17 867.95 250.37 148.53
205.4 388.8 267.39 3207.55 951.52 555.41
143.95 246.57 122.88 1629.23 432.69 217.41
161.94 197.72 235.58 422.24 318.34 231.56
339.38 428.43 462.15 1731.33 1198.61 1041.19
635.02 912.89 1223.77 2956.49 2332.45 1640.29
137.52 271.36 187.79 4323.04 1020.44 493.02
155.08 310.89 221.68 4101.4 1156.74 592.29
687.11 1019.85 1524.42 3406.08 2951.43 1701.63
198.56 352.49 341.09 3658.37 1076.08 568.21
184.26 359.51 308.72 3769.06 1078.74 480.97
175.89 353.12 288.02 4404.15 1280.79 570.19
869.94 1119.24 1450.31 2278.56 2871.94 2749.88
109.95 148.47 104.16 1015.59 290.97 162.75
258.4 522.81 252.57 3870.12 1027.95 535.64
708.19 1032.09 1198.67 3233.45 2299.79 2004.04
897.37 1332.45 1948.33 3417.44 3282.75 2091.27
249.61 467.2 367.53 4155.39 1477.03 897.91
91.76 202.52 73.83 3554.1 676.04 258.44
252.88 440.56 328.63 3864.91 1243.32 745.17
261.62 479.96 477.26 4568.62 1286.97 612.54
98.05 131.24 97.56 990.55 283.17 153.59
333.41 572.79 664.0 4211.79 1366.98 721.04
331.68 560.58 661.03 4476.03 1738.31 957.89
119.62 329.54 124.27 4753.69 1211.63 499.56
246.22 566.87 201.05 4830.07 1177.89 499.75
227.12 434.66 392.38 4337.77 1319.93 665.81
272.13 546.31 243.09 5517.77 1160.14 440.57
210.35 438.43 264.56 5015.04 1273.76 530.3
821.66 1236.18 1658.95 3900.55 3200.46 2007.33
375.83 532.26 732.35 1774.64 1198.32 706.97
474.14 791.48 618.97 4868.84 1660.85 1074.46
106.07 152.57 99.2 1000.79 276.2 155.25
639.52 940.51 1363.62 3327.18 2082.56 1182.64
127.74 223.01 118.39 2336.56 575.22 259.01
100.88 175.43 96.32 1787.46 485.87 228.65
386.32 663.66 701.99 4200.75 1374.71 688.97
167.86 351.55 262.75 4341.73 1151.79 475.64
90.51 218.01 69.88 4076.03 763.08 282.38
247.36 418.18 373.41 4081.1 1221.32 806.27
138.88 299.95 156.96 4714.34 1024.23 475.54
831.21 1226.75 1772.62 3482.54 2842.71 1763.97
474.73 759.93 817.16 3082.45 1755.78 1438.23
295.66 514.64 438.65 3965.67 1337.12 883.04
651.34 950.64 1336.09 2346.26 1557.22 939.25
321.62 549.54 514.94 3973.49 1406.45 914.03
104.84 143.79 97.58 1097.28 279.12 155.89
220.06 371.92 308.26 1994.64 716.42 390.65
906.44 1191.73 1577.67 2325.79 2987.56 2867.11
429.07 640.92 839.24 2067.89 1231.47 746.68
107.42 184.65 92.58 1898.02 431.31 203.41
343.95 536.62 688.93 3750.6 1533.39 1137.06
513.03 732.31 911.2 3449.52 2012.66 1503.4
532.85 900.17 843.22 4889.06 1771.21 954.65
343.06 553.17 592.28 3631.56 1691.05 1246.88
106.5 244.02 77.97 3722.59 772.1 320.27
357.25 569.41 676.12 3609.03 1426.72 801.58
497.61 786.28 986.77 3903.26 1863.68 1079.5
600.77 816.15 991.7 2644.36 2160.46 1907.97
174.36 305.46 302.14 3257.61 1031.64 522.99
902.1 1325.58 1933.64 3014.27 2963.47 2224.27
420.19 642.01 765.24 2923.86 1473.32 1197.44
493.99 784.56 970.82 3869.55 2068.7 1295.74
717.31 904.7 1083.73 1887.57 2065.34 1931.98
794.58 1103.39 1432.33 2664.62 2623.33 2258.27
234.11 334.69 342.62 1392.25 720.64 579.24
597.73 881.39 1049.96 3169.98 1933.42 1629.75
872.13 1313.78 1942.69 3281.44 2643.16 1646.21
272.82 379.72 511.11 1121.75 889.24 799.01
110.5 219.85 89.5 2645.63 569.07 246.41
637.08 941.45 1330.75 3552.02 2093.95 1165.57
379.03 624.84 694.58 3970.33 1739.92 981.34
640.31 962.23 1358.67 3461.17 2215.12 1277.33
397.58 698.45 861.39 3987.06 2051.69 1147.79
400.2 788.57 611.65 4988.97 1662.01 829.71
92.43 137.69 85.85 1545.05 311.42 158.14
370.75 527.22 603.85 2892.53 1472.79 1173.86
160.28 422.02 147.64 5048.06 1140.3 472.22
692.12 960.16 1043.13 3017.31 2114.11 1833.21
218.96 280.11 344.01 684.58 621.98 574.41
348.03 594.79 719.46 4112.55 1463.98 798.89
100.41 108.98 98.63 325.99 141.93 113.74
240.89 417.9 376.16 3899.78 1334.66 812.29
284.99 484.19 535.27 3969.76 1323.3 630.72
132.45 218.9 166.95 2395.56 571.53 313.52
501.57 782.24 814.67 4153.23 1767.8 1104.78
125.16 222.6 110.52 2416.22 583.1 258.75
407.29 597.71 673.4 3231.78 1765.01 1223.23
94.42 154.15 94.91 1614.35 446.71 205.18
143.73 294.31 207.57 3962.15 1031.8 432.79
435.59 619.2 801.04 2376.28 1471.48 1108.47
248.98 456.07 316.88 4356.73 1337.09 768.7
177.2 400.32 330.06 4178.78 1250.41 536.8
516.96 709.91 862.49 2412.76 1873.44 1634.67
197.92 356.79 165.52 2868.8 642.15 274.96
489.82 762.15 972.08 4113.29 1885.96 1044.73
249.18 460.08 356.28 4413.94 1337.9 692.88
658.54 998.26 1351.31 3947.13 2420.09 1348.68
295.77 567.77 555.92 4520.48 1625.55 833.67
74.93 192.95 74.75 3799.48 867.83 316.25
340.62 552.33 680.4 4018.17 1461.79 737.05
274.48 475.3 373.93 3870.61 1258.39 773.98
266.16 496.97 279.22 4614.29 1101.84 501.67
253.47 451.69 382.95 4288.49 1415.5 845.95
110.5 260.89 114.72 4535.54 900.94 346.13
235.47 414.88 349.53 4071.89 1301.54 764.32
86.52 230.88 87.71 3760.17 938.0 354.22
518.98 754.41 892.37 2852.48 1521.93 1226.73
90.55 149.64 84.55 2295.85 495.53 224.54
417.68 723.75 503.86 4867.48 1544.48 951.99
73.05 199.89 72.86 4075.94 925.21 332.41
371.13 522.19 543.81 3422.57 1504.02 1186.13
450.17 842.03 736.29 4802.03 1724.35 880.72
210.99 411.22 311.09 4190.11 1133.8 517.0
334.65 662.84 317.12 5601.71 1304.73 584.15
91.78 202.26 73.9 3545.37 674.59 258.04
108.12 260.75 124.23 4498.73 1085.14 451.46
729.87 958.22 1205.35 2453.71 2493.8 2320.43
370.82 647.88 539.54 4851.18 1396.01 623.8
919.87 1383.34 2053.46 3444.61 3552.46 2307.1
109.01 134.94 100.35 496.7 181.01 126.78
249.83 461.61 408.2 4381.97 1255.18 592.93
240.49 492.45 361.78 4347.08 1277.19 741.15
735.57 1021.73 1385.35 2403.09 2364.81 1924.62
774.17 1133.46 1627.01 3518.34 2402.85 1380.27
309.97 433.16 491.16 2255.77 1197.12 970.53
166.04 380.97 147.74 5120.28 1182.82 476.77
408.49 641.73 574.31 3389.27 1411.06 970.92
338.64 537.37 489.05 4035.94 1542.59 1091.1
690.13 1048.87 1474.41 3688.69 2636.11 1631.47
579.28 905.51 1233.95 4006.58 2055.98 1099.48
80.62 201.72 68.33 4600.04 910.59 355.23
385.03 585.71 552.22 3630.21 1477.59 1089.47
270.91 547.29 215.19 4914.12 1044.83 406.56
218.13 393.65 381.13 3906.9 1341.34 657.7
87.33 188.66 82.88 3172.96 731.91 284.51
659.71 1008.67 1352.29 3997.6 2796.2 1723.43
427.28 721.69 890.85 4063.31 1832.97 992.5
73.29 149.96 70.94 2766.8 578.29 239.13
261.28 449.16 476.44 4505.86 1367.82 702.04
453.13 660.44 788.28 3666.6 1683.05 1174.4
320.33 561.79 639.78 4278.55 1531.4 716.66
102.8 240.05 135.04 4090.89 1022.44 407.88
328.16 631.14 358.67 5061.35 1226.6 510.43
751.43 1117.63 1576.56 3416.89 2556.99 1658.75
429.76 595.9 802.42 2216.37 1149.92 978.03
734.19 958.71 1252.75 1918.66 2435.61 2337.22
103.04 126.31 99.6 550.72 188.16 127.65
427.99 640.18 899.93 2217.75 1425.31 842.72
644.91 821.06 837.29 2511.4 1804.32 1547.98
277.91 534.7 286.14 5130.24 1155.9 455.75
343.76 516.75 631.32 2319.63 1343.05 826.01
469.43 718.11 936.42 3568.51 2039.44 1352.4
794.58 1192.57 1598.05 3586.51 2411.12 1491.76
442.67 642.94 758.04 3155.66 1668.67 1344.24
600.76 953.32 1085.26 4434.99 2012.33 1096.12
663.05 923.11 1177.4 2241.88 1672.33 1547.68
817.84 1133.28 1507.38 2393.17 2723.58 2586.42
401.42 766.92 599.51 4749.92 1723.04 888.27
630.22 993.25 1371.62 3833.3 2204.72 1273.18
569.01 804.32 1041.81 2571.98 2191.87 2007.18
427.08 631.42 787.93 2333.36 1552.88 959.34
292.83 544.73 617.77 4031.07 1535.92 718.91
94.59 167.28 82.83 2366.98 478.07 203.99
118.09 306.42 81.91 4484.29 907.87 352.16
123.88 335.27 127.0 4796.79 1238.24 527.93
875.12 1100.79 1327.87 1911.85 2381.35 2283.11
97.34 142.79 96.66 1319.84 350.9 173.4
123.78 247.03 108.76 3143.23 702.51 292.08
762.38 1175.16 1442.24 4091.03 2298.91 1369.53
383.93 649.32 670.0 4571.08 1641.8 831.12
496.33 761.83 1024.96 3623.19 2219.66 1335.55
832.58 1119.05 1547.22 2310.31 2662.9 2530.07
485.54 712.07 879.5 3440.37 2057.04 1490.57
476.81 754.91 702.42 4172.01 1678.72 1210.13
275.88 333.42 377.3 800.86 675.54 617.99
206.81 348.52 305.36 2682.28 838.25 417.88
302.42 552.5 516.09 4577.13 1427.84 709.49
438.63 620.1 857.11 1524.55 1484.16 1116.2
187.14 312.77 327.42 2927.98 974.87 506.51
805.64 1150.37 1577.92 3090.25 2303.01 1709.64
274.42 481.19 455.98 3149.34 1249.97 679.62
744.17 1119.93 1514.09 3600.33 2430.12 1442.6
190.87 399.92 233.07 4775.08 1140.68 475.07
106.49 243.99 77.98 3721.75 771.95 320.22
223.63 300.84 327.16 1272.12 735.13 586.99
108.96 260.28 125.2 4454.74 1069.19 441.84
268.34 341.5 362.02 1196.42 792.89 667.48
725.93 1076.88 1529.1 3659.06 2822.0 1758.6
244.27 477.17 216.09 4726.11 996.11 384.05
299.54 583.45 315.12 5492.29 1265.6 516.2
102.36 152.42 91.98 1418.55 344.63 180.17
379.19 658.06 437.44 4489.54 1376.2 821.35
92.89 235.48 80.5 4567.34 797.05 324.48
231.08 402.18 399.58 4352.01 1180.18 559.34
761.47 1045.76 1301.51 2242.95 2281.79 2137.95
508.37 748.85 865.52 3168.2 1873.14 1498.13
72.21 173.2 74.28 3553.67 739.34 301.59
578.72 918.61 1210.32 3829.38 1960.39 1135.9
123.58 327.6 89.88 4817.37 983.84 381.87
363.58 645.21 424.46 4362.77 1351.02 805.12
126.54 229.32 111.1 2543.03 609.55 267.44
81.71 196.04 70.1 4348.6 865.29 340.97
97.89 111.07 96.55 589.7 188.21 127.77
666.46 1023.15 1296.73 4037.86 2503.39 1492.55
755.21 1105.65 1306.07 3028.17 2397.42 2133.13
734.28 1030.66 1362.7 2586.29 2459.86 2056.29
437.56 723.39 856.48 4217.78 1800.44 922.58
635.69 834.29 1023.18 2647.19 2247.35 2012.45
504.91 769.35 776.9 3255.84 1834.36 1471.1
702.19 931.12 1152.81 2419.92 2322.08 2149.79
358.28 643.62 448.45 5047.01 1411.11 763.89
59.98 174.85 56.46 4094.99 816.5 308.42
520.2 771.35 831.27 3189.35 2000.12 1683.78
86.41 269.26 92.15 4708.38 1162.65 425.22
92.88 188.52 77.41 3082.52 597.4 236.81
922.57 1314.12 1966.81 3209.42 2668.09 1581.93
254.09 448.69 391.74 3296.03 997.5 610.83
530.3 719.66 862.13 2754.93 2039.97 1621.91
603.77 868.19 1079.63 2707.53 2094.52 1858.95
861.49 1279.52 1929.95 3775.02 3643.03 2118.93
494.4 685.03 830.3 2112.67 1822.89 1639.46
477.88 598.32 652.0 2478.73 1854.28 1625.8
586.15 788.25 939.13 2442.8 2206.48 1837.21
682.86 1051.54 1404.91 3631.82 1915.54 1079.88
352.08 576.95 657.79 4101.13 1673.48 1009.98
945.28 1376.67 2016.3 3254.05 3444.34 2221.33
290.38 478.89 402.62 3870.45 1305.81 870.54
94.96 162.64 84.01 2210.56 451.98 196.81
112.61 243.83 87.39 3154.88 662.91 275.7
559.05 683.12 766.88 2052.85 2000.73 1862.36
63.5 168.27 60.29 3744.05 753.56 290.11
413.32 600.63 821.06 2105.43 1536.98 951.56
511.09 783.08 1088.85 3912.18 1895.67 999.46
210.48 363.16 359.29 3801.57 1165.92 723.7
204.23 394.69 303.39 3691.12 995.75 468.54
485.66 789.43 813.26 4520.66 1559.67 785.2
152.06 365.9 141.36 4138.04 967.28 430.28
266.05 374.21 497.43 1461.27 961.51 581.32
128.38 332.1 98.52 4785.31 990.6 398.68
515.07 819.42 1111.43 3871.65 1992.81 1037.75
130.98 173.84 156.99 914.06 338.18 204.24
387.16 654.22 683.29 4483.1 1862.96 1021.2
173.62 320.44 293.71 3985.84 1050.61 496.07
686.09 1074.99 1478.16 3772.98 2271.19 1345.64
204.75 293.48 306.18 1458.07 759.48 577.68
234.09 421.6 440.92 4146.09 1148.09 531.68
256.09 376.79 446.8 2175.67 833.18 480.15
926.44 1415.95 2109.67 3554.32 3018.46 1903.11
197.76 461.66 248.87 4767.37 1139.1 473.09
109.35 155.16 116.99 1073.81 347.73 202.16
581.04 774.18 879.12 2394.78 1869.07 1620.45
645.74 991.65 1328.92 3758.85 2240.63 1355.8
237.52 395.28 267.51 2536.19 745.31 433.48
194.07 360.65 355.61 4429.45 1202.52 529.99
120.17 275.37 118.81 4703.27 956.39 408.43
454.2 637.4 723.49 3481.26 1799.45 1440.13
104.19 136.27 99.45 721.42 221.55 138.12
337.48 442.31 515.82 1097.0 992.56 913.17
594.3 824.06 1183.02 2248.02 1923.22 1383.71
116.69 290.42 83.31 4144.46 845.25 332.61
883.71 1306.83 1897.16 3305.37 3056.04 1962.37
254.04 602.4 169.82 5341.11 1270.67 563.24
474.5 684.62 776.81 3001.98 1921.61 1568.86
124.0 167.55 155.36 1222.0 400.79 264.91
211.28 379.11 225.95 4115.66 1137.45 658.59
189.22 386.1 320.82 4440.42 1237.09 518.23
346.27 588.63 457.58 4478.76 1324.2 764.79
516.97 798.35 766.9 4151.99 1731.31 1271.42
233.51 305.87 352.22 878.87 677.13 601.67
115.58 253.26 152.43 4679.5 1025.62 470.19
670.41 950.81 1365.02 2317.79 1721.38 1073.43
669.23 967.06 1217.41 2975.98 2345.73 2062.42
112.95 217.18 93.52 2768.58 579.31 249.56
638.4 983.09 1359.28 3870.83 2184.47 1174.51
140.57 361.62 181.09 4760.2 1256.05 519.96
921.3 1342.63 1974.54 3241.42 3389.74 2180.08
135.38 356.76 165.18 4852.12 1275.83 525.95
82.97 189.43 72.16 4056.17 812.62 324.38
91.5 131.52 91.44 1354.51 360.38 173.33
604.38 829.91 1112.17 2072.86 2064.6 1912.4
116.94 255.47 180.08 4066.01 959.14 469.82
389.12 646.97 752.43 3983.92 1808.21 1131.41
221.59 569.05 107.18 5410.88 1187.01 460.13
171.95 323.31 231.32 4129.57 976.83 563.1
781.85 1124.99 1600.56 2919.92 2661.83 2049.26
271.68 416.27 472.89 2111.59 945.84 547.18
230.02 446.36 201.66 4531.61 969.44 372.12
912.09 1319.93 1973.32 3378.8 2753.34 1615.68
111.9 123.39 119.36 329.89 177.49 150.88
202.67 284.65 258.95 1325.53 544.88 395.47
163.34 319.73 196.67 3646.76 894.83 382.32
965.87 1406.46 2076.38 3288.05 3167.51 2013.46
478.24 728.89 1018.15 2179.15 1538.1 959.01
400.07 615.7 749.47 3183.0 1674.11 1284.88
840.86 1160.66 1531.72 2762.7 2750.38 2397.74
90.88 145.39 82.96 1840.35 354.63 170.02
164.71 319.02 277.2 4378.03 1175.93 539.05
291.48 392.45 443.35 1582.45 1022.99 844.25
364.43 552.84 624.48 2170.16 913.82 510.47
745.31 1138.72 1550.98 3784.32 2616.72 1588.3
655.15 999.62 1396.81 3691.47 2482.37 1384.65
516.31 855.7 891.51 4761.66 2027.61 1161.24
150.86 342.3 226.15 4670.86 1211.01 487.15
147.98 291.63 217.72 3996.97 1086.6 603.02
91.05 218.72 96.99 4055.78 979.39 391.88
500.13 795.15 997.98 3829.12 2031.54 1189.42
143.84 347.72 152.58 5135.43 1125.87 467.31
534.96 775.48 1006.93 2603.2 1974.79 1472.06
471.68 774.86 705.4 4539.32 1696.31 1147.88
139.7 267.46 192.9 3462.68 934.73 452.12
160.9 279.6 267.08 2758.59 839.85 390.68
357.58 534.48 584.26 2864.56 1354.56 1056.53
729.21 1110.52 1536.92 3707.85 2675.6 1638.63
414.61 645.19 817.2 3413.93 1743.55 1070.7
479.76 729.1 1014.65 3266.56 1731.3 915.42
112.14 238.53 87.86 3042.34 642.17 269.23
377.76 581.77 732.51 3536.77 1511.74 1112.56
270.29 520.11 279.5 5012.58 1161.41 464.85
416.13 662.66 681.69 3957.51 1684.74 1264.73
336.78 588.28 586.5 4575.68 1581.24 766.61
99.87 100.48 99.87 119.23 103.99 101.12
431.68 682.03 790.54 3997.11 1980.33 1267.51
328.24 664.78 413.06 4746.56 1376.87 627.7
464.12 709.14 862.29 3148.67 1817.77 1500.56
949.88 1421.8 2122.48 3179.55 2812.45 1772.35
300.22 514.55 334.88 3523.94 1041.65 607.53
180.44 231.51 272.36 703.69 475.94 420.55
259.69 545.52 377.52 4843.42 1298.33 579.03
77.97 209.68 58.81 4305.58 715.32 269.19
319.37 521.13 620.54 3957.44 1491.76 790.61
185.69 361.83 251.66 3610.15 953.91 446.36
111.3 268.22 136.71 4088.07 969.97 375.23
837.94 1102.46 1442.89 2203.71 2753.83 2639.42
423.64 609.98 846.55 1964.79 1291.13 749.63
502.59 847.45 880.59 4815.52 1747.57 900.35
275.85 462.36 497.3 3874.14 1286.82 874.21
235.49 416.19 384.09 4124.77 1160.33 678.19
897.19 1283.0 1911.61 3241.91 2621.28 1546.95
301.51 478.0 434.77 3365.66 1290.89 891.27
649.33 1023.27 1376.39 3635.05 2194.42 1401.26
381.62 547.65 705.27 1799.84 1377.6 1187.59
348.84 587.67 730.27 4088.87 1779.16 996.1
347.66 508.01 686.29 1915.63 1257.95 778.95
493.0 717.62 746.7 3632.8 1928.85 1517.65
105.83 128.42 102.44 636.88 211.98 136.8
858.6 1271.79 1869.17 3312.73 3018.16 1914.3
81.56 212.16 71.39 4915.11 975.72 381.92
280.31 458.43 424.67 4119.79 1377.73 908.32
576.5 869.43 1113.23 3443.39 2384.33 1676.71
386.32 630.1 751.15 4029.44 1787.15 1020.7
177.98 365.42 267.79 3933.62 1301.52 723.44
258.32 517.97 221.19 5282.36 1098.39 417.98
386.46 618.9 787.76 4310.25 1634.94 823.53
474.07 737.7 955.55 3713.11 1799.34 1003.37
354.12 546.41 578.59 3783.53 1429.27 935.31
743.9 1041.32 1273.79 2948.55 2615.93 2367.48
469.22 736.65 845.68 2792.0 1509.74 868.38
123.35 272.71 183.87 4170.42 1071.84 426.58
843.4 1202.67 1809.21 2872.05 2619.27 1650.46
586.82 930.66 1312.02 3936.37 2796.53 1543.79
162.88 264.9 142.07 1878.04 448.15 212.35
302.95 521.07 516.01 4257.38 1482.43 840.14
730.92 1014.64 1236.76 2942.93 2594.8 2358.37
206.6 367.91 363.63 4167.47 1242.21 776.42
224.16 437.37 191.62 4493.99 947.72 354.31
112.66 178.29 104.66 1720.51 420.84 202.28
750.64 1115.21 1589.22 3687.18 2635.21 1616.33
608.99 937.34 1283.69 4003.64 2123.07 1146.78
872.63 1193.11 1547.49 2730.31 2952.34 2610.11
242.86 438.92 372.0 3773.51 1100.31 679.77
366.37 544.99 603.83 3398.81 1723.36 1303.22
383.3 695.16 515.76 4787.7 1457.3 879.2
194.2 383.34 302.39 4664.7 1065.68 448.34
508.53 708.1 810.85 2835.45 1717.98 1444.27
436.5 662.1 544.24 3669.17 1510.98 1035.24
553.75 890.87 1185.2 4050.06 2455.16 1457.48
549.37 785.0 835.79 3453.91 1957.36 1596.31
802.02 1131.5 1568.42 2319.0 2353.06 1904.86
800.43 1074.32 1310.45 2715.78 2714.05 2517.89
250.58 402.53 414.67 2692.97 1028.57 569.49
350.71 537.06 641.49 3193.79 1614.15 1281.15
493.59 733.27 1022.2 3297.05 1782.07 1503.41
487.64 783.65 957.94 4397.54 2009.96 1071.07
254.18 389.04 370.91 2995.06 1092.35 773.44
838.37 1253.17 1644.34 3542.11 2265.17 1348.62
90.42 224.46 92.89 4913.59 1008.69 399.18
723.78 1041.56 1520.12 3167.59 2188.27 1269.65
285.59 433.81 508.34 2460.16 1035.22 670.96
161.63 261.62 141.23 1842.57 441.2 210.11
610.6 997.28 1178.59 4240.5 2082.96 1096.65
78.96 204.9 81.3 4638.39 961.48 369.39
98.77 102.29 98.67 222.48 121.97 106.39
360.88 620.08 526.88 4197.53 1588.05 1074.58
535.61 838.86 1052.78 4057.59 2363.54 1434.07
590.08 723.15 897.09 1743.4 2151.32 1900.44
602.77 867.65 1212.92 2147.43 1800.06 1113.64
687.96 1028.27 1447.39 3292.72 2308.75 1417.43
692.0 1055.72 1416.23 3925.23 2489.04 1484.46
365.34 621.85 637.17 4456.26 1455.66 722.48
101.3 111.77 99.35 368.04 148.14 115.02
125.71 260.57 146.96 4716.6 1070.28 509.35
216.83 425.91 284.95 4627.94 1219.06 579.33
131.71 186.16 143.32 1328.9 413.13 252.12
388.27 621.97 607.07 3826.01 1726.46 1178.97
97.09 193.88 128.04 3103.89 725.28 317.66
790.22 1117.55 1543.31 2682.43 2518.56 2012.61
466.47 681.38 866.32 3021.0 1689.52 1319.58
271.52 422.87 401.53 2091.77 784.52 449.45
488.6 816.6 812.51 4873.54 1793.26 931.9
364.88 625.56 683.83 4213.57 1580.68 775.13
313.33 640.58 268.86 5722.54 1244.09 488.07
232.06 384.28 370.18 3670.67 1259.19 839.62
95.95 150.33 87.15 1795.85 382.82 177.79
158.41 309.5 216.25 4003.22 1096.84 546.24
473.57 665.86 794.39 2372.73 1729.3 1499.62
878.62 1144.32 1440.49 2378.67 2979.12 2868.13
331.0 464.63 639.06 1354.45 1040.71 670.32
610.93 844.8 1003.37 2718.4 2219.25 1947.84
478.1 773.77 964.78 3555.58 1803.53 1176.12
313.31 635.04 266.1 5624.63 1237.22 508.78
144.51 336.38 226.75 4445.51 1257.91 559.3
186.38 341.08 238.52 3836.46 1123.56 599.79
246.27 397.73 365.44 3793.7 1260.15 824.54
153.41 351.25 141.65 4897.3 1093.25 445.2
430.48 675.27 798.72 3517.5 1812.86 1467.97
560.05 789.57 933.71 3133.07 1949.35 1664.2
141.43 212.59 130.58 1566.34 382.89 184.87
943.08 1378.8 2012.77 3380.71 3098.69 1958.14
108.64 291.58 70.7 4918.82 994.04 393.01
803.13 1160.01 1701.8 2792.95 2904.41 1876.38
356.28 529.52 589.77 3037.42 1426.49 1062.41
487.37 775.49 951.17 3888.79 2023.46 1314.23
200.02 370.77 324.84 4131.44 1098.58 693.79
281.37 411.45 460.18 1602.35 788.04 477.05
943.19 1417.04 2114.37 3297.47 2871.81 1792.41
796.61 1097.34 1436.56 2584.64 2640.55 2325.3
100.86 173.88 96.4 1752.59 477.89 225.99
330.51 602.45 600.05 4452.13 1661.92 824.87
579.11 904.15 1048.68 4244.63 1742.05 935.94
137.36 299.67 166.24 3509.24 1000.58 490.17
252.77 462.49 390.83 4114.39 1222.13 554.22
97.71 122.2 97.91 720.82 242.14 143.12
380.75 595.57 668.77 3646.68 1760.13 1385.43
815.43 1217.57 1637.15 3685.07 2562.99 1523.9
451.17 751.42 775.81 4531.18 1878.56 953.54
333.52 586.69 469.98 4421.51 1309.59 616.16
426.97 654.87 715.19 3737.73 1780.16 1333.27
229.21 407.51 357.93 4094.74 1142.44 741.37
217.03 394.64 212.37 3540.02 796.41 332.07
155.86 215.2 205.19 1680.55 559.28 375.4
251.16 535.27 358.38 4863.96 1283.98 567.52
736.12 1064.73 1478.13 2885.9 2682.05 2141.48
669.64 1072.39 1430.01 3930.24 2263.7 1322.03
261.76 381.06 391.44 2848.56 1162.76 858.55
567.78 792.38 919.98 3178.09 2135.74 1776.99
441.49 624.09 695.04 2795.11 1483.31 1191.52
408.75 660.24 814.42 3788.5 1454.8 734.57
940.1 1356.84 2022.09 3392.15 3156.27 1859.09
483.05 765.21 975.8 3881.14 2227.43 1296.24
85.34 284.02 141.22 4291.76 1134.88 446.98
87.2 233.7 81.53 4628.52 800.97 309.14
883.84 1308.47 1853.88 3443.27 3253.54 2071.95
465.78 777.36 886.6 4223.53 1865.7 1018.62
83.33 261.83 84.8 4625.84 1136.2 414.34
347.61 616.06 393.92 5042.14 1363.5 739.24
754.04 997.47 1269.6 2736.68 2614.1 2403.0
796.49 1168.84 1697.46 2980.13 2877.62 1886.33
430.85 641.27 722.42 3485.83 1855.47 1446.53
582.37 769.3 994.76 1496.15 1960.87 1899.51
334.67 484.08 551.06 2177.04 1384.14 1123.17
367.13 586.99 680.85 3590.5 1383.35 725.04
548.7 840.84 1131.09 3957.85 2070.35 1144.24
89.31 153.21 80.02 2140.45 398.54 182.09
90.8 128.83 94.98 944.11 290.55 155.98
761.5 1107.09 1449.31 3161.0 2680.91 1944.62
281.12 531.73 295.15 4966.32 1180.84 532.49
99.39 109.84 99.23 380.5 157.7 116.88
605.46 858.51 1097.54 3163.69 2202.97 1730.71
273.93 371.38 511.7 1039.55 725.3 456.8
249.07 387.46 365.02 2486.89 1073.86 745.2
343.8 617.95 465.45 4938.41 1354.21 611.18
644.81 922.34 1306.9 2307.04 2275.38 1591.53
655.94 903.13 1075.37 2932.72 2096.97 1840.7
381.05 566.77 648.02 3102.62 1651.15 1287.92
446.22 643.96 708.1 2563.37 1626.83 1374.27
121.23 203.44 108.88 2054.16 507.58 233.93
544.11 759.43 970.24 2218.58 2011.09 1806.73
888.89 1281.7 1847.76 3266.22 2365.47 1451.79
367.8 617.15 625.04 4424.83 1625.1 856.99
553.25 936.31 986.27 4526.43 2099.7 1105.51
340.26 639.82 593.29 4677.54 1528.73 729.24
408.93 669.94 822.46 3671.84 1752.23 1086.57
642.48 918.7 1235.04 2883.47 2006.09 1414.22
199.72 427.64 302.27 4558.43 1388.68 657.77
371.69 577.46 551.1 3752.85 1564.16 1122.4
162.96 423.15 151.5 5018.99 1163.66 509.68
252.24 341.63 338.6 1672.34 854.45 638.38
106.17 153.42 99.18 1015.37 279.05 156.14
243.81 412.6 402.63 3770.69 1315.11 765.18
736.18 1104.47 1640.47 3987.34 3238.2 1852.72
416.18 670.31 759.32 3987.33 1709.35 1060.61
878.23 1272.37 1786.38 2897.16 2684.71 2090.33
299.82 581.18 312.33 5459.32 1260.41 529.17
123.93 307.27 96.83 3651.46 794.67 317.83
462.57 732.91 984.36 3498.09 1776.18 923.03
953.86 1427.72 2131.03 3174.23 2821.05 1778.41
87.05 148.01 86.96 2010.91 496.61 211.7
714.87 933.82 1067.18 2629.88 2135.32 1896.14
716.72 1051.45 1469.02 3627.78 2064.88 1223.0
99.36 110.21 99.2 390.97 159.85 117.51
829.87 1226.03 1864.29 3639.51 3519.78 2049.34
707.89 1067.79 1525.26 3457.5 2624.83 1612.19
631.74 896.98 1216.16 3101.07 2016.68 1324.3
575.66 772.81 954.43 2465.55 2142.13 1923.81
673.14 910.94 1156.74 2641.14 2557.99 2314.7
250.02 521.4 262.16 3950.19 1089.83 503.59
107.86 148.58 102.89 1105.59 299.09 163.47
235.92 452.9 212.07 4527.0 989.45 394.32
155.49 330.61 250.14 4457.5 1177.2 490.19
240.93 361.44 390.46 2349.49 1026.19 738.0
620.97 983.16 1122.74 4507.82 1966.46 1036.84
110.5 219.8 89.5 2644.44 568.85 246.34
122.13 297.91 89.6 4599.29 909.05 353.17
267.55 433.98 409.97 3853.73 1325.41 948.22
459.27 780.6 912.56 4506.62 1899.37 1028.71
722.41 1136.3 1556.5 3730.54 2331.39 1391.94
710.88 1070.21 1401.9 3608.03 2217.49 1384.36
271.31 519.16 264.16 5055.7 1175.93 513.21
109.01 155.7 103.32 1252.96 328.27 172.77
399.12 560.71 673.24 2515.54 1433.2 1130.59
209.99 362.78 308.37 4328.52 1272.71 777.53
717.92 1046.47 1470.97 3219.6 2417.98 1690.86
648.52 1015.07 1368.4 3867.8 2640.13 1586.55
229.7 279.91 343.31 480.18 606.18 586.97
116.81 333.02 122.29 4882.6 1230.66 492.69
461.79 781.35 720.46 4853.69 1595.15 804.51
332.31 629.78 539.26 4629.18 1438.36 720.85
312.96 567.84 524.17 4766.75 1462.61 736.65
897.87 1376.67 2070.77 3463.04 2984.82 1879.17
951.11 1399.02 2153.41 3689.25 3979.49 2335.56
388.43 671.04 809.89 3951.26 1832.7 980.73
207.5 405.44 239.64 4636.96 1216.82 619.39
642.76 971.53 1263.45 3404.62 2011.35 1214.4
343.0 608.09 647.7 4803.0 1864.97 946.18
680.4 1046.52 1497.83 3696.53 2282.68 1355.8
569.49 816.86 837.96 3647.44 1944.02 1577.37
391.46 569.29 721.56 1823.49 1183.45 731.57
182.25 292.21 252.2 2720.61 857.58 558.06
90.33 255.28 87.87 4526.88 1010.54 366.38
499.89 677.53 738.13 3137.46 1888.43 1552.47
249.58 425.45 416.84 3697.69 1346.64 856.44
254.54 303.0 310.3 1242.19 941.34 829.71
711.5 1102.44 1405.71 3849.23 2260.97 1358.27
101.79 139.77 93.92 1100.32 285.59 160.82
629.27 875.31 1055.86 2371.31 2118.09 1924.91
727.34 1034.82 1386.77 3079.09 2561.56 1979.86
337.44 478.99 471.32 2054.87 1004.73 779.33
727.35 1064.44 1496.29 3531.15 2077.44 1233.54
344.56 615.75 473.3 4709.93 1371.67 803.92
717.3 1076.27 1530.91 3750.05 2356.82 1296.92
290.62 599.91 227.55 5490.11 1155.41 440.59
321.05 530.03 645.5 3717.75 1701.8 868.26
117.1 270.73 142.5 4428.91 1098.72 476.34
100.87 174.65 96.36 1769.91 481.85 227.31
815.39 1204.14 1686.63 3465.88 2597.36 1565.08
501.64 719.85 804.4 2632.47 1700.74 1447.03
335.1 585.82 397.4 4735.99 1362.81 759.27
84.35 177.92 70.74 3087.74 537.13 220.2
285.61 489.86 400.98 4215.33 1467.1 942.25
524.84 822.33 1113.81 3733.18 1995.88 1287.45
962.0 1398.0 2014.0 3173.0 2939.0 1816.0
69.0 191.5 59.0 4653.5 930.0 346.0
134.0 394.5 95.5 5146.0 1087.0 409.5
969.0 1403.0 2079.0 3181.0 3518.0 2279.0
155.0 368.0 123.0 5163.0 1156.0 447.0
89.8 263.8 87.2 4769.8 1060.5 381.0
971.0 1390.0 2115.5 3245.0 2879.5 1707.0
122.0 299.0 89.0 4632.0 914.0 354.0
72.0 203.8 71.8 4231.5 957.5 341.5
907.5 1325.5 2047.5 3151.5 2757.0 1579.5
948.0 1357.0 1978.0 3155.0 2462.0 1531.0
56.8 180.8 53.0 4412.8 873.5 325.0
119.5 322.5 80.5 4825.8 970.8 371.8
948.0 1376.0 2046.0 3146.0 2970.0 1921.0
911.0 1341.0 1922.0 3127.8 2196.5 1320.8
985.0 1493.5 2276.8 3372.5 3183.8 2033.8
76.2 218.5 55.5 4643.8 764.8 282.8
962.5 1390.0 1954.5 3151.5 2480.0 1527.0
959.5 1435.2 2145.2 3160.2 2832.8 1787.8
88.5 243.0 63.5 4918.0 903.5 321.0
978.0 1422.0 2105.0 3266.0 3199.0 2037.0
79.2 209.2 66.0 4931.0 970.2 374.0
222.2 574.0 104.8 5481.0 1198.8 463.2
992.0 1434.0 2127.0 3253.0 3849.0 2515.0
980.5 1432.2 2016.0 3245.2 2807.8 1800.2
966.0 1422.0 2112.0 3259.5 3477.0 2237.5
109.2 304.0 68.8 5231.2 1052.0 412.0
978.0 1434.0 2220.0 3640.0 4073.0 2397.0
81.5 229.5 75.0 4588.5 1023.0 369.5
937.0 1353.0 2081.0 3198.0 2826.0 1629.0
924.0 1316.0 1970.0 3207.0 2671.0 1584.0
102.5 315.2 89.5 4914.0 1200.8 467.0
980.0 1467.0 2194.0 3388.8 3736.5 2446.5
955.0 1376.0 2056.0 3368.0 3193.0 1885.0
977.5 1462.0 2197.0 3231.5 2940.0 1846.5
939.0 1381.8 2053.5 3176.2 3230.8 2074.0
265.0 540.0 222.0 5608.0 1151.0 427.0
83.0 265.0 84.5 4714.5 1156.5 420.5
245.0 494.0 207.0 5231.5 1090.0 397.0
304.0 635.0 236.5 5868.5 1229.5 464.5
138.0 335.0 114.0 4964.0 1063.0 407.0
53.8 244.8 74.8 4340.2 1057.2 381.2
768.0 937.0 1202.0 1687.0 2456.0 2347.0
839.5 1125.5 1473.5 1964.5 2431.0 2337.0
851.0 1125.0 1487.0 2077.0 2845.0 2757.5
674.0 931.0 1168.0 1598.0 2316.0 2207.0
802.0 1081.5 1471.5 1917.5 2488.0 2377.0
925.8 1236.5 1653.5 2197.5 2743.8 2613.8
730.2 928.0 1240.5 1701.5 2120.2 2066.2
807.5 1039.5 1351.0 1892.0 2546.5 2477.5
913.2 1175.2 1552.5 2217.0 2972.0 2874.8
762.0 1017.0 1384.0 1898.0 2403.0 2316.0
768.8 1023.0 1344.0 1898.0 2593.0 2511.8
829.0 1082.5 1419.0 2036.5 2743.5 2651.0
854.0 1156.0 1575.0 2169.0 2712.0 2618.0
639.0 865.0 1188.0 1648.0 2076.0 2016.0
844.0 1157.0 1430.0 1846.0 2520.0 2406.0
716.0 963.0 1366.8 1791.0 2127.8 2035.2
641.0 907.0 1227.0 1692.0 2009.0 1914.0
822.0 1025.0 1317.0 1836.0 2480.0 2426.0
742.5 1032.0 1418.0 2073.0 2820.5 2703.0
703.5 879.5 1143.8 1618.8 2253.5 2180.0
842.5 1154.0 1648.2 2236.5 2825.8 2704.8
656.2 975.5 1340.8 1867.0 2455.0 2361.2
923.0 1214.2 1604.0 2234.0 3080.0 2985.5
734.8 963.5 1263.8 1827.2 2497.5 2417.8
800.0 989.0 1283.0 1784.0 2597.0 2503.0
706.0 816.0 1002.0 1436.0 2293.0 2206.0
725.0 878.0 1047.0 1489.0 2411.0 2352.0
878.5 1224.0 1682.0 2199.2 2656.0 2552.8
947.0 1212.0 1599.0 2313.0 3158.0 3037.0
589.2 813.2 1233.8 1730.8 1900.0 1827.2
729.0 991.5 1413.5 1964.0 2248.0 2150.5
904.8 1159.0 1500.8 2110.0 2816.5 2720.0
824.0 1099.0 1504.0 2058.0 2602.0 2523.0
836.5 986.8 1224.5 1763.8 2408.0 2363.0
894.0 1109.0 1450.0 2050.0 2679.5 2581.0
922.8 1209.8 1608.8 2273.8 3029.5 2919.0
761.0 1043.0 1428.0 1885.0 2397.0 2298.0
690.5 905.0 1162.8 1628.5 2187.8 2117.0
794.0 1033.0 1333.0 1871.5 2517.0 2421.0
944.0 1266.5 1688.8 2251.2 2816.2 2701.0
726.0 907.0 1139.0 1530.0 2019.0 1932.0
829.2 1124.8 1599.8 2206.2 2634.5 2532.0
921.0 1181.0 1557.0 2200.0 3037.0 2940.0
735.0 948.0 1238.0 1781.0 2503.0 2425.0
684.0 932.0 1313.0 1825.0 2332.0 2243.0
955.2 1228.0 1601.8 2260.2 2853.5 2766.5
806.0 1120.0 1498.0 2025.0 2566.0 2470.0
822.8 960.5 1128.5 1537.0 2182.8 2085.0
641.0 896.0 1266.0 1659.0 1887.5 1822.0
871.0 1129.0 1503.2 2057.8 2777.2 2662.0
833.0 1120.0 1439.0 1912.0 2418.0 2335.0
906.5 1134.2 1379.5 1798.5 2442.5 2363.5
612.5 842.5 1118.0 1490.0 2004.0 1917.0
741.5 944.0 1193.5 1631.5 2141.5 2080.0
882.5 1167.0 1520.5 2088.0 2698.5 2609.0
938.0 1173.0 1417.0 1866.0 2519.0 2437.0
927.0 1208.0 1637.0 2208.0 2809.0 2698.0
855.0 1101.0 1438.0 2028.0 2691.5 2610.0
705.0 972.0 1320.0 1791.5 2238.5 2159.0
837.0 1082.0 1417.0 2015.0 2798.0 2707.0
842.5 1173.5 1560.5 2028.5 2690.5 2567.5
604.0 697.5 845.0 1219.5 2055.5 2008.5
730.5 976.0 1293.0 1724.0 2096.5 2039.5
764.5 919.0 1087.0 1489.5 2095.0 2002.0
745.5 970.5 1232.5 1660.5 2177.5 2078.0
613.2 779.2 979.8 1360.5 1779.8 1769.5
793.0 1047.2 1363.0 1889.5 2419.2 2344.2
815.0 1000.0 1207.0 1625.5 2248.0 2163.0
843.0 1099.0 1451.5 2043.0 2738.0 2657.5
772.0 992.0 1295.8 1845.8 2461.0 2394.0
895.0 1245.5 1667.0 2236.0 2803.0 2694.0
765.5 1003.0 1321.0 1858.0 2440.0 2353.0
714.5 1003.5 1444.0 2002.5 2485.5 2401.5
494.5 611.5 726.5 1056.8 1795.0 1744.5
924.5 1207.0 1571.5 2078.0 2692.0 2588.5
696.8 869.5 1026.8 1427.2 2001.5 1927.5
721.0 985.0 1346.0 1933.0 2632.0 2539.0
849.5 1092.0 1370.2 1861.2 2472.8 2388.2
948.0 1249.0 1638.0 2246.0 2922.0 2819.0
694.8 840.8 1036.8 1393.8 1978.2 1915.8
760.0 991.0 1309.0 1853.0 2493.0 2420.0
928.0 1191.0 1564.0 2183.0 2886.0 2803.0
865.0 1153.0 1527.0 2115.5 2890.0 2785.0
662.8 884.0 1187.0 1705.0 2242.0 2151.8
603.2 862.0 1290.2 1790.5 2089.0 2029.2
682.8 802.2 949.2 1388.8 2317.5 2267.2
571.5 650.0 741.0 1076.0 2143.0 2120.5
811.2 1079.8 1420.5 1908.5 2484.0 2367.8
634.5 841.5 1134.5 1640.5 2306.0 2225.0
693.0 922.0 1262.0 1853.0 2415.0 2306.0
712.5 980.0 1304.5 1763.2 2235.8 2140.0
871.0 1195.0 1616.0 2208.0 2857.0 2755.0
915.0 1197.0 1579.0 2198.8 2939.0 2853.8
726.5 1001.0 1490.5 2050.5 2329.0 2253.0
784.0 1041.0 1376.2 1944.2 2683.0 2583.2
865.8 1136.8 1481.5 2033.0 2641.8 2551.2
837.8 1147.5 1648.5 2250.8 2700.2 2578.0
866.0 1156.0 1526.0 2111.5 2891.0 2797.0
833.0 1069.5 1333.0 1876.5 2457.5 2371.5
823.0 1116.5 1508.0 2131.5 2906.0 2777.0
585.5 771.0 1002.5 1461.5 1967.5 1912.0
873.0 1194.0 1591.0 2159.0 2736.2 2631.8
716.0 947.5 1257.0 1678.0 2192.0 2089.0
846.0 1104.0 1453.0 2038.0 2776.0 2693.0
623.0 879.0 1316.2 1827.2 2025.5 1961.5
935.0 1244.0 1643.0 2260.0 3095.0 2981.0
760.0 1046.0 1398.0 1960.0 2575.0 2476.0
655.0 909.5 1375.0 1859.0 2079.5 1999.0
781.0 1034.8 1371.5 1916.0 2624.0 2537.8
877.0 1167.5 1545.5 2071.5 2560.5 2478.0
755.0 955.0 1238.8 1769.0 2392.8 2328.0
928.0 1278.0 1695.5 2233.0 2786.0 2674.5
663.0 808.0 944.0 1365.0 2433.0 2344.0
655.2 879.8 1083.0 1511.2 1882.5 1803.5
759.0 987.0 1297.0 1832.0 2491.0 2412.0
826.5 1133.0 1648.8 2248.8 2639.5 2538.5
799.0 1081.5 1432.5 1982.0 2481.5 2404.5
657.0 884.0 1228.0 1711.0 2171.0 2084.0
562.8 795.0 1215.0 1587.5 1707.0 1652.8
940.0 1248.0 1642.0 2258.0 3106.2 3016.0
739.0 1000.2 1362.0 1855.0 2252.8 2174.0
911.0 1149.0 1500.0 2130.0 2851.0 2772.0
811.5 1080.5 1496.5 1990.0 2621.5 2521.0
794.0 988.0 1204.0 1609.0 2197.0 2121.0
853.0 1090.0 1411.0 2003.0 2752.0 2658.0
929.0 1206.0 1569.0 2190.0 2983.0 2872.0
864.0 1186.0 1576.0 2099.0 2608.0 2509.0
531.0 693.0 1037.0 1412.0 1224.0 1183.0
625.0 804.0 1144.0 1564.0 1425.0 1398.0
753.2 1030.5 1597.8 2142.8 2414.0 2318.8
715.0 985.0 1354.0 1781.0 2272.0 2160.0
819.0 1111.0 1495.2 2022.2 2530.8 2429.2
562.5 761.5 1033.8 1404.5 1897.2 1825.8
873.0 1144.0 1506.0 2092.0 2837.0 2744.0
680.5 936.8 1301.8 1826.0 2445.2 2354.0
925.0 1180.0 1542.0 2188.0 3006.0 2917.0
760.0 961.0 1251.0 1793.0 2435.0 2355.0
832.5 1056.0 1370.0 1954.0 2629.0 2571.0
761.5 1050.5 1440.0 1886.0 2352.5 2250.5
745.0 1005.0 1345.0 1792.0 1763.0 1724.0
891.0 1224.0 1623.0 2193.0 2784.0 2700.0
891.0 1224.0 1623.0 2193.0 2784.0 2700.0
568.0 821.0 1180.0 1644.0 2111.0 2013.0
866.0 1046.0 1340.0 1946.0 2723.0 2646.0
940.0 1228.0 1620.0 2241.0 3065.0 2968.0
794.0 1042.0 1367.0 1905.0 2584.0 2498.0
919.2 1225.8 1632.0 2231.0 2830.8 2723.5
681.5 912.5 1230.5 1707.5 2195.0 2129.5
626.0 732.0 875.0 1305.0 2153.0 2135.0
445.0 496.0 565.0 791.0 1386.0 1328.0
857.0 1146.8 1590.0 2166.2 2596.8 2497.0
791.0 1049.0 1494.0 2026.0 2529.0 2427.0
891.0 1224.0 1623.0 2193.0 2784.0 2700.0
735.0 1019.0 1466.0 2006.5 2331.5 2246.5
805.0 1139.0 1507.0 2041.0 2565.0 2447.0
773.5 936.5 1210.0 1756.5 2512.5 2418.5
812.0 1059.0 1431.0 2026.0 2822.0 2690.0
766.5 976.8 1268.8 1760.2 2291.8 2219.8
858.5 1094.5 1411.0 1982.0 2601.0 2516.5
720.0 969.0 1285.5 1726.5 2381.0 2285.5
706.0 970.5 1257.0 1597.0 1574.5 1517.0
717.0 935.0 1230.2 1764.0 2423.0 2349.2
829.0 1060.0 1392.0 1986.5 2724.5 2643.5
702.5 921.5 1339.0 1831.0 2148.0 2058.5
549.0 651.0 748.0 1104.0 1802.0 1762.0
644.8 881.0 1280.8 1749.0 2053.0 2000.8
878.0 1092.0 1327.0 1745.0 2368.0 2292.0
919.5 1129.5 1434.0 2069.5 2925.5 2850.0
711.0 952.0 1270.0 1797.0 2394.0 2302.0
933.0 1197.2 1551.5 2165.0 2886.0 2796.2
803.0 1095.0 1504.5 1993.5 2662.0 2566.5
911.0 1260.5 1689.0 2227.5 2882.0 2764.0
601.2 845.8 1120.2 1463.8 1473.8 1429.8
911.0 1170.0 1541.0 2187.0 3003.8 2910.8
832.0 1155.0 1508.0 1996.0 2604.0 2499.0
864.0 1157.0 1609.0 2201.0 2733.5 2620.0
747.2 1003.2 1281.5 1803.5 2383.5 2284.2
836.0 1061.5 1364.0 1938.0 2713.0 2601.5
799.0 1005.0 1309.0 1853.5 2526.0 2427.0
793.2 1096.8 1554.2 2108.2 2683.0 2555.8
874.0 1167.0 1554.0 2196.0 3091.0 3000.0
834.0 1087.0 1449.0 2076.0 2940.0 2831.0
640.0 932.0 1265.5 1641.5 1864.0 1819.0
911.2 1214.2 1595.2 2144.5 2765.5 2671.2
776.5 1048.8 1375.5 1702.0 1798.8 1734.2
811.0 1085.0 1446.0 1942.0 2443.0 2355.0
806.0 1048.0 1354.0 1876.0 2610.0 2516.0
874.0 1099.0 1454.0 2094.0 2880.0 2842.0
906.0 1228.5 1628.2 2185.2 2763.0 2647.8
845.2 1154.8 1519.5 1946.5 2659.5 2539.0
750.8 970.8 1260.2 1788.0 2377.2 2283.0
913.0 1204.0 1595.0 2261.0 3178.0 3049.0
748.0 975.0 1300.0 1870.0 2733.0 2619.0
567.0 814.2 1131.0 1471.0 1600.0 1553.5
586.2 808.0 1102.0 1514.0 2074.0 1984.8
682.0 908.0 1178.0 1613.2 2030.8 1954.5
950.0 1228.0 1561.0 2202.0 3162.0 3089.0
774.0 1019.0 1314.8 1903.5 2600.2 2521.2
853.5 1109.0 1470.0 2096.5 2805.0 2714.5
794.2 1101.8 1720.5 2272.0 2521.5 2432.5
691.5 970.0 1384.0 1883.0 2344.0 2263.0
100.0 100.0 100.0 100.0 100.0 100.0
