535.9 698.47 833.51 1440.24 1606.06 1303.84
455.86 655.81 887.13 1907.72 1410.47 882.47
704.99 963.92 1326.85 2138.79 2090.28 1447.82
923.5 1328.31 1979.15 3253.4 3079.98 1824.24
363.82 600.13 553.67 3532.52 1514.26 929.08
822.55 1237.37 1710.46 3549.6 2663.85 1669.02
884.11 1328.18 1960.44 3370.69 3396.46 2209.22
250.71 326.93 434.63 637.26 596.35 400.01
587.1 783.32 983.63 1660.82 1825.77 1409.02
76.99 210.73 83.5 4225.99 968.42 349.79
700.89 978.25 1315.51 2166.84 1834.59 1228.6
893.09 1267.97 1849.06 3041.62 2926.95 1805.64
922.82 1333.07 1980.29 3379.92 3100.18 1824.32
750.01 1073.07 1638.44 2505.89 2217.0 1287.41
732.8 1009.17 1405.96 2340.23 2135.19 1432.86
724.17 973.51 1241.5 2064.32 1948.47 1464.53
867.6 1225.5 1803.63 2951.34 2512.96 1539.42
658.86 936.61 1422.69 2168.5 1920.12 1120.9
834.92 1227.82 1794.49 2726.79 2656.56 1789.87
347.83 619.24 415.53 4961.54 1344.55 651.33
881.16 1293.63 1836.52 3044.82 2146.77 1308.83
466.62 661.24 940.89 1386.63 1273.59 849.42
900.26 1297.07 1904.59 2947.82 2811.28 1849.06
687.7 916.88 1146.57 2000.38 1876.66 1437.56
322.52 432.87 616.03 917.63 828.58 527.29
907.15 1303.28 1907.88 2952.51 2817.24 1863.33
870.17 1281.1 1850.67 3088.48 3220.69 2161.22
828.23 1161.78 1557.38 2545.93 2352.48 1652.28
770.48 1125.97 1606.3 2603.17 1833.23 1109.27
822.49 1225.34 1729.79 3516.75 3088.7 1950.89
679.25 974.98 1278.6 2878.36 1903.6 1234.89
568.51 748.15 917.99 1570.15 1726.04 1358.83
89.05 222.63 89.62 4916.85 1004.22 396.18
744.07 1072.95 1555.47 3121.74 2341.98 1396.71
723.29 1070.92 1511.37 3266.47 2434.84 1529.58
610.51 775.12 901.64 1546.1 1701.46 1440.77
945.39 1361.64 2001.62 3073.32 3399.51 2224.55
761.72 1096.2 1618.55 2490.04 2342.33 1521.83
859.77 1224.34 1793.98 2959.75 2835.92 1725.33
847.03 1212.1 1751.73 2754.33 2727.4 1788.04
548.93 795.56 1161.28 1730.45 1660.34 1107.7
576.25 866.75 1072.31 3352.53 1883.42 1183.76
451.16 715.43 818.04 3200.35 1644.93 1026.91
149.31 221.0 214.26 1629.12 554.76 289.18
792.22 1097.11 1506.28 2406.16 2450.99 1733.12
793.21 1119.34 1597.16 2491.34 2415.5 1651.98
459.91 648.2 923.03 1350.76 1260.57 845.49
229.69 343.7 329.78 1921.38 660.86 343.98
833.61 1208.21 1771.21 2921.43 3242.99 2107.24
807.93 1158.31 1719.94 2866.56 2673.22 1582.0
158.79 189.22 241.79 322.17 293.45 207.72
803.87 1166.07 1686.33 3475.54 2425.24 1404.11
583.27 891.54 1179.35 3652.19 2461.45 1512.23
747.56 1083.12 1660.36 2706.33 3025.1 1794.28
641.65 1005.93 1216.72 4370.81 2232.88 1277.5
613.45 951.69 1264.22 3694.18 2179.09 1364.58
471.68 607.74 716.03 1274.64 1336.44 1062.88
767.55 1098.43 1568.05 2481.91 2555.64 1715.24
964.67 1408.22 1974.93 3222.37 2764.27 1775.31
899.32 1318.03 1906.06 3354.04 2956.76 1860.63
924.05 1343.85 2050.51 3373.99 3779.44 2266.67
588.12 902.3 1132.4 3870.38 2386.01 1351.73
854.58 1238.76 1800.2 2813.63 3009.71 1982.53
619.13 948.76 1235.79 3785.16 2090.38 1225.11
790.28 1128.94 1631.9 2556.8 2528.78 1655.64
549.69 733.7 911.28 1544.46 1585.12 1219.03
776.38 1125.17 1554.31 2706.72 1927.27 1217.6
602.7 761.22 878.29 1510.19 1679.51 1434.11
851.76 1264.34 1848.37 3342.29 2989.61 1894.13
638.18 975.02 1230.54 3864.44 1922.63 1086.45
922.85 1336.06 1972.27 3452.38 3097.77 1817.62
804.52 1137.81 1555.4 2546.66 2103.47 1370.04
541.83 742.42 955.89 2084.31 1639.89 1124.41
243.32 472.37 374.07 4899.22 1277.45 590.92
547.75 770.45 1092.95 1942.16 1392.14 870.22
843.41 1224.8 1823.23 3368.9 2611.2 1515.58
894.91 1319.68 1882.19 3145.03 2172.5 1305.41
600.78 909.94 1259.83 3556.93 2167.63 1296.2
478.61 701.29 964.17 2454.32 1914.55 1196.36
241.59 410.34 454.23 2911.03 1077.37 556.76
303.16 403.86 536.82 818.77 660.6 436.13
124.95 136.96 157.74 190.1 179.63 146.04
831.79 1210.38 1710.58 3414.53 2261.29 1369.74
269.54 362.16 478.76 914.49 701.46 452.14
906.16 1319.77 1931.78 3273.69 2996.95 1906.14
921.35 1351.36 2064.75 3572.92 3825.77 2261.16
367.06 630.02 728.76 4039.79 1897.36 1046.38
542.52 724.9 865.61 2327.56 1675.11 1254.0
182.86 222.28 288.04 412.43 358.53 249.23
647.46 976.65 1368.72 3677.48 2364.59 1422.72
637.69 891.33 1291.41 2013.12 1850.84 1185.19
683.99 1021.93 1455.59 3521.28 2348.93 1448.2
883.18 1289.93 1991.04 3257.68 3643.92 2148.93
459.56 664.93 852.73 2054.41 1356.23 828.67
772.38 1121.6 1723.53 2810.98 3142.58 1859.08
604.33 925.05 1294.92 3511.72 2474.58 1549.05
310.59 630.46 275.81 5550.37 1217.86 479.88
955.37 1388.02 1999.28 3149.36 2917.16 1802.8
483.01 676.7 974.65 1481.11 1451.89 944.98
479.47 670.99 970.81 1463.04 1384.28 914.87
640.24 952.88 1265.01 3580.12 1887.44 1092.46
430.56 597.76 833.98 1278.43 1188.7 758.05
727.78 1011.38 1357.87 2216.68 2200.02 1527.57
174.9 293.47 253.29 2644.08 831.94 418.23
701.81 1072.88 1524.83 3762.26 2854.53 1802.94
467.1 776.14 944.18 3973.12 2167.3 1167.91
674.93 965.75 1197.51 2667.53 2000.89 1379.46
732.26 990.57 1344.53 2164.5 2123.15 1508.9
701.5 1041.23 1447.43 3654.7 2200.79 1248.75
721.07 1000.85 1373.9 2204.03 2215.61 1579.07
651.63 957.25 1414.98 2112.86 2008.73 1327.37
511.31 700.12 943.88 1517.52 1634.66 1157.49
917.76 1348.12 1999.52 3093.34 3148.13 2025.78
276.41 518.61 267.89 4921.97 1143.67 485.4
746.58 1052.92 1522.48 2414.32 2253.32 1448.89
563.64 809.47 1141.62 1830.97 1298.55 797.92
663.7 866.53 1085.62 1832.73 1866.65 1461.53
771.98 1078.14 1518.3 2530.0 2503.53 1628.12
897.61 1334.83 1977.35 3056.57 2708.67 1719.39
914.26 1327.49 1952.35 3105.93 2986.51 1905.22
719.3 1026.25 1431.58 2291.05 1808.9 1124.62
795.29 1148.67 1663.49 3362.66 2387.62 1399.11
645.91 941.61 1345.93 2468.93 2019.86 1291.89
955.79 1378.31 1934.48 3121.51 2465.08 1525.14
123.12 134.66 152.64 181.95 190.92 157.96
329.41 597.26 668.73 3950.38 1423.52 683.31
879.02 1272.97 1878.98 2909.1 2849.65 1818.64
788.75 1218.94 1798.54 3636.63 2714.45 1672.29
400.18 638.64 784.69 4042.39 1864.64 1100.87
593.94 804.48 1042.92 1747.95 1749.25 1253.72
516.17 783.63 956.51 3274.01 1956.96 1228.43
522.99 847.44 1121.55 3725.83 2286.73 1330.75
320.82 591.42 602.33 4782.08 1567.11 803.88
626.63 914.27 1285.59 2813.81 2487.94 1589.3
668.6 993.11 1410.48 3783.53 2461.49 1387.52
942.53 1396.91 2063.34 3202.25 3532.24 2345.98
908.16 1295.84 1867.73 3061.09 2382.52 1503.89
394.18 543.1 667.97 1806.56 1272.52 890.64
563.34 802.86 1158.59 1777.12 1895.71 1250.4
685.78 1020.57 1424.27 3023.92 1760.1 1029.55
749.55 1071.41 1576.05 2395.99 2829.99 1858.59
378.16 569.18 770.58 2328.61 1230.94 727.69
761.54 1067.76 1493.76 2372.03 2350.15 1640.05
484.48 808.64 808.12 4816.86 1735.52 907.08
884.96 1273.92 1883.77 2874.65 3399.13 2225.21
702.76 938.57 1194.52 1973.31 2029.51 1539.84
886.92 1275.42 1856.72 2908.27 2870.57 1865.77
591.14 851.54 1203.39 1933.62 1369.63 839.31
823.74 1204.66 1745.64 3003.63 2959.49 1922.95
235.79 343.1 410.75 1452.37 676.9 407.77
694.16 947.15 1291.96 2165.04 2026.89 1402.31
976.38 1431.1 2214.21 3630.81 4062.67 2392.85
697.83 940.19 1200.4 2009.67 1837.43 1397.86
724.43 1022.82 1424.86 2256.44 2142.5 1403.71
171.17 330.46 272.42 3377.85 1054.02 470.89
412.43 561.07 809.04 1278.07 1074.83 662.68
837.22 1210.49 1736.31 2652.71 2602.03 1801.79
713.37 991.7 1361.17 2159.57 2331.64 1653.17
471.58 742.3 908.9 4010.86 1679.85 890.14
267.61 543.2 228.88 5599.0 1159.77 433.86
545.07 797.13 1035.0 2512.45 1429.91 854.32
873.56 1264.75 1866.51 2889.41 2830.38 1806.6
683.64 999.83 1471.34 2168.86 1993.23 1282.59
143.48 168.45 206.93 260.76 251.49 195.0
148.68 174.5 209.38 281.76 225.85 173.29
441.84 621.71 879.35 1612.98 1606.94 1048.34
583.32 785.88 1056.9 1745.31 1704.76 1190.49
610.2 928.28 1227.01 3569.28 2393.14 1450.63
535.61 695.54 834.13 1447.8 1592.94 1277.65
375.6 522.91 702.84 1324.1 1052.65 667.81
204.15 359.47 380.15 3661.73 1101.21 541.06
831.57 1182.43 1759.24 2958.1 2403.47 1427.03
334.68 534.12 605.45 4065.27 1611.62 916.86
380.73 518.96 742.23 1173.0 1115.55 686.08
577.47 785.52 1009.24 2257.41 1754.03 1250.16
767.25 1136.54 1687.73 2475.69 2221.52 1410.27
747.61 1021.01 1396.47 2333.01 2604.24 1806.0
637.18 921.73 1315.67 2491.13 2445.92 1582.08
724.93 1034.18 1411.13 2727.82 2427.55 1658.44
374.89 507.13 736.1 1092.57 977.22 607.18
853.83 1262.59 1861.65 2764.9 2504.89 1610.36
303.8 548.6 585.2 4314.12 1619.42 803.52
590.57 802.99 1036.65 1835.6 1879.72 1396.87
800.21 1168.7 1659.61 3060.45 2922.55 1891.32
640.44 909.04 1379.1 2100.33 1860.14 1087.25
481.93 668.58 966.95 1551.91 1480.08 904.51
905.22 1333.15 1909.35 3136.5 2187.55 1314.06
609.63 918.79 1216.83 3544.84 2577.89 1608.93
668.5 929.25 1312.56 2217.0 2472.23 1615.47
636.69 890.06 1263.63 2130.0 1906.04 1229.02
316.59 425.02 568.09 1063.85 915.34 593.0
656.36 980.66 1321.58 3493.62 2647.54 1671.28
801.37 1234.5 1827.84 3588.83 2688.46 1677.93
938.5 1427.41 2164.22 3437.53 3069.39 1948.12
791.8 1114.58 1628.31 2562.56 2379.35 1502.58
691.74 959.19 1341.74 2289.4 2047.19 1371.96
384.36 524.38 750.54 1186.89 1128.69 693.67
511.22 747.49 1111.46 1620.58 1532.9 998.55
702.67 996.18 1445.88 2211.75 2607.94 1736.45
487.74 633.3 771.55 1340.24 1415.73 1107.69
535.09 820.94 1104.14 3393.06 1809.66 982.64
436.59 550.7 629.23 1139.67 1246.83 1019.2
680.29 1022.82 1334.19 3317.1 2224.97 1351.88
965.35 1444.25 2159.15 3334.06 3675.97 2407.44
690.68 914.98 1141.31 1911.55 1873.79 1455.75
566.74 902.09 1158.23 4040.14 2260.36 1299.5
518.55 688.16 863.21 1571.31 1565.3 1173.73
755.92 1133.03 1704.67 2574.2 2394.79 1541.81
636.35 969.97 1378.14 3731.88 2238.26 1203.55
607.62 912.13 1329.11 3372.81 2601.14 1492.78
454.28 720.98 865.12 4077.55 1729.19 941.9
438.56 741.46 920.69 4189.0 2179.19 1223.59
435.95 719.85 918.4 4329.49 2234.54 1166.68
722.59 1006.39 1401.84 2241.02 2598.49 1795.27
647.26 913.76 1367.93 2104.61 1886.84 1130.05
670.5 1003.95 1417.91 3537.11 2200.88 1233.61
640.76 924.79 1327.96 2066.34 2285.59 1555.24
276.12 503.49 466.06 4445.35 1366.68 691.03
380.76 638.48 698.43 4219.07 1604.74 862.76
221.07 329.95 373.83 2058.32 797.93 428.12
527.23 818.0 1110.82 3581.43 1843.41 990.89
606.92 817.73 1098.03 1865.39 1737.38 1209.04
396.5 539.14 786.11 1170.61 1046.19 647.05
943.31 1360.96 2004.52 3077.24 3406.18 2222.26
410.45 563.32 810.22 1286.61 1223.07 748.13
265.51 356.9 495.54 690.67 635.68 429.43
441.26 605.85 855.76 1329.41 1050.53 675.87
560.83 765.96 1068.8 1680.68 1591.44 1079.72
880.02 1290.49 1841.14 2999.71 2130.66 1296.32
865.54 1261.45 1928.98 3062.75 2634.66 1523.5
529.36 749.54 926.97 3033.79 1925.0 1312.08
529.64 720.62 932.15 1773.39 1544.55 1087.1
595.26 857.85 1212.65 1949.0 1380.28 845.51
391.55 530.25 761.65 1199.32 1009.68 625.07
317.52 429.77 501.7 1384.83 917.15 667.09
261.93 506.06 400.67 4564.34 1274.67 608.08
505.77 748.73 984.42 3595.67 1808.02 1056.81
815.1 1176.8 1687.83 2649.32 2455.2 1523.57
309.64 402.63 526.61 819.19 722.29 520.91
375.2 748.1 533.0 5108.31 1780.65 854.68
910.23 1357.59 2036.25 2991.45 2722.3 1712.62
857.34 1301.36 1889.37 3378.1 2656.56 1645.15
293.86 364.82 424.37 713.23 753.96 603.43
647.99 1028.89 1434.35 3729.84 2776.08 1706.17
380.91 514.55 737.51 1159.22 976.49 605.92
604.07 763.71 883.39 1518.74 1689.19 1437.81
899.21 1286.1 1945.06 3007.23 2696.26 1606.83
697.13 1037.06 1466.33 3700.42 2916.46 1822.06
593.07 855.02 1234.15 2543.15 1793.42 1048.08
595.58 828.33 1135.13 2081.12 1593.06 1064.82
820.61 1177.34 1747.5 2904.04 2715.62 1606.81
562.62 796.56 1156.43 1768.15 1732.85 1120.6
645.93 1019.13 1450.49 3828.85 2372.87 1409.2
698.6 983.37 1458.48 2357.11 1967.73 1178.07
455.67 630.8 913.68 1459.46 1386.66 842.54
789.6 1167.99 1653.6 3063.21 1959.56 1163.25
743.35 1017.07 1355.97 2187.54 2375.38 1745.1
878.16 1276.53 1838.92 2881.83 3181.39 2173.32
564.84 805.47 1221.09 1856.61 1629.52 951.68
767.73 1072.6 1502.06 2444.67 2026.69 1345.61
866.89 1245.99 1839.02 3316.81 2566.86 1506.02
266.13 444.43 449.94 3232.71 1091.55 539.76
447.72 623.22 897.95 1349.01 1276.84 846.7
676.16 1033.25 1404.92 3579.78 2225.02 1376.21
535.83 923.24 932.23 4409.52 1653.08 853.69
724.09 972.08 1296.52 2159.22 2053.11 1483.19
886.03 1292.07 1960.89 3360.45 3634.67 2168.74
917.55 1307.96 1892.47 3027.97 2395.6 1511.86
338.6 675.4 332.43 5734.89 1330.61 545.23
677.35 1043.77 1380.97 3603.41 2235.13 1336.0
102.63 103.92 106.01 110.04 109.5 105.49
587.86 869.28 1202.51 2513.38 1975.94 1240.03
231.02 476.84 383.88 4674.02 1583.41 762.9
927.36 1327.76 1963.6 3222.27 3074.21 1849.57
632.57 941.12 1261.32 3364.02 2161.31 1290.64
518.68 666.03 773.56 1362.29 1557.9 1284.42
895.02 1306.53 2013.74 3297.09 3688.1 2180.17
353.64 469.23 535.35 1473.1 1051.92 790.1
607.03 898.36 1347.13 1974.88 1866.77 1207.91
487.11 746.34 892.53 3245.12 1682.31 1032.12
510.41 707.83 970.51 1526.75 1461.41 970.31
904.68 1337.86 1947.71 3328.9 3261.11 2084.83
938.5 1355.08 1902.57 3086.38 2417.35 1488.3
613.63 780.71 915.34 1562.11 1719.51 1448.92
651.03 985.85 1315.83 3661.66 2117.87 1274.02
719.13 979.6 1285.4 2096.54 2316.64 1746.97
694.35 989.55 1505.71 2299.11 2035.88 1186.84
773.74 1088.68 1477.64 2428.81 2030.1 1339.46
350.78 541.25 602.84 2535.74 1170.43 671.12
355.74 451.69 551.25 940.56 945.16 726.75
780.11 1194.96 1701.66 3554.09 2446.34 1486.28
111.42 317.69 201.82 4263.25 1180.46 480.42
725.9 1050.77 1499.15 2846.21 2309.6 1499.47
234.7 305.62 412.95 591.43 625.26 432.47
663.32 1041.57 1455.01 3752.39 2313.56 1345.63
351.12 603.48 671.42 4231.11 1561.16 764.72
280.04 406.71 370.28 2182.87 967.47 652.91
892.95 1370.53 2012.87 3547.27 2906.07 1824.32
486.73 668.74 777.52 2164.62 1497.61 1092.39
779.28 1098.5 1473.35 2425.02 2252.99 1568.7
663.77 935.72 1289.42 2016.91 1930.65 1349.39
91.2 275.6 103.01 4701.23 1175.21 435.31
916.87 1348.01 1999.49 3105.46 3148.76 2023.4
478.54 674.48 1012.94 1530.47 1345.54 793.55
230.35 468.58 460.97 4135.62 1582.55 782.73
771.17 1077.87 1443.95 2380.14 2068.55 1412.25
282.1 518.69 284.9 4731.64 1154.49 514.11
628.8 942.62 1361.51 3065.11 2007.59 1117.92
876.14 1291.3 1836.65 3106.4 2123.14 1273.28
111.78 254.02 179.68 4336.92 995.47 406.46
878.49 1280.7 1972.25 3050.33 2662.92 1532.09
216.02 378.16 386.79 3907.63 1116.87 545.71
951.39 1373.31 1930.36 3112.0 2449.58 1509.04
775.02 1147.13 1652.53 3433.96 2581.32 1611.28
111.69 307.22 74.36 5225.53 1057.01 415.96
582.54 800.27 1001.08 2027.05 1823.18 1322.55
855.79 1269.78 1734.45 3499.63 2549.52 1593.97
657.97 974.21 1355.89 3557.84 2731.7 1721.33
543.11 911.15 899.01 4902.15 2052.38 1116.94
755.89 1112.38 1660.32 3414.39 2434.78 1359.43
864.93 1238.68 1799.98 2801.2 2693.86 1795.84
538.32 825.2 979.18 3749.52 1688.75 915.33
372.84 601.69 781.17 3976.61 1574.57 793.21
810.86 1170.98 1773.91 2782.29 2449.66 1447.03
241.98 391.87 445.52 2924.92 1058.56 512.41
609.56 948.35 1325.85 3903.06 2595.31 1592.38
474.91 676.4 913.0 2117.82 1792.48 1123.95
694.34 1027.44 1415.7 3096.98 2286.38 1406.95
917.1 1375.06 2011.53 3427.81 3480.66 2272.78
758.21 1055.72 1477.85 2466.95 2451.65 1608.79
365.94 600.38 701.31 3668.46 1457.0 743.71
867.32 1270.5 1805.08 3361.54 2727.85 1661.35
920.12 1331.15 1896.81 3087.7 2811.36 1760.8
606.5 988.59 1096.63 4249.41 1867.65 1028.59
163.57 324.0 291.78 4261.03 1124.68 516.21
680.72 974.38 1426.12 2194.02 2149.7 1381.15
957.77 1432.51 2141.07 3154.03 2827.29 1784.4
141.89 165.08 199.69 256.57 273.12 211.71
897.47 1310.83 2021.79 3311.19 3703.89 2186.98
821.07 1195.03 1692.77 2755.94 1985.55 1230.04
154.91 210.58 210.43 1031.46 417.11 252.46
741.59 1029.35 1468.36 2435.18 2133.9 1368.29
275.05 479.1 480.77 3426.51 1493.53 833.02
338.6 522.99 655.43 2366.32 1128.15 656.39
527.43 776.95 1066.47 2760.83 1672.31 948.94
666.97 991.77 1481.83 2250.91 2086.71 1350.74
720.23 997.06 1405.16 2249.32 2159.17 1440.27
199.78 257.12 345.43 468.97 447.7 318.03
201.92 343.17 310.77 3881.23 1123.83 567.5
842.72 1232.68 1880.73 3149.26 2598.72 1494.71
733.81 1071.81 1477.84 2881.13 2350.34 1601.41
277.41 511.84 423.77 4628.0 1299.34 598.17
396.1 600.01 747.3 3080.56 1296.58 713.13
459.36 603.5 726.79 1354.71 1296.85 995.53
483.6 680.38 934.72 1470.23 1279.67 840.71
587.33 912.22 1225.32 3894.27 2032.47 1091.25
703.16 949.13 1231.89 1971.6 2016.53 1544.04
486.11 747.66 658.07 3696.85 1506.98 966.41
924.79 1341.01 1980.1 3070.44 3009.41 1921.69
174.43 217.2 283.08 375.23 359.36 262.64
626.01 870.9 1176.27 1925.87 2124.89 1524.54
514.36 723.5 1050.88 1588.38 1502.38 989.8
403.42 626.59 791.12 3108.64 1405.28 841.84
775.07 1089.45 1560.93 2596.64 2518.33 1583.32
478.39 666.0 916.2 1387.24 1331.01 934.46
130.3 295.06 191.75 4536.87 1189.01 479.86
925.34 1391.75 2059.74 3443.66 3554.86 2312.04
317.11 536.03 612.33 3909.06 1319.47 627.6
617.23 903.24 1023.23 3255.0 1959.25 1314.55
369.7 514.45 725.97 1045.91 956.77 642.7
802.4 1120.87 1611.29 2655.76 2330.24 1487.88
872.4 1244.7 1842.53 3040.94 3399.79 2126.12
841.29 1219.39 1815.45 3431.24 2570.83 1501.41
878.68 1286.26 1832.18 2984.29 2126.58 1300.38
649.15 967.16 1373.37 2851.06 2059.06 1301.86
267.31 522.46 261.87 5171.25 1142.1 439.56
599.66 878.43 1237.22 2275.12 2071.86 1323.54
617.09 818.31 1016.82 2082.99 1805.23 1363.96
172.09 390.59 211.56 4753.16 1160.84 495.86
958.87 1410.61 2093.4 3231.97 3447.93 2220.67
835.19 1206.86 1745.92 2736.02 2928.36 1938.14
522.78 692.98 892.54 1512.38 1517.99 1112.7
755.03 1201.88 1573.79 4009.72 2983.11 1857.71
116.87 136.32 138.68 438.94 212.66 149.24
735.88 1045.82 1461.56 2541.86 2377.63 1585.21
433.39 599.89 859.24 1282.02 1411.31 935.97
739.2 1111.97 1512.41 3486.86 1948.28 1143.48
815.01 1153.06 1670.82 2767.86 2668.09 1650.28
701.76 1007.49 1428.2 2220.51 2182.8 1509.54
645.82 914.34 1314.44 2044.92 2021.01 1327.75
926.46 1342.92 1981.75 3419.16 3111.17 1828.94
847.43 1268.0 1868.71 3184.59 2755.74 1796.85
645.53 895.86 1165.32 2167.38 1750.52 1200.6
398.45 602.8 778.59 2346.7 1267.98 766.03
862.55 1230.44 1701.99 2768.83 2241.77 1427.69
862.07 1220.89 1698.1 2710.52 2588.4 1709.54
400.76 620.16 732.15 3695.54 1607.57 898.64
431.73 543.76 617.73 1122.99 1240.42 1018.56
915.18 1333.27 1957.08 3278.26 3367.57 2162.82
596.43 809.05 1090.68 1718.08 1900.82 1372.87
917.16 1341.51 1977.2 3068.04 3130.06 2032.43
893.49 1308.08 1862.73 3035.95 2167.0 1327.13
803.38 1186.73 1716.04 3483.38 2758.2 1712.49
498.75 649.42 800.68 1412.11 1482.29 1120.04
634.85 899.95 1250.01 1992.29 1575.88 984.91
702.14 1011.0 1408.13 2972.27 2338.09 1520.96
653.92 960.49 1418.06 2072.19 1861.19 1187.73
814.6 1240.04 1802.32 3428.37 2537.52 1553.42
205.47 421.03 370.81 4497.02 1395.92 593.81
964.48 1443.05 2164.94 3237.73 2908.76 1825.28
678.43 967.62 1343.83 2221.01 1707.91 1060.59
502.21 696.2 990.74 1548.99 1220.3 778.73
657.19 997.04 1277.77 3358.55 1870.94 1088.05
308.13 408.51 560.92 849.8 679.71 451.21
935.87 1361.45 2076.0 3442.14 3822.29 2291.02
717.01 1029.09 1470.02 2299.62 2132.13 1328.29
621.43 797.22 947.07 1601.65 1752.5 1463.01
653.59 850.83 1044.63 1748.34 1884.96 1515.44
395.74 666.76 761.61 4356.92 1630.39 799.72
869.65 1252.96 1879.63 3105.78 3483.46 2135.26
824.21 1205.55 1782.57 2742.19 2924.08 1887.52
960.21 1390.0 2058.9 3154.89 3484.24 2257.18
141.58 269.7 202.44 3463.44 758.21 351.69
967.01 1446.82 2163.09 3340.26 3682.83 2411.87
570.82 894.59 1053.51 3523.96 1889.15 1076.97
669.33 983.67 1460.54 2131.73 1942.6 1233.14
239.69 345.45 416.75 1668.18 777.95 462.14
660.44 893.05 1192.49 2012.19 1932.4 1375.66
888.41 1293.08 1840.75 3158.76 2739.18 1693.63
699.4 985.79 1375.09 2205.92 2287.26 1572.64
911.52 1297.59 1941.69 3159.96 2632.08 1561.53
843.13 1184.54 1664.15 2635.04 2652.7 1820.16
715.08 1029.85 1507.9 2809.44 2383.15 1402.09
449.67 802.37 720.6 4540.8 1646.34 820.56
781.34 1148.11 1611.67 3268.51 3026.24 1928.93
655.41 930.63 1362.13 2063.24 2434.35 1603.72
910.65 1374.62 2019.92 3537.93 3519.6 2278.43
836.19 1164.72 1627.2 2555.44 2980.85 2082.52
815.83 1146.12 1684.21 2633.75 2402.87 1504.52
681.73 897.57 1129.94 1886.75 1857.12 1455.2
170.54 206.73 253.5 351.97 316.93 236.21
569.46 785.28 1087.42 1711.02 1889.2 1305.72
156.82 350.64 239.04 4648.68 1247.84 525.69
616.44 836.52 1113.92 1822.67 2101.22 1512.42
471.51 618.75 759.07 1390.96 1281.82 973.14
736.91 1087.5 1621.85 3228.41 3099.24 1817.09
534.31 852.36 1147.38 3902.72 1991.78 1115.92
598.04 823.86 1093.49 1890.21 1964.39 1400.47
420.93 598.71 724.35 2626.49 1505.45 992.99
118.63 243.81 165.54 3532.76 895.34 359.89
785.0 1129.7 1659.26 2598.18 2806.77 1821.56
185.78 216.06 238.7 359.89 395.1 338.94
239.01 417.92 408.31 3965.01 1415.9 704.44
102.08 103.15 105.01 107.86 106.84 103.81
808.81 1178.73 1701.83 2681.33 2957.13 2000.64
652.75 885.43 1162.21 1903.75 2141.45 1580.52
811.38 1234.07 1795.02 3622.94 3182.08 2042.82
121.82 319.91 98.78 5202.1 1078.77 430.97
233.46 302.77 422.25 638.09 703.91 449.15
950.0 1426.46 2148.78 3202.0 3046.0 1978.84
524.6 800.37 1036.92 3294.17 1779.85 1037.05
515.56 827.54 1084.17 4056.14 1849.45 1040.18
745.79 1053.95 1493.73 2358.17 2370.52 1597.14
945.76 1368.62 2012.69 3129.4 3075.32 1977.23
701.68 1025.13 1424.88 3508.28 2021.53 1210.58
684.45 1048.2 1336.88 4246.32 2392.32 1313.31
670.63 952.13 1338.45 2108.79 1986.18 1273.32
697.27 1020.27 1419.28 3458.91 2171.72 1256.89
574.87 892.28 1162.48 3859.41 1668.08 912.21
602.52 954.16 1151.62 4253.66 2273.63 1309.64
360.83 494.56 677.87 1291.14 934.53 570.24
181.6 277.27 304.17 1736.76 785.76 415.4
914.45 1313.29 1833.11 2967.53 2365.47 1479.26
217.45 274.1 360.1 523.12 427.14 298.19
916.67 1331.53 2027.34 3337.63 3739.31 2248.85
510.83 704.84 828.26 1970.18 1457.08 1048.08
878.99 1334.53 1923.95 3560.06 2692.66 1650.25
740.49 1090.53 1649.68 3055.96 2327.5 1310.51
273.11 351.01 458.28 689.29 790.34 571.8
652.37 922.73 1280.21 2019.62 2008.24 1418.11
494.54 698.77 1051.54 1590.95 1398.2 822.88
805.7 1157.88 1667.76 3274.3 2410.45 1431.8
934.75 1359.16 2013.86 3179.71 2939.69 1896.37
300.0 395.14 553.88 854.12 724.02 460.19
828.83 1211.86 1766.85 2656.28 2472.52 1617.56
741.59 1044.59 1422.2 2315.35 1937.75 1278.13
689.49 919.11 1173.07 1928.21 2108.87 1625.98
474.22 662.56 926.65 1391.9 1368.55 965.86
664.65 908.41 1164.23 1957.81 1936.94 1436.82
399.66 579.64 639.77 3226.11 1472.3 966.7
730.2 1020.83 1401.95 2738.49 2383.91 1555.4
509.96 651.7 748.52 1330.3 1516.46 1260.37
369.59 494.67 507.6 1875.16 1179.56 888.55
800.73 1177.87 1736.85 2578.18 2374.8 1528.42
430.3 687.24 858.26 4270.03 1668.82 857.81
942.8 1348.24 2050.25 3143.19 2789.52 1654.98
874.79 1294.53 1900.34 3202.28 3036.03 1935.62
653.05 1012.89 1185.86 4241.35 1890.38 1038.98
765.28 1114.92 1660.99 3006.88 2396.1 1406.24
440.58 557.84 645.8 1162.2 1253.29 1012.98
541.26 784.9 1154.5 1674.71 1528.13 978.25
88.27 217.44 102.25 4621.98 985.41 387.38
446.93 566.89 658.1 1189.96 1287.98 1033.16
727.4 1064.79 1447.02 2920.06 1967.93 1183.37
848.23 1252.43 1844.5 3112.4 2953.19 1879.96
893.38 1320.78 1954.09 2901.4 2678.56 1722.63
567.24 881.2 1156.61 4175.55 2023.3 1100.28
481.09 673.86 918.3 1707.73 1468.73 1002.56
636.66 868.69 1168.46 1899.68 2195.32 1566.4
98.37 300.77 167.76 4264.27 1135.58 447.48
567.39 782.11 1122.39 1825.63 1572.32 991.04
561.74 784.45 1122.59 1763.48 1386.13 879.19
296.02 390.32 553.59 807.79 725.53 461.66
274.26 370.71 514.67 720.46 654.08 442.2
548.83 759.59 1039.91 1661.0 1786.46 1246.74
258.22 377.13 449.09 1835.61 796.4 441.77
923.45 1331.19 1983.96 3307.26 3091.54 1822.97
546.71 833.86 1053.23 3047.7 2040.57 1288.35
938.47 1366.64 1917.5 3088.25 2682.83 1729.58
849.56 1220.98 1803.31 2749.5 3250.33 2129.35
376.12 517.97 760.11 1203.94 1338.93 822.66
356.72 484.94 684.64 1010.2 1109.76 743.73
680.02 953.6 1296.67 2060.32 2112.37 1538.09
317.86 432.84 607.26 898.78 912.96 612.58
416.34 573.57 848.71 1270.88 1130.28 677.88
647.41 936.79 1330.6 2928.2 1944.68 1124.48
834.23 1187.09 1656.07 2651.31 2535.87 1658.66
312.32 406.95 538.0 856.0 857.09 593.49
676.89 979.74 1442.42 2716.73 2713.71 1641.88
622.86 796.06 942.93 1600.41 1792.25 1490.41
435.15 548.3 627.87 1136.73 1235.03 1006.79
754.19 1073.31 1617.15 2493.33 2238.1 1334.73
458.44 772.9 740.81 4960.55 1624.6 777.72
841.65 1198.43 1816.19 2777.95 2466.73 1468.35
612.57 871.84 1238.13 1927.31 1788.17 1120.39
658.02 893.27 1142.01 1923.96 1825.22 1344.38
594.99 867.84 1020.95 2867.17 1638.81 1052.16
700.05 1081.41 1400.56 3829.61 2239.12 1250.67
425.85 707.01 768.57 4459.44 1581.92 825.77
180.61 250.93 266.18 1222.25 475.37 278.77
805.9 1151.7 1633.44 2581.51 2789.82 1895.99
221.59 457.48 441.82 4145.76 1556.49 762.81
852.2 1191.7 1672.88 2698.7 2244.37 1503.73
867.74 1243.3 1778.36 2786.44 2990.84 2020.2
774.79 1066.22 1422.21 2306.64 2282.21 1616.57
762.64 1152.86 1608.84 3583.45 2404.71 1339.76
356.29 482.48 686.31 1079.58 1027.13 635.05
788.19 1087.82 1484.59 2378.04 2430.17 1731.84
721.57 1017.27 1510.61 2443.72 2039.4 1219.43
979.21 1465.67 2191.72 3385.53 3732.89 2444.44
339.82 492.12 612.85 1923.88 1191.55 755.01
649.36 885.85 1189.55 1978.26 1740.85 1223.88
195.49 439.36 319.99 4751.56 1409.76 632.1
526.7 804.62 1013.61 2849.67 1779.2 1076.68
799.9 1097.88 1540.77 2439.12 2321.46 1579.72
562.27 792.02 1194.08 1810.99 1605.54 944.45
933.92 1373.98 2041.43 3157.36 3211.75 2062.2
717.16 1014.82 1466.77 2323.37 1819.02 1141.45
554.97 728.68 885.95 1522.47 1697.49 1348.31
948.78 1421.28 2126.07 3231.91 2865.61 1794.36
511.55 825.4 1015.4 4195.01 2152.08 1232.83
248.21 353.04 421.58 1257.12 650.58 396.13
439.79 726.74 933.6 3879.3 1824.09 939.14
748.79 1170.42 1673.64 3816.33 2592.36 1580.12
721.19 1067.31 1468.94 3138.91 2626.69 1704.62
254.03 609.34 188.95 5382.96 1297.66 540.6
523.47 733.31 1062.3 1596.87 1879.81 1246.5
777.82 1195.06 1702.7 3624.79 3121.83 1983.76
908.29 1311.97 1940.74 2965.75 3279.21 2126.77
182.27 330.31 262.44 3132.79 838.72 406.02
634.85 892.93 1188.74 2176.58 1650.19 1115.5
523.43 804.54 1045.55 3857.4 1756.91 961.88
294.1 379.64 492.03 755.48 828.39 604.2
253.67 436.71 423.11 3303.94 1183.87 624.3
977.93 1411.17 2086.75 3196.78 3781.11 2478.59
177.4 218.25 280.22 383.79 388.83 282.11
457.83 587.65 693.45 1220.86 1305.95 1046.25
875.96 1278.57 1880.99 3209.97 2796.27 1789.15
484.76 784.26 829.54 4516.62 1648.27 816.14
605.41 909.98 1244.77 3344.72 2423.13 1562.9
877.35 1243.22 1779.57 2860.3 2307.97 1486.6
265.9 357.5 496.46 692.04 636.93 430.19
285.56 473.34 471.67 3823.6 1351.89 762.33
735.34 1002.5 1328.76 2148.96 2335.72 1727.38
468.05 659.05 927.66 1437.09 1580.09 1087.43
857.34 1222.2 1832.64 2849.37 2580.95 1559.64
933.78 1340.13 1989.91 3262.79 3104.94 1854.1
690.11 981.69 1458.36 2277.09 2049.37 1249.18
472.76 606.93 730.66 1282.35 1349.08 1056.85
615.96 841.52 1084.64 1833.4 1753.65 1271.95
321.12 533.81 612.24 4486.27 1733.18 941.44
875.25 1244.49 1874.94 2885.87 2578.82 1552.38
514.29 709.27 967.16 1527.49 1659.3 1170.58
390.36 534.44 739.16 1132.99 1210.3 830.09
923.18 1369.44 1995.71 3335.44 3337.45 2136.08
793.22 1130.75 1544.6 2525.52 2262.82 1519.83
760.18 1068.67 1510.36 2379.78 2631.39 1787.96
213.99 396.72 396.35 4058.67 1329.8 625.23
266.29 471.63 511.0 4302.57 1220.34 579.31
418.0 679.34 847.0 4062.42 1741.7 992.38
647.1 891.99 1164.22 1954.03 1843.72 1317.09
693.21 965.41 1350.83 2363.34 2113.54 1393.46
514.79 724.14 1051.86 1589.91 1503.82 990.72
331.51 427.22 530.06 849.67 939.19 725.67
311.47 423.59 575.08 889.49 646.65 418.32
873.25 1259.01 1891.04 3124.16 3503.31 2143.97
765.53 1146.77 1619.12 3358.19 2719.73 1718.64
522.75 729.32 1023.35 1578.36 1691.01 1157.53
928.4 1336.3 1995.14 3266.31 3096.76 1829.46
727.92 1054.04 1616.17 2631.71 2941.38 1742.75
527.26 711.39 951.08 1586.06 1616.56 1124.98
503.48 815.1 880.15 4553.07 1855.62 938.72
857.67 1278.97 1773.91 3368.6 2111.54 1245.57
446.73 786.2 650.93 4923.63 1713.25 900.67
728.44 1030.72 1360.29 2565.77 1992.94 1332.8
935.25 1342.38 1872.98 3027.19 2419.23 1519.86
217.97 283.26 380.71 520.01 475.08 331.65
531.8 693.33 830.71 1435.98 1576.51 1257.7
464.29 757.71 870.32 4469.03 1943.53 1002.95
572.48 826.98 1077.47 2521.88 2068.71 1409.94
349.39 638.44 430.26 4051.26 1350.29 722.78
679.64 1000.45 1479.27 2163.79 1942.99 1238.24
421.69 647.22 571.58 3733.3 1411.85 856.12
669.97 941.12 1393.5 2249.14 1878.39 1126.5
288.57 518.31 508.5 3825.93 1415.39 705.45
712.08 954.85 1271.95 2062.64 2053.88 1497.07
616.8 786.2 929.24 1581.71 1726.81 1441.18
396.13 524.16 592.66 1848.41 1254.6 926.65
471.42 648.12 942.92 1500.5 1258.9 768.92
669.72 965.16 1308.64 2742.05 2208.21 1450.31
569.25 858.46 1130.75 3355.53 2313.29 1439.77
881.25 1273.9 1933.19 3183.89 2686.46 1557.05
258.48 319.21 374.65 596.29 656.79 534.27
272.34 409.59 415.91 2927.84 1163.26 720.51
265.16 441.93 442.58 2963.53 1037.08 536.07
455.85 720.32 868.95 4004.57 1499.51 815.76
820.66 1168.24 1695.99 2696.24 2107.31 1316.11
666.3 880.27 1100.21 1827.12 2026.52 1604.99
335.41 420.32 492.88 840.98 925.48 740.38
442.83 562.45 649.64 1168.86 1290.95 1047.47
534.18 692.95 821.22 1430.81 1623.54 1316.38
239.61 397.92 372.99 2928.43 919.78 480.23
773.51 1123.3 1726.24 2815.51 3147.66 1862.01
747.84 1071.28 1524.82 2941.25 2528.11 1537.44
671.41 929.52 1220.9 2053.61 1782.96 1280.3
780.71 1149.43 1623.71 2973.6 1928.97 1156.49
718.59 978.06 1282.51 2087.4 2311.52 1745.25
498.62 832.62 913.64 4268.23 1700.06 901.31
675.41 965.84 1420.47 2166.88 2047.45 1335.65
973.72 1474.82 2245.56 3328.39 3144.18 2011.34
592.1 869.59 1155.85 2656.19 2190.23 1467.45
935.43 1358.0 1955.01 3078.29 2851.5 1763.11
469.23 673.59 978.59 1414.63 1273.98 825.06
538.39 819.18 1132.04 3719.72 1954.6 1049.9
536.77 747.58 1102.61 1692.71 1527.6 932.42
92.36 248.29 72.73 4910.2 912.06 327.51
520.46 765.17 1069.67 2582.54 1661.07 948.47
167.65 384.79 154.81 5131.5 1182.37 468.09
436.4 747.36 696.15 4993.31 1578.22 733.58
533.61 818.94 1126.19 3035.55 1720.33 1024.11
784.7 1086.04 1500.56 2381.64 2753.55 1943.2
574.73 836.84 1234.48 1794.15 1636.45 1044.86
723.52 987.29 1299.71 2111.96 2338.41 1758.48
684.54 1049.01 1494.13 3400.2 2153.58 1308.32
480.66 645.49 845.7 1343.18 1482.36 1112.71
414.28 680.46 763.64 3936.05 1615.37 871.93
416.12 603.45 825.13 2066.99 1440.31 910.68
866.96 1254.81 1851.44 2865.61 2807.08 1792.04
583.0 775.83 988.76 1664.93 1741.29 1316.12
620.19 962.71 1217.21 3826.9 2297.23 1359.76
375.88 610.97 788.56 4311.34 1991.08 1038.42
590.7 881.07 1053.32 3304.72 2076.06 1340.06
529.69 767.48 1122.46 1705.86 1875.64 1245.75
895.31 1260.77 1861.24 2888.48 2632.62 1650.69
195.09 467.91 232.58 4998.92 1189.72 491.91
744.14 1105.68 1538.57 3432.11 2453.95 1455.06
631.53 896.98 1310.46 1984.5 2190.63 1432.79
905.87 1305.17 1954.59 3310.88 2726.88 1610.31
779.04 1149.8 1655.58 3653.1 2759.29 1579.12
674.38 914.9 1236.12 2011.51 1999.48 1418.0
588.62 842.74 1150.45 2465.98 1590.79 996.54
685.35 962.57 1335.32 2149.05 2231.95 1543.25
292.22 372.8 471.56 749.52 682.54 508.21
589.81 862.97 1273.36 1889.56 1803.85 1189.84
680.21 985.72 1448.01 2216.82 2362.54 1532.09
327.47 436.9 626.38 921.36 825.91 519.69
869.02 1262.65 1759.8 3401.65 2307.41 1413.36
657.18 896.02 1144.08 1927.35 1916.34 1428.23
665.72 908.94 1184.02 1963.29 2004.22 1451.15
306.85 561.92 386.0 4750.58 1266.02 559.02
129.95 144.2 167.97 212.93 193.45 153.94
609.88 852.7 1149.91 1848.56 1674.1 1152.97
283.82 368.33 472.52 708.33 712.18 535.29
438.13 611.59 835.78 1307.82 1139.85 752.91
520.9 816.01 1061.85 3690.4 2099.18 1235.94
460.47 705.66 903.79 3270.42 1589.93 911.35
669.81 1016.11 1398.57 3794.67 2853.2 1752.93
662.44 933.71 1345.59 2126.24 1666.6 1049.11
861.29 1228.44 1698.83 2764.03 2238.79 1426.45
179.21 219.26 280.88 385.62 379.58 274.75
184.71 353.0 322.82 4548.97 1189.54 554.29
667.0 932.5 1313.76 2059.61 2275.82 1548.85
821.51 1169.51 1697.88 2699.32 2109.68 1317.55
227.49 288.14 389.32 580.71 497.78 329.6
445.01 564.53 647.91 1171.38 1259.33 1024.25
871.87 1339.41 2001.83 3540.82 2929.52 1831.45
385.54 634.37 755.11 3378.22 1768.75 1027.84
708.59 1057.67 1515.69 3071.51 2632.84 1651.01
665.06 934.89 1222.87 2261.46 1927.23 1334.35
674.37 938.84 1329.8 2244.02 2502.63 1630.31
395.46 561.94 777.6 1517.1 1320.34 856.74
332.51 455.22 641.36 952.49 967.62 647.05
692.19 1088.37 1356.21 4125.81 2477.79 1375.08
323.95 498.69 562.16 2668.9 1364.15 817.92
240.99 384.32 416.35 2589.57 909.07 463.47
975.35 1418.65 2098.89 3270.99 3192.95 2032.24
276.14 365.23 491.1 727.93 680.11 450.64
413.24 579.26 613.36 2832.08 1392.19 1008.93
419.25 602.68 885.25 1280.5 1212.43 797.59
412.17 668.26 864.65 4013.23 1717.17 853.9
446.98 693.28 925.17 3306.83 1622.91 940.14
202.67 282.61 329.63 999.59 591.51 377.48
151.27 175.66 216.35 293.32 259.97 192.34
779.63 1075.46 1410.99 2322.72 2207.14 1605.06
338.49 675.89 338.01 5754.45 1375.02 563.4
811.9 1234.79 1796.26 3622.22 3183.8 2044.08
522.58 844.32 1071.78 4051.57 2231.77 1330.95
578.24 772.89 993.39 1580.46 1608.81 1241.75
350.1 646.28 453.24 5300.97 1413.58 634.94
483.2 627.9 751.77 1279.02 1404.58 1134.87
924.9 1342.65 1991.68 3100.38 2900.53 1875.23
907.12 1369.75 2027.48 3366.84 2800.1 1735.54
410.73 665.37 844.83 3863.21 1912.13 1059.89
890.98 1267.45 1908.57 2937.75 2631.65 1588.48
836.67 1203.37 1773.56 3350.21 2500.17 1458.1
566.12 831.29 1145.34 2655.41 2213.26 1401.16
878.12 1282.47 1790.35 3270.61 2704.93 1667.44
744.95 1079.68 1548.88 2335.17 2179.08 1459.66
915.91 1325.08 1841.8 2981.91 2629.7 1725.89
898.25 1281.85 1858.81 2878.38 3396.58 2272.36
142.98 326.45 137.07 4595.56 964.57 390.51
898.2 1303.18 1907.44 3083.45 2812.81 1824.94
745.34 1048.62 1442.36 2334.13 2238.64 1485.01
966.9 1411.62 1986.4 3196.62 2765.97 1773.94
889.89 1289.29 1875.66 3133.47 3234.12 2101.26
141.0 264.09 205.88 2763.45 866.38 398.41
212.27 324.49 278.75 2659.99 940.18 554.5
528.28 834.39 985.21 4106.05 1733.74 937.15
426.65 579.01 795.06 1219.37 1351.84 942.54
148.92 252.93 176.75 2404.0 622.08 291.87
325.47 406.95 476.23 791.64 869.66 710.69
837.45 1209.08 1693.22 2929.09 2581.94 1637.61
911.97 1389.37 2101.5 3428.86 2996.77 1897.54
629.81 909.54 1308.98 2278.75 2031.01 1289.03
851.36 1257.71 1787.91 3494.37 2712.62 1709.6
946.8 1388.33 2135.55 3619.45 3936.51 2322.06
377.93 668.17 516.15 4481.36 1365.91 639.39
769.04 1097.19 1506.59 2491.32 1951.47 1296.8
428.03 661.45 903.1 3478.26 1610.68 846.28
933.93 1356.74 1897.01 3064.84 2673.13 1732.71
934.08 1348.48 2073.31 3186.5 2816.69 1624.67
904.07 1310.51 1821.49 3191.13 2384.72 1463.57
457.73 688.86 778.22 3255.0 1566.68 1017.33
903.48 1362.08 2021.07 3359.78 2783.27 1724.29
971.44 1401.29 2071.54 3174.69 3753.31 2460.11
831.97 1237.17 1841.76 2708.91 2427.85 1537.55
259.46 337.97 464.79 709.47 676.84 432.9
878.11 1252.62 1858.49 3154.77 2563.85 1524.62
124.15 272.28 200.36 4311.48 977.81 403.52
749.42 1106.05 1541.25 3082.84 1920.55 1157.15
848.44 1220.47 1763.89 2964.14 3054.02 2002.55
645.25 988.18 1423.12 3648.65 2247.92 1210.85
848.99 1225.77 1769.13 3002.88 3069.42 2001.46
454.59 583.35 687.62 1215.17 1309.23 1052.02
519.89 751.81 1061.0 2180.93 1705.03 1064.95
775.92 1120.97 1703.29 2789.66 3122.32 1876.28
927.03 1343.75 1972.39 3179.29 3374.32 2187.07
828.14 1171.28 1643.9 2595.78 2794.92 1932.63
868.77 1242.32 1796.68 2885.23 2697.95 1802.92
118.87 129.29 145.1 167.35 161.08 137.56
285.36 374.52 528.92 769.29 691.5 441.98
816.14 1157.24 1605.4 2577.46 2478.81 1636.38
438.36 554.55 634.03 1151.28 1224.75 1000.44
541.94 759.56 1111.05 1789.21 1698.76 1022.66
715.09 1112.04 1553.83 3835.84 2369.42 1412.97
815.5 1213.29 1644.79 3593.6 2561.2 1526.06
893.19 1347.81 1986.54 3537.71 3460.63 2239.52
969.75 1468.78 2236.56 3313.93 3130.57 2002.51
424.5 559.35 721.76 1172.55 1341.19 988.84
628.55 809.64 969.41 1628.94 1765.38 1461.77
181.18 224.22 282.38 403.08 309.86 222.2
108.43 176.67 126.36 1991.95 534.3 243.29
777.19 1142.45 1629.82 3406.62 2898.84 1849.14
507.81 812.39 1006.37 4276.47 1909.44 980.27
389.06 558.05 554.56 2525.9 1359.32 975.62
562.45 827.89 997.84 3117.33 2073.09 1329.77
145.45 169.56 202.12 269.7 217.5 168.42
506.03 694.76 941.98 1447.91 1455.63 1067.68
678.98 992.01 1412.52 3220.21 2805.07 1701.81
198.94 248.97 325.94 456.77 449.22 318.28
352.77 602.02 628.29 4256.12 1520.94 790.69
415.88 727.81 747.4 4456.53 1563.16 797.87
312.16 456.99 427.98 2913.4 1214.48 817.72
692.88 1002.37 1466.7 2263.33 2306.74 1502.04
360.5 573.89 682.91 3526.75 1626.2 924.95
524.35 730.03 1080.79 1644.88 1478.69 898.94
926.07 1330.57 1857.3 3004.64 2401.66 1505.15
859.29 1278.52 1914.5 2809.63 2557.4 1611.22
736.43 1127.91 1529.84 3804.1 2594.5 1571.18
542.21 765.88 1081.89 1676.47 1556.43 980.32
196.96 248.14 325.76 455.51 461.82 328.13
609.52 859.33 1200.39 1893.7 1782.64 1148.62
802.55 1143.87 1561.37 2556.05 2293.23 1542.35
803.97 1139.75 1559.68 2566.38 2016.21 1359.49
275.27 362.12 498.29 719.54 836.65 574.53
171.69 389.76 197.82 4730.0 1082.15 458.38
449.18 656.23 835.74 2138.26 1278.59 813.54
195.9 248.98 328.2 441.45 404.92 288.32
480.36 702.7 876.2 2853.16 1608.2 978.69
596.74 858.08 1168.07 3159.98 1970.03 1215.78
444.9 566.73 658.6 1175.78 1275.0 1034.09
888.27 1281.79 1777.14 3157.31 2341.74 1452.91
161.23 243.72 227.83 1897.82 540.78 279.42
558.07 780.27 1038.63 2205.32 1715.23 1130.07
860.24 1243.51 1730.56 2796.77 2449.46 1598.17
284.9 392.17 526.26 1013.78 861.88 567.88
538.02 697.99 829.62 1443.9 1616.38 1308.34
714.14 1023.4 1464.48 2714.9 1891.11 1163.2
562.61 719.34 816.99 1777.38 1626.75 1352.95
725.01 1045.69 1397.01 2857.72 2184.57 1451.58
476.25 646.43 850.89 1390.9 1532.31 1121.34
310.74 440.33 602.88 1337.56 1058.5 692.13
486.44 656.73 851.34 1387.98 1556.65 1168.51
585.05 777.42 985.6 1702.6 1934.98 1447.78
462.26 672.57 813.04 2585.99 1741.05 1161.66
638.33 954.75 1379.41 3801.4 2179.84 1192.03
300.95 402.59 546.19 816.38 761.83 500.04
213.51 270.92 352.04 504.66 473.84 325.96
483.85 713.65 983.24 2560.52 1573.3 978.95
559.16 773.31 1127.9 1733.52 1574.13 987.3
292.06 493.47 404.03 3539.39 1106.13 541.8
643.2 933.28 1209.42 2832.57 2111.42 1370.22
868.96 1259.09 1815.18 2733.05 2574.65 1726.84
166.46 336.68 263.31 4502.69 978.12 426.47
858.04 1310.8 1870.32 3509.22 3301.99 2125.66
535.15 751.42 1129.9 1710.61 1517.21 894.91
653.6 920.67 1279.96 1946.25 1853.59 1300.89
713.42 998.15 1367.68 2204.79 2330.13 1647.73
548.5 793.68 996.54 2637.51 1545.94 1006.43
501.73 769.3 1056.8 3844.44 1849.8 997.6
862.45 1258.8 1828.58 2775.59 2701.34 1841.4
334.19 596.62 711.7 3977.59 1618.74 777.34
266.91 354.8 487.79 708.95 750.87 511.98
583.41 822.92 1129.87 2223.0 1811.63 1171.04
234.93 305.0 425.79 644.01 710.55 452.99
531.45 752.79 1038.85 1641.17 1426.84 933.11
326.34 510.01 652.06 2996.07 1454.44 796.91
308.52 585.62 583.59 4555.92 1796.13 931.74
174.56 296.01 242.72 2582.96 741.54 375.81
389.14 491.98 593.81 957.97 1058.58 858.09
637.76 915.04 1255.47 2328.27 1639.89 1005.81
812.5 1150.56 1575.57 2577.22 2122.49 1377.97
410.74 590.31 573.82 3016.46 1436.8 999.6
586.42 904.67 1149.8 3848.89 1868.28 1033.14
503.71 773.43 1053.21 3757.77 1880.47 997.23
755.1 1098.12 1556.31 2531.28 1810.57 1112.84
739.42 1046.33 1419.92 2358.53 1900.35 1291.8
805.31 1174.12 1721.35 2698.71 2847.09 1851.12
602.9 953.9 1201.68 3688.81 1712.83 946.88
110.86 184.27 129.92 2527.44 582.08 268.8
465.69 649.53 837.37 1803.05 1266.13 837.75
876.27 1333.89 1944.8 3461.26 2717.62 1674.05
806.54 1123.26 1492.06 2446.33 2287.63 1631.21
275.77 507.75 502.72 4397.95 1317.76 593.83
763.58 1082.8 1635.52 2496.04 2217.58 1324.3
902.11 1304.68 1989.61 3206.75 2746.27 1586.09
504.96 802.97 1076.01 4125.51 1903.8 1071.9
399.58 638.0 727.96 3621.55 1763.51 1020.9
166.68 328.18 213.05 2939.32 778.89 352.16
225.36 279.81 338.02 519.88 479.19 374.46
585.73 881.58 1198.12 3899.73 1955.4 1072.65
874.78 1277.18 1970.78 3223.84 3605.94 2126.97
964.45 1419.63 2108.39 3253.83 3470.94 2233.66
887.39 1258.6 1883.12 2915.66 2622.69 1597.9
724.38 996.5 1363.27 2164.09 2157.7 1555.56
285.86 622.9 255.75 5029.74 1308.92 598.44
922.11 1333.68 1908.77 3018.57 2810.07 1755.07
560.78 799.29 1211.28 1841.24 1616.14 944.23
281.86 357.57 452.49 687.4 708.67 539.36
829.03 1197.7 1764.82 2728.84 2673.21 1708.36
518.21 718.41 903.25 1925.78 1565.71 1124.52
289.79 385.77 533.42 784.39 769.9 518.72
349.3 521.32 668.95 2395.34 1209.44 694.22
883.57 1299.88 1897.63 2966.27 3282.22 2204.52
541.17 739.14 1032.93 1691.56 1885.29 1260.01
511.0 653.28 750.67 1332.21 1509.27 1256.4
630.48 898.8 1277.9 1991.16 1847.15 1156.05
857.83 1247.07 1896.58 3330.75 2653.08 1511.98
419.29 710.2 827.77 4401.12 2052.3 1078.5
491.21 687.73 969.92 1497.57 1544.83 1047.11
929.59 1346.99 1988.64 3112.98 3378.96 2185.66
780.62 1141.42 1744.32 3056.01 3226.57 1895.37
460.73 641.46 718.83 2678.31 1602.25 1139.72
715.96 1002.47 1375.4 2215.73 2340.27 1652.53
308.16 468.49 440.91 3349.97 1311.35 810.15
426.9 535.48 602.8 1103.35 1201.18 992.68
503.91 696.3 876.33 1982.47 1751.73 1244.64
675.9 942.06 1245.95 2658.23 1917.8 1310.38
293.77 555.77 527.62 4556.84 1770.23 907.37
840.7 1197.78 1674.2 2677.74 2556.3 1666.63
778.33 1141.96 1700.42 3247.61 2433.81 1406.56
771.76 1102.53 1636.79 2667.6 2530.11 1502.44
520.72 734.84 1020.05 1743.69 1675.87 1133.27
358.46 561.15 543.31 2927.35 1358.36 864.83
807.21 1163.98 1680.35 2642.52 2711.82 1798.24
605.88 867.74 1320.05 2011.68 1764.54 1026.86
273.78 429.88 438.75 2622.49 987.91 557.06
771.63 1116.23 1598.45 2706.55 2610.84 1724.28
561.67 758.15 985.12 1648.18 1744.88 1284.44
298.11 490.29 479.44 3610.18 1414.23 809.23
794.9 1140.6 1633.18 2574.8 2759.4 1845.95
801.63 1166.68 1721.47 3258.61 2481.21 1441.67
920.77 1345.82 1884.95 3138.95 2643.52 1691.05
590.18 781.78 982.4 1625.53 1560.49 1194.84
699.94 927.22 1205.0 1968.32 1995.45 1505.36
728.74 1101.66 1596.34 3297.72 2455.9 1565.61
590.86 817.31 989.35 2471.41 1904.85 1385.84
650.64 947.39 1365.89 2410.05 2201.14 1419.09
575.8 769.69 994.09 1692.42 1776.5 1297.93
761.06 1059.95 1521.91 2517.58 2191.23 1391.32
551.98 851.33 1027.27 3695.55 1861.5 1106.24
809.15 1188.44 1707.37 2944.37 3017.56 2028.5
823.77 1185.93 1735.41 3106.11 2759.63 1641.54
295.61 393.17 555.19 864.45 957.84 612.52
529.63 730.24 976.82 1586.61 1280.53 891.64
667.93 997.34 1324.87 3378.49 2142.43 1316.5
651.74 903.34 1208.06 2061.53 1951.01 1334.65
362.95 587.19 718.76 4172.56 1775.27 977.34
450.91 573.49 668.18 1193.11 1318.25 1060.69
201.12 251.23 329.79 457.45 525.01 373.78
653.72 1008.98 1362.75 3812.92 2458.74 1480.3
819.25 1177.0 1624.63 2799.39 2152.94 1349.25
583.19 880.4 1199.14 3231.72 2360.83 1338.52
485.99 676.83 987.32 1607.39 1790.73 1117.67
611.25 927.89 1049.34 3867.8 1789.82 1057.77
761.19 1083.15 1545.1 2504.73 2442.65 1623.0
751.73 1055.13 1487.34 2347.33 2595.48 1768.07
832.87 1172.19 1616.53 2587.53 2488.42 1667.9
414.69 680.6 815.88 3912.38 1745.87 995.89
442.86 618.75 846.08 1324.72 1154.4 762.05
319.89 428.88 572.8 877.97 706.77 463.81
853.97 1257.01 1824.14 3448.97 2897.95 1806.3
560.58 905.64 1002.61 4637.11 2000.01 1094.43
375.84 615.95 593.55 3779.39 1342.28 666.48
489.03 635.32 766.13 1341.78 1410.14 1093.46
202.94 254.15 282.24 642.19 427.42 321.64
655.14 903.44 1235.1 1997.04 1981.06 1403.51
616.55 970.3 1160.84 4340.77 2087.27 1195.99
141.43 324.76 137.36 4609.49 985.69 400.36
862.05 1267.75 1862.97 2784.81 2576.97 1668.71
486.65 643.91 696.37 1644.38 1494.56 1201.81
928.01 1348.51 1973.66 3215.39 3046.69 1948.98
740.63 1002.26 1290.72 2139.37 1985.17 1468.84
856.5 1279.12 1850.88 3511.48 3167.09 2004.2
909.68 1368.27 2024.02 3253.54 2769.34 1730.26
776.65 1127.41 1541.26 2755.39 2007.39 1228.01
745.5 1118.94 1538.77 3552.67 2499.97 1472.29
570.96 825.32 1103.07 2359.05 1887.76 1235.81
798.86 1123.38 1651.24 2574.18 2361.4 1480.3
790.32 1159.86 1714.42 3416.49 2489.48 1418.33
933.65 1346.74 1994.41 3046.76 3603.78 2357.04
893.58 1304.37 2013.92 3098.89 2711.19 1553.99
697.76 997.55 1428.61 2236.09 2393.68 1598.19
606.27 878.67 1221.54 3002.81 1949.01 1161.73
545.14 751.31 1003.16 1816.49 1910.13 1345.32
214.68 409.78 369.18 4645.83 1189.07 514.9
793.56 1159.6 1714.86 2642.94 2688.08 1731.81
691.84 983.26 1453.96 2362.14 2241.01 1335.6
617.51 959.19 1114.27 4151.6 1811.66 983.67
696.81 1040.16 1390.44 3338.54 2257.4 1363.9
388.55 527.02 758.38 1149.17 1043.81 654.38
624.51 930.15 1168.21 3140.94 1693.32 986.38
479.03 625.47 801.14 1325.37 1473.73 1101.02
719.96 1050.04 1490.83 2457.76 1711.89 1037.41
278.7 364.04 488.96 727.12 705.13 500.69
553.72 881.37 1131.99 4130.35 2219.17 1302.32
556.46 907.18 1229.67 3736.86 2081.79 1178.59
546.09 756.47 911.92 2572.15 1769.4 1243.78
868.52 1236.69 1703.73 2772.62 2277.91 1470.63
554.72 803.14 934.7 2962.2 1860.68 1241.88
510.74 731.0 968.63 1960.2 1450.89 948.49
179.86 220.24 282.36 387.96 381.86 276.18
437.92 704.88 864.25 3986.92 1385.15 732.56
517.07 817.8 984.23 3933.51 2122.53 1144.62
403.35 544.58 576.79 2132.03 1329.6 1020.98
732.57 1008.8 1405.29 2339.19 2134.54 1432.68
787.31 1128.11 1611.93 2544.41 2727.55 1828.58
818.95 1169.76 1646.23 2510.27 2378.02 1648.12
638.8 894.95 1301.24 2195.39 1810.95 1108.46
794.41 1176.17 1685.56 3659.23 2817.72 1617.89
962.0 1398.0 2014.0 3173.0 2939.0 1816.0
69.0 191.5 59.0 4653.5 930.0 346.0
134.0 394.5 95.5 5146.0 1087.0 409.5
969.0 1403.0 2079.0 3181.0 3518.0 2279.0
155.0 368.0 123.0 5163.0 1156.0 447.0
89.8 263.8 87.2 4769.8 1060.5 381.0
971.0 1390.0 2115.5 3245.0 2879.5 1707.0
122.0 299.0 89.0 4632.0 914.0 354.0
72.0 203.8 71.8 4231.5 957.5 341.5
907.5 1325.5 2047.5 3151.5 2757.0 1579.5
948.0 1357.0 1978.0 3155.0 2462.0 1531.0
56.8 180.8 53.0 4412.8 873.5 325.0
119.5 322.5 80.5 4825.8 970.8 371.8
948.0 1376.0 2046.0 3146.0 2970.0 1921.0
911.0 1341.0 1922.0 3127.8 2196.5 1320.8
985.0 1493.5 2276.8 3372.5 3183.8 2033.8
76.2 218.5 55.5 4643.8 764.8 282.8
962.5 1390.0 1954.5 3151.5 2480.0 1527.0
959.5 1435.2 2145.2 3160.2 2832.8 1787.8
88.5 243.0 63.5 4918.0 903.5 321.0
978.0 1422.0 2105.0 3266.0 3199.0 2037.0
79.2 209.2 66.0 4931.0 970.2 374.0
222.2 574.0 104.8 5481.0 1198.8 463.2
992.0 1434.0 2127.0 3253.0 3849.0 2515.0
980.5 1432.2 2016.0 3245.2 2807.8 1800.2
966.0 1422.0 2112.0 3259.5 3477.0 2237.5
109.2 304.0 68.8 5231.2 1052.0 412.0
978.0 1434.0 2220.0 3640.0 4073.0 2397.0
81.5 229.5 75.0 4588.5 1023.0 369.5
937.0 1353.0 2081.0 3198.0 2826.0 1629.0
924.0 1316.0 1970.0 3207.0 2671.0 1584.0
102.5 315.2 89.5 4914.0 1200.8 467.0
980.0 1467.0 2194.0 3388.8 3736.5 2446.5
955.0 1376.0 2056.0 3368.0 3193.0 1885.0
977.5 1462.0 2197.0 3231.5 2940.0 1846.5
939.0 1381.8 2053.5 3176.2 3230.8 2074.0
265.0 540.0 222.0 5608.0 1151.0 427.0
83.0 265.0 84.5 4714.5 1156.5 420.5
245.0 494.0 207.0 5231.5 1090.0 397.0
304.0 635.0 236.5 5868.5 1229.5 464.5
138.0 335.0 114.0 4964.0 1063.0 407.0
53.8 244.8 74.8 4340.2 1057.2 381.2
420.0 524.0 584.0 1074.5 1187.0 988.0
504.0 642.0 731.0 1303.0 1494.0 1252.0
602.0 760.0 876.0 1507.0 1676.0 1432.5
100.0 100.0 100.0 100.0 100.0 100.0
