197.41 454.92 218.41 4812.46 1229.41 613.14
634.34 984.26 1350.08 3665.44 2402.58 1421.3
313.52 426.38 497.32 1604.04 1049.34 791.05
228.31 508.8 314.01 4921.28 1297.94 569.7
370.54 542.38 700.11 1700.23 1031.84 652.14
247.71 481.91 252.41 3387.33 993.02 563.5
297.86 533.77 401.19 4502.56 1443.59 843.61
124.92 315.08 99.36 4977.34 1049.4 443.9
723.7 1009.55 1284.49 2664.08 2594.01 2368.12
911.19 1318.72 1955.26 3446.37 3077.25 1805.93
694.15 913.34 1200.64 2116.47 2591.06 2438.23
313.59 512.13 571.9 3965.47 1347.69 711.13
565.25 857.64 906.07 3141.6 1957.39 1622.16
250.65 491.68 358.52 4920.62 1409.12 645.49
137.48 300.09 190.97 4541.94 915.21 388.94
214.0 341.63 278.66 2863.13 994.29 616.08
99.1 275.14 107.14 4747.86 1079.9 399.74
857.81 1233.08 1834.41 3062.07 2855.02 1686.71
480.63 714.18 967.47 2624.23 1709.65 1504.7
286.09 546.71 488.7 3980.44 1275.02 628.32
113.99 259.59 86.01 3489.68 724.6 294.95
137.7 283.72 115.77 3570.89 823.93 337.88
397.44 600.39 630.28 3667.48 1716.23 1277.15
93.54 224.13 92.45 4023.65 939.88 371.5
103.85 185.4 86.94 2248.09 498.54 230.61
450.35 713.89 939.88 3988.99 1800.36 912.53
597.43 925.11 1223.87 3753.35 2289.52 1342.68
583.8 880.3 1209.79 3654.43 2155.75 1285.35
642.04 968.98 1242.4 3513.89 2023.55 1250.52
742.74 1020.83 1263.47 3017.19 2594.07 2241.54
358.75 524.56 603.09 2449.08 1376.43 1082.3
64.48 250.61 93.7 4179.33 1045.32 397.73
582.38 786.71 964.96 2842.52 2070.57 1829.56
89.96 224.87 124.35 4288.47 958.95 427.61
349.62 565.96 699.85 3827.65 1757.68 993.71
204.44 306.18 325.11 1846.7 720.75 395.46
404.95 659.13 653.98 3409.56 1325.14 722.5
435.03 740.47 829.12 4505.39 1763.39 923.48
408.51 629.29 815.17 2532.72 1727.79 1458.14
518.64 805.71 990.5 4097.06 1893.72 1087.82
847.34 1255.41 1909.39 3785.68 3621.24 2102.2
482.35 688.99 755.24 3416.68 1743.9 1284.45
573.93 847.1 1131.09 2951.78 1642.67 962.12
242.72 432.04 453.82 4031.56 1444.83 710.25
771.6 1153.5 1666.54 3517.85 2790.67 1743.02
228.69 403.73 352.49 3219.26 1222.16 766.39
580.41 787.16 965.12 3048.42 2179.34 1910.05
72.5 193.82 66.17 4566.66 921.67 346.41
487.16 757.02 1050.66 3904.46 1841.12 961.14
183.45 395.87 226.37 4864.21 1160.91 483.39
93.65 161.65 94.21 1824.17 494.75 219.75
88.86 177.99 84.94 2803.26 655.89 262.31
164.1 274.17 147.3 2368.37 537.63 231.29
204.36 406.77 258.94 4749.14 1264.24 685.18
485.51 772.14 1022.41 3940.87 1881.19 986.56
778.02 1152.74 1682.93 3597.49 2486.48 1388.69
104.05 135.04 99.46 700.42 217.44 136.83
973.74 1456.32 2186.29 3233.15 2930.98 1842.87
799.23 1166.42 1759.54 3353.82 2510.06 1420.48
127.01 333.91 96.43 4107.92 883.95 345.83
591.33 915.02 1009.29 3290.63 2063.1 1664.16
412.15 615.58 700.93 3277.02 1543.4 1060.93
959.26 1438.77 2143.13 3418.84 3668.29 2395.93
194.94 353.18 170.2 3269.39 704.76 288.16
345.75 540.7 511.14 3531.43 1406.54 938.17
515.24 747.45 848.97 2834.03 1689.68 1416.03
298.42 489.28 456.44 3789.92 1326.09 743.44
521.69 775.49 852.8 3649.84 2142.84 1749.02
100.85 172.87 96.44 1730.17 472.77 224.28
467.47 742.5 900.08 4182.02 1849.98 1081.13
392.38 517.67 532.01 2740.45 1670.85 1351.57
250.28 417.7 321.27 2949.96 780.67 363.01
580.5 906.94 1230.42 4100.66 2606.04 1448.28
233.9 453.77 338.36 4736.49 1260.39 558.86
279.54 452.17 329.11 3215.86 985.57 594.76
361.77 545.71 631.99 3201.8 1456.2 1168.41
99.71 103.56 99.09 219.88 119.99 105.5
589.58 842.04 940.4 2721.16 2107.76 1863.54
469.14 760.58 897.03 4253.5 2041.29 1152.97
213.91 379.08 283.79 3884.94 1191.54 665.95
117.37 257.1 91.32 3677.76 742.61 300.52
275.74 544.82 264.61 5352.79 1155.57 445.18
111.02 168.17 104.06 1510.95 379.35 189.05
640.82 895.8 1265.64 1659.8 1887.25 1821.57
265.76 469.99 485.13 4333.22 1349.35 706.63
355.95 540.39 655.57 2858.04 1372.32 890.04
783.81 1101.35 1307.52 2959.29 2691.17 2460.54
158.26 325.98 102.29 2665.44 623.86 273.16
716.76 1078.29 1555.66 2942.81 2740.43 1766.75
104.15 137.58 97.92 955.81 253.71 147.96
138.66 180.84 182.0 1122.35 424.03 306.88
277.86 447.72 470.45 3487.43 1370.84 832.65
516.94 734.93 896.48 3301.63 1928.43 1519.52
800.59 1225.8 1750.8 3724.44 3166.84 2011.93
810.73 1155.41 1715.26 2983.16 2358.83 1393.76
153.58 245.98 191.22 3033.68 833.81 482.42
549.12 869.12 1070.05 4203.37 2299.62 1334.01
456.35 716.14 779.29 3753.77 1814.0 1331.83
133.23 290.99 166.79 4024.55 1043.06 484.2
705.29 1077.38 1509.53 3708.88 2757.98 1685.11
317.35 538.6 611.15 4110.22 1534.41 785.98
196.99 311.1 321.52 2336.84 644.64 334.47
529.92 823.68 1136.12 3573.5 2259.65 1377.78
570.75 878.45 1079.74 3850.37 2001.37 1087.65
189.93 359.05 328.43 4086.57 1160.05 501.64
438.56 712.0 718.46 3141.58 1370.28 821.25
783.71 1141.71 1681.51 2614.68 2656.83 1726.27
100.42 136.21 98.23 909.93 285.2 161.75
236.18 349.36 413.57 1755.23 827.14 475.5
125.36 198.37 101.0 1216.71 328.03 175.37
614.25 940.23 1246.68 3991.72 2297.28 1266.53
75.41 191.16 75.23 3728.43 853.09 312.09
598.86 931.28 1276.14 4079.38 2673.81 1492.11
649.43 974.83 1369.23 3612.54 2591.55 1594.46
449.1 757.96 898.34 4512.05 2099.85 1206.13
231.85 425.85 297.58 4211.75 1146.37 660.07
164.62 326.01 282.35 4129.86 1155.52 482.18
553.14 779.61 954.59 2507.43 1448.33 1264.25
214.76 470.65 287.43 4504.27 1148.69 524.06
487.0 702.32 828.97 2714.8 1830.68 1575.84
445.0 790.54 610.57 4385.64 1726.89 1208.37
374.33 648.38 505.62 3403.74 1181.88 781.51
588.54 916.83 1187.92 3839.69 2214.74 1360.67
82.33 192.79 71.11 4205.0 839.43 332.82
125.21 283.57 172.58 4562.63 939.62 397.07
296.46 538.15 332.76 3963.15 997.78 441.98
102.91 253.39 112.63 4508.97 1067.93 431.67
743.64 1082.52 1562.72 3512.66 2265.48 1307.19
646.9 853.49 1063.07 2307.53 1943.34 1779.63
128.92 240.92 112.09 2762.29 655.28 282.46
450.86 693.79 698.37 3792.07 1355.85 903.57
640.73 945.31 1285.7 3455.92 1964.74 1212.95
405.42 646.92 802.56 4331.32 1999.03 1139.15
503.83 727.41 977.63 2424.13 1453.97 833.55
528.27 797.67 1010.59 3030.18 1755.42 1037.94
421.56 689.31 728.08 3925.01 1429.53 702.35
833.08 1207.82 1726.51 3053.54 2607.21 1748.27
400.21 644.94 653.38 3236.55 1295.5 714.61
195.06 354.88 174.69 3373.07 740.63 295.91
564.04 842.06 990.28 2957.32 2109.21 1829.12
329.19 579.03 634.2 4254.57 1798.48 941.64
394.05 678.76 595.35 4699.71 1558.37 793.21
382.84 742.31 539.61 4891.33 1619.06 772.1
285.64 387.14 531.25 875.25 809.75 542.15
467.81 667.85 742.1 3043.86 1626.36 1338.2
128.33 345.35 96.25 4303.82 922.27 357.84
85.67 142.31 81.04 2205.35 483.76 213.74
476.57 690.15 886.79 2776.4 1881.35 1598.0
260.74 419.12 410.32 3313.63 1214.8 795.91
308.27 584.21 316.12 5356.11 1276.42 597.07
358.72 518.62 613.73 2721.41 1339.2 1073.23
242.1 450.11 319.71 4125.59 1201.84 716.76
77.09 201.22 79.19 3971.54 912.5 336.05
613.04 955.44 1296.35 3867.89 2503.56 1489.65
766.38 1095.76 1573.18 2661.49 1985.27 1232.75
858.89 1124.49 1423.81 2609.58 2649.19 2487.32
228.13 440.01 391.98 4509.51 1286.41 566.37
354.55 605.57 718.96 4223.92 1847.62 1000.69
272.76 435.37 426.29 3797.24 1366.69 928.32
814.56 1063.63 1400.74 2209.72 2710.59 2597.7
456.48 706.96 804.92 3434.37 1854.56 1446.16
344.6 520.07 588.4 3262.03 1542.42 1194.74
226.63 577.89 115.9 5451.76 1205.8 474.09
845.79 1242.76 1783.67 3443.84 3156.87 2028.71
899.23 1355.43 2002.89 3500.96 3470.93 2253.14
160.88 340.26 177.76 4275.99 1028.58 435.77
134.21 189.72 122.89 1067.39 289.42 161.13
120.96 154.97 114.03 692.7 216.05 137.45
83.51 217.43 96.95 4171.39 973.11 364.59
220.49 380.06 344.27 4441.7 1288.46 777.31
471.39 589.79 689.43 1254.99 1738.08 1663.74
156.72 348.0 140.59 4574.48 1054.43 419.98
378.69 615.73 731.32 3329.54 1359.86 753.15
427.49 708.96 863.19 3826.87 1683.54 934.88
158.39 321.75 145.68 3926.09 951.08 418.83
230.03 343.24 358.15 2138.3 954.15 686.86
727.36 990.12 1355.09 2423.09 2415.17 1899.01
207.02 414.56 220.87 4747.91 1230.91 593.75
815.08 1236.88 1804.69 3395.13 2535.12 1554.52
354.61 563.79 570.38 3811.13 1624.96 1208.17
122.51 299.53 89.96 4629.54 915.22 355.63
143.54 174.31 193.06 458.4 296.79 255.97
252.23 475.69 410.84 4672.57 1313.86 613.68
449.58 702.81 909.55 3710.48 1821.74 1041.38
84.38 177.78 70.79 3082.38 536.35 219.98
867.02 1166.05 1605.72 2746.2 2842.85 2263.83
471.25 681.77 876.53 2793.53 1926.72 1666.89
369.69 592.41 567.35 3697.67 1595.86 1196.38
359.12 560.16 477.82 4097.91 1479.81 1023.15
227.47 446.37 194.07 4611.21 970.33 361.1
170.41 295.25 229.28 2695.61 986.73 592.96
620.81 853.11 1045.7 3070.6 2277.72 1785.12
530.92 671.35 749.87 2029.04 2093.23 1904.11
855.68 1225.41 1616.33 3295.68 2767.8 2083.63
297.5 579.38 308.39 5502.49 1247.18 495.68
438.68 739.24 856.78 4401.49 2017.72 1135.31
99.63 102.58 99.5 189.57 118.42 105.38
95.98 139.02 96.33 1191.17 349.83 175.79
101.79 139.61 93.94 1096.25 284.84 160.58
514.61 751.47 948.53 2248.5 1501.8 1005.23
629.03 930.09 1063.77 2980.62 2103.39 1806.05
446.41 666.08 730.5 3074.58 1715.28 1342.74
191.0 354.4 311.82 4614.86 1145.59 517.36
100.83 118.43 97.18 563.56 186.01 128.19
473.19 804.69 817.18 3878.11 1745.85 969.4
660.54 936.13 1165.89 3396.64 2194.99 1689.54
398.42 600.5 696.04 3318.74 1804.41 1400.08
514.29 773.86 927.06 2984.68 1491.64 1101.94
918.78 1333.1 1975.29 3400.93 2762.3 1620.26
347.92 544.44 521.04 3156.09 1190.94 821.45
91.71 130.75 91.65 1323.95 354.03 171.54
364.77 629.26 633.58 4608.32 1479.69 745.95
860.04 1187.12 1653.1 2921.13 3172.5 2444.18
564.17 662.38 784.61 1505.28 1966.49 1878.11
116.33 170.97 127.21 1617.44 419.07 239.27
285.36 492.12 570.14 4110.36 1522.73 805.05
484.85 813.91 868.28 4593.15 1769.66 951.09
431.37 665.98 760.04 3095.64 1767.48 1374.0
100.84 118.6 97.16 567.85 186.8 128.45
622.97 904.84 1273.04 3063.33 2073.87 1378.66
333.72 696.29 420.94 5101.92 1452.37 644.86
518.69 712.11 845.02 2830.62 1967.82 1721.02
539.98 804.44 949.26 3088.49 1996.68 1664.93
255.61 551.02 212.89 4463.92 1168.24 583.53
685.43 956.35 1274.69 2470.06 2249.31 1760.63
570.16 781.46 1006.32 2285.16 1852.45 1416.82
519.88 740.25 891.02 3414.57 2146.08 1829.99
494.5 716.25 976.15 2181.96 1389.73 875.43
515.1 693.46 845.86 2308.59 1809.72 1582.69
210.09 361.49 320.48 4209.29 1257.14 737.13
79.54 207.4 66.56 4851.2 955.83 369.47
276.88 554.7 253.38 5568.97 1185.13 453.83
108.3 193.21 133.75 2736.43 677.05 349.33
187.58 380.33 195.49 4307.12 1115.58 583.74
630.01 902.29 1058.67 2973.24 2057.03 1792.13
85.05 178.51 75.56 3573.13 725.61 296.99
384.63 593.52 542.13 3780.32 1541.85 1086.37
200.73 262.71 299.91 760.43 470.01 406.03
385.0 602.63 580.36 3767.82 1783.21 1289.08
108.75 175.8 98.84 1398.75 354.04 179.66
436.2 619.94 794.78 2479.45 1583.13 1155.86
451.25 742.6 817.99 4166.9 1564.73 826.42
476.6 852.59 753.61 5235.89 1724.82 862.24
497.51 804.07 976.56 4035.91 1919.15 1057.71
852.94 1258.17 1728.49 3289.26 2506.58 1578.61
465.37 730.21 917.0 3902.41 2057.68 1254.91
643.37 994.93 1398.53 3796.12 2163.91 1280.08
238.06 316.4 403.63 897.98 572.54 356.1
810.37 1188.04 1631.28 3561.53 2193.39 1308.99
102.09 279.57 91.24 4116.86 1018.52 406.23
278.51 463.45 493.63 3150.94 1233.46 852.01
792.11 1166.72 1740.01 3466.81 2524.06 1415.56
335.19 515.12 406.13 3977.17 1385.46 890.19
501.89 694.01 942.99 1783.93 1651.06 1451.23
80.29 277.41 132.5 4305.7 1106.33 417.82
381.86 695.7 720.85 4621.4 1949.92 989.47
651.01 1012.63 1339.49 3998.8 2575.54 1542.08
313.39 539.34 622.04 4069.39 1363.12 754.3
102.17 286.61 90.89 4274.44 1054.55 418.24
440.3 683.54 734.68 3341.61 1814.68 1448.68
88.05 159.49 77.66 2381.05 433.74 191.77
562.78 890.13 1142.53 4015.92 2212.6 1291.02
94.07 121.97 94.03 974.63 281.53 151.12
658.77 996.16 1480.9 2656.99 2148.46 1356.02
114.8 156.51 133.43 1158.14 383.14 233.63
424.46 656.88 865.46 3121.64 1874.39 1045.68
298.82 519.13 508.48 4179.13 1707.07 1030.36
359.2 549.58 721.9 2649.58 1234.65 713.4
257.16 503.94 216.33 4360.89 951.91 381.88
849.05 1200.31 1714.63 2541.05 2768.96 2184.1
596.69 802.66 1017.09 2214.67 1851.32 1599.1
283.29 544.11 593.19 4070.75 1707.6 902.59
327.8 551.69 601.68 3717.15 1450.87 794.43
672.61 1016.48 1291.33 3508.64 1962.63 1321.4
254.74 489.9 422.58 3987.13 1388.64 849.93
206.54 446.27 322.46 4703.26 1411.2 630.29
442.39 655.7 884.37 2146.73 1571.33 983.42
256.26 433.18 345.19 3843.2 1243.37 809.3
638.57 896.03 1161.22 2109.8 2109.05 1938.06
118.2 182.98 127.09 1647.43 434.48 227.16
704.91 1026.98 1399.51 3427.57 2341.04 1655.0
305.55 514.44 529.31 3318.4 1292.77 853.97
415.18 707.05 581.07 3838.32 1541.76 1014.9
175.4 345.95 264.08 4555.19 1100.97 582.18
485.15 757.87 752.41 3840.22 1615.04 1170.09
686.46 1020.14 1499.05 3497.35 2284.8 1256.09
355.5 596.27 701.02 4209.28 1616.14 896.37
555.34 814.58 1051.41 3157.41 2172.71 1690.98
98.81 106.25 98.05 376.67 149.84 115.69
88.83 238.95 64.53 4781.46 880.73 314.74
87.05 190.67 82.5 3242.6 746.23 288.69
937.88 1346.79 2039.53 3295.02 2810.38 1657.2
410.59 682.75 851.11 4149.09 2016.85 1130.23
364.3 552.93 592.62 3384.1 1231.21 867.49
118.34 171.15 100.72 907.69 264.93 154.52
259.02 394.16 424.94 2627.98 1067.26 795.18
615.31 840.52 1131.99 1951.47 1790.26 1547.47
538.12 871.26 828.59 3727.69 1941.02 1494.8
333.24 655.93 303.28 5597.15 1307.74 588.17
353.52 623.02 729.28 3941.46 1856.83 1007.23
658.34 935.48 1273.91 2855.16 2306.8 2050.89
503.92 792.16 1031.63 3939.16 1839.55 973.62
79.69 201.14 62.02 3978.24 667.42 256.02
74.18 195.73 73.99 3910.21 890.82 322.72
469.12 721.48 873.09 2738.92 1572.47 1245.64
401.4 636.89 833.31 3523.32 1816.79 1065.34
171.63 329.66 288.95 4497.77 1254.58 587.18
234.51 455.99 279.87 4791.48 1304.1 666.53
681.22 1024.33 1430.65 3696.01 2328.58 1424.37
84.28 149.26 91.43 1542.59 425.66 195.67
103.65 180.89 87.63 2134.59 477.48 223.71
580.84 893.68 1035.41 3609.28 1916.27 1372.39
640.37 909.27 1235.57 2904.4 2239.91 1930.77
559.03 805.69 1099.87 2233.59 2021.6 1840.07
129.85 287.2 174.98 3753.56 1079.34 479.34
334.04 599.45 688.5 3985.24 1810.72 962.32
605.2 823.31 1108.07 1925.4 1898.85 1713.71
602.29 906.67 1206.42 2799.05 1785.64 1284.85
292.01 586.0 461.61 4769.49 1440.42 677.9
698.45 1046.21 1472.21 3783.67 2560.67 1439.03
510.91 792.07 997.7 3508.97 1891.8 1095.93
136.47 287.3 198.38 4814.12 1120.77 487.23
358.28 546.23 623.16 3610.76 1460.99 1128.95
125.43 298.7 98.85 4497.72 901.85 354.8
846.12 1183.48 1674.67 2598.4 3012.8 2303.51
328.11 570.98 636.18 4434.42 1434.26 724.52
715.68 988.88 1296.95 2538.63 2613.42 2418.16
285.48 517.65 524.26 4304.12 1315.6 600.26
152.71 308.81 268.62 3014.52 942.02 419.11
611.8 902.55 1136.38 2569.03 1750.7 1255.57
345.53 553.41 637.66 2791.56 1614.36 1259.91
777.63 1143.4 1674.89 2807.47 2792.42 1787.85
699.85 1039.33 1403.06 3517.28 2014.11 1178.42
248.18 467.92 364.95 4321.01 1533.68 923.45
212.74 395.68 175.44 3288.07 724.24 301.45
145.84 255.81 165.57 2054.02 563.6 292.03
90.55 129.62 94.85 967.29 295.79 157.52
701.17 811.46 994.83 1460.38 2283.18 2191.8
85.3 198.22 74.07 3658.27 634.85 253.06
145.42 291.44 202.84 4549.24 1092.64 555.51
168.2 281.87 150.43 2376.67 534.42 235.16
205.71 400.12 280.88 4110.64 1023.84 541.74
146.23 336.49 129.32 4748.35 1045.39 420.35
602.28 946.38 1224.36 4029.52 2339.68 1375.21
360.54 491.23 514.48 1695.62 1052.1 889.93
832.31 1112.45 1434.61 2694.32 2571.85 2373.17
96.26 111.04 95.05 649.52 200.17 129.69
119.07 261.09 197.76 4224.83 1060.47 454.84
285.04 542.52 454.8 4159.8 1230.36 586.02
451.02 692.75 854.22 2548.79 1701.06 1418.08
890.6 1303.99 1913.18 3266.02 2849.9 1822.29
142.58 307.48 117.81 4019.76 917.55 368.65
562.29 847.37 1149.07 3577.23 2079.19 1390.58
479.97 753.67 858.74 3783.16 1634.41 1013.73
761.7 1064.18 1411.49 2183.01 2467.65 2342.32
159.85 288.48 166.47 2992.18 791.32 393.21
799.76 1040.55 1336.33 2224.26 2557.53 2439.97
446.51 722.34 898.9 4191.86 1939.69 1001.07
359.7 601.87 613.53 4100.69 1349.38 703.29
200.92 402.91 239.04 4440.48 1118.33 476.43
83.31 216.83 77.45 4149.3 932.68 343.13
543.63 653.47 755.58 1740.12 1975.25 1868.34
102.44 310.0 89.75 4797.62 1174.19 458.13
110.71 222.23 89.29 2696.16 578.38 249.32
452.38 822.06 681.06 5324.65 1655.32 806.43
351.71 697.39 474.75 4714.31 1472.4 768.96
760.12 1130.57 1671.97 2620.62 2232.78 1407.49
301.23 613.6 249.15 5499.46 1198.04 484.62
111.38 144.13 100.45 601.02 202.31 133.82
840.9 1090.18 1409.8 2119.45 2289.32 1950.65
131.56 263.4 195.15 3946.66 996.26 500.33
490.62 663.11 822.84 1885.87 1657.17 1454.38
95.95 107.57 95.6 504.16 172.49 121.09
152.34 294.29 259.13 2634.07 805.95 364.99
222.28 409.62 191.11 3340.97 760.76 332.68
251.59 496.77 222.46 4970.89 1045.7 399.43
244.94 458.75 240.36 4378.15 1003.1 431.32
731.11 933.87 1169.61 2629.99 2320.34 2123.97
112.22 233.73 148.66 3792.73 908.82 447.88
213.62 407.04 379.83 4370.9 1363.16 632.12
387.62 615.14 704.11 3929.5 1536.01 944.77
112.41 253.47 141.65 4851.2 1044.43 432.38
470.41 732.42 966.39 3965.08 1861.6 1065.25
529.72 900.99 830.24 4993.22 1756.11 910.16
651.68 989.07 1217.65 4094.81 2155.25 1309.99
107.3 261.98 75.23 4174.23 855.9 347.73
453.5 733.53 893.45 4081.66 1753.44 971.17
84.45 157.63 84.34 2393.77 576.08 234.08
181.17 311.14 263.2 2671.82 946.37 557.15
826.03 1223.58 1703.87 3501.15 2638.15 1592.15
736.4 1016.96 1352.86 2042.32 2517.9 2403.81
91.97 228.96 89.92 3776.45 856.19 321.23
102.98 118.45 101.1 481.98 175.63 124.11
212.9 415.48 263.33 4710.11 1293.01 740.41
293.38 569.06 304.02 5367.14 1245.52 512.14
662.61 1062.88 1269.04 4124.63 2566.5 1534.03
394.5 659.32 813.0 4079.33 1668.17 875.11
153.55 360.94 122.39 5029.64 1128.18 437.86
515.42 884.02 884.11 4530.89 1813.91 931.49
83.46 265.39 85.47 4708.76 1156.51 421.29
331.2 574.1 541.3 3622.81 1457.61 1028.1
258.07 511.13 368.59 4102.89 1177.94 677.56
510.25 775.5 1018.5 3076.44 1408.19 788.38
587.83 767.97 1066.53 1828.24 1398.12 1326.95
241.52 408.21 312.1 3020.73 826.97 384.32
103.33 138.03 96.67 907.83 248.85 146.46
54.46 242.74 75.16 4279.8 1043.57 377.19
96.06 232.78 120.42 4136.4 1016.31 421.06
208.43 429.04 304.45 5002.51 1262.41 561.1
275.57 511.99 514.61 4394.79 1719.04 866.97
97.52 113.05 95.94 677.13 203.96 132.73
230.66 455.03 196.42 4723.94 992.08 367.62
217.72 430.54 274.82 4431.29 1204.52 663.55
639.98 981.55 1216.63 4241.8 2015.9 1085.35
608.61 923.82 1242.82 3593.29 2152.21 1230.53
567.22 909.49 1080.69 4452.5 1906.44 969.12
243.56 366.12 430.93 2545.45 910.62 479.36
587.22 831.69 1139.01 1996.3 2085.08 1802.18
367.1 650.2 531.86 4869.9 1466.64 692.04
102.28 282.54 117.68 4551.67 1168.55 462.81
715.82 1068.22 1483.83 3462.74 2097.24 1232.45
552.33 733.97 942.93 1646.65 1898.87 1812.44
221.22 367.46 292.93 2891.15 976.86 647.73
93.63 144.61 91.39 1646.35 417.99 192.85
89.46 152.49 80.29 2112.75 394.48 180.97
598.14 912.9 1069.78 4050.26 1997.81 1265.81
116.19 302.45 208.47 3765.7 1058.84 437.85
499.47 752.29 716.71 4068.22 1821.25 1357.5
544.67 755.5 924.38 1574.99 1873.14 1749.39
177.06 398.92 103.03 3493.39 792.93 329.04
143.03 304.23 206.94 4307.72 1142.81 521.61
316.92 508.67 458.34 3747.23 1384.67 976.31
343.25 617.24 746.65 4120.91 2001.71 1012.53
477.14 677.11 730.56 3232.81 1950.73 1560.58
603.16 828.66 1084.21 2464.43 2058.5 1867.55
120.58 227.28 107.58 2734.44 621.58 266.28
519.58 700.85 866.54 1861.93 1520.26 1195.41
132.67 187.13 124.16 1190.67 308.12 164.75
168.54 339.3 238.22 4107.53 1155.42 574.36
387.8 709.78 440.77 5254.4 1450.69 796.25
354.15 575.75 703.58 4164.47 1591.77 856.93
146.28 330.2 146.96 4592.33 970.21 392.69
843.07 1256.14 1867.65 2794.22 2471.4 1561.97
460.63 732.57 584.1 3823.62 1748.0 1286.12
640.29 878.38 1057.36 2607.58 2288.24 2073.15
224.19 335.31 369.16 2028.22 677.68 376.94
280.38 424.32 518.61 2506.72 953.85 521.52
356.92 526.17 505.76 3261.55 1368.02 1031.7
348.04 619.71 717.85 3921.52 1727.63 1000.56
123.35 213.77 109.76 2249.3 548.28 247.31
179.65 355.29 231.86 4056.1 991.07 437.11
474.76 774.1 953.89 3963.77 1648.56 846.46
93.43 205.55 91.75 3109.23 718.95 281.08
111.9 207.67 94.05 2552.15 540.44 237.43
514.48 790.0 1124.32 2706.01 1776.87 1078.68
543.63 804.81 1051.08 2914.45 1885.15 1483.1
592.21 876.29 1152.35 2872.62 1754.13 1223.17
548.74 855.59 1115.38 3765.72 1684.01 905.35
95.49 156.04 85.7 1988.05 414.87 186.6
760.2 986.42 1210.64 2171.49 2313.86 2178.59
210.19 399.42 181.32 3999.7 852.35 325.71
376.15 555.92 550.86 2671.97 1302.79 1008.66
578.78 809.95 1070.63 2705.99 2269.0 1637.83
278.12 562.62 318.85 4118.61 1143.85 518.15
441.32 719.8 906.72 3595.91 1659.57 951.94
522.89 749.34 1094.72 2101.2 1550.02 893.47
815.85 1248.98 1825.6 3425.53 2610.5 1590.06
493.61 738.31 848.91 3488.23 1929.82 1489.06
101.03 122.94 96.49 677.12 207.07 135.09
560.79 851.0 1095.28 3257.63 2087.16 1513.53
223.45 365.24 361.27 2730.53 918.17 491.25
687.27 958.13 1187.63 2573.73 2176.9 1950.74
355.07 544.87 636.01 3206.62 1501.6 1168.91
215.91 434.08 325.8 4739.96 1309.86 625.41
107.75 271.8 73.73 4421.18 901.72 362.75
253.95 494.69 397.55 4581.52 1319.76 632.58
517.34 854.17 804.4 4576.25 1767.04 1003.9
366.64 577.58 658.79 3737.74 1476.16 862.64
687.87 989.58 1305.73 2963.97 2235.95 1818.42
284.42 552.17 271.42 5309.26 1177.42 498.11
85.06 257.1 87.32 4456.13 1100.62 406.14
164.04 311.33 264.18 3779.13 959.34 448.22
74.09 196.04 73.91 3922.73 893.42 323.45
339.08 459.38 522.99 1770.37 1105.38 937.42
120.73 287.48 89.64 4369.75 866.9 339.3
112.38 258.15 182.44 4341.48 998.26 416.86
371.71 588.16 732.14 3122.48 1431.07 1130.09
328.57 572.19 368.3 4802.96 1299.02 660.1
920.39 1350.67 1873.93 3279.5 2652.3 1685.04
621.78 995.27 1323.34 4275.62 2812.74 1558.16
524.02 822.28 1092.51 3882.08 2044.72 1212.48
144.45 220.79 132.8 1673.2 403.51 191.05
414.53 654.18 674.54 3320.54 1699.73 1333.8
482.62 796.72 717.78 4322.42 1877.59 1376.34
892.33 1274.55 1900.0 3251.03 2605.36 1538.03
96.65 132.55 96.94 1010.28 308.41 163.22
448.79 735.09 798.7 4340.12 1801.55 992.98
228.46 511.54 192.68 4248.05 1040.53 445.2
129.04 294.97 187.11 4525.03 1166.56 479.39
439.71 631.2 735.84 2398.54 1489.02 1248.74
531.8 847.25 1168.93 3642.54 2004.4 1072.69
661.45 873.26 1099.69 2144.83 2319.91 2179.66
146.19 361.76 288.3 4211.55 1241.16 510.89
505.33 708.52 932.41 1921.66 1757.35 1610.69
245.18 395.36 392.48 3071.68 1136.23 802.38
711.47 888.13 1089.47 2226.35 2346.41 2175.56
830.23 1215.8 1787.13 3515.51 2607.42 1506.02
80.38 212.43 88.7 4160.36 963.93 357.38
392.35 554.69 723.92 1601.85 991.68 610.9
133.81 267.86 186.35 3768.71 775.36 336.06
716.06 949.92 1152.96 2276.94 2235.4 2051.62
401.36 663.81 607.31 4213.0 1480.67 814.09
144.71 322.24 189.13 4468.97 1168.96 547.33
533.07 861.46 915.52 4453.53 1762.8 946.59
104.4 197.61 85.07 2555.26 555.53 249.29
655.9 925.31 1227.45 2611.04 2280.8 1810.99
519.53 789.32 1095.66 3712.76 1866.64 1017.08
566.86 807.24 902.87 3460.0 2103.98 1743.47
491.8 781.44 955.26 4045.85 2161.54 1272.54
665.93 1014.85 1423.44 3625.95 2527.72 1531.2
322.11 574.12 484.54 4024.2 1359.63 814.57
185.5 324.23 157.21 2517.72 573.4 252.77
582.72 843.26 1001.38 3076.4 1999.29 1599.54
149.65 232.41 136.71 1757.52 416.28 198.4
545.25 814.82 846.1 3947.79 1929.72 1433.19
99.33 104.67 99.1 261.94 133.3 109.72
370.29 612.81 673.19 4348.45 1411.79 709.84
60.27 224.51 78.33 3746.19 923.11 341.81
103.9 186.37 86.79 2272.47 503.06 232.1
252.71 424.93 470.57 3471.05 1203.49 570.5
213.98 362.03 382.73 2956.97 997.66 491.65
704.63 1049.74 1485.04 3558.64 2945.82 1836.09
90.96 163.3 87.78 2293.82 551.13 231.72
416.08 660.47 704.69 3810.51 1626.06 1123.93
151.15 246.96 210.36 2370.09 588.62 278.93
419.63 676.28 865.5 3205.98 1724.75 974.98
532.69 741.65 888.57 2910.27 1911.63 1654.23
614.84 825.8 1121.04 2003.0 1549.54 1380.09
119.18 318.88 80.82 4748.9 956.63 367.38
227.06 439.48 390.42 4248.65 1521.39 839.08
99.72 173.91 105.88 2710.22 597.43 267.4
765.6 1175.98 1693.38 3598.7 2491.35 1496.68
531.78 772.14 860.08 3025.55 1936.99 1615.9
95.64 170.09 94.52 2098.2 511.0 220.24
245.59 358.05 316.19 1677.71 731.34 543.12
118.75 271.38 157.14 4454.15 848.6 343.63
491.88 701.01 931.62 2151.34 1327.65 839.33
163.24 322.07 157.31 3993.71 917.01 441.19
205.36 285.6 360.47 924.79 553.76 347.72
99.33 106.46 99.39 280.53 141.33 112.54
139.08 339.99 136.5 5127.99 1112.53 468.56
119.52 195.12 108.16 1896.94 474.79 223.16
94.53 168.05 82.63 2392.75 482.36 205.17
620.83 838.24 1025.35 3061.37 2116.57 1857.8
672.08 1007.54 1406.91 3562.54 2430.48 1512.94
480.34 802.2 895.92 3402.71 1607.65 904.2
101.38 106.71 100.58 226.74 126.43 108.69
78.8 162.58 71.96 3214.42 667.69 268.25
798.41 1167.87 1660.9 3077.2 2941.39 2031.69
535.43 807.39 1066.85 3298.24 1729.58 963.38
400.57 661.23 709.81 4046.96 1507.41 871.83
341.2 664.07 341.88 5472.69 1337.42 638.59
202.34 368.95 347.37 3884.53 1226.2 665.51
539.65 755.66 998.81 1855.44 1815.33 1493.06
93.89 118.03 91.92 997.45 263.58 148.48
434.63 647.79 733.65 2922.09 1627.99 1322.9
93.39 164.19 93.97 1895.17 511.01 224.68
653.35 935.13 1278.26 2742.36 2313.66 2061.17
767.65 992.73 1152.81 2890.46 2513.8 2287.85
527.89 792.55 1081.52 3762.89 1928.98 1131.09
587.2 972.63 1081.08 4225.63 2139.69 1219.73
624.4 825.31 1034.61 2368.13 2034.96 1627.13
465.22 736.42 1013.76 4070.17 2292.04 1243.64
837.44 1229.96 1749.84 3676.57 2844.78 1638.61
590.54 834.46 1098.18 1537.52 1467.97 1409.23
196.94 260.59 304.18 1364.82 628.22 488.78
338.65 610.29 531.34 4264.0 1556.56 965.06
337.15 598.62 594.15 4338.5 1775.48 1026.47
391.13 567.02 763.96 2200.59 1324.88 757.58
103.93 119.17 101.65 462.15 175.53 124.82
461.42 628.22 809.36 1542.17 1471.47 1368.98
265.59 436.43 480.51 3232.89 1157.79 618.52
739.53 995.55 1263.64 2538.89 2387.68 2211.27
191.71 399.06 232.58 4774.63 1205.15 546.52
239.51 447.4 342.65 4402.28 1275.6 690.31
853.38 1179.88 1565.77 2609.17 2501.85 2175.68
304.17 422.03 523.38 1776.35 1087.7 919.95
577.66 871.53 1205.49 3915.49 2229.2 1229.55
455.48 665.71 725.99 3200.11 1275.55 951.44
669.73 975.92 1064.32 3181.32 2215.25 1917.56
205.71 329.82 271.37 3338.2 1150.87 689.37
439.1 736.39 679.74 4668.81 1466.03 702.69
300.88 396.09 466.65 1164.94 976.36 872.05
212.64 334.97 321.01 1870.15 781.64 494.18
487.5 814.46 688.51 4099.62 1750.5 1279.51
274.88 413.18 385.68 3321.29 1211.91 850.87
233.68 324.5 387.3 1555.3 792.93 587.37
352.14 437.76 456.06 1776.3 1014.26 855.96
395.96 654.68 707.56 3601.45 1593.7 1154.97
173.19 310.38 280.19 3985.36 1072.81 616.59
610.63 940.54 1295.85 3717.03 2385.34 1421.27
140.73 288.89 210.97 4729.84 1144.64 526.44
226.71 490.2 309.77 4603.38 1296.03 717.73
256.29 447.5 404.91 4401.17 1350.89 783.51
102.83 233.21 128.2 3916.28 969.56 406.75
707.76 992.99 1203.53 2930.97 2350.15 1828.79
210.12 413.67 255.91 4452.12 1377.8 744.99
341.74 603.19 444.23 4141.09 1162.87 533.54
363.94 573.45 667.72 2988.39 1629.86 1256.7
885.44 1286.86 1808.83 3418.59 2342.27 1427.4
892.22 1195.71 1591.66 2283.09 2671.54 2525.37
606.71 805.52 970.14 2563.99 2084.92 1888.05
112.1 209.42 93.95 2591.87 547.57 239.66
324.42 546.51 515.26 3981.03 1380.13 942.36
121.5 276.55 164.51 4359.94 1109.82 451.84
93.16 166.36 93.77 1955.74 524.88 228.89
787.45 1142.53 1598.57 3266.86 2164.94 1349.19
308.57 488.75 586.49 2949.54 1209.93 624.89
61.47 220.75 78.98 3636.05 898.24 334.5
186.24 317.56 273.19 3272.45 1056.06 612.36
85.77 234.22 82.94 4565.28 1031.58 380.49
259.18 600.52 203.86 5089.07 1225.63 557.5
821.7 1209.83 1640.19 3461.03 2238.01 1335.73
491.14 743.77 766.86 3555.36 1956.24 1576.7
674.71 929.46 1165.9 2732.63 2256.0 2014.68
479.34 755.93 909.14 4128.04 1608.5 860.31
120.82 288.29 89.59 4388.16 870.2 340.33
657.28 967.97 1187.27 3108.85 2337.9 2032.74
656.94 1021.87 1395.36 3677.34 2143.75 1287.09
97.54 130.62 92.19 1131.52 272.03 147.32
210.03 526.81 104.32 4945.31 1089.41 427.04
285.07 558.88 265.08 5461.95 1208.13 509.56
144.17 343.67 221.95 4616.15 1337.69 561.45
518.03 770.99 875.35 2905.08 1935.0 1638.91
459.71 707.74 910.0 3494.7 1847.78 1081.46
167.47 206.86 245.82 543.88 395.88 301.7
717.25 1038.37 1330.4 3191.35 2167.32 1450.21
164.87 323.02 278.43 4504.5 1202.23 548.17
385.11 654.2 469.54 4879.22 1464.6 871.39
389.22 617.55 764.79 2783.63 1306.84 750.87
766.65 996.56 1254.83 2313.56 2534.88 2385.83
112.74 136.4 120.15 632.38 230.0 159.03
344.19 489.23 575.73 2344.28 1372.37 1049.86
359.97 492.3 672.17 1358.24 1239.67 851.63
507.02 741.82 811.03 3519.82 1849.98 1503.0
251.56 295.69 350.17 613.65 667.16 620.14
214.54 353.96 303.26 3710.39 1264.39 752.22
275.65 355.19 467.84 661.39 754.4 706.46
694.99 1049.72 1548.96 3824.77 3099.81 1754.92
661.92 826.39 945.44 1879.33 2269.68 2144.67
252.17 498.09 227.71 5103.41 1097.6 424.47
231.6 540.58 170.89 4705.81 1134.75 477.48
280.19 464.98 489.02 4157.53 1318.1 724.13
283.07 348.88 427.4 721.67 802.05 758.34
510.11 782.05 857.3 3042.72 1761.13 1452.27
513.87 904.1 839.92 4621.02 1817.68 977.46
307.31 618.49 279.02 5379.68 1192.29 474.59
81.51 273.61 121.8 4248.97 1114.98 461.36
138.26 277.95 174.72 4050.52 1076.97 501.83
290.37 608.43 297.39 4672.22 1264.78 598.69
223.27 400.9 426.15 4125.31 1261.09 659.76
120.28 275.66 97.32 3109.83 688.73 284.61
200.62 446.21 332.7 4742.61 1421.28 641.21
698.0 1036.22 1462.86 3678.6 2899.34 1817.67
182.31 305.7 227.96 3265.39 879.16 512.16
131.06 149.2 168.19 269.15 212.43 164.76
496.72 632.77 888.17 1224.39 1103.53 1080.56
736.97 1147.21 1462.87 3722.36 1944.42 1104.12
161.87 366.14 171.82 4909.32 1127.36 456.61
640.55 949.46 1237.11 3331.76 2076.61 1453.35
435.14 726.05 617.94 4839.72 1655.5 977.72
445.87 711.0 677.64 4088.0 1682.8 1066.72
433.89 642.47 745.49 2775.22 1612.57 1317.49
206.4 349.95 297.64 3295.09 1072.02 625.22
337.02 493.66 633.85 1802.7 1130.36 694.98
274.88 545.68 252.28 5452.12 1153.71 455.08
697.1 1056.56 1432.52 3637.55 2401.82 1395.45
529.29 798.88 1080.4 4012.5 1876.34 1018.66
860.71 1279.48 1938.37 3789.19 3675.2 2130.79
226.72 437.92 193.7 4330.15 907.17 351.14
290.27 534.16 339.35 4644.56 1140.94 481.66
317.28 564.95 355.1 4788.88 1284.81 670.44
489.48 672.98 736.15 3088.38 1826.19 1518.76
93.02 212.05 91.24 3294.5 757.06 292.23
312.58 411.59 487.67 1177.79 934.41 824.9
235.19 377.12 390.26 2506.42 890.62 536.08
447.49 702.87 887.62 4026.0 1781.51 969.05
379.22 640.28 762.0 4224.3 1731.26 849.65
453.41 678.25 952.36 2215.03 1435.1 863.36
964.85 1382.21 2101.43 3255.18 2867.56 1698.09
552.19 882.15 1148.8 3635.29 1719.61 927.5
192.43 394.36 221.25 4702.58 1182.46 564.13
198.17 308.3 303.7 1860.07 752.2 461.1
436.78 718.82 912.88 4114.12 2095.95 1190.77
601.66 842.01 985.48 2471.92 2042.31 1836.3
745.67 1097.56 1665.5 3210.51 3131.23 1827.39
389.4 598.39 661.92 3396.73 1545.94 1198.14
88.88 155.36 79.21 2222.78 410.58 185.4
818.86 1079.89 1438.12 2516.22 2572.18 2401.57
608.82 919.76 1264.15 3889.39 2486.67 1507.87
140.24 283.82 196.37 4575.52 1069.86 531.31
487.15 727.26 757.82 3700.36 1850.31 1430.29
316.63 619.98 325.93 4370.42 1317.05 755.1
111.33 291.08 112.56 4100.43 1040.19 421.63
869.82 1192.79 1639.84 2702.4 2357.68 1838.17
448.28 672.36 759.19 2596.5 1566.87 1281.1
90.77 248.2 88.42 4324.92 969.0 354.23
397.76 533.36 667.47 1049.46 1100.95 1038.14
381.29 581.52 647.09 3489.47 1701.47 1247.33
908.01 1255.07 1659.36 2310.1 2741.09 2605.25
419.81 693.29 707.89 3661.15 1663.4 1248.03
206.01 375.99 287.25 4339.74 1127.71 632.4
133.21 282.62 162.1 4399.69 902.81 438.2
343.71 552.74 433.5 3239.99 1160.14 775.34
110.49 178.93 122.81 2077.47 457.0 250.32
574.49 840.82 1126.9 3374.59 2086.54 1445.2
500.59 853.43 790.08 4906.5 1965.81 1058.59
421.52 668.19 839.76 4255.05 1949.67 1108.11
270.4 514.38 438.49 4519.85 1334.93 653.97
395.37 600.95 753.06 2976.87 1369.77 789.81
101.86 260.16 92.19 3682.82 919.27 373.14
570.88 917.83 1183.11 3970.66 2484.6 1539.66
434.98 616.18 894.28 2166.49 1480.07 1310.28
416.7 659.29 824.42 4066.74 1530.38 805.4
263.41 526.46 233.09 5317.15 1121.46 428.04
477.56 793.97 637.41 4603.21 1618.91 1071.38
525.14 771.17 952.33 3075.13 2038.06 1715.04
455.68 710.8 647.0 3361.37 1644.56 1146.19
450.35 702.57 954.04 3965.32 2166.59 1180.47
824.15 1194.35 1741.42 3414.49 2492.3 1448.23
95.07 115.46 97.31 552.77 202.21 130.03
229.77 446.05 195.95 4431.97 926.6 357.18
197.79 402.78 260.5 4560.55 1183.75 551.84
163.23 361.15 171.65 4384.99 1024.02 490.22
655.63 1003.11 1132.99 3935.93 1826.1 1134.74
186.7 352.1 312.32 3403.84 1161.07 550.16
518.42 740.6 839.24 3052.28 1904.17 1621.59
688.91 1057.65 1510.5 3588.61 2812.14 1765.13
142.83 278.68 131.93 3279.71 787.16 344.05
450.92 648.84 869.41 2726.97 1674.88 1443.61
851.02 1293.6 1875.38 3630.09 3326.97 2134.09
540.29 801.87 1121.84 2999.32 1781.33 995.75
381.09 583.26 557.81 3843.44 1588.99 1180.95
253.47 450.46 458.0 3200.19 1177.16 597.76
655.03 1008.75 1354.09 3793.65 2462.73 1500.38
448.39 747.39 845.44 4419.49 1932.44 1055.86
342.62 701.32 424.84 5090.81 1451.41 655.51
110.72 162.11 122.82 1799.89 464.88 258.51
257.23 485.06 359.82 4656.24 1390.91 726.78
130.37 207.76 191.76 2140.53 609.46 298.87
113.9 246.36 111.06 4043.46 821.75 346.95
216.39 341.71 375.5 2437.46 845.25 472.37
550.39 857.8 1119.05 3762.81 1686.34 907.24
401.66 574.91 485.8 3104.45 1456.92 1100.43
57.81 178.92 54.1 4312.28 855.47 319.76
642.9 973.64 1281.13 3643.0 2189.92 1458.53
671.22 915.17 1092.84 3022.35 2277.73 2030.85
220.63 427.77 189.01 4368.94 923.59 347.08
385.97 622.89 602.0 4047.33 1523.99 946.73
332.49 566.77 654.1 4175.12 1669.22 868.4
426.62 636.11 723.71 2921.92 1792.02 1445.9
552.33 796.15 993.21 3200.13 1986.71 1656.7
183.43 266.51 228.35 1633.62 627.7 451.04
101.9 111.78 100.7 343.8 148.27 115.39
495.72 860.93 740.82 5125.05 1676.8 843.04
215.91 459.81 355.78 4678.39 1476.03 684.88
424.12 636.22 818.18 2871.12 1424.96 1052.29
755.22 1012.14 1356.2 2127.06 2454.78 2218.23
531.47 826.55 931.02 4060.4 1823.98 1104.75
101.78 253.31 92.52 3529.53 884.22 361.45
584.12 862.87 1012.93 3385.59 2104.13 1801.89
90.29 167.99 86.87 2456.5 584.58 241.49
436.66 701.94 606.61 4280.87 1636.92 1140.7
293.04 398.91 556.92 982.66 751.12 454.47
209.53 392.11 261.75 3834.87 1099.18 601.46
326.12 573.99 538.18 4360.86 1566.48 872.34
617.54 863.37 1120.56 2715.4 2231.44 1961.74
445.7 601.94 816.37 1212.72 1417.52 1138.28
495.13 699.09 811.53 2998.64 1866.69 1626.64
827.93 1259.54 1835.87 3393.51 2581.17 1582.56
521.49 840.03 1067.0 3914.81 1830.22 1047.98
239.28 473.75 385.95 4375.7 1236.08 595.29
332.82 562.13 623.12 3475.03 1497.98 804.39
90.0 260.53 87.46 4676.46 1041.3 375.38
620.97 961.16 1263.6 3778.45 2281.17 1269.51
94.75 115.5 93.06 871.16 240.56 141.66
412.03 666.72 673.79 3916.81 1517.69 825.91
273.51 525.63 421.84 4884.69 1413.05 648.65
140.51 402.28 110.47 5129.0 1101.36 420.87
88.38 212.81 89.4 3254.88 822.32 319.12
74.95 199.43 91.93 2844.33 733.24 296.94
272.34 404.25 384.7 2407.07 1098.19 796.51
269.43 469.56 302.61 3264.39 943.43 536.74
109.46 259.3 140.84 4334.4 1068.5 417.35
254.13 450.02 461.51 4033.14 1328.38 634.08
91.26 184.82 92.03 2472.03 643.08 264.75
99.91 100.49 99.85 121.64 103.9 101.23
296.96 458.05 502.06 3342.06 1387.88 1028.14
480.07 710.23 1020.48 2701.91 1573.43 870.46
319.13 552.14 530.17 4095.04 1348.74 681.85
74.71 207.44 77.72 4228.27 963.54 345.99
102.57 255.93 114.83 4110.26 956.66 362.19
81.63 183.25 99.15 3431.75 752.39 308.52
489.1 730.64 794.42 3462.76 1747.68 1372.96
323.91 519.22 561.37 3539.61 1464.28 963.41
213.04 511.82 129.56 4628.53 1056.43 426.11
424.11 647.72 738.08 2754.81 1707.3 1381.38
151.34 236.91 137.96 1813.87 427.03 201.75
883.7 1332.84 1970.68 3495.61 3437.87 2225.21
697.09 980.47 1343.96 2325.45 2038.02 1579.86
861.09 1145.15 1495.07 2384.03 2935.91 2799.99
406.62 570.3 675.73 2567.0 1608.18 1369.64
370.52 568.26 681.32 2966.4 1271.71 704.93
534.18 791.74 911.53 3216.91 1917.84 1602.37
85.81 237.72 87.06 3951.68 981.85 367.52
401.48 672.24 835.48 4315.62 2105.29 1084.67
333.33 466.87 579.63 1292.48 1006.73 902.78
803.28 1194.79 1714.19 3471.69 3287.42 2085.78
123.0 212.05 109.62 2216.82 541.51 245.08
686.06 1003.3 1225.57 3655.67 2382.45 1731.43
498.03 707.67 811.78 3013.12 1929.07 1651.29
650.65 904.23 1365.27 1876.71 2071.13 1986.63
93.25 183.88 78.59 2926.09 571.31 229.63
625.14 864.22 1019.76 2654.81 1927.09 1685.68
521.49 711.63 820.6 3194.91 1884.33 1597.64
206.6 310.43 324.29 2378.19 873.64 580.44
709.44 942.17 1170.93 3009.5 2325.14 2095.28
643.45 994.75 1234.58 3639.39 2390.34 1615.56
776.73 1179.41 1668.7 3622.14 2978.09 1849.44
92.99 125.98 92.94 1133.94 314.6 160.44
475.15 785.38 770.34 4778.57 1640.61 852.94
517.57 695.3 776.98 3296.45 1895.68 1626.43
213.81 408.41 227.28 2784.11 796.05 446.22
629.05 862.47 1078.13 2949.72 2314.12 2029.09
126.59 181.07 170.82 1558.03 481.01 259.69
410.97 633.4 778.46 3262.77 1403.69 755.94
158.79 321.31 214.33 3958.09 1100.96 556.91
110.32 238.56 156.13 2756.26 822.16 408.06
387.35 554.57 749.43 2183.64 1176.45 931.93
264.96 495.1 485.25 4363.86 1631.17 819.33
203.46 466.51 229.26 4885.33 1272.86 644.74
138.1 331.08 115.62 4856.87 1044.66 403.34
165.24 250.97 252.64 1691.33 602.21 341.03
764.34 1132.4 1538.24 3248.93 2083.53 1385.68
419.77 650.65 887.14 3511.47 1591.79 828.71
548.97 738.17 800.43 3067.36 1757.66 1470.58
782.33 1180.56 1721.45 4002.09 3379.49 1933.39
149.95 257.08 189.5 1947.38 558.76 274.83
652.42 873.33 1083.02 2411.4 2220.12 2013.34
516.42 849.51 869.0 4476.79 1704.57 957.19
265.55 524.19 471.39 4601.6 1630.59 801.3
719.23 1027.23 1360.76 3306.42 2729.31 2018.8
354.88 521.2 679.65 2153.64 1196.7 719.83
91.5 142.33 84.11 1722.93 337.45 165.29
534.53 851.08 1058.33 3809.95 1983.65 1288.75
107.23 165.39 96.39 1589.07 367.45 183.46
107.13 252.67 153.9 4198.9 1065.01 422.94
321.66 636.85 576.51 4754.91 1549.38 767.69
146.44 163.25 173.94 288.39 317.91 299.95
193.99 442.77 239.35 4516.02 1140.0 508.02
352.32 624.57 717.7 4236.91 1671.58 840.63
201.22 407.48 296.76 4031.44 1336.22 762.76
115.88 259.48 189.12 4331.26 1004.55 412.52
557.34 785.31 938.77 3171.16 2097.27 1819.13
685.81 947.31 1279.78 2372.93 2191.24 2027.99
262.01 342.46 438.22 851.16 699.32 517.92
443.17 655.23 814.96 3614.88 1791.59 1240.15
78.02 141.11 76.09 2294.44 493.57 214.48
102.25 293.57 90.56 4430.09 1090.15 430.11
475.31 690.47 776.33 3451.45 1911.04 1278.11
166.62 360.76 202.11 4566.88 1031.35 440.85
567.09 851.6 1215.7 3224.56 2348.8 1610.42
100.96 102.56 100.71 132.07 106.12 101.9
94.09 194.88 92.59 2805.06 656.39 262.77
708.82 1074.74 1434.38 3561.83 1937.22 1149.87
817.26 1215.18 1791.11 3496.51 2531.44 1417.64
181.49 290.87 242.59 2715.01 786.0 486.28
628.99 1015.5 1190.8 4059.89 2559.58 1599.31
135.14 315.66 175.99 4607.35 1149.47 505.47
281.05 513.55 451.8 4644.22 1355.66 621.22
384.4 536.41 663.93 1682.53 1338.9 1188.34
318.35 513.36 475.62 3631.14 1382.25 978.21
442.05 665.62 753.35 3506.23 1802.18 1309.12
568.33 901.61 1155.19 3612.24 1919.71 1115.64
270.94 479.25 423.92 4012.22 1472.62 900.25
95.59 170.76 94.47 2117.3 514.92 221.39
692.71 1051.61 1487.59 3354.94 2299.58 1469.22
805.52 1125.06 1499.44 2948.39 2528.14 1995.04
313.04 536.96 585.04 4213.7 1170.99 577.29
293.01 538.31 480.46 4247.51 1558.06 979.07
210.94 414.12 399.8 3592.03 1171.03 539.25
83.56 151.51 91.04 1608.47 440.53 200.04
190.47 323.78 256.9 2625.78 923.0 561.58
409.42 603.73 609.93 3455.48 1630.04 1248.21
680.63 1031.27 1331.6 3838.48 2008.29 1158.69
367.81 576.06 626.8 3774.78 1590.92 1198.79
398.98 628.66 634.55 3775.64 1849.81 1351.97
149.48 368.94 181.83 4776.22 1278.95 558.46
706.46 1055.6 1572.11 3411.37 2324.0 1281.61
345.46 463.51 414.73 2184.87 1290.3 1034.02
363.17 635.75 656.87 3873.26 1495.94 819.25
782.34 1184.27 1619.56 3461.99 2012.78 1169.9
101.87 261.36 92.13 3709.53 925.38 375.18
162.34 344.39 182.39 4310.79 1024.79 430.08
757.0 1151.25 1634.08 3061.69 2352.17 1605.1
870.59 1211.56 1677.83 2610.76 2809.79 2164.09
150.93 314.53 175.32 4715.37 1057.96 510.48
683.18 913.24 1131.76 2943.43 2422.06 2193.48
900.57 1327.58 1897.18 3155.88 2182.15 1308.75
227.53 416.58 375.24 3411.61 1184.99 613.9
132.5 285.68 170.42 4410.46 923.04 443.4
485.03 716.03 871.87 3800.45 1837.15 1340.26
144.76 348.17 151.78 5142.85 1122.66 463.15
309.91 490.27 549.68 3668.64 1496.55 967.97
446.68 749.14 595.7 4221.72 1648.47 1136.44
736.78 1117.52 1563.85 3627.55 2683.51 1653.15
110.69 291.03 136.93 4737.71 1129.85 428.83
579.95 909.21 1167.76 3782.02 2106.45 1314.16
420.5 726.87 758.04 4249.4 1820.99 1081.41
220.4 427.15 188.85 4360.89 922.04 346.61
199.05 369.14 173.09 3605.3 776.26 302.88
372.25 561.72 626.06 3479.32 1612.98 1252.74
232.27 303.76 389.75 788.74 659.26 611.83
631.38 968.32 1180.38 4090.21 1844.08 1020.27
97.01 147.95 96.25 1466.94 381.16 182.25
200.19 371.16 340.73 4062.38 1183.84 518.57
460.1 663.38 955.34 1553.75 1605.62 1064.94
135.24 339.26 109.06 4774.25 1010.58 421.54
367.75 621.0 470.09 4511.07 1392.22 824.27
607.69 885.27 1247.5 2830.65 2036.74 1376.45
760.37 1192.12 1565.38 3982.93 2345.75 1385.81
896.84 1322.18 1823.43 3365.32 2634.4 1691.12
431.25 641.23 762.36 3284.0 1763.51 1387.31
209.29 341.23 334.62 3362.23 1098.24 711.51
754.65 1173.62 1579.26 3974.82 2380.44 1402.51
205.49 461.2 238.74 4693.25 1203.55 600.76
371.16 676.84 515.97 5233.84 1408.07 635.0
99.43 101.7 99.24 184.36 115.38 104.56
599.42 857.75 1262.94 2625.94 2115.68 1892.78
231.92 371.92 315.51 4329.76 1264.91 753.54
156.79 362.94 131.88 4960.46 1123.87 440.25
576.7 857.75 1109.67 2968.03 1871.35 1299.45
73.44 205.46 74.38 4226.78 960.78 345.86
665.1 994.65 1441.21 3654.68 2174.94 1203.78
133.17 228.68 101.3 1560.78 398.29 198.6
543.01 895.49 1155.19 4114.67 2053.67 1185.05
318.73 492.45 568.38 3509.95 1498.94 1113.87
193.76 363.44 331.41 4028.2 1256.39 618.99
409.6 664.86 792.51 3972.01 1564.61 801.27
286.29 467.11 400.3 3720.93 1241.1 767.97
885.48 1147.61 1479.53 2372.77 2774.2 2653.23
92.06 123.44 89.5 1266.57 312.64 163.02
84.61 176.64 71.22 3038.61 529.95 218.22
768.7 1139.87 1618.29 3778.4 2721.41 1560.55
258.54 406.83 453.98 2300.43 877.39 488.75
316.09 605.78 504.91 4679.26 1636.36 879.1
427.06 661.93 569.16 4121.36 1561.92 1064.13
411.47 689.16 769.15 4369.9 1691.16 866.06
81.24 135.09 79.59 1972.71 435.87 197.7
456.98 700.0 913.59 3285.78 1667.94 943.84
437.14 586.22 616.47 3257.94 1675.4 1308.53
88.15 182.94 83.99 2974.75 691.15 272.61
481.36 684.09 846.66 2196.39 1550.42 1284.51
289.41 531.43 350.61 4584.08 1188.52 517.33
434.24 685.54 869.22 4232.72 1986.81 1134.12
91.01 211.74 71.48 3864.64 727.83 272.68
457.65 778.4 908.36 4510.11 1895.42 1025.61
854.09 1223.88 1754.18 3087.8 2700.79 1887.17
741.23 1080.92 1465.92 3546.02 2232.53 1344.02
671.36 901.05 1210.54 1762.4 2172.92 2098.58
373.97 585.73 598.74 3550.15 1554.47 1154.84
888.78 1297.7 1850.72 3288.06 2771.39 1706.6
288.52 633.45 287.28 5054.33 1323.52 623.58
369.53 552.66 634.64 2783.52 1435.39 1147.83
336.97 592.78 406.33 4799.53 1205.78 621.12
403.36 616.48 677.22 3716.29 1692.17 1239.54
110.6 226.6 163.52 3567.99 840.73 366.51
402.49 597.29 674.6 2945.64 1514.09 1098.08
264.15 470.21 511.4 3631.47 1290.77 647.1
392.52 669.21 512.29 4104.9 1377.47 880.35
87.48 221.55 88.58 3499.21 878.26 336.09
870.05 1248.45 1724.49 2569.87 2720.67 2146.03
750.68 1010.16 1264.56 2628.09 2590.63 2364.51
554.53 741.12 967.2 1414.16 1667.39 1606.03
84.11 146.9 78.98 2434.12 525.46 226.1
106.7 248.58 77.28 3837.24 793.38 327.24
615.17 886.5 1036.71 3392.59 2103.92 1740.58
410.06 724.02 778.1 4476.3 1684.85 828.75
145.96 407.32 121.42 5097.94 1114.25 439.96
74.56 195.11 74.46 3878.17 884.74 321.46
189.78 268.83 281.69 1643.17 731.83 520.31
891.3 1286.41 1930.18 3396.09 2701.05 1581.83
187.6 319.17 168.55 2355.6 564.64 267.35
248.3 454.38 459.14 4337.88 1485.78 721.77
737.06 921.98 1111.83 1620.64 2049.04 1960.92
91.62 204.16 73.41 3609.27 685.24 260.97
925.43 1339.26 1978.99 3445.62 3105.41 1823.02
189.84 392.26 211.36 4441.6 1117.42 583.36
366.41 579.7 475.06 4163.55 1510.4 986.49
118.42 266.62 90.79 3894.61 781.56 312.67
962.0 1398.0 2014.0 3173.0 2939.0 1816.0
69.0 191.5 59.0 4653.5 930.0 346.0
134.0 394.5 95.5 5146.0 1087.0 409.5
969.0 1403.0 2079.0 3181.0 3518.0 2279.0
155.0 368.0 123.0 5163.0 1156.0 447.0
89.8 263.8 87.2 4769.8 1060.5 381.0
971.0 1390.0 2115.5 3245.0 2879.5 1707.0
122.0 299.0 89.0 4632.0 914.0 354.0
72.0 203.8 71.8 4231.5 957.5 341.5
907.5 1325.5 2047.5 3151.5 2757.0 1579.5
948.0 1357.0 1978.0 3155.0 2462.0 1531.0
56.8 180.8 53.0 4412.8 873.5 325.0
119.5 322.5 80.5 4825.8 970.8 371.8
948.0 1376.0 2046.0 3146.0 2970.0 1921.0
911.0 1341.0 1922.0 3127.8 2196.5 1320.8
985.0 1493.5 2276.8 3372.5 3183.8 2033.8
76.2 218.5 55.5 4643.8 764.8 282.8
962.5 1390.0 1954.5 3151.5 2480.0 1527.0
959.5 1435.2 2145.2 3160.2 2832.8 1787.8
88.5 243.0 63.5 4918.0 903.5 321.0
978.0 1422.0 2105.0 3266.0 3199.0 2037.0
79.2 209.2 66.0 4931.0 970.2 374.0
222.2 574.0 104.8 5481.0 1198.8 463.2
992.0 1434.0 2127.0 3253.0 3849.0 2515.0
980.5 1432.2 2016.0 3245.2 2807.8 1800.2
966.0 1422.0 2112.0 3259.5 3477.0 2237.5
109.2 304.0 68.8 5231.2 1052.0 412.0
978.0 1434.0 2220.0 3640.0 4073.0 2397.0
81.5 229.5 75.0 4588.5 1023.0 369.5
937.0 1353.0 2081.0 3198.0 2826.0 1629.0
924.0 1316.0 1970.0 3207.0 2671.0 1584.0
102.5 315.2 89.5 4914.0 1200.8 467.0
980.0 1467.0 2194.0 3388.8 3736.5 2446.5
955.0 1376.0 2056.0 3368.0 3193.0 1885.0
977.5 1462.0 2197.0 3231.5 2940.0 1846.5
939.0 1381.8 2053.5 3176.2 3230.8 2074.0
265.0 540.0 222.0 5608.0 1151.0 427.0
83.0 265.0 84.5 4714.5 1156.5 420.5
245.0 494.0 207.0 5231.5 1090.0 397.0
304.0 635.0 236.5 5868.5 1229.5 464.5
138.0 335.0 114.0 4964.0 1063.0 407.0
53.8 244.8 74.8 4340.2 1057.2 381.2
768.0 937.0 1202.0 1687.0 2456.0 2347.0
839.5 1125.5 1473.5 1964.5 2431.0 2337.0
851.0 1125.0 1487.0 2077.0 2845.0 2757.5
674.0 931.0 1168.0 1598.0 2316.0 2207.0
802.0 1081.5 1471.5 1917.5 2488.0 2377.0
925.8 1236.5 1653.5 2197.5 2743.8 2613.8
730.2 928.0 1240.5 1701.5 2120.2 2066.2
807.5 1039.5 1351.0 1892.0 2546.5 2477.5
913.2 1175.2 1552.5 2217.0 2972.0 2874.8
762.0 1017.0 1384.0 1898.0 2403.0 2316.0
768.8 1023.0 1344.0 1898.0 2593.0 2511.8
829.0 1082.5 1419.0 2036.5 2743.5 2651.0
854.0 1156.0 1575.0 2169.0 2712.0 2618.0
639.0 865.0 1188.0 1648.0 2076.0 2016.0
844.0 1157.0 1430.0 1846.0 2520.0 2406.0
716.0 963.0 1366.8 1791.0 2127.8 2035.2
641.0 907.0 1227.0 1692.0 2009.0 1914.0
822.0 1025.0 1317.0 1836.0 2480.0 2426.0
742.5 1032.0 1418.0 2073.0 2820.5 2703.0
703.5 879.5 1143.8 1618.8 2253.5 2180.0
842.5 1154.0 1648.2 2236.5 2825.8 2704.8
656.2 975.5 1340.8 1867.0 2455.0 2361.2
923.0 1214.2 1604.0 2234.0 3080.0 2985.5
734.8 963.5 1263.8 1827.2 2497.5 2417.8
800.0 989.0 1283.0 1784.0 2597.0 2503.0
706.0 816.0 1002.0 1436.0 2293.0 2206.0
725.0 878.0 1047.0 1489.0 2411.0 2352.0
878.5 1224.0 1682.0 2199.2 2656.0 2552.8
947.0 1212.0 1599.0 2313.0 3158.0 3037.0
589.2 813.2 1233.8 1730.8 1900.0 1827.2
729.0 991.5 1413.5 1964.0 2248.0 2150.5
904.8 1159.0 1500.8 2110.0 2816.5 2720.0
824.0 1099.0 1504.0 2058.0 2602.0 2523.0
836.5 986.8 1224.5 1763.8 2408.0 2363.0
894.0 1109.0 1450.0 2050.0 2679.5 2581.0
922.8 1209.8 1608.8 2273.8 3029.5 2919.0
761.0 1043.0 1428.0 1885.0 2397.0 2298.0
690.5 905.0 1162.8 1628.5 2187.8 2117.0
794.0 1033.0 1333.0 1871.5 2517.0 2421.0
944.0 1266.5 1688.8 2251.2 2816.2 2701.0
726.0 907.0 1139.0 1530.0 2019.0 1932.0
829.2 1124.8 1599.8 2206.2 2634.5 2532.0
921.0 1181.0 1557.0 2200.0 3037.0 2940.0
735.0 948.0 1238.0 1781.0 2503.0 2425.0
684.0 932.0 1313.0 1825.0 2332.0 2243.0
955.2 1228.0 1601.8 2260.2 2853.5 2766.5
806.0 1120.0 1498.0 2025.0 2566.0 2470.0
822.8 960.5 1128.5 1537.0 2182.8 2085.0
641.0 896.0 1266.0 1659.0 1887.5 1822.0
871.0 1129.0 1503.2 2057.8 2777.2 2662.0
833.0 1120.0 1439.0 1912.0 2418.0 2335.0
906.5 1134.2 1379.5 1798.5 2442.5 2363.5
612.5 842.5 1118.0 1490.0 2004.0 1917.0
741.5 944.0 1193.5 1631.5 2141.5 2080.0
882.5 1167.0 1520.5 2088.0 2698.5 2609.0
938.0 1173.0 1417.0 1866.0 2519.0 2437.0
927.0 1208.0 1637.0 2208.0 2809.0 2698.0
855.0 1101.0 1438.0 2028.0 2691.5 2610.0
705.0 972.0 1320.0 1791.5 2238.5 2159.0
837.0 1082.0 1417.0 2015.0 2798.0 2707.0
842.5 1173.5 1560.5 2028.5 2690.5 2567.5
604.0 697.5 845.0 1219.5 2055.5 2008.5
730.5 976.0 1293.0 1724.0 2096.5 2039.5
764.5 919.0 1087.0 1489.5 2095.0 2002.0
745.5 970.5 1232.5 1660.5 2177.5 2078.0
613.2 779.2 979.8 1360.5 1779.8 1769.5
793.0 1047.2 1363.0 1889.5 2419.2 2344.2
815.0 1000.0 1207.0 1625.5 2248.0 2163.0
843.0 1099.0 1451.5 2043.0 2738.0 2657.5
772.0 992.0 1295.8 1845.8 2461.0 2394.0
895.0 1245.5 1667.0 2236.0 2803.0 2694.0
765.5 1003.0 1321.0 1858.0 2440.0 2353.0
714.5 1003.5 1444.0 2002.5 2485.5 2401.5
494.5 611.5 726.5 1056.8 1795.0 1744.5
924.5 1207.0 1571.5 2078.0 2692.0 2588.5
696.8 869.5 1026.8 1427.2 2001.5 1927.5
721.0 985.0 1346.0 1933.0 2632.0 2539.0
849.5 1092.0 1370.2 1861.2 2472.8 2388.2
948.0 1249.0 1638.0 2246.0 2922.0 2819.0
694.8 840.8 1036.8 1393.8 1978.2 1915.8
760.0 991.0 1309.0 1853.0 2493.0 2420.0
928.0 1191.0 1564.0 2183.0 2886.0 2803.0
865.0 1153.0 1527.0 2115.5 2890.0 2785.0
662.8 884.0 1187.0 1705.0 2242.0 2151.8
603.2 862.0 1290.2 1790.5 2089.0 2029.2
682.8 802.2 949.2 1388.8 2317.5 2267.2
571.5 650.0 741.0 1076.0 2143.0 2120.5
811.2 1079.8 1420.5 1908.5 2484.0 2367.8
634.5 841.5 1134.5 1640.5 2306.0 2225.0
693.0 922.0 1262.0 1853.0 2415.0 2306.0
712.5 980.0 1304.5 1763.2 2235.8 2140.0
871.0 1195.0 1616.0 2208.0 2857.0 2755.0
915.0 1197.0 1579.0 2198.8 2939.0 2853.8
726.5 1001.0 1490.5 2050.5 2329.0 2253.0
784.0 1041.0 1376.2 1944.2 2683.0 2583.2
865.8 1136.8 1481.5 2033.0 2641.8 2551.2
837.8 1147.5 1648.5 2250.8 2700.2 2578.0
866.0 1156.0 1526.0 2111.5 2891.0 2797.0
833.0 1069.5 1333.0 1876.5 2457.5 2371.5
823.0 1116.5 1508.0 2131.5 2906.0 2777.0
585.5 771.0 1002.5 1461.5 1967.5 1912.0
873.0 1194.0 1591.0 2159.0 2736.2 2631.8
716.0 947.5 1257.0 1678.0 2192.0 2089.0
846.0 1104.0 1453.0 2038.0 2776.0 2693.0
623.0 879.0 1316.2 1827.2 2025.5 1961.5
935.0 1244.0 1643.0 2260.0 3095.0 2981.0
760.0 1046.0 1398.0 1960.0 2575.0 2476.0
655.0 909.5 1375.0 1859.0 2079.5 1999.0
781.0 1034.8 1371.5 1916.0 2624.0 2537.8
877.0 1167.5 1545.5 2071.5 2560.5 2478.0
755.0 955.0 1238.8 1769.0 2392.8 2328.0
928.0 1278.0 1695.5 2233.0 2786.0 2674.5
663.0 808.0 944.0 1365.0 2433.0 2344.0
655.2 879.8 1083.0 1511.2 1882.5 1803.5
759.0 987.0 1297.0 1832.0 2491.0 2412.0
826.5 1133.0 1648.8 2248.8 2639.5 2538.5
799.0 1081.5 1432.5 1982.0 2481.5 2404.5
657.0 884.0 1228.0 1711.0 2171.0 2084.0
562.8 795.0 1215.0 1587.5 1707.0 1652.8
940.0 1248.0 1642.0 2258.0 3106.2 3016.0
739.0 1000.2 1362.0 1855.0 2252.8 2174.0
911.0 1149.0 1500.0 2130.0 2851.0 2772.0
811.5 1080.5 1496.5 1990.0 2621.5 2521.0
794.0 988.0 1204.0 1609.0 2197.0 2121.0
853.0 1090.0 1411.0 2003.0 2752.0 2658.0
929.0 1206.0 1569.0 2190.0 2983.0 2872.0
864.0 1186.0 1576.0 2099.0 2608.0 2509.0
531.0 693.0 1037.0 1412.0 1224.0 1183.0
625.0 804.0 1144.0 1564.0 1425.0 1398.0
753.2 1030.5 1597.8 2142.8 2414.0 2318.8
715.0 985.0 1354.0 1781.0 2272.0 2160.0
819.0 1111.0 1495.2 2022.2 2530.8 2429.2
562.5 761.5 1033.8 1404.5 1897.2 1825.8
873.0 1144.0 1506.0 2092.0 2837.0 2744.0
680.5 936.8 1301.8 1826.0 2445.2 2354.0
925.0 1180.0 1542.0 2188.0 3006.0 2917.0
760.0 961.0 1251.0 1793.0 2435.0 2355.0
832.5 1056.0 1370.0 1954.0 2629.0 2571.0
761.5 1050.5 1440.0 1886.0 2352.5 2250.5
745.0 1005.0 1345.0 1792.0 1763.0 1724.0
891.0 1224.0 1623.0 2193.0 2784.0 2700.0
891.0 1224.0 1623.0 2193.0 2784.0 2700.0
568.0 821.0 1180.0 1644.0 2111.0 2013.0
866.0 1046.0 1340.0 1946.0 2723.0 2646.0
940.0 1228.0 1620.0 2241.0 3065.0 2968.0
794.0 1042.0 1367.0 1905.0 2584.0 2498.0
919.2 1225.8 1632.0 2231.0 2830.8 2723.5
681.5 912.5 1230.5 1707.5 2195.0 2129.5
626.0 732.0 875.0 1305.0 2153.0 2135.0
445.0 496.0 565.0 791.0 1386.0 1328.0
857.0 1146.8 1590.0 2166.2 2596.8 2497.0
791.0 1049.0 1494.0 2026.0 2529.0 2427.0
891.0 1224.0 1623.0 2193.0 2784.0 2700.0
735.0 1019.0 1466.0 2006.5 2331.5 2246.5
805.0 1139.0 1507.0 2041.0 2565.0 2447.0
773.5 936.5 1210.0 1756.5 2512.5 2418.5
812.0 1059.0 1431.0 2026.0 2822.0 2690.0
766.5 976.8 1268.8 1760.2 2291.8 2219.8
858.5 1094.5 1411.0 1982.0 2601.0 2516.5
720.0 969.0 1285.5 1726.5 2381.0 2285.5
706.0 970.5 1257.0 1597.0 1574.5 1517.0
717.0 935.0 1230.2 1764.0 2423.0 2349.2
829.0 1060.0 1392.0 1986.5 2724.5 2643.5
702.5 921.5 1339.0 1831.0 2148.0 2058.5
549.0 651.0 748.0 1104.0 1802.0 1762.0
644.8 881.0 1280.8 1749.0 2053.0 2000.8
878.0 1092.0 1327.0 1745.0 2368.0 2292.0
919.5 1129.5 1434.0 2069.5 2925.5 2850.0
711.0 952.0 1270.0 1797.0 2394.0 2302.0
933.0 1197.2 1551.5 2165.0 2886.0 2796.2
803.0 1095.0 1504.5 1993.5 2662.0 2566.5
911.0 1260.5 1689.0 2227.5 2882.0 2764.0
601.2 845.8 1120.2 1463.8 1473.8 1429.8
911.0 1170.0 1541.0 2187.0 3003.8 2910.8
832.0 1155.0 1508.0 1996.0 2604.0 2499.0
864.0 1157.0 1609.0 2201.0 2733.5 2620.0
747.2 1003.2 1281.5 1803.5 2383.5 2284.2
836.0 1061.5 1364.0 1938.0 2713.0 2601.5
799.0 1005.0 1309.0 1853.5 2526.0 2427.0
793.2 1096.8 1554.2 2108.2 2683.0 2555.8
874.0 1167.0 1554.0 2196.0 3091.0 3000.0
834.0 1087.0 1449.0 2076.0 2940.0 2831.0
640.0 932.0 1265.5 1641.5 1864.0 1819.0
911.2 1214.2 1595.2 2144.5 2765.5 2671.2
776.5 1048.8 1375.5 1702.0 1798.8 1734.2
811.0 1085.0 1446.0 1942.0 2443.0 2355.0
806.0 1048.0 1354.0 1876.0 2610.0 2516.0
874.0 1099.0 1454.0 2094.0 2880.0 2842.0
906.0 1228.5 1628.2 2185.2 2763.0 2647.8
845.2 1154.8 1519.5 1946.5 2659.5 2539.0
750.8 970.8 1260.2 1788.0 2377.2 2283.0
913.0 1204.0 1595.0 2261.0 3178.0 3049.0
748.0 975.0 1300.0 1870.0 2733.0 2619.0
567.0 814.2 1131.0 1471.0 1600.0 1553.5
586.2 808.0 1102.0 1514.0 2074.0 1984.8
682.0 908.0 1178.0 1613.2 2030.8 1954.5
950.0 1228.0 1561.0 2202.0 3162.0 3089.0
774.0 1019.0 1314.8 1903.5 2600.2 2521.2
853.5 1109.0 1470.0 2096.5 2805.0 2714.5
794.2 1101.8 1720.5 2272.0 2521.5 2432.5
691.5 970.0 1384.0 1883.0 2344.0 2263.0
100.0 100.0 100.0 100.0 100.0 100.0
