0.8435
0.7702
0.7304
0.4559
0.9858
0.6632
0.8975
0.4824
0.4158
0.6694
0.882
0.6853
0.3519
0.0624
0.0897
0.5579
0.4803
0.2404
0.6228
0.5135
0.7687
0.9891
0.145
0.7778
0.145
0.5205
0.3878
0.5789
0.8953
0.226
0.1035
0.5843
0.9178
0.3662
0.8773
0.5237
0.8234
0.5745
0.8739
0.0091
0.4673
0.9176
0.6938
0.9485
0.3027
0.5254
0.6784
0.362
0.9841
0.0735
0.5367
0.5817
0.4846
0.9481
0.5208
0.1342
0.4557
0.7712
0.8734
0.5014
0.4634
0.5682
0.3749
0.932
0.977
0.9366
0.2379
0.8956
0.0004
0.7136
0.182
0.6716
0.2842
0.9856
0.9319
0.9427
0.04
0.7877
0.5635
0.1056
0.0799
0.2481
0.0274
0.5274
0.2348
0.8132
0.8075
0.0094
0.815
0.7865
0.2515
0.5668
0.93
0.3644
0.1009
0.8395
0.339
0.2114
0.5252
0.7074
0.2409
0.0826
0.8005
0.2754
0.2238
0.2949
0.741
0.6999
0.6658
0.1243
0.1916
0.6306
0.1332
0.9997
0.7955
0.4373
0.6518
0.1267
0.8111
0.6432
0.348
0.8542
0.4316
0.8833
0.6348
0.8973
0.7695
0.5417
0.3725
0.4281
0.8481
0.1172
0.7808
0.9901
0.4462
0.7651
0.8998
0.8361
0.2079
0.5054
0.7137
0.0058
0.0948
0.2545
0.5358
0.0065
0.452
0.7479
0.7353
0.5793
0.9957
0.8863
0.2357
0.8062
0.3854
0.7491
0.5747
0.7141
0.7024
0.893
0.9892
0.6817
0.7879
0.6626
0.3322
0.9529
0.769
0.8634
0.261
0.8293
0.8605
0.4173
0.9004
0.7458
0.2863
0.7226
0.014
0.3875
0.5282
0.3156
0.0544
0.5436
0.5615
0.357
0.7481
0.5232
0.4174
0.5669
0.6103
0.5069
0.7587
0.6067
0.0261
0.7683
0.5678
0.659
0.7483
0.6876
0.3286
0.4101
0.7957
0.4327
0.0375
0.1905
0.7622
0.0116
0.605
0.08
0.8759
0.8976
0.1706
0.9782
0.2771
0.004
0.5223
0.7207
0.6987
0.8931
0.9104
0.2359
0.3411
0.4687
0.9822
0.2693
0.1673
0.6019
0.0973
0.2324
0.4442
0.343
0.8016
0.108
0.9239
0.7066
0.0609
0.3582
0.9997
0.0452
0.1104
0.0982
0.5699
0.8758
0.8507
0.1725
0.439
0.1357
0.5507
0.036
0.046
0.2452
0.9564
0.0013
0.3618
0.779
0.4096
0.7103
0.557
0.2166
0.0485
0.4228
0.7488
0.7021
0.7808
0.1171
0.4312
0.7073
0.9154
0.2267
0.0993
0.2306
0.7617
0.6982
0.8787
0.7415
0.6538
0.4408
0.0765
0.8662
0.2754
0.47
0.399
0.0015
0.7171
0.6076
0.8959
0.3125
0.9707
0.5967
0.7563
0.9002
0.8972
0.8645
0.8689
0.7909
0.7833
0.6591
0.2799
0.9144
0.0304
0.0824
0.3372
0.9307
0.5625
0.2652
0.2282
0.5285
0.5287
0.9714
0.1062
0.2411
0.9426
0.564
0.1477
0.3166
0.8811
0.6141
0.1595
0.1647
0.5064
0.8229
0.0752
0.74
0.4382
0.237
0.462
0.7867
0.3851
0.9828
0.6628
0.6318
0.3563
0.4427
0.4676
0.8643
0.7338
0.7012
0.5462
0.5035
0.4301
0.6516
0.2659
0.6384
0.0464
0.6671
0.1206
0.7791
0.0473
0.726
0.85
0.4856
0.6454
0.3808
0.8673
0.3624
0.1689
0.9415
0.7597
0.7183
0.7456
0.0516
0.9701
0.5051
0.4376
0.67
0.933
0.8808
0.0532
0.6873
0.5887
0.6049
0.7186
0.0472
0.3182
0.5728
0.6552
0.0804
0.9517
0.6339
0.5289
0.5772
0.3452
0.048
0.5682
0.9484
0.9911
0.0529
0.1718
0.9861
0.1497
0.8689
0.4628
0.5036
0.0538
0.411
0.0201
0.9108
0.0879
0.2778
0.8573
0.2182
0.0148
0.3398
0.4593
0.902
0.0849
0.5102
0.2204
0.119
0.8107
0.0113
0.6799
0.1029
0.7281
0.0821
0.6911
0.314
0.1129
0.4315
0.0629
0.182
0.2492
0.6266
0.5823
0.4767
0.5326
0.2423
0.862
0.4833
0.6379
0.7714
0.9913
0.7169
0.5763
0.8401
0.9982
0.7323
0.1905
0.1182
0.4718
0.4673
0.9336
0.3284
0.518
0.3815
0.8263
0.1455
0.0139
0.9969
0.1904
0.0115
0.2916
0.1653
0.5297
0.1698
0.6767
0.6044
0.135
0.524
0.8247
0.8309
0.3375
0.6648
0.0312
0.3329
0.723
0.5832
0.9737
0.0502
0.7423
0.4993
0.1576
0.8449
0.8229
0.4307
0.7836
0.4087
0.419
0.3424
0.2973
0.8626
0.0363
0.2391
0.1827
0.0286
0.7574
0.1667
0.5758
0.5009
0.0622
0.1892
0.8337
0.8653
0.0564
0.5801
0.1921
0.8466
0.8766
0.5104
0.096
0.9757
0.7927
0.6348
0.7273
0.0248
0.1417
0.4495
0.801
0.1451
0.7636
0.2683
0.2258
0.8498
0.8159
0.2115
0.848
0.4066
0.702
0.4109
0.0294
0.0873
0.8852
0.5884
0.4685
0.6201
0.4883
0.985
0.9241
0.7528
0.5713
0.593
0.1123
0.2489
0.7633
0.3613
0.0815
0.4003
0.5495
0.2923
0.489
0.8842
0.8109
0.2548
0.8169
0.8651
0.0066
0.57
0.4429
0.7937
0.5688
0.3887
0.1142
0.5573
0.2055
0.3313
0.6799
0.6697
0.4166
0.1262
0.776
0.5969
0.4125
0.586
0.7171
0.7048
0.3679
0.4274
0.297
0.3641
0.2893
0.8946
0.8004
0.8272
0.5634
0.2253
0.932
0.9507
0.0274
0.3854
0.573
0.0537
0.5937
0.1669
0.2849
0.8953
0.417
0.836
0.7732
0.899
0.9584
0.084
0.2059
0.6665
0.626
0.0396
0.9569
0.1566
0.2908
0.2242
0.446
0.393
0.8227
0.4884
0.0005
0.2693
0.0363
0.9197
0.2129
0.4138
0.5189
0.4516
0.5429
0.6168
0.8282
0.6236
0.749
0.2441
0.2599
0.7267
0.9595
0.1709
0.5611
0.3108
0.1544
0.6216
0.6326
0.0837
0.95
0.3152
0.4166
0.7564
0.5252
0.2981
0.3978
0.2771
0.2593
0.6843
0.163
0.1898
0.709
0.4627
0.1659
0.3004
0.9707
0.1167
0.7004
0.295
0.8455
0.2099
0.0724
0.5459
0.6037
0.1114
0.9105
0.1527
0.6936
0.9398
0.9307
0.3233
0.8775
0.8569
0.8915
0.8188
0.3926
0.0998
0.136
0.6934
0.7298
0.347
0.5832
0.963
0.8632
0.9816
0.5022
0.8009
0.4251
0.4338
0.27
0.5532
0.8721
0.6966
0.549
0.6315
0.3263
0.9961
0.2825
0.6398
0.9021
0.7866
0.7543
0.2677
0.1698
0.9635
0.094
0.8986
0.5391
0.9532
0.9094
0.3674
0.8343
0.5291
0.1474
0.1337
0.3427
0.9918
0.2407
0.9882
0.823
0.2323
0.5982
0.3311
0.0676
0.6434
0.1377
0.1889
0.1068
0.4137
0.6414
0.3216
0.3125
0.8704
0.6351
0.3103
0.9057
0.233
0.3277
0.886
0.5514
0.6522
0.0577
0.1339
0.8071
0.2928
0.2435
0.2675
0.0363
0.3277
0.6798
0.3323
0.7952
0.0802
0.418
0.8056
0.2079
0.0688
0.4017
0.9312
0.5216
0.3215
0.7548
0.4739
0.5892
0.266
0.9595
0.5755
0.603
0.8987
0.4007
0.9912
0.8505
0.9502
0.2109
0.9116
0.5002
0.1874
0.2926
0.9533
0.1473
0.8025
0.6283
0.4276
0.3831
0.0472
0.9184
0.6136
0.7583
0.3235
0.1916
0.2526
0.867
0.9701
0.8614
0.395
0.9913
0.8319
0.6062
0.1636
0.5459
0.6255
0.6552
0.2936
0.2995
0.1894
0.5954
0.2893
0.9411
0.1971
0.5947
0.4605
0.1181
0.4954
0.6696
0.3918
0.0516
0.4015
0.5281
0.3305
0.6868
0.565
0.7208
0.2933
0.394
0.2845
0.496
0.9396
0.0269
0.3737
0.2883
0.3445
0.1141
0.5042
0.037
0.7956
0.2418
0.5899
0.1474
0.0868
0.558
0.2667
0.4242
0.1056
0.1137
0.2255
0.6013
0.5376
0.1619
0.0376
0.9309
0.9513
0.0461
0.119
0.8985
0.9507
0.2797
0.3232
0.4126
0.2915
0.6395
0.9989
0.1702
0.909
0.9752
0.2099
0.4138
0.1805
0.9896
0.5873
0.1105
0.9241
0.5441
0.2496
0.2783
0.8416
0.5529
0.701
0.7674
0.5567
0.5734
0.0454
0.7183
0.7137
0.375
0.4577
0.9617
0.3681
0.9779
0.9709
0.4904
0.9527
0.7967
0.7732
0.4513
0.7526
0.9919
0.9686
0.4931
0.5478
0.8532
0.7598
0.9026
0.0703
0.7031
0.8405
0.146
0.1479
0.7544
0.3494
0.142
0.9133
0.2029
0.4989
0.9814
0.7354
0.5289
0.7337
0.7337
0.228
0.8153
0.0403
0.1427
0.3368
0.777
0.6023
0.5795
0.2614
0.3814
0.8279
0.3318
0.5156
0.4442
0.2439
0.8321
0.767
0.2852
0.097
0.9715
0.4027
0.458
0.1985
0.2239
0.3971
0.281
0.471
0.3002
0.8806
0.7048
0.9249
0.4044
0.429
0.4557
0.7203
0.2594
0.0337
0.3233
0.6505
0.8365
0.5199
0.3892
0.3505
0.3685
0.3339
0.4442
0.2995
0.9618
0.748
0.0894
0.2614
0.4283
0.8983
0.8002
0.3325
0.1736
0.8373
0.3918
0.8313
0.409
0.3055
0.1247
0.6427
0.4898
0.457
0.4077
0.4332
0.6702
0.2916
0.5965
0.283
0.966
0.1273
0.2139
0.0328
0.0609
0.9961
0.5208
0.9014
0.3437
0.2203
0.4079
0.8441
0.1534
0.9039
0.0629
0.1786
0.7479
0.195
0.7271
0.1946
0.2909
0.2669
0.7544
0.6229
0.0
0.0
0.0
0.0
0.0
0.0
0.0
0.0
0.0
0.0
0.0
0.0
0.0
0.0
0.0
0.0
0.0
0.0
0.0
0.0
0.0
0.0
0.0
0.0
0.0
0.0
0.0
0.0
0.0
0.0
0.0
0.0
0.0
0.0
0.0
0.0
0.0
0.0
0.0
0.0
0.0
0.0
1.0
1.0
1.0
0.0
