0.0615
0.3188
0.5851
0.307
0.1608
0.6283
0.3991
0.5162
0.1953
0.8995
0.5521
0.8921
0.4305
0.619
0.8485
0.0213
0.6046
0.8425
0.1724
0.4193
0.9963
0.3965
0.3254
0.3378
0.601
0.4948
0.4845
0.2384
0.4179
0.6378
0.1692
0.6178
0.8415
0.384
0.3715
0.4084
0.5042
0.9904
0.2893
0.115
0.799
0.193
0.5427
0.3596
0.9105
0.5267
0.0478
0.4254
0.2638
0.7451
0.8644
0.8265
0.7032
0.9328
0.2005
0.101
0.3364
0.5188
0.9001
0.3108
0.1883
0.1499
0.9443
0.9547
0.7731
0.6071
0.1014
0.4481
0.5366
0.327
0.9851
0.2014
0.9315
0.2874
0.8363
0.8912
0.1651
0.3297
0.7538
0.1537
0.9277
0.6811
0.2924
0.0664
0.727
0.7107
0.1708
0.663
0.685
0.5931
0.2461
0.1991
0.6382
0.4849
0.3039
0.8326
0.9188
0.1246
0.542
0.2136
0.5681
0.8934
0.9987
0.7084
0.0725
0.2394
0.2674
0.583
0.1436
0.5816
0.3833
0.0171
0.3163
0.5159
0.3175
0.2419
0.0475
0.1348
0.8318
0.5847
0.3426
0.8115
0.4387
0.8287
0.604
0.0367
0.2259
0.247
0.2184
0.356
0.6074
0.3187
0.5183
0.251
0.9874
0.9748
0.4551
0.409
0.3541
0.1479
0.1941
0.5055
0.5488
0.4018
0.7266
0.4008
0.3942
0.1993
0.4492
0.0701
0.6244
0.9258
0.4692
0.4251
0.2383
0.9009
0.4636
0.0205
0.794
0.7399
0.6519
0.3159
0.8609
0.4272
0.084
0.955
0.7843
0.125
0.9578
0.9079
0.0371
0.9436
0.7981
0.0337
0.1826
0.47
0.4651
0.0917
0.8874
0.2246
0.7196
0.1608
0.8531
0.5938
0.3675
0.4736
0.8775
0.4601
0.3272
0.859
0.9651
0.984
0.2069
0.1663
0.9105
0.4801
0.387
0.3591
0.3931
0.0245
0.3399
0.0387
0.5146
0.4408
0.7182
0.4694
0.906
0.8072
0.3467
0.8856
0.6608
0.0764
0.1138
0.7718
0.7364
0.4791
0.5748
0.1755
0.8736
0.5777
0.6975
0.0861
0.7316
0.27
0.7913
0.5215
0.4761
0.4112
0.8884
0.2281
0.5974
0.1012
0.2236
0.3982
0.658
0.4065
0.9954
0.825
0.3204
0.8897
0.9074
0.1639
0.0091
0.1004
0.9658
0.4368
0.2249
0.5095
0.0061
0.6161
0.3258
0.1637
0.9074
0.5316
0.4233
0.3102
0.7786
0.9173
0.986
0.0254
0.1387
0.7202
0.7633
0.2861
0.2301
0.2212
0.3125
0.3941
0.7028
0.9842
0.1064
0.2574
0.4929
0.3986
0.8626
0.1456
0.9452
0.6686
0.9434
0.2537
0.1136
0.2867
0.5374
0.8825
0.6028
0.3508
0.2273
0.9864
0.1839
0.6147
0.5539
0.9145
0.6121
0.3474
0.5716
0.0377
0.8672
0.4562
0.6859
0.6553
0.8325
0.7505
0.0776
0.9451
0.9304
0.3592
0.3661
0.6912
0.9986
0.1895
0.6846
0.5338
0.6804
0.2606
0.4435
0.6938
0.3015
0.8921
0.767
0.3463
0.0229
0.0148
0.2052
0.9167
0.5363
0.7803
0.2572
0.1156
0.1703
0.2223
0.1149
0.5542
0.0272
0.2546
0.0786
0.9078
0.015
0.874
0.0948
0.1499
0.7386
0.7902
0.0722
0.1752
0.206
0.7525
0.3623
0.5405
0.9701
0.8899
0.1646
0.044
0.7435
0.5971
0.8886
0.1411
0.7398
0.1129
0.6525
0.475
0.9165
0.9283
0.8468
0.7049
0.441
0.7085
0.9798
0.5489
0.2593
0.5754
0.0817
0.4364
0.1554
0.7847
0.5117
0.5751
0.5015
0.0198
0.093
0.3574
0.1169
0.9815
0.0087
0.3892
0.809
0.4097
0.8818
0.5208
0.9097
0.835
0.9361
0.3501
0.7056
0.4449
0.1778
0.9551
0.5324
0.9856
0.6291
0.2777
0.3222
0.3679
0.5994
0.5094
0.1203
0.3076
0.2207
0.8466
0.7412
0.0248
0.5446
0.4877
0.9361
0.0495
0.4807
0.1732
0.5632
0.9673
0.1333
0.7237
0.7517
0.0937
0.7724
0.508
0.5237
0.9622
0.6097
0.1157
0.6633
0.7063
0.8419
0.2043
0.1248
0.0475
0.6667
0.2646
0.1677
0.1758
0.261
0.4072
0.4374
0.5445
0.4199
0.2557
0.1367
0.6626
0.117
0.9991
0.8441
0.8306
0.1542
0.9156
0.0827
0.6474
0.9923
0.7144
0.9928
0.5424
0.1616
0.0432
0.0942
0.0914
0.5831
0.6229
0.9872
0.853
0.7935
0.6848
0.7676
0.7108
0.9852
0.1627
0.0368
0.2452
0.0683
0.7596
0.9993
0.6227
0.4808
0.4763
0.3994
0.4297
0.5791
0.5064
0.5836
0.8156
0.1259
0.9707
0.7212
0.2228
0.483
0.9573
0.2377
0.4539
0.1318
0.4897
0.0134
0.7987
0.7017
0.3937
0.2186
0.9429
0.4805
0.1559
0.3658
0.409
0.3539
0.4655
0.0038
0.1934
0.0873
0.2055
0.6696
0.3414
0.4192
0.2827
0.5893
0.4729
0.9547
0.4522
0.3274
0.3612
0.5914
0.7473
0.4682
0.5676
0.7482
0.4406
0.712
0.777
0.1719
0.5334
0.5247
0.4118
0.1721
0.4579
0.6276
0.9258
0.8882
0.0633
0.0343
0.6315
0.8498
0.3884
0.5176
0.1848
0.027
0.824
0.3462
0.0848
0.8392
0.9502
0.3906
0.6692
0.9075
0.5724
0.7979
0.0098
0.8528
0.2971
0.7188
0.1179
0.8139
0.4128
0.5609
0.093
0.8714
0.9524
0.8439
0.8095
0.7148
0.6518
0.7325
0.2143
0.8462
0.3252
0.5671
0.3005
0.2497
0.6665
0.7512
0.5712
0.333
0.2917
0.0364
0.8797
0.973
0.8419
0.9285
0.6032
0.8912
0.3241
0.6001
0.0821
0.7502
0.7198
0.1044
0.4608
0.2364
0.7707
0.5777
0.8244
0.3307
0.0741
0.6138
0.7353
0.0614
0.455
0.5388
0.2819
0.4936
0.1825
0.6615
0.266
0.0299
0.0679
0.73
0.4728
0.2829
0.7752
0.9755
0.607
0.3427
0.7044
0.0449
0.4352
0.8493
0.5132
0.7229
0.7282
0.9965
0.2957
0.3167
0.7057
0.539
0.9885
0.6906
0.2055
0.1524
0.9594
0.6046
0.8659
0.0727
0.536
0.6161
0.3495
0.7718
0.1021
0.2928
0.4702
0.6458
0.4443
0.4212
0.8963
0.7211
0.0291
0.5056
0.9709
0.7339
0.2906
0.2095
0.2572
0.2396
0.9357
0.0553
0.5948
0.6593
0.8928
0.1236
0.0291
0.5755
0.925
0.1765
0.2978
0.6721
0.8003
0.2659
0.0235
0.8914
0.9255
0.4219
0.6009
0.6653
0.5767
0.4386
0.7354
0.2311
0.3139
0.5433
0.6135
0.7766
0.0521
0.8242
0.8177
0.8537
0.553
0.4188
0.4804
0.8467
0.0763
0.896
0.948
0.5729
0.873
0.6051
0.9546
0.3124
0.3729
0.0157
0.2827
0.0057
0.9011
0.4222
0.1693
0.1398
0.8576
0.5486
0.852
0.1699
0.0844
0.64
0.9118
0.8595
0.1806
0.7005
0.0823
0.1938
0.586
0.0958
0.5456
0.5194
0.2229
0.2758
0.5051
0.0791
0.9411
0.6967
0.7118
0.6913
0.1323
0.3068
0.1202
0.3359
0.9268
0.4519
0.2621
0.19
0.88
0.9038
0.2532
0.3868
0.4153
0.1019
0.1362
0.5915
0.3139
0.4716
0.2282
0.4335
0.1334
0.8042
0.7458
0.946
0.9254
0.4649
0.8315
0.097
0.7859
0.0856
0.7676
0.3238
0.4188
0.3873
0.0816
0.9234
0.3486
0.7743
0.9274
0.3097
0.6102
0.8751
0.6111
0.1447
0.9283
0.4849
0.8245
0.8177
0.3774
0.4496
0.6307
0.2986
0.3579
0.2532
0.4546
0.7689
0.2113
0.5293
0.0743
0.5944
0.0119
0.4702
0.8161
0.9839
0.4452
0.0369
0.508
0.7663
0.2562
0.1088
0.6515
0.109
0.675
0.7088
0.7667
0.8031
0.2764
0.7169
0.9673
0.2433
0.1286
0.7755
0.9154
0.136
0.0121
0.9991
0.1505
0.0822
0.7469
0.2507
0.9109
0.9726
0.663
0.7867
0.2362
0.2482
0.0345
0.1495
0.5994
0.7308
0.2098
0.6881
0.6967
0.5158
0.7958
0.8879
0.9944
0.8228
0.6926
0.2667
0.5426
0.1163
0.4875
0.9733
0.63
0.5333
0.9033
0.8103
0.2973
0.7002
0.3506
0.9394
0.0333
0.0022
0.9802
0.4928
0.5699
0.4027
0.5608
0.7833
0.5818
0.4149
0.6881
0.5808
0.1214
0.0287
0.4081
0.4854
0.8618
0.4919
0.5415
0.8581
0.2177
0.2248
0.636
0.4823
0.7902
0.1423
0.4129
0.7187
0.979
0.0995
0.6196
0.9763
0.8949
0.5108
0.9564
0.4972
0.3736
0.69
0.8544
0.7059
0.6069
0.2661
0.7103
0.3567
0.6101
0.5502
0.2253
0.2114
0.9111
0.8749
0.046
0.6356
0.0308
0.899
0.7734
0.7106
0.1289
0.0449
0.9059
0.532
0.0903
0.3148
0.683
0.728
0.6859
0.3472
0.5745
0.3308
0.6517
0.7123
0.7268
0.3457
0.1411
0.6375
0.4281
0.142
0.1506
0.3298
0.2979
0.3746
0.2721
0.8454
0.5996
0.7945
0.8361
0.4854
0.926
0.4842
0.9648
0.8978
0.0737
0.8961
0.001
0.635
0.4293
0.0216
0.939
0.6073
0.8101
0.6925
0.6077
0.0053
0.9505
0.9733
0.4512
0.8401
0.1099
0.0055
0.1636
0.7588
0.5751
0.3068
0.8621
0.165
0.3264
0.1251
0.6379
0.4886
0.7614
0.7264
0.1156
0.5259
0.8668
0.3405
0.4406
0.0326
0.8527
0.7119
0.7665
0.1552
0.4527
0.0298
0.0849
0.7844
0.294
0.2769
0.1403
0.8397
0.9517
0.0
1.0
1.0
0.0
1.0
1.0
0.0
1.0
1.0
0.0
0.0
1.0
1.0
0.0
0.0
0.0
1.0
0.0
0.0
1.0
0.0
1.0
1.0
0.0
0.0
0.0
1.0
0.0
1.0
0.0
0.0
1.0
0.0
0.0
0.0
0.0
1.0
1.0
1.0
1.0
1.0
1.0
0.0
0.0
0.0
0.0
0.0
0.0
0.0
0.0
0.0
0.0
0.0
0.0
0.0
0.0
0.0
0.0
0.0
0.0
0.0
0.0
0.0
0.0
0.0
0.0
0.0
0.0
0.0
0.0
0.0
0.0
0.0
0.0
0.0
0.0
0.0
0.0
0.0
0.0
0.0
0.0
0.0
0.0
0.0
0.0
0.0
0.0
0.0
0.0
0.0
0.0
0.0
0.0
0.0
0.0
0.0
0.0
0.0
0.0
0.0
0.0
0.0
0.0
0.0
0.0
0.0
0.0
0.0
0.0
0.0
0.0
0.0
0.0
0.0
0.0
0.0
0.0
0.0
0.0
0.0
0.0
0.0
0.0
0.0
0.0
0.0
0.0
0.0
0.0
0.0
0.0
0.0
0.0
0.0
0.0
0.0
0.0
0.0
0.0
0.0
0.0
0.0
0.0
0.0
0.0
0.0
0.0
0.0
0.0
0.0
0.0
0.0
0.0
0.0
0.0
0.0
0.0
0.0
0.0
0.0
0.0
0.0
0.0
0.0
0.0
0.0
0.0
0.0
0.0
0.0
0.0
0.0
0.0
0.0
0.0
0.0
0.0
0.0
0.0
0.0
0.0
0.0
0.0
0.0
0.0
0.0
0.0
0.0
0.0
0.0
0.0
0.0
0.0
0.0
0.0
0.0
0.0
0.0
0.0
0.0
0.0
0.0
0.0
0.0
0.0
0.0
0.0
0.0
0.0
0.0
0.0
0.0
0.0
0.0
0.0
0.0
0.0
0.0
0.0
0.0
0.0
0.0
0.0
0.0
0.0
0.0
0.0
0.0
0.0
0.0
0.0
0.0
0.0
0.0
0.0
0.0
0.0
0.0
0.0
0.0
0.0
0.0
0.0
