0.1817
0.2893
0.7062
0.7782
0.835
0.964
0.1981
0.4789
0.4196
0.8218
0.5647
0.6345
0.4843
0.1956
0.6058
0.194
0.9653
0.0268
0.4371
0.5196
0.9748
0.3044
0.6076
0.3147
0.1509
0.315
0.6012
0.6097
0.3566
0.8848
0.1928
0.1782
0.5403
0.3208
0.0512
0.5958
0.2283
0.1349
0.2217
0.0502
0.7367
0.3537
0.5133
0.4001
0.8264
0.4542
0.2381
0.2917
0.8636
0.2177
0.2413
0.2461
0.708
0.3773
0.2495
0.3869
0.1133
0.9319
0.3315
0.9157
0.3127
0.3427
0.7806
0.3963
0.9586
0.8658
0.7959
0.479
0.3292
0.4024
0.0108
0.5539
0.7175
0.1917
0.9853
0.2081
0.8876
0.2096
0.3546
0.9533
0.1703
0.907
0.1212
0.6547
0.4487
0.6839
0.429
0.001
0.9505
0.5027
0.3514
0.6668
0.9779
0.0326
0.7467
0.6312
0.4213
0.0784
0.4483
0.8674
0.0996
0.898
0.5985
0.8583
0.9919
0.8753
0.4481
0.5858
0.8751
0.0477
0.1136
0.7806
0.3915
0.4496
0.3851
0.9003
0.635
0.7596
0.0134
0.1127
0.0578
0.8099
0.1783
0.3349
0.679
0.4325
0.7839
0.4672
0.0762
0.2218
0.5184
0.4065
0.3893
0.6969
0.7607
0.2301
0.3162
0.4971
0.1211
0.2232
0.3964
0.3226
0.6547
0.2989
0.4256
0.7823
0.4216
0.209
0.8204
0.0431
0.2537
0.5875
0.9381
0.4447
0.0322
0.0052
0.3061
0.2959
0.7927
0.0415
0.1095
0.713
0.4275
0.7143
0.4122
0.08
0.3994
0.9847
0.2681
0.2648
0.6709
0.8944
0.8348
0.4961
0.6424
0.8897
0.6075
0.4323
0.3985
0.4171
0.0777
0.9263
0.6323
0.566
0.6022
0.9877
0.1164
0.9081
0.8472
0.5784
0.9363
0.4373
0.8973
0.4087
0.9562
0.364
0.6761
0.8189
0.3624
0.2361
0.1907
0.2851
0.1625
0.9717
0.0726
0.3469
0.8025
0.4282
0.7149
0.1511
0.9306
0.2309
0.7614
0.5577
0.5422
0.8746
0.3708
0.0229
0.6505
0.6183
0.7252
0.3926
0.1968
0.3352
0.9802
0.7747
0.6501
0.092
0.2266
0.1993
0.9756
0.1234
0.0056
0.1643
0.9519
0.8347
0.2604
0.4301
0.1236
0.4677
0.3503
0.5128
0.8926
0.9608
0.6032
0.993
0.5087
0.5135
0.2872
0.8375
0.3015
0.1946
0.0698
0.8291
0.3529
0.1472
0.9842
0.5715
0.1043
0.9791
0.419
0.5927
0.2234
0.8905
0.9375
0.7154
0.7751
0.57
0.782
0.4703
0.2596
0.2696
0.039
0.8899
0.0519
0.9872
0.6879
0.2713
0.9755
0.6488
0.9854
0.8706
0.7907
0.9746
0.9006
0.5525
0.7142
0.1686
0.9156
0.8656
0.7544
0.4285
0.127
0.4639
0.4325
0.1163
0.3264
0.4266
0.8825
0.2055
0.4996
0.07
0.1791
0.1885
0.1457
0.8778
0.9516
0.2784
0.261
0.1284
0.912
0.331
0.1676
0.73
0.3917
0.1529
0.5663
0.1299
0.7895
0.1673
0.8142
0.3653
0.5263
0.2067
0.5494
0.2393
0.1139
0.8819
0.2181
0.9093
0.394
0.7474
0.8702
0.664
0.8553
0.9906
0.8109
0.2963
0.4495
0.0745
0.8881
0.0401
0.777
0.6681
0.0049
0.9044
0.1708
0.5144
0.5598
0.1618
0.5251
0.3826
0.026
0.3217
0.6674
0.4825
0.242
0.5153
0.9282
0.3133
0.6008
0.198
0.8163
0.5865
0.9176
0.6588
0.726
0.3232
0.3133
0.0416
0.5737
0.7772
0.4745
0.7714
0.5905
0.8332
0.3078
0.6419
0.8355
0.0685
0.7605
0.7596
0.2976
0.5431
0.5869
0.623
0.3401
0.5912
0.085
0.2196
0.1639
0.3258
0.0972
0.9469
0.8859
0.337
0.6191
0.5104
0.9348
0.5809
0.5447
0.0591
0.6925
0.3056
0.373
0.326
0.9765
0.5391
0.7916
0.2529
0.1247
0.2785
0.6829
0.5871
0.4389
0.394
0.4261
0.3743
0.2944
0.1283
0.5313
0.4188
0.005
0.06
0.8116
0.583
0.4098
0.9513
0.8071
0.2502
0.8467
0.8356
0.5445
0.9655
0.6733
0.3332
0.366
0.9436
0.1615
0.324
0.5374
0.9856
0.7218
0.9169
0.0398
0.5348
0.05
0.1495
0.4276
0.8988
0.9079
0.7434
0.1223
0.8488
0.3861
0.0737
0.8289
0.9381
0.6199
0.2809
0.326
0.311
0.5619
0.2984
0.3909
0.9211
0.6424
0.7937
0.3863
0.0859
0.105
0.9027
0.3242
0.2993
0.9039
0.7943
0.2692
0.3131
0.2062
0.6629
0.5458
0.9636
0.8461
0.8325
0.8764
0.4098
0.2662
0.6403
0.6332
0.7352
0.6441
0.4877
0.4567
0.892
0.3726
0.5412
0.2172
0.7501
0.7811
0.437
0.5391
0.8362
0.7586
0.0452
0.3142
0.2374
0.8204
0.9725
0.3522
0.1524
0.732
0.0529
0.3479
0.2266
0.7944
0.2919
0.6926
0.2749
0.2872
0.6739
0.7767
0.658
0.6519
0.9616
0.6801
0.8061
0.2987
0.975
0.9011
0.0369
0.0523
0.7987
0.5458
0.3867
0.8333
0.5881
0.2157
0.1786
0.8594
0.1893
0.4798
0.1056
0.6599
0.1793
0.0662
0.8991
0.6488
0.3514
0.2936
0.6544
0.8079
0.0972
0.6645
0.8929
0.7991
0.2816
0.595
0.6891
0.4575
0.6367
0.4847
0.6001
0.2101
0.5486
0.536
0.922
0.157
0.3328
0.0497
0.9353
0.2295
0.7797
0.2514
0.5145
0.8818
0.35
0.718
0.1185
0.343
0.0433
0.4013
0.4097
0.8832
0.7241
0.7008
0.6944
0.42
0.7542
0.0687
0.5532
0.8637
0.7613
0.4396
0.8263
0.8209
0.9131
0.0524
0.2996
0.1711
0.2249
0.8171
0.1342
0.1518
0.3162
0.0599
0.1854
0.6044
0.5604
0.7073
0.6909
0.0046
0.9643
0.4871
0.3218
0.4809
0.7672
0.5293
0.9785
0.98
0.0113
0.2533
0.5366
0.7486
0.0842
0.1882
0.7311
0.3389
0.3755
0.1367
0.3998
0.8769
0.107
0.7875
0.1064
0.7267
0.6302
0.2173
0.3644
0.7695
0.6188
0.088
0.9904
0.5482
0.0984
0.187
0.2974
0.7912
0.3763
0.824
0.9401
0.6402
0.7348
0.9439
0.1901
0.5884
0.5436
0.8268
0.389
0.5836
0.943
0.0463
0.5762
0.902
0.1743
0.775
0.2395
0.3783
0.5964
0.2952
0.9968
0.6583
0.6348
0.2897
0.9911
0.2591
0.7271
0.9128
0.5936
0.3711
0.6861
0.9598
0.6711
0.5344
0.5221
0.7466
0.4229
0.1839
0.1686
0.9252
0.8685
0.6777
0.8699
0.6171
0.9537
0.2989
0.7166
0.3195
0.7974
0.7978
0.1923
0.6457
0.8188
0.057
0.9013
0.6607
0.4269
0.814
0.0739
0.4503
0.8394
0.9624
0.0907
0.1714
0.0684
0.4564
0.6257
0.1967
0.8972
0.4448
0.824
0.0047
0.1288
0.5227
0.709
0.6089
0.0219
0.9648
0.8124
0.2575
0.3762
0.8805
0.2624
0.4893
0.3956
0.8648
0.7356
0.5443
0.8128
0.7913
0.3515
0.1894
0.6887
0.6375
0.8004
0.0767
0.2706
0.8978
0.8402
0.1647
0.6948
0.8646
0.8845
0.8147
0.9889
0.3625
0.314
0.6641
0.6417
0.9962
0.7362
0.5991
0.7012
0.8438
0.3746
0.9072
0.8818
0.0127
0.5623
0.7161
0.5298
0.5089
0.983
0.2749
0.3236
0.4369
0.1262
0.289
0.668
0.0118
0.1853
0.0467
0.811
0.0885
0.702
0.0208
0.639
0.6356
0.6623
0.9664
0.9585
0.2294
0.3823
0.6891
0.7779
0.5789
0.6666
0.9422
0.2379
0.2112
0.8757
0.1568
0.5274
0.2493
0.241
0.5128
0.0513
0.5864
0.3443
0.5969
0.7963
0.1739
0.1421
0.9518
0.9985
0.8103
0.9466
0.1483
0.0793
0.9691
0.468
0.0158
0.1748
0.0062
0.7293
0.8325
0.04
0.7513
0.0049
0.2399
0.9476
0.0844
0.6489
0.1609
0.926
0.1875
0.4141
0.6087
0.6636
0.6242
0.7505
0.0541
0.8767
0.8764
0.2514
0.6609
0.0669
0.5729
0.0063
0.869
0.8093
0.5306
0.2811
0.7609
0.9669
0.8784
0.183
0.5521
0.1349
0.573
0.7234
0.4766
0.0836
0.4918
0.6311
0.1029
0.6637
0.5116
0.9589
0.8606
0.88
0.9594
0.4464
0.9362
0.7593
0.7896
0.0713
0.6716
0.5531
0.1682
0.5911
0.8105
0.6856
0.3997
0.8981
0.5279
0.2668
0.7348
0.9793
0.7605
0.8914
0.8475
0.2453
0.5589
0.9452
0.7526
0.7331
0.1996
0.68
0.7718
0.5176
0.8421
0.6261
0.4721
0.9482
0.3177
0.8628
0.01
0.9783
0.8799
0.7804
0.0904
0.2019
0.1481
0.6104
0.0671
0.3316
0.6316
0.3596
0.6734
0.2496
0.6278
0.1416
0.6271
0.0882
0.5826
0.9657
0.0549
0.0991
0.5462
0.6962
0.2289
0.0808
0.8921
0.5289
0.1496
0.7037
0.8452
0.7065
0.1022
0.1873
0.2771
0.8028
0.3743
0.5283
0.9042
0.3563
0.0073
0.9343
0.3358
0.7645
0.5122
0.407
0.922
0.6343
0.6495
0.9485
0.6023
0.8219
0.4816
0.0042
0.8133
0.5102
0.3988
0.8055
0.8256
0.3214
0.0418
0.6701
0.6874
0.4856
0.4857
0.9377
0.3714
0.3341
0.9365
0.585
0.3843
0.6351
0.3578
0.2414
0.3389
0.667
0.6208
0.5015
0.6713
0.853
0.649
0.8403
0.8393
0.5964
0.173
0.6161
0.6291
0.4559
0.4498
0.3022
0.7777
0.4682
0.8047
0.6551
1.0
0.0
0.0
1.0
0.0
0.0
1.0
0.0
0.0
1.0
1.0
0.0
0.0
1.0
1.0
1.0
0.0
1.0
1.0
0.0
1.0
0.0
0.0
1.0
1.0
1.0
0.0
1.0
0.0
1.0
1.0
0.0
1.0
1.0
1.0
1.0
0.0
0.0
0.0
0.0
0.0
0.0
0.0
0.0
0.0
0.0
