910.3 1272.57 1640.0 2296.41 2648.51 2375.05
881.29 1304.07 1918.87 3185.83 3069.66 1964.63
711.87 1108.68 1527.19 3855.29 2363.84 1394.52
331.88 443.43 636.57 937.26 839.96 527.82
529.84 753.08 1137.88 1833.06 2045.04 1224.53
937.79 1379.95 2050.68 3171.76 3226.28 2071.15
1002.75 1415.44 1905.79 2790.64 3272.39 2626.98
891.48 1254.88 1645.74 2293.88 2559.29 2209.8
1120.37 1602.53 2154.67 3104.25 3612.16 2962.29
522.61 767.9 1090.86 1892.8 1526.88 997.73
133.98 151.99 176.34 226.86 187.84 151.15
519.65 823.84 1087.32 4018.64 1902.73 1004.61
816.77 1217.8 1683.59 3322.73 2141.92 1324.27
829.41 1217.75 1621.28 3371.44 2904.61 2130.44
507.25 738.66 1022.54 2496.23 1567.17 898.11
367.03 558.32 731.27 2633.07 1296.36 695.37
1021.7 1474.95 2153.07 3368.31 3859.68 2616.43
729.6 1022.9 1343.63 2118.84 2193.74 1798.68
841.04 1237.17 1793.49 3334.01 2834.55 1771.08
168.32 203.36 248.66 344.03 310.09 231.91
471.7 791.89 735.4 4880.05 1544.83 752.97
898.62 1282.12 1805.99 2677.29 2751.15 2050.74
580.32 897.98 1265.49 4082.66 2614.13 1464.67
812.97 1186.3 1818.32 2908.51 2466.62 1412.92
1101.63 1554.12 2027.51 2838.62 3424.66 3023.16
243.3 493.2 413.64 4648.96 1522.16 719.5
886.75 1332.14 1985.15 3079.92 2842.31 1885.98
685.47 1053.76 1399.82 3628.47 1944.29 1126.28
787.24 1165.15 1611.53 3326.28 2099.05 1331.29
122.02 133.14 150.54 179.11 174.54 147.29
1000.14 1438.99 2094.39 3164.95 3759.3 2567.62
806.2 1222.31 1605.41 3780.41 2761.25 1806.24
404.0 681.42 714.52 4421.32 1613.89 846.87
1029.3 1474.37 2067.69 3081.26 3262.14 2423.7
983.07 1420.64 2106.7 3221.43 3811.46 2490.82
975.2 1376.54 1933.43 2972.55 2907.08 2138.64
866.57 1289.81 1931.9 2835.61 2580.96 1625.71
226.05 412.01 378.49 3331.83 1176.08 587.03
642.89 979.13 1087.38 3987.76 2229.0 1598.23
682.16 1010.9 1310.12 3745.48 2348.43 1617.96
120.68 131.01 147.09 173.32 181.34 151.85
142.77 181.88 196.04 655.04 359.81 237.53
1002.22 1434.6 1966.15 3051.14 2704.27 1924.91
362.69 492.9 664.82 1029.4 824.88 534.62
1035.08 1450.84 1924.48 2746.15 3181.65 2714.43
972.47 1409.2 2013.14 3145.2 2967.72 1901.57
1098.83 1562.82 2097.7 3025.33 3406.56 2791.19
844.18 1221.45 1723.52 3245.39 2667.86 1829.76
941.17 1405.85 2110.11 3107.39 2823.39 1774.48
822.24 1206.07 1611.78 3603.21 2614.35 1811.71
834.4 1236.89 1872.78 3724.4 3549.56 2078.77
1030.18 1478.6 2127.35 3194.95 3793.82 2651.05
959.48 1434.88 2143.91 3157.93 2833.06 1790.27
720.34 1081.43 1433.62 3634.97 2305.37 1446.56
1043.06 1506.26 2117.33 3152.68 3493.92 2570.02
773.38 1125.12 1638.95 2961.28 2848.66 1823.84
166.65 323.69 278.79 4504.45 1173.75 527.66
805.0 1177.08 1741.5 2684.89 2730.77 1758.73
1040.45 1456.48 1882.89 2664.21 3179.45 2837.09
628.97 870.73 1156.88 1645.51 1903.85 1546.92
143.21 319.09 258.8 3392.78 1077.3 487.71
210.77 404.85 268.65 4249.0 1085.1 565.36
980.27 1465.21 2183.83 3372.88 3721.65 2454.99
1033.37 1478.53 2064.73 3066.6 3267.15 2454.39
1144.89 1608.74 2109.94 3035.88 3442.73 2929.75
1031.37 1457.99 1994.99 2870.31 3103.19 2491.48
408.35 701.86 793.61 4338.28 1898.86 1015.47
925.58 1327.75 1703.54 3165.11 2739.95 2169.45
809.24 1192.29 1676.92 3477.21 2598.32 1566.48
835.44 1220.42 1773.7 3243.75 3086.34 1971.67
878.06 1285.37 1830.82 3272.84 2752.11 1676.93
937.05 1360.16 1620.66 3480.31 2905.85 2541.55
704.22 1035.8 1337.47 3551.16 2383.39 1713.93
145.14 170.06 207.87 261.08 246.09 189.84
622.85 949.09 1237.44 3668.5 2077.89 1241.12
931.63 1326.83 1749.1 2983.9 3116.74 2531.69
315.79 556.25 559.8 3948.37 1429.42 756.1
720.06 1104.04 1509.55 3672.81 2884.04 1912.03
976.25 1414.91 1948.6 3152.42 2856.06 1997.45
406.54 670.21 755.54 4180.99 1873.91 1060.77
524.25 827.48 888.71 3984.35 1935.02 1413.59
270.28 351.29 486.44 742.07 631.3 406.67
959.83 1370.95 1975.67 3130.65 3144.33 2096.19
989.99 1403.94 1858.24 2950.8 2841.44 2318.08
968.77 1454.36 2142.18 3312.01 3127.51 2140.3
311.55 425.15 577.42 1291.91 829.9 506.31
711.25 994.27 1314.88 1937.91 1941.27 1559.09
1004.41 1428.12 1964.2 3132.31 2758.64 2060.04
789.43 1153.29 1705.25 2627.8 2672.67 1722.09
500.85 703.6 990.06 1529.02 1420.21 897.98
889.49 1280.69 1894.05 2890.65 3418.15 2237.46
392.87 594.3 697.25 2580.56 1383.03 813.58
1093.0 1543.56 2094.42 3105.78 3211.62 2560.85
632.41 898.3 1312.47 1987.63 2194.09 1435.0
694.75 1015.23 1364.39 3729.13 2260.31 1492.01
838.38 1229.22 1788.08 3267.66 2815.79 1763.39
1038.55 1454.13 1914.14 2719.16 3198.0 2768.95
535.06 917.09 991.71 4417.5 1910.17 972.83
156.07 343.97 165.48 4576.96 989.16 411.4
155.53 293.16 124.56 2168.28 557.22 261.68
728.48 1061.71 1511.96 2446.39 1724.68 1046.06
309.77 527.9 514.26 4229.93 1530.53 929.45
1001.2 1422.42 1959.42 2876.87 3117.08 2457.17
871.9 1251.98 1865.88 3050.36 2892.37 1711.5
517.29 715.8 1047.0 1673.43 1401.99 851.52
198.81 247.92 333.87 465.74 421.82 280.51
855.45 1258.62 1806.14 3457.49 3188.5 2023.43
438.74 607.1 901.72 1353.78 1203.23 718.8
872.5 1276.53 1662.17 3489.82 2723.61 2137.21
718.88 1049.61 1502.05 3157.82 2829.27 1819.22
705.19 1016.76 1442.57 2763.95 1899.88 1157.39
1047.7 1462.99 1883.74 2641.63 3245.64 2925.83
406.51 789.28 614.85 4900.85 1607.26 794.32
527.87 829.34 909.92 4122.25 2009.4 1370.07
327.0 438.89 587.24 985.78 868.61 628.27
429.88 584.9 789.23 1121.18 1148.31 893.65
945.39 1386.59 2043.51 3144.74 3232.02 2124.39
1043.53 1492.46 2018.35 3185.55 3255.31 2543.22
1124.4 1583.63 2104.12 3071.72 3415.79 2817.01
474.13 742.43 926.08 3969.85 1865.11 1095.03
904.63 1321.94 2038.47 3158.36 2751.45 1579.11
573.59 825.11 1244.68 2084.41 1698.14 980.95
1115.51 1572.4 2112.16 3016.57 3283.63 2713.04
576.32 810.49 1186.63 1912.56 1820.34 1100.72
734.99 1125.76 1462.95 3687.55 2585.77 1856.0
679.34 1035.63 1287.28 4119.88 1946.32 1096.74
730.28 1030.79 1466.6 2443.16 2114.03 1425.21
402.7 672.49 761.82 4175.53 1766.42 980.42
1123.52 1580.5 2124.04 3038.36 3291.82 2714.55
612.94 1005.76 1149.43 4224.07 2152.33 1248.73
1005.44 1412.3 1911.83 2834.07 3046.51 2466.23
431.6 746.58 660.43 4968.36 1420.64 657.51
584.31 826.83 1159.7 1723.02 1820.08 1310.2
830.29 1209.8 1753.05 3154.4 3245.96 2097.83
890.5 1275.18 1735.61 3190.94 2782.97 2094.88
172.28 206.19 244.01 315.54 316.6 277.97
951.0 1364.93 2067.71 3282.12 2834.67 1675.64
916.78 1336.68 1824.54 3334.5 2414.51 1498.35
458.9 676.1 875.36 2313.44 1407.31 865.58
898.07 1276.12 1893.86 3059.42 2593.79 1586.15
320.53 521.82 584.19 2631.18 1224.0 699.2
321.88 489.8 527.83 2132.11 958.63 558.42
1136.85 1593.15 2087.51 2993.78 3306.6 2851.5
451.03 668.19 762.44 2888.93 1611.17 1235.14
935.91 1379.66 1898.72 3418.09 2703.78 1712.17
901.57 1385.54 2031.62 3612.79 2938.92 1842.61
932.13 1353.06 2000.3 3130.28 2923.81 1906.54
684.18 1066.23 1344.32 4264.58 2188.37 1163.9
1029.81 1465.59 1974.25 2981.41 2860.1 2201.41
683.05 1017.53 1384.09 3825.31 2205.52 1297.49
582.78 818.59 1189.54 1902.33 1832.12 1138.26
362.96 681.76 653.3 4594.81 1575.16 812.55
687.06 1020.51 1386.86 2790.22 1677.55 989.42
308.61 534.05 555.01 4478.28 1416.43 697.72
961.12 1364.34 1990.5 3169.81 2781.86 1805.07
530.98 872.55 987.05 4128.76 2098.4 1338.09
978.34 1415.95 1931.74 3023.4 3112.0 2481.71
482.25 756.12 938.02 4177.12 1791.96 1011.79
819.74 1191.89 1604.13 3283.18 2872.56 2147.15
703.83 1001.03 1360.26 2098.39 1958.51 1410.5
679.33 1002.84 1412.68 3184.69 2340.29 1485.91
979.04 1400.05 2115.95 3234.1 2901.25 1760.14
169.19 233.49 260.49 1014.03 476.59 283.92
824.74 1174.29 1705.03 2710.94 2118.67 1323.0
303.94 396.39 502.73 694.6 803.95 673.18
854.37 1184.52 1516.32 2118.08 2597.14 2348.39
650.62 996.64 1330.49 3719.06 2307.56 1321.66
548.0 817.79 1206.85 2128.61 1737.92 1105.48
618.59 957.11 1280.01 3971.76 2405.41 1324.96
659.01 936.84 1423.05 2169.06 1920.61 1121.17
450.99 728.23 740.42 4269.32 1790.06 1205.95
719.31 1118.38 1351.63 3932.58 2458.19 1805.06
655.1 986.5 1409.87 2654.86 2000.8 1252.03
860.72 1300.59 1900.05 3347.2 2634.93 1648.53
508.48 811.0 1003.72 4030.68 1863.71 1038.78
1201.93 1679.06 2126.93 2929.38 3530.46 3256.73
675.95 965.47 1367.52 2130.78 1996.0 1277.45
950.05 1358.84 1839.31 3094.83 2976.46 2353.11
448.3 827.68 703.16 4818.38 1797.16 934.01
179.91 357.55 291.12 4425.7 1186.42 501.41
931.08 1347.99 1989.05 3215.87 3627.76 2362.07
1018.75 1447.31 2016.02 3076.79 3244.74 2395.65
957.04 1358.57 1696.91 3363.76 2946.55 2567.2
732.36 1026.22 1412.21 2126.48 1966.98 1483.64
934.19 1361.91 1914.28 3076.83 2665.8 1713.89
973.28 1397.14 2049.94 3300.07 3213.04 2020.43
638.75 964.18 1157.92 3902.92 2171.79 1634.38
336.4 453.9 659.52 975.0 869.93 531.85
869.95 1243.41 1679.87 2765.57 2985.43 2264.17
1027.58 1504.17 2140.83 3095.03 3021.06 2195.28
426.85 710.38 921.21 3806.02 1791.33 903.97
944.78 1315.21 1693.26 2378.91 2910.42 2610.54
308.01 456.43 597.19 2444.95 1078.45 580.1
284.61 461.84 548.31 2951.88 1336.98 743.5
997.7 1434.71 1954.61 2972.24 2683.03 2061.52
309.1 565.76 586.67 4002.62 1630.66 934.82
653.67 980.45 1366.23 3159.35 2505.93 1677.44
343.62 466.58 659.06 975.07 924.51 623.15
821.84 1207.07 1801.08 3480.84 2579.21 1459.7
786.2 1167.08 1699.04 3176.02 2751.74 1743.37
984.8 1387.9 1926.57 2928.56 2951.37 2242.71
657.73 947.4 1446.69 2348.73 2623.78 1559.13
849.75 1208.83 1653.18 2566.23 2287.83 1626.85
873.07 1269.47 1894.61 3320.36 2678.9 1588.82
434.72 696.32 858.48 4105.56 1767.56 980.34
959.86 1391.34 2054.3 3301.81 3740.76 2436.66
826.21 1236.15 1728.99 3419.96 2747.59 1972.62
325.89 580.14 540.23 4594.99 1523.07 758.37
696.33 1096.61 1289.45 3989.06 2019.35 1144.52
206.07 258.63 341.04 474.93 545.81 387.18
1029.82 1471.21 2001.58 3088.64 2763.56 2005.09
181.95 227.31 295.01 391.79 360.57 260.93
906.95 1315.0 1938.22 3016.46 2946.17 1885.72
1109.32 1555.87 2012.41 2796.46 3417.92 3060.67
882.29 1260.84 1787.26 2683.71 2680.92 1946.06
790.75 1169.35 1663.8 3534.29 2786.6 1673.24
589.24 875.26 1246.09 3263.59 2475.38 1490.85
1062.02 1518.59 2113.62 3141.23 3318.21 2490.13
1104.89 1549.18 2008.0 2790.14 3326.93 2984.89
939.79 1343.77 2043.27 3132.29 2779.89 1649.41
139.62 159.67 187.98 241.26 230.5 178.88
1064.64 1513.22 2025.94 3056.12 2910.25 2252.41
699.68 1040.22 1522.58 3596.6 2257.74 1257.86
530.79 744.76 1009.53 1555.0 1447.18 1030.31
448.23 612.12 811.65 1181.28 1251.24 972.29
728.4 1026.59 1394.38 2339.13 2019.11 1531.36
893.81 1310.96 1617.44 3547.09 2851.78 2311.28
348.46 599.02 677.58 4280.39 1636.03 845.16
500.6 817.82 1080.9 4207.57 1951.7 1108.33
541.35 827.36 1162.0 3670.72 1971.35 1040.1
599.14 846.61 1228.12 1917.41 2186.59 1460.37
460.64 667.86 987.06 1433.57 1356.67 888.04
392.68 653.19 799.99 4207.87 1691.67 827.17
625.5 929.46 1275.54 3464.27 1888.88 1087.15
881.7 1277.08 1835.69 2886.72 2674.52 1656.14
761.77 1078.42 1614.45 2453.16 2216.67 1365.22
413.83 694.79 763.65 4495.98 1726.06 913.53
958.43 1392.63 2006.08 3160.28 2927.25 1808.9
997.24 1476.58 2170.03 3165.39 2999.85 2021.03
976.85 1409.01 2059.71 3127.58 3492.21 2343.96
196.49 438.57 314.91 4750.64 1472.4 679.02
851.04 1230.84 1765.06 3315.4 2300.98 1401.03
629.37 932.03 1194.86 3528.34 1951.01 1283.73
1098.4 1555.46 2093.29 3016.39 3289.61 2706.06
444.57 624.22 850.4 1337.45 1430.73 1067.58
632.2 986.92 1330.83 3598.99 2082.55 1223.85
724.32 1044.6 1458.54 2330.11 2019.97 1305.53
608.06 865.96 1303.87 2137.25 1789.79 1038.93
1020.6 1439.57 1985.2 2983.41 3016.2 2334.71
683.85 1018.54 1414.93 3723.54 2505.44 1471.62
962.38 1383.16 1734.95 3201.05 2894.85 2488.49
370.91 622.39 679.17 4005.6 1327.4 677.1
421.65 669.62 817.28 4053.87 1437.3 777.39
958.63 1397.51 2060.4 3302.46 3154.79 2002.26
941.81 1410.14 2096.47 3187.19 2796.15 1770.26
413.03 717.9 792.57 4606.37 1786.4 940.31
352.63 483.41 709.29 1054.68 931.26 562.87
969.21 1449.14 2177.2 3201.93 2913.18 1830.01
1060.62 1493.14 2037.29 3049.44 3078.5 2417.0
235.56 572.85 152.24 5169.24 1180.41 473.62
629.32 994.42 1371.24 3780.76 2241.06 1296.33
869.55 1243.43 1527.28 3498.47 2765.01 2371.14
790.65 1114.6 1617.45 2416.29 2286.54 1544.43
855.62 1261.78 1895.35 3350.06 2628.46 1495.65
982.37 1412.02 2035.07 3058.49 3440.67 2392.31
828.47 1217.36 1778.85 2586.2 2441.08 1647.14
418.88 682.94 814.62 4109.64 1610.48 818.44
838.55 1259.82 1784.44 3350.44 3050.09 1929.85
916.68 1306.37 1945.46 3226.85 2660.86 1594.89
103.13 238.15 140.14 4615.45 1048.01 423.01
1035.87 1451.76 1906.18 2739.77 3243.22 2790.75
199.53 249.88 321.01 454.84 427.82 298.15
612.3 907.63 1267.49 3843.1 2043.46 1137.55
735.03 1118.0 1453.65 4085.41 2895.35 1776.96
436.9 687.14 733.74 3960.41 1827.04 1307.53
1035.36 1504.74 2117.98 3037.77 3115.38 2357.93
297.06 398.05 549.52 948.29 829.25 516.14
385.28 728.87 461.69 5540.03 1509.2 686.27
538.67 857.58 1127.77 4063.01 2454.54 1351.9
313.58 479.56 507.41 2426.54 1122.51 646.38
313.96 432.37 609.11 861.78 780.28 520.15
1039.67 1534.83 2182.99 3289.74 3246.02 2390.68
430.16 601.63 897.19 1431.16 1593.98 963.75
110.94 117.23 126.91 140.45 138.12 123.9
792.93 1165.67 1523.78 3737.03 2418.73 1591.49
650.25 977.72 1322.0 3715.24 1975.76 1132.02
639.17 992.99 1226.94 4174.9 2223.69 1279.79
1154.18 1619.93 2118.91 2977.27 3382.76 2947.86
845.37 1203.94 1824.8 2791.39 2478.61 1475.22
719.59 1054.27 1392.25 2821.12 2181.61 1522.19
1056.84 1505.87 2080.22 3052.2 3201.29 2489.13
671.5 925.34 1194.5 1658.15 1881.39 1652.09
605.62 883.19 1234.41 2735.43 2334.77 1528.15
896.41 1310.85 2020.64 3175.41 2731.91 1562.46
1205.19 1682.93 2127.6 2925.86 3530.64 3270.4
894.35 1332.65 1872.5 3393.76 2907.8 2090.66
509.47 726.57 1019.91 1628.7 1158.5 716.37
1008.65 1433.2 1880.19 2997.95 3247.89 2716.71
530.79 748.34 1032.08 1467.8 1564.85 1218.45
985.49 1403.76 2072.3 3132.17 2947.84 1934.85
491.63 780.96 870.13 3953.85 2020.08 1391.16
965.26 1384.01 2066.15 3273.5 2872.99 1766.04
861.18 1250.16 1696.04 3359.34 3153.95 2288.89
913.41 1301.18 1867.31 2936.46 2418.87 1603.72
391.11 636.19 679.45 4310.63 1649.35 1050.64
792.99 1180.82 1659.23 3498.51 2884.88 1917.99
918.0 1331.98 1941.58 3212.78 3341.96 2199.17
1164.73 1635.6 2107.26 2966.62 3419.07 3018.61
679.67 972.8 1423.73 2190.23 2146.0 1378.83
955.12 1402.31 2163.9 3629.93 3984.17 2341.79
922.06 1380.58 2056.55 3128.77 2735.73 1721.13
613.77 860.93 1288.88 1955.13 1739.53 1047.92
871.78 1263.4 1721.82 2901.38 2497.2 1722.99
196.9 243.52 324.23 449.89 409.23 278.78
814.67 1161.43 1673.04 2512.3 2976.45 2054.19
234.43 308.66 421.26 579.74 535.08 367.56
379.64 632.82 769.33 4499.71 1940.89 1000.48
686.77 1011.53 1496.24 2189.18 1965.66 1252.25
902.12 1318.06 1880.21 2998.53 3008.77 2072.19
431.5 597.06 854.94 1275.33 1403.89 931.24
761.4 1115.75 1567.24 3192.0 2959.69 1953.04
709.03 982.72 1290.38 1829.58 2195.77 1866.49
952.5 1380.99 2044.83 3135.73 2980.54 1952.06
413.27 635.7 733.45 2907.89 1607.21 1105.6
775.38 1195.74 1574.85 4043.32 2915.39 1883.87
909.96 1301.32 1611.82 3169.99 2869.45 2439.04
817.49 1156.71 1593.84 2349.64 2492.5 1894.21
365.71 497.41 671.32 1040.08 833.21 539.62
1050.39 1533.18 2175.86 3134.21 3123.71 2298.0
802.21 1235.17 1711.11 3816.17 2499.87 1497.27
192.96 238.73 312.66 455.3 436.28 294.07
1079.11 1528.74 2065.16 3011.45 3579.49 2904.65
702.71 979.49 1273.66 1969.31 2200.06 1856.24
704.36 994.15 1470.63 2438.97 1996.45 1191.48
1111.44 1580.55 2168.11 3228.56 3763.92 2911.37
568.81 837.21 1164.02 2898.32 2284.63 1464.76
776.85 1133.17 1547.99 3177.45 2137.0 1335.3
920.19 1356.85 2002.84 3218.87 3320.25 2129.92
614.36 869.3 1205.94 1919.78 1519.33 951.0
650.71 929.2 1357.59 2085.81 2043.78 1314.94
520.23 848.78 928.05 4692.68 1787.17 883.52
1101.5 1553.59 2027.64 2816.31 3315.87 2942.58
437.35 676.48 854.97 3138.11 1499.34 970.62
1030.1 1460.13 2070.39 3050.38 3074.71 2261.71
904.7 1333.81 1967.76 3166.06 3260.18 2092.44
837.6 1270.17 1861.26 3496.89 2619.53 1606.44
582.03 875.71 970.33 2772.06 1878.72 1469.84
893.95 1301.25 1982.83 3212.25 3611.1 2197.96
428.56 682.39 782.62 3574.87 1596.19 866.48
976.71 1392.02 1981.82 3087.95 2613.53 1793.9
419.68 581.38 809.83 1239.66 1152.88 736.4
228.64 306.34 375.43 883.84 663.62 469.67
280.53 499.95 538.89 4300.61 1243.17 630.94
1155.8 1617.83 2097.97 2974.79 3363.19 2964.36
977.05 1387.76 1950.09 3005.49 2686.98 1934.82
422.53 581.35 837.86 1332.79 1266.77 773.35
914.69 1326.55 2017.73 3267.01 2767.41 1588.0
930.19 1346.18 1862.76 3116.04 3198.1 2371.21
970.56 1424.37 2201.47 3650.27 4046.13 2379.46
914.28 1339.5 1973.38 3028.73 3247.65 2129.25
957.82 1411.9 2092.17 3278.05 3453.5 2219.52
450.02 618.12 820.9 1273.41 1103.92 800.49
965.97 1378.81 2066.63 3146.72 2874.16 1795.28
499.75 704.82 969.87 1527.93 1329.34 871.89
797.58 1223.37 1748.8 3774.76 3174.13 2020.3
543.43 839.19 1108.71 3793.84 1643.61 895.25
832.45 1198.51 1703.11 2648.39 2506.76 1620.46
296.15 553.81 522.04 4511.12 1489.67 710.7
640.43 998.34 1398.72 3741.99 2218.84 1290.86
486.51 816.13 791.72 4392.66 1869.36 1277.67
950.65 1352.98 1674.06 3297.09 2939.12 2568.82
753.06 1113.83 1470.54 3377.73 2164.26 1503.86
1084.99 1527.56 1990.44 2841.99 3171.66 2754.21
702.88 1097.05 1474.28 3856.11 2721.16 1659.39
133.99 151.65 182.08 237.06 253.83 188.93
945.96 1353.97 1973.48 3147.65 2456.31 1527.55
913.77 1294.9 1726.43 2420.15 2704.23 2290.38
600.35 890.82 1031.96 3514.52 2106.0 1663.36
906.68 1332.94 2037.59 3543.42 3764.3 2206.96
847.51 1234.16 1803.92 3404.12 2881.04 1682.79
863.44 1204.65 1585.76 2292.94 2562.13 2138.23
251.46 405.6 440.5 2965.03 972.16 517.14
844.84 1258.38 1788.48 3532.04 2860.41 1778.78
532.45 888.13 1010.51 3981.63 1841.24 955.98
488.09 766.96 987.53 4037.77 1822.6 1033.65
1022.91 1454.71 1895.32 2939.39 2967.8 2535.92
695.66 1055.95 1452.5 3529.84 2745.97 1742.06
770.61 1094.37 1510.92 2224.27 2524.75 1928.87
515.26 752.44 1046.55 2421.54 1708.86 1057.91
108.61 288.47 129.22 4732.19 1086.52 402.52
165.73 200.59 247.68 345.41 269.93 198.95
1061.01 1511.79 2092.87 3123.92 3667.8 2813.81
210.56 438.3 296.54 4641.17 1190.54 542.08
208.64 299.39 331.94 1397.99 532.67 307.83
786.05 1161.96 1683.84 3509.55 2782.24 1599.6
361.94 657.28 490.16 5260.36 1392.62 600.39
1040.97 1465.62 1988.41 2936.25 3088.99 2493.02
881.61 1297.46 1793.73 3297.94 2573.88 1634.61
860.4 1263.32 1768.08 3278.01 2956.98 2067.4
987.03 1408.16 1983.29 3058.79 2992.09 2204.83
1014.7 1482.63 2095.14 3106.77 3059.19 2259.82
702.13 1000.49 1468.28 2228.37 2630.68 1730.2
975.18 1387.12 1934.2 2840.25 3403.55 2561.94
1072.58 1530.72 2114.7 3125.55 3333.19 2547.07
1107.09 1568.05 2080.74 3025.3 3282.58 2676.69
947.82 1390.82 2050.96 3155.6 3237.79 2124.44
835.95 1236.67 1739.44 3121.94 2037.51 1212.23
451.93 738.58 843.71 4358.51 1804.99 1071.75
199.61 248.96 326.35 452.09 518.64 369.68
1002.92 1436.95 2031.71 3020.61 3098.57 2300.04
554.05 848.33 1193.15 3702.99 2466.3 1379.34
519.85 719.58 1052.81 1683.09 1409.98 856.13
491.38 688.92 998.14 1505.83 1424.6 940.45
886.09 1285.85 1803.8 3273.02 3165.78 2206.93
793.22 1158.11 1557.75 3068.8 2684.96 1970.79
944.43 1372.44 2027.01 3170.35 3082.92 1962.74
748.23 1113.92 1560.84 3259.47 1919.83 1122.12
277.37 419.3 516.38 2195.39 997.02 591.83
549.95 771.31 1108.2 1640.71 1584.46 1091.34
162.15 371.1 197.52 5101.14 1165.48 489.85
602.14 841.7 1137.01 1644.13 1804.25 1418.93
1058.5 1519.4 2054.07 3135.12 3051.47 2305.2
1040.68 1469.09 1936.89 2736.45 3242.22 2817.78
166.71 198.45 251.4 351.55 308.15 220.15
716.61 1007.64 1417.44 2189.63 1854.5 1287.25
560.68 872.33 964.35 4123.09 2031.46 1414.0
860.31 1244.8 1836.25 2841.64 2783.62 1777.37
1049.75 1495.11 2021.55 2917.45 3318.55 2707.48
702.16 1099.92 1340.3 4331.09 2392.97 1393.44
924.45 1350.46 1905.93 3041.23 2306.16 1515.2
138.72 158.31 188.43 239.63 236.68 185.43
1118.53 1565.69 2004.78 2766.33 3387.03 3102.62
852.55 1211.68 1614.66 2926.07 2657.38 2077.51
254.43 445.29 463.33 3958.84 1477.11 750.61
953.73 1354.03 1974.68 3138.18 2777.25 1815.07
733.04 1083.03 1556.09 3256.51 2433.47 1519.31
744.43 1101.06 1633.45 2508.4 2763.03 1818.35
618.8 885.86 1244.74 1841.05 2083.51 1533.07
606.27 866.0 1201.67 1908.44 1656.95 1077.59
643.5 930.55 1285.32 2292.89 1822.45 1166.83
947.98 1416.76 2117.87 3164.95 2859.98 1811.34
948.62 1378.82 2036.8 3188.32 3102.08 1976.98
470.39 787.49 918.28 4422.37 1840.08 983.64
797.31 1183.63 1619.67 3587.84 2434.31 1510.33
804.8 1173.67 1772.46 3337.62 2520.85 1428.27
1179.54 1651.1 2123.33 2951.5 3447.77 3101.86
961.71 1387.96 2023.69 3076.65 3007.9 2059.16
879.94 1271.6 1580.71 3493.15 2667.61 2175.45
759.17 1106.27 1631.47 2504.92 2670.47 1727.0
755.8 1127.64 1592.98 3650.1 3118.97 1956.32
744.38 1097.18 1563.2 3506.53 2629.21 1537.15
900.77 1310.21 1935.87 3103.42 2832.13 1825.86
936.48 1357.35 1814.04 3284.05 3296.16 2497.99
972.38 1389.01 1971.24 2914.06 2982.37 2203.04
417.26 706.65 840.67 4266.74 1813.81 905.29
1039.41 1456.9 1906.01 2702.03 3286.77 2861.42
1008.19 1442.65 2058.04 3079.07 3682.33 2636.16
280.6 560.22 265.02 5559.59 1207.41 471.06
618.46 905.41 1333.7 1945.96 1748.47 1118.11
336.54 453.79 608.6 936.88 752.72 491.36
756.13 1119.23 1661.28 2552.13 2811.37 1849.55
1010.27 1434.75 1940.49 2875.12 3110.7 2437.54
194.84 242.81 310.59 438.11 412.36 288.8
1115.86 1563.03 2001.55 2769.07 3354.26 3066.92
1037.1 1453.94 1890.99 2706.9 3138.16 2739.32
707.67 985.41 1310.35 1868.64 2039.52 1690.57
131.7 281.52 215.27 4310.21 1044.42 448.38
637.95 966.66 1330.61 3513.03 2655.77 1606.82
994.44 1447.78 2022.8 3225.53 2851.33 1890.42
552.11 907.3 986.84 4688.02 2149.9 1254.18
430.97 673.96 841.45 3918.14 1694.94 928.51
813.9 1152.46 1709.27 2761.43 2332.91 1418.64
999.69 1423.36 2092.98 3153.07 2951.85 1947.41
1011.36 1445.22 1986.72 2919.57 3355.5 2621.71
616.47 869.72 1211.08 1908.6 1856.46 1360.77
747.7 1115.37 1397.08 3785.5 2499.24 1808.56
932.58 1330.29 1822.01 2666.07 2929.07 2284.18
353.51 481.46 681.76 1010.6 957.99 644.39
329.58 692.36 373.09 5143.12 1384.63 617.5
243.45 436.19 449.89 4005.96 1210.69 541.62
396.58 566.99 829.5 1196.69 1133.45 748.06
816.58 1212.85 1712.26 3582.54 3301.7 2118.24
116.48 125.16 138.29 160.13 164.27 140.68
982.2 1433.84 2015.82 3239.23 2814.65 1816.09
967.83 1423.68 2110.47 3252.99 3475.46 2248.08
739.23 1043.33 1550.68 2510.31 2094.5 1251.24
983.64 1395.12 1925.57 2815.97 3358.57 2561.4
785.61 1142.83 1476.67 3658.46 2821.1 2130.75
1042.04 1460.25 1904.86 2700.28 3246.14 2848.22
517.47 793.46 997.1 3469.48 1550.83 941.25
1018.46 1435.45 1938.43 2875.02 3232.41 2595.74
953.69 1398.76 1948.77 3333.75 2745.71 1748.74
890.15 1279.22 1907.64 3120.13 2958.4 1749.61
1009.0 1442.22 1968.14 3034.01 2742.56 1992.86
525.04 735.65 1065.87 1602.41 1886.4 1250.75
865.99 1331.41 1987.55 3549.56 2916.32 1820.94
601.56 853.35 1203.71 1861.15 1749.49 1125.16
314.73 473.66 565.71 2694.83 1039.6 570.66
345.34 458.58 620.14 883.48 896.6 677.31
1021.28 1438.09 1933.21 2853.11 3234.16 2627.33
764.99 1096.04 1672.97 2574.96 2268.18 1316.9
1013.05 1432.03 1891.17 2762.35 2971.38 2516.12
1021.38 1443.21 1923.58 2806.59 3150.21 2580.53
210.71 382.26 376.49 4438.48 1378.15 679.0
528.51 865.07 833.87 4360.19 1800.42 1099.47
366.7 507.13 719.63 1073.02 1140.0 758.28
466.74 686.93 787.5 2535.62 1566.8 1220.7
523.31 835.24 1013.38 4231.75 1968.32 1093.77
929.13 1388.02 2072.93 3052.06 2736.23 1728.16
592.7 867.63 1239.38 2211.91 2075.88 1330.52
510.28 802.15 1004.65 4234.8 1848.94 988.91
688.57 978.33 1395.84 2109.79 2130.75 1468.91
219.48 278.68 371.5 522.32 602.14 423.47
201.83 250.82 335.64 467.69 424.96 287.88
499.54 832.94 859.34 4761.76 1874.75 1000.14
1062.81 1503.42 2016.13 2883.85 3238.79 2713.42
142.66 163.19 198.72 254.05 236.14 178.71
910.66 1318.33 1804.02 3005.85 2461.76 1798.36
733.63 1089.15 1562.89 3411.64 2477.51 1534.47
356.35 489.48 718.97 1133.56 1259.98 770.65
1066.92 1549.32 2171.07 3112.14 3165.36 2400.38
1048.61 1490.18 2100.48 3084.56 3112.13 2306.79
661.92 1013.68 1394.54 3719.79 2655.29 1748.28
980.72 1405.75 2047.48 3272.39 3221.2 2075.61
1047.6 1463.77 1886.63 2647.98 3258.43 2928.68
251.41 323.03 410.0 569.01 592.4 471.72
1060.54 1505.36 2085.98 3183.41 3331.8 2465.67
665.43 935.91 1392.48 2105.93 1904.95 1182.23
317.34 449.46 624.0 1241.87 878.3 558.07
287.82 535.87 572.88 4030.02 1424.85 682.11
871.48 1272.48 1675.63 3453.84 2502.77 1808.79
970.69 1389.6 2113.37 3245.7 2879.38 1709.83
781.43 1188.55 1670.25 3561.76 2811.18 1748.2
798.3 1164.86 1673.8 2797.98 2698.96 1833.37
898.03 1293.47 1913.47 2920.85 3454.06 2260.59
747.98 1060.77 1554.64 2325.53 2202.68 1459.89
962.83 1380.36 1953.58 2931.77 3056.29 2210.33
1004.02 1446.48 2115.26 3206.24 3804.84 2570.89
1024.82 1435.22 1897.99 2745.31 3135.9 2676.22
401.01 659.11 850.77 3935.17 1620.6 882.78
737.21 1073.5 1583.65 2436.32 2477.79 1599.22
689.5 1019.96 1410.77 2735.02 2204.17 1605.99
871.14 1253.83 1901.48 2940.23 2614.14 1558.04
539.29 842.88 1127.9 3856.09 2088.39 1244.2
1008.82 1443.92 1993.72 2938.57 3362.29 2600.23
668.81 950.19 1326.7 1966.01 2097.24 1539.93
823.76 1179.63 1716.37 2686.13 3082.24 2086.31
644.85 979.06 1259.28 3519.61 2122.27 1431.08
866.94 1288.51 1912.0 2806.53 2539.19 1630.76
825.61 1201.81 1754.45 2964.87 2705.91 1715.01
503.49 735.04 1033.21 2028.68 1682.69 1071.14
966.52 1380.93 1983.21 3144.6 2543.18 1669.03
869.25 1295.0 1930.45 2838.88 2545.85 1610.58
1005.31 1443.91 1967.45 3025.56 2966.39 2210.34
984.63 1403.76 2001.1 3137.79 3211.4 2216.91
999.81 1487.01 2186.4 3203.33 3199.34 2242.31
879.76 1255.85 1826.87 2909.16 2271.93 1415.85
455.75 705.53 793.78 3148.31 1403.67 793.49
825.17 1209.99 1590.92 3356.61 2818.36 2100.75
632.01 899.81 1328.82 2103.92 2382.94 1531.28
287.47 376.66 525.45 806.88 684.93 437.63
1080.27 1525.69 2040.79 2909.52 3524.67 2925.54
961.73 1435.12 2116.35 3258.45 2909.68 1883.41
944.4 1354.73 1935.18 2897.23 2915.92 2104.1
544.88 813.28 1116.66 2619.05 1915.49 1186.46
400.28 558.4 797.65 1195.54 1270.95 841.16
257.47 475.29 465.64 4455.68 1384.21 622.8
785.53 1160.27 1628.74 3625.76 2729.42 1637.19
113.11 119.63 131.04 148.53 142.71 123.95
704.11 1028.2 1501.35 2181.62 2061.85 1385.05
1007.37 1466.26 2208.58 3549.43 4004.96 2510.23
381.03 563.05 739.21 2323.03 1302.04 781.32
328.14 443.29 623.54 919.48 872.13 589.91
517.66 749.37 1090.99 1674.28 1825.05 1215.04
501.88 806.63 984.3 4351.28 2296.13 1347.43
1078.52 1513.47 1990.9 2841.97 3224.6 2794.88
964.3 1393.43 2024.38 3098.5 3112.97 2094.14
437.09 685.26 884.14 3586.6 1815.61 1102.53
662.25 976.43 1438.67 2188.02 1906.97 1210.13
700.19 1016.95 1497.46 2300.6 2339.66 1512.13
470.32 696.35 924.36 2581.43 1506.1 894.95
715.2 1068.69 1613.19 2374.86 2243.69 1444.27
498.53 705.25 1002.58 1731.33 1812.71 1189.45
425.23 584.55 831.67 1424.52 1124.45 685.68
275.46 533.1 476.78 4563.65 1550.59 738.47
601.6 866.32 1267.9 1939.11 1971.75 1280.16
986.64 1432.56 2055.0 3104.84 3421.72 2412.31
722.24 1099.34 1435.44 3719.31 2256.78 1371.75
871.56 1243.47 1770.55 2646.35 3002.8 2140.03
693.48 1111.3 1376.59 4073.43 2642.3 1587.42
637.41 991.21 1211.85 4399.02 2253.11 1213.92
1046.72 1462.55 1885.12 2646.12 3251.37 2923.18
731.29 1095.66 1559.85 3005.36 2228.02 1460.98
1061.17 1494.06 1931.78 3139.17 3145.74 2703.65
438.46 599.47 868.1 1376.2 1156.04 709.55
623.11 959.23 1298.77 3866.86 2344.54 1375.33
795.92 1157.36 1780.36 2905.88 3249.09 1920.65
645.36 971.78 1283.21 3108.21 2018.33 1232.97
580.51 888.04 1143.0 3984.29 1995.08 1188.69
500.6 721.78 1057.33 1529.6 1396.53 897.32
125.36 272.33 172.51 4843.99 1100.69 471.01
390.21 696.15 558.04 4520.5 1490.16 754.24
1150.87 1613.67 2094.04 2973.26 3283.48 2889.64
595.67 870.01 1279.47 1864.82 1676.01 1073.36
934.14 1347.15 1891.48 3044.71 2405.86 1489.99
395.3 544.67 755.69 1152.74 1072.58 687.86
974.2 1446.86 2129.44 3122.41 2883.21 1913.91
503.34 817.45 844.59 4538.02 1989.29 1142.99
853.45 1240.77 1621.34 3368.32 2878.65 2251.48
115.61 123.15 134.58 156.25 143.49 126.35
994.2 1410.37 1945.59 2834.21 3058.16 2412.72
711.64 1014.72 1489.91 2262.0 2670.67 1755.96
968.0 1351.95 1747.29 2442.62 2846.93 2551.4
716.67 1041.68 1585.63 2585.91 2157.22 1238.86
515.29 712.85 1042.46 1665.9 1395.76 847.92
886.49 1277.39 1961.46 3011.06 2661.51 1536.74
278.1 372.52 500.11 764.91 560.39 368.09
675.57 963.65 1331.81 1894.58 1906.66 1456.95
305.2 571.2 372.33 5100.79 1335.0 561.26
628.01 872.62 1173.75 1678.04 1952.0 1561.99
1090.55 1585.33 2208.08 3161.4 3345.24 2622.08
630.71 1034.38 1215.39 4167.46 2356.87 1381.22
650.89 964.37 1238.99 3538.37 2408.32 1761.53
757.36 1131.85 1702.68 2504.72 2381.66 1551.88
717.59 1101.68 1491.0 3982.12 2952.71 1668.09
898.99 1298.03 1919.57 2932.79 3242.64 2103.46
543.86 789.49 1156.18 1758.82 1934.19 1283.54
288.97 393.54 549.65 806.22 880.88 603.87
955.37 1381.3 1897.74 2978.57 2936.49 2286.69
809.56 1180.11 1624.21 3463.31 2594.64 1771.87
1170.07 1637.95 2105.02 2956.06 3361.22 3018.21
551.84 807.63 1053.92 2733.77 1596.84 1014.4
991.74 1419.71 1928.44 2728.44 2951.26 2412.04
1088.69 1536.77 2004.45 2864.66 3244.55 2812.61
389.09 531.43 761.35 1204.96 1145.79 703.53
503.44 782.3 1028.32 4131.38 1832.59 972.68
916.16 1304.63 1943.35 3181.11 2655.63 1596.79
810.55 1187.29 1696.32 2752.77 1936.82 1169.59
322.32 580.74 525.05 4755.6 1641.51 823.57
635.13 898.85 1243.04 1968.54 1588.43 1019.49
617.14 925.82 1181.45 3709.73 2116.66 1418.5
889.56 1320.34 1952.02 2993.95 3319.66 2222.94
648.6 933.02 1342.61 2258.92 2053.2 1310.17
640.11 997.5 1202.78 3402.7 1961.83 1178.28
814.5 1188.01 1773.5 3204.7 3286.85 2032.98
818.33 1152.62 1578.33 2287.11 2745.69 2136.93
789.93 1129.45 1570.3 2360.33 2579.87 1909.45
505.97 766.2 1035.66 3914.23 1819.78 978.71
475.66 759.16 984.43 3939.33 2037.83 1152.98
1020.12 1485.77 2101.52 3022.52 3025.21 2240.9
420.14 584.38 796.64 1243.57 1084.54 718.18
334.69 600.75 580.85 4830.48 1792.88 872.75
1189.58 1665.93 2118.05 2950.15 3460.95 3153.81
1095.73 1543.57 2003.7 2839.9 3272.97 2878.48
190.46 465.95 236.16 5017.86 1211.03 505.68
650.99 967.58 1455.25 2137.43 2019.94 1303.96
729.83 1063.77 1514.98 2451.41 1728.16 1048.08
224.56 347.0 361.17 2496.47 933.37 600.84
1051.71 1470.2 1880.25 2597.03 3166.28 2902.12
841.84 1277.57 1862.72 3453.59 2618.72 1609.82
499.2 743.27 1003.51 3112.95 2079.28 1301.62
889.49 1267.17 1906.35 2905.53 2614.95 1599.9
571.38 819.59 1195.18 1819.78 1938.17 1263.49
527.42 739.85 1111.61 1682.02 1492.05 880.8
694.89 1033.53 1388.73 3476.05 2022.47 1170.74
1003.06 1419.28 2008.35 2970.49 3034.02 2241.41
751.16 1119.57 1482.73 3616.09 2116.78 1239.91
937.46 1404.55 2080.97 3291.88 2860.32 1820.48
500.63 835.78 1020.72 4200.64 1878.56 964.06
1017.0 1437.19 1825.37 2958.19 3135.96 2798.09
1013.19 1436.97 1936.05 2857.14 3121.07 2475.05
678.12 936.48 1225.03 1760.42 1964.37 1643.56
921.11 1301.26 1768.12 2550.2 2977.13 2375.34
810.41 1203.6 1790.44 2629.39 2358.78 1495.04
1054.88 1490.74 2029.75 2911.64 3177.71 2580.99
860.12 1247.83 1701.45 3382.91 2681.16 1902.77
737.06 1106.61 1534.56 3395.99 1942.31 1118.83
595.63 867.13 1205.32 2897.14 1815.51 1040.02
905.91 1323.22 2042.9 3150.77 2753.24 1578.79
699.98 1051.61 1512.5 3568.62 2341.03 1315.24
361.95 576.5 731.49 2869.34 1497.7 798.06
261.41 361.98 467.39 1256.36 769.48 485.22
684.99 1021.28 1463.73 2749.21 2091.93 1361.03
909.64 1269.87 1653.16 2332.54 2642.32 2326.91
623.61 859.05 1103.51 1512.22 1781.12 1594.06
646.6 977.4 1296.55 3687.79 2255.2 1354.19
748.1 1126.68 1518.15 3509.42 2717.72 1840.12
1071.67 1527.44 2045.04 2875.98 3209.4 2709.64
555.68 844.54 1185.27 3968.37 2001.04 1071.11
788.87 1123.85 1617.52 2404.86 2374.01 1674.11
630.04 904.42 1378.34 2103.01 1844.06 1071.15
549.0 762.61 1118.98 1793.03 1500.96 908.64
696.8 1028.13 1328.35 3347.53 2360.17 1806.4
712.13 1048.45 1545.88 2260.48 2049.2 1323.92
293.55 385.62 539.24 829.79 703.89 448.57
578.77 906.5 1170.05 3894.62 2079.03 1230.58
917.45 1387.14 2110.65 3122.72 2948.42 1886.2
438.03 723.54 887.42 4028.55 2030.91 1188.11
1036.84 1482.07 2062.21 3054.09 3271.42 2480.57
904.19 1337.43 2034.94 3756.35 3808.5 2222.13
516.6 729.68 1035.21 1546.92 1671.18 1155.03
805.93 1195.69 1786.98 2619.21 2384.71 1505.01
720.94 1034.95 1517.98 2339.07 2291.68 1469.89
966.21 1390.27 1935.97 3082.92 2516.8 1632.7
976.86 1432.46 2217.27 3641.15 4069.1 2394.41
1004.95 1466.29 2082.08 3118.33 3563.81 2625.61
153.68 182.02 225.0 296.84 300.33 226.31
1133.35 1599.12 2128.28 3038.09 3644.69 3018.7
517.43 728.57 1026.88 1588.14 1474.82 930.99
873.11 1256.2 1856.84 2832.77 3349.33 2193.13
254.39 330.91 431.95 646.21 526.01 355.43
408.15 560.85 800.25 1189.24 1395.13 934.29
653.34 1004.37 1295.62 3816.94 1895.44 1146.92
338.53 564.84 664.63 4200.27 1559.46 755.99
852.9 1269.56 1891.56 2913.79 3211.27 2107.59
872.37 1274.76 1764.29 3479.26 3296.65 2287.49
908.55 1349.14 1794.1 3410.47 2782.4 2083.26
1004.22 1425.56 1985.47 3023.72 2758.68 2045.71
861.37 1217.81 1765.9 2792.31 2488.9 1646.4
1048.8 1463.81 1882.13 2636.01 3247.49 2935.03
1011.45 1448.65 2052.01 3059.32 3470.8 2518.56
828.34 1152.67 1492.24 2088.05 2512.21 2230.38
759.73 1157.61 1628.88 3654.72 2933.28 1814.57
808.77 1216.01 1843.34 2720.85 2569.73 1648.72
697.27 1039.0 1463.36 3829.03 2512.02 1419.81
1004.86 1484.79 2155.53 3145.58 3204.64 2313.5
996.69 1437.71 2027.23 3029.48 3394.78 2497.49
712.75 1090.47 1214.26 3924.33 2354.81 1860.08
388.53 537.01 740.07 1368.62 957.76 604.01
496.81 819.66 1015.33 4287.13 1863.78 1039.16
237.26 419.49 460.12 4182.29 1269.47 597.8
785.63 1152.48 1449.08 3716.14 2501.97 1835.75
839.23 1188.33 1730.71 2809.8 2438.78 1573.59
292.84 454.42 573.3 2655.68 1364.93 728.39
792.36 1091.73 1368.13 1869.1 2236.09 2078.81
939.28 1358.54 2003.9 3161.23 3639.6 2378.73
416.42 670.68 789.51 4042.21 1576.89 809.54
806.51 1142.49 1521.47 2444.83 2481.7 1949.42
938.27 1332.87 1959.81 3141.67 2736.78 1738.55
419.69 591.97 843.63 1398.7 1373.63 898.23
734.72 1087.67 1550.57 3643.37 3035.36 1910.41
1043.71 1483.72 1849.28 2986.77 3185.87 2867.75
556.75 774.04 1136.56 1822.24 1525.13 922.59
1049.3 1484.22 2032.17 2925.18 3161.07 2535.94
653.31 990.58 1195.59 3901.54 2119.36 1466.79
875.53 1326.01 1947.08 3466.33 2718.29 1678.04
1046.91 1466.35 1898.86 2665.3 3248.76 2905.49
649.66 957.41 1136.59 3769.83 2248.31 1801.46
921.27 1324.89 1973.08 3222.97 3066.82 1827.25
664.6 954.25 1328.6 2116.8 1836.32 1190.22
187.42 229.99 296.41 424.1 413.66 290.41
565.62 852.35 1071.19 3105.46 1782.93 1029.35
758.6 1098.14 1385.93 3064.16 2375.57 1828.23
1025.19 1439.25 1870.84 2723.47 3188.97 2800.18
469.46 864.7 789.72 4744.58 1768.82 916.05
595.76 873.5 1255.3 2339.83 2039.53 1293.78
985.49 1371.97 1747.84 2416.66 2852.55 2597.5
1016.04 1445.08 1961.22 3231.34 3036.18 2341.63
556.54 809.22 1186.35 1725.49 1551.59 996.51
473.75 868.27 800.46 4749.16 2036.67 1121.26
271.63 360.78 514.43 792.01 876.66 549.03
693.91 1046.48 1491.63 3592.37 2582.64 1587.2
676.3 1008.76 1264.7 3636.15 2192.29 1599.68
1001.42 1442.07 1975.06 3060.01 2941.51 2146.01
866.5 1263.28 1948.62 2996.57 2622.1 1504.38
492.36 688.31 993.53 1491.09 1643.25 1083.84
711.96 1069.66 1492.97 3644.14 2794.53 1728.57
719.23 1039.68 1476.86 2133.36 2095.29 1513.71
473.25 756.62 932.86 4080.59 1508.33 788.68
390.48 593.91 777.18 2787.12 1495.76 858.33
1004.18 1438.87 1953.2 2760.33 3078.89 2552.03
818.75 1205.84 1744.39 3548.13 2531.84 1451.31
351.81 615.57 597.16 4338.08 1382.3 689.28
1027.65 1438.57 1895.97 2732.36 3148.93 2706.85
740.57 1151.47 1626.34 3687.08 2469.06 1472.96
295.81 526.5 467.1 4428.08 1512.51 907.56
1021.25 1455.53 1964.25 2798.43 3118.83 2580.12
649.9 934.55 1426.23 2178.04 1909.39 1107.53
589.43 832.01 1152.34 1831.57 1450.53 909.75
918.63 1338.14 2045.08 3130.63 2789.21 1659.52
416.29 558.59 718.04 988.42 1090.18 937.08
835.65 1258.34 1909.46 2820.26 2663.4 1707.47
544.08 845.15 1167.12 3935.37 1934.53 1021.05
941.62 1326.43 1768.57 2528.35 2877.15 2405.42
948.33 1371.88 2038.61 3074.9 2875.2 1873.17
1017.39 1446.94 2046.05 3002.69 3065.87 2278.27
1014.78 1446.17 2030.0 3008.34 3614.55 2685.44
644.87 914.86 1338.18 2025.98 2390.05 1575.18
732.38 1073.08 1553.85 2899.53 2366.07 1498.3
566.0 914.1 999.75 4573.94 2112.63 1240.84
205.99 427.72 295.1 5000.4 1329.61 622.18
524.71 801.79 1004.99 3232.46 1664.24 950.28
1171.74 1643.29 2120.72 2961.99 3528.85 3130.01
105.22 107.73 111.55 118.79 114.53 108.8
477.55 664.64 957.96 1434.56 1686.82 1122.19
467.13 670.3 973.6 1472.07 1617.13 1078.95
572.24 800.36 1087.46 1682.42 1459.5 1017.08
564.51 795.37 1199.39 1819.29 1612.84 948.54
641.22 978.34 1262.86 3906.53 2628.23 1677.41
615.87 933.08 1363.75 3583.9 2111.3 1149.44
714.4 1099.71 1559.41 3654.85 2289.89 1375.04
710.71 1015.48 1480.21 2778.54 2072.72 1218.86
1103.52 1551.62 2027.76 2859.64 3460.3 3027.26
613.61 926.55 1201.47 3782.8 2316.11 1553.0
495.74 771.16 934.58 3908.51 1744.15 1015.04
434.04 599.6 818.23 1281.81 1021.74 652.66
924.36 1341.32 1930.42 3038.81 2815.03 1741.07
961.46 1388.61 2041.06 3106.84 3452.07 2282.34
312.23 480.61 635.21 2737.66 1445.18 789.48
202.33 256.22 337.75 473.35 499.05 352.58
479.54 766.59 978.45 4117.17 1973.53 1126.98
723.65 1078.12 1602.38 3415.28 2317.96 1290.39
1039.04 1465.79 2033.51 3091.76 3014.52 2269.05
635.7 930.61 1305.37 2775.83 2484.35 1584.11
1108.33 1577.63 2121.84 3062.21 3508.24 2851.64
704.88 1002.78 1508.36 2287.95 2067.73 1256.84
929.39 1335.24 2017.19 3236.31 2783.81 1653.07
929.14 1348.43 1993.42 3089.81 3026.54 1929.21
872.76 1274.01 1857.78 3472.19 3472.95 2235.33
133.71 346.09 249.59 4247.6 1294.99 562.94
231.2 412.28 407.25 4402.89 1264.15 604.77
93.95 279.91 111.1 4698.22 1181.1 440.08
801.45 1175.27 1708.12 3594.88 2509.77 1442.4
735.91 1018.84 1328.5 1898.56 2009.58 1721.39
665.1 942.39 1279.65 1968.19 1877.98 1367.87
782.94 1133.3 1586.11 2539.52 2200.26 1418.73
242.35 337.79 423.68 1034.99 727.26 470.41
231.49 464.91 346.19 4598.73 1241.05 581.22
941.96 1386.91 2122.23 3695.59 3924.66 2299.07
607.27 869.86 1323.42 2016.96 1769.13 1029.42
778.75 1120.61 1574.75 2856.68 2363.39 1599.04
1088.61 1546.86 2127.88 3106.11 3709.36 2859.28
937.31 1340.96 1952.84 3112.38 2434.55 1518.69
745.19 1110.3 1434.88 3564.11 2031.26 1182.08
964.21 1398.27 2064.56 3297.68 3766.69 2450.97
948.24 1374.22 1910.75 2994.44 2479.27 1757.0
625.6 973.72 1379.17 4063.07 2924.66 1618.78
908.77 1309.54 2004.32 3072.73 2735.29 1600.92
1097.03 1556.69 2127.95 3093.31 3697.19 2889.28
859.59 1266.04 1806.09 3424.96 2841.84 1772.85
337.57 466.88 658.36 934.19 867.18 587.77
814.88 1173.88 1674.3 2614.61 2455.39 1561.07
830.05 1218.98 1682.69 3409.53 2691.9 1856.51
324.28 596.04 416.48 5014.66 1352.48 599.38
841.6 1232.1 1822.98 2805.65 2991.9 1930.45
768.35 1085.69 1472.75 2136.27 2412.33 1897.17
945.17 1358.69 1850.22 3149.4 2594.41 1825.29
993.75 1416.78 1927.9 2965.27 2755.68 2034.79
192.81 239.16 311.36 429.06 465.05 332.72
625.69 857.17 1088.18 1486.42 1809.01 1646.75
945.88 1327.45 1756.87 2497.3 2922.37 2440.86
992.14 1447.67 2081.77 3220.29 3446.72 2384.04
282.09 471.81 473.68 3370.91 1161.64 564.38
158.23 190.39 239.17 307.82 288.47 215.9
487.44 750.39 842.83 3813.2 1749.01 1270.49
1066.65 1515.47 2006.8 2942.17 3155.59 2606.4
963.98 1376.54 1884.03 2923.69 2632.85 1887.59
1044.26 1484.55 1973.66 2955.87 3324.75 2774.73
277.0 423.31 530.55 2363.47 1131.1 656.89
1087.57 1533.87 2025.31 2871.39 3333.86 2862.99
990.84 1428.88 2083.49 3157.41 3519.17 2370.67
988.84 1400.24 1938.76 2944.78 2778.33 2098.79
946.52 1387.44 2041.74 3139.19 3232.24 2133.3
314.09 513.63 603.77 3155.86 1380.65 750.86
864.33 1218.8 1736.99 2576.45 2577.01 1855.29
878.1 1288.76 1911.7 2952.91 3003.55 1930.72
441.56 725.74 876.74 4249.0 1731.26 869.53
673.34 949.87 1369.73 2165.51 1696.96 1067.51
390.43 529.65 704.38 1029.94 1035.24 768.83
141.64 339.89 122.98 4957.2 1074.54 415.81
770.74 1137.98 1674.63 3490.54 2435.95 1368.9
303.45 551.57 592.78 4374.38 1495.89 726.6
726.9 1092.6 1611.43 3841.24 3127.69 1808.45
153.76 179.35 221.77 288.34 270.98 204.71
730.97 1044.37 1523.64 2795.32 2127.5 1264.48
638.84 973.21 1196.53 3870.42 2274.55 1548.72
898.46 1351.12 2000.8 3262.72 2689.9 1683.8
1037.06 1470.67 1958.97 2777.76 3238.43 2766.87
545.27 838.87 944.39 3719.29 2159.14 1626.81
393.8 564.99 740.07 1947.55 1051.74 634.22
387.63 552.9 807.48 1163.59 1102.26 728.5
404.67 726.31 709.58 4538.22 1637.23 854.18
879.25 1310.49 1954.25 3012.25 3320.14 2177.84
289.13 529.53 493.73 4608.03 1395.7 637.28
914.82 1349.41 2066.83 3730.77 3847.88 2249.55
1027.91 1465.63 1979.1 2869.49 3404.91 2790.41
679.06 1047.86 1270.44 4150.92 2217.09 1294.99
128.04 327.65 111.68 5184.57 1083.67 437.13
565.46 878.27 1071.66 3865.89 2018.39 1297.99
973.76 1420.86 1995.92 3208.07 2790.25 1805.12
374.74 570.37 660.23 2630.42 1147.57 636.5
629.46 993.69 1334.71 3528.29 2537.39 1576.28
609.89 951.79 1263.6 3853.02 2262.5 1339.55
877.81 1326.01 1951.62 3524.08 3425.81 2211.16
371.42 630.87 686.84 4226.4 1671.42 910.62
407.97 723.7 710.25 4486.44 1547.65 779.04
575.08 873.94 1188.31 3353.11 2102.89 1247.4
1005.6 1429.87 2010.95 3103.4 2695.23 1916.74
1091.02 1537.32 2009.65 2821.05 3351.24 2943.5
578.26 820.06 1000.69 2179.55 1808.49 1547.89
645.91 970.06 1287.14 3695.18 1895.85 1100.54
808.02 1156.65 1719.76 2806.22 2661.3 1578.15
947.05 1342.81 1749.9 2918.74 2970.52 2479.73
539.85 790.54 933.08 2700.82 1902.28 1526.7
978.13 1411.13 1992.33 2983.63 3238.27 2382.49
931.72 1331.01 1744.0 2937.66 2959.62 2402.25
1148.81 1608.72 2094.11 2981.8 3342.3 2922.69
333.07 542.38 661.07 4241.14 1500.75 744.45
815.71 1209.73 1549.14 3515.12 2620.78 1999.39
335.03 451.84 656.26 969.91 865.45 529.34
398.29 629.74 798.75 3839.15 1613.72 817.34
976.14 1384.02 1884.33 3082.94 2922.39 2256.43
293.19 415.49 538.13 1488.89 729.55 432.66
971.38 1453.99 2167.71 3402.86 3701.16 2429.74
60.4 185.8 61.37 4408.19 881.57 330.94
961.03 1359.79 1943.55 3037.41 2841.77 1985.2
436.73 599.44 798.68 1116.95 1198.69 971.15
267.39 623.46 225.14 5350.69 1321.79 550.89
1114.49 1563.34 2009.91 2780.43 3391.68 3084.15
940.64 1387.93 2052.8 3307.43 3402.63 2182.12
686.82 972.73 1389.2 2075.2 2319.75 1609.92
134.13 151.4 175.79 221.68 212.41 167.95
915.14 1405.43 2067.5 3628.55 2983.32 1872.82
891.33 1293.37 1916.21 3034.86 2795.92 1805.31
613.41 867.97 1179.93 1799.56 1546.14 1149.41
1042.23 1459.09 1891.83 2677.94 3224.37 2848.98
846.57 1243.6 1830.85 3522.3 2600.61 1467.25
624.88 943.11 1349.14 3705.3 2168.2 1169.49
482.62 693.89 1014.37 1465.46 1338.35 861.54
146.52 169.75 205.94 264.93 282.96 216.64
865.28 1321.56 1984.61 3333.74 2863.0 1803.09
447.31 614.39 903.69 1354.08 1208.34 740.8
1034.97 1484.85 2010.18 3053.6 3027.7 2309.95
752.61 1091.45 1583.71 3556.77 2325.94 1338.51
585.51 818.65 1110.67 1605.38 1777.19 1396.42
1037.85 1475.72 2022.63 2940.84 3180.35 2541.15
855.39 1259.89 1746.13 3289.19 2632.93 1599.67
604.75 884.09 1301.08 1986.4 2185.83 1445.91
855.41 1262.64 1777.66 3750.52 2892.63 1667.69
1012.97 1447.52 1952.46 2957.77 3015.34 2336.94
1004.35 1436.47 1973.74 2935.32 3339.62 2602.82
1034.19 1476.38 1976.79 2961.43 3040.73 2412.39
757.48 1097.82 1685.69 2584.58 2263.38 1304.63
876.42 1227.48 1603.38 2248.46 2655.35 2318.43
871.05 1287.04 1854.8 3758.05 3492.03 2193.43
1070.24 1526.26 2046.32 2879.6 3204.6 2697.89
718.42 1065.94 1568.46 3553.28 2365.33 1307.2
745.72 1090.2 1523.59 3511.21 2342.99 1439.81
477.93 665.2 894.74 1364.12 1273.91 919.74
704.25 1000.5 1357.04 2058.98 1824.64 1387.68
819.43 1188.65 1693.93 3088.53 3139.04 2111.65
944.31 1341.41 1971.02 3158.35 2730.85 1729.58
609.39 854.44 1278.74 1939.31 1725.56 1039.83
740.96 1069.77 1494.75 2389.55 2071.14 1337.66
836.19 1204.12 1754.49 2692.38 2672.65 1763.13
405.2 699.91 751.92 4540.12 1677.5 864.0
1070.97 1531.05 2069.33 2918.51 3223.35 2672.78
790.6 1196.25 1648.57 3739.23 2896.31 1789.76
1017.44 1467.34 2109.04 3207.43 3254.95 2249.69
734.21 1046.5 1550.9 2524.1 2394.29 1424.06
506.4 720.88 1046.24 1590.05 1616.5 1056.17
426.33 613.83 902.66 1306.69 1237.11 813.06
847.43 1241.04 1763.03 3350.44 2663.19 1767.25
1027.38 1441.04 1901.74 2746.45 3076.77 2634.48
524.55 913.04 897.29 5060.13 1862.44 972.75
896.69 1299.39 1730.01 3149.55 2933.7 2261.38
850.46 1232.03 1718.41 2737.53 2408.32 1588.46
1037.94 1496.41 2044.04 3164.15 2987.23 2172.05
577.5 841.77 1236.21 1800.09 1618.21 1037.66
856.41 1278.54 1613.57 3492.85 2630.0 1877.14
550.25 831.78 1021.73 2741.16 1945.26 1426.7
221.35 465.89 458.16 4168.09 1541.88 754.81
411.28 575.19 823.21 1235.68 1313.86 868.32
599.0 831.05 1096.0 1537.18 1738.93 1471.55
1060.69 1496.43 2047.04 2949.62 3175.78 2548.9
774.79 1099.81 1450.51 2193.95 2294.63 1923.06
921.26 1361.8 2005.26 3233.25 3180.5 2034.13
247.39 320.42 434.93 620.99 719.47 499.04
553.03 963.86 1016.88 4567.61 2306.68 1329.05
306.95 544.23 549.43 4417.66 1596.55 795.42
697.72 1059.68 1304.62 3967.73 2280.01 1493.34
878.69 1303.43 1926.05 2953.11 3274.57 2194.02
631.69 965.41 1208.87 3391.39 2194.6 1569.36
957.95 1431.03 2129.75 3154.97 2835.87 1810.29
903.23 1355.18 2005.25 3257.65 2713.62 1710.7
1011.46 1447.76 2060.7 3076.13 3664.16 2634.28
1052.72 1491.32 1980.97 2923.52 2989.46 2430.93
703.4 1013.9 1470.72 2992.4 2112.78 1225.95
570.77 907.67 1284.37 3836.76 2152.77 1271.2
424.74 573.97 741.2 1031.8 1181.42 994.32
445.11 749.86 909.5 3807.21 1850.65 1114.37
929.79 1350.82 2042.64 3109.68 2821.53 1739.82
335.79 466.3 661.08 939.53 849.71 563.03
563.72 885.18 1197.03 4130.93 2584.6 1435.33
492.97 691.31 1001.79 1511.53 1429.97 943.86
787.41 1207.6 1715.82 3745.95 3121.47 1981.68
960.95 1435.73 2073.42 3401.21 3075.83 2156.93
1078.4 1544.66 2087.4 2945.69 3315.1 2776.3
520.91 847.91 1072.32 3529.16 1805.44 1032.38
730.16 1035.26 1353.26 2508.84 2191.39 1748.88
962.0 1398.0 2014.0 3173.0 2939.0 1816.0
69.0 191.5 59.0 4653.5 930.0 346.0
134.0 394.5 95.5 5146.0 1087.0 409.5
969.0 1403.0 2079.0 3181.0 3518.0 2279.0
155.0 368.0 123.0 5163.0 1156.0 447.0
89.8 263.8 87.2 4769.8 1060.5 381.0
971.0 1390.0 2115.5 3245.0 2879.5 1707.0
122.0 299.0 89.0 4632.0 914.0 354.0
72.0 203.8 71.8 4231.5 957.5 341.5
907.5 1325.5 2047.5 3151.5 2757.0 1579.5
948.0 1357.0 1978.0 3155.0 2462.0 1531.0
56.8 180.8 53.0 4412.8 873.5 325.0
119.5 322.5 80.5 4825.8 970.8 371.8
948.0 1376.0 2046.0 3146.0 2970.0 1921.0
911.0 1341.0 1922.0 3127.8 2196.5 1320.8
985.0 1493.5 2276.8 3372.5 3183.8 2033.8
76.2 218.5 55.5 4643.8 764.8 282.8
962.5 1390.0 1954.5 3151.5 2480.0 1527.0
959.5 1435.2 2145.2 3160.2 2832.8 1787.8
88.5 243.0 63.5 4918.0 903.5 321.0
978.0 1422.0 2105.0 3266.0 3199.0 2037.0
79.2 209.2 66.0 4931.0 970.2 374.0
222.2 574.0 104.8 5481.0 1198.8 463.2
992.0 1434.0 2127.0 3253.0 3849.0 2515.0
980.5 1432.2 2016.0 3245.2 2807.8 1800.2
966.0 1422.0 2112.0 3259.5 3477.0 2237.5
109.2 304.0 68.8 5231.2 1052.0 412.0
978.0 1434.0 2220.0 3640.0 4073.0 2397.0
81.5 229.5 75.0 4588.5 1023.0 369.5
937.0 1353.0 2081.0 3198.0 2826.0 1629.0
924.0 1316.0 1970.0 3207.0 2671.0 1584.0
102.5 315.2 89.5 4914.0 1200.8 467.0
980.0 1467.0 2194.0 3388.8 3736.5 2446.5
955.0 1376.0 2056.0 3368.0 3193.0 1885.0
977.5 1462.0 2197.0 3231.5 2940.0 1846.5
939.0 1381.8 2053.5 3176.2 3230.8 2074.0
265.0 540.0 222.0 5608.0 1151.0 427.0
83.0 265.0 84.5 4714.5 1156.5 420.5
245.0 494.0 207.0 5231.5 1090.0 397.0
304.0 635.0 236.5 5868.5 1229.5 464.5
138.0 335.0 114.0 4964.0 1063.0 407.0
53.8 244.8 74.8 4340.2 1057.2 381.2
1050.0 1465.0 1880.0 2630.0 3252.0 2949.0
1121.0 1568.0 2001.0 2751.0 3375.0 3115.0
1212.0 1691.0 2129.0 2918.5 3531.0 3299.0
100.0 100.0 100.0 100.0 100.0 100.0
