853.79 1270.36 1921.75 3797.99 3651.73 2115.08
100.53 145.82 97.76 1124.97 334.38 178.14
88.23 158.58 78.0 2346.31 428.66 190.37
93.73 160.87 94.28 1802.36 489.76 218.24
101.73 249.05 92.73 3434.23 862.43 354.19
770.01 1134.99 1541.7 3032.33 2683.43 1846.74
274.2 548.64 243.32 5522.91 1175.23 462.18
271.26 546.09 236.29 5555.39 1167.92 450.73
295.7 501.68 382.46 3149.86 936.06 464.17
350.38 564.36 530.8 3583.57 1557.64 1062.54
507.73 794.68 1075.54 3780.72 2078.42 1218.99
446.47 671.5 721.75 3121.34 1707.58 1321.83
323.42 497.49 521.5 3341.64 1510.17 1063.38
288.45 621.39 263.13 4876.0 1362.99 701.26
222.88 365.87 347.13 3224.77 1171.34 754.12
456.05 706.76 788.62 3624.27 1915.37 1344.0
242.14 486.24 204.89 5130.4 1070.49 391.15
658.67 1022.58 1260.41 4250.85 2474.6 1462.61
149.37 282.75 200.26 4153.21 1113.81 577.44
116.68 244.47 97.79 2575.36 584.18 251.83
266.98 450.32 355.4 3197.55 957.88 471.44
464.06 644.84 752.18 2196.79 1846.49 1481.21
276.71 508.36 293.32 4540.12 1131.58 531.83
336.79 600.84 441.06 4651.5 1263.42 572.39
140.09 295.36 116.77 3790.66 869.77 352.94
270.61 479.7 381.19 3842.45 1282.82 799.72
509.03 825.26 897.68 4448.24 1796.08 969.38
178.31 318.05 249.29 4052.69 1109.43 618.11
150.72 309.14 249.21 4133.95 1138.35 483.44
228.05 447.95 194.5 4631.79 974.3 362.29
855.57 1269.31 1860.3 3318.11 2992.35 1900.8
392.88 543.1 631.53 1678.03 1507.62 1220.67
287.3 570.35 447.34 4648.37 1555.72 804.33
440.06 704.41 849.84 3560.05 1629.03 965.55
460.88 676.74 916.42 2518.93 1577.89 1023.78
286.8 516.71 575.31 4312.19 1513.99 747.67
314.37 486.6 505.05 3388.3 1489.53 1037.86
483.27 768.85 931.62 4030.6 2124.09 1256.05
278.8 487.04 397.75 4100.6 1428.84 905.65
273.52 510.82 307.17 4653.58 1111.3 456.83
724.11 1077.15 1438.72 3633.33 2050.0 1198.05
313.07 551.28 558.52 4348.82 1633.36 806.8
350.43 488.17 700.1 1311.31 1266.8 763.61
105.78 228.07 80.41 3321.28 697.65 295.87
90.29 224.23 103.67 4132.76 998.56 394.67
286.84 561.63 273.5 4717.91 1078.95 444.63
240.44 439.14 318.26 4204.69 1299.51 712.67
147.1 227.99 134.76 1766.91 421.59 196.48
599.02 856.42 988.6 2457.88 2010.93 1693.83
255.72 508.38 204.19 4503.25 962.18 378.23
96.6 154.63 95.73 1657.38 420.33 193.71
404.83 598.76 625.58 2734.36 1671.79 1271.0
425.25 770.63 842.04 4539.03 1804.62 965.41
86.04 173.3 77.18 3342.68 684.1 283.92
394.71 632.52 795.09 3198.78 1735.08 984.26
68.16 159.55 65.36 3278.6 670.08 265.83
192.07 358.52 314.62 4662.19 1282.28 625.59
107.91 265.01 110.73 4765.43 928.28 345.32
256.6 455.49 501.1 3150.86 1411.13 754.38
663.16 1023.4 1458.36 3571.41 2189.59 1307.58
142.79 226.83 198.43 1585.89 608.0 375.21
137.54 324.93 213.11 4371.74 1267.1 519.33
290.51 393.64 559.67 963.19 983.63 605.54
344.67 560.82 615.1 3866.14 1438.22 863.55
524.95 805.23 1003.74 2764.67 1916.11 1178.84
195.07 407.9 397.92 3660.43 1245.05 586.3
166.89 341.45 161.37 4090.44 1019.33 456.1
832.2 1230.97 1695.15 3522.58 2505.44 1565.54
80.13 234.83 108.98 3440.73 910.19 375.7
257.18 483.13 435.12 4420.89 1419.03 729.69
517.47 784.76 983.28 3054.76 1647.19 1000.62
217.28 366.96 394.74 2725.08 1004.67 478.86
723.44 1140.21 1545.2 4029.59 2443.71 1455.25
72.92 200.38 72.73 4095.55 929.28 333.55
292.49 465.26 542.87 2963.84 1227.94 686.03
665.16 1001.04 1459.65 2837.03 2076.37 1274.98
625.82 1016.61 1248.99 4108.99 2116.53 1120.67
213.25 441.7 298.66 4040.85 1082.78 481.35
525.67 746.59 1075.15 1791.98 1570.08 1023.42
492.8 735.44 759.25 2807.88 1665.93 1303.67
363.38 599.33 747.3 4023.91 1751.4 969.9
675.72 1011.37 1312.09 3455.04 1933.49 1121.84
77.12 204.77 89.3 4308.52 918.69 380.97
686.47 1029.75 1410.47 3602.79 2539.7 1505.3
248.45 452.06 388.04 3970.66 1470.98 865.21
211.52 403.02 182.29 4046.57 861.4 328.42
484.64 765.2 977.23 4101.29 1855.94 1058.43
109.15 302.92 68.96 5204.11 1046.97 410.35
689.06 1058.73 1451.76 3679.31 2541.53 1554.85
295.73 656.14 297.95 5268.19 1451.93 659.18
244.06 411.36 385.39 3594.9 1331.24 816.81
201.22 363.97 268.74 4124.05 1178.31 665.02
766.57 1156.47 1650.59 3402.24 2984.42 1978.29
418.52 615.9 642.88 2842.75 1739.64 1301.31
366.76 599.79 604.17 3819.68 1620.97 1073.58
903.28 1301.16 1875.58 3245.19 2381.51 1468.43
113.3 227.82 124.09 3431.32 710.11 288.18
297.05 463.11 476.93 3072.59 1241.33 861.77
586.73 830.19 1148.9 1951.76 1805.15 1203.3
593.1 961.47 1208.2 4105.03 2405.8 1418.19
811.52 1205.04 1814.05 3361.64 2571.46 1446.86
104.96 234.75 124.37 4468.08 1012.0 447.4
266.15 484.7 347.08 4369.9 1402.39 792.38
342.99 548.75 593.52 3857.12 1552.38 924.07
284.9 466.28 351.74 3132.09 1029.83 618.91
135.62 292.04 156.99 4516.9 987.47 432.75
533.22 808.98 999.15 3340.77 1913.64 1185.29
934.39 1352.54 1998.4 3447.16 3130.84 1840.03
143.04 210.94 176.26 1766.05 535.62 344.04
316.6 553.19 582.32 3802.96 1676.84 906.63
633.49 1016.84 1243.43 4378.92 2076.24 1161.14
526.16 842.57 1109.22 3741.91 2327.28 1360.7
479.5 748.9 712.4 3809.95 1730.8 1237.7
816.5 1218.01 1700.96 3352.29 2057.92 1209.08
403.44 651.5 825.61 3379.04 1939.28 1048.1
339.09 532.67 500.68 3157.84 1500.43 1061.31
340.96 523.73 557.89 3483.92 1532.7 1092.83
617.12 852.17 1053.69 1843.4 2179.31 1888.26
578.59 903.8 1172.37 3845.38 2161.49 1207.3
201.41 466.07 243.21 4796.57 1248.81 591.23
136.86 236.82 140.45 2472.55 620.4 321.19
167.61 283.71 149.89 2492.66 561.61 238.48
228.29 415.95 282.55 3888.03 1190.18 651.41
351.83 572.62 667.91 3131.72 1471.47 815.33
449.18 656.28 747.91 2693.0 1818.13 1414.12
651.34 993.0 1435.89 3982.27 2871.12 1630.05
284.26 492.42 471.69 4365.16 1285.65 673.63
653.63 997.62 1252.83 4192.08 2047.37 1109.31
518.72 781.97 912.11 3248.08 2062.54 1454.31
108.36 261.21 128.94 4588.54 846.16 343.24
583.81 824.06 1001.99 2417.07 2078.96 1756.15
188.59 402.92 251.37 4349.59 1353.57 700.82
391.61 582.77 603.29 2954.53 1679.08 1256.46
155.3 299.97 205.94 4492.92 1141.39 588.68
665.81 1048.05 1428.14 3810.66 2224.65 1310.79
273.63 445.34 432.44 3544.44 1434.4 881.35
874.03 1300.6 1816.78 3667.44 2895.2 1794.44
446.61 608.6 738.13 1339.78 1506.09 1301.53
207.52 331.14 268.54 2525.91 907.59 562.42
148.95 377.78 138.58 4415.6 1003.54 411.39
693.57 1045.31 1516.6 2764.17 2145.21 1322.52
414.9 604.94 657.23 2205.91 1483.1 1094.42
229.16 365.73 340.22 2917.0 974.45 662.89
155.37 339.55 152.49 4476.96 1039.49 446.82
218.46 442.48 325.51 4990.51 1328.57 602.28
478.27 779.71 896.99 4425.32 2196.1 1245.71
390.0 648.66 772.78 4164.2 1709.35 845.22
150.62 319.33 201.54 4654.44 1080.68 471.96
89.48 202.06 90.41 2954.28 753.49 298.24
84.38 251.6 85.76 4339.83 1070.72 394.48
106.03 261.04 116.19 4142.67 982.92 391.33
902.83 1317.95 1938.27 3247.37 2863.66 1836.58
454.01 811.77 631.09 5286.81 1579.47 760.68
217.82 414.19 187.12 4033.06 850.48 333.5
440.46 679.12 901.01 3365.14 1723.88 997.14
92.12 226.61 90.11 3709.61 842.44 317.2
312.0 497.05 496.84 3400.23 1521.46 1024.37
423.59 699.3 600.04 3326.58 1659.3 1190.57
495.5 764.29 1043.89 4089.96 1870.83 983.06
156.12 354.66 134.59 4764.87 1086.77 429.46
449.08 791.72 877.84 4388.05 1753.35 935.58
188.18 245.44 309.18 606.0 424.06 287.64
213.56 354.86 324.5 3108.43 1161.04 704.16
258.59 346.36 452.53 948.67 607.21 388.33
257.29 475.35 406.87 4400.23 1329.94 661.49
197.46 399.32 324.99 3689.46 1342.33 765.98
104.26 194.54 85.54 2477.91 541.18 244.59
337.4 552.63 551.23 3570.74 1640.06 1104.29
572.73 908.17 1063.94 4185.17 2165.44 1267.61
370.68 525.49 656.28 2105.94 1415.2 992.49
304.89 421.0 472.16 1406.21 1034.64 843.15
226.31 436.84 193.4 4316.62 904.59 350.33
464.25 719.95 692.89 3649.59 1686.0 1206.02
109.96 175.23 100.1 1753.59 401.71 196.29
96.85 243.04 105.98 3733.96 967.42 386.62
799.42 1186.35 1557.31 3624.26 2164.07 1270.16
580.12 823.85 1045.71 2248.73 2145.05 1662.93
713.37 1096.43 1467.29 3867.73 2952.07 1831.26
226.31 503.99 165.82 4241.83 1070.46 497.57
391.88 745.79 499.79 5546.4 1481.7 667.01
334.72 500.69 632.39 2020.56 1172.59 698.64
336.97 598.04 478.41 4642.49 1287.82 559.11
329.82 642.9 314.91 5318.67 1288.93 589.13
125.21 260.85 147.91 4611.97 1073.81 506.63
123.89 232.01 169.55 2233.12 741.36 395.91
503.7 782.77 1001.36 3365.62 1780.13 1056.56
165.93 334.34 226.47 3967.92 1141.95 573.6
532.63 842.9 1004.54 4199.2 1760.61 965.29
117.63 301.14 82.37 4372.02 887.18 345.7
107.83 189.35 92.17 1997.82 449.7 209.15
816.37 1197.79 1740.53 3592.61 2851.3 1644.01
761.04 1123.85 1613.34 3391.84 2916.89 1827.47
349.57 681.61 371.39 5579.75 1358.01 565.33
510.78 802.38 751.42 3737.22 1796.01 1310.66
314.02 525.06 466.07 3865.76 1507.12 1008.19
190.07 405.52 252.87 5031.02 1187.94 519.89
167.48 284.57 292.57 2072.46 752.34 366.04
400.48 674.12 742.2 3949.26 1916.02 1147.64
533.65 853.54 1159.6 4172.09 2624.65 1415.86
171.23 334.31 295.68 4112.89 1169.83 496.97
677.85 966.78 1413.75 2217.99 2546.04 1670.13
309.18 552.44 531.11 4414.74 1497.21 755.54
353.53 492.63 544.65 1542.28 1160.63 943.39
261.07 442.3 406.41 3819.51 1402.08 865.74
170.36 436.2 182.62 5015.61 1185.09 488.87
183.6 453.5 215.21 5033.34 1193.23 486.39
596.46 880.58 1118.95 3221.98 2148.29 1477.77
221.47 429.16 286.83 4606.5 1294.57 728.68
256.68 423.8 391.39 3561.16 1167.91 785.29
524.48 761.87 900.78 2716.75 1950.3 1570.0
414.66 672.3 613.46 3990.52 1574.14 972.78
229.76 307.16 409.43 722.99 547.27 365.61
566.24 829.72 1187.77 2236.06 1941.96 1229.84
100.79 109.06 99.21 292.51 135.47 111.07
322.29 651.15 282.8 5703.68 1281.88 534.88
489.44 676.19 796.73 2073.11 1904.07 1553.07
498.35 723.98 820.76 2616.93 1902.6 1521.09
97.94 133.14 97.41 1044.72 294.31 156.85
139.74 208.0 129.33 1506.56 371.36 181.41
624.21 861.57 1065.54 1809.79 2195.12 1907.77
218.99 385.93 216.43 3295.15 796.58 373.53
356.05 489.13 557.69 1416.29 1101.19 922.92
638.09 958.58 1334.58 3828.08 2317.34 1307.21
260.54 515.37 469.81 4649.44 1708.79 819.7
961.29 1442.23 2143.42 3435.7 3669.14 2394.33
643.43 919.58 1266.71 2218.36 2182.24 1601.0
102.31 299.1 90.29 4553.89 1118.46 439.55
593.81 887.35 1171.53 2777.65 1826.49 1122.4
801.18 1168.35 1698.77 2903.02 2537.02 1615.3
438.7 668.22 845.78 2753.83 1403.39 779.49
886.72 1288.29 1812.28 3413.22 2344.71 1429.51
690.0 1033.64 1295.61 3555.05 2392.94 1525.47
249.18 425.65 274.08 3418.74 960.99 500.75
261.98 474.56 277.0 4176.01 1046.17 495.6
287.45 470.43 448.65 3728.14 1294.01 890.88
417.68 643.51 663.68 3359.38 1675.13 1234.75
181.56 293.33 231.59 2373.7 786.69 492.17
98.39 125.81 97.98 835.88 251.36 144.28
648.94 967.68 1234.53 3255.65 2325.35 1590.47
87.78 287.57 145.08 4294.56 1110.12 423.95
299.02 541.31 507.51 4232.02 1390.63 706.85
90.17 222.26 68.79 4219.25 786.97 288.95
129.59 282.98 110.9 3887.35 849.84 339.05
304.72 516.06 569.21 4442.1 1302.68 630.7
291.24 516.3 403.62 4303.91 1443.6 827.14
357.09 536.53 579.57 2479.88 1596.9 1185.2
97.86 114.97 97.11 618.93 206.71 131.16
429.52 619.03 703.62 2304.11 1796.31 1404.59
314.29 507.44 596.38 3377.37 1554.4 857.0
217.2 374.94 316.08 3654.16 1090.62 687.01
79.03 204.41 60.79 4103.6 685.76 261.07
511.7 746.93 867.97 2813.89 1937.39 1554.77
300.14 552.76 356.6 4838.66 1168.38 483.34
711.74 1053.88 1471.48 3634.1 2222.42 1264.18
530.15 769.17 1002.61 2716.43 1821.81 1201.55
275.56 514.76 453.05 4726.22 1505.82 788.27
95.72 113.4 97.67 492.5 188.6 126.03
410.28 632.12 649.22 3079.51 1676.32 1258.24
813.07 1229.45 1797.43 3296.93 2524.65 1561.37
83.84 184.81 73.59 3852.18 775.87 312.81
338.67 597.63 637.57 4633.4 1542.09 747.59
387.35 565.82 769.0 2547.52 1286.15 719.94
158.16 340.16 235.47 4797.92 1080.67 454.08
758.46 1129.46 1638.41 3303.5 2717.02 1703.16
613.17 875.54 1163.81 2744.99 2359.38 1686.8
349.86 519.18 582.27 2108.89 1348.6 1047.2
781.68 1191.1 1730.48 3572.86 3129.52 1986.74
439.59 747.48 571.4 4529.07 1605.18 1015.87
254.61 447.56 389.75 3851.65 1410.94 852.94
97.1 128.18 97.35 888.04 280.42 154.73
299.61 398.72 461.18 897.7 915.75 786.65
389.32 572.87 618.97 2748.73 1692.72 1259.42
535.51 791.75 960.41 2799.09 1934.99 1455.69
370.8 536.83 720.06 1951.57 1360.05 840.87
483.0 745.04 786.45 3171.59 1852.47 1438.41
197.14 255.92 260.23 727.86 548.71 445.69
229.8 420.1 369.36 3386.44 1403.42 860.58
183.53 435.72 191.6 4733.35 1199.32 566.53
208.45 398.28 291.59 3666.01 1237.19 699.02
634.05 887.72 1108.29 2154.85 2183.62 1794.83
105.42 248.49 146.19 4177.54 1043.55 411.77
790.38 1194.69 1702.2 3417.88 3082.52 2032.36
531.55 824.87 1146.63 3826.38 1856.04 993.08
312.06 453.88 536.84 1988.59 1125.88 803.69
92.34 153.62 89.65 1958.58 482.19 211.59
930.86 1376.36 2027.68 3324.51 3372.97 2160.06
598.36 864.23 983.1 2806.37 2052.15 1690.43
858.7 1258.61 1780.7 3001.37 2159.16 1349.52
155.53 273.74 205.71 2735.63 845.1 457.03
548.86 777.7 939.25 2589.86 1993.42 1663.73
536.36 812.77 1066.01 3246.43 2163.01 1400.09
277.79 472.57 459.76 4081.33 1394.66 800.22
693.0 1068.0 1475.6 3685.17 2633.43 1601.97
294.22 398.41 488.12 1084.23 912.84 721.58
223.99 380.55 320.19 3713.1 1158.3 734.04
90.92 147.68 85.15 2209.53 479.99 219.65
375.9 567.82 646.87 3233.05 1681.87 1176.75
113.92 220.54 98.16 2165.43 504.0 226.68
543.59 735.34 890.16 1733.74 2015.78 1707.97
412.63 649.14 639.67 3641.67 1710.28 1218.01
268.75 473.89 447.33 3597.84 1170.97 605.17
105.77 165.83 94.23 1498.12 357.63 180.41
538.2 791.67 1139.38 2659.97 1725.17 960.19
301.42 485.96 448.16 3267.37 1356.43 933.62
109.3 157.51 103.43 1290.39 335.68 175.13
231.62 432.17 365.27 4196.72 1332.87 696.59
450.73 636.24 728.0 2334.34 1822.35 1439.53
141.57 187.0 187.09 744.07 328.29 213.02
548.54 735.98 901.85 1668.36 2026.78 1726.99
505.46 811.53 1100.76 3756.08 1961.76 1019.32
190.82 346.78 167.02 3314.12 720.09 286.03
247.88 375.45 376.73 2358.36 1081.95 741.58
90.17 168.84 86.71 2485.86 590.62 243.25
481.54 750.14 1048.54 3002.9 1722.81 920.64
825.44 1221.81 1736.31 3553.26 3299.54 2105.85
612.92 919.21 1243.54 3529.62 1960.77 1099.84
691.33 1007.77 1428.76 2408.86 1647.69 996.43
117.83 303.41 82.17 4420.43 896.1 348.49
101.09 193.65 95.43 2194.92 579.04 259.71
248.1 443.28 438.05 4083.03 1379.31 710.07
688.81 1059.58 1499.29 4039.45 3027.99 1714.79
225.96 577.43 114.95 5458.51 1207.65 471.97
216.71 372.21 290.74 3162.13 1015.24 583.45
626.94 881.06 1072.85 2335.82 2163.77 1860.85
93.2 129.57 92.13 1423.19 348.54 178.56
198.69 384.62 238.45 4198.47 1109.59 591.64
197.38 404.89 226.4 4636.52 1185.61 527.7
121.89 280.93 145.92 4104.09 1017.43 435.69
773.3 1090.3 1543.49 2733.4 2398.71 1598.71
233.33 396.52 345.88 3652.12 1146.19 739.64
170.52 350.28 183.98 4229.77 1049.41 488.18
763.68 1160.95 1615.93 3798.98 2392.99 1313.79
168.85 383.26 153.42 5080.76 1189.41 484.51
530.6 843.08 994.38 4009.31 1706.78 935.15
219.97 366.12 329.14 3344.55 1269.3 764.47
346.11 709.88 456.06 5059.8 1480.54 665.04
693.4 1075.34 1316.04 3897.27 1878.26 1077.71
214.13 386.76 377.24 4430.88 1281.55 625.99
98.54 118.17 95.36 712.1 202.08 128.08
112.01 208.62 94.0 2573.79 544.32 238.65
165.56 391.02 228.71 4729.14 1339.54 592.81
819.37 1206.44 1732.74 3571.12 3286.22 2095.8
438.63 695.02 629.83 3775.39 1654.71 1141.54
231.2 437.23 323.68 3980.93 1440.52 830.72
96.55 155.42 95.67 1680.08 425.0 195.08
897.62 1352.4 2001.46 3465.25 3484.38 2255.52
611.1 889.92 1168.03 2893.79 2319.51 1684.03
535.49 766.96 888.8 2436.13 1999.67 1633.44
110.18 267.48 106.95 4773.69 945.26 370.24
91.24 240.75 89.0 4112.79 925.36 341.47
236.75 375.9 322.4 2206.03 964.17 656.34
942.74 1367.89 2020.24 3211.75 3443.04 2222.28
532.49 783.79 903.98 2995.35 1952.34 1520.08
332.82 538.04 637.89 3631.48 1537.11 921.43
192.41 351.66 270.25 3955.85 1054.34 623.27
287.58 492.18 410.43 3900.2 1354.76 841.81
253.85 498.1 239.17 5021.38 1093.77 416.77
601.51 841.64 1033.24 2178.28 2031.95 1745.51
207.64 431.15 390.98 4010.47 1470.38 749.79
281.65 473.4 414.57 3618.37 1322.63 795.79
80.45 172.48 80.31 2984.87 698.76 268.63
197.68 397.92 237.75 4408.2 1160.37 516.61
523.67 739.05 888.5 2253.22 1961.53 1630.47
75.37 191.31 75.19 3734.41 854.33 312.44
198.43 364.27 282.97 4114.01 1071.0 634.63
343.25 542.73 543.78 3678.02 1496.96 1053.13
275.95 426.01 436.39 3137.9 1261.43 867.44
484.23 685.95 775.0 2228.23 1881.19 1519.8
130.99 332.18 102.85 4707.05 993.19 406.51
540.5 780.02 1134.75 2282.09 1626.67 931.19
293.55 553.3 631.3 4158.56 1839.54 904.13
335.16 503.49 625.37 2062.16 1049.05 589.67
155.85 186.3 228.51 399.3 321.47 222.68
100.49 110.83 98.34 372.32 150.52 116.56
739.76 1108.54 1573.79 3523.6 2533.42 1559.77
709.49 1050.62 1417.75 3576.82 2041.09 1192.58
82.24 165.84 82.11 2720.56 643.9 253.18
326.82 496.48 625.75 2548.82 1179.3 721.1
584.93 830.79 1003.49 2474.38 2089.6 1758.51
112.41 328.21 113.27 4896.77 1229.44 489.36
201.12 438.93 317.71 4707.78 1407.16 636.6
63.21 215.3 79.93 3476.48 862.22 323.92
215.01 380.63 361.81 3702.36 1159.27 564.39
64.02 212.77 80.37 3402.24 845.46 319.0
550.57 768.67 943.35 2145.14 2050.08 1617.94
417.8 699.39 745.68 4393.17 1642.47 869.7
292.3 449.85 515.39 2295.7 1089.97 648.45
177.77 358.49 289.35 4418.98 1159.19 479.9
801.62 1217.25 1787.43 3457.17 2545.23 1555.84
359.55 505.58 727.31 1488.33 1031.92 601.45
458.39 628.51 783.41 1666.86 1634.13 1307.74
442.27 698.94 867.32 3991.66 1622.13 853.09
458.18 769.38 763.53 4600.78 1719.57 902.93
272.6 462.14 412.98 3218.3 1329.14 862.48
510.19 780.92 769.75 3265.7 1849.67 1391.1
98.46 105.72 98.45 327.73 147.27 113.31
580.55 895.53 1149.29 3613.93 1956.65 1142.76
303.05 582.96 586.56 4563.7 1651.43 823.05
143.09 197.58 189.23 1076.77 383.64 225.08
356.96 592.65 727.05 4211.03 1774.24 937.95
591.74 891.03 1092.31 3474.2 2008.4 1281.08
237.66 440.7 405.83 4640.98 1288.43 608.75
379.27 572.94 615.54 3066.04 1555.49 1183.14
422.26 694.49 831.51 4295.48 1692.72 862.59
181.84 452.29 209.15 5033.41 1226.29 516.62
280.82 433.76 439.87 3159.23 1398.6 963.85
536.7 815.14 1043.7 3811.87 1714.84 958.77
92.43 194.19 75.96 3273.39 629.23 245.56
796.51 1149.66 1679.51 2707.74 2852.14 1844.5
505.22 804.74 762.42 3388.99 1867.61 1419.02
399.97 547.02 653.06 1435.75 1285.73 1104.8
160.37 325.7 198.26 4498.89 1076.82 534.28
331.55 533.66 495.7 3584.61 1515.1 985.06
495.7 782.29 1002.38 3974.47 1790.7 938.62
107.46 185.1 92.54 1907.53 433.06 203.96
202.84 459.93 231.99 4675.96 1242.75 620.25
481.54 718.67 787.7 3117.39 1836.42 1428.5
268.95 407.78 478.95 2064.89 929.23 504.46
459.19 793.33 886.45 4350.28 1953.01 1081.89
157.63 307.24 227.89 3918.75 1144.44 578.38
588.69 892.9 1088.38 3554.91 2044.08 1393.93
417.48 670.58 832.14 3682.82 1804.44 1086.75
142.55 320.84 206.05 4377.15 1144.73 475.51
665.3 1011.5 1431.02 3640.93 2615.94 1604.98
389.64 657.66 770.23 3629.82 1541.07 844.99
156.08 198.75 233.42 596.42 372.72 249.29
624.4 989.01 1398.02 3857.83 2321.38 1369.55
901.18 1287.66 1916.76 3263.68 2625.66 1551.18
154.31 364.63 122.71 5099.31 1142.72 442.63
158.88 319.98 265.89 4139.09 1230.57 546.76
152.02 353.46 121.75 4888.28 1098.7 428.17
164.24 281.28 210.18 2990.08 826.11 465.94
420.41 665.37 770.21 3886.08 1684.77 1009.91
585.95 797.3 1003.31 1783.71 2053.69 1700.14
101.61 238.89 93.22 3206.98 810.46 336.86
414.76 685.65 563.91 4349.43 1555.82 994.57
79.02 139.24 77.17 2194.61 475.67 209.28
489.24 766.59 961.69 3132.73 1760.76 1036.32
309.97 580.76 304.98 4593.8 1188.07 580.27
78.68 139.87 76.81 2228.3 481.71 211.03
290.79 537.97 513.06 4850.23 1670.87 833.16
804.85 1233.41 1573.29 3763.1 2435.09 1490.5
245.98 439.02 327.68 4128.51 1355.72 821.01
267.87 491.38 497.08 4461.67 1428.09 648.96
161.89 361.68 160.85 4835.59 1116.78 478.03
422.99 600.25 679.47 2453.58 1758.07 1361.85
89.02 154.65 79.48 2195.62 406.61 184.31
627.41 985.98 1366.85 4150.17 2922.84 1624.14
157.15 247.54 216.19 1546.81 507.1 266.59
78.72 205.96 60.21 4163.05 694.46 263.46
248.96 497.21 215.99 5185.8 1102.11 414.14
574.47 898.97 1235.8 3934.71 2018.14 1169.43
702.29 1056.45 1439.06 3278.29 1827.22 1055.81
488.09 713.56 1024.31 1869.07 1756.23 1151.77
370.64 649.57 774.11 4331.45 1726.61 899.5
135.24 344.44 151.69 4609.28 1230.42 544.73
753.97 1118.74 1600.75 3607.96 2639.79 1620.24
353.41 495.94 558.91 1684.98 1237.4 1005.64
152.37 323.91 151.53 4217.77 951.18 436.99
642.47 892.56 1109.82 2218.51 2202.56 1920.77
97.51 131.0 92.09 1144.5 274.19 147.91
181.19 300.56 291.98 3153.09 981.33 506.11
775.11 1205.27 1740.13 3773.33 2669.35 1657.68
690.76 987.36 1360.91 2481.81 2308.47 1610.25
86.42 167.63 74.6 2693.16 479.4 204.32
861.25 1262.33 1791.68 3373.64 2714.31 1651.43
501.63 693.66 815.79 2020.16 1944.28 1595.05
278.02 479.08 405.98 3845.9 1306.61 803.42
290.98 514.35 563.63 4283.05 1267.65 648.75
264.28 419.32 405.99 3491.42 1313.72 869.69
237.13 456.73 294.19 4638.89 1320.36 676.08
904.65 1340.37 1964.96 3359.26 3290.71 2100.6
115.05 236.17 92.47 3201.09 656.99 273.8
335.28 507.84 512.83 3179.82 1505.14 1074.16
309.72 589.12 323.01 4674.68 1126.11 482.63
263.04 420.7 481.53 2968.51 1177.34 592.13
187.45 351.72 228.22 3697.67 1016.67 507.1
196.23 435.79 411.59 4192.19 1382.46 633.96
645.42 900.64 1131.12 2318.64 2222.25 1890.37
379.31 628.68 579.63 3047.13 1474.97 936.97
140.64 273.58 146.04 3299.83 812.96 408.93
907.11 1302.79 1888.74 3224.7 2390.74 1475.88
301.89 659.57 312.32 5193.29 1438.99 666.23
258.95 488.41 255.42 4626.38 1079.27 467.92
952.61 1382.15 2040.44 3212.73 3468.86 2242.2
208.15 314.05 285.02 1609.56 706.7 503.57
115.1 230.81 98.0 2341.23 538.39 237.47
643.44 891.23 1131.67 1898.13 2301.55 1937.41
399.22 601.9 743.23 2603.33 1241.73 702.51
708.34 1122.51 1622.58 3660.01 2551.98 1542.81
504.47 696.76 812.45 2085.91 1930.02 1579.98
209.59 333.34 359.09 2474.82 899.6 469.84
554.11 783.03 948.46 2163.9 1933.55 1632.26
564.7 815.08 944.64 2743.69 2037.45 1673.1
88.92 155.15 79.29 2214.87 409.43 185.08
891.93 1316.75 1872.9 3188.03 2164.82 1294.35
101.17 200.35 95.1 2344.73 613.29 271.13
169.7 350.37 208.15 4228.1 996.83 439.93
485.69 667.52 788.91 2064.99 1855.13 1533.1
136.68 159.88 174.84 332.88 263.3 213.14
692.97 954.2 1203.1 1975.8 2311.65 2058.19
161.66 303.97 228.01 3747.44 1158.78 602.13
235.58 424.15 449.25 4374.16 1285.94 615.71
81.36 134.86 79.73 1960.46 433.67 197.06
653.41 981.64 1272.57 3467.46 2241.05 1408.13
90.63 190.92 91.46 2642.63 682.14 276.6
414.54 607.07 687.14 2871.81 1717.95 1320.3
71.23 241.27 99.01 3800.49 969.15 380.0
245.44 455.88 333.38 4473.11 1346.36 796.3
450.27 689.97 772.82 3077.27 1491.42 944.48
374.26 566.14 610.21 3115.57 1472.92 1127.37
714.42 1068.58 1482.53 2989.6 2360.72 1576.06
123.5 212.58 161.39 2614.4 712.3 386.26
139.6 329.68 119.12 4771.07 1036.3 405.68
594.5 908.46 1134.66 3529.41 1834.36 1008.48
75.58 172.08 67.7 3686.98 753.82 293.78
129.38 167.2 129.53 720.29 249.67 166.44
191.21 384.96 224.02 4570.03 1234.11 657.24
115.8 280.28 84.2 3929.06 805.56 320.22
86.17 125.87 84.95 1480.89 347.66 172.04
206.99 353.73 309.4 3814.77 1218.59 725.43
88.29 158.29 78.11 2335.16 427.03 189.92
778.37 1147.48 1651.99 3300.42 2658.04 1647.98
117.37 167.39 100.68 865.09 256.23 151.64
479.73 720.91 867.67 3586.61 1746.65 1173.28
357.44 592.63 629.31 3774.6 1687.77 1030.23
142.44 163.81 178.07 303.81 270.32 242.72
929.37 1418.9 2145.25 3430.31 3056.76 1935.07
183.13 363.23 210.05 4188.66 1037.47 529.88
60.35 224.29 78.37 3739.47 921.59 341.36
230.22 432.79 402.46 4529.97 1328.49 651.39
229.48 407.35 296.64 3502.34 1153.57 696.06
788.17 1121.87 1525.18 2403.89 2773.15 2192.89
204.2 394.48 247.57 4217.24 1163.24 599.95
112.45 207.87 98.35 1948.24 461.52 213.36
101.5 197.64 107.22 2613.88 640.27 271.99
333.74 540.4 525.97 3573.49 1385.29 872.21
285.43 428.36 452.64 2782.17 1218.38 869.86
306.47 520.72 536.8 3838.81 1566.8 872.37
542.09 880.45 1153.97 4018.91 2018.88 1171.68
171.67 335.42 209.08 3792.4 879.34 386.57
396.34 598.86 768.26 3190.23 1322.7 729.4
131.47 195.91 142.55 1544.66 444.34 262.25
111.06 195.78 98.54 1741.17 421.01 200.66
177.18 399.38 103.03 3498.6 793.99 329.39
99.42 274.74 169.13 3713.51 1050.05 426.91
261.98 517.54 450.97 4561.66 1397.21 635.42
482.04 762.58 969.94 3973.84 1972.12 1159.55
241.57 419.15 350.52 4025.37 1272.64 775.24
185.41 399.84 184.22 4943.89 1223.22 541.77
94.38 154.57 94.87 1626.26 449.44 206.01
548.26 736.26 901.22 1670.39 2027.73 1725.89
276.9 420.87 428.92 2370.17 1169.34 825.49
196.76 301.49 301.13 1809.84 738.37 426.29
68.66 158.61 65.91 3228.46 661.09 263.21
183.55 322.81 161.78 2889.15 632.21 265.59
181.58 343.76 325.99 4451.83 1175.31 511.62
459.83 751.96 886.24 4397.03 1806.98 907.75
518.75 742.12 888.69 2635.77 1918.29 1584.61
321.33 499.75 521.87 3568.35 1489.19 1038.92
756.53 1115.99 1657.83 3491.33 2445.65 1363.31
274.89 621.43 239.89 5133.02 1304.2 585.48
709.12 1037.38 1485.82 3047.0 2791.29 1791.55
392.03 544.09 778.35 1547.28 1110.13 664.33
231.68 440.54 306.65 4549.69 1316.63 757.48
74.92 270.71 119.62 4304.64 1088.52 407.74
535.89 724.54 879.68 1754.55 2007.69 1692.31
125.8 298.27 97.95 4477.75 902.1 360.49
183.09 395.73 323.31 4594.34 1482.65 641.53
57.59 232.92 76.87 3992.39 978.68 358.13
761.09 1147.22 1546.84 3819.75 2472.21 1512.15
404.48 689.09 754.22 4657.18 2029.22 1044.33
368.17 600.89 535.77 3757.34 1269.94 685.19
407.77 643.83 629.91 3670.39 1699.81 1203.45
385.18 600.41 646.91 2668.0 1476.51 1058.53
171.33 376.72 157.84 4848.9 1163.48 494.76
332.35 562.29 610.83 4247.63 1343.5 712.62
146.41 280.02 101.82 2143.64 517.31 237.94
329.11 541.29 488.82 3719.28 1508.26 997.83
317.17 509.26 566.87 4089.04 1551.01 878.35
313.07 524.02 464.22 3872.15 1504.99 1005.4
744.3 1117.68 1586.64 3609.71 2349.04 1313.53
134.8 194.56 125.68 1331.59 337.61 171.28
350.39 647.53 368.22 4926.62 1370.07 711.48
233.68 341.99 327.74 1800.4 820.92 584.35
129.46 237.68 154.84 3594.25 890.02 448.46
170.78 254.32 230.54 1892.29 640.02 434.2
302.65 479.92 526.82 2862.37 1156.31 661.56
534.04 773.84 896.99 2747.44 1924.24 1571.8
628.05 907.87 1262.11 3142.26 2155.51 1377.17
420.32 610.07 687.12 2533.26 1625.06 1281.57
395.84 593.34 623.28 2787.21 1747.21 1296.05
515.23 766.2 1035.84 2691.87 1699.54 1044.14
285.47 625.59 251.83 5013.28 1348.33 676.9
764.09 1118.87 1579.52 2676.95 1854.8 1135.21
88.28 248.94 92.31 4147.98 1036.31 390.9
802.4 1160.48 1626.8 2896.41 2626.17 1858.56
583.44 917.27 1210.73 3732.75 2013.1 1198.86
332.05 482.16 618.08 2070.45 1083.02 635.45
786.67 1201.56 1731.98 3720.42 3122.14 1985.56
123.11 141.53 141.88 362.59 197.57 153.02
845.12 1257.09 1870.66 3363.54 2615.16 1477.89
728.09 1085.75 1453.57 3299.58 2193.47 1360.55
336.19 530.85 672.1 2834.08 1591.7 867.69
150.17 222.6 183.27 1614.34 512.7 304.25
83.9 180.18 69.89 3174.59 549.84 223.69
128.24 209.54 101.11 1343.56 353.94 183.94
392.69 557.76 718.96 1628.64 1308.45 928.79
143.57 284.5 187.54 3281.77 1019.73 505.8
161.54 377.78 305.22 4089.51 1176.41 491.48
591.32 824.88 1003.31 1992.27 2115.58 1810.14
351.6 641.04 417.84 3993.16 1526.02 959.97
235.47 390.13 373.13 3784.69 1305.2 778.98
174.14 371.76 198.75 4646.05 1141.79 496.35
113.38 269.7 108.8 4742.77 964.15 396.93
200.13 344.56 276.54 2980.91 881.91 488.28
567.36 801.18 976.62 2448.78 2028.22 1717.15
342.45 593.86 603.19 4122.87 1463.06 752.35
216.24 383.66 374.36 4179.31 1259.68 653.43
894.33 1329.09 1985.53 3870.95 3730.1 2165.82
526.97 825.56 978.79 3947.94 2046.5 1271.02
94.03 174.25 81.05 2601.73 517.21 214.75
747.98 1117.15 1436.49 3709.95 2109.26 1278.32
120.35 332.3 133.39 4758.18 1229.92 496.61
211.38 397.02 182.35 3818.11 809.46 320.74
301.27 490.74 548.06 3130.86 1165.26 582.92
719.06 1060.23 1476.06 3072.49 2717.05 1813.55
301.17 522.29 574.06 4285.26 1448.85 779.1
156.05 348.42 137.53 4607.18 1061.96 424.41
100.34 129.25 98.57 754.23 249.6 149.88
543.27 833.49 827.47 3504.93 1892.43 1437.45
548.34 787.08 991.59 2555.63 2103.36 1547.44
81.41 197.58 69.62 4416.8 877.58 344.84
199.45 297.23 291.93 1686.86 630.27 352.97
307.36 596.72 506.85 4720.49 1434.6 667.24
585.91 922.67 1165.64 3825.22 1693.07 931.02
256.3 446.88 279.02 3585.61 958.86 493.87
174.94 253.99 241.01 1958.76 693.6 461.15
667.31 982.04 1292.81 3158.24 2288.84 1614.25
163.68 203.37 245.51 562.61 389.26 272.07
857.64 1231.93 1804.27 3321.84 2543.18 1510.19
194.59 283.11 274.05 1426.12 514.14 288.37
437.86 676.85 794.94 3263.04 1586.49 983.59
224.88 447.24 403.9 4468.93 1534.67 718.12
871.22 1254.86 1705.38 2927.9 2398.14 1629.31
331.59 506.63 516.28 2961.91 1533.24 1078.21
74.13 176.36 65.78 3900.23 792.7 305.31
585.47 823.19 1009.38 2379.12 2069.18 1766.52
428.33 678.61 888.78 3645.38 1597.57 897.28
104.04 189.51 86.31 2351.56 517.73 236.9
232.78 417.17 323.79 3774.52 1103.35 574.08
611.18 957.51 1321.32 3900.94 2523.8 1563.53
619.55 970.44 1149.31 4090.95 2018.69 1145.32
435.45 637.32 778.89 2284.95 1590.1 1126.24
493.42 718.86 818.41 2732.14 1817.24 1475.9
417.44 669.54 786.64 4069.24 1425.17 761.83
906.94 1341.99 2042.9 3738.16 3816.21 2229.36
100.62 113.78 97.89 446.5 164.29 121.07
279.15 538.81 267.92 5120.46 1156.9 496.57
746.39 1082.62 1577.07 3426.95 2297.37 1324.31
683.23 1050.1 1340.13 3906.52 2531.09 1563.91
96.4 118.89 94.12 935.9 250.57 147.41
314.78 495.74 514.13 3306.05 1478.67 1010.03
349.93 622.06 654.06 4139.86 1729.65 986.59
336.52 557.51 662.71 3950.16 1788.87 966.43
429.89 583.71 710.79 1345.21 1457.8 1255.44
181.83 349.29 326.19 4452.15 1206.05 563.26
116.43 268.75 135.32 4516.13 855.53 372.61
501.5 853.72 748.38 4913.39 1625.8 842.96
549.87 737.56 904.51 1653.67 2029.26 1731.12
129.39 243.19 112.29 2805.06 664.2 285.39
770.83 1106.17 1557.02 2933.15 2473.8 1653.6
509.95 837.74 916.43 4635.08 1762.49 875.1
408.38 633.74 837.21 2831.83 1460.37 850.51
520.95 805.57 1093.84 3454.85 2156.87 1272.47
373.1 681.94 465.42 4102.97 1572.78 1005.44
208.73 322.49 244.18 2105.05 664.63 393.73
839.94 1247.21 1827.09 3296.77 2971.07 1876.06
218.53 476.5 188.3 3900.01 964.76 412.09
512.78 773.86 976.66 2934.8 1632.53 978.89
797.46 1196.23 1596.26 3670.44 2441.54 1500.15
523.28 844.17 922.25 4494.46 2117.79 1186.01
166.65 351.74 233.66 3767.6 1085.16 487.19
186.21 336.23 288.97 3659.09 1032.91 502.29
84.04 183.78 73.91 3806.63 767.67 310.23
547.25 822.07 1045.57 3288.53 2148.09 1474.49
213.79 403.45 184.14 3898.6 824.82 325.52
311.62 474.38 506.48 2888.7 1393.95 1008.5
307.42 462.21 478.06 3169.3 1475.31 1032.62
205.83 368.47 351.47 4310.7 1260.74 620.43
192.68 383.13 307.24 3587.56 1330.41 759.49
315.27 565.63 536.6 4598.13 1364.33 686.22
209.34 351.64 315.05 3664.17 1162.55 702.47
628.28 925.06 1355.83 2099.05 1801.07 1144.2
73.86 205.2 75.03 4199.63 956.25 344.89
723.73 1083.05 1530.63 3571.54 2760.62 1760.2
802.32 1192.36 1682.09 3594.93 3223.27 2049.06
683.08 989.88 1504.47 2404.24 2036.49 1173.38
319.46 418.86 505.49 841.97 984.53 860.97
70.61 192.11 83.97 2797.25 708.89 278.88
161.84 272.82 260.06 2743.15 781.65 386.65
251.66 463.23 338.99 4032.08 1291.47 774.7
555.54 744.77 913.88 1629.34 2044.69 1747.39
612.12 890.46 1153.26 2889.67 2179.58 1682.45
379.43 589.84 690.64 3282.23 1449.42 864.31
714.62 1020.66 1506.82 2564.72 2346.71 1390.84
536.68 854.16 1015.57 4203.55 1998.97 1101.36
123.04 140.95 144.18 400.05 237.89 194.15
247.11 463.98 456.2 3610.62 1309.42 685.25
146.37 293.87 186.1 4088.52 899.61 470.56
127.34 305.96 101.55 4622.85 930.42 366.14
272.35 404.68 484.81 1847.85 955.13 575.6
308.96 522.18 602.84 3974.44 1543.25 786.52
253.96 446.45 478.25 4031.85 1326.84 605.01
107.4 164.06 99.02 1197.67 314.71 167.33
98.83 105.81 97.82 322.9 132.61 108.97
157.74 328.14 237.8 4495.73 904.64 384.18
99.56 107.08 99.45 301.74 141.49 112.14
222.5 400.44 388.57 4416.34 1246.23 590.89
101.15 199.26 95.16 2320.48 607.75 269.28
241.5 430.03 428.13 4579.17 1209.47 558.74
266.1 342.13 405.91 694.01 724.38 643.82
475.26 669.28 754.83 2343.12 1865.32 1485.28
189.54 308.17 279.81 2701.04 963.03 579.47
92.89 224.88 119.37 4006.68 980.37 373.23
374.39 591.79 705.12 3824.23 1397.74 729.51
580.86 864.68 920.33 3133.54 1996.59 1590.33
72.43 265.5 107.73 4270.93 1093.88 430.16
281.71 546.79 268.64 5230.14 1183.58 505.56
203.91 389.89 333.82 3332.66 1236.84 731.13
137.75 332.14 199.47 4532.4 1289.4 556.97
168.3 382.56 194.77 4723.43 1074.2 446.62
116.16 284.35 83.84 4015.61 821.51 325.2
855.71 1267.85 1862.56 3317.63 3010.54 1908.57
148.77 405.02 134.05 4955.67 1099.39 432.85
342.21 605.73 431.8 3475.67 1384.81 905.06
134.07 310.73 112.55 4461.56 963.52 375.29
72.78 200.9 72.59 4116.06 933.54 334.75
775.17 1140.43 1685.33 3386.4 2438.85 1372.98
332.22 639.57 353.2 5167.14 1269.86 537.38
461.93 647.8 747.88 2258.76 1845.99 1472.38
102.19 288.19 90.82 4309.7 1062.62 420.93
159.09 315.26 179.25 3666.08 883.47 382.47
541.85 790.96 957.72 2730.87 2056.71 1546.38
453.44 652.13 756.2 2222.91 1750.94 1401.35
930.48 1357.33 1941.31 3241.52 2867.23 1762.1
110.16 139.4 100.4 547.31 191.34 130.19
104.24 228.98 126.31 3738.3 956.07 409.31
390.31 677.44 755.08 4178.63 1988.69 1140.59
84.52 208.34 79.08 3855.26 872.22 325.47
550.9 870.63 1076.3 4165.18 2029.35 1139.19
141.11 335.26 125.94 4452.88 975.87 423.5
398.04 552.18 653.9 1657.75 1429.28 1177.83
138.77 378.24 110.67 4694.69 1025.6 407.81
760.6 1208.45 1589.12 3994.55 3001.77 1872.28
331.16 664.98 378.25 4692.73 1461.81 786.4
375.11 667.11 809.3 3921.58 1687.11 880.21
138.67 341.53 124.4 4661.4 1004.83 414.98
471.61 689.29 770.29 2655.72 1805.6 1437.3
231.91 455.69 336.05 4762.51 1340.43 618.54
233.86 358.18 403.61 2301.17 851.29 474.44
631.77 888.27 1079.15 2347.63 2181.75 1873.83
389.6 661.28 746.28 4190.34 1785.53 1004.25
97.6 129.84 92.38 1105.42 267.67 146.12
541.39 858.34 1113.32 4070.58 2049.12 1093.62
94.12 248.79 74.47 4863.66 912.77 335.46
282.84 448.1 431.4 3329.74 1456.4 954.59
668.41 955.04 1288.17 2717.4 2016.02 1384.48
121.26 308.88 161.52 4561.81 1237.29 505.92
321.15 528.52 550.0 3863.7 1476.91 866.93
794.01 1160.74 1580.87 3261.41 2225.16 1377.1
682.45 941.07 1183.92 2025.97 2290.04 2030.57
370.85 547.72 711.49 2269.16 1018.13 579.73
94.6 116.91 97.06 595.31 211.81 132.85
687.59 1019.48 1397.95 3689.15 1989.81 1164.4
103.75 132.49 99.5 656.74 208.9 134.15
797.62 1209.39 1749.63 3279.56 2435.12 1504.2
200.28 400.71 234.81 4233.71 1169.25 626.36
166.02 283.25 243.51 3051.13 922.71 544.98
134.72 326.99 191.14 4516.01 1227.64 507.66
911.4 1336.71 1944.62 3419.5 3033.68 1908.34
573.98 840.51 927.43 3011.3 1986.23 1598.02
496.47 756.11 867.36 3076.41 1945.48 1365.27
223.19 314.49 316.18 1445.57 754.5 560.51
473.75 755.02 877.34 4052.43 2086.68 1271.54
215.05 370.9 322.43 3214.95 1096.64 636.81
612.31 950.31 1331.84 3742.4 2090.94 1225.68
90.84 164.13 87.62 2322.65 557.06 233.45
723.48 1054.29 1473.61 2969.53 2472.45 1664.19
528.85 820.61 1019.66 3844.53 2211.58 1378.92
90.81 189.19 91.62 2594.22 671.06 273.24
259.85 526.27 218.19 5436.09 1118.2 416.79
283.05 454.33 452.67 3297.33 1430.93 941.49
550.08 842.3 1104.57 3760.11 2013.68 1240.77
69.5 190.01 59.67 4579.58 916.53 342.01
333.38 496.36 490.52 2580.26 1380.65 994.54
288.96 525.44 480.83 4156.5 1517.73 831.07
442.11 675.56 709.66 2804.56 1743.17 1343.57
377.55 584.28 586.99 3187.43 1565.72 1145.84
451.37 715.88 912.49 3258.67 1554.88 889.24
439.22 675.1 705.97 3237.44 1718.3 1311.62
468.12 742.22 747.79 3129.67 1637.27 1136.63
213.87 351.49 373.25 2927.38 941.31 487.0
144.23 308.7 199.26 3805.01 1114.0 518.55
391.65 597.04 647.39 3260.32 1677.73 1226.59
612.61 949.32 1324.72 3507.86 2102.06 1244.16
484.15 773.77 913.56 4325.78 1804.46 933.66
723.4 1059.7 1480.56 3080.91 2369.47 1561.45
538.21 780.6 1087.73 2111.97 1726.46 1102.19
170.68 343.94 271.21 4481.48 1003.78 460.33
157.26 383.53 319.44 4232.69 1293.47 564.81
498.82 745.07 912.37 3042.56 1871.66 1295.53
849.92 1243.39 1755.59 3261.52 2832.21 1845.96
242.77 357.35 436.41 1843.76 881.6 503.03
325.19 538.3 635.63 4262.46 1569.48 822.58
298.99 493.32 537.36 3574.54 1152.58 620.82
111.71 205.88 94.15 2511.36 533.11 235.15
68.19 199.71 82.65 3019.89 759.15 293.64
291.33 525.07 324.3 4475.95 1175.32 584.2
660.82 1002.44 1376.23 3440.83 2379.12 1436.44
458.07 723.56 912.27 3229.47 1885.3 1128.67
127.08 272.85 169.48 4795.7 1059.1 446.83
381.29 597.91 645.41 2874.57 1711.84 1260.17
135.19 177.53 156.98 917.23 353.44 243.14
109.16 156.62 103.37 1271.85 332.01 173.96
280.82 402.14 441.65 2098.68 1065.17 804.51
351.41 508.29 519.55 1846.96 1160.42 904.11
229.22 370.67 394.24 3054.12 1076.64 632.6
240.9 328.43 356.3 1431.7 900.12 679.3
87.24 139.98 93.04 1270.7 364.28 177.64
372.81 633.25 766.55 4320.14 2001.22 1017.51
256.43 448.67 382.19 3390.71 1319.49 825.72
777.73 1108.79 1547.49 2845.55 2245.77 1508.99
739.28 1106.04 1499.78 3507.08 2316.51 1412.89
216.43 420.15 358.16 3612.38 1382.29 817.69
133.29 268.82 175.87 4322.01 1076.6 527.27
261.69 552.2 404.99 4856.46 1453.82 690.06
293.09 428.18 577.87 1648.69 933.16 576.26
196.05 415.01 271.85 5024.11 1301.09 600.58
474.86 698.02 759.06 2826.32 1770.09 1281.26
166.99 374.88 173.41 4589.86 1081.84 511.4
352.3 638.93 507.12 4961.94 1393.6 634.34
136.83 303.93 132.76 3244.66 748.46 316.4
113.05 134.8 109.65 535.59 183.12 125.86
708.68 1105.68 1360.19 4041.32 1874.18 1035.38
112.94 133.94 108.66 465.95 171.65 123.12
584.72 871.88 1220.01 3678.75 1967.76 1091.44
375.7 617.54 689.29 3558.61 1652.43 954.28
215.38 314.51 326.09 1968.02 846.67 605.72
187.78 390.71 333.01 4315.15 1431.72 630.57
177.48 382.2 293.36 3880.45 1300.64 706.18
214.39 407.59 188.52 4063.41 873.31 335.54
84.66 180.55 74.92 3663.44 741.88 302.11
90.88 246.5 88.55 4276.65 959.07 351.33
387.08 648.35 695.47 4238.67 1789.29 1067.16
104.07 191.47 112.74 2605.75 659.11 294.72
112.8 210.89 98.31 1999.97 471.63 216.54
640.67 937.52 1171.12 2660.9 1990.79 1430.51
68.07 256.94 102.74 4205.79 1052.64 392.18
682.42 1059.43 1308.2 4295.29 2157.56 1169.63
373.73 671.16 505.15 5119.79 1340.48 606.22
119.89 241.21 164.53 3915.75 904.08 383.97
303.47 415.75 476.46 1497.15 1057.62 855.35
163.5 305.47 184.8 3028.17 816.81 438.68
187.87 378.34 299.19 3613.64 1320.94 746.38
155.35 312.97 248.49 4821.62 1233.08 545.39
289.02 551.09 283.94 5139.17 1214.41 543.22
129.62 214.88 101.16 1404.11 366.3 188.02
114.35 296.01 142.06 4720.7 1094.47 409.1
88.57 221.81 86.9 4905.42 997.04 396.79
339.6 495.28 537.86 2337.85 1313.86 1006.27
415.82 634.24 865.17 2698.45 1415.64 825.65
137.48 259.82 178.36 3902.4 1019.53 518.25
261.41 503.64 249.6 4925.77 1123.83 469.15
189.89 412.0 247.49 4683.09 1140.65 503.42
109.34 271.61 113.3 4882.26 969.72 370.68
297.0 492.18 531.9 4199.47 1427.79 766.33
97.79 108.19 97.77 426.12 167.69 119.06
413.9 759.55 525.92 5355.64 1491.89 702.38
65.46 164.6 62.42 3548.33 718.46 279.9
99.43 102.11 99.43 183.84 117.4 104.9
219.17 405.67 411.88 4032.82 1394.94 683.6
124.26 253.45 148.29 3732.14 796.67 331.33
905.73 1324.83 1889.69 3276.02 2817.81 1723.42
93.24 208.55 91.52 3194.57 736.5 286.21
316.82 576.71 344.96 4903.43 1309.44 661.15
179.04 382.6 300.7 4557.76 1262.6 550.97
125.5 320.85 96.63 3884.15 840.18 332.1
116.4 242.02 97.83 2533.32 575.96 249.25
329.41 502.52 651.92 2301.84 1064.14 625.37
101.62 239.11 93.21 3211.92 811.59 337.24
199.81 371.93 339.01 3990.09 998.86 497.02
495.42 749.16 849.43 3104.82 1993.81 1508.51
165.6 371.83 171.07 4553.25 1081.67 510.27
684.62 1077.92 1346.52 4100.15 2236.72 1231.31
518.0 758.03 965.38 2932.86 1909.36 1319.32
599.53 844.15 1000.79 2137.98 2118.37 1792.57
895.76 1325.65 2022.52 3744.61 3794.06 2210.33
658.27 917.19 1132.3 2191.13 2238.77 1953.14
522.19 872.61 1072.64 4453.33 2460.38 1323.63
191.63 388.81 285.66 4242.9 1362.62 705.72
75.82 175.77 86.81 2318.9 600.9 247.15
230.52 315.4 413.59 879.02 596.89 383.51
712.37 1007.9 1326.52 2309.21 2343.52 1919.33
91.65 141.57 84.39 1693.86 333.2 164.12
197.72 383.7 352.53 4386.32 1266.97 539.74
57.05 234.63 76.57 4042.37 989.97 361.45
185.99 332.21 271.68 4050.25 1196.79 675.88
111.4 242.18 159.9 4020.91 969.34 445.6
94.27 191.99 92.81 2722.43 639.39 257.8
324.67 429.52 502.45 1141.08 1128.76 936.09
376.9 590.73 625.21 3175.74 1728.66 1219.28
294.06 422.64 538.29 1718.5 769.94 447.72
553.76 825.86 907.86 2665.57 2040.74 1612.87
308.16 510.86 552.1 3862.19 1485.97 838.44
432.54 645.68 694.15 2876.57 1705.97 1316.24
144.4 308.38 208.02 4487.31 956.84 434.71
409.63 671.34 641.2 3586.66 1691.55 1222.11
102.35 302.38 90.13 4627.25 1135.23 445.14
912.85 1324.18 1951.69 3473.72 2735.65 1598.68
283.79 421.42 411.11 2183.39 1131.33 827.4
264.35 501.18 267.15 4751.94 1092.03 452.56
256.22 427.37 394.47 3544.2 1369.36 855.36
624.48 894.1 1172.91 2403.78 2160.48 1618.23
316.15 453.95 487.74 2096.56 1293.69 967.39
298.3 620.05 232.69 5707.34 1197.94 454.32
109.28 180.42 98.77 1477.96 369.53 184.52
556.01 854.13 986.64 3645.12 1929.12 1242.24
168.65 366.97 193.72 4652.88 1085.6 446.53
654.15 1014.35 1260.6 3939.1 1769.77 964.53
89.85 153.27 83.41 2456.79 524.52 233.67
338.97 523.67 563.46 3327.35 1511.68 1094.4
140.92 188.49 183.09 1148.46 445.91 311.27
179.06 390.33 323.87 3943.13 1363.0 690.71
101.61 238.28 93.25 3193.41 807.36 335.83
101.1 194.68 95.38 2217.99 584.31 261.47
292.23 535.97 498.82 4828.02 1515.3 730.75
854.91 1237.53 1746.32 3105.78 3242.87 2203.78
171.85 334.14 294.25 4111.44 1158.3 487.11
147.74 339.97 221.9 4633.45 1224.68 515.98
482.39 768.57 845.71 4025.88 1712.74 889.49
769.9 1158.51 1595.88 3497.95 1995.09 1160.87
353.75 527.93 533.96 2597.63 1459.91 1087.94
111.97 287.56 81.2 4683.67 959.93 385.3
621.17 880.55 1096.92 2359.48 2127.04 1681.54
95.77 113.27 97.69 488.64 187.73 125.77
424.96 651.93 694.31 2985.96 1817.06 1359.97
914.39 1324.2 2028.15 3238.14 2781.81 1597.01
303.86 451.36 493.01 2540.36 1238.55 922.43
102.32 299.49 90.27 4562.53 1120.43 440.2
331.77 474.13 614.96 1739.22 914.55 542.07
238.46 428.64 414.22 3836.94 1281.59 638.88
299.46 518.65 616.0 4323.95 1496.79 772.21
228.5 470.59 381.85 4661.1 1444.19 651.38
377.51 667.74 433.34 4641.92 1465.97 836.51
340.9 589.87 702.49 4273.51 1469.38 792.81
866.34 1292.49 1867.59 3493.4 3191.8 2017.48
291.63 443.35 549.45 2877.87 1109.74 586.38
241.4 335.91 387.95 1423.59 807.51 582.07
413.66 626.33 850.65 2406.18 1392.09 832.67
326.52 492.98 503.82 3067.4 1431.31 1047.1
882.5 1283.44 1878.13 3541.23 2662.81 1546.54
94.98 180.63 93.7 2398.83 572.83 238.33
550.5 824.73 1020.48 2955.45 1492.24 865.17
342.56 636.87 432.77 5328.15 1390.34 616.53
85.78 199.55 80.78 3550.57 809.56 307.18
774.04 1142.7 1656.97 3393.28 2560.76 1609.46
715.1 1027.67 1397.08 2922.64 2718.09 1971.12
218.55 410.29 411.2 3307.18 1115.28 526.65
273.42 362.45 420.65 1056.29 870.54 727.23
483.45 713.1 1020.6 2067.53 1460.53 902.71
132.7 246.43 128.39 2869.74 669.1 322.26
391.69 589.41 615.73 2817.3 1739.48 1284.31
218.01 436.82 391.92 4546.48 1331.72 592.59
134.99 212.02 192.32 2286.68 616.89 295.81
170.66 385.09 154.41 5070.5 1189.7 493.88
317.1 500.24 500.66 3389.69 1393.29 998.45
115.38 233.18 97.96 2381.94 546.35 239.96
413.8 676.25 627.54 4109.94 1516.03 892.43
218.09 558.08 104.64 5300.22 1161.88 451.0
91.37 224.28 132.94 4274.88 970.06 394.56
941.21 1357.7 2025.02 3381.48 3158.09 1860.9
453.32 693.54 721.27 3401.4 1797.82 1339.78
512.06 801.17 992.26 3588.15 2036.9 1272.0
95.3 222.37 94.56 4645.89 972.53 408.06
126.88 299.54 100.1 4474.21 903.79 363.08
382.39 584.26 699.27 3312.59 1731.05 1132.86
136.47 240.35 203.96 2715.41 812.06 374.62
457.65 714.78 792.56 3142.67 1842.7 1295.6
183.84 378.02 210.05 4127.76 1073.91 554.27
368.48 535.03 588.32 2630.96 1623.05 1203.28
142.64 292.16 234.07 4571.39 1184.63 512.16
112.73 210.3 98.31 1989.9 469.66 215.92
185.17 241.16 299.85 858.69 498.04 308.3
366.82 529.66 582.46 2799.56 1611.16 1203.67
620.81 966.58 1361.0 3787.21 2622.6 1621.09
185.81 273.9 286.86 2035.98 775.15 465.0
211.16 415.97 298.98 4489.72 1151.99 529.29
573.94 800.61 975.26 2052.62 2063.36 1761.44
322.78 584.11 469.24 4078.03 1501.05 966.05
962.0 1398.0 2014.0 3173.0 2939.0 1816.0
69.0 191.5 59.0 4653.5 930.0 346.0
134.0 394.5 95.5 5146.0 1087.0 409.5
969.0 1403.0 2079.0 3181.0 3518.0 2279.0
155.0 368.0 123.0 5163.0 1156.0 447.0
89.8 263.8 87.2 4769.8 1060.5 381.0
971.0 1390.0 2115.5 3245.0 2879.5 1707.0
122.0 299.0 89.0 4632.0 914.0 354.0
72.0 203.8 71.8 4231.5 957.5 341.5
907.5 1325.5 2047.5 3151.5 2757.0 1579.5
948.0 1357.0 1978.0 3155.0 2462.0 1531.0
56.8 180.8 53.0 4412.8 873.5 325.0
119.5 322.5 80.5 4825.8 970.8 371.8
948.0 1376.0 2046.0 3146.0 2970.0 1921.0
911.0 1341.0 1922.0 3127.8 2196.5 1320.8
985.0 1493.5 2276.8 3372.5 3183.8 2033.8
76.2 218.5 55.5 4643.8 764.8 282.8
962.5 1390.0 1954.5 3151.5 2480.0 1527.0
959.5 1435.2 2145.2 3160.2 2832.8 1787.8
88.5 243.0 63.5 4918.0 903.5 321.0
978.0 1422.0 2105.0 3266.0 3199.0 2037.0
79.2 209.2 66.0 4931.0 970.2 374.0
222.2 574.0 104.8 5481.0 1198.8 463.2
992.0 1434.0 2127.0 3253.0 3849.0 2515.0
980.5 1432.2 2016.0 3245.2 2807.8 1800.2
966.0 1422.0 2112.0 3259.5 3477.0 2237.5
109.2 304.0 68.8 5231.2 1052.0 412.0
978.0 1434.0 2220.0 3640.0 4073.0 2397.0
81.5 229.5 75.0 4588.5 1023.0 369.5
937.0 1353.0 2081.0 3198.0 2826.0 1629.0
924.0 1316.0 1970.0 3207.0 2671.0 1584.0
102.5 315.2 89.5 4914.0 1200.8 467.0
980.0 1467.0 2194.0 3388.8 3736.5 2446.5
955.0 1376.0 2056.0 3368.0 3193.0 1885.0
977.5 1462.0 2197.0 3231.5 2940.0 1846.5
939.0 1381.8 2053.5 3176.2 3230.8 2074.0
265.0 540.0 222.0 5608.0 1151.0 427.0
83.0 265.0 84.5 4714.5 1156.5 420.5
245.0 494.0 207.0 5231.5 1090.0 397.0
304.0 635.0 236.5 5868.5 1229.5 464.5
138.0 335.0 114.0 4964.0 1063.0 407.0
53.8 244.8 74.8 4340.2 1057.2 381.2
560.0 749.0 922.0 1597.0 2053.0 1760.0
629.0 865.0 1077.0 1766.0 2207.0 1925.0
703.0 966.0 1222.0 1927.0 2335.0 2087.0
100.0 100.0 100.0 100.0 100.0 100.0
