0.7058
0.9142
0.6532
0.4928
0.1736
0.8152
0.955
0.0649
0.9629
0.178
0.4973
0.9529
0.9063
0.2198
0.1145
0.633
0.5258
0.0976
0.5216
0.4135
0.7739
0.9188
0.4921
0.3414
0.0884
0.0648
0.5617
0.4198
0.2049
0.1195
0.4292
0.6117
0.6797
0.5287
0.6133
0.5052
0.3965
0.5045
0.9203
0.7643
0.0333
0.2057
0.1252
0.0407
0.8867
0.7307
0.4533
0.8659
0.7575
0.0624
0.2734
0.3199
0.8205
0.3015
0.6958
0.0643
0.3884
0.6421
0.7028
0.9029
0.8247
0.7681
0.9963
0.808
0.7281
0.2384
0.0505
0.1344
0.2173
0.2413
0.0622
0.4514
0.8969
0.2007
0.5714
0.4326
0.8021
0.495
0.4828
0.3497
0.4871
0.6184
0.2264
0.9103
0.3287
0.2242
0.7195
0.9457
0.9512
0.9468
0.3237
0.2027
0.3159
0.5901
0.1443
0.2426
0.5666
0.4356
0.4031
0.9205
0.7369
0.7735
0.7469
0.6029
0.7108
0.1078
0.1136
0.3472
0.6806
0.5516
0.8809
0.5194
0.3502
0.4896
0.6962
0.3351
0.7851
0.043
0.1811
0.8539
0.9348
0.0583
0.6065
0.4594
0.4453
0.688
0.9411
0.685
0.6474
0.6906
0.1274
0.3424
0.714
0.908
0.6637
0.4021
0.3871
0.8438
0.3695
0.0781
0.0678
0.0931
0.0679
0.0669
0.3222
0.2666
0.9438
0.0244
0.4917
0.8451
0.7964
0.9962
0.7147
0.6161
0.5048
0.643
0.538
0.6723
0.0329
0.9606
0.9813
0.4416
0.0876
0.8083
0.6554
0.4058
0.2019
0.3923
0.1209
0.8241
0.0128
0.0326
0.2015
0.9259
0.7153
0.4029
0.2062
0.8993
0.2519
0.3372
0.3246
0.2002
0.2958
0.7709
0.8622
0.2619
0.2022
0.9438
0.2478
0.1354
0.984
0.949
0.6662
0.1166
0.046
0.6237
0.7138
0.2284
0.1902
0.8783
0.8537
0.3505
0.0247
0.1255
0.1084
0.2812
0.5245
0.2108
0.6142
0.4382
0.9969
0.0941
0.0587
0.4083
0.0466
0.9158
0.9355
0.5654
0.2448
0.7721
0.265
0.1202
0.7228
0.9242
0.5009
0.9273
0.5037
0.8412
0.336
0.1598
0.1259
0.666
0.757
0.6919
0.8102
0.2037
0.91
0.2496
0.6193
0.4415
0.333
0.7556
0.6477
0.8377
0.7236
0.234
0.0155
0.8724
0.8454
0.3605
0.782
0.974
0.7821
0.0918
0.4668
0.8059
0.5276
0.8419
0.3947
0.8969
0.3139
0.0188
0.8082
0.4298
0.6371
0.9498
0.0386
0.0884
0.5478
0.1756
0.6642
0.2434
0.2614
0.8072
0.71
0.7267
0.1728
0.3172
0.354
0.9725
0.2719
0.8151
0.9064
0.3738
0.7173
0.9812
0.6126
0.1331
0.7943
0.809
0.7814
0.0893
0.1674
0.7281
0.8079
0.8644
0.6723
0.6021
0.0946
0.4007
0.3159
0.1474
0.7779
0.3486
0.4435
0.4524
0.1057
0.973
0.5487
0.3671
0.8117
0.2093
0.0994
0.3791
0.2629
0.0785
0.9452
0.3252
0.7896
0.1946
0.1692
0.3068
0.3993
0.6245
0.4562
0.3602
0.4191
0.1651
0.6594
0.9395
0.0156
0.9484
0.4085
0.9517
0.1382
0.186
0.3255
0.4104
0.099
0.927
0.2489
0.0693
0.1007
0.6575
0.5751
0.1967
0.7625
0.3426
0.0653
0.884
0.6129
0.9071
0.3352
0.756
0.6218
0.283
0.0622
0.6629
0.8325
0.739
0.2281
0.7115
0.6475
0.9104
0.0513
0.885
0.1583
0.7262
0.0438
0.7463
0.6857
0.3738
0.9383
0.2734
0.5503
0.8358
0.1724
0.9772
0.1572
0.0896
0.1268
0.5772
0.2971
0.7087
0.9407
0.4198
0.455
0.8299
0.8617
0.7476
0.327
0.0545
0.3168
0.9841
0.6147
0.4723
0.3615
0.6458
0.1669
0.5369
0.5246
0.6776
0.2437
0.4008
0.4411
0.9541
0.0609
0.3425
0.4243
0.301
0.9584
0.475
0.1855
0.0355
0.2328
0.8804
0.902
0.1666
0.4648
0.1344
0.4924
0.8699
0.4221
0.3842
0.7886
0.2477
0.1688
0.0641
0.9212
0.3448
0.2698
0.6642
0.73
0.8558
0.579
0.2533
0.0494
0.2227
0.3402
0.6645
0.6261
0.3677
0.6729
0.1367
0.5904
0.8869
0.6541
0.0878
0.8076
0.7677
0.8024
0.0216
0.3797
0.6274
0.1619
0.7746
0.2368
0.845
0.5939
0.9348
0.5865
0.6912
0.5686
0.0499
0.7588
0.6668
0.2681
0.7808
0.737
0.8068
0.9203
0.3548
0.34
0.0749
0.0559
0.2555
0.6974
0.1393
0.7964
0.424
0.5558
0.8728
0.5893
0.4759
0.257
0.1379
0.9809
0.9762
0.656
0.1798
0.3682
0.9314
0.4086
0.2834
0.2499
0.4577
0.0744
0.1905
0.5736
0.7109
0.5951
0.147
0.7624
0.5523
0.1069
0.7825
0.4957
0.4101
0.8441
0.0191
0.4132
0.6649
0.1008
0.8182
0.259
0.8166
0.2403
0.0894
0.8773
0.6038
0.2011
0.3011
0.221
0.4454
0.2867
0.2706
0.0488
0.5517
0.0448
0.6898
0.3555
0.6391
0.8142
0.3867
0.0146
0.0101
0.8126
0.0459
0.0021
0.2828
0.831
0.9607
0.3908
0.8814
0.9062
0.8813
0.7654
0.8717
0.1798
0.7286
0.9845
0.9732
0.5519
0.0607
0.2717
0.6336
0.5485
0.0042
0.7042
0.748
0.8257
0.7051
0.3653
0.5473
0.5303
0.7134
0.2853
0.6885
0.9893
0.0414
0.201
0.9379
0.2653
0.2202
0.9626
0.9635
0.8732
0.854
0.1601
0.5872
0.4685
0.449
0.4464
0.1599
0.6358
0.951
0.1538
0.493
0.5481
0.957
0.2034
0.7328
0.4056
0.8013
0.2582
0.9087
0.1761
0.8417
0.3722
0.5437
0.826
0.9795
0.1862
0.5114
0.833
0.4776
0.1005
0.2128
0.0781
0.4175
0.8824
0.15
0.2986
0.0157
0.7997
0.7057
0.9261
0.0439
0.8239
0.2934
0.0248
0.8106
0.3532
0.3376
0.6258
0.2827
0.8098
0.6722
0.1485
0.1438
0.9437
0.3601
0.2045
0.9461
0.9151
0.8808
0.0471
0.5049
0.6496
0.5639
0.504
0.482
0.3302
0.4496
0.339
0.5207
0.2888
0.2771
0.7917
0.3465
0.1948
0.6723
0.3242
0.9366
0.3703
0.7801
0.3384
0.1294
0.0393
0.286
0.2462
0.6431
0.2265
0.8843
0.1181
0.073
0.0695
0.7642
0.4044
0.0008
0.7509
0.2643
0.7264
0.7884
0.1158
0.7502
0.3869
0.0683
0.8642
0.1
0.2437
0.8521
0.5792
0.6712
0.689
0.3185
0.0047
0.2906
0.1674
0.3519
0.7337
0.3632
0.8423
0.2298
0.8068
0.5629
0.1506
0.5107
0.4436
0.5314
0.1231
0.7805
0.3565
0.321
0.2929
0.1728
0.6775
0.362
0.8728
0.6272
0.0361
0.3258
0.5237
0.0022
0.1639
0.6395
0.3683
0.1945
0.7879
0.0084
0.9351
0.3976
0.6671
0.6633
0.3718
0.6336
0.7264
0.1132
0.7626
0.933
0.7005
0.9176
0.9822
0.614
0.7013
0.2523
0.0641
0.6729
0.0621
0.918
0.3127
0.2871
0.2642
0.143
0.6587
0.7211
0.0019
0.5115
0.4968
0.9023
0.3639
0.7437
0.1651
0.3443
0.5496
0.2958
0.9025
0.1276
0.6117
0.8185
0.7001
0.3162
0.4182
0.6377
0.8656
0.521
0.9638
0.9338
0.9962
0.5271
0.917
0.4564
0.8554
0.4555
0.8768
0.866
0.3601
0.4722
0.2659
0.0037
0.0246
0.3112
0.5378
0.3892
0.787
0.4724
0.1014
0.3418
0.2611
0.1072
0.4139
0.1275
0.0978
0.5755
0.0475
0.3419
0.8434
0.6446
0.646
0.7853
0.8381
0.9192
0.8934
0.4163
0.6931
0.5644
0.9634
0.0301
0.6773
0.7328
0.1742
0.3394
0.0769
0.7355
0.5414
0.4307
0.1024
0.042
0.6656
0.8167
0.9084
0.7352
0.202
0.7928
0.7067
0.2512
0.8015
0.0512
0.248
0.5695
0.7299
0.8069
0.433
0.3437
0.5695
0.4599
0.2228
0.1
0.3386
0.8949
0.453
0.2657
0.8659
0.6458
0.8177
0.6161
0.3584
0.2347
0.6674
0.8395
0.1444
0.0828
0.1621
0.9538
0.3727
0.7589
0.2234
0.3461
0.4809
0.1143
0.8125
0.5777
0.9404
0.3974
0.2806
0.8671
0.5174
0.9548
0.6562
0.9378
0.3075
0.867
0.5859
0.6311
0.0514
0.9027
0.0884
0.3305
0.0237
0.1547
0.9784
0.5747
0.9822
0.6306
0.7472
0.117
0.9839
0.6446
0.9018
0.6317
0.9163
0.9846
0.9655
0.6437
0.3169
0.9224
0.619
0.9953
0.8447
0.4505
0.6354
0.4826
0.9446
0.7803
0.4325
0.7762
0.4172
0.5217
0.6594
0.776
0.0465
0.8727
0.3489
0.6522
0.7337
0.8562
0.9006
0.2401
0.9241
0.6404
0.4299
0.6807
0.3613
0.5402
0.286
0.0804
0.0285
0.2807
0.6676
0.2501
0.9804
0.036
0.8342
0.9448
0.2442
0.2958
0.9004
0.9946
0.6443
0.9999
0.8754
0.4759
0.0673
0.0377
0.7417
0.028
0.5954
0.3766
0.816
0.2114
0.2435
0.7724
0.8244
0.1419
0.2938
0.9487
0.0871
0.8485
0.8033
0.1671
0.0011
0.0601
0.3686
0.5036
0.2896
0.8393
0.5519
0.9182
0.9089
0.6483
0.5366
0.1892
0.7521
0.8459
0.9018
0.9587
0.8658
0.3076
0.3224
0.4554
0.8811
0.9955
0.479
0.3577
0.5069
0.7467
0.0824
0.335
0.5256
0.7578
0.7379
0.2848
0.9623
0.1646
0.0697
0.5111
0.9815
0.7572
0.6928
0.5716
0.0
0.0
0.0
0.0
0.0
0.0
0.0
0.0
0.0
0.0
0.0
0.0
0.0
0.0
0.0
0.0
0.0
0.0
0.0
0.0
0.0
0.0
0.0
0.0
0.0
0.0
0.0
0.0
0.0
0.0
0.0
0.0
0.0
0.0
0.0
0.0
0.0
0.0
0.0
0.0
0.0
0.0
1.0
1.0
1.0
0.0
