460.0 736.93 939.31 4129.21 1824.68 938.07
101.39 237.34 113.33 4832.94 998.04 399.61
151.46 350.76 121.52 4837.23 1088.05 424.67
310.57 470.64 509.05 2937.18 1305.66 936.45
107.61 186.81 92.39 1943.9 439.77 206.05
235.92 447.38 366.55 4432.02 1379.47 749.87
96.89 138.68 90.13 1403.23 317.34 159.78
838.6 1206.1 1596.17 2880.55 2669.73 2068.8
92.47 219.91 90.79 4669.67 958.37 394.59
109.19 303.87 68.82 5228.05 1051.42 411.81
879.56 1249.2 1548.65 2898.34 2802.95 2502.43
609.97 915.1 1090.56 3581.33 2150.15 1591.92
919.17 1290.24 1648.43 2490.35 2935.51 2649.32
138.56 249.57 101.51 1797.91 446.71 214.6
426.09 664.94 709.52 3853.65 1643.15 1252.58
831.52 1208.66 1680.81 3349.26 2233.35 1378.08
705.61 1017.94 1248.11 2867.93 2412.24 2054.7
255.21 451.57 495.24 4341.24 1327.89 647.49
347.34 642.83 445.74 5310.93 1405.07 628.2
502.87 722.57 1024.19 2487.03 1533.17 884.29
198.76 344.71 350.45 3618.33 1128.62 562.03
99.95 100.14 99.94 106.9 101.26 100.37
81.82 190.5 66.01 3570.3 607.74 239.61
251.69 463.66 237.29 3649.67 882.59 411.51
214.15 430.78 257.91 4709.86 1214.92 541.18
62.62 169.91 59.34 3831.36 769.22 294.67
389.4 756.21 553.77 4981.72 1574.08 740.93
222.44 390.49 396.4 4077.13 1268.54 652.5
426.29 672.36 630.11 3516.08 1445.93 991.93
87.59 186.89 83.23 3111.72 719.32 280.83
605.02 893.52 1091.71 3061.49 2082.32 1599.07
278.3 463.1 423.28 3811.21 1250.86 813.7
91.75 125.87 95.5 857.51 271.0 150.24
534.68 778.46 918.35 2805.58 1854.22 1530.19
860.61 1218.58 1602.66 2600.97 2955.96 2454.5
103.74 166.75 130.18 1986.33 501.28 242.49
533.53 840.31 1076.18 4018.35 1972.2 1053.08
767.14 1110.76 1408.87 3111.58 2560.69 2080.07
170.85 344.71 239.33 4036.66 1136.1 569.15
110.93 248.44 136.55 4754.73 1020.1 425.23
99.0 104.96 98.14 290.05 127.81 107.65
443.64 690.75 786.04 3884.64 1764.89 1206.0
624.49 905.16 1156.44 2402.36 2160.02 1724.15
345.17 572.49 503.87 3771.87 1173.57 587.26
146.77 331.91 201.57 4272.93 1221.19 565.79
735.87 1054.5 1312.11 2735.03 2569.82 2190.53
159.31 420.63 158.6 4984.72 1141.67 460.34
771.36 1203.34 1738.19 3825.9 2663.78 1638.19
94.45 138.84 92.5 1446.18 376.82 180.83
621.21 931.92 1339.19 3836.0 2142.8 1166.98
728.78 1139.99 1439.93 4194.41 2671.63 1602.16
639.19 906.87 1080.72 2328.04 1967.41 1717.95
884.93 1258.72 1818.13 3055.49 2651.62 1759.7
154.58 337.55 168.37 4435.5 968.49 410.16
500.51 780.34 832.45 3905.79 1961.98 1494.22
443.43 694.56 838.82 4166.38 1609.18 884.59
795.0 1120.52 1422.08 2577.72 2678.74 2346.97
712.35 1023.14 1252.6 2814.27 2446.28 2088.5
148.48 361.68 178.36 4587.92 1261.27 579.22
617.07 946.54 1051.2 3510.47 2223.93 1787.96
600.33 914.96 1268.25 2974.12 2338.89 1475.54
71.23 190.18 84.31 2740.74 696.13 275.13
207.12 425.88 345.89 4238.72 1425.4 658.38
127.98 271.41 185.31 4229.9 1047.14 520.1
85.18 146.46 91.91 1460.51 407.13 190.23
191.64 324.35 300.81 3045.82 766.66 377.47
731.31 1105.08 1521.43 3469.48 2461.01 1451.55
160.86 359.69 178.32 3713.21 895.67 385.67
115.99 274.83 91.36 4206.87 886.3 374.69
304.46 456.69 466.35 2316.67 1077.36 815.43
838.04 1197.33 1465.96 2773.28 2684.97 2358.29
743.05 1078.7 1384.06 2936.41 2498.11 1954.58
164.1 348.64 102.52 2922.69 676.39 290.52
565.71 907.96 1137.37 4165.5 2011.53 1078.72
440.88 650.94 765.78 2984.37 1666.08 1261.81
440.19 713.29 663.37 4041.42 1526.1 957.42
661.1 1026.91 1180.83 4227.16 2095.87 1307.68
946.05 1396.41 2009.06 3179.56 3469.12 2453.99
267.89 499.4 401.07 4642.13 1385.7 706.82
407.6 640.92 741.4 3239.55 1480.33 812.05
84.35 158.0 84.24 2408.54 579.14 234.94
128.25 223.03 146.89 2046.91 618.68 325.91
278.1 554.67 250.98 5537.56 1187.84 472.86
473.48 733.13 950.73 2730.78 1533.22 910.68
98.05 103.64 97.88 294.55 134.89 110.15
337.78 598.84 669.51 4294.68 1826.05 944.77
879.69 1344.19 2019.77 3553.69 2926.45 1840.83
91.81 115.31 91.09 917.23 246.57 142.64
100.23 119.38 99.05 533.58 199.15 133.05
93.65 131.64 88.12 1313.07 277.48 148.8
389.86 657.33 660.26 4440.45 1578.77 965.34
60.66 223.3 78.54 3710.7 915.09 339.45
191.48 355.36 295.28 3945.5 1242.02 672.69
429.93 609.81 735.28 2031.26 1486.08 1231.4
497.1 791.78 955.49 3582.58 2179.66 1481.14
105.79 166.04 94.21 1502.59 358.45 180.67
200.9 339.98 293.2 3689.44 1070.86 633.61
759.97 1110.04 1466.84 3020.7 2529.9 1970.62
121.57 303.1 147.11 4681.8 1132.4 468.03
621.21 888.54 1139.62 2197.59 2131.93 1743.15
497.23 785.89 753.5 4066.91 1801.48 1264.34
319.3 504.63 524.73 2863.94 1396.3 970.03
860.67 1217.35 1522.65 2919.4 2765.87 2470.4
601.71 900.81 1205.66 3612.92 2171.85 1437.41
618.58 964.19 1349.28 3724.23 2630.34 1608.62
100.61 152.67 97.43 1278.32 369.44 189.83
442.41 628.76 752.38 2232.95 1546.65 1270.47
117.4 257.41 91.3 3684.88 743.89 300.92
338.01 530.48 692.65 3005.51 1332.74 674.71
444.78 731.99 817.95 4394.88 1797.78 1013.83
426.47 635.63 697.64 2673.22 1513.46 1180.58
185.22 405.01 208.75 4007.42 1031.2 512.43
111.53 156.21 104.82 1161.82 321.47 172.77
619.65 950.6 1273.27 3640.85 1784.33 986.67
278.59 559.73 381.55 4656.48 1427.29 822.08
170.95 271.14 182.45 1460.41 505.75 319.78
676.53 1002.98 1339.7 3036.2 2419.2 1665.81
108.43 242.95 82.63 3624.16 760.05 320.53
522.85 800.82 1054.62 4028.51 1822.36 977.59
515.06 764.65 901.46 3229.51 1938.09 1550.6
333.11 592.66 663.03 4392.35 1791.9 945.54
672.28 972.69 1177.9 3057.6 2314.44 1953.41
380.08 636.61 512.22 4256.3 1435.82 873.71
748.94 1104.37 1322.51 3017.31 2529.64 2066.29
263.66 491.27 361.13 4279.82 1286.74 768.43
232.14 451.87 327.82 4494.39 1311.53 613.24
96.2 295.29 152.2 4235.38 1150.83 494.1
705.31 1064.09 1467.13 3690.71 2398.62 1467.37
568.28 868.34 1236.01 3880.26 2025.25 1085.81
880.98 1268.37 1515.09 3144.2 2765.52 2431.21
438.81 623.68 722.11 1967.5 1379.54 1171.86
98.17 112.84 97.52 544.89 191.48 126.71
316.08 667.48 315.74 5026.98 1438.95 765.43
388.51 651.0 639.68 3946.01 1816.54 1241.43
420.47 661.62 761.08 3681.22 1657.57 1173.5
516.55 786.38 801.19 3064.23 1679.05 1299.43
254.57 385.85 375.13 1781.54 851.24 631.83
334.96 572.25 503.94 4256.49 1545.72 984.09
174.2 387.8 102.91 3367.21 767.16 320.53
157.45 312.57 262.77 4255.87 1100.53 524.62
783.53 1118.78 1383.5 2944.6 2589.54 2260.28
484.8 736.75 895.5 2824.58 1843.33 1302.21
722.83 1036.13 1280.54 3050.32 2475.93 2120.56
224.19 402.48 358.93 2877.21 919.36 443.56
351.11 562.72 586.34 3726.69 1597.7 1094.18
809.79 1220.84 1765.46 3074.91 2438.37 1509.07
471.48 678.5 761.58 1835.5 1430.26 1229.87
284.31 422.5 451.63 2540.61 1101.11 804.2
385.44 643.82 698.28 4410.89 1569.21 777.53
411.48 672.53 639.49 4149.8 1766.46 1201.95
934.97 1376.29 2044.26 3183.04 3220.14 2065.99
221.87 496.05 266.67 4877.66 1288.7 656.15
101.26 127.96 95.72 803.17 230.46 142.76
345.32 569.42 664.66 4368.21 1657.67 926.17
756.97 1180.26 1719.05 3728.43 2642.93 1612.78
921.19 1343.05 1923.96 3254.26 2848.0 1749.35
582.1 819.97 1100.04 1711.09 1749.14 1413.11
154.64 311.94 102.15 2506.03 591.31 262.4
630.92 952.03 1259.91 3404.05 2083.59 1223.53
362.7 616.79 557.59 4111.47 1567.41 1064.69
170.37 343.43 268.93 4489.51 1055.19 493.35
950.22 1377.84 2037.29 3206.36 3463.55 2238.77
218.24 550.49 112.35 5165.84 1143.36 448.92
976.41 1373.13 1726.56 2693.6 3019.58 2756.5
768.63 1111.99 1397.65 2859.56 2588.34 2123.75
358.73 647.69 425.77 5165.48 1405.37 743.72
271.03 405.23 470.82 2076.62 950.15 520.89
117.11 295.26 82.89 4247.14 864.17 338.52
689.64 1075.02 1482.82 3629.61 2223.2 1329.6
129.99 347.28 142.83 4814.63 1254.8 537.25
297.89 505.82 477.87 4275.56 1399.21 860.72
164.47 337.96 169.41 4033.82 980.09 412.61
384.94 568.49 634.67 2396.65 1366.92 1069.59
122.26 266.92 156.88 4838.42 1060.95 452.11
240.4 472.13 321.29 4886.23 1290.54 570.99
144.99 308.32 144.95 3115.5 762.57 358.79
254.39 483.7 441.01 3844.26 1500.18 915.36
88.41 181.16 84.33 2913.14 678.48 268.91
830.72 1173.76 1484.74 2486.91 2763.04 2437.63
787.41 1181.09 1600.46 3561.3 2452.54 1503.37
719.47 1130.9 1400.46 3875.4 2667.59 1719.39
749.05 1156.43 1627.92 3577.49 2366.31 1433.05
99.43 233.06 104.1 4796.91 1003.1 423.71
938.55 1364.27 2001.8 3337.72 3668.69 2382.24
616.77 926.57 1059.14 3503.29 2102.93 1538.51
141.21 199.82 200.29 1341.71 481.45 258.94
145.09 388.06 128.22 4712.54 1028.87 401.25
669.7 988.28 1159.85 3209.75 2320.54 1939.35
983.96 1394.0 1858.17 2728.17 3126.92 2633.8
789.25 1121.53 1410.95 2755.0 2623.62 2302.83
258.19 518.3 222.16 5286.03 1097.49 413.44
552.43 839.66 1141.27 4086.45 2171.26 1190.45
389.25 675.98 730.19 4325.05 1779.7 920.85
862.25 1220.7 1538.42 2680.5 2803.22 2494.68
135.2 295.74 191.33 4551.57 904.24 376.71
92.06 129.42 92.01 1271.04 343.05 168.45
154.86 388.06 154.25 4454.35 1019.59 413.41
89.43 152.61 80.24 2117.2 395.13 181.15
279.29 445.95 454.9 2796.06 1056.2 631.64
598.32 913.2 972.87 3035.8 2020.69 1642.5
98.73 115.76 95.98 630.88 188.54 124.35
551.07 817.87 962.99 2722.19 1951.47 1610.35
229.24 443.5 202.33 4476.83 961.89 371.08
515.56 840.7 995.84 4128.9 1956.83 1094.22
974.67 1364.26 1735.6 2614.53 3027.2 2776.21
699.28 1043.93 1463.75 3418.37 2365.83 1458.12
725.62 1088.59 1471.39 3582.02 2369.3 1407.3
433.48 681.12 753.79 3909.51 1636.1 1161.58
568.89 813.93 960.01 2368.29 1830.67 1564.81
101.77 252.3 92.57 3507.01 879.07 359.74
90.48 135.29 90.41 1504.72 391.55 182.11
511.49 748.19 1044.68 2866.2 1818.36 1036.22
650.13 1000.11 1066.29 3411.49 2293.45 1840.8
841.6 1244.83 1782.5 3533.84 3401.24 2168.72
247.22 436.72 375.19 4257.58 1194.14 756.83
766.16 1117.71 1338.32 2886.35 2584.07 2179.52
87.43 165.97 79.46 3018.41 625.69 265.52
329.23 553.19 497.45 3993.93 1451.87 962.86
132.77 334.66 127.17 5188.02 1133.97 465.86
128.41 313.58 141.58 4098.49 1091.37 483.04
658.64 965.03 1138.5 3443.62 2268.06 1898.7
118.84 216.54 106.94 2512.07 577.55 252.24
130.95 317.46 114.56 4809.14 1039.77 452.8
137.65 357.62 156.0 4822.26 1274.83 559.61
682.61 1030.76 1423.55 3401.38 2844.69 1826.47
473.89 675.36 855.25 1810.08 1469.79 1172.78
88.67 133.45 85.01 1764.82 403.46 189.94
84.99 245.64 86.32 4173.12 1032.55 382.9
111.4 284.57 135.61 4543.27 1086.69 419.61
457.8 700.34 850.0 3490.06 1842.04 1234.95
354.35 710.59 396.53 4917.41 1527.39 876.6
319.73 523.22 571.61 3883.27 1432.27 870.18
189.52 408.76 322.25 4045.12 1352.37 737.88
564.88 877.02 873.51 4103.99 1934.22 1431.48
346.11 620.54 438.16 4295.6 1211.77 562.54
454.72 689.93 844.01 2769.42 1446.42 854.33
628.68 978.34 1289.67 3696.28 2262.9 1462.26
106.97 320.81 99.85 4904.64 1210.16 474.69
600.61 880.61 1057.52 3124.21 2191.63 1783.79
144.35 316.11 118.55 4182.71 951.54 379.81
207.23 373.69 307.59 4556.91 1269.71 721.41
190.5 328.07 227.83 2888.09 851.96 468.55
105.32 217.97 81.96 3067.21 650.51 280.42
923.58 1340.67 1977.72 3138.91 3370.1 2175.83
375.0 562.48 654.56 2277.82 1183.26 660.26
740.76 1093.1 1465.21 3452.46 2091.8 1301.05
85.81 199.33 80.82 3542.95 808.0 306.72
831.26 1174.29 1474.95 2562.5 2744.07 2409.84
88.95 218.66 101.84 4622.67 971.11 377.83
207.6 517.38 104.23 4838.2 1067.54 419.81
192.22 311.29 263.81 2239.0 733.17 435.62
203.71 303.71 300.69 1950.36 809.23 542.59
87.98 237.61 87.24 4569.9 1038.09 387.46
274.62 472.99 542.43 3989.41 1395.18 643.08
558.17 872.05 1099.35 4155.45 2164.4 1166.78
708.44 1046.13 1505.54 3599.55 2544.83 1452.89
193.75 441.61 220.2 4520.01 1161.14 567.25
411.89 636.96 737.17 3580.37 1789.33 1273.79
475.27 794.64 926.98 4474.24 2157.78 1223.23
108.01 191.35 91.99 2040.17 457.51 211.59
450.0 702.61 871.35 3391.79 1671.03 965.81
87.59 186.86 83.23 3110.56 719.08 280.76
322.15 684.78 361.61 5108.88 1456.84 722.67
123.6 164.12 117.41 935.06 261.11 148.33
369.08 706.44 380.71 5561.23 1402.75 686.32
148.45 333.18 145.89 4155.24 943.95 426.78
161.81 336.01 247.89 4439.81 1150.03 486.56
395.52 535.58 660.92 1149.14 1167.95 1036.54
636.63 944.93 1105.63 3441.77 2277.82 1860.69
100.6 151.39 97.49 1249.5 362.85 187.63
133.66 278.37 189.93 3982.99 858.01 389.47
480.08 762.85 777.17 3898.21 1836.6 1383.78
663.53 998.07 1323.36 3790.32 1970.67 1136.25
123.32 213.62 109.75 2246.5 547.7 247.11
772.39 1187.89 1681.14 3777.19 3077.31 1943.63
108.36 261.18 124.48 4577.82 844.8 355.12
371.42 635.46 733.78 4215.29 1925.25 1025.5
367.93 604.3 579.65 3975.93 1617.34 1125.1
666.66 1010.05 1288.85 4070.64 2072.45 1139.61
596.36 882.51 1033.76 3425.62 2144.18 1745.63
137.43 304.4 205.15 4558.15 927.77 400.76
334.19 532.32 570.95 2673.96 1397.02 1015.3
418.22 661.25 862.36 4246.09 1703.64 870.0
846.77 1289.89 1833.03 3557.53 2559.81 1566.92
242.67 596.16 152.61 5407.9 1251.14 520.43
235.02 413.86 242.59 3035.45 777.06 368.46
80.09 199.13 62.77 3900.98 656.12 252.92
109.65 261.18 118.03 4568.26 848.78 375.52
537.33 812.91 1047.23 2990.07 1642.26 896.82
463.24 663.71 917.28 1696.67 1369.83 885.97
108.07 278.86 72.65 4598.74 934.66 373.54
324.08 656.5 282.37 5759.7 1284.87 535.33
172.75 354.88 189.22 4308.55 1005.71 489.34
551.6 844.38 1159.52 3709.47 2037.48 1211.1
259.35 601.4 216.2 5150.56 1270.04 530.36
585.22 873.71 999.41 3357.5 2159.08 1717.36
111.04 128.76 131.35 511.81 229.28 156.55
341.86 568.69 522.35 3955.03 1484.66 999.98
297.49 461.94 561.77 2904.35 1064.82 566.77
638.19 939.0 1063.71 3133.49 2108.1 1720.86
508.73 788.7 1095.01 3645.77 1902.5 1013.46
103.38 174.99 88.53 1986.14 449.94 214.69
935.07 1309.53 1680.84 2430.66 2974.11 2696.76
160.85 324.88 216.37 4396.76 987.69 524.83
576.45 909.84 1186.24 3922.93 2192.54 1282.05
673.35 1031.42 1327.54 3960.77 2235.52 1325.6
872.13 1241.63 1534.63 2889.67 2777.96 2484.07
319.49 530.47 522.8 3985.86 1566.66 1018.27
600.67 935.9 1236.32 3853.6 2367.58 1422.21
509.18 759.02 994.98 2818.27 1797.73 1287.48
560.39 905.4 1002.1 4637.74 1999.46 1094.0
115.56 258.92 116.87 4286.92 873.73 367.7
774.31 1123.33 1348.8 3018.35 2607.39 2174.62
98.76 232.07 148.0 4143.85 923.69 379.36
188.79 332.84 159.41 2610.59 591.59 258.64
107.63 129.61 100.3 436.14 168.64 122.69
100.86 174.19 96.38 1759.55 479.48 226.52
159.93 350.33 224.04 4565.9 1223.23 566.35
294.49 496.56 473.98 4095.31 1327.27 883.9
508.69 800.13 760.99 3991.17 1730.44 1247.6
370.44 720.22 526.94 4647.14 1603.52 811.93
436.69 691.16 738.5 3619.74 1838.61 1334.44
524.14 760.65 855.25 2083.93 1619.17 1390.04
418.72 641.24 825.45 3070.31 1709.64 1089.61
627.86 917.01 1088.69 3518.68 2230.91 1845.85
74.33 196.58 74.39 3928.98 895.53 324.65
157.67 368.69 155.38 4713.68 1064.44 480.56
228.61 458.66 313.75 4575.22 1189.75 573.98
884.57 1266.78 1876.89 3295.15 2590.33 1524.95
438.9 683.47 833.02 3703.14 1769.85 1124.21
109.28 309.22 201.93 4080.43 1132.66 462.14
321.64 612.26 472.71 4580.44 1520.63 912.26
726.52 1057.4 1558.44 2402.02 2438.27 1573.96
556.05 860.35 1152.29 3356.11 1864.58 1011.94
509.84 824.0 839.06 3873.52 1971.56 1481.98
459.84 668.9 888.34 1865.57 1368.96 895.67
489.86 793.85 960.95 4370.15 1992.7 1123.99
461.92 737.83 818.89 3452.91 1944.77 1453.73
96.47 156.67 95.57 1715.5 432.28 197.21
269.38 443.43 471.12 3081.97 1255.31 713.75
147.53 332.7 146.31 4590.75 970.32 397.01
782.16 1146.16 1530.83 3182.2 2164.42 1396.02
750.02 1124.72 1587.08 3651.99 2650.1 1611.95
664.38 988.79 1122.7 3597.32 2319.54 1891.14
372.38 606.12 582.51 3861.06 1563.88 1089.65
175.59 220.34 231.63 546.38 378.99 322.38
493.27 763.53 969.36 3804.96 1647.69 904.26
156.32 224.13 193.62 1398.46 488.39 326.07
687.87 983.0 1222.05 2855.96 2419.25 2051.7
276.1 462.46 459.57 3916.45 1397.49 917.17
846.07 1202.4 1491.91 2958.92 2716.66 2417.37
840.5 1201.87 1493.22 2754.02 2749.77 2425.52
174.3 338.6 278.19 4724.84 1110.4 482.25
148.28 305.89 229.72 3045.72 976.04 519.31
453.32 692.71 966.16 3183.0 1623.92 886.37
88.13 183.12 83.95 2980.79 692.4 272.97
216.15 392.17 327.84 3484.4 1217.97 699.21
647.87 964.29 1405.26 2528.67 2447.58 1587.54
647.4 941.2 1329.98 2237.26 1534.68 929.89
84.58 176.79 71.16 3044.57 530.82 218.46
825.24 1205.17 1725.59 3443.13 3260.08 2145.44
106.32 262.2 127.95 4548.01 1064.05 402.11
576.75 903.67 1024.38 3916.12 1661.94 912.96
138.2 335.24 114.38 4963.45 1063.46 407.55
387.13 713.23 486.75 4257.43 1515.29 968.35
83.21 152.61 90.84 1640.54 447.77 202.17
419.37 574.64 706.84 1347.97 1279.98 1121.01
104.56 201.02 84.55 2640.87 571.41 254.5
464.86 650.59 796.73 1897.71 1557.11 1317.8
128.73 276.14 202.68 3979.75 1036.38 421.11
128.39 238.31 111.87 2712.98 644.99 279.08
76.66 272.68 116.41 4297.49 1106.14 439.84
416.83 658.8 682.57 4068.93 1689.32 1229.57
370.73 601.42 750.24 3988.88 1783.59 997.46
883.26 1252.15 1606.07 2700.81 2862.82 2478.21
252.59 607.74 185.15 5387.39 1293.19 537.1
287.4 540.73 294.76 4877.06 1158.0 529.37
100.21 100.55 100.15 106.93 101.32 100.41
738.55 1075.96 1426.03 3178.36 2243.95 1572.15
199.28 426.88 380.45 4123.92 1430.24 702.43
649.37 1044.85 1172.12 4136.83 1938.08 1077.04
264.92 540.93 356.54 4646.34 1401.94 790.6
253.67 404.7 315.99 2639.1 847.49 508.65
266.01 580.79 253.44 4657.19 1173.15 511.01
228.95 424.46 407.94 4354.66 1437.51 686.74
592.16 895.58 995.65 3634.06 2174.0 1706.88
102.41 287.14 120.88 4622.76 1190.64 470.48
577.59 844.25 1193.67 2744.25 2172.61 1363.57
229.0 435.95 302.28 3469.56 1072.49 624.8
573.83 874.47 962.26 3840.52 2112.99 1680.33
107.57 264.96 119.56 4174.49 983.19 392.41
358.47 612.64 731.29 4238.08 1617.92 774.79
131.11 291.37 117.53 3141.21 724.96 317.69
623.02 927.98 1080.29 3474.81 2247.53 1823.87
662.34 989.43 1313.55 3400.84 2261.66 1622.44
274.28 441.81 446.93 3205.44 1315.98 859.66
459.52 727.71 752.28 3695.77 1825.06 1359.57
608.89 898.34 1289.84 2325.47 2247.59 1499.68
90.01 225.29 126.75 4367.96 969.77 396.13
733.15 1159.97 1558.04 4154.46 2472.74 1471.75
562.13 847.95 977.83 3461.76 2129.22 1674.75
384.98 607.77 679.94 3268.07 1628.39 1078.56
850.19 1191.79 1505.07 2474.42 2656.51 2413.91
188.44 389.72 236.38 4552.48 1083.54 451.19
458.29 726.81 831.78 3892.67 1955.69 1257.01
176.52 307.91 156.46 2807.85 622.42 256.72
517.53 790.46 901.55 3397.04 2097.16 1598.57
426.51 721.67 678.76 4029.6 1790.67 1261.0
726.96 1046.54 1303.78 2675.85 2543.82 2173.8
552.37 820.72 954.08 3382.68 2062.75 1645.6
99.15 284.79 114.76 4671.17 1190.95 463.64
503.91 709.22 859.65 1991.19 1618.61 1392.88
263.88 483.46 400.53 4362.09 1287.31 587.61
316.79 468.99 525.78 2420.93 1230.81 929.41
697.57 1061.22 1361.95 3579.38 1999.84 1165.69
183.18 286.33 263.78 2590.24 831.14 519.78
189.41 338.85 302.75 3513.02 1028.93 485.27
910.49 1298.36 1939.9 3223.24 2643.83 1564.3
239.7 414.75 336.86 3507.97 1140.87 711.3
107.61 253.43 155.25 4191.2 1044.06 411.8
168.01 302.47 219.62 2657.81 864.81 484.69
72.23 202.95 72.03 4197.47 950.44 339.51
225.65 441.43 192.72 4546.84 957.91 357.37
589.21 893.78 1227.76 3968.78 2024.64 1107.39
121.18 283.45 97.2 3243.29 714.83 292.8
730.33 1103.11 1306.0 3844.89 2525.19 1883.72
440.19 740.63 845.63 4229.97 1883.73 997.02
94.89 182.0 93.59 2437.73 580.83 240.67
730.19 1106.6 1424.93 3718.52 2298.03 1392.86
146.35 250.53 180.47 2458.4 627.3 305.65
358.72 688.08 395.94 5402.26 1331.86 574.03
111.24 297.94 75.62 4994.31 1013.26 401.16
624.04 947.86 996.79 3895.44 2090.37 1622.82
286.69 526.59 501.35 3837.84 1563.13 988.99
454.09 727.45 732.01 4198.91 1839.56 1353.48
248.2 423.17 386.4 3069.52 937.94 470.97
301.51 488.87 495.97 3978.15 1489.52 986.84
161.45 294.44 220.41 3973.52 1024.47 547.51
213.39 438.47 239.56 4958.79 1291.97 615.28
920.84 1291.91 1652.44 2477.4 2937.92 2654.37
101.23 205.66 94.84 2463.65 640.49 280.2
248.53 430.0 484.11 4220.89 1502.53 734.82
254.31 428.43 392.18 4245.67 1327.51 827.58
276.71 511.72 455.47 4657.42 1369.05 619.14
583.7 808.18 1013.0 1657.48 1797.4 1611.86
181.04 337.4 258.07 4540.63 1190.57 643.92
542.42 755.92 920.97 1786.29 1651.25 1467.38
503.3 771.77 815.32 3553.4 1855.74 1414.78
121.38 204.18 108.94 2068.08 510.49 234.89
956.13 1373.08 1967.64 3035.46 3573.31 2510.62
305.68 536.98 445.97 4361.67 1473.95 898.3
55.26 240.22 75.6 4206.18 1026.95 372.31
136.49 277.19 196.1 4503.71 1041.04 454.63
98.45 115.07 98.58 521.59 196.53 129.28
74.9 195.03 75.21 3861.1 881.74 320.65
214.75 434.75 266.9 4808.84 1216.76 518.08
641.81 975.87 1414.3 4122.89 2912.41 1640.3
104.8 143.39 97.6 1088.06 277.47 155.38
117.61 259.25 91.2 3726.78 751.41 303.27
160.04 361.96 181.19 4477.25 1014.22 421.53
501.04 813.94 821.65 3903.32 1950.84 1456.86
779.17 1150.22 1490.06 3354.6 2519.52 1831.85
286.3 475.56 478.48 3893.36 1421.87 944.71
95.91 121.45 93.32 1048.86 270.92 153.82
117.37 326.84 216.77 4264.89 1225.83 510.56
267.91 500.55 508.04 4374.52 1421.6 675.28
429.12 675.72 694.35 3686.35 1711.15 1256.35
750.83 1106.5 1464.77 3153.34 2512.58 1883.56
738.25 1057.38 1316.59 2727.8 2574.98 2196.99
485.85 686.54 875.29 1772.63 1485.1 1136.22
247.45 438.48 459.43 3498.22 1183.52 577.34
552.12 795.72 1142.76 1893.63 1875.05 1213.6
208.36 357.33 351.95 3446.82 906.76 438.26
410.41 709.81 530.19 5008.21 1533.16 904.02
152.91 319.89 219.53 4416.58 1179.26 531.7
674.59 971.28 1199.37 2920.16 2333.32 1969.18
156.07 296.37 225.49 3663.23 856.05 431.09
947.9 1422.33 2115.77 3374.58 3622.03 2365.6
934.18 1356.81 2000.09 3238.04 3410.64 2201.16
951.29 1377.15 1925.26 3197.74 2458.72 1508.92
479.66 777.37 858.71 4335.07 1941.4 1167.74
454.69 696.4 936.58 2915.47 1938.29 1093.75
383.46 642.64 592.4 3999.06 1195.39 572.35
83.47 260.45 84.93 4587.22 1127.36 411.66
363.62 622.63 577.1 4455.13 1644.9 971.44
299.37 508.53 360.78 3674.4 1062.6 601.81
313.35 568.36 532.04 4591.02 1494.49 787.22
527.2 877.7 790.08 4006.0 1978.98 1445.05
218.2 440.61 374.95 3933.72 1420.27 819.0
709.47 1069.66 1494.77 3630.19 2826.27 1734.61
97.39 243.07 102.16 4499.21 799.26 314.04
371.8 578.1 539.1 3039.71 1286.8 888.86
355.76 595.3 673.9 4425.48 1774.8 970.0
455.32 717.62 911.19 3865.68 1786.22 1101.15
372.71 671.23 560.26 4434.49 1638.0 1080.27
470.5 742.18 822.99 3903.61 1945.74 1347.78
153.72 307.16 246.46 4499.98 1057.44 444.08
285.83 508.94 499.07 4211.75 1279.8 604.24
400.3 661.0 553.36 4177.53 1468.69 927.2
428.36 649.12 866.37 2067.31 1287.38 786.83
152.5 412.62 134.51 5019.7 1116.73 453.36
692.27 1004.21 1427.36 3021.38 2382.53 1483.61
623.3 967.31 1315.84 3709.8 2458.72 1485.47
352.18 684.68 349.1 5570.11 1367.65 641.48
447.06 722.52 713.36 3983.16 1757.31 1291.1
166.18 315.82 218.53 2686.03 733.47 338.69
98.22 128.6 97.77 915.36 267.71 149.06
427.32 621.3 832.52 2225.81 1369.68 814.88
753.32 1083.99 1296.02 2740.45 2410.84 2084.9
339.92 593.46 591.33 3800.03 1671.16 1126.22
285.95 564.45 398.48 4566.07 1452.53 851.82
118.38 284.85 88.85 3956.19 817.87 329.15
633.1 984.39 1383.21 3710.76 2674.78 1642.28
377.5 612.88 747.39 3856.37 1636.32 883.25
842.1 1260.01 1705.3 3156.73 2648.13 1891.19
142.32 264.16 101.66 1963.57 480.54 225.78
776.48 1116.87 1648.4 2897.44 2593.18 1526.61
412.33 675.53 836.9 4091.41 1940.87 1068.19
942.55 1373.48 1964.98 3228.84 2888.84 1777.51
497.82 779.91 987.7 3943.73 1799.67 1012.57
176.06 225.41 265.93 662.95 403.25 268.22
385.29 536.08 621.1 1499.6 1176.82 986.59
396.61 543.83 641.79 1179.23 1120.01 1002.68
454.16 740.94 799.55 4293.31 1845.02 1119.74
596.22 899.89 1000.49 3687.6 2138.14 1701.79
444.45 689.76 726.39 2893.41 1606.51 1245.91
707.22 1131.27 1404.11 4389.41 2724.87 1646.72
92.79 189.63 77.12 3119.86 603.62 238.52
176.43 425.08 184.47 4640.93 1123.35 515.69
581.35 951.01 1015.33 4625.6 2025.88 1117.11
384.3 589.0 679.01 2949.83 1315.95 839.86
729.67 1057.55 1296.26 2979.39 2535.94 2148.09
288.07 522.35 488.75 4059.13 1391.07 726.04
460.21 764.29 646.39 4686.37 1680.77 1086.63
149.76 371.65 179.84 4773.03 1301.47 593.58
210.15 377.76 337.31 4065.71 1239.92 739.09
395.84 585.64 721.16 2171.17 1343.01 948.37
99.37 110.14 99.21 389.22 159.49 117.4
97.48 107.88 98.63 330.86 152.12 115.31
622.84 965.84 1127.24 4136.16 1821.98 992.06
121.92 298.26 89.04 4615.06 910.96 353.05
824.53 1213.9 1407.8 3239.54 2672.47 2299.06
681.0 971.28 1323.29 2074.06 2038.06 1604.1
574.14 876.24 1250.03 3867.67 2037.89 1094.34
272.94 435.34 388.54 2756.22 840.25 414.91
100.42 135.98 98.24 904.86 284.04 161.36
91.06 211.21 71.62 3846.81 724.86 271.86
690.43 1027.47 1447.7 3401.71 2331.07 1464.3
204.49 276.98 290.34 1075.25 591.05 459.01
374.05 674.11 507.76 5254.74 1555.72 740.21
585.59 882.87 1017.52 3288.81 2245.29 1780.68
370.91 590.65 583.19 3469.02 1519.33 1063.69
240.08 455.7 385.18 4252.87 1494.1 831.28
827.19 1232.05 1795.03 2860.55 2449.0 1585.74
522.15 830.21 1032.55 4123.24 2041.74 1101.06
345.44 548.15 570.38 4055.72 1605.67 1107.83
898.07 1272.58 1585.77 2870.01 2853.41 2565.46
376.94 610.98 621.02 3400.39 1585.04 1097.05
105.17 131.99 101.91 762.08 231.08 141.79
505.99 720.45 868.93 2244.6 1721.96 1444.57
666.46 986.77 1336.83 3631.54 2705.95 1813.76
292.37 450.22 485.25 2216.69 1013.95 585.64
285.02 541.8 591.66 4036.15 1624.97 823.38
466.33 743.73 744.48 4074.12 1881.0 1344.26
558.77 879.91 935.84 3707.89 2086.7 1621.58
157.84 257.18 142.69 2147.1 494.94 218.48
782.94 1135.1 1348.03 3162.67 2556.62 2177.15
425.55 710.83 913.44 4125.45 1845.83 1003.26
532.15 822.82 927.35 3840.72 2074.4 1474.28
100.65 155.77 97.28 1347.68 385.3 195.12
929.71 1364.48 1904.82 3340.46 2699.36 1715.97
150.67 334.75 208.61 4215.27 1217.8 572.2
312.59 555.11 440.34 4540.47 1531.08 910.86
686.29 1075.47 1388.34 3797.89 2697.14 1807.76
776.09 1186.16 1713.1 3661.07 3120.68 1975.13
859.81 1228.36 1676.71 2944.34 2537.31 1891.03
838.77 1196.1 1572.06 2973.43 2879.11 2322.47
368.1 625.17 680.75 4193.48 1611.88 872.11
388.41 650.94 690.24 4404.76 1495.49 754.48
908.25 1281.81 1616.64 2595.22 2895.22 2595.46
124.19 176.43 157.47 1394.76 401.5 230.08
418.56 620.4 708.08 3083.38 1638.84 1258.45
406.64 654.89 669.6 3863.62 1362.48 672.64
108.37 269.08 106.5 4877.83 939.34 348.42
113.47 253.06 131.87 4822.2 1051.54 465.11
787.68 1201.6 1796.63 3180.99 2617.59 1641.1
267.53 406.17 432.69 2535.41 1085.73 780.51
612.52 960.76 1269.06 4072.94 2476.54 1484.37
630.54 915.91 1110.77 3210.13 2254.18 1870.0
234.1 404.33 268.17 3179.19 821.63 394.74
302.23 629.3 236.42 5795.46 1217.81 462.53
526.68 814.16 865.95 3881.32 1974.96 1505.28
78.32 221.28 60.26 4640.48 770.63 286.84
501.45 790.23 802.94 4098.12 1947.37 1429.22
581.35 888.22 969.11 3741.57 1924.44 1367.18
320.51 629.78 298.03 5282.04 1234.0 548.39
150.59 220.07 181.37 1495.8 486.61 312.5
913.03 1376.02 2038.98 3379.97 2799.82 1739.99
418.96 658.85 808.22 3772.75 1585.58 887.41
176.19 350.98 276.45 4442.66 1044.84 510.37
517.01 821.13 795.37 4189.69 1861.8 1291.88
289.23 596.25 226.61 5450.73 1147.7 438.1
81.77 227.64 75.36 4524.19 1009.77 365.64
106.52 316.52 97.47 4823.0 1191.9 472.15
126.98 266.82 109.94 3552.9 783.62 317.94
299.85 531.83 436.88 4081.93 1376.38 875.94
788.52 1140.88 1450.07 2867.47 2635.68 2129.19
812.71 1144.17 1455.22 2494.3 2704.18 2388.73
561.33 877.02 1047.96 3784.84 2136.67 1466.46
342.56 588.61 693.28 4193.12 1581.55 799.85
118.67 312.98 81.33 4623.58 933.54 360.17
92.77 121.35 90.43 1162.65 293.7 157.41
489.28 801.92 697.36 4682.86 1740.46 1162.77
220.37 291.23 330.11 1013.87 630.77 516.94
952.53 1388.78 2047.13 3309.13 3137.67 1989.51
178.59 300.21 267.45 3007.19 917.91 556.44
246.02 441.47 277.69 3740.14 901.7 383.14
718.44 1070.92 1508.23 3668.44 2927.73 1848.23
65.71 207.49 81.29 3247.53 810.54 308.74
95.19 117.83 95.16 809.49 247.25 141.47
326.35 582.99 566.31 4362.07 1446.95 757.75
153.68 309.13 234.51 4784.51 1183.47 533.47
646.18 964.51 1128.67 3292.33 2358.8 1923.07
522.54 815.93 844.33 4033.3 1995.54 1489.01
941.15 1433.27 2169.56 3440.94 3079.8 1952.85
639.03 931.36 1071.46 2878.2 2073.59 1726.22
783.14 1112.12 1391.25 2646.55 2644.15 2297.26
77.97 181.67 77.81 3350.58 774.66 290.01
362.18 628.41 674.36 4342.58 1521.52 745.01
926.98 1334.31 1900.31 3074.13 3478.99 2444.33
347.84 569.94 721.24 4251.27 1875.2 968.77
739.91 1061.96 1327.42 2643.83 2572.42 2208.29
652.06 959.18 1147.4 3212.71 2332.7 1921.09
292.77 413.58 477.99 1698.45 947.0 712.77
811.78 1185.03 1531.82 3203.13 2395.1 1846.18
531.1 810.82 1073.93 3060.15 1950.09 1176.03
282.06 567.69 231.72 5036.7 1089.6 435.68
220.48 407.74 407.61 4065.97 1394.69 695.48
825.46 1231.74 1840.26 3816.77 3510.07 2032.94
454.01 826.63 745.67 4740.64 1726.49 841.26
221.57 437.16 278.24 4698.54 1263.16 646.92
919.13 1357.57 2001.13 3279.56 3328.56 2132.65
211.33 386.4 389.79 4187.83 1348.02 689.99
530.04 814.65 971.26 3626.32 1952.24 1348.97
97.62 273.85 104.99 4757.13 1079.77 394.59
179.21 398.32 182.11 5106.1 1207.13 484.38
82.25 155.62 90.32 1728.87 467.71 208.02
123.38 190.68 100.92 1129.45 310.21 169.48
111.57 228.19 135.51 3929.99 902.33 414.14
275.9 370.66 433.29 961.47 810.4 686.86
476.64 812.59 685.09 3981.79 1775.68 1260.49
665.39 983.63 1189.85 3010.55 2387.26 1988.44
338.29 562.49 580.48 4301.47 1534.1 919.49
343.7 543.43 567.21 3411.75 1510.51 1047.32
212.69 381.01 342.01 4059.97 1245.98 745.94
773.33 1086.96 1375.94 2269.97 2487.41 2217.29
90.04 259.92 87.5 4659.23 1037.76 374.35
174.71 268.7 233.37 1940.05 634.34 389.21
792.83 1188.45 1581.78 3636.51 2735.01 1700.76
586.06 827.31 1009.53 2369.71 1893.42 1646.99
499.97 748.45 859.94 3654.2 1945.44 1512.51
305.42 480.57 536.18 2492.98 1046.16 565.69
459.28 702.27 865.18 2755.85 1832.08 1284.8
80.24 198.39 63.05 3872.63 651.97 251.78
250.57 493.64 229.39 5025.39 1090.49 416.17
799.21 1141.17 1424.88 2805.19 2665.66 2324.16
65.67 164.21 62.65 3527.16 714.66 278.8
523.8 859.98 980.03 4169.65 2256.43 1405.47
633.31 998.91 1012.35 3727.73 2220.99 1749.24
617.04 914.03 1057.98 3290.39 2166.37 1779.43
552.37 848.6 992.24 3680.36 2140.62 1525.03
90.14 222.66 68.69 4232.68 789.21 289.56
744.53 1111.99 1515.6 3512.26 2408.77 1437.52
804.89 1150.88 1543.76 3175.26 2544.93 1926.53
880.18 1290.91 1889.06 3287.82 2828.08 1804.37
209.38 286.87 314.06 1286.9 659.73 511.64
81.09 199.29 69.09 4492.42 891.2 349.12
82.18 152.61 76.43 2717.95 577.19 241.43
139.22 393.51 110.47 4985.85 1072.98 412.11
659.54 1009.48 1087.43 3365.99 2317.51 1871.09
708.77 1030.69 1211.83 3090.22 2398.18 1991.75
489.97 745.86 965.91 3165.16 1893.19 1130.44
193.96 411.93 262.35 5005.04 1235.64 550.3
897.34 1292.25 1899.48 3084.8 2769.22 1785.37
92.88 228.33 73.73 4292.03 807.62 300.83
496.36 790.05 982.02 3928.33 2312.86 1407.7
419.1 617.91 843.23 2072.25 1516.05 940.17
498.52 746.21 984.69 2790.82 1714.85 1056.05
460.5 785.97 800.29 4649.6 1668.8 865.69
151.11 297.42 212.79 4442.45 1123.62 568.84
94.24 171.67 81.71 2514.6 502.68 210.76
113.18 149.41 131.77 1194.05 334.72 188.19
339.0 541.09 575.67 3707.37 1533.91 1081.61
293.57 498.55 573.75 3583.23 1317.9 629.81
390.1 764.76 558.51 4968.36 1711.64 863.57
81.1 216.09 92.12 4214.5 978.23 360.54
573.13 876.89 1093.13 3597.95 1974.53 1227.25
631.95 975.95 1176.97 3747.05 2308.72 1581.97
428.97 700.15 854.37 4053.43 1634.24 832.92
583.04 858.46 1201.58 2852.32 2359.8 1481.11
864.89 1278.05 1819.97 3211.35 2127.14 1267.42
165.9 392.31 332.27 4201.26 1284.6 558.66
148.54 231.91 135.82 1817.96 431.44 199.43
396.27 576.57 784.02 2052.37 1345.46 816.95
101.61 113.91 99.79 338.25 146.6 114.61
845.19 1203.8 1483.26 2924.2 2701.62 2403.85
151.97 302.55 212.31 4659.46 1114.96 539.3
218.71 346.88 246.47 2057.88 641.84 384.34
238.78 432.93 364.09 3975.29 1300.57 755.39
714.09 1085.11 1485.01 3505.14 1949.17 1106.69
382.2 615.39 631.32 3727.53 1641.11 1150.14
532.88 827.15 830.75 3902.3 1902.05 1386.94
414.11 667.6 660.66 3972.14 1739.72 1216.02
208.95 322.66 315.71 2619.26 936.88 610.85
114.13 255.33 137.23 4850.61 1057.77 459.67
759.57 1094.18 1342.87 2758.46 2591.88 2230.51
190.13 350.43 276.15 4566.31 1234.97 679.75
353.26 557.19 552.88 3238.41 1402.11 1005.42
454.53 738.94 937.96 4093.61 2031.56 1184.15
266.88 537.65 211.66 4818.9 1023.98 398.18
261.06 456.57 498.92 4661.31 1591.65 785.96
317.69 560.24 501.42 4538.33 1508.06 823.28
519.74 910.74 854.72 4603.71 1830.14 987.81
413.17 679.78 659.59 4205.54 1398.09 681.87
517.57 831.69 1046.96 4161.27 2170.78 1157.41
138.29 341.49 118.45 4680.47 1001.38 421.26
369.27 590.06 514.63 3364.52 1265.97 843.56
767.41 1161.21 1454.45 3709.95 2594.65 1797.69
204.89 333.34 340.21 2738.03 875.69 426.21
852.51 1204.12 1524.74 2640.51 2758.6 2463.78
481.9 785.44 1002.07 3997.64 2123.14 1191.05
480.6 793.19 878.87 3952.23 1604.59 858.52
588.03 899.44 938.76 3843.41 2024.24 1537.65
139.33 311.3 172.97 3700.72 1019.14 449.05
137.59 287.55 194.47 4091.38 1105.09 513.88
89.27 175.09 85.5 2702.79 635.23 256.28
548.85 779.02 970.33 2132.48 1837.17 1539.68
279.91 557.41 253.59 5546.51 1190.18 475.9
975.4 1367.52 1734.47 2638.55 3030.0 2776.56
117.16 252.04 143.69 3274.87 906.97 403.81
153.78 321.36 160.13 3700.21 878.56 423.13
205.49 341.62 304.12 3520.12 1079.33 652.82
800.31 1170.16 1711.05 3547.93 2793.54 1616.34
192.07 352.9 279.83 4559.93 1239.61 685.1
655.58 948.22 1157.67 3145.77 2313.23 1937.96
670.13 1050.3 1303.37 4323.86 2152.93 1138.06
264.9 518.7 260.89 5173.02 1139.92 432.43
130.5 364.22 95.96 4627.13 985.51 377.67
651.46 1006.93 1030.12 3986.26 2187.34 1689.87
608.73 870.77 1182.07 2120.7 2008.39 1502.67
98.61 106.94 97.4 365.96 138.91 110.7
86.81 141.33 92.81 1310.19 373.19 180.26
660.14 963.57 1392.31 2394.19 2329.29 1512.55
252.74 428.76 447.5 2829.99 1188.99 640.17
605.74 921.68 975.95 3775.41 2109.61 1620.15
677.83 1015.71 1262.17 3495.82 2446.01 1852.99
279.11 422.21 416.96 1878.28 921.52 699.39
253.38 490.48 509.47 4080.3 1427.33 657.06
170.35 301.46 226.62 2956.25 759.21 354.53
900.75 1303.31 1818.67 3038.84 2835.74 1931.52
323.99 608.04 330.4 4715.82 1190.52 584.65
816.06 1179.38 1507.44 3146.08 2531.0 2006.46
84.04 129.86 82.63 1693.74 385.84 183.15
456.52 635.78 771.44 1629.1 1462.57 1254.56
483.6 763.57 934.08 3303.81 1861.12 1187.31
704.33 1078.06 1154.6 3989.68 2236.21 1718.75
214.52 316.24 370.28 1959.8 826.14 478.27
220.87 440.23 225.25 3237.01 928.42 444.96
157.98 329.89 222.21 4704.51 1038.2 422.5
232.89 419.18 435.49 4406.93 1423.23 730.45
266.72 474.73 442.2 3943.73 1279.39 656.65
332.0 479.99 498.77 1878.28 1014.61 783.46
799.09 1158.09 1696.1 2786.48 2596.3 1650.7
115.15 295.6 146.81 4701.97 1108.94 417.02
325.37 559.94 590.85 4126.41 1400.28 677.27
627.89 939.47 1250.57 2885.17 2124.72 1501.7
611.15 913.63 1159.0 3278.39 2205.73 1585.01
360.23 507.75 720.22 1131.59 960.52 622.98
320.48 624.18 535.35 4652.36 1492.35 775.27
210.41 385.42 365.03 4661.42 1272.22 607.64
249.91 471.16 393.56 4322.08 1508.05 861.71
190.28 391.19 285.91 4301.98 1367.84 704.35
626.61 896.06 1307.24 2408.19 2071.86 1220.32
125.16 272.16 169.8 4135.35 1079.43 484.85
379.61 641.82 662.98 3725.11 1756.32 1229.56
98.24 108.78 96.7 436.5 149.23 113.54
397.09 674.95 605.78 4697.54 1434.68 662.24
672.95 985.53 1153.49 3093.2 2246.4 1911.01
57.84 181.14 54.97 4378.6 869.56 324.76
479.35 778.26 1021.02 3511.46 2033.19 1171.2
169.54 353.84 182.34 4342.61 1047.38 476.87
316.19 538.13 549.88 3923.05 1335.93 715.63
101.23 103.28 100.91 141.09 107.84 102.44
307.56 515.82 484.07 4192.96 1450.94 946.53
442.94 722.24 896.08 3934.28 1930.71 1055.46
824.9 1237.11 1788.01 3492.01 3106.19 1947.15
344.64 679.61 326.56 5676.61 1337.69 603.03
816.91 1204.64 1558.51 3257.21 2760.88 2124.4
550.96 869.4 1092.82 4129.22 2113.11 1208.35
89.57 201.21 90.49 2930.49 748.05 296.59
595.67 874.64 1037.2 3239.38 2170.95 1769.24
464.09 705.53 951.43 2617.07 1849.17 1123.5
463.65 747.26 710.04 3162.3 1587.3 1159.98
151.2 295.53 217.83 3783.36 1078.46 535.57
229.97 457.41 293.94 4541.61 1236.06 681.84
436.05 687.98 695.69 3785.1 1672.84 1239.76
790.93 1126.68 1409.86 2792.08 2643.6 2303.44
576.0 849.1 1011.63 3175.77 2134.17 1716.64
363.31 627.45 725.75 3878.67 1689.77 939.54
108.54 141.62 103.57 886.22 263.98 153.88
361.13 717.59 411.49 4888.52 1544.23 897.79
550.35 820.44 890.72 3091.16 1863.67 1464.71
216.33 434.44 278.12 4868.72 1301.03 707.65
79.86 199.93 93.36 4037.04 863.56 362.34
95.09 125.76 91.98 1239.41 305.24 164.62
707.81 1057.11 1160.52 3781.48 2314.79 1879.66
214.98 297.1 319.67 1310.33 688.97 521.6
436.17 680.53 924.27 2887.79 1539.5 912.79
127.45 298.92 140.51 3792.6 1016.07 455.59
817.67 1206.93 1438.02 3524.52 2588.64 2038.99
546.77 858.99 1126.29 3908.96 2515.77 1484.42
193.04 369.22 268.63 4440.75 1118.89 583.69
111.24 248.1 131.1 3588.16 866.41 347.02
877.5 1319.19 1934.04 3179.24 2607.72 1627.6
122.87 188.72 100.9 1107.15 305.66 167.98
225.81 455.49 284.51 4963.46 1332.34 601.59
162.32 315.08 239.31 4618.6 1183.52 580.23
201.68 366.66 168.04 2975.22 662.98 281.68
144.55 324.07 205.16 4372.93 1104.01 448.87
158.88 379.19 298.79 4172.73 1270.73 582.11
442.29 714.11 783.09 3495.6 1902.07 1402.13
580.24 845.35 1019.78 3168.57 2160.25 1755.06
697.14 1027.78 1497.66 3594.82 2278.59 1293.01
71.67 199.97 80.26 4383.51 908.37 364.71
249.21 371.51 366.12 2007.03 876.67 635.8
249.73 449.26 281.52 3932.26 950.32 395.21
104.29 282.27 120.71 4726.86 1094.18 408.86
866.41 1216.75 1594.38 2437.51 2832.22 2438.53
368.99 622.97 568.37 4453.61 1645.24 1121.18
220.37 403.28 337.27 4190.14 1346.24 754.14
152.76 334.52 150.34 4477.96 984.09 441.95
160.09 369.43 138.09 5014.99 1145.64 452.07
896.32 1263.82 1596.41 2595.91 2863.85 2562.76
372.04 629.22 669.9 4155.3 1320.44 660.39
669.04 1022.07 1437.64 3788.93 2249.65 1220.62
708.96 1109.84 1550.49 3827.17 2490.64 1541.33
96.97 137.62 90.4 1367.52 311.39 158.14
80.06 162.51 89.12 1930.39 513.2 221.39
445.76 728.79 635.04 4292.86 1628.03 1073.29
95.35 157.82 85.24 2048.09 424.88 189.36
376.46 526.11 715.54 1649.3 978.74 601.91
787.87 1151.2 1616.55 3612.88 2354.04 1346.03
156.36 226.69 221.44 1157.26 495.9 284.73
93.05 134.62 87.0 1427.49 294.22 153.41
139.04 281.2 190.1 4451.17 1090.66 534.44
128.38 249.11 167.76 3854.77 939.6 459.48
521.51 839.8 1015.81 3963.38 1593.34 853.8
231.98 403.04 439.93 3653.53 1216.43 552.9
255.08 392.89 432.04 2706.42 994.41 607.49
344.07 540.9 493.13 2658.19 1096.8 710.34
600.92 877.63 1243.7 2560.06 1787.64 1014.07
579.57 924.62 1090.99 4316.42 2197.65 1251.06
657.78 970.36 1135.49 3312.96 2307.9 1899.2
92.28 128.62 92.23 1238.96 336.39 166.58
147.8 229.88 135.27 1791.59 426.35 197.91
315.27 564.95 582.14 4225.3 1664.79 942.02
469.0 758.75 684.84 4325.08 1700.05 1141.84
642.36 954.2 1221.12 3383.24 2034.72 1488.23
90.56 240.88 92.33 4563.3 1044.37 394.21
624.87 943.11 1018.28 3672.51 2163.44 1687.14
885.02 1244.54 1588.51 2538.22 2852.47 2561.44
631.18 969.1 1318.53 3765.7 2617.6 1570.38
516.2 865.07 918.32 4770.12 1781.74 927.47
679.94 997.32 1149.36 3223.33 2316.85 1892.61
285.85 587.41 224.36 5355.34 1129.02 432.07
748.43 1096.66 1311.08 3065.74 2533.08 2162.8
794.63 1166.16 1498.97 3310.37 2429.45 1778.57
794.94 1189.43 1616.02 3377.82 2684.08 1971.52
198.93 386.52 320.27 4708.66 1150.76 494.43
741.69 1080.57 1285.06 3338.07 2496.32 2138.58
570.31 908.14 990.4 4453.98 2125.87 1289.8
536.5 790.76 1082.78 2559.53 1736.72 1079.3
95.21 125.16 92.17 1213.24 300.53 163.14
388.3 690.53 526.59 5110.57 1473.21 758.88
126.14 304.15 97.11 4620.77 924.48 365.93
550.18 870.1 918.86 3736.96 2066.49 1597.08
439.13 713.53 902.03 3926.66 1631.1 897.25
216.45 401.08 325.86 4290.04 1326.19 733.08
170.03 348.28 242.77 4741.21 1056.54 446.77
755.42 1094.92 1575.41 2968.02 2499.5 1463.88
96.57 133.29 96.87 1031.07 313.17 164.67
621.91 914.23 1090.27 3094.64 2221.78 1825.09
89.34 232.52 66.18 4564.75 844.59 304.8
553.59 908.98 789.59 4690.01 1893.96 1315.26
134.46 266.17 168.5 4285.8 1000.53 487.52
87.64 136.48 83.66 1915.24 430.88 198.07
402.33 661.66 548.69 4073.08 1415.31 911.04
596.28 894.67 1030.48 3539.76 2188.0 1751.5
139.37 401.0 108.1 5131.88 1100.99 421.42
456.59 668.8 762.93 2489.54 1555.9 1255.7
280.68 507.75 537.31 3987.9 1546.61 773.74
891.67 1264.06 1578.77 2685.03 2849.51 2536.99
278.65 602.84 249.64 4743.31 1263.28 636.65
132.97 303.87 112.15 4319.7 935.44 366.33
570.63 883.9 885.5 4083.72 1949.4 1450.08
180.41 451.0 215.72 4979.12 1188.97 494.73
367.08 590.88 601.87 4007.72 1590.06 1099.47
329.3 505.11 627.45 2722.22 1199.73 697.12
264.66 481.61 412.87 4345.13 1449.77 854.17
97.55 259.28 105.11 4360.83 994.9 369.73
275.32 520.2 443.95 4516.07 1433.66 726.48
413.35 640.2 671.34 2732.69 1523.41 1167.9
631.61 956.92 1012.57 3868.76 2110.35 1647.29
230.01 445.56 358.65 4666.88 1256.43 576.99
853.96 1217.63 1499.11 2969.67 2742.87 2430.07
219.15 434.19 273.48 4706.24 1257.36 639.96
399.09 675.84 733.1 4070.67 1376.38 698.93
96.86 109.27 95.85 561.23 184.07 124.92
123.13 286.12 129.98 4803.4 990.03 419.87
233.86 451.06 189.57 3885.22 841.16 339.18
289.63 471.61 529.67 2845.26 1077.59 591.72
462.08 694.22 797.71 3511.79 1875.9 1429.38
600.99 893.0 1079.93 3406.78 2077.57 1628.88
99.22 107.58 99.29 312.06 148.55 114.73
104.28 241.56 112.75 4866.44 1027.83 441.28
551.38 846.48 1040.88 3933.47 1789.55 1080.01
852.44 1225.4 1496.08 2793.22 2765.82 2434.7
593.8 899.38 1304.37 3413.12 2049.11 1104.74
146.23 323.89 136.99 4378.09 984.79 408.41
894.33 1299.45 1734.03 3188.85 3012.97 2284.59
980.43 1432.11 2015.85 3245.32 2807.66 1800.09
831.11 1218.15 1631.26 3222.16 2548.62 1774.95
89.04 206.34 90.01 3074.02 780.91 306.56
609.24 873.36 1040.73 2275.39 1927.31 1684.45
201.08 363.65 298.89 3472.04 1064.87 543.42
273.23 457.09 459.83 4146.27 1374.27 808.11
695.55 1037.76 1302.41 3280.73 2282.1 1699.93
545.76 818.79 924.23 3327.23 2013.87 1599.03
356.73 625.04 740.77 4013.4 1775.13 886.69
94.36 190.64 92.92 2684.1 631.51 255.5
81.03 274.4 130.65 4200.38 1097.81 430.84
654.23 976.42 1102.78 3628.51 2296.36 1862.37
303.51 520.04 426.69 3952.95 1361.21 840.51
416.53 675.09 661.5 4069.15 1728.33 1206.22
379.39 649.34 547.79 3974.77 1429.89 748.98
339.32 589.44 534.5 4163.67 1543.9 977.82
718.2 1030.18 1271.8 3063.85 2465.1 2107.99
100.32 127.73 98.65 720.32 241.85 147.29
80.91 200.2 68.8 4532.8 898.47 351.42
549.89 869.76 918.28 3737.95 2065.8 1596.24
95.69 113.49 97.65 495.14 189.2 126.21
357.56 637.56 543.25 4151.64 1600.12 1054.54
186.34 330.56 167.4 3051.6 678.68 280.22
730.98 1095.89 1447.11 3633.57 2893.06 1991.92
689.08 992.87 1225.23 2981.72 2384.27 2032.33
106.91 253.28 76.56 3955.56 815.33 334.44
303.37 536.97 450.25 4492.5 1512.9 958.44
612.42 965.13 940.93 4197.8 2079.69 1552.16
826.51 1160.64 1483.72 2435.0 2751.09 2434.66
809.7 1205.04 1824.09 3781.19 3488.45 2018.45
250.38 337.47 443.03 970.98 711.32 436.26
411.87 618.22 690.69 2980.35 1497.79 1181.43
836.82 1185.3 1493.15 2719.02 2731.61 2420.15
413.84 573.98 691.14 1383.48 1288.95 1114.52
183.5 288.55 296.65 2240.31 856.42 455.55
918.38 1352.87 2004.79 3169.59 3166.29 2029.42
922.63 1303.52 1629.52 2803.56 2909.42 2623.28
320.77 527.13 608.81 3767.27 1441.03 804.7
125.33 273.58 147.97 4275.08 864.94 338.19
705.35 1087.33 1537.78 3673.11 2269.85 1359.8
312.33 475.15 577.93 2216.37 1122.79 625.72
199.81 363.55 351.38 4432.19 1196.37 535.41
112.25 253.86 143.92 4816.68 1031.01 424.02
96.48 156.57 95.58 1712.79 431.72 197.05
863.86 1222.01 1547.71 2619.33 2822.19 2506.59
267.66 383.69 408.56 1557.89 869.36 675.52
639.92 975.92 1334.14 3482.18 2255.32 1368.02
382.58 628.48 632.47 4058.77 1712.26 1173.23
346.22 550.47 572.2 4029.39 1571.94 1089.87
155.81 246.36 137.34 1678.13 409.01 199.72
235.29 401.6 438.66 3426.06 1325.66 647.66
565.31 938.1 843.54 4197.94 2030.74 1511.86
375.74 592.09 637.88 3784.49 1621.5 1176.89
928.7 1350.83 2000.27 3180.73 2921.95 1884.38
520.07 797.04 856.45 3691.96 1897.97 1482.32
152.64 289.34 261.22 2612.72 841.63 385.84
913.49 1374.63 2003.33 3330.0 2992.29 2039.52
472.59 663.33 895.44 1700.37 1474.19 1077.01
806.93 1137.3 1445.1 2507.49 2711.58 2378.83
422.87 658.63 711.6 3749.22 1655.14 1256.73
524.63 905.48 923.17 4360.51 2092.82 1197.4
426.75 656.56 880.63 2546.19 1409.56 823.69
184.83 363.11 315.39 4448.15 1025.27 453.27
118.15 148.39 113.42 705.74 215.58 135.96
568.99 895.9 1122.06 3940.22 1694.99 916.49
443.53 758.27 729.25 4925.41 1597.26 747.25
458.72 673.35 919.64 2273.3 1826.11 1142.18
110.79 152.57 104.51 1093.07 307.13 168.06
405.37 711.15 618.93 3862.93 1548.33 873.63
109.27 183.82 95.37 2009.02 442.88 206.99
962.0 1398.0 2014.0 3173.0 2939.0 1816.0
69.0 191.5 59.0 4653.5 930.0 346.0
134.0 394.5 95.5 5146.0 1087.0 409.5
969.0 1403.0 2079.0 3181.0 3518.0 2279.0
155.0 368.0 123.0 5163.0 1156.0 447.0
89.8 263.8 87.2 4769.8 1060.5 381.0
971.0 1390.0 2115.5 3245.0 2879.5 1707.0
122.0 299.0 89.0 4632.0 914.0 354.0
72.0 203.8 71.8 4231.5 957.5 341.5
907.5 1325.5 2047.5 3151.5 2757.0 1579.5
948.0 1357.0 1978.0 3155.0 2462.0 1531.0
56.8 180.8 53.0 4412.8 873.5 325.0
119.5 322.5 80.5 4825.8 970.8 371.8
948.0 1376.0 2046.0 3146.0 2970.0 1921.0
911.0 1341.0 1922.0 3127.8 2196.5 1320.8
985.0 1493.5 2276.8 3372.5 3183.8 2033.8
76.2 218.5 55.5 4643.8 764.8 282.8
962.5 1390.0 1954.5 3151.5 2480.0 1527.0
959.5 1435.2 2145.2 3160.2 2832.8 1787.8
88.5 243.0 63.5 4918.0 903.5 321.0
978.0 1422.0 2105.0 3266.0 3199.0 2037.0
79.2 209.2 66.0 4931.0 970.2 374.0
222.2 574.0 104.8 5481.0 1198.8 463.2
992.0 1434.0 2127.0 3253.0 3849.0 2515.0
980.5 1432.2 2016.0 3245.2 2807.8 1800.2
966.0 1422.0 2112.0 3259.5 3477.0 2237.5
109.2 304.0 68.8 5231.2 1052.0 412.0
978.0 1434.0 2220.0 3640.0 4073.0 2397.0
81.5 229.5 75.0 4588.5 1023.0 369.5
937.0 1353.0 2081.0 3198.0 2826.0 1629.0
924.0 1316.0 1970.0 3207.0 2671.0 1584.0
102.5 315.2 89.5 4914.0 1200.8 467.0
980.0 1467.0 2194.0 3388.8 3736.5 2446.5
955.0 1376.0 2056.0 3368.0 3193.0 1885.0
977.5 1462.0 2197.0 3231.5 2940.0 1846.5
939.0 1381.8 2053.5 3176.2 3230.8 2074.0
265.0 540.0 222.0 5608.0 1151.0 427.0
83.0 265.0 84.5 4714.5 1156.5 420.5
245.0 494.0 207.0 5231.5 1090.0 397.0
304.0 635.0 236.5 5868.5 1229.5 464.5
138.0 335.0 114.0 4964.0 1063.0 407.0
53.8 244.8 74.8 4340.2 1057.2 381.2
881.0 1230.0 1585.0 2295.0 2884.0 2584.0
943.0 1319.0 1696.0 2407.0 2991.0 2718.0
1010.0 1410.0 1801.0 2535.0 3109.0 2871.0
100.0 100.0 100.0 100.0 100.0 100.0
