809.54 1166.54 1466.08 2901.4 2680.06 2257.34
515.74 701.18 887.1 1237.75 1525.76 1391.13
708.91 1005.85 1278.75 2371.59 2403.1 2041.64
491.22 830.8 714.88 3972.95 1819.11 1305.92
793.08 1133.21 1395.52 3024.88 2564.44 2269.76
946.79 1345.7 1799.2 2580.05 2954.65 2504.29
426.14 571.88 720.13 1016.62 1262.59 1137.31
952.89 1371.34 1988.59 3018.85 3401.97 2334.82
515.56 719.86 976.8 1383.53 1460.63 1162.75
757.44 1051.23 1350.07 1947.75 2443.57 2191.03
475.13 738.18 855.94 3783.2 1873.78 1338.71
607.64 934.18 984.8 3188.72 2069.82 1671.03
894.82 1261.22 1670.7 2451.84 2980.43 2527.65
982.92 1430.38 1998.38 3187.0 2832.48 1887.95
961.77 1348.09 1705.2 2533.51 2967.05 2723.91
236.95 421.75 321.47 2980.7 996.62 621.54
664.77 941.94 1181.2 2199.29 2244.66 1946.44
972.45 1398.07 2031.54 3084.26 3679.03 2527.15
387.03 614.8 636.64 3929.93 1649.54 1173.46
371.44 523.92 597.05 1713.01 1144.48 963.62
687.65 1008.32 1276.26 3086.65 2482.49 1928.28
912.02 1268.96 1617.86 2272.83 2785.03 2572.66
723.91 998.16 1266.24 1769.49 2163.03 1999.85
894.84 1257.32 1673.12 2495.75 2941.81 2453.22
461.53 638.95 868.48 1351.91 1114.84 741.94
466.59 630.11 794.05 1103.24 1357.21 1238.49
829.74 1150.51 1464.06 2052.66 2512.96 2322.11
744.1 1027.22 1303.97 1823.49 2229.77 2061.31
962.94 1401.67 1985.63 2883.64 2961.52 2214.19
947.56 1332.76 1734.88 2508.85 2968.74 2606.48
230.12 403.08 357.6 3289.06 1240.32 740.68
609.49 845.98 1113.68 1663.3 1770.77 1444.89
699.79 1008.31 1226.73 3233.38 2390.67 2038.61
927.19 1316.5 1924.05 3072.83 2724.67 1774.18
364.38 563.6 526.66 2911.71 1224.0 853.45
310.19 437.22 508.12 1657.11 958.98 735.6
714.63 989.29 1268.67 1827.43 2290.96 2054.87
1005.22 1406.26 1819.35 2578.45 3090.46 2789.61
237.18 588.91 138.45 5408.57 1237.11 511.42
654.83 985.28 1175.47 3659.77 2277.02 1778.41
931.79 1305.34 1685.48 2406.51 2927.0 2634.74
928.48 1316.71 1905.41 3018.42 2746.43 1851.32
458.12 641.47 854.69 1573.52 1361.49 980.47
707.63 1007.75 1226.28 2520.13 2246.19 1986.35
915.54 1297.96 1688.08 2870.58 2859.72 2412.15
713.49 999.12 1262.26 2127.33 2279.64 2030.35
454.68 612.87 771.49 1070.63 1316.33 1201.47
981.41 1425.8 1978.74 3043.7 3404.05 2604.44
806.23 1203.66 1431.31 3330.51 2587.61 2109.56
267.43 415.05 419.81 3118.08 1167.29 797.3
607.8 902.55 1039.89 3315.42 2143.0 1752.82
923.42 1303.26 1633.49 2776.18 2905.85 2626.34
734.55 1031.01 1397.99 2040.04 2402.91 1920.16
949.91 1347.73 1811.66 2685.6 2972.09 2389.94
255.81 439.15 414.57 3846.46 1386.65 843.03
103.09 104.45 105.78 108.27 110.22 109.41
443.33 638.33 878.24 1569.45 1253.44 862.41
610.75 842.29 1065.36 1595.12 1868.76 1689.66
923.45 1340.96 1887.93 2762.85 2856.31 2153.46
356.93 623.53 449.51 4714.7 1405.73 781.89
992.6 1389.5 1790.19 2610.45 3051.46 2750.99
783.89 1090.62 1405.39 2029.97 2533.79 2262.35
696.06 975.89 1293.77 1892.33 2296.49 1930.86
237.21 314.24 364.74 972.08 690.85 576.15
967.74 1417.97 2029.03 3063.57 3489.55 2536.44
992.04 1411.27 1952.79 2947.86 3463.76 2670.55
195.48 238.15 281.55 368.35 440.36 403.69
788.37 1098.52 1418.93 2057.86 2553.61 2271.81
852.97 1195.16 1561.87 2276.7 2795.87 2436.34
794.58 1099.89 1398.32 1958.57 2396.68 2215.02
379.09 606.85 639.8 3418.46 1702.02 1191.23
588.49 806.37 1024.83 1436.84 1775.25 1617.05
201.7 247.06 292.55 378.32 448.78 415.84
964.36 1389.2 2015.86 3159.64 3651.46 2522.06
712.51 985.7 1259.62 1776.22 2200.55 2002.19
996.32 1413.73 1897.7 2760.27 3223.42 2674.02
863.54 1263.58 1779.23 3343.11 3320.26 2290.81
618.62 931.36 1050.35 3650.6 2207.87 1733.63
867.82 1210.93 1559.93 2257.95 2837.01 2542.07
805.8 1131.61 1433.44 2326.2 2573.6 2308.27
851.79 1202.22 1525.91 2598.06 2778.05 2469.13
375.94 628.34 574.33 4301.2 1621.29 1079.35
921.6 1315.39 1850.79 2857.96 3381.67 2505.73
746.98 1041.02 1337.16 2028.72 2437.04 2152.93
823.81 1167.47 1517.94 2578.55 2775.05 2349.1
663.68 915.56 1171.78 1684.21 2109.31 1892.79
874.96 1287.47 1771.32 3242.56 3079.89 2159.68
677.42 983.34 1188.06 2862.55 2345.21 1969.85
702.11 1010.57 1246.8 2911.6 2428.6 2060.74
708.01 1050.46 1231.1 3202.59 2437.95 2047.45
819.44 1176.74 1477.84 3057.33 2753.67 2328.22
1003.13 1419.16 1925.43 2809.06 3391.46 2735.12
935.99 1315.55 1719.43 2495.3 2959.27 2600.91
257.6 326.88 394.6 521.72 621.13 579.91
657.72 974.7 1126.52 3404.77 2326.66 1895.81
790.61 1122.11 1408.39 2813.82 2627.08 2301.8
907.63 1293.76 1748.84 2589.27 3113.35 2547.01
854.02 1187.38 1517.46 2140.12 2577.87 2363.25
981.45 1455.68 2148.9 3146.89 2960.53 1970.95
498.89 742.44 877.78 2569.5 1868.06 1500.78
487.55 757.94 812.07 3791.81 1950.09 1476.76
911.02 1278.74 1634.91 2500.96 2912.89 2628.3
869.02 1207.05 1537.47 2157.76 2642.83 2441.7
852.05 1182.62 1505.75 2112.35 2586.72 2390.03
977.51 1461.99 2196.91 3231.35 2940.04 1846.72
989.92 1425.06 2063.9 3228.32 3713.85 2573.59
911.46 1296.91 1854.83 2786.24 2852.45 2064.47
540.69 801.62 938.25 3267.88 1984.6 1609.8
563.23 787.22 1073.89 1612.98 1627.67 1186.27
799.5 1111.5 1424.33 2014.3 2498.89 2272.36
277.83 357.14 436.67 586.65 709.84 652.25
830.27 1169.54 1507.87 2514.31 2725.38 2356.63
974.82 1393.69 1975.92 2956.45 3548.25 2586.16
426.01 662.63 717.55 3741.1 1663.22 1265.57
184.8 222.62 260.54 332.06 390.8 363.34
436.54 604.63 759.0 1455.71 1274.66 1079.9
993.93 1403.24 1852.92 2743.52 2896.25 2416.41
606.85 923.64 1040.68 3591.85 2261.3 1803.04
892.79 1285.62 1548.64 2973.3 2824.8 2512.77
808.58 1128.59 1444.21 2177.86 2634.5 2350.66
924.23 1315.28 1860.13 2921.78 3064.5 2175.69
422.62 697.52 701.36 3959.16 1882.63 1324.33
1009.59 1411.38 1808.86 2548.84 3110.24 2857.17
540.86 839.88 1034.69 3968.5 1894.91 1155.59
918.78 1334.8 2020.37 3083.65 2795.74 1721.64
948.69 1346.01 1866.61 2862.44 3086.73 2323.23
782.85 1136.94 1744.86 2843.8 3182.56 1890.79
814.93 1179.91 1576.78 2889.52 2688.55 2014.7
824.26 1243.53 1797.24 3353.49 2766.35 1887.66
708.21 988.7 1258.59 2078.56 2324.37 2056.43
353.45 464.86 573.76 778.19 938.06 871.77
273.44 459.05 454.65 3922.45 1391.15 910.0
205.86 258.96 299.8 552.87 505.32 445.29
598.74 821.19 1044.23 1464.87 1810.38 1648.87
704.41 1018.59 1286.08 2951.6 2323.11 1883.75
963.24 1402.88 1989.89 2890.65 2961.08 2206.78
812.69 1170.09 1438.2 2848.18 2684.31 2346.16
612.4 861.2 1180.48 1735.82 1907.86 1475.29
821.86 1221.1 1727.7 3172.34 2767.01 1993.01
359.45 590.26 557.02 3900.87 1530.31 1051.65
346.7 579.4 529.17 2839.86 1204.19 740.49
448.44 601.6 751.32 1032.37 1252.15 1161.02
922.15 1309.57 1734.54 2876.12 3115.21 2552.35
105.69 108.24 110.83 116.0 120.3 118.11
633.34 940.48 1087.45 3390.6 2249.36 1829.03
260.33 357.58 399.69 1336.39 760.43 632.95
474.45 641.46 808.92 1124.73 1384.14 1262.88
832.17 1173.53 1513.07 2513.11 2744.46 2370.0
1001.18 1414.4 1861.14 2644.24 3060.74 2681.73
972.52 1385.65 1870.85 2913.04 2723.39 2068.28
831.96 1165.32 1530.86 2203.52 2621.76 2269.27
717.27 1030.05 1275.04 2807.15 2506.64 2128.1
818.62 1139.75 1466.4 2119.69 2661.65 2385.61
854.37 1238.59 1867.92 3014.04 3413.31 2132.46
590.0 842.18 1108.19 2384.99 1918.24 1485.4
669.85 923.32 1165.43 1698.5 2001.85 1841.1
499.84 753.97 860.52 3457.69 1938.84 1495.26
749.14 1034.48 1313.39 1836.98 2246.44 2076.67
994.57 1397.95 1860.2 2675.18 3049.17 2608.41
1001.81 1400.68 1792.68 2565.83 3099.43 2837.83
984.39 1429.27 1987.66 3151.59 2847.5 1941.35
362.8 531.58 610.06 2414.26 1333.01 1045.42
730.22 1061.5 1279.93 3214.48 2486.16 2113.93
457.62 638.45 786.21 1539.15 1486.24 1279.96
994.2 1403.35 1852.06 2740.08 2899.77 2423.92
849.58 1179.07 1501.14 2105.75 2578.56 2382.51
961.9 1359.82 1704.75 2727.95 3008.1 2717.94
336.65 692.3 357.46 4992.89 1483.38 821.24
495.23 750.38 941.75 3565.88 1971.41 1327.02
972.32 1377.79 1908.57 2911.79 2715.8 2056.65
290.14 375.1 461.52 634.37 777.77 704.73
222.86 394.94 357.52 4085.67 1262.95 768.54
838.8 1168.32 1498.72 2121.84 2633.65 2394.4
841.06 1166.83 1485.2 2083.82 2550.52 2356.6
996.92 1401.91 1861.65 2733.12 3128.98 2636.49
809.25 1131.07 1468.84 2149.53 2592.14 2263.62
470.36 744.73 756.99 4038.21 1842.82 1346.13
864.14 1238.55 1788.58 2708.3 3054.94 2108.48
939.93 1367.18 1970.27 2997.12 3174.97 2223.93
525.76 818.51 1040.22 3937.47 1785.49 995.21
937.38 1311.98 1685.86 2422.56 2976.65 2701.42
828.41 1153.91 1485.0 2147.19 2696.53 2416.73
931.54 1304.76 1677.28 2448.66 2965.25 2680.3
772.01 1118.97 1382.53 2946.54 2580.47 2208.31
508.9 691.28 874.15 1219.02 1502.29 1369.87
460.84 721.91 794.96 3568.91 1974.44 1444.88
822.43 1145.26 1473.64 2130.4 2675.23 2397.73
311.47 497.64 478.69 3148.51 1295.69 908.51
301.76 391.92 483.63 667.05 819.21 741.71
838.36 1202.11 1754.84 3262.79 2516.45 1550.19
461.96 718.28 791.73 3605.71 1918.24 1417.25
491.22 703.74 820.99 2232.41 1589.52 1351.66
380.6 602.48 602.3 3438.7 1543.83 1092.22
813.4 1168.28 1514.2 2769.29 2706.7 2219.53
180.39 343.18 271.62 4035.46 1206.12 633.8
685.55 962.91 1296.49 1910.75 2253.25 1822.02
871.28 1215.94 1566.52 2267.69 2849.36 2553.09
682.29 942.28 1202.44 1700.29 2098.53 1908.88
810.28 1132.69 1474.59 2107.59 2556.58 2254.17
940.26 1362.01 1940.87 2933.86 3155.25 2276.89
798.14 1105.02 1404.99 1968.11 2408.47 2225.88
601.5 894.18 1120.7 3403.46 2185.19 1604.95
960.64 1350.09 1708.56 2667.44 2996.84 2729.99
950.54 1341.75 1760.31 2575.44 2954.18 2533.56
996.79 1395.56 1826.95 2638.2 3041.74 2673.36
570.22 870.35 911.63 3729.94 2007.35 1515.31
744.83 1079.21 1379.12 3170.41 2641.93 2099.83
591.77 811.52 1035.05 1482.12 1852.99 1664.09
130.5 330.15 109.76 5167.45 1100.64 470.14
838.93 1199.21 1538.58 3029.31 2804.75 2348.05
978.66 1369.7 1743.22 2591.68 3037.11 2786.48
938.32 1315.32 1708.54 2460.67 2972.15 2647.43
600.63 841.24 1048.44 1925.62 1913.41 1685.07
868.75 1231.83 1561.49 2947.14 2733.37 2372.57
686.03 1018.2 1248.18 3346.53 2357.91 1852.18
999.02 1427.57 1934.79 2770.32 3051.9 2524.86
679.77 983.06 1399.95 2029.35 1984.32 1425.48
958.8 1382.74 1937.74 3112.65 2498.32 1574.94
973.76 1420.08 2156.59 3490.8 3942.07 2435.84
763.77 1078.79 1360.21 2436.8 2551.32 2225.21
926.87 1316.45 1928.63 3086.2 2719.32 1755.23
752.58 1079.94 1346.26 3058.66 2500.82 2142.82
602.36 826.85 1055.2 1511.89 1890.76 1697.79
152.51 180.6 195.43 363.55 297.81 262.45
530.39 789.64 980.1 3300.28 1850.35 1301.02
779.84 1100.78 1388.25 2467.57 2600.02 2279.92
1001.1 1410.71 1854.05 2665.2 3171.57 2755.68
699.28 981.98 1214.09 2212.79 2171.1 1945.29
933.17 1330.73 1861.83 2838.33 3344.91 2514.34
785.44 1092.36 1379.62 2069.53 2389.83 2193.35
228.44 410.47 331.08 3296.53 1173.05 704.38
167.69 197.44 226.52 281.11 323.81 306.1
640.28 923.54 1128.97 3086.38 2309.44 1920.51
1004.27 1403.11 1790.88 2550.92 3095.27 2852.88
850.47 1180.34 1502.79 2108.12 2581.49 2385.21
256.5 403.96 458.07 2975.52 1081.63 576.22
838.09 1189.72 1651.65 2468.86 2663.14 2058.26
619.77 851.61 1084.05 1522.44 1882.52 1714.19
444.73 598.49 752.65 1043.4 1282.22 1170.58
862.2 1208.94 1543.41 2396.1 2831.12 2518.18
427.13 691.04 871.05 3407.96 1731.39 1000.36
733.91 1047.48 1295.75 2691.62 2492.97 2149.53
118.3 126.48 134.8 151.44 165.24 158.21
760.64 1096.07 1345.35 2874.26 2506.53 2154.55
429.58 712.16 600.75 4484.59 1592.7 1010.77
943.08 1319.88 1701.43 2418.47 2990.67 2705.63
152.17 291.37 210.0 3698.88 842.4 434.53
203.03 384.02 300.92 4319.71 1296.04 696.93
848.36 1190.87 1580.88 2316.55 2824.46 2376.41
940.52 1355.18 1974.66 3120.34 3613.61 2469.25
634.66 934.29 1212.82 2492.7 1939.49 1422.29
853.35 1195.83 1532.9 2391.75 2812.08 2499.06
980.16 1370.93 1765.48 2498.54 3036.79 2754.42
766.19 1084.56 1360.02 2518.46 2569.76 2240.23
974.15 1392.1 1969.97 2944.77 3536.4 2588.96
880.71 1247.16 1651.58 2508.71 2979.8 2518.62
181.09 216.73 251.57 316.98 368.12 346.92
907.68 1285.33 1726.28 2584.15 2902.11 2331.08
912.19 1294.2 1727.14 2506.78 3014.67 2541.52
764.72 1126.31 1561.31 3487.33 2384.16 1462.85
840.57 1166.1 1484.3 2081.64 2548.77 2355.08
860.33 1211.16 1580.1 2444.48 2823.73 2436.78
548.8 857.77 840.02 4160.64 1891.8 1379.5
246.96 312.64 379.44 513.04 623.88 567.43
263.32 335.11 405.28 537.02 640.03 597.32
478.07 678.91 823.06 2248.2 1667.72 1383.08
559.08 853.04 966.05 3595.17 2159.25 1679.01
699.98 982.27 1299.55 1943.3 2072.02 1723.16
929.99 1326.31 1860.01 2788.25 3236.95 2414.2
606.85 832.92 1059.59 1487.08 1838.21 1674.06
571.43 865.89 974.96 3343.29 2109.23 1683.69
965.17 1391.86 2027.99 3188.19 3676.52 2514.62
598.7 894.47 1056.93 3420.47 2172.43 1657.07
315.51 411.81 509.77 705.69 868.22 785.44
765.11 1076.37 1436.26 2178.74 2239.03 1776.0
943.79 1320.86 1702.98 2420.7 3004.9 2714.71
447.15 630.65 891.71 1280.03 1248.99 883.27
412.55 572.27 699.73 1618.3 1295.47 1095.39
674.83 1041.83 1104.01 3550.65 2324.23 1879.12
853.5 1191.05 1526.65 2204.74 2693.34 2443.13
652.65 958.94 1344.0 2522.75 2031.68 1413.98
989.72 1388.0 1840.14 2642.7 3021.95 2601.37
318.04 564.96 464.09 4315.06 1447.52 929.01
797.21 1118.46 1499.58 2203.78 2712.45 2223.26
944.49 1356.05 1901.65 2950.58 3282.06 2399.29
939.79 1369.44 1983.16 3024.87 3183.62 2200.7
924.69 1295.75 1661.34 2454.26 2943.97 2666.55
886.12 1248.93 1642.46 2437.0 2766.77 2368.61
573.95 888.52 1065.66 3560.16 2073.55 1407.62
358.61 495.76 581.71 1325.49 1076.36 927.36
271.28 551.38 367.09 4681.22 1410.09 801.23
735.86 1069.51 1330.72 2931.35 2479.08 2044.92
390.85 653.87 604.76 4127.77 1622.33 1133.33
654.55 960.13 1137.6 3047.59 2315.07 1926.15
922.91 1304.5 1832.01 2737.33 2881.9 2175.66
984.83 1419.44 2040.1 3109.94 3179.79 2215.05
917.21 1316.69 1807.75 2695.07 3195.81 2533.71
1004.84 1413.87 1868.54 2713.11 3264.38 2794.6
421.76 732.93 689.79 4354.05 1679.32 1050.52
566.78 792.95 976.04 1961.79 1781.86 1568.98
874.09 1237.11 1662.47 2455.53 2931.28 2409.02
617.8 909.36 1050.17 2776.11 2039.95 1730.38
591.69 822.95 1085.34 1562.06 1845.46 1573.88
731.2 1051.89 1328.89 3121.0 2567.0 2110.96
892.82 1251.72 1642.69 2396.98 2986.72 2576.66
751.02 1041.93 1337.85 1929.68 2420.66 2170.59
994.98 1414.1 1907.13 2782.25 3234.59 2654.81
473.07 779.7 652.65 4185.1 1602.5 1084.31
620.58 922.79 1050.23 3454.61 2146.41 1767.2
240.63 342.42 353.93 1529.88 754.86 580.12
663.7 1008.34 1399.28 3721.49 2252.1 1331.53
784.1 1141.46 1406.03 3411.48 2466.91 1921.04
864.9 1206.71 1554.39 2249.75 2826.61 2532.8
565.5 865.06 1053.67 3428.31 2179.03 1584.97
817.43 1137.42 1458.26 2063.35 2560.36 2328.02
909.75 1292.65 1782.81 2660.15 2920.9 2299.52
920.09 1314.31 1743.16 3016.0 3152.89 2527.66
676.8 957.98 1378.66 2432.91 1976.25 1261.28
791.57 1140.88 1437.76 2801.41 2642.92 2248.01
414.32 571.52 679.49 1436.7 1227.47 1075.23
754.69 1071.72 1369.86 2481.11 2397.95 2067.75
861.0 1212.05 1630.79 2402.42 2956.9 2413.48
698.38 1078.93 1247.42 3666.3 2177.81 1481.16
360.66 531.04 603.39 1949.84 1255.02 1005.14
466.04 797.78 689.58 3919.76 1690.1 1151.26
79.8 223.1 62.24 4635.66 773.85 292.79
853.65 1223.74 1748.9 2656.96 2741.58 1928.89
742.55 1061.55 1324.38 2860.68 2512.05 2176.74
100.53 236.36 106.41 4860.87 1021.12 432.8
858.17 1199.05 1550.9 2248.88 2813.68 2501.39
686.5 971.72 1212.46 2285.93 2250.28 1967.93
896.53 1285.96 1856.01 2796.89 2809.58 1995.39
734.41 1032.3 1415.83 2120.75 2488.13 1929.62
853.83 1193.18 1533.51 2290.85 2802.88 2502.81
307.63 400.41 494.79 683.55 840.13 760.38
575.32 876.91 978.36 3766.65 2102.63 1614.73
737.66 1054.9 1354.87 2918.97 2629.76 2147.21
812.28 1166.25 1418.48 3085.77 2645.08 2312.3
999.11 1395.95 1780.71 2563.03 3083.98 2841.79
473.82 640.56 807.74 1123.03 1382.0 1260.94
923.09 1318.48 1754.91 2847.53 2971.48 2392.57
404.38 548.21 734.32 1055.23 1220.0 954.88
900.32 1278.18 1572.91 2908.89 2818.17 2516.69
305.03 496.71 493.83 4188.57 1509.22 996.45
858.17 1197.26 1541.37 2235.78 2803.27 2511.36
650.88 959.91 1149.6 3234.44 2292.4 1816.98
991.98 1442.02 2027.09 3027.1 3469.78 2623.43
901.1 1268.38 1619.6 2498.1 2899.87 2607.88
496.28 784.57 869.02 3667.9 2087.37 1515.4
707.09 1048.09 1381.68 3385.95 2533.66 1828.46
808.1 1174.6 1642.83 3371.56 2579.26 1729.06
950.81 1376.81 2041.99 3262.96 3739.69 2449.42
619.92 854.36 1089.09 1626.42 1966.96 1758.94
417.47 559.07 701.05 968.81 1188.75 1085.94
313.51 549.13 470.16 4453.94 1536.96 986.96
933.91 1356.97 1894.0 2990.62 2407.66 1679.52
996.88 1394.74 1800.29 2604.66 3061.33 2758.05
657.16 993.29 1354.25 3565.41 2621.17 1782.81
758.33 1107.05 1400.58 2959.35 2545.96 2065.98
904.77 1317.95 1852.02 2954.86 2339.27 1583.12
581.4 815.1 1135.6 1694.0 1782.8 1308.84
747.17 1040.34 1314.34 2022.13 2283.36 2073.54
421.57 565.0 708.81 980.03 1202.8 1098.66
612.69 958.21 1312.2 4296.46 2795.68 1565.73
394.8 667.35 531.56 4539.87 1512.54 912.1
947.39 1338.67 1775.45 2569.82 3083.82 2626.23
273.47 508.66 361.57 4694.99 1437.98 795.72
653.24 896.43 1134.14 1580.38 1929.35 1784.66
616.06 858.89 1065.2 2042.33 1914.29 1710.19
536.11 736.81 953.37 1392.67 1611.53 1377.15
515.67 711.38 930.46 1366.04 1471.05 1210.25
929.48 1301.95 1693.62 2417.31 2936.16 2613.28
955.16 1423.86 2114.25 3112.39 2835.63 1831.79
985.37 1394.77 1915.21 2908.09 3146.62 2429.38
787.21 1134.82 1388.47 3058.81 2639.75 2282.06
262.24 505.98 394.82 4437.53 1541.04 894.81
391.19 655.74 763.58 4140.55 1818.0 1022.09
740.98 1064.24 1301.76 2853.53 2463.25 2132.11
293.76 380.23 472.66 646.58 724.88 648.84
485.72 662.4 828.9 1277.52 1482.21 1321.69
908.5 1295.84 1754.19 2598.88 3120.84 2545.8
273.42 469.66 437.47 4037.96 1469.72 901.08
767.71 1083.99 1363.79 2449.92 2562.49 2242.19
739.8 1038.23 1316.99 2227.75 2450.61 2156.9
871.48 1218.65 1566.18 2326.65 2860.07 2556.33
980.65 1394.95 2037.7 3069.37 2936.27 1994.93
921.86 1317.85 1777.07 2761.89 2833.6 2196.38
590.84 904.98 942.96 3855.58 2067.68 1567.95
305.17 499.79 513.47 3850.66 1466.95 995.66
716.65 1024.77 1271.76 2912.81 2441.91 2098.1
991.82 1390.13 1836.72 2677.03 3016.42 2598.98
613.32 842.7 1076.03 1542.68 1929.81 1732.63
412.35 617.28 670.7 2709.61 1461.01 1142.9
872.8 1241.53 1687.13 2796.5 2919.68 2238.97
378.71 735.76 450.3 4813.53 1587.95 952.79
851.53 1213.82 1719.74 2574.19 2676.42 1986.23
480.25 672.46 823.89 1951.37 1606.62 1363.84
554.37 821.14 993.94 3331.78 2046.02 1603.99
649.6 891.7 1129.65 1574.66 1916.71 1768.62
887.46 1253.92 1657.62 2474.47 2735.85 2311.78
387.52 521.35 681.43 980.36 1121.73 925.92
274.54 352.54 431.88 590.56 722.19 655.14
388.34 517.18 648.25 910.37 1127.82 1017.07
806.15 1140.19 1437.95 2579.77 2706.32 2373.34
216.88 269.01 321.27 419.85 500.82 462.97
881.1 1230.18 1585.61 2296.09 2883.99 2583.0
925.8 1318.39 1870.15 2944.6 3071.07 2160.82
210.46 259.01 306.47 395.57 465.24 436.35
968.52 1350.29 1723.47 2424.01 2971.85 2744.7
900.12 1305.18 1829.04 2678.81 2922.34 2274.48
343.71 458.57 555.0 900.56 946.81 849.96
695.5 961.11 1227.43 1729.68 2142.22 1949.38
387.65 650.28 637.28 3954.7 1817.33 1242.43
484.03 800.27 776.98 4102.7 1894.95 1393.07
794.32 1121.53 1421.29 2543.66 2682.23 2343.91
825.11 1170.73 1532.96 2735.14 2687.04 2191.07
875.08 1218.14 1553.79 2232.5 2674.73 2448.69
588.11 806.23 1028.1 1471.83 1839.95 1652.45
900.69 1269.8 1596.67 2759.99 2831.06 2566.82
150.94 175.94 209.04 271.3 267.92 213.62
416.24 557.29 698.72 965.44 1184.52 1082.11
917.5 1299.19 1799.12 2763.55 2654.08 2010.3
748.98 1109.73 1492.14 3187.83 2248.7 1427.78
765.32 1103.99 1459.33 2702.93 2275.86 1762.81
976.43 1371.08 1735.63 2635.07 3031.5 2776.66
852.17 1192.82 1586.96 2329.97 2464.93 2072.13
575.84 807.89 1138.97 1695.12 1700.76 1233.62
855.89 1193.59 1550.74 2199.51 2598.28 2317.17
217.77 270.29 322.96 422.29 503.87 465.73
512.87 707.63 971.88 1478.16 1558.93 1149.41
942.21 1317.87 1694.68 2405.26 2988.18 2714.98
397.47 670.45 537.36 4527.51 1520.09 921.31
613.2 898.65 1061.38 3048.77 2130.43 1767.39
890.38 1251.11 1660.26 2433.45 3016.22 2540.63
283.41 475.52 416.66 3263.75 1208.1 802.28
974.2 1387.87 1966.96 3077.14 3163.67 2229.29
921.71 1336.55 1913.83 2913.5 3127.41 2226.04
1005.8 1409.28 1829.51 2601.25 3150.95 2810.29
233.23 441.64 305.16 4408.47 1259.28 677.69
672.39 923.99 1169.93 1631.61 1992.66 1842.96
205.74 384.98 309.65 4232.09 1312.2 713.63
849.02 1178.26 1500.09 2104.24 2576.7 2380.8
521.02 720.54 962.16 1429.02 1548.4 1209.21
792.41 1145.98 1368.61 3117.97 2582.32 2209.15
147.62 233.16 141.34 1323.06 413.14 245.94
282.92 435.53 479.53 2247.1 1056.26 653.09
289.47 475.92 471.94 4086.81 1449.89 944.34
699.06 981.88 1264.38 2113.56 2183.06 1833.61
175.87 369.85 192.45 4543.58 1106.33 506.82
908.71 1302.42 1782.72 2600.36 2865.93 2302.99
832.14 1169.14 1491.19 2456.73 2761.89 2444.47
902.23 1279.74 1597.77 2811.95 2881.13 2585.1
190.93 231.48 272.15 348.84 411.83 382.38
557.5 763.32 973.59 1372.99 1651.17 1487.1
610.2 992.29 975.5 4073.63 2132.76 1578.97
773.68 1076.23 1392.42 2015.78 2521.19 2228.03
743.06 1046.24 1323.74 2367.25 2492.45 2178.52
446.72 704.84 768.41 3611.72 1943.88 1406.6
132.94 147.64 162.37 190.15 212.98 202.31
156.63 181.94 207.68 259.17 301.88 280.12
950.51 1371.88 1900.43 2749.78 2919.0 2294.67
903.42 1288.68 1766.11 2635.65 3018.07 2386.84
795.65 1106.06 1417.05 2008.26 2486.58 2260.73
661.0 974.28 1280.41 2957.94 2337.03 1780.53
743.48 1036.4 1312.87 2013.05 2322.57 2093.44
917.74 1277.19 1628.55 2288.13 2803.94 2590.07
910.25 1287.71 1771.18 2719.15 3006.15 2307.69
937.52 1355.28 1885.83 2803.94 3261.6 2520.21
678.68 999.15 1177.47 3183.37 2342.57 1964.94
926.41 1300.42 1681.3 2486.68 2946.74 2631.62
799.41 1120.99 1509.77 2267.76 2394.36 1943.62
663.84 938.19 1172.2 2359.62 2219.64 1931.16
842.14 1184.89 1572.17 2375.2 2586.68 2186.6
686.12 985.15 1477.23 2372.73 2681.1 1675.16
148.46 170.12 192.15 236.21 272.76 254.14
730.67 1040.48 1423.13 2091.61 2449.48 1942.01
213.24 301.93 302.36 1431.25 657.02 494.07
609.69 895.24 1063.04 3259.01 2190.82 1791.5
315.9 564.52 462.05 4614.86 1518.59 850.5
646.23 908.15 1234.23 1848.23 1931.69 1455.34
937.07 1314.3 1705.35 2464.2 3019.08 2681.85
946.8 1328.64 1752.95 2520.76 2975.86 2580.76
338.9 558.3 579.74 3942.81 1632.79 1050.06
467.73 668.11 883.94 2110.11 1539.47 1098.01
982.86 1386.8 1878.47 2806.36 2825.82 2284.5
809.5 1125.96 1443.25 2041.66 2533.17 2303.41
597.95 902.16 1066.9 3157.17 2240.59 1811.21
793.48 1153.82 1508.97 3190.27 2753.85 2142.82
826.38 1166.56 1478.49 2484.3 2655.0 2353.21
739.78 1036.17 1405.2 2044.79 2458.48 1956.61
968.09 1387.02 1966.6 2947.99 3015.05 2228.87
933.14 1328.08 1805.07 2703.39 2904.13 2252.15
606.92 840.3 1064.77 1757.67 1954.23 1729.59
981.08 1376.23 1739.71 2654.27 3033.0 2776.14
941.68 1320.9 1711.94 2468.45 2993.73 2668.9
990.34 1424.79 1944.28 3008.3 2908.27 2157.38
751.14 1037.36 1317.13 1842.34 2253.06 2082.76
705.83 1049.71 1161.81 3661.87 2296.62 1875.86
146.93 167.55 187.72 225.57 255.17 242.89
827.15 1152.09 1482.62 2143.67 2692.06 2412.74
600.47 904.16 1042.68 3497.86 2246.42 1788.41
349.06 488.0 659.4 1352.17 1036.36 700.59
796.36 1125.93 1439.05 2612.53 2673.64 2315.31
309.07 536.92 495.57 4237.29 1548.62 974.32
885.84 1252.14 1570.2 2809.6 2830.06 2536.5
508.22 690.64 876.19 1247.3 1555.17 1398.36
653.44 912.08 1233.99 1810.44 2028.93 1644.44
408.7 640.65 684.79 3785.78 1618.76 1216.93
459.59 719.47 751.9 3476.5 1744.82 1324.9
524.91 741.53 1098.2 1744.12 1960.68 1233.48
825.75 1177.12 1465.99 2751.39 2703.37 2383.95
732.88 1018.02 1339.19 1944.26 2107.86 1806.26
711.1 1041.89 1375.62 3278.79 2602.16 1893.9
963.64 1343.27 1714.35 2410.96 2955.72 2729.84
974.74 1365.61 1741.79 2606.53 3032.42 2766.75
546.56 744.93 957.74 1357.9 1565.85 1388.2
935.77 1330.66 1852.43 2767.69 3360.15 2549.95
849.19 1200.76 1639.87 2417.74 2652.32 2098.96
922.94 1300.97 1743.11 2624.02 2761.45 2285.32
921.45 1366.93 2004.56 2936.86 2927.43 2063.79
415.53 600.03 710.26 1866.62 1412.83 1167.74
795.13 1172.78 1545.53 3308.6 2854.49 2178.89
370.25 490.78 611.64 839.57 1026.79 939.27
875.73 1224.91 1588.86 2343.38 2836.98 2503.41
835.51 1169.61 1502.09 2297.48 2737.82 2430.77
773.98 1083.65 1442.25 2112.98 2562.06 2134.84
766.89 1095.64 1376.52 2734.28 2564.42 2173.43
743.08 1073.28 1450.46 2504.39 2001.38 1469.14
957.89 1340.09 1747.79 2486.65 2932.28 2604.11
996.29 1420.28 1980.5 3008.38 3521.97 2667.94
910.89 1296.58 1855.65 2794.16 2850.07 2057.06
952.49 1370.36 1909.14 3046.35 2529.6 1656.76
809.76 1141.28 1448.24 2530.77 2705.98 2380.59
507.44 785.19 879.84 3575.66 2061.9 1554.4
963.56 1401.25 1972.76 2952.63 3405.3 2567.12
792.62 1132.63 1394.67 3025.9 2563.3 2268.5
173.24 390.01 159.4 5099.22 1198.47 499.56
377.65 589.17 631.42 3949.8 1682.57 1196.63
925.89 1340.66 2003.26 3040.86 2820.17 1811.27
609.07 836.56 1067.95 1530.74 1914.66 1719.12
700.04 1027.15 1227.05 3263.76 2456.14 2051.63
923.2 1315.76 1767.8 2698.01 2851.68 2251.56
433.56 721.21 602.22 4510.91 1607.74 1024.72
607.66 882.0 1067.16 3193.64 2231.57 1830.59
679.5 937.97 1197.13 1685.89 2087.35 1899.68
860.61 1218.7 1582.76 2610.25 2832.23 2388.64
1009.5 1409.35 1800.44 2534.47 3107.69 2868.91
381.18 630.32 603.11 4196.49 1697.59 1177.41
614.78 860.27 1222.2 1821.27 1840.17 1320.13
787.36 1126.11 1490.64 2431.41 2650.85 2184.27
893.29 1252.34 1602.34 2399.39 2851.23 2573.9
381.47 629.35 674.59 3952.56 1712.86 1106.26
806.17 1116.58 1420.0 1989.59 2435.02 2250.33
173.2 236.22 245.96 1239.53 546.39 403.46
602.37 962.57 898.47 4459.93 2023.67 1479.96
169.41 200.43 231.98 295.07 347.42 320.76
915.79 1282.4 1658.29 2376.48 2733.67 2447.92
899.71 1278.96 1736.09 2579.19 2995.84 2419.52
878.22 1236.87 1626.36 2502.34 2977.97 2518.5
546.4 745.88 948.79 1354.61 1691.27 1519.79
662.01 945.24 1395.78 2220.21 2528.52 1637.65
524.72 714.15 904.09 1262.3 1556.53 1418.99
549.47 858.64 851.44 4078.04 1951.31 1423.11
370.2 488.97 605.07 823.02 993.45 922.78
768.46 1138.6 1310.7 3151.35 2557.03 2172.02
915.58 1301.73 1768.17 2669.87 2907.48 2256.1
694.13 1025.07 1210.42 3266.92 2420.02 2011.74
871.48 1248.5 1621.27 2855.84 2615.95 2170.7
893.21 1315.7 1823.91 3222.25 3230.11 2377.81
950.57 1367.25 2027.78 3303.72 3174.49 1926.87
113.79 119.94 126.1 137.73 147.29 142.82
699.61 1009.26 1235.39 2884.07 2414.72 2031.04
267.31 341.93 416.75 557.86 673.76 619.58
757.03 1061.62 1451.28 2141.82 2374.62 1892.98
1000.68 1397.44 1784.04 2532.72 3081.86 2842.03
794.58 1104.96 1420.68 2052.11 2575.94 2309.14
666.6 992.3 1106.36 3525.49 2238.21 1798.9
684.47 1006.57 1132.47 3295.31 2195.33 1823.24
899.07 1296.84 1787.93 2796.49 2470.01 1823.34
368.19 616.37 566.37 4232.83 1614.31 1067.82
929.02 1328.61 1794.77 2722.0 2643.79 2107.39
537.81 774.18 1047.09 2241.25 1997.22 1382.32
605.21 836.95 1104.94 1587.83 1803.14 1515.77
906.17 1276.26 1707.9 2512.23 3102.82 2568.35
767.92 1094.06 1365.62 2918.57 2581.42 2242.91
426.1 725.1 572.24 4847.4 1588.21 971.37
649.61 899.77 1179.87 1712.68 2119.1 1803.61
257.91 328.47 400.25 543.8 662.89 602.24
914.29 1295.45 1771.9 2630.2 3123.86 2468.61
954.94 1357.56 1871.82 2762.31 3232.92 2516.48
875.66 1311.08 1963.01 2896.91 2809.24 1874.85
646.81 941.93 1171.83 3134.28 2334.74 1894.31
763.33 1078.9 1439.05 2161.11 2270.66 1814.43
1000.83 1422.23 1967.11 2900.84 3486.05 2689.61
655.61 999.29 1337.16 3585.55 2271.82 1516.07
978.21 1396.61 1903.74 2947.65 2687.98 1971.4
703.13 991.38 1229.66 2275.31 2298.06 2001.6
959.16 1354.66 1735.16 2708.45 2995.48 2674.66
866.31 1219.53 1648.61 2493.46 2844.16 2278.31
578.69 814.8 1102.13 1691.18 1545.46 1176.29
930.9 1302.48 1677.52 2381.39 2947.22 2670.0
661.96 983.54 1337.09 3247.35 2426.64 1681.83
227.39 427.36 353.78 3968.06 1378.63 777.48
414.4 554.63 695.24 960.41 1178.22 1076.4
713.87 992.21 1276.4 1898.83 2290.93 2031.72
352.63 564.54 679.2 3289.63 1332.56 768.56
847.98 1181.6 1516.11 2146.97 2665.15 2422.92
808.75 1148.3 1566.55 2306.13 2617.21 2085.29
527.57 723.42 938.65 1380.19 1626.13 1395.62
474.65 742.46 786.72 3840.9 1919.46 1440.45
366.25 485.0 604.07 828.62 1013.07 926.85
729.38 1098.21 1224.43 3318.02 2459.86 2049.76
994.29 1439.84 2006.76 2982.03 3437.54 2648.74
716.37 1001.27 1343.37 1945.69 2154.78 1784.48
797.22 1111.23 1424.64 2123.23 2596.51 2319.77
610.33 834.64 1053.92 1465.54 1787.44 1653.97
204.46 251.05 297.77 385.88 458.24 424.41
283.33 565.15 390.93 4640.41 1438.46 835.62
428.23 779.15 567.7 4484.64 1725.81 1126.44
627.46 862.72 1098.6 1543.47 1908.87 1738.06
718.93 1000.28 1298.6 1842.83 2213.99 1953.76
621.73 920.66 1160.35 3574.0 2041.98 1435.52
791.4 1142.02 1385.92 3194.87 2608.37 2261.18
441.21 670.15 767.53 3425.05 1811.2 1378.61
564.93 846.36 961.82 3685.95 2043.78 1639.39
868.92 1224.17 1616.04 2344.9 2804.64 2413.94
383.4 509.8 636.54 875.56 1071.89 980.11
737.24 1062.6 1288.73 2916.2 2474.68 2117.45
939.83 1368.83 1979.66 3017.33 3181.27 2207.01
887.28 1242.4 1624.99 2386.1 2910.24 2524.65
855.16 1210.25 1593.61 2488.58 2738.06 2300.34
482.94 723.17 821.79 3275.88 1830.62 1429.45
241.76 375.64 364.97 2638.02 917.08 651.26
240.55 303.36 367.25 495.02 601.02 547.03
924.87 1325.78 1795.78 2819.48 2824.11 2147.94
1001.94 1420.74 1946.93 2856.41 3440.25 2711.64
848.27 1186.24 1538.28 2170.76 2586.17 2320.89
991.88 1419.04 1924.54 2759.39 3009.87 2482.23
818.61 1221.12 1564.1 3375.32 2630.42 1831.91
422.04 563.59 701.96 961.71 1164.84 1080.62
998.71 1418.47 1948.89 2925.01 3449.25 2703.7
800.05 1177.85 1416.57 3090.85 2660.2 2208.52
912.17 1308.18 1737.22 2874.99 2860.46 2367.65
604.71 851.43 1054.25 2085.53 2001.22 1736.66
334.42 500.24 519.29 2349.72 1214.35 901.35
615.95 842.74 1064.43 1480.59 1806.04 1671.09
840.77 1188.83 1603.65 2383.4 2544.99 1998.5
951.86 1345.74 1771.59 2604.99 2947.73 2501.2
640.51 916.14 1280.86 1901.0 2163.19 1619.37
671.15 925.9 1181.32 1663.04 2058.71 1873.75
115.37 122.12 128.73 141.12 150.81 146.79
390.64 520.52 652.63 916.85 1136.04 1024.4
996.77 1397.3 1810.96 2609.92 3078.81 2760.47
448.53 604.28 762.71 1079.55 1342.4 1208.52
489.67 738.16 841.29 3437.09 1853.55 1465.05
913.29 1284.22 1668.38 2485.98 2928.05 2583.25
795.94 1102.0 1400.89 1966.86 2402.23 2219.52
304.63 507.28 502.27 3405.83 1310.12 732.72
865.5 1258.21 1794.87 2914.78 3056.53 2145.94
946.19 1332.24 1742.37 2483.31 2986.28 2637.34
586.75 897.94 936.04 3848.57 2020.76 1533.4
195.38 392.73 287.07 4439.56 1303.83 674.97
745.77 1067.08 1366.65 2829.33 2607.99 2157.49
692.58 968.9 1301.6 1921.25 2205.46 1793.83
964.27 1383.22 1877.53 2882.5 2887.07 2197.34
838.23 1210.79 1700.24 2459.77 2552.96 1937.56
833.06 1184.51 1477.31 2744.31 2726.65 2399.46
972.69 1428.62 2055.29 2996.9 2904.94 2070.73
754.5 1056.35 1336.35 2091.33 2379.75 2140.85
667.82 968.56 1163.17 3415.83 2322.72 1953.04
274.39 457.79 457.45 3853.7 1404.27 921.38
816.98 1162.44 1449.34 2748.52 2672.2 2355.15
738.05 1028.25 1377.94 2062.17 2296.21 1886.6
884.67 1261.88 1787.45 2748.48 3187.73 2315.78
375.9 497.18 615.72 838.26 1012.29 940.13
966.1 1349.59 1719.03 2515.55 2982.67 2744.08
238.87 459.57 323.53 4737.9 1359.79 776.91
947.89 1418.52 2098.6 3399.39 3600.52 2384.39
766.23 1067.53 1412.27 2066.06 2352.69 1975.6
894.23 1251.15 1622.7 2320.82 2863.75 2548.66
638.88 963.93 1096.46 3284.62 2248.54 1843.93
740.23 1072.39 1560.14 2382.13 2467.86 1659.17
484.19 745.51 733.76 3104.36 1578.69 1192.29
934.26 1320.6 1782.53 2590.27 2933.4 2437.74
276.87 355.9 436.29 597.08 730.47 662.53
161.28 194.05 240.63 318.34 345.73 268.09
851.6 1248.18 1763.42 3161.8 2934.58 2041.98
943.22 1321.55 1711.64 2440.03 2990.06 2682.37
919.1 1310.12 1959.04 2987.07 2746.79 1728.93
958.59 1350.78 1781.88 2563.54 3010.26 2598.36
980.38 1380.91 1762.23 2709.47 3026.59 2695.04
680.9 936.23 1185.83 1654.37 2020.78 1868.86
579.96 832.35 1127.76 2082.9 1982.36 1497.35
383.44 508.03 629.82 858.44 1037.22 963.09
461.07 765.28 648.26 4682.31 1683.1 1089.53
926.41 1322.04 1860.28 2754.95 2881.64 2185.91
773.43 1093.06 1385.04 2571.42 2621.59 2289.15
418.64 645.64 678.63 3012.87 1543.91 1181.84
286.73 491.41 426.94 3517.7 1214.66 763.77
412.83 600.82 641.83 2008.18 1259.62 1017.18
314.91 519.29 507.27 3959.06 1366.74 949.61
461.15 646.2 786.85 1904.01 1503.19 1281.77
948.75 1342.91 1792.24 2638.83 2975.26 2445.01
318.04 562.75 469.99 4242.64 1457.86 937.46
922.35 1322.78 1900.42 2839.98 2854.91 2055.88
753.11 1082.0 1307.9 2885.5 2523.24 2144.21
958.67 1433.03 2139.28 3151.06 2833.34 1796.21
304.28 498.45 506.27 3675.49 1510.64 985.37
674.68 970.84 1471.29 2378.19 2669.91 1621.42
758.91 1066.3 1508.98 2254.69 2307.47 1690.35
173.32 206.08 239.41 306.07 361.36 333.2
122.45 336.18 127.34 4791.56 1226.8 514.6
260.74 339.18 434.84 602.67 695.36 571.65
907.16 1269.94 1631.65 2382.01 2877.02 2598.32
1003.88 1408.96 1842.49 2631.41 3170.04 2782.65
981.76 1374.24 1747.76 2608.02 3041.42 2792.87
921.44 1335.84 1911.66 2909.41 3125.8 2228.41
633.01 911.92 1116.11 2781.44 2257.74 1880.82
439.03 588.05 733.72 1007.18 1221.02 1132.35
973.24 1388.17 1887.86 2814.72 3139.58 2527.5
524.18 710.63 892.89 1235.03 1502.59 1391.65
586.43 817.02 1193.44 1906.81 1630.41 1015.36
783.43 1088.84 1399.49 2020.79 2536.21 2273.69
337.68 506.05 546.51 2979.98 1317.09 978.65
885.11 1278.45 1723.37 2961.1 2729.02 2024.45
478.13 649.09 832.47 1189.53 1441.73 1267.24
581.85 803.01 1003.39 1582.75 1742.47 1585.95
499.91 775.49 1020.29 3118.13 2173.14 1353.44
848.89 1180.26 1508.98 2129.49 2558.8 2343.13
716.66 1042.34 1251.2 3125.93 2448.92 2068.23
928.71 1303.98 1667.11 2461.38 2955.46 2669.61
684.76 959.53 1303.41 1925.31 2142.55 1719.48
717.39 1022.47 1278.98 2686.62 2494.4 2130.5
980.15 1404.9 2003.37 3005.25 3406.73 2440.06
937.64 1312.6 1685.75 2422.99 2979.58 2703.64
726.0 1031.98 1275.29 2674.7 2373.11 2076.08
420.9 561.95 699.83 958.67 1161.08 1077.15
828.06 1192.15 1421.91 3176.3 2628.83 2282.62
912.49 1272.85 1632.82 2298.46 2790.81 2553.54
450.92 707.46 784.73 3684.41 1889.93 1351.12
913.11 1313.51 1783.88 2818.66 2556.49 1971.98
1003.13 1405.75 1832.87 2639.1 3119.5 2747.78
440.57 668.02 725.64 2866.65 1624.41 1264.45
944.15 1332.13 1776.6 2577.18 2986.16 2534.46
350.19 657.45 464.08 4102.25 1293.86 664.94
974.66 1379.79 1901.89 2888.4 2740.21 2107.2
439.17 671.9 761.91 3547.36 1787.14 1357.51
909.84 1271.46 1633.18 2328.91 2879.47 2615.68
363.81 495.25 599.96 1184.16 1081.48 943.4
963.39 1381.18 2017.12 3240.99 3180.19 2035.34
497.0 769.28 830.63 3755.87 1972.51 1503.35
898.09 1273.62 1605.44 2622.91 2862.18 2539.41
368.65 656.1 451.34 5050.56 1442.59 789.93
222.55 574.35 105.58 5479.31 1199.69 464.32
359.15 473.06 584.41 793.43 956.9 889.12
851.31 1181.56 1504.38 2110.38 2584.29 2387.79
299.53 509.69 488.42 3625.13 1496.79 958.24
331.47 615.36 489.24 4392.35 1562.03 984.32
795.34 1160.51 1606.16 3408.93 2758.25 1815.11
738.15 1023.32 1313.38 1893.52 2374.79 2129.66
704.42 974.52 1249.25 1798.73 2254.56 2022.39
420.95 562.03 699.93 958.81 1161.25 1077.31
467.2 707.7 798.17 3797.26 1877.91 1426.88
695.62 1031.34 1339.56 2874.68 2213.39 1568.56
911.24 1324.82 2010.51 3073.15 2781.62 1699.31
838.46 1169.34 1504.16 2198.72 2737.31 2450.27
816.36 1151.24 1451.78 2429.91 2620.27 2341.42
921.48 1301.96 1823.6 2722.28 2881.98 2189.55
874.31 1237.91 1697.94 2484.32 2720.06 2180.58
202.23 347.89 268.85 3064.15 946.37 573.38
955.96 1366.17 1867.76 2901.67 2651.48 1926.66
861.2 1206.57 1545.4 2374.14 2836.14 2524.4
254.87 326.55 411.71 569.8 670.0 563.6
562.57 882.45 878.18 4223.98 1950.67 1401.08
887.63 1283.42 1801.46 2600.69 2673.51 2033.98
423.23 567.67 714.59 1008.43 1252.2 1128.04
311.39 405.68 500.21 678.5 824.94 756.49
252.82 484.14 319.98 4776.58 1388.82 734.93
860.0 1200.49 1549.78 2201.79 2703.44 2433.45
677.92 972.65 1144.23 2688.44 2123.1 1828.05
426.79 570.43 710.84 974.43 1180.56 1095.09
707.12 988.35 1253.47 2108.19 2316.73 2046.99
932.96 1365.83 1955.83 2867.73 2850.11 2056.95
445.4 703.27 912.29 3765.7 1815.56 1017.37
688.63 1056.09 1134.47 3491.8 2358.54 1922.29
976.31 1401.58 1950.52 2982.85 2989.67 2130.44
951.27 1353.4 1834.48 2740.58 2968.36 2325.2
779.59 1107.65 1618.3 2431.74 2346.2 1584.92
687.13 1010.2 1185.23 3301.91 2395.15 1980.58
158.94 246.91 192.32 1749.4 552.25 347.28
823.58 1203.16 1640.4 3477.24 2782.33 1814.04
946.69 1330.14 1727.48 2489.45 2972.98 2627.72
363.34 570.95 604.31 3996.85 1648.42 1157.18
641.32 951.86 1110.67 3442.8 2246.91 1830.85
447.45 750.7 707.74 4067.17 1784.99 1284.25
727.55 1054.97 1429.96 3109.96 2455.14 1806.5
693.49 1006.15 1209.37 3249.77 2314.45 1993.74
620.16 937.42 1007.31 3713.39 2111.75 1644.49
881.26 1238.72 1576.82 2479.03 2822.71 2539.64
945.62 1338.94 1843.98 2799.51 2713.41 2095.13
836.18 1165.15 1499.78 2169.03 2724.23 2441.45
911.83 1297.72 1858.07 2792.13 2852.07 2058.24
636.43 886.97 1190.29 1753.97 2005.76 1626.9
710.37 978.66 1240.92 1733.24 2118.24 1958.61
803.59 1124.39 1463.17 2117.18 2334.74 2046.67
329.13 587.44 680.41 3931.78 1617.73 825.69
824.14 1170.36 1629.98 2420.41 2565.56 1969.44
191.73 235.82 277.99 441.61 430.07 378.41
772.11 1113.17 1380.39 2952.38 2555.43 2080.31
604.44 900.29 1057.61 3344.58 2224.96 1790.66
244.19 432.84 369.51 4264.44 1186.51 748.4
442.82 610.51 746.4 1507.94 1325.31 1160.04
253.34 347.35 394.35 1212.33 725.21 562.67
360.1 630.05 452.54 4765.73 1403.48 779.74
655.23 954.34 1195.16 3139.61 2348.78 1891.24
422.31 724.91 657.88 4209.64 1738.89 1216.44
927.94 1304.46 1738.33 2508.68 3039.33 2545.14
716.67 1017.18 1441.72 2158.68 2195.3 1599.42
968.75 1396.72 1915.72 2982.52 2865.21 2087.83
686.73 958.79 1245.07 1918.77 2188.76 1862.52
657.58 906.74 1160.19 1667.08 2087.58 1873.4
812.53 1172.88 1566.79 3035.91 2981.83 2253.83
436.56 614.03 737.46 1868.42 1442.94 1214.13
759.73 1147.12 1616.83 3573.39 2743.71 1704.86
707.7 992.67 1230.37 2203.23 2188.48 1970.43
675.31 933.36 1202.84 1734.03 2144.89 1903.82
411.47 550.65 692.23 975.38 1210.27 1090.63
751.82 1058.86 1413.32 2006.97 2242.52 1892.5
591.94 821.55 1085.58 1562.13 1824.73 1533.98
642.6 891.46 1166.13 1711.16 1793.08 1495.38
643.05 891.08 1161.58 1694.87 2011.11 1718.94
378.32 599.55 619.94 3067.53 1555.68 1129.2
937.26 1351.52 2064.21 3163.51 2833.19 1676.48
555.64 792.58 955.84 2271.59 1870.83 1585.87
707.12 1027.28 1251.22 3060.23 2457.29 2071.9
241.41 316.36 358.12 798.91 634.28 539.29
849.59 1191.02 1558.24 2303.13 2665.34 2281.89
884.36 1304.2 1758.01 3337.17 3116.85 2307.39
975.99 1397.78 1928.37 2946.43 2993.47 2195.56
891.64 1260.1 1667.22 2583.01 2865.31 2368.26
106.34 216.45 115.61 3886.09 845.2 379.49
969.38 1355.23 1750.83 2478.68 2973.91 2689.72
918.06 1345.92 1913.37 3085.53 2261.57 1431.34
725.86 1029.98 1293.23 2691.03 2499.61 2152.35
981.7 1369.43 1748.98 2461.5 3015.39 2782.19
665.79 922.8 1175.96 1800.12 2140.19 1906.86
561.56 764.44 962.76 1335.05 1626.19 1505.48
772.72 1078.33 1413.05 2058.09 2482.48 2150.51
422.8 648.13 634.23 3025.82 1402.97 1027.58
255.55 434.34 511.88 3734.68 1449.64 735.63
740.35 1076.98 1308.66 3011.46 2559.37 2175.27
920.65 1316.4 1857.81 2798.6 2934.89 2191.66
633.27 944.68 1103.42 3420.74 2315.51 1875.13
332.31 545.29 534.23 4065.43 1407.74 992.66
298.46 398.34 553.46 808.66 771.9 530.89
768.3 1083.35 1370.24 2279.13 2481.35 2209.5
231.5 505.92 288.39 4815.89 1316.47 687.72
915.34 1328.91 1895.53 3288.13 3491.42 2349.11
776.14 1077.72 1380.1 1950.36 2418.77 2199.81
300.39 388.47 474.58 636.21 762.61 710.2
339.69 514.58 556.68 3109.82 1368.9 1003.74
692.43 1033.73 1439.81 3746.39 2484.47 1547.88
678.89 942.39 1226.23 1777.67 2183.8 1898.06
614.27 921.34 1007.09 3526.51 2131.63 1666.81
174.56 207.33 239.36 299.5 346.52 327.03
384.37 634.35 649.22 3905.88 1799.36 1225.61
977.43 1396.29 1906.24 2957.68 2677.75 1949.54
748.96 1087.48 1315.51 3047.85 2494.67 2063.01
564.78 779.13 1011.85 1426.0 1677.53 1468.47
681.63 941.05 1201.17 1691.72 2094.66 1906.3
502.15 681.52 861.37 1200.55 1479.14 1348.91
759.44 1063.09 1349.98 2187.04 2491.63 2205.57
965.15 1390.63 2042.87 3108.85 3684.76 2461.65
122.45 132.32 141.97 160.08 174.25 168.37
682.09 941.72 1202.03 1692.98 2096.23 1907.72
1003.74 1403.16 1813.3 2583.9 3077.13 2777.35
442.2 751.3 630.48 4930.06 1632.13 943.82
607.97 834.96 1065.86 1527.65 1910.74 1715.62
969.82 1366.08 1879.96 2848.98 2904.35 2269.68
650.49 973.27 1130.0 3192.49 2335.62 1904.85
943.73 1320.72 1702.46 2419.68 3003.86 2714.96
886.13 1248.48 1674.5 2460.75 2859.42 2389.61
575.01 816.85 1159.91 1742.19 1829.87 1287.07
990.27 1381.9 1766.22 2486.48 3043.69 2806.22
639.35 942.92 1176.57 3185.13 2314.64 1760.18
763.34 1093.84 1330.07 2838.24 2552.12 2179.41
475.41 781.33 764.11 4392.85 1529.94 850.81
948.12 1361.76 1889.29 3000.35 2551.29 1713.53
189.83 420.55 254.19 4685.07 1384.42 698.33
175.95 209.89 244.41 313.46 370.73 341.56
976.27 1396.6 1920.95 2839.6 3166.86 2492.39
943.97 1328.86 1665.26 2714.51 2929.01 2659.09
382.51 632.08 645.74 3910.87 1795.4 1220.65
989.15 1392.81 1851.15 2660.43 3037.39 2608.25
493.45 789.13 783.46 4264.39 1696.76 1053.77
540.37 733.94 923.16 1278.36 1556.13 1440.96
215.7 267.31 319.06 416.64 496.8 459.33
196.73 239.96 283.93 371.87 444.83 407.67
1008.25 1415.86 1834.4 2593.78 3114.25 2812.24
988.52 1392.1 1805.71 2724.97 3161.55 2759.85
347.03 464.94 559.18 949.09 950.04 860.05
574.96 875.06 923.08 3688.35 2018.13 1530.73
521.9 782.77 895.57 3483.54 1986.59 1558.58
765.63 1112.18 1321.41 3286.11 2550.81 2178.19
928.33 1292.42 1648.33 2316.45 2838.94 2622.3
335.54 440.79 547.86 761.99 939.62 849.14
918.78 1286.62 1683.61 2432.69 2880.43 2526.75
636.63 876.43 1120.35 1608.19 2012.89 1806.76
912.32 1290.28 1615.5 2829.01 2885.31 2599.0
830.24 1198.84 1603.77 3120.09 2780.53 2064.32
121.6 131.23 140.9 159.11 174.08 167.08
369.79 594.09 617.45 3858.48 1681.57 1155.4
790.92 1099.67 1413.73 2041.84 2562.91 2297.51
1007.08 1406.32 1797.87 2531.25 3098.76 2857.15
698.56 961.66 1218.84 1701.63 2079.18 1922.64
342.84 611.16 410.87 4886.62 1348.23 713.42
945.73 1359.82 2047.52 3118.72 2859.84 1777.51
1000.97 1416.78 1919.29 2846.95 3381.15 2737.18
795.43 1152.09 1666.01 2530.76 2746.96 1879.6
810.79 1155.63 1502.74 2660.81 2794.79 2340.4
969.5 1360.85 1744.35 2675.79 2998.69 2689.01
146.16 333.51 193.48 4613.71 1188.03 535.39
411.75 550.8 690.22 953.15 1169.12 1068.16
860.4 1198.51 1541.99 2199.51 2650.91 2390.04
908.1 1268.53 1629.93 2311.49 2871.31 2609.62
210.29 389.43 267.0 3837.13 1079.19 578.92
694.0 1064.53 1110.28 4039.1 2279.08 1782.59
116.88 124.43 132.11 147.45 160.19 153.7
740.55 1084.1 1376.19 3038.06 2510.4 1967.89
759.65 1054.42 1354.26 1953.93 2451.41 2198.03
957.83 1367.74 1918.07 2929.53 3449.54 2581.96
815.91 1153.46 1458.64 2563.19 2726.89 2379.95
581.88 906.33 981.58 3629.62 2141.11 1687.55
937.94 1342.33 1947.39 3120.57 3121.74 2046.19
848.67 1204.59 1618.9 2697.31 2455.62 1927.12
493.19 750.42 749.35 2978.5 1559.23 1207.53
745.22 1051.92 1402.2 2095.92 2049.66 1672.46
973.52 1419.95 2058.84 3135.67 3414.1 2345.78
927.67 1320.01 1962.79 3178.34 2689.68 1638.88
676.98 1034.24 1088.39 3848.07 2257.66 1779.84
892.88 1263.24 1692.58 2497.16 2993.81 2478.32
427.87 575.45 740.29 1052.47 1204.5 1035.61
928.34 1329.08 1799.57 2737.32 2626.91 2077.72
876.97 1225.06 1577.06 2307.4 2873.55 2572.17
962.39 1399.38 1977.62 2870.46 2962.33 2228.12
199.7 270.2 283.85 1177.67 570.39 446.4
874.84 1215.43 1548.35 2173.33 2662.08 2459.43
735.91 1047.61 1351.18 2549.72 2561.23 2108.79
232.49 437.24 302.03 4371.07 1187.13 667.19
685.64 1035.47 1146.07 3239.76 2384.28 1955.11
231.98 290.84 349.86 461.17 552.6 509.86
440.46 674.01 760.69 2743.54 1666.45 1304.22
918.62 1278.46 1630.2 2290.49 2806.86 2592.75
767.83 1116.3 1413.9 3221.74 2660.15 2128.89
535.26 766.5 938.47 2082.01 1846.32 1558.68
785.59 1139.27 1377.77 3123.29 2637.13 2276.53
357.21 495.52 659.09 1218.22 867.39 603.76
760.28 1054.79 1350.07 1906.97 2364.39 2150.56
913.91 1299.21 1800.43 2751.31 3287.39 2520.56
1000.2 1405.87 1832.67 2662.19 2979.23 2593.72
863.12 1214.69 1551.96 2445.18 2845.89 2506.75
609.77 837.14 1065.11 1495.06 1848.21 1683.12
442.15 618.77 729.48 1443.91 1328.28 1161.26
958.9 1430.95 2128.76 3132.63 2838.59 1821.85
794.3 1159.95 1381.05 3177.91 2611.12 2264.9
883.83 1229.4 1572.51 2213.05 2708.15 2480.67
398.6 648.44 662.32 4019.85 1747.94 1216.59
999.37 1404.55 1886.76 2728.6 3046.42 2553.61
653.72 995.18 1339.61 3472.7 2741.74 1796.61
855.58 1193.23 1536.67 2223.57 2793.4 2503.16
812.74 1130.64 1449.38 2050.51 2544.27 2313.46
584.42 882.12 1116.36 3472.83 1842.98 1278.28
890.46 1245.42 1596.62 2326.07 2824.15 2559.03
587.41 810.05 1071.7 1555.88 1807.71 1519.47
807.14 1129.81 1475.78 2196.76 2663.39 2299.36
861.72 1208.85 1561.63 2402.65 2803.11 2455.52
936.31 1319.63 1671.37 2634.34 2928.66 2642.85
775.3 1139.49 1312.96 3315.46 2528.7 2126.58
822.22 1171.79 1491.72 2805.99 2633.02 2253.84
892.45 1249.55 1641.2 2369.48 2854.21 2465.93
188.1 364.31 275.57 4318.57 1266.51 660.09
482.54 762.12 858.93 3934.6 1648.97 1006.63
836.8 1165.51 1494.95 2118.76 2627.34 2388.37
832.85 1175.31 1506.34 2523.39 2762.02 2399.29
679.73 1022.46 1114.62 3541.49 2306.89 1844.69
617.02 880.92 1064.5 2383.01 2026.35 1736.77
172.7 388.0 291.45 4072.73 1313.48 692.78
893.65 1256.6 1667.8 2470.37 3039.03 2559.62
632.77 935.88 1076.76 2916.54 2107.15 1780.12
885.35 1236.36 1587.03 2271.54 2797.93 2540.77
330.81 560.24 490.95 4098.06 1457.56 938.6
726.64 1074.7 1498.73 3226.11 2458.7 1633.46
258.91 376.55 398.8 1605.94 907.09 684.55
409.13 545.01 677.83 927.17 1122.16 1041.31
585.6 799.05 1007.69 1399.37 1705.67 1578.67
847.52 1195.46 1584.05 2528.8 2573.59 2138.81
963.76 1381.41 2015.41 3235.39 3179.63 2041.96
894.34 1269.44 1709.03 2553.58 2973.31 2433.17
853.18 1242.87 1463.89 3109.31 2727.09 2391.72
349.33 593.59 539.96 3976.09 1515.1 1012.1
962.0 1398.0 2014.0 3173.0 2939.0 1816.0
69.0 191.5 59.0 4653.5 930.0 346.0
134.0 394.5 95.5 5146.0 1087.0 409.5
969.0 1403.0 2079.0 3181.0 3518.0 2279.0
155.0 368.0 123.0 5163.0 1156.0 447.0
89.8 263.8 87.2 4769.8 1060.5 381.0
971.0 1390.0 2115.5 3245.0 2879.5 1707.0
122.0 299.0 89.0 4632.0 914.0 354.0
72.0 203.8 71.8 4231.5 957.5 341.5
907.5 1325.5 2047.5 3151.5 2757.0 1579.5
948.0 1357.0 1978.0 3155.0 2462.0 1531.0
56.8 180.8 53.0 4412.8 873.5 325.0
119.5 322.5 80.5 4825.8 970.8 371.8
948.0 1376.0 2046.0 3146.0 2970.0 1921.0
911.0 1341.0 1922.0 3127.8 2196.5 1320.8
985.0 1493.5 2276.8 3372.5 3183.8 2033.8
76.2 218.5 55.5 4643.8 764.8 282.8
962.5 1390.0 1954.5 3151.5 2480.0 1527.0
959.5 1435.2 2145.2 3160.2 2832.8 1787.8
88.5 243.0 63.5 4918.0 903.5 321.0
978.0 1422.0 2105.0 3266.0 3199.0 2037.0
79.2 209.2 66.0 4931.0 970.2 374.0
222.2 574.0 104.8 5481.0 1198.8 463.2
992.0 1434.0 2127.0 3253.0 3849.0 2515.0
980.5 1432.2 2016.0 3245.2 2807.8 1800.2
966.0 1422.0 2112.0 3259.5 3477.0 2237.5
109.2 304.0 68.8 5231.2 1052.0 412.0
978.0 1434.0 2220.0 3640.0 4073.0 2397.0
81.5 229.5 75.0 4588.5 1023.0 369.5
937.0 1353.0 2081.0 3198.0 2826.0 1629.0
924.0 1316.0 1970.0 3207.0 2671.0 1584.0
102.5 315.2 89.5 4914.0 1200.8 467.0
980.0 1467.0 2194.0 3388.8 3736.5 2446.5
955.0 1376.0 2056.0 3368.0 3193.0 1885.0
977.5 1462.0 2197.0 3231.5 2940.0 1846.5
939.0 1381.8 2053.5 3176.2 3230.8 2074.0
265.0 540.0 222.0 5608.0 1151.0 427.0
83.0 265.0 84.5 4714.5 1156.5 420.5
245.0 494.0 207.0 5231.5 1090.0 397.0
304.0 635.0 236.5 5868.5 1229.5 464.5
138.0 335.0 114.0 4964.0 1063.0 407.0
53.8 244.8 74.8 4340.2 1057.2 381.2
881.0 1230.0 1585.0 2295.0 2884.0 2584.0
943.0 1319.0 1696.0 2407.0 2991.0 2718.0
1010.0 1410.0 1801.0 2535.0 3109.0 2871.0
100.0 100.0 100.0 100.0 100.0 100.0
