481.2 721.54 824.42 3610.94 1882.64 1454.79
435.08 709.42 763.12 3620.38 1875.35 1374.0
918.71 1288.62 1630.71 2643.12 2874.86 2617.35
597.88 927.25 1209.75 3494.71 2270.69 1544.29
535.59 837.47 826.91 4055.59 1881.43 1363.29
772.89 1135.26 1438.46 3142.47 2542.12 2010.87
915.32 1304.8 1821.17 2730.97 2928.06 2244.34
578.35 825.85 1000.93 2347.64 1967.79 1671.44
878.84 1232.19 1616.43 2401.78 2860.49 2475.77
913.19 1287.23 1774.76 2634.81 2882.39 2270.3
734.41 1086.63 1270.61 3307.98 2478.95 1984.26
485.81 685.86 831.04 2024.59 1621.57 1371.69
476.07 643.81 811.99 1129.17 1389.7 1267.91
531.14 738.71 998.71 1468.48 1699.52 1337.99
751.08 1066.97 1530.97 2297.96 2728.49 1903.41
770.51 1069.58 1369.44 1934.95 2399.46 2182.32
296.87 446.94 470.31 1705.31 1001.48 678.11
932.16 1330.59 1872.22 2810.14 3252.62 2406.67
209.75 276.46 310.83 918.47 593.77 481.26
930.63 1341.55 1933.68 2983.32 2849.33 1992.81
629.5 878.39 1143.23 1727.39 1915.84 1625.81
431.82 672.56 692.95 3268.6 1590.69 1214.08
500.0 684.12 854.83 1343.48 1498.04 1347.56
629.3 908.21 1296.59 1875.52 1798.59 1272.68
919.31 1321.7 1820.65 2718.23 3213.86 2530.8
803.72 1126.5 1417.09 2441.48 2519.12 2276.52
645.68 889.07 1133.1 1593.33 1971.36 1794.65
554.71 762.63 1025.62 1522.34 1606.15 1287.58
1000.9 1422.14 1965.87 2898.11 3483.24 2690.96
880.16 1228.92 1584.38 2294.56 2881.96 2579.55
779.91 1125.82 1502.27 2965.0 2583.55 1932.98
952.9 1371.34 1988.6 3018.87 3401.98 2334.81
634.78 869.84 1099.62 1530.97 1868.29 1728.43
745.38 1033.78 1327.13 1913.84 2400.56 2152.65
304.35 395.49 486.88 659.23 800.8 734.62
429.4 576.6 726.33 1025.79 1274.21 1147.68
980.39 1376.2 1843.34 2723.01 2965.57 2477.14
195.86 360.28 292.2 3353.43 1144.14 637.26
801.66 1118.64 1433.06 2163.69 2616.27 2335.44
267.61 342.51 418.7 571.08 697.49 633.1
820.28 1180.93 1469.1 2906.04 2697.83 2353.88
300.83 560.86 323.34 5034.69 1237.36 577.57
822.64 1164.89 1471.56 2659.12 2710.0 2389.6
676.9 1028.41 1139.11 3713.39 2339.94 1766.52
207.53 255.49 303.58 394.28 468.77 433.95
928.98 1353.53 1900.02 3020.12 2362.24 1602.38
881.82 1225.48 1561.41 2192.02 2685.17 2480.69
772.22 1079.06 1438.37 2073.07 2504.67 2078.44
179.22 214.62 250.62 322.64 382.38 351.95
648.55 938.68 1153.97 2807.38 2048.02 1585.5
744.69 1055.67 1328.84 2690.91 2555.99 2208.31
852.26 1200.14 1549.67 2494.38 2861.54 2478.24
647.67 943.28 1108.52 2672.69 2106.36 1813.72
401.6 652.53 635.88 4017.1 1709.05 1179.35
899.28 1255.78 1613.23 2287.35 2841.07 2582.23
939.2 1381.88 2052.79 3174.39 3230.46 2076.25
593.02 813.33 1037.43 1485.63 1857.44 1668.06
956.31 1400.11 2051.93 3149.56 3409.41 2277.0
979.38 1425.28 2009.69 2914.06 2941.54 2214.26
946.75 1334.54 1750.45 2496.61 2985.46 2623.28
672.01 931.66 1188.62 1832.39 2165.13 1929.51
770.66 1075.0 1399.69 2034.0 2500.25 2185.57
237.31 415.46 380.07 3885.21 1343.45 792.55
954.51 1366.81 1855.13 2671.53 3043.82 2530.54
942.15 1317.94 1694.33 2408.96 2988.85 2715.53
942.66 1355.3 1852.08 2883.81 2836.78 2098.3
867.04 1209.8 1558.45 2255.75 2834.22 2539.59
663.41 978.65 1150.37 3354.0 2340.82 1944.76
1005.45 1404.65 1797.06 2554.35 3100.41 2847.72
878.29 1243.53 1596.76 2642.23 2871.11 2507.52
370.55 530.97 611.58 1758.35 1268.39 1027.57
402.16 709.48 691.26 4234.62 1647.08 1003.97
977.14 1391.98 1930.85 2858.83 3035.33 2367.49
666.05 993.59 1364.08 3533.3 2748.92 1774.73
884.75 1240.39 1624.96 2410.4 2904.2 2500.84
584.92 861.61 1008.65 3629.22 2132.24 1730.65
647.26 907.11 1123.7 2144.67 2004.57 1797.92
871.7 1233.85 1692.14 2505.73 2783.76 2224.63
181.55 217.98 255.05 329.18 390.68 359.36
292.56 571.66 281.91 5477.9 1225.78 520.12
854.29 1218.57 1499.06 2768.89 2736.66 2411.27
301.1 559.68 352.03 3517.19 1175.79 715.27
977.7 1383.38 1878.67 2729.25 2998.09 2464.07
394.87 614.77 661.67 4008.63 1708.68 1230.59
407.66 644.72 744.14 3625.73 1749.9 1183.53
661.43 926.86 1353.1 2159.17 1869.04 1184.04
945.62 1418.34 2115.59 3258.38 2876.79 1812.78
931.73 1306.56 1707.0 2488.38 2927.8 2567.56
692.01 1016.47 1244.21 2968.89 2433.62 2032.77
899.75 1277.51 1709.73 2489.28 2938.06 2484.8
917.47 1305.63 1778.13 2690.27 2908.76 2238.25
518.38 702.28 882.05 1219.51 1483.41 1373.99
316.87 413.11 510.23 692.59 816.91 745.79
850.86 1193.54 1527.17 2372.68 2813.44 2500.26
990.2 1394.54 1876.95 2714.84 3032.24 2534.11
395.29 525.09 651.97 890.15 1076.41 999.18
636.43 927.88 1169.96 3077.8 2267.14 1772.96
653.87 940.86 1162.81 2878.62 2329.95 1961.47
713.95 1109.4 1336.34 4179.34 2295.57 1327.73
656.03 972.67 1123.15 3410.67 2322.73 1890.95
942.16 1312.35 1674.2 2353.48 2884.69 2664.43
966.73 1373.56 1821.2 2757.94 2783.46 2330.88
218.63 270.77 321.74 417.42 492.25 461.22
335.24 494.29 494.2 2102.58 1037.11 780.73
848.56 1200.95 1530.25 2612.74 2690.01 2325.07
265.94 339.95 414.17 554.12 669.08 615.34
266.05 340.11 414.37 554.43 669.46 615.68
469.0 633.89 801.62 1137.07 1415.36 1273.62
892.25 1240.49 1580.89 2219.91 2719.63 2512.43
706.57 985.23 1252.64 2035.88 2302.45 2041.49
934.38 1313.86 1660.43 2702.24 2939.11 2667.28
292.05 495.78 471.18 4055.33 1503.99 943.48
483.62 694.17 813.86 2204.96 1589.86 1335.18
337.85 583.1 593.38 3637.91 1684.5 1137.61
760.01 1105.42 1392.2 3214.66 2552.33 2071.31
454.01 698.22 765.24 3708.23 1816.94 1364.74
944.86 1326.75 1727.21 2482.17 2985.9 2629.49
305.42 585.27 311.43 5390.63 1264.71 568.53
781.01 1119.4 1574.67 2374.45 2597.86 1917.4
248.37 314.55 380.91 506.05 608.84 560.79
194.71 301.85 282.47 2071.81 799.48 515.0
991.43 1387.13 1767.89 2584.6 3068.93 2816.23
973.5 1363.06 1733.71 2601.02 3025.28 2772.57
1005.07 1403.32 1793.93 2526.43 3094.68 2852.77
468.52 633.2 800.71 1135.72 1413.65 1272.09
866.56 1224.37 1752.69 2751.4 2563.26 1782.11
958.1 1374.14 1787.05 2916.9 2997.73 2551.06
491.81 842.06 658.74 4989.35 1736.68 1097.53
528.24 725.21 953.94 1358.75 1557.02 1323.85
852.47 1189.79 1535.2 2226.73 2769.63 2471.61
856.62 1212.17 1533.13 2646.21 2795.56 2481.41
399.21 533.59 677.1 956.8 1159.15 1025.13
657.58 914.74 1201.96 1743.19 1992.93 1673.75
953.35 1350.52 1751.92 2800.44 2864.12 2431.41
995.45 1458.59 2077.88 3022.36 3152.53 2383.81
134.04 149.25 164.72 195.67 221.34 208.26
830.4 1180.83 1542.35 2595.68 2786.88 2332.49
546.91 746.24 946.11 1323.04 1632.64 1487.91
854.16 1191.36 1534.01 2224.26 2789.07 2498.51
730.41 1075.22 1218.43 3520.51 2371.1 1966.81
898.07 1256.66 1632.34 2323.02 2776.44 2469.01
954.72 1343.63 1716.2 2667.84 2922.35 2607.97
804.91 1197.46 1681.81 3343.19 2974.96 1990.76
252.89 532.32 326.97 4791.63 1361.43 743.58
845.73 1186.54 1519.66 2392.82 2800.87 2482.14
822.3 1179.55 1440.07 3096.8 2680.39 2358.63
899.69 1264.77 1619.23 2529.87 2882.68 2579.1
590.38 819.46 1103.55 1617.3 1917.79 1532.3
936.01 1319.28 1756.6 2590.49 2943.23 2488.31
570.12 834.25 1007.14 3093.82 2125.65 1731.92
925.27 1288.03 1642.62 2308.28 2828.83 2612.99
675.08 1006.52 1294.57 3655.11 2042.27 1320.3
301.93 535.38 436.15 4443.31 1455.61 877.6
455.93 614.99 776.78 1100.35 1368.78 1232.06
385.39 635.25 587.56 4075.69 1642.81 1100.89
370.69 616.3 623.46 3911.01 1762.62 1186.52
346.64 457.76 590.92 841.75 901.62 758.11
943.74 1343.83 1824.3 2678.05 3132.25 2532.23
307.96 474.2 490.13 2349.96 1219.61 885.82
833.85 1161.16 1489.35 2108.29 2616.67 2379.02
478.59 667.25 925.3 1413.4 1359.91 910.83
330.17 663.02 296.28 5726.72 1301.65 556.8
744.29 1031.66 1319.79 1863.2 2309.54 2100.89
483.05 730.47 834.66 3573.1 1873.16 1463.5
746.82 1095.7 1517.23 3445.8 2789.26 1887.73
811.97 1162.51 1445.55 2797.83 2711.92 2367.08
464.44 627.29 792.94 1124.25 1399.09 1259.1
707.45 1043.99 1287.2 3387.25 2392.15 1870.0
485.08 658.41 838.02 1161.98 1368.76 1233.99
829.16 1199.54 1528.48 2911.74 2762.42 2293.27
944.28 1322.25 1715.17 2445.3 2985.9 2671.79
742.87 1041.56 1318.65 2208.63 2444.11 2156.47
646.16 953.04 1196.58 3227.15 2239.4 1687.37
425.21 570.53 718.35 1014.0 1259.25 1134.34
503.88 825.01 988.61 4091.68 2150.85 1330.43
325.42 461.8 491.06 1491.85 912.33 735.68
964.94 1374.64 2024.77 3063.76 2903.62 1925.66
714.4 1028.29 1304.09 3095.76 2380.02 1937.94
371.26 492.81 619.99 873.36 1061.88 946.99
949.09 1347.93 1878.71 2894.74 3093.52 2295.22
325.01 500.45 534.47 2574.15 1343.37 963.61
879.16 1227.44 1581.81 2291.76 2876.61 2576.28
778.42 1120.35 1393.87 2648.87 2488.47 2093.83
933.77 1345.0 1948.12 2965.31 2951.74 2061.78
767.55 1132.81 1501.93 3176.8 2274.7 1631.49
745.94 1083.96 1392.68 3264.4 2569.2 2024.08
880.65 1255.71 1535.65 2994.98 2770.84 2446.8
630.12 863.14 1090.91 1518.5 1852.88 1714.23
342.27 464.03 553.39 1150.07 986.14 864.42
789.07 1114.19 1482.93 2118.7 2470.72 2112.6
601.69 876.53 1038.76 2495.37 1997.68 1692.67
817.69 1146.74 1534.36 2251.26 2680.53 2212.39
610.78 842.75 1065.96 1609.03 1871.71 1692.43
326.56 431.22 544.63 804.13 913.33 777.7
878.35 1226.83 1588.44 2309.68 2864.32 2543.8
823.01 1145.49 1468.83 2078.63 2579.5 2345.36
428.68 593.27 726.11 1538.51 1383.75 1182.6
179.82 218.57 268.24 354.66 381.56 314.37
936.76 1336.57 2007.17 3060.19 2777.79 1722.34
636.7 942.95 1081.3 3416.54 2186.26 1812.89
201.47 411.45 239.65 4736.02 1218.55 592.96
820.32 1159.51 1491.17 2537.13 2686.66 2316.21
233.19 460.07 303.52 4491.88 1249.69 695.7
293.15 385.69 514.79 735.63 870.28 653.7
772.96 1107.99 1391.23 3019.7 2581.35 2167.84
935.78 1361.15 1921.99 2900.26 3355.74 2507.91
960.23 1390.63 1984.35 3101.57 2943.85 1900.11
278.38 357.94 437.71 588.16 711.73 653.96
532.01 803.56 924.33 3379.75 2078.23 1611.83
123.48 133.95 144.45 164.26 180.52 172.92
841.31 1175.52 1534.55 2248.98 2745.93 2386.97
152.8 311.54 204.9 3801.24 1034.78 500.72
652.88 899.48 1146.73 1613.04 1996.05 1817.0
867.08 1220.83 1541.3 2490.6 2758.61 2471.55
688.32 1007.03 1167.53 3184.62 2340.5 1921.44
652.29 898.62 1145.61 1611.42 1994.02 1815.17
531.56 724.41 920.57 1312.9 1638.37 1472.6
425.32 568.32 708.11 970.51 1175.71 1090.63
564.85 810.61 1141.38 1827.14 1308.74 813.14
887.69 1239.53 1592.25 2268.13 2803.15 2544.93
822.24 1159.97 1468.9 2490.29 2736.37 2413.29
539.25 818.33 908.4 3522.64 2046.41 1582.66
538.59 752.41 1049.8 1573.79 1652.79 1199.54
946.32 1372.33 2034.42 3124.62 2967.84 1937.66
943.74 1366.72 2016.69 3091.89 2964.53 1963.15
632.28 935.36 1093.7 2912.2 2227.61 1846.49
796.45 1144.5 1396.03 2681.72 2664.8 2311.93
861.37 1200.96 1541.46 2183.61 2711.06 2464.49
391.88 592.96 657.59 2779.33 1534.86 1152.34
177.69 330.51 263.27 4337.8 1191.56 645.57
642.34 913.34 1129.34 2299.75 2131.05 1841.59
673.63 929.42 1182.72 1699.47 2018.29 1834.44
753.52 1040.78 1321.58 1848.7 2260.92 2090.0
966.03 1393.4 2035.23 3092.54 3457.77 2329.17
705.49 1018.53 1288.26 3214.18 2355.11 1895.32
950.64 1336.94 1763.23 2538.96 3124.83 2686.34
1008.27 1409.57 1808.7 2558.05 3102.86 2832.88
832.86 1154.99 1469.88 2061.0 2523.26 2331.59
826.42 1161.33 1478.58 2417.63 2739.12 2425.68
635.51 874.8 1118.21 1605.04 2008.89 1803.19
735.96 1034.48 1374.34 2154.3 2459.88 2013.56
244.53 308.06 370.16 486.74 577.91 540.1
741.69 1063.51 1389.54 2876.67 2410.79 1896.52
755.74 1048.21 1341.46 1894.52 2348.79 2136.44
517.11 703.15 889.69 1241.48 1530.44 1395.36
689.05 1012.29 1298.82 3369.4 2159.25 1621.47
986.59 1379.46 1759.92 2559.69 3048.43 2802.16
431.78 585.22 729.21 1171.03 1305.48 1160.93
1007.25 1415.22 1837.01 2613.24 3166.5 2832.1
949.4 1333.33 1702.34 2649.13 2947.69 2654.28
536.0 781.9 914.98 2902.98 1805.72 1518.3
799.43 1123.96 1436.75 2403.49 2667.25 2337.76
859.24 1220.01 1574.14 2700.38 2798.84 2399.19
775.4 1092.52 1463.84 2218.32 2135.86 1654.92
598.73 910.14 1066.82 3754.44 2145.12 1578.37
914.76 1298.56 1645.15 2861.25 2913.97 2553.79
807.18 1150.18 1448.37 2830.67 2667.3 2316.49
780.96 1117.61 1363.39 2921.59 2532.02 2229.14
635.5 946.27 1103.48 3464.66 2256.96 1833.13
602.7 829.81 1066.07 1540.19 1862.95 1649.24
620.85 867.79 1196.6 1799.59 2097.08 1589.27
952.27 1369.91 1908.11 3043.97 2530.72 1659.7
530.3 841.54 988.7 3998.13 1942.16 1269.19
504.62 690.35 904.53 1305.97 1576.83 1323.92
873.42 1213.38 1545.7 2169.53 2657.38 2455.1
311.7 573.87 345.98 4996.39 1266.04 612.71
854.02 1186.16 1509.52 2141.75 2598.09 2397.8
982.17 1481.75 2237.69 3307.48 3170.82 2079.87
925.9 1297.88 1664.04 2455.18 2951.72 2669.87
742.69 1029.89 1322.02 1906.29 2390.98 2144.11
972.71 1388.72 1957.3 2919.9 3511.17 2594.93
972.98 1443.27 2131.37 3123.5 2946.68 1960.66
999.61 1405.62 1834.59 2669.9 2971.37 2576.92
896.85 1281.81 1807.47 2932.07 2802.54 2048.62
896.41 1261.58 1582.3 2623.95 2803.28 2539.47
1008.16 1408.43 1806.25 2553.4 3089.79 2831.22
912.22 1301.55 1877.45 2972.22 2415.32 1572.14
289.54 372.85 454.28 607.16 726.72 677.14
842.21 1193.06 1465.56 2716.22 2622.0 2340.86
269.37 516.51 404.2 4476.56 1551.67 909.03
630.68 885.48 1191.53 1690.8 1841.33 1514.19
830.31 1182.87 1490.55 2651.99 2745.93 2421.86
954.23 1405.31 2035.48 3104.09 3514.6 2482.29
551.1 782.56 929.26 2116.68 1776.74 1505.38
541.03 758.05 1031.46 1463.78 1543.89 1226.0
687.78 958.92 1252.75 1845.91 2095.49 1798.88
978.19 1404.57 2016.7 3036.22 3426.34 2411.67
229.71 286.72 342.45 447.07 528.88 494.96
717.03 1059.37 1204.74 3473.84 2377.76 1954.45
297.91 581.81 419.77 4591.06 1472.76 877.22
374.17 496.71 620.9 857.22 990.48 900.53
704.75 970.57 1230.41 1718.2 2099.65 1941.49
950.8 1353.95 1837.15 2696.26 3155.9 2554.96
395.44 525.31 652.25 890.56 1076.92 999.65
694.13 1013.15 1269.91 2815.18 2392.03 1970.4
590.38 809.1 1028.4 1442.0 1781.71 1622.91
868.43 1229.2 1653.52 2452.8 2694.26 2150.08
907.13 1286.94 1764.77 2626.86 2917.54 2325.45
804.94 1119.35 1434.61 2029.16 2517.52 2289.23
794.75 1100.13 1398.64 1959.02 2397.25 2215.55
754.81 1056.05 1342.54 2148.08 2469.8 2191.96
946.59 1333.88 1748.13 2492.8 2985.69 2627.31
321.49 604.91 344.82 5341.29 1304.31 617.89
680.87 1006.1 1203.28 3239.91 2340.39 1897.9
1007.46 1413.39 1847.07 2636.47 3213.58 2820.69
990.5 1441.19 2038.56 2952.82 3007.62 2256.41
957.24 1375.96 1887.66 2784.86 3277.92 2613.51
685.43 946.55 1208.36 1702.13 2107.69 1918.1
827.99 1160.44 1532.75 2242.45 2672.79 2287.89
162.41 190.25 218.16 270.8 314.04 293.83
580.01 840.38 1023.56 2453.45 1814.48 1363.28
379.31 522.81 666.7 1264.84 1160.53 924.79
789.64 1167.65 1724.53 2529.57 2305.98 1496.16
981.55 1371.79 1766.87 2497.61 3014.36 2741.78
777.19 1114.36 1574.05 3181.78 2400.57 1588.65
392.28 614.6 730.49 3726.12 1658.59 1077.7
910.89 1268.83 1614.36 2307.41 2785.04 2567.91
526.67 717.06 894.66 1303.26 1516.19 1396.21
844.96 1178.93 1530.14 2229.37 2739.02 2418.13
413.3 631.84 706.05 3653.46 1758.52 1294.94
867.09 1227.58 1533.21 2597.37 2763.53 2461.71
430.93 765.89 533.15 5082.37 1593.47 930.77
741.82 1065.96 1353.44 2819.04 2566.07 2113.11
111.59 116.68 121.66 131.01 138.32 135.29
313.9 409.49 506.72 701.18 862.49 780.33
153.98 358.52 155.02 5084.93 1152.04 533.55
407.68 542.92 675.13 923.3 1117.37 1036.9
163.94 192.46 221.06 274.98 319.28 298.57
802.62 1120.05 1449.11 2080.3 2354.89 2093.59
700.52 994.87 1249.53 2324.65 2378.48 2062.58
756.63 1052.62 1346.56 2001.08 2444.28 2183.33
407.15 542.17 674.14 921.89 1115.63 1035.3
737.72 1068.18 1454.26 3258.15 2236.71 1547.17
251.69 603.37 171.06 5338.38 1274.24 558.14
357.0 471.62 586.55 803.31 981.35 898.12
439.83 589.96 735.15 1032.4 1227.68 1136.02
438.12 589.21 742.9 1050.29 1305.28 1175.4
844.87 1202.1 1486.6 2765.83 2714.68 2390.26
1009.76 1409.66 1800.56 2534.37 3108.22 2870.28
602.94 827.27 1052.19 1476.39 1824.81 1661.93
823.76 1146.58 1470.25 2080.68 2582.08 2347.7
379.54 592.26 599.73 3253.18 1458.39 1084.98
921.79 1333.58 1845.8 2884.76 2464.39 1791.9
859.78 1222.13 1746.27 2739.22 2289.13 1542.54
502.08 714.08 1035.11 1571.89 1599.39 1047.66
137.15 153.71 170.32 201.65 227.39 215.36
774.98 1082.06 1420.54 2070.78 2489.05 2149.26
381.13 504.71 625.51 852.27 1029.6 956.07
956.63 1414.97 2067.0 3029.08 2860.34 1949.73
656.68 928.55 1315.62 1976.71 2012.38 1457.85
923.41 1297.68 1673.95 2493.94 2952.59 2633.36
413.29 640.52 706.75 3710.51 1709.57 1277.2
899.66 1277.25 1772.64 2618.82 3017.31 2300.67
972.5 1363.96 1728.9 2647.23 3023.38 2768.64
638.9 962.35 1227.62 3356.92 2312.32 1643.95
859.26 1202.52 1544.84 2316.01 2827.58 2522.89
343.87 455.02 564.07 848.86 983.74 880.61
384.24 511.26 640.46 898.86 1113.22 1004.04
506.86 777.62 844.83 3593.85 1959.19 1486.01
472.36 651.18 897.24 1304.5 1352.23 1029.77
876.42 1250.99 1724.66 2616.49 2698.39 1984.02
574.91 786.73 999.11 1399.66 1728.65 1574.86
808.16 1153.56 1413.08 2907.18 2592.76 2294.51
784.89 1115.76 1383.93 2948.33 2568.94 2260.1
712.14 991.91 1316.73 1958.71 2289.3 1897.56
882.45 1233.67 1594.62 2309.99 2888.17 2576.35
929.51 1303.05 1661.87 2516.31 2882.94 2607.25
934.77 1320.51 1777.52 2579.67 2936.73 2453.94
445.87 600.42 757.63 1072.06 1332.9 1200.04
589.97 893.88 1168.13 3618.93 2111.37 1450.88
761.2 1092.15 1544.45 2333.7 2530.17 1839.98
911.69 1320.9 1775.04 3042.19 2490.99 1872.88
276.42 491.7 440.49 4186.06 1490.62 900.63
674.97 989.64 1176.92 3268.51 2346.21 1959.1
632.94 867.2 1096.19 1526.06 1862.23 1722.84
925.76 1318.31 1869.9 2944.03 3070.91 2161.19
665.4 1008.81 1114.9 3592.51 2105.54 1575.52
244.67 422.09 401.3 3987.58 1322.4 832.3
777.91 1158.94 1514.3 3455.24 2823.53 2084.35
504.58 768.25 863.63 3293.53 1941.84 1500.61
694.19 1019.67 1248.2 2968.53 2435.41 2031.62
747.38 1046.61 1418.72 2141.47 2189.27 1740.55
638.43 878.58 1119.37 1573.49 1946.5 1772.13
930.97 1368.5 2000.87 3638.33 3701.71 2322.28
585.89 799.47 1008.24 1400.16 1706.64 1579.56
480.21 757.2 709.53 3866.71 1631.45 1162.55
653.67 928.76 1350.66 2041.48 2264.31 1504.24
759.98 1084.06 1358.38 2820.76 2552.64 2219.36
671.0 976.31 1195.43 3138.44 2302.16 1929.22
934.22 1306.31 1679.38 2382.98 2960.9 2690.75
380.92 506.45 634.14 889.52 1101.38 993.47
960.39 1367.59 1942.62 3031.09 2591.31 1798.82
995.4 1433.36 1978.86 2847.82 3033.1 2410.86
399.92 533.69 667.81 920.77 1128.54 1031.41
939.06 1319.72 1735.01 2489.64 2965.03 2591.63
954.78 1371.75 1909.05 2843.61 3239.9 2471.91
891.26 1250.15 1631.53 2402.86 2833.12 2450.89
842.19 1211.42 1635.02 2962.68 2802.3 2156.01
939.4 1337.33 1870.17 2799.05 3391.73 2547.7
702.63 995.77 1201.44 2435.81 2170.5 1913.0
1001.39 1416.48 1863.77 2742.35 3021.06 2558.37
195.28 303.61 286.38 2618.15 870.25 556.3
836.64 1165.81 1500.65 2170.32 2725.86 2442.9
928.03 1316.64 1911.89 3037.34 2738.86 1824.49
998.48 1414.32 1910.42 2798.11 3141.39 2570.82
969.25 1392.84 1932.7 3063.93 2569.34 1717.9
886.73 1250.67 1685.08 2480.34 2856.52 2366.63
733.75 1098.84 1617.67 3954.57 3193.01 1861.01
343.03 556.79 568.95 3838.25 1631.77 1093.91
697.75 966.37 1249.33 1813.4 2232.54 1965.09
771.2 1073.64 1376.97 2038.09 2505.88 2239.85
788.24 1095.22 1403.01 1983.48 2460.27 2237.39
612.51 855.17 1071.2 1911.34 1946.44 1721.07
461.17 734.35 777.85 4086.13 1858.15 1319.08
773.96 1086.7 1377.55 2357.23 2494.64 2223.51
677.66 1065.8 1218.62 3885.56 2066.5 1288.85
922.3 1323.28 1841.04 2763.59 3172.1 2415.66
710.73 1096.85 1554.9 3627.29 2517.54 1613.79
355.68 573.64 554.89 2897.61 1345.51 980.41
848.15 1199.65 1548.83 2498.22 2797.77 2422.1
900.49 1285.26 1714.62 2842.48 2929.89 2368.5
847.12 1216.95 1762.16 2732.3 2646.13 1841.36
520.93 755.4 885.71 2522.96 1804.51 1489.83
547.03 743.53 935.61 1296.18 1578.15 1461.24
242.96 482.68 368.45 4479.89 1500.48 815.95
829.1 1167.24 1487.42 2452.35 2771.65 2443.3
951.04 1342.52 1763.18 2580.1 2775.67 2396.14
793.73 1128.25 1419.06 2724.82 2640.99 2305.0
365.93 501.98 605.74 1421.0 1131.75 969.65
294.82 531.86 514.82 3744.29 1589.47 1023.03
430.55 582.3 728.66 1135.2 1300.83 1158.42
839.02 1184.02 1484.77 2666.07 2676.57 2396.07
549.53 805.83 949.66 3047.34 1995.61 1619.17
844.53 1171.79 1491.69 2092.22 2561.85 2367.13
343.75 580.31 574.79 3923.93 1720.96 1127.42
546.59 758.08 997.45 1475.62 1566.49 1271.14
604.66 883.94 1042.58 2955.98 2135.51 1764.28
868.27 1260.26 1787.1 2586.34 2606.53 1930.75
866.26 1218.95 1592.48 2492.58 2860.84 2438.21
538.3 733.8 929.81 1299.48 1603.12 1461.18
772.11 1076.05 1405.4 2042.55 2543.06 2202.66
956.46 1364.15 2029.79 3091.52 2880.23 1848.68
822.57 1158.1 1468.43 2460.02 2733.4 2409.71
994.56 1403.87 1855.9 2674.41 3135.48 2697.71
864.92 1224.52 1542.83 2636.33 2799.46 2495.55
731.87 1034.05 1295.17 2406.18 2439.65 2131.5
179.71 321.07 255.47 3106.17 974.43 539.13
720.51 1011.81 1403.74 2157.26 2003.66 1482.98
195.21 414.96 226.77 4631.04 1152.59 584.28
1000.9 1399.47 1799.63 2578.05 3082.18 2804.64
1005.42 1406.64 1811.31 2574.0 3124.89 2832.5
991.85 1397.35 1823.18 2643.65 2941.75 2586.86
811.43 1129.34 1452.71 2099.46 2635.99 2362.72
1008.36 1411.23 1812.95 2574.47 3092.26 2811.5
998.02 1394.19 1778.49 2535.74 3076.83 2836.96
270.03 506.01 469.03 3870.1 1527.44 949.44
958.01 1391.96 2089.15 3362.86 3828.0 2435.53
205.3 268.31 297.86 867.92 553.62 455.55
857.16 1200.0 1577.17 2292.32 2717.44 2338.66
173.43 206.24 239.61 306.36 361.74 333.54
968.32 1393.44 1949.25 2911.46 3180.51 2403.07
577.22 881.94 1188.71 3625.12 2230.65 1427.26
555.51 759.07 966.12 1380.22 1723.75 1548.78
887.5 1253.43 1698.47 2505.13 2852.84 2337.56
903.32 1276.3 1703.23 2536.97 2899.16 2372.35
817.25 1150.67 1516.82 2173.08 2454.24 2119.79
400.65 695.85 516.9 4967.58 1519.12 885.35
977.43 1474.32 2226.46 3294.09 3161.98 2073.84
100.08 100.12 100.15 100.23 100.29 100.26
946.31 1342.3 1786.06 2558.0 2959.28 2531.51
824.4 1149.16 1485.86 2135.96 2433.34 2148.4
493.56 669.43 848.32 1206.11 1502.92 1351.74
970.15 1431.79 2071.39 3031.04 3115.61 2275.77
958.24 1363.84 1874.05 2780.95 3081.55 2421.54
311.27 470.93 504.19 2578.58 1237.54 893.02
617.18 916.35 1086.38 3320.8 2249.52 1808.92
216.86 269.08 322.2 428.44 516.57 471.68
453.82 678.83 802.67 2524.46 1617.6 1215.67
890.07 1247.89 1642.72 2426.5 2921.87 2498.34
922.62 1294.72 1661.17 2456.46 2946.45 2658.87
935.99 1311.53 1687.55 2438.91 2981.26 2693.11
952.87 1358.46 1828.79 2668.8 3189.79 2645.6
980.64 1368.73 1746.4 2477.16 3017.18 2783.59
507.67 694.93 902.13 1299.34 1574.61 1351.04
518.82 778.93 889.66 3493.73 1978.9 1549.79
789.13 1127.93 1538.42 2392.03 2328.28 1708.97
862.9 1291.71 1789.52 3423.74 2667.82 1810.35
218.04 270.69 323.48 423.04 504.82 466.59
106.07 248.86 151.93 3009.86 856.1 398.19
901.39 1265.72 1618.4 2494.17 2893.84 2604.46
622.79 900.13 1041.54 2305.07 1939.46 1690.49
250.6 380.79 387.41 2170.37 967.85 678.06
518.15 704.66 891.66 1244.33 1534.01 1398.6
401.38 534.3 662.94 917.94 1097.77 1017.36
959.05 1338.23 1713.67 2422.94 2925.1 2676.68
944.84 1326.64 1722.76 2451.05 2988.28 2671.44
801.41 1149.95 1491.05 2752.67 2767.96 2285.04
665.48 925.11 1225.24 1784.22 2088.86 1766.36
761.51 1073.23 1350.86 2416.74 2456.62 2181.18
471.86 637.72 804.02 1117.65 1375.26 1254.84
881.13 1259.98 1629.17 2899.39 2794.32 2377.39
295.02 493.53 471.37 4005.16 1341.01 908.5
169.95 201.21 233.01 296.6 349.36 322.49
906.46 1275.35 1659.55 2545.57 2965.24 2586.1
954.76 1367.91 1892.88 2881.25 2958.81 2159.55
846.6 1179.61 1513.5 2143.19 2660.41 2418.63
348.01 548.34 583.35 3843.09 1601.42 1115.0
939.66 1337.95 1910.55 2847.81 2899.05 2111.12
652.54 944.1 1153.51 2950.38 2352.21 1951.2
835.95 1165.62 1493.23 2146.14 2631.17 2387.95
397.62 657.33 630.72 4269.3 1641.71 1069.43
943.22 1321.48 1711.24 2439.18 2990.09 2683.3
894.05 1255.65 1723.29 2605.08 2660.83 2085.73
738.39 1019.0 1293.29 1808.21 2210.89 2043.92
980.22 1381.22 1841.68 2694.89 3225.79 2704.53
700.34 964.22 1222.16 1706.39 2085.06 1928.05
446.08 716.81 696.77 4113.84 1793.41 1266.59
975.7 1386.09 1842.92 2740.4 2792.83 2333.88
705.4 1060.16 1399.95 3466.59 2054.13 1348.67
922.25 1289.67 1664.77 2366.95 2915.28 2629.43
156.97 182.02 206.49 252.45 288.38 273.48
518.3 774.32 923.45 3244.93 1973.8 1478.9
587.53 887.31 1072.47 3645.28 2147.94 1553.63
801.06 1119.09 1468.19 2104.68 2587.7 2234.23
437.37 609.57 730.63 1723.73 1331.9 1167.27
238.43 300.18 362.08 478.84 574.74 529.91
579.51 807.32 1011.21 1843.28 1834.09 1624.09
920.37 1307.03 1699.77 2674.14 2884.16 2451.13
527.25 768.94 1008.94 2375.02 1824.03 1197.6
943.26 1320.09 1699.64 2413.05 2992.21 2713.71
609.96 842.45 1108.7 1635.53 1923.18 1611.46
918.89 1306.99 1749.11 2656.81 2854.99 2285.55
923.85 1311.23 1836.35 2845.03 2614.1 1910.53
190.75 231.31 272.56 355.06 423.51 388.65
493.1 717.32 885.37 2434.84 1734.17 1346.28
828.08 1161.35 1586.44 2389.38 2508.08 1986.5
871.99 1217.11 1568.92 2271.67 2851.33 2552.59
709.22 1014.1 1258.53 2796.34 2431.66 2092.82
108.95 112.95 116.95 124.5 130.7 127.8
779.63 1123.89 1383.74 2894.3 2643.03 2280.46
674.65 1008.16 1328.72 3715.84 2291.24 1509.23
968.5 1393.52 1948.58 2909.78 3180.19 2405.16
961.61 1402.35 2032.63 3096.86 3384.28 2329.17
365.99 494.03 690.94 1010.61 991.85 698.23
467.45 670.61 800.11 2158.05 1627.37 1337.08
991.66 1406.87 1925.36 2823.99 3291.97 2606.17
994.0 1431.33 2090.75 3173.16 3766.72 2554.58
895.45 1269.3 1649.37 2678.29 2987.25 2550.51
522.26 720.01 951.91 1402.7 1563.54 1260.17
758.11 1052.2 1351.34 1949.63 2445.95 2193.16
936.82 1343.42 1957.18 3181.29 3122.54 2004.9
447.35 698.33 744.44 3994.89 1760.83 1304.72
281.92 363.22 445.91 611.29 748.49 678.61
718.03 1073.27 1236.21 3154.24 2486.54 2027.31
806.81 1136.13 1504.38 2181.3 2570.84 2194.18
958.87 1416.41 2064.01 3155.33 3554.54 2475.85
966.41 1416.26 2019.71 2945.12 3098.46 2336.66
558.08 830.73 947.75 3000.37 1695.24 1263.95
192.06 305.26 219.86 1580.24 588.97 386.62
163.41 191.69 220.04 273.52 317.44 296.91
819.93 1150.7 1604.17 2459.92 2406.67 1799.58
632.24 919.9 1060.14 2818.58 2046.36 1706.63
975.41 1367.76 1734.17 2623.98 3025.95 2773.93
631.79 876.65 1166.23 1702.13 2090.41 1721.13
945.15 1331.24 1741.78 2489.35 2983.3 2631.3
437.6 733.33 603.91 4679.71 1636.58 1031.38
923.07 1312.6 1775.74 2737.14 2675.45 2038.36
729.66 1038.86 1304.13 2812.22 2531.31 2161.17
816.0 1156.31 1491.58 2592.4 2728.11 2327.65
257.28 327.43 397.77 530.43 639.39 588.45
609.33 890.03 1071.89 3074.34 2251.62 1831.5
932.96 1309.57 1704.83 2449.99 2945.02 2591.99
914.15 1278.34 1641.51 2364.25 2899.36 2631.07
511.99 779.37 886.44 3449.23 2033.53 1556.54
348.63 551.61 564.74 3591.22 1378.13 1013.66
809.23 1149.61 1426.2 2680.99 2682.09 2332.69
637.5 946.88 1145.69 3549.8 2114.14 1645.02
597.56 839.65 1039.81 2026.74 1960.56 1704.25
525.63 778.34 909.61 3463.22 1984.57 1572.66
896.97 1259.34 1662.97 2432.81 3022.81 2574.07
818.11 1160.6 1487.82 2641.45 2741.51 2341.42
758.68 1115.18 1556.3 3364.61 2812.77 1887.16
180.47 262.73 239.52 1439.28 577.79 405.92
573.94 868.62 999.72 3394.16 2140.12 1654.55
862.63 1249.32 1667.56 3141.74 2719.4 2000.12
949.89 1351.72 1902.63 2958.58 3106.94 2239.89
710.36 1034.94 1289.49 3018.68 2544.04 2044.26
925.29 1325.99 1853.62 2863.28 2934.72 2220.1
127.26 139.45 151.84 176.62 197.19 186.71
832.49 1163.62 1528.12 2226.35 2687.69 2326.84
868.25 1284.41 1696.25 3534.65 2578.75 1719.21
768.26 1134.52 1640.72 2734.82 2829.0 1939.6
762.93 1069.8 1404.64 2085.57 2384.48 2007.64
499.88 718.72 861.81 2280.51 1749.61 1442.32
672.82 963.75 1193.77 2899.66 2383.04 2010.23
245.68 455.63 352.1 4332.05 1223.89 645.23
954.24 1372.37 2033.1 3306.86 3180.15 1938.0
897.19 1283.19 1754.68 2515.39 2713.81 2194.05
636.12 902.23 1181.68 2125.08 1957.93 1535.24
827.13 1146.74 1459.17 2045.66 2504.31 2314.14
283.87 489.25 432.97 3575.52 1208.59 726.81
949.32 1345.2 1787.78 2558.05 2981.66 2558.34
318.65 562.3 452.55 4516.52 1545.51 928.7
835.29 1210.34 1596.28 3021.96 2818.76 2208.05
760.53 1105.77 1303.45 3041.1 2538.56 2141.48
964.23 1403.9 1981.69 2970.24 3418.68 2562.25
431.5 665.65 791.47 3275.31 1813.49 1248.06
741.1 1036.42 1353.34 1971.42 2249.02 1926.54
890.73 1265.98 1694.25 2564.98 2661.13 2174.5
974.86 1395.2 1914.57 2991.14 2643.61 1876.59
862.61 1213.64 1616.61 2381.88 2812.34 2355.76
262.29 334.81 408.58 556.12 678.51 616.17
682.12 1024.96 1143.52 3138.0 2359.63 1944.37
612.29 886.06 1012.86 2686.49 1915.21 1617.86
876.1 1247.25 1570.92 2741.08 2762.87 2386.11
171.45 360.44 185.8 4497.98 1039.11 496.4
953.5 1366.01 1885.88 2796.12 3212.83 2498.68
892.29 1252.57 1686.05 2534.38 2828.09 2321.52
850.53 1194.67 1513.77 2313.26 2695.33 2430.3
832.85 1195.9 1622.08 2919.82 2636.79 2039.94
775.89 1136.61 1304.82 3500.66 2493.72 2103.0
340.46 567.05 559.87 3716.71 1605.07 1069.74
295.39 553.56 314.5 5027.59 1227.24 564.56
455.43 621.44 872.52 1346.91 1224.88 846.12
625.46 865.27 1095.76 1696.87 1938.02 1744.25
600.57 820.6 1035.68 1439.44 1755.18 1624.26
151.09 173.54 195.49 236.7 268.93 255.56
541.44 811.07 954.16 3486.88 2030.26 1560.22
907.05 1277.87 1712.18 2519.79 3110.43 2567.81
408.82 551.67 687.22 1113.9 1224.58 1090.41
643.8 943.56 1189.6 3147.13 2287.51 1778.99
649.54 895.11 1144.91 1644.49 2058.94 1847.85
766.24 1116.51 1292.49 3319.44 2446.3 2078.99
394.33 564.99 745.86 1736.36 1348.5 896.27
519.6 738.04 1036.57 1496.91 1483.97 1081.44
919.54 1296.64 1708.44 2559.78 2944.1 2523.29
668.01 934.83 1174.13 2063.77 2119.08 1885.65
898.94 1301.41 1902.37 2990.72 2782.58 1870.34
913.14 1293.42 1789.59 2761.09 3018.22 2280.37
757.12 1080.18 1345.24 2950.14 2556.15 2213.6
523.2 714.18 913.04 1305.61 1618.5 1437.03
743.77 1036.59 1354.58 1933.15 2276.1 1983.08
362.13 607.46 565.67 4268.98 1652.37 1123.79
873.28 1219.86 1575.0 2240.7 2754.71 2476.1
98.93 167.33 114.26 2229.99 537.81 268.47
918.49 1325.98 1817.76 3035.76 3125.51 2379.48
251.45 319.0 386.73 514.46 619.38 570.33
357.84 567.44 611.12 3731.44 1592.81 1137.89
635.21 890.58 1100.6 1847.31 1973.53 1761.23
974.95 1392.02 2083.68 3173.17 2902.72 1824.76
862.6 1204.67 1552.53 2201.79 2710.78 2447.77
527.62 914.23 904.04 4581.33 2243.12 1281.74
794.08 1144.38 1543.3 3256.1 2572.76 1927.77
914.93 1285.51 1708.74 2464.4 2870.74 2452.92
645.03 982.45 1395.28 3651.61 2218.97 1248.14
883.04 1300.72 1811.68 3492.65 3181.23 2080.18
290.62 380.77 488.17 707.85 668.22 522.7
952.61 1386.7 1957.73 2845.86 2898.82 2176.01
904.02 1276.04 1791.09 2783.2 2769.98 2048.7
455.02 620.59 811.7 1170.59 1394.63 1167.26
771.68 1148.38 1272.87 3660.29 2474.54 2058.64
424.66 632.36 718.08 2568.04 1541.33 1141.83
981.65 1370.27 1747.71 2480.89 3019.1 2785.58
921.09 1303.54 1615.74 2848.39 2874.35 2583.47
471.0 653.58 894.3 1319.2 1493.03 1129.93
798.12 1123.81 1554.56 2281.13 2445.75 1909.33
540.99 758.3 913.44 1754.46 1649.26 1446.4
196.93 379.54 270.65 4599.37 1168.39 625.16
732.75 1053.28 1331.93 2892.34 2490.0 2074.51
359.91 656.38 535.32 4472.66 1608.44 1044.29
628.08 932.17 1064.68 3436.9 2164.95 1788.46
508.75 691.07 873.87 1218.62 1501.79 1369.42
785.14 1136.91 1372.45 2979.38 2588.19 2165.33
653.49 938.73 1152.6 2798.2 2258.78 1924.46
809.69 1144.48 1674.74 2677.46 2343.81 1502.45
1006.31 1407.72 1818.12 2590.91 3114.64 2804.81
910.18 1303.94 1779.13 2597.37 2968.13 2429.6
567.7 870.64 1069.12 3485.97 2009.42 1383.73
521.77 709.89 898.51 1254.23 1546.42 1409.83
498.49 745.56 863.43 3549.56 1942.78 1511.61
547.47 744.16 936.42 1297.35 1579.6 1462.57
781.44 1085.95 1395.7 2015.19 2529.11 2267.35
864.08 1222.6 1575.01 2687.64 2824.95 2432.3
848.05 1202.93 1595.97 2676.1 2946.77 2403.91
927.82 1343.84 1875.39 2709.73 2905.97 2288.66
872.52 1212.09 1544.02 2167.14 2654.42 2452.38
470.35 713.83 814.62 3397.07 1887.51 1428.38
919.07 1335.45 1865.03 2946.11 2396.76 1672.98
690.39 957.19 1242.91 1766.27 2117.94 1871.69
439.0 675.74 748.37 3567.73 1799.3 1331.19
509.8 780.18 901.62 3029.08 1967.2 1548.46
290.64 481.0 428.46 3414.86 1263.01 815.09
837.09 1168.57 1502.02 2236.59 2741.07 2449.65
818.07 1143.51 1463.88 2317.37 2502.49 2232.41
840.54 1171.55 1508.56 2182.45 2739.36 2453.5
923.95 1291.54 1660.53 2356.47 2925.54 2657.25
937.19 1305.19 1664.91 2340.19 2868.26 2649.3
809.32 1121.11 1425.88 1998.02 2445.44 2259.92
529.81 721.51 913.73 1276.23 1573.99 1434.8
690.97 950.73 1204.66 1681.33 2054.09 1899.53
833.26 1172.43 1547.01 2382.24 2565.51 2178.9
529.28 791.65 1031.8 3135.02 1858.71 1198.89
728.53 1021.67 1347.9 1939.28 2339.25 1999.65
608.53 902.45 1168.47 3515.54 2340.1 1659.47
392.61 528.8 644.61 1085.19 1101.06 999.48
865.69 1210.8 1563.62 2315.02 2845.39 2526.87
771.35 1084.15 1495.23 2214.07 2414.64 1889.94
727.66 1038.09 1455.53 2247.39 2199.62 1491.74
632.33 882.85 1167.08 1678.71 2011.23 1699.72
937.56 1341.04 1841.44 2889.43 2603.61 1850.41
892.13 1271.2 1710.08 2604.1 2628.83 2115.16
702.65 1017.63 1278.1 3072.94 2337.05 1859.83
287.04 528.02 421.11 4359.24 1378.06 822.38
982.36 1462.52 2163.09 3321.64 3687.14 2479.89
1002.99 1412.63 1867.59 2695.11 3128.71 2688.33
788.78 1103.41 1452.53 2092.95 2474.58 2127.33
945.32 1363.09 1907.47 3005.92 2924.01 2019.86
643.81 936.22 1185.01 3010.56 2193.59 1754.3
829.16 1155.71 1486.23 2166.28 2702.13 2419.89
455.65 723.1 744.64 3708.62 1815.35 1348.34
737.69 1022.12 1307.3 1845.14 2286.91 2080.4
897.81 1263.28 1675.12 2463.29 2938.59 2489.2
992.72 1407.05 1918.16 2807.26 3281.37 2621.5
923.37 1313.6 1854.69 2909.38 3060.93 2183.76
544.39 754.56 988.31 1545.66 1656.54 1373.64
673.93 1040.9 1102.03 3554.48 2321.99 1876.31
798.0 1151.67 1418.29 2935.22 2654.1 2319.0
839.34 1198.77 1583.47 3034.65 2544.08 2029.61
554.68 874.56 1169.98 3779.39 2008.05 1182.14
650.47 908.15 1195.25 1781.81 1975.68 1629.76
128.43 141.11 153.82 177.8 197.5 188.29
457.66 745.37 814.3 3945.01 1852.81 1177.43
557.64 811.48 954.57 2705.34 1948.4 1609.85
942.12 1320.97 1722.99 2481.79 2930.59 2588.88
508.69 819.72 1064.87 3754.2 2271.71 1332.87
818.31 1216.03 1713.93 3182.53 2624.44 1823.95
806.63 1140.62 1437.88 2600.94 2615.17 2326.07
944.31 1339.54 1781.32 2558.68 2954.67 2528.07
986.12 1423.92 1961.95 2958.66 3374.55 2647.18
234.53 386.68 329.0 2690.75 959.13 627.26
563.11 926.35 857.36 4027.14 2046.43 1529.62
952.6 1371.73 1968.85 3011.76 3116.52 2180.22
674.16 970.03 1191.9 2898.66 2339.35 1992.57
189.38 315.58 300.92 2990.27 966.53 572.83
742.11 1024.35 1300.25 1818.16 2223.19 2055.25
103.51 105.08 106.67 109.87 112.51 111.16
707.55 1022.71 1291.57 2818.63 2443.62 1975.96
944.59 1331.06 1785.53 2644.48 2823.05 2341.14
887.94 1281.32 1772.02 2921.03 2983.48 2257.8
903.76 1281.4 1726.09 2553.21 3042.75 2491.24
657.6 988.5 1179.51 3615.06 2228.22 1593.6
745.79 1067.88 1311.89 3129.82 2497.19 2162.05
924.11 1316.02 1968.47 3202.53 2672.79 1590.33
234.04 451.56 364.18 4359.38 1474.64 819.78
398.61 544.08 662.29 1192.46 1162.03 1037.66
812.37 1137.36 1455.39 2328.53 2685.26 2382.54
639.02 879.43 1120.49 1575.1 1948.51 1773.95
967.19 1400.61 2047.07 3157.82 3163.91 2097.94
1001.13 1397.24 1784.43 2511.28 3079.69 2844.0
688.34 950.76 1213.88 1710.09 2117.68 1927.15
553.87 814.51 998.28 2959.77 1947.59 1537.52
678.99 968.69 1182.17 2473.66 2205.45 1870.73
433.92 605.48 730.57 1527.68 1361.91 1175.42
699.69 968.23 1236.04 1808.59 2078.31 1876.77
791.93 1142.26 1381.67 3187.7 2611.04 2275.72
746.49 1058.11 1381.02 2608.27 2456.45 2002.61
975.01 1415.63 1969.16 3122.5 2834.62 1934.55
495.79 686.35 848.13 1574.13 1573.8 1372.99
977.22 1420.46 2100.83 3258.21 3196.47 2041.39
461.42 630.22 784.56 1355.59 1390.81 1240.89
812.13 1136.71 1451.3 2267.01 2667.5 2370.76
427.35 599.14 836.42 1193.48 1162.69 842.69
802.76 1116.52 1433.41 2029.16 2508.99 2274.58
1006.25 1407.94 1815.83 2571.99 3100.58 2813.49
140.46 335.97 190.9 4579.4 1277.53 572.39
803.0 1119.39 1443.77 2045.59 2504.29 2253.1
786.91 1136.09 1372.01 3202.73 2599.57 2262.02
689.19 955.9 1263.98 1869.91 2147.47 1810.13
877.88 1269.75 1726.28 3188.16 3185.18 2336.75
837.44 1237.71 1745.76 3423.16 3289.65 2144.48
767.37 1096.08 1337.68 2599.17 2432.65 2161.84
938.16 1313.54 1689.91 2426.01 2972.33 2690.98
809.04 1126.36 1451.58 2099.43 2630.83 2349.01
711.34 1014.79 1267.66 2701.11 2479.99 2113.72
912.34 1312.02 1838.13 2771.12 3071.38 2308.44
869.11 1214.12 1562.28 2301.6 2848.6 2548.32
606.29 832.53 1062.66 1522.93 1904.75 1710.27
874.65 1231.0 1543.98 2596.93 2738.0 2482.44
879.88 1248.67 1566.24 2736.86 2810.75 2471.95
927.01 1331.74 1847.06 3047.91 3198.4 2361.2
512.79 723.69 841.71 1842.03 1520.46 1325.63
251.65 501.86 221.18 5204.6 1108.1 419.1
844.5 1231.08 1808.55 3472.63 2597.55 1521.13
981.77 1431.25 2006.76 3214.67 2820.75 1846.23
970.45 1365.03 1746.25 2673.67 2971.71 2675.45
457.4 741.83 733.1 4220.87 1587.34 902.64
221.68 275.96 330.37 433.0 517.3 477.89
874.35 1214.73 1547.44 2172.03 2660.47 2457.95
871.47 1228.37 1556.98 2469.78 2791.13 2506.5
727.83 1024.07 1405.28 2063.78 2406.1 1868.13
806.17 1134.47 1541.95 2249.46 2622.29 2089.7
435.41 642.63 751.8 2226.32 1534.83 1231.96
919.37 1308.29 1719.42 2749.9 3000.18 2543.64
110.16 265.23 132.48 3828.88 1020.04 427.96
284.45 508.61 463.29 4103.71 1592.6 966.66
345.61 486.95 570.46 1699.53 1152.43 935.14
488.59 669.52 934.78 1367.7 1356.78 990.78
992.68 1399.29 1881.32 2797.38 3135.46 2560.43
947.31 1351.72 1938.83 3051.11 2535.47 1695.86
751.79 1043.05 1339.32 1931.86 2423.42 2173.05
975.73 1383.24 1932.46 2846.28 2976.13 2287.88
640.23 937.56 1310.38 2613.89 2289.44 1545.2
1004.8 1413.9 1869.1 2714.61 3265.69 2793.96
914.08 1292.7 1779.03 2719.6 2675.65 2064.11
535.3 729.82 927.68 1323.41 1651.69 1484.48
512.23 700.14 918.13 1324.25 1546.79 1311.33
694.6 973.09 1347.06 2062.54 2166.87 1600.38
342.73 450.99 559.54 764.26 932.41 853.81
944.08 1322.54 1712.13 2444.96 3024.31 2708.12
181.37 377.86 257.74 4547.41 1264.35 628.78
909.78 1336.47 1908.25 3093.81 2224.56 1372.35
481.9 675.85 812.86 1760.56 1518.35 1308.08
809.5 1158.67 1474.31 2682.79 2746.64 2322.92
937.67 1333.91 1650.67 2814.35 2936.04 2639.25
641.26 975.74 1210.37 3751.82 2135.63 1367.96
943.11 1383.43 2038.87 3139.06 3223.74 2120.17
894.47 1318.19 1877.43 3049.7 2748.24 1951.55
891.36 1266.21 1595.44 2841.71 2807.8 2485.4
924.46 1391.94 2100.64 3105.33 2976.76 1950.1
617.53 891.81 1168.44 2337.85 1773.65 1312.04
664.37 971.84 1157.0 3014.96 2339.74 1954.68
582.98 795.29 1002.81 1392.38 1697.03 1570.72
400.45 623.96 683.2 3735.81 1679.45 1242.89
349.04 488.08 636.32 1431.78 977.97 637.96
1004.67 1414.0 1870.79 2719.06 3269.57 2792.05
803.13 1140.38 1497.5 2718.04 2667.37 2182.18
937.03 1311.15 1683.87 2407.77 2971.92 2698.56
718.87 1038.53 1256.8 3192.46 2378.15 2064.07
775.72 1079.26 1395.57 2020.48 2503.78 2220.91
942.6 1320.12 1702.14 2425.41 3000.46 2710.81
195.4 238.02 281.39 368.11 440.05 403.41
597.83 826.31 1124.06 1686.55 1740.21 1363.21
579.88 793.92 1008.53 1413.27 1745.72 1590.31
744.07 1074.86 1380.85 3028.8 2505.64 1966.06
565.97 790.92 1116.1 1655.96 1963.33 1397.37
394.02 649.66 622.88 3913.44 1660.51 1169.31
399.76 536.91 660.78 1034.71 1122.85 1023.38
663.83 1031.91 1273.15 3785.38 2482.93 1710.46
300.44 517.56 549.33 4256.11 1418.58 807.18
979.51 1379.13 1849.22 2735.73 2849.4 2364.6
822.84 1172.38 1464.56 2979.64 2616.66 2298.78
542.99 843.24 930.46 3656.77 2078.71 1584.11
938.12 1331.54 1921.66 2897.88 2881.14 2027.44
563.69 859.88 1041.02 3787.74 1987.25 1366.93
885.18 1239.44 1610.9 2342.4 2913.14 2566.97
784.99 1086.09 1380.41 1932.92 2364.99 2185.83
912.58 1288.49 1712.15 2510.44 2856.06 2372.29
441.55 806.77 577.07 4660.75 1730.66 1133.6
941.32 1322.69 1744.84 2545.56 3010.06 2578.58
848.15 1201.44 1567.5 2559.44 2830.99 2396.36
289.76 377.27 473.07 639.61 722.88 638.9
321.75 469.37 475.4 1939.53 1002.06 757.59
697.4 959.99 1216.67 1698.52 2075.34 1919.1
144.78 331.8 190.87 4617.54 1184.9 531.6
899.22 1269.56 1628.69 2556.72 2874.75 2551.38
920.57 1306.52 1638.62 2816.06 2894.22 2583.24
990.6 1424.55 2054.97 3204.77 3693.31 2583.7
882.31 1264.66 1754.53 2787.23 2347.9 1563.33
948.81 1336.09 1763.85 2549.51 3025.51 2605.02
133.88 148.99 164.14 192.71 216.18 205.21
761.67 1110.9 1410.35 3162.32 2615.84 2098.3
837.04 1167.77 1510.37 2190.1 2726.47 2421.33
555.74 756.2 952.95 1322.4 1607.74 1485.32
765.41 1057.9 1343.81 1880.53 2300.25 2126.22
999.25 1424.33 1995.63 2963.66 3550.79 2658.46
861.93 1205.81 1549.33 2340.65 2838.58 2531.13
363.53 590.96 569.15 3477.09 1491.68 1056.59
259.66 331.01 403.59 548.74 669.15 607.82
996.92 1405.24 1827.79 2647.72 3091.58 2757.88
180.22 300.96 246.41 2254.15 824.05 499.2
832.39 1220.15 1633.83 3115.24 2687.28 2069.45
944.4 1334.98 1794.13 2614.19 2985.11 2494.55
984.24 1389.89 1899.79 2768.91 3009.15 2432.81
373.05 534.36 581.02 1862.6 1142.06 915.09
857.88 1243.02 1669.94 3093.16 2738.08 1992.34
235.43 338.75 344.35 1337.1 716.71 556.26
895.75 1262.41 1715.68 2532.91 2868.72 2332.39
814.33 1191.81 1711.78 2494.98 2574.98 1896.91
778.46 1083.72 1387.83 2052.03 2521.97 2255.38
887.02 1238.05 1590.01 2253.79 2799.01 2544.14
628.98 910.59 1114.92 2490.26 2154.92 1834.45
963.97 1356.43 1727.77 2684.13 2997.79 2708.76
532.12 816.73 969.61 3629.98 2069.9 1431.95
799.45 1147.56 1421.62 2835.18 2685.25 2333.55
509.12 749.43 872.64 2996.54 1862.5 1493.98
145.47 165.8 186.47 227.81 262.1 244.63
793.75 1141.87 1388.6 2875.83 2614.32 2222.26
704.14 1012.01 1233.99 2781.75 2357.24 2033.29
739.5 1078.85 1332.63 3226.73 2289.15 1762.66
997.81 1413.33 1887.18 2735.75 3210.97 2695.46
878.58 1229.02 1553.47 2348.28 2702.65 2476.1
380.01 503.09 623.4 849.26 1025.88 952.65
514.52 699.41 884.79 1234.4 1521.57 1387.33
881.46 1313.96 1949.94 2864.7 2801.25 1912.68
372.83 660.78 460.59 5028.08 1454.35 804.57
919.92 1289.1 1726.71 2491.74 2786.71 2342.83
931.51 1336.23 1915.66 2995.38 3503.14 2486.62
399.08 540.46 666.52 1128.45 1170.17 1042.79
217.97 270.69 324.31 431.56 520.53 475.22
842.86 1206.62 1500.62 2853.87 2749.14 2430.74
920.85 1290.07 1677.75 2396.23 2963.36 2624.36
767.22 1113.85 1334.1 3163.88 2521.54 2179.01
908.54 1274.57 1631.77 2452.42 2880.07 2586.75
275.72 463.32 457.69 3767.79 1414.87 867.16
675.38 990.36 1221.58 2852.35 2134.49 1691.0
1008.99 1408.73 1799.29 2536.91 3106.68 2868.03
903.09 1264.38 1634.43 2326.58 2874.36 2581.41
327.78 429.56 533.1 740.17 911.95 824.46
259.33 539.79 339.51 4772.43 1376.3 761.68
772.71 1085.92 1430.34 2139.11 2407.56 2006.17
566.89 807.03 1066.95 2274.12 1799.94 1374.43
793.37 1122.99 1419.12 2569.09 2682.04 2340.01
963.03 1369.78 1996.06 3006.4 2911.25 1994.86
731.64 1029.71 1447.78 2156.17 2254.5 1681.98
816.77 1149.75 1434.65 2448.79 2544.39 2302.18
134.97 315.12 114.39 4596.85 946.82 391.35
479.02 652.26 817.11 1264.62 1461.02 1302.02
1004.74 1417.02 1896.33 2744.97 3325.4 2766.89
960.04 1390.62 1927.37 3049.8 2823.47 1961.38
913.99 1295.99 1880.41 2994.77 2720.57 1816.7
884.04 1285.52 1860.51 2844.32 3000.3 2070.78
702.37 1007.78 1236.81 2660.76 2388.94 2042.82
375.73 628.45 588.94 4328.43 1671.81 1149.13
906.31 1260.73 1607.18 2257.54 2766.14 2555.26
591.73 886.69 994.6 3522.75 2075.09 1685.42
919.85 1280.71 1635.53 2300.6 2812.56 2590.35
240.2 312.14 368.2 677.65 630.37 554.27
952.34 1384.8 1950.36 2833.5 2901.42 2191.27
963.32 1342.81 1713.75 2410.11 2954.66 2728.87
791.29 1123.04 1535.34 2283.0 2660.18 2094.53
96.16 252.7 77.95 4898.19 921.84 342.2
292.2 376.68 459.26 614.28 735.51 685.25
869.13 1234.85 1616.17 2477.75 2851.73 2428.42
931.73 1317.22 1858.5 2881.45 2801.22 2045.47
410.22 639.24 721.56 4054.15 1812.5 1241.55
437.25 713.57 734.16 4053.27 1723.57 1165.63
958.13 1369.5 1999.97 3006.13 2907.9 1988.43
360.47 544.27 595.59 2864.34 1358.91 1042.37
823.27 1153.9 1540.48 2271.05 2437.83 2032.25
783.52 1090.84 1412.83 2010.06 2482.36 2203.0
255.27 393.72 405.86 2543.13 1089.79 739.72
885.29 1252.02 1732.88 2660.4 2551.68 1931.64
544.89 779.82 931.69 2195.15 1776.73 1521.33
769.04 1118.51 1333.44 2836.46 2597.6 2223.57
187.01 225.9 265.45 344.55 410.17 376.75
949.83 1347.4 1810.3 2682.33 2972.31 2393.79
660.61 907.04 1147.92 1600.1 1953.72 1807.1
105.42 129.45 115.61 783.69 259.15 171.88
956.41 1379.07 1938.62 2904.19 3274.44 2437.77
954.65 1364.56 1922.16 2945.97 3459.9 2562.59
955.48 1370.86 1868.6 2693.93 3048.3 2514.67
761.62 1106.9 1306.01 3034.32 2541.7 2145.49
1005.18 1413.35 1834.98 2647.69 3060.65 2700.21
956.94 1369.51 1817.81 2940.92 2877.83 2288.11
792.31 1101.68 1416.37 2045.74 2567.86 2301.92
962.18 1364.02 1864.72 2738.18 3326.87 2638.53
518.55 784.53 885.1 3654.27 1954.09 1527.35
949.33 1345.32 1801.94 2662.2 2973.68 2417.49
933.9 1334.71 1868.6 2824.57 3055.8 2285.67
974.32 1427.8 2044.17 2976.69 2913.87 2105.74
898.27 1276.46 1708.64 2821.22 3099.44 2500.33
379.17 581.16 622.96 2624.05 1457.3 1098.52
491.01 768.37 857.59 3637.48 1869.91 1325.35
957.65 1379.9 1941.15 2997.52 2950.91 2022.64
247.67 470.14 340.83 4704.4 1380.69 801.69
337.54 443.68 551.66 767.6 946.74 855.5
1002.27 1399.54 1786.36 2530.45 3086.23 2848.2
350.95 482.96 600.75 1344.77 1027.86 827.83
193.49 234.58 274.75 350.15 409.12 384.67
947.81 1340.53 1782.95 2585.19 3092.58 2617.57
821.23 1143.52 1471.36 2127.02 2670.95 2393.9
584.7 879.54 1062.82 3455.95 2244.44 1637.87
915.79 1285.11 1639.51 2472.92 2912.28 2628.94
527.58 747.33 1038.3 1484.8 1555.75 1199.5
888.0 1246.64 1589.61 2448.3 2834.05 2555.15
551.94 777.96 952.31 1948.86 1810.28 1563.39
469.68 775.17 666.99 4641.64 1706.48 1118.63
612.75 896.53 1130.55 3299.88 2218.93 1704.18
113.09 118.85 124.47 135.03 143.29 139.87
783.0 1087.63 1393.07 1969.12 2442.28 2221.09
370.15 618.77 570.22 4226.61 1619.0 1073.45
669.46 957.52 1154.0 2385.31 2117.39 1865.7
759.54 1092.8 1337.69 2694.11 2500.52 2180.74
918.94 1351.11 1830.63 3219.77 2928.84 2254.35
944.48 1325.17 1720.84 2466.84 2986.94 2647.54
580.13 844.44 1016.17 2894.97 2126.36 1731.61
905.16 1302.91 1860.65 2945.02 2885.37 2064.72
243.25 306.22 367.76 483.31 573.67 536.2
400.16 677.59 642.21 3838.39 1642.51 1116.34
716.97 1018.97 1380.65 2106.0 1946.84 1506.2
962.0 1398.0 2014.0 3173.0 2939.0 1816.0
69.0 191.5 59.0 4653.5 930.0 346.0
134.0 394.5 95.5 5146.0 1087.0 409.5
969.0 1403.0 2079.0 3181.0 3518.0 2279.0
155.0 368.0 123.0 5163.0 1156.0 447.0
89.8 263.8 87.2 4769.8 1060.5 381.0
971.0 1390.0 2115.5 3245.0 2879.5 1707.0
122.0 299.0 89.0 4632.0 914.0 354.0
72.0 203.8 71.8 4231.5 957.5 341.5
907.5 1325.5 2047.5 3151.5 2757.0 1579.5
948.0 1357.0 1978.0 3155.0 2462.0 1531.0
56.8 180.8 53.0 4412.8 873.5 325.0
119.5 322.5 80.5 4825.8 970.8 371.8
948.0 1376.0 2046.0 3146.0 2970.0 1921.0
911.0 1341.0 1922.0 3127.8 2196.5 1320.8
985.0 1493.5 2276.8 3372.5 3183.8 2033.8
76.2 218.5 55.5 4643.8 764.8 282.8
962.5 1390.0 1954.5 3151.5 2480.0 1527.0
959.5 1435.2 2145.2 3160.2 2832.8 1787.8
88.5 243.0 63.5 4918.0 903.5 321.0
978.0 1422.0 2105.0 3266.0 3199.0 2037.0
79.2 209.2 66.0 4931.0 970.2 374.0
222.2 574.0 104.8 5481.0 1198.8 463.2
992.0 1434.0 2127.0 3253.0 3849.0 2515.0
980.5 1432.2 2016.0 3245.2 2807.8 1800.2
966.0 1422.0 2112.0 3259.5 3477.0 2237.5
109.2 304.0 68.8 5231.2 1052.0 412.0
978.0 1434.0 2220.0 3640.0 4073.0 2397.0
81.5 229.5 75.0 4588.5 1023.0 369.5
937.0 1353.0 2081.0 3198.0 2826.0 1629.0
924.0 1316.0 1970.0 3207.0 2671.0 1584.0
102.5 315.2 89.5 4914.0 1200.8 467.0
980.0 1467.0 2194.0 3388.8 3736.5 2446.5
955.0 1376.0 2056.0 3368.0 3193.0 1885.0
977.5 1462.0 2197.0 3231.5 2940.0 1846.5
939.0 1381.8 2053.5 3176.2 3230.8 2074.0
265.0 540.0 222.0 5608.0 1151.0 427.0
83.0 265.0 84.5 4714.5 1156.5 420.5
245.0 494.0 207.0 5231.5 1090.0 397.0
304.0 635.0 236.5 5868.5 1229.5 464.5
138.0 335.0 114.0 4964.0 1063.0 407.0
53.8 244.8 74.8 4340.2 1057.2 381.2
881.0 1230.0 1585.0 2295.0 2884.0 2584.0
943.0 1319.0 1696.0 2407.0 2991.0 2718.0
1010.0 1410.0 1801.0 2535.0 3109.0 2871.0
100.0 100.0 100.0 100.0 100.0 100.0
