0.5545
0.6015
0.4204
0.7729
0.8931
0.01
0.1284
0.4159
0.3578
0.6195
0.3532
0.0766
0.6171
0.3921
0.5118
0.3162
0.8734
0.2781
0.1987
0.5046
0.4413
0.5119
0.6824
0.0145
0.109
0.8491
0.4439
0.8342
0.9537
0.394
0.0911
0.0041
0.7338
0.7186
0.1906
0.3238
0.9546
0.0854
0.4396
0.7071
0.8958
0.723
0.099
0.6625
0.9477
0.9484
0.2545
0.937
0.0718
0.0006
0.6843
0.3921
0.1485
0.195
0.7278
0.1991
0.7893
0.9755
0.1982
0.5832
0.255
0.9634
0.3133
0.3424
0.9073
0.8208
0.2567
0.5504
0.5228
0.6562
0.6681
0.8344
0.6945
0.7443
0.7314
0.6822
0.9942
0.2836
0.2611
0.8614
0.8233
0.1324
0.352
0.5176
0.0853
0.6429
0.7942
0.3947
0.836
0.1359
0.5798
0.9367
0.3285
0.1551
0.6503
0.1064
0.2295
0.2702
0.8892
0.8485
0.9553
0.252
0.5709
0.7645
0.0522
0.2079
0.4515
0.5374
0.7851
0.1615
0.1251
0.1808
0.6557
0.3177
0.4523
0.9238
0.9102
0.6443
0.1161
0.4905
0.3427
0.9362
0.2699
0.6802
0.4244
0.1452
0.4441
0.1169
0.4793
0.5622
0.8536
0.365
0.9894
0.4643
0.1173
0.3109
0.543
0.7595
0.7723
0.2906
0.7685
0.8804
0.8707
0.0186
0.0938
0.9896
0.6734
0.3029
0.7509
0.9639
0.8895
0.0344
0.7942
0.3965
0.4063
0.9467
0.9746
0.1369
0.8327
0.7443
0.9078
0.854
0.9857
0.9334
0.3013
0.7269
0.1602
0.5149
0.4024
0.8878
0.3253
0.9511
0.405
0.525
0.4383
0.9085
0.3504
0.6593
0.4656
0.1255
0.1859
0.408
0.7191
0.4632
0.0562
0.9295
0.1289
0.055
0.8781
0.2154
0.1999
0.7476
0.1783
0.0676
0.6246
0.2129
0.811
0.7956
0.7534
0.9505
0.9215
0.965
0.7513
0.476
0.5999
0.7398
0.8378
0.5374
0.9027
0.1643
0.0913
0.9314
0.1797
0.3886
0.9866
0.6972
0.5117
0.4219
0.3068
0.4204
0.7116
0.563
0.2591
0.6893
0.8316
0.7886
0.1219
0.1437
0.7004
0.7481
0.1531
0.1284
0.8771
0.1758
0.9173
0.2969
0.3436
0.6295
0.9018
0.8074
0.2194
0.1839
0.7709
0.1233
0.5437
0.8777
0.1969
0.7764
0.6993
0.1852
0.5032
0.3405
0.6072
0.7412
0.8721
0.7274
0.0561
0.9701
0.6548
0.4612
0.2671
0.3713
0.0295
0.8101
0.7037
0.2144
0.5257
0.3053
0.4715
0.9581
0.3069
0.9415
0.1286
0.5625
0.4494
0.9559
0.9652
0.2661
0.9597
0.1394
0.0437
0.8622
0.5879
0.9058
0.1232
0.5833
0.8081
0.1218
0.6068
0.2065
0.6474
0.8149
0.5105
0.6137
0.4162
0.46
0.3269
0.7861
0.6878
0.9138
0.9442
0.0689
0.4158
0.4079
0.8737
0.3155
0.0512
0.0903
0.3654
0.8189
0.5224
0.5918
0.8913
0.2846
0.7783
0.7764
0.501
0.3427
0.0127
0.6722
0.0001
0.0806
0.803
0.7712
0.4842
0.0781
0.9678
0.2946
0.56
0.9283
0.2483
0.8412
0.1436
0.5991
0.7498
0.6198
0.2003
0.4826
0.8434
0.5172
0.5286
0.3566
0.9663
0.9484
0.2767
0.3839
0.3837
0.7762
0.7185
0.4591
0.6955
0.8502
0.5291
0.6255
0.6076
0.681
0.406
0.8474
0.8949
0.5887
0.1222
0.0105
0.8752
0.837
0.8909
0.3256
0.5048
0.7046
0.0417
0.4677
0.6483
0.983
0.0838
0.508
0.1666
0.5506
0.4005
0.031
0.2929
0.0235
0.6691
0.7822
0.2208
0.7905
0.2436
0.2049
0.3136
0.7398
0.5557
0.0692
0.72
0.2977
0.7019
0.4857
0.9887
0.367
0.3091
0.586
0.2018
0.2691
0.802
0.4826
0.3172
0.6292
0.9083
0.5178
0.0029
0.2408
0.0533
0.9965
0.208
0.2935
0.2845
0.32
0.9877
0.788
0.526
0.7434
0.9672
0.1524
0.2096
0.9728
0.6851
0.1471
0.5032
0.9134
0.0903
0.7036
0.6556
0.5683
0.115
0.7964
0.8181
0.6995
0.2293
0.6527
0.703
0.9867
0.8384
0.0294
0.8723
0.7892
0.1507
0.4738
0.295
0.0078
0.4544
0.6758
0.5494
0.4762
0.8585
0.6572
0.884
0.8718
0.1107
0.8947
0.3731
0.2843
0.9759
0.861
0.1885
0.3597
0.1503
0.4545
0.8258
0.3515
0.0943
0.8952
0.68
0.2224
0.401
0.1358
0.3206
0.5676
0.3338
0.1845
0.5042
0.6205
0.0668
0.7646
0.8341
0.341
0.5526
0.0882
0.2358
0.6023
0.1372
0.4361
0.3431
0.8218
0.8203
0.5252
0.5013
0.2073
0.7206
0.1925
0.0067
0.2117
0.7388
0.2303
0.0254
0.888
0.6702
0.2963
0.9644
0.9143
0.6523
0.7056
0.5088
0.4169
0.1939
0.8644
0.4349
0.458
0.7749
0.0527
0.8133
0.9677
0.0559
0.648
0.0369
0.5292
0.4632
0.071
0.3257
0.6869
0.0512
0.1844
0.1162
0.2325
0.5971
0.6684
0.2732
0.6023
0.3464
0.1396
0.0052
0.9655
0.1498
0.8451
0.5811
0.9927
0.4448
0.9005
0.1492
0.8422
0.6162
0.4428
0.5617
0.4031
0.7509
0.5653
0.2991
0.2374
0.2155
0.983
0.5751
0.4757
0.919
0.0364
0.9548
0.9691
0.7613
0.5951
0.2243
0.5558
0.7317
0.4636
0.8285
0.0899
0.1247
0.6072
0.342
0.0887
0.3985
0.8263
0.0208
0.9506
0.3785
0.1871
0.352
0.6265
0.1581
0.0326
0.7792
0.4218
0.6408
0.5366
0.694
0.7233
0.9124
0.8435
0.2081
0.9048
0.0878
0.4669
0.87
0.6156
0.1299
0.6436
0.876
0.4375
0.555
0.191
0.2335
0.763
0.7445
0.651
0.6492
0.3179
0.8693
0.4868
0.698
0.0843
0.0464
0.3294
0.618
0.0049
0.5742
0.5592
0.678
0.7994
0.4838
0.234
0.6938
0.1174
0.9628
0.0706
0.5576
0.0947
0.6674
0.1949
0.426
0.6009
0.5327
0.1265
0.052
0.0017
0.804
0.2817
0.2957
0.547
0.6165
0.3318
0.7345
0.7833
0.6246
0.3406
0.6178
0.1169
0.7634
0.7921
0.7816
0.1323
0.4063
0.9268
0.393
0.3668
0.4557
0.786
0.25
0.3809
0.5651
0.2038
0.8523
0.2926
0.5387
0.0798
0.0935
0.92
0.7382
0.9599
0.0781
0.503
0.1234
0.1364
0.9829
0.503
0.9081
0.4442
0.1145
0.8836
0.6153
0.5442
0.5771
0.9955
0.5968
0.1173
0.1603
0.0619
0.6331
0.2172
0.902
0.8828
0.5035
0.1388
0.5685
0.1619
0.1927
0.5467
0.2172
0.8713
0.9038
0.305
0.471
0.1751
0.006
0.2552
0.6136
0.3119
0.3006
0.4409
0.2495
0.1687
0.518
0.2947
0.6421
0.7751
0.1881
0.8196
0.0054
0.8974
0.6521
0.8599
0.5876
0.7235
0.3637
0.7663
0.2925
0.6354
0.582
0.4894
0.8991
0.8523
0.2405
0.8402
0.1172
0.8824
0.6762
0.9246
0.5114
0.3239
0.4359
0.5549
0.814
0.0498
0.0115
0.52
0.1293
0.0897
0.3013
0.2777
0.9704
0.5548
0.4612
0.1571
0.9249
0.0873
0.9272
0.4341
0.2894
0.9695
0.0079
0.4918
0.7744
0.5945
0.4593
0.0188
0.4387
0.3088
0.8284
0.4494
0.9945
0.8935
0.394
0.3702
0.4002
0.9393
0.7825
0.8335
0.1841
0.7474
0.9168
0.6478
0.2501
0.508
0.0763
0.0697
0.5134
0.2767
0.4631
0.3622
0.0022
0.1691
0.8083
0.881
0.3951
0.1923
0.8051
0.8129
0.2602
0.6953
0.9228
0.5311
0.5461
0.2572
0.5897
0.7528
0.2334
0.3618
0.2011
0.9563
0.016
0.5651
0.222
0.591
0.3134
0.8902
0.4399
0.5105
0.0642
0.2683
0.4935
0.1862
0.7381
0.1216
0.3909
0.655
0.1909
0.7542
0.2542
0.4757
0.4247
0.542
0.7841
0.7997
0.9264
0.8697
0.9867
0.5953
0.9426
0.0059
0.0638
0.5766
0.4412
0.2739
0.7234
0.7398
0.8
0.9463
0.3927
0.6773
0.1035
0.132
0.3218
0.3324
0.1749
0.7104
0.7987
0.1832
0.0672
0.6044
0.1068
0.9434
0.1763
0.6212
0.7639
0.932
0.4335
0.7088
0.2009
0.0602
0.4046
0.183
0.1602
0.7377
0.8063
0.9443
0.0533
0.518
0.0064
0.7623
0.851
0.9192
0.5607
0.8172
0.2248
0.9935
0.4043
0.2642
0.2541
0.0088
0.1757
0.105
0.3975
0.6882
0.4353
0.6091
0.3179
0.7628
0.6576
0.6801
0.9611
0.178
0.0174
0.6601
0.5306
0.2616
0.695
0.5639
0.2965
0.5203
0.8025
0.6937
0.3075
0.7714
0.7083
0.2382
0.2414
0.1862
0.864
0.1892
0.4051
0.7211
0.5874
0.2576
0.2207
0.1833
0.5788
0.0036
0.9632
0.3428
0.5594
0.4832
0.4958
0.6711
0.2075
0.1113
0.3037
0.1854
0.0725
0.664
0.8735
0.6087
0.7369
0.9009
0.8192
0.0896
0.0217
0.0858
0.1706
0.1633
0.398
0.3676
0.6469
0.1312
0.3876
0.9735
0.122
0.8028
0.6447
0.7294
0.111
0.9397
0.5656
0.8569
0.1608
0.68
0.9744
0.6264
0.4793
0.8461
0.5609
0.5124
0.4143
0.372
0.6102
0.1853
0.1183
0.7378
0.6024
0.0742
0.3096
0.2636
0.9545
0.9182
0.5137
0.8606
0.2312
0.4362
0.9448
0.9901
0.5984
0.2634
0.4293
0.1737
0.2128
0.8421
0.3662
0.3584
1.0
0.0
0.0
1.0
0.0
0.0
1.0
0.0
0.0
1.0
1.0
0.0
0.0
1.0
1.0
1.0
0.0
1.0
1.0
0.0
1.0
0.0
0.0
1.0
1.0
1.0
0.0
1.0
0.0
1.0
1.0
0.0
1.0
1.0
1.0
1.0
0.0
0.0
0.0
0.0
0.0
0.0
0.0
0.0
0.0
0.0
