0.9975
0.9239
0.1923
0.1379
0.613
0.5818
0.8076
0.6025
0.376
0.5576
0.2596
0.9184
0.761
0.3442
0.0976
0.8325
0.7765
0.2178
0.9439
0.6078
0.0995
0.6072
0.5973
0.5348
0.9599
0.0
0.7223
0.8753
0.7612
0.0483
0.7105
0.453
0.8789
0.0886
0.2355
0.389
0.6941
0.4977
0.1375
0.4555
0.8681
0.2069
0.4608
0.2281
0.1518
0.3548
0.4323
0.4867
0.5911
0.4373
0.4329
0.4773
0.9983
0.6763
0.5521
0.5502
0.9611
0.4961
0.4485
0.1854
0.1736
0.2123
0.0757
0.807
0.656
0.3971
0.4455
0.3384
0.9561
0.3039
0.2134
0.3018
0.7143
0.5156
0.788
0.713
0.1105
0.4344
0.1036
0.9555
0.9862
0.9582
0.9879
0.084
0.4665
0.0045
0.3776
0.8775
0.3759
0.0946
0.8026
0.6343
0.8771
0.3957
0.6981
0.8824
0.8924
0.0349
0.423
0.3329
0.2595
0.2148
0.4188
0.7528
0.4108
0.2875
0.6286
0.2855
0.9424
0.3778
0.604
0.4385
0.241
0.561
0.2628
0.2939
0.9177
0.9484
0.4464
0.9641
0.9582
0.4047
0.2741
0.1347
0.77
0.503
0.9122
0.2465
0.8326
0.1478
0.6535
0.4199
0.6685
0.1285
0.6397
0.5773
0.1002
0.607
0.6287
0.8243
0.8093
0.534
0.7442
0.9579
0.7395
0.8455
0.929
0.6059
0.9217
0.0308
0.1606
0.8492
0.5486
0.6343
0.3429
0.3908
0.6088
0.068
0.4005
0.4451
0.2201
0.1081
0.9893
0.6094
0.4241
0.7746
0.2907
0.3186
0.9815
0.1521
0.0323
0.1364
0.7465
0.1789
0.0232
0.2099
0.9198
0.6787
0.7412
0.8861
0.2532
0.8675
0.537
0.3733
0.8345
0.9462
0.3266
0.9501
0.9952
0.5098
0.0634
0.1415
0.8568
0.197
0.7719
0.7346
0.9742
0.4271
0.5588
0.4782
0.3433
0.3372
0.4912
0.081
0.0077
0.9746
0.2333
0.4029
0.1913
0.6305
0.2292
0.3565
0.7574
0.0212
0.5931
0.5944
0.3759
0.3904
0.97
0.9915
0.5233
0.3612
0.0123
0.9947
0.5911
0.0691
0.2339
0.12
0.5148
0.061
0.0581
0.2539
0.9946
0.9067
0.2134
0.8797
0.5572
0.7614
0.086
0.39
0.6191
0.6515
0.5459
0.0001
0.1758
0.368
0.2128
0.8672
0.5073
0.0451
0.7237
0.5721
0.1129
0.7307
0.1502
0.2502
0.8809
0.2033
0.655
0.0734
0.317
0.4981
0.8727
0.1613
0.041
0.1297
0.1544
0.0316
0.7008
0.0841
0.0326
0.6464
0.051
0.7865
0.0775
0.3595
0.4864
0.159
0.4583
0.9901
0.8782
0.2382
0.3553
0.3308
0.9023
0.8323
0.8869
0.992
0.8902
0.5845
0.7674
0.0578
0.4554
0.8705
0.8316
0.084
0.4729
0.244
0.717
0.4305
0.9593
0.2051
0.3521
0.2857
0.0328
0.6399
0.049
0.174
0.3969
0.9038
0.7071
0.7044
0.7786
0.4991
0.548
0.7056
0.2307
0.9632
0.3467
0.0866
0.8513
0.8231
0.9783
0.5395
0.1369
0.7321
0.1743
0.9105
0.4374
0.7184
0.036
0.3587
0.9994
0.5982
0.3772
0.2486
0.3928
0.3928
0.7035
0.4925
0.9507
0.3545
0.2854
0.9814
0.804
0.3914
0.6459
0.8597
0.232
0.1643
1.0
0.5047
0.9149
0.9302
0.3829
0.7532
0.851
0.0592
0.8068
0.7048
0.8347
0.0894
0.4492
0.8547
0.7168
0.4378
0.8922
0.9771
0.6029
0.6003
0.2879
0.1733
0.9901
0.3565
0.6086
0.5605
0.5794
0.6767
0.5007
0.821
0.7411
0.3993
0.8112
0.9693
0.8764
0.6327
0.9857
0.5279
0.0621
0.9301
0.9817
0.6555
0.7455
0.9601
0.0275
0.4636
0.3175
0.8102
0.592
0.2174
0.3932
0.3288
0.2021
0.212
0.1556
0.9108
0.5765
0.3706
0.8462
0.9856
0.294
0.8303
0.2564
0.6441
0.786
0.5391
0.8093
0.3367
0.9399
0.4867
0.0913
0.1806
0.1231
0.8073
0.0756
0.6406
0.5665
0.9416
0.3693
0.0597
0.1799
0.8754
0.4598
0.6906
0.7588
0.601
0.4434
0.3115
0.7789
0.8374
0.9508
0.232
0.2859
0.0791
0.5162
0.555
0.3115
0.0157
0.029
0.4823
0.6227
0.8155
0.06
0.1599
0.0541
0.8834
0.1803
0.3325
0.9565
0.9397
0.5522
0.5603
0.9213
0.5904
0.9072
0.388
0.5661
0.258
0.2874
0.1811
0.864
0.5762
0.8277
0.5921
0.0483
0.4983
0.5684
0.0703
0.1648
0.6057
0.4847
0.0267
0.3401
0.2126
0.1873
0.6292
0.1489
0.7816
0.4295
0.9354
0.4367
0.4068
0.3853
0.8934
0.2329
0.0591
0.091
0.4688
0.6085
0.642
0.2419
0.1333
0.0261
0.3537
0.6227
0.8193
0.1518
0.0997
0.3544
0.4443
0.3267
0.4946
0.393
0.6472
0.9443
0.998
0.753
0.4219
0.0338
0.9674
0.4646
0.8348
0.7566
0.3529
0.955
0.089
0.0823
0.4194
0.156
0.9365
0.7429
0.7809
0.4407
0.2396
0.1412
0.9727
0.1308
0.0524
0.784
0.8772
0.3029
0.6231
0.9626
0.6959
0.2262
0.4898
0.7029
0.6775
0.1653
0.9244
0.977
0.2242
0.8831
0.3698
0.4043
0.3297
0.826
0.8109
0.3101
0.8388
0.0966
0.4645
0.0835
0.5776
0.5994
0.8213
0.3298
0.888
0.4852
0.746
0.5191
0.055
0.1794
0.218
0.2493
0.7239
0.8519
0.0924
0.0896
0.2811
0.0971
0.8208
0.7209
0.5018
0.8043
0.3753
0.15
0.2248
0.4999
0.6016
0.2897
0.9016
0.3012
0.7827
0.8661
0.3747
0.5175
0.2011
0.962
0.9698
0.9405
0.8308
0.7551
0.785
0.9428
0.5267
0.3173
0.3606
0.3766
0.9301
0.6044
0.2904
0.5737
0.4395
0.5671
0.4604
0.3122
0.8877
0.4078
0.8776
0.0658
0.2391
0.0515
0.1192
0.8031
0.1292
0.062
0.1088
0.9253
0.4728
0.8586
0.3141
0.0718
0.2441
0.9525
0.1241
0.8703
0.6549
0.533
0.9322
0.4402
0.4214
0.722
0.6989
0.5478
0.8317
0.5221
0.7213
0.3668
0.0179
0.8032
0.5169
0.0981
0.8781
0.1662
0.1836
0.6983
0.6671
0.246
0.6062
0.8574
0.6927
0.5722
0.8641
0.093
0.4098
0.3243
0.1119
0.5211
0.658
0.5043
0.6862
0.5163
0.5109
0.8375
0.8239
0.6301
0.7449
0.3889
0.939
0.6804
0.3421
0.6623
0.4416
0.9657
0.091
0.136
0.0672
0.4806
0.1737
0.4893
0.8504
0.4574
0.3241
0.0734
0.5678
0.7002
0.2068
0.9307
0.1853
0.0496
0.5362
0.467
0.1022
0.3561
0.2876
0.3803
0.4224
0.7074
0.6011
0.4351
0.8201
0.4985
0.5481
0.8348
0.112
0.7397
0.8865
0.2142
0.7805
0.9743
0.4828
0.9378
0.9912
0.6588
0.0498
0.5925
0.7034
0.3407
0.2881
0.4439
0.7952
0.6444
0.3064
0.8557
0.1437
0.1762
0.0542
0.7509
0.5872
0.9099
0.4606
0.1017
0.2414
0.1678
0.8934
0.6443
0.6598
0.08
0.0325
0.8246
0.0188
0.3435
0.8386
0.7575
0.1304
0.6441
0.4575
0.9904
0.5038
0.3217
0.8901
0.3169
0.1376
0.3959
0.8032
0.2524
0.1902
0.7665
0.5281
0.5572
0.826
0.855
0.9434
0.0756
0.7959
0.3168
0.9211
0.3935
0.4285
0.2905
0.2229
0.2559
0.0602
0.0395
0.0133
0.8852
0.5383
0.7413
0.6765
0.3471
0.7488
0.2988
0.2859
0.1532
0.9721
0.6159
0.4518
0.7391
0.6909
0.6539
0.0123
0.0019
0.5867
0.0956
0.2709
0.8582
0.3722
0.4818
0.1312
0.7822
0.2074
0.1132
0.9382
0.7231
0.8684
0.3289
0.68
0.42
0.5848
0.322
0.2673
0.1317
0.4284
0.273
0.4874
0.2268
0.9562
0.5921
0.3091
0.461
0.5123
0.7497
0.8875
0.4038
0.5607
0.8188
0.4265
0.398
0.6956
0.2211
0.1946
0.1053
0.6346
0.6255
0.3622
0.6339
0.5769
0.5559
0.5618
0.9424
0.7645
0.0211
0.5139
0.3705
0.3885
0.592
0.3426
0.2569
0.5434
0.2765
0.0678
0.3603
0.0814
0.5958
0.627
0.1653
0.6589
0.9094
0.4788
0.1963
0.9959
0.3844
0.2985
0.4818
0.6767
0.8431
0.2357
0.9721
0.497
0.9673
0.1661
0.1567
0.9098
0.8579
0.523
0.0356
0.1333
0.7398
0.7026
0.4559
0.7455
0.5327
0.334
0.9773
0.934
0.1196
0.0281
0.3559
0.907
0.1665
0.4544
0.0938
0.8641
0.943
0.933
0.0559
0.0374
0.9304
0.6838
0.8507
0.3834
0.507
0.0046
0.8402
0.6903
0.4945
0.9815
0.6954
0.3528
0.0133
0.0063
0.6862
0.3584
0.4197
0.6491
0.7074
0.2198
0.3758
0.5029
0.7086
0.132
0.6927
0.7404
0.0439
0.1667
0.0714
0.9138
0.8513
0.9401
0.0742
0.2704
0.2946
0.1672
0.6758
0.9435
0.9511
0.2306
0.0534
0.5335
0.153
0.0603
0.3128
0.5136
0.0199
0.6847
0.1227
0.0911
0.4219
0.0813
0.6654
0.9291
0.2955
0.2609
0.9928
0.16
0.9319
0.9386
0.0057
0.5549
0.0964
0.0604
0.379
0.0942
0.5032
0.7693
0.4255
0.2543
0.2381
0.0925
0.2534
0.8039
0.5277
0.0691
0.6011
0.063
0.7162
0.2991
0.1416
0.7824
0.1143
0.9275
0.3526
0.4965
0.7336
0.8785
0.0972
0.1806
0.2065
0.8782
0.0
1.0
1.0
0.0
1.0
1.0
0.0
1.0
1.0
0.0
0.0
1.0
1.0
0.0
0.0
0.0
1.0
0.0
0.0
1.0
0.0
1.0
1.0
0.0
0.0
0.0
1.0
0.0
1.0
0.0
0.0
1.0
0.0
0.0
0.0
0.0
1.0
1.0
1.0
1.0
1.0
1.0
0.0
0.0
0.0
0.0
