839.41 1203.49 1791.56 2926.18 2774.84 1643.68
931.7 1349.49 1928.73 3044.96 2872.39 1825.92
735.87 1034.33 1425.38 2262.9 2421.79 1822.29
824.01 1167.79 1715.17 2654.78 2512.44 1642.58
170.86 205.98 252.36 350.71 295.54 217.24
771.19 1174.58 1643.58 3565.96 2782.49 1730.92
708.83 1022.23 1408.07 2644.53 2535.04 1791.57
658.13 907.58 1206.28 1988.78 2284.93 1800.72
692.74 1003.63 1382.26 2996.31 2781.88 1889.72
762.53 1081.25 1633.1 2492.26 2214.24 1322.37
633.74 881.4 1131.14 1847.24 2067.17 1720.58
898.53 1330.78 1950.29 3022.94 2764.83 1845.83
356.83 484.48 707.87 1050.62 936.48 569.18
837.91 1193.43 1807.38 2778.97 2457.42 1462.29
587.55 821.61 1042.01 2070.46 1921.97 1579.61
372.46 574.97 663.5 2185.8 1175.63 707.66
479.9 659.88 785.41 2131.08 1872.61 1522.33
860.0 1250.1 1804.65 2816.83 2969.9 2036.03
182.35 334.27 338.56 2693.0 942.79 440.08
708.24 1060.59 1487.53 3732.81 2290.5 1294.98
152.64 179.64 214.54 288.03 261.88 201.64
808.42 1156.07 1576.79 2535.62 2264.8 1698.66
675.69 934.96 1207.59 2033.22 2199.31 1863.71
719.1 1013.92 1353.73 2165.32 2546.56 2008.55
606.7 823.37 1041.8 1777.37 2102.54 1732.97
836.31 1220.05 1791.85 2782.53 2869.04 1884.74
561.11 893.55 1074.76 3988.2 1823.28 1041.42
137.82 234.64 190.4 2317.57 655.34 300.05
589.63 892.2 1179.22 3356.77 2372.74 1392.55
587.61 855.54 1103.67 2927.82 2297.94 1677.43
312.26 554.87 515.01 4574.82 1363.97 648.81
857.82 1267.12 1857.95 3191.56 3111.28 1995.07
260.45 483.21 420.84 4406.86 1334.42 662.96
532.4 804.57 1031.9 3542.57 2033.89 1296.65
603.66 915.27 1262.43 3837.39 2264.6 1340.63
596.82 806.36 1028.02 1759.87 2115.52 1742.2
341.09 572.97 665.48 4156.35 1606.29 834.31
522.27 756.88 993.22 2290.91 1350.85 815.27
748.49 1048.43 1439.83 2282.73 2441.96 1848.83
520.0 744.89 1065.96 1561.19 1469.38 1010.6
675.12 928.73 1257.65 2059.53 2281.82 1740.66
615.63 930.2 1238.51 3709.48 2018.73 1147.91
427.54 731.83 850.82 4291.2 2057.62 1133.46
527.53 751.52 1054.62 1573.81 1553.9 1114.46
598.64 882.09 1028.13 2909.29 2071.77 1548.53
814.32 1191.32 1763.2 2719.07 2765.55 1780.66
423.15 623.32 866.63 2205.02 1310.62 734.52
913.25 1323.04 1949.5 3204.92 3565.44 2318.09
250.26 501.05 427.96 4638.08 1640.7 807.2
496.88 710.12 1034.88 1997.27 1470.06 849.81
111.15 117.32 126.53 141.67 146.08 129.73
892.63 1305.51 2005.51 3154.65 2725.76 1569.84
724.76 1055.04 1499.6 2425.22 1726.66 1058.98
430.76 595.78 824.0 1271.68 1212.27 797.38
488.75 765.59 871.7 3398.18 2021.48 1345.99
822.38 1189.05 1721.22 3425.63 2472.95 1451.7
872.57 1312.03 1935.36 3296.82 2649.92 1658.11
521.29 827.0 1089.33 3691.19 2236.02 1299.06
499.5 764.59 1030.39 3687.26 1872.8 1027.52
563.7 872.59 1167.36 3793.8 2232.84 1376.19
832.46 1251.01 1823.5 3145.22 2555.4 1624.52
198.49 330.76 305.64 2979.33 806.85 387.99
231.32 299.52 417.07 629.45 694.22 443.55
852.32 1251.1 1817.02 2740.8 2623.59 1780.34
822.83 1182.08 1810.78 2775.41 2454.16 1420.43
190.98 333.19 326.8 3608.79 1036.52 522.75
771.62 1150.78 1626.15 3475.13 2967.32 1858.69
798.99 1185.11 1651.77 3454.8 2587.48 1554.55
829.21 1184.83 1649.1 2566.45 2883.03 2159.22
921.56 1336.57 1969.23 3093.16 2904.37 1902.93
737.63 1043.91 1570.92 2396.5 2139.94 1290.98
603.12 864.4 1163.22 2387.98 2092.18 1550.58
393.87 630.06 651.42 3427.66 1442.52 796.6
538.74 816.87 1094.0 3732.61 1732.53 977.18
690.27 1040.54 1515.33 3290.16 2324.89 1342.61
689.36 998.54 1427.16 2121.45 2050.31 1450.43
467.73 754.09 884.86 4343.75 1654.69 890.3
875.72 1251.73 1817.92 2978.41 2953.22 1894.73
675.02 966.69 1350.76 2088.76 2379.74 1775.72
873.45 1248.77 1848.44 3139.91 2531.28 1496.55
888.14 1287.5 1925.72 3157.51 3592.57 2275.48
698.24 981.88 1284.48 2100.38 2204.42 1776.64
714.38 1053.6 1568.21 2292.51 2088.42 1322.81
272.92 479.37 525.55 4564.5 1394.99 691.55
322.42 483.91 517.47 2991.54 1487.28 1058.87
731.33 1059.23 1624.41 2645.47 2956.82 1751.68
591.57 843.75 1169.68 1855.93 1611.74 1049.2
317.61 425.44 594.51 869.21 1014.61 689.16
610.55 905.32 1243.3 2705.47 2330.52 1552.77
240.08 312.59 437.84 629.36 560.92 356.66
882.88 1266.03 1762.39 2853.46 2345.85 1507.78
740.0 1039.74 1369.06 2227.13 2297.86 1792.53
638.22 923.58 1309.16 2109.38 1491.33 910.18
744.12 1052.68 1454.02 2384.14 2822.5 2080.69
720.41 1078.48 1495.48 3383.29 2729.94 1765.44
266.73 440.03 446.98 2620.24 959.07 495.78
935.59 1361.06 2002.3 3247.82 3428.66 2209.14
973.93 1421.59 1998.44 3217.53 2796.56 1802.53
617.14 873.4 1275.17 1927.98 2273.51 1500.12
847.33 1217.31 1660.26 2684.8 2580.19 1847.48
828.55 1215.73 1758.91 3646.55 2872.91 1664.78
774.65 1083.72 1452.85 2264.79 2653.67 2138.72
626.8 869.79 1123.64 2016.21 2064.3 1631.51
128.22 143.8 167.43 200.69 191.32 156.16
415.58 617.64 872.27 2479.32 1784.69 1007.7
655.77 901.01 1196.93 2026.37 2329.39 1790.31
692.9 961.51 1297.96 2111.71 2529.05 1928.65
189.02 340.31 307.64 4010.08 1200.31 634.87
938.67 1378.41 2038.92 3147.0 3366.43 2187.16
377.16 517.35 715.42 1088.08 1012.84 651.75
385.98 559.03 734.36 2106.71 1448.86 953.76
920.5 1333.21 1969.46 3065.0 2906.33 1903.05
192.59 339.68 336.81 2902.97 1107.01 531.58
113.7 164.12 115.64 1312.72 342.25 185.04
916.96 1320.9 2019.4 3112.91 2784.92 1635.96
469.34 642.9 871.57 1333.69 1405.26 1093.13
286.4 526.46 532.79 3850.97 1452.29 779.41
746.24 1067.27 1455.92 2260.56 2428.99 1876.33
938.82 1355.73 1897.36 3115.34 2446.17 1523.16
715.67 1058.06 1489.25 3219.25 2674.55 1685.59
839.9 1216.42 1714.73 2585.19 2600.69 1927.31
456.89 627.66 900.21 1386.68 1338.2 888.65
436.95 681.5 825.3 3295.85 1770.48 1030.84
424.33 655.64 723.5 3336.85 1725.16 1209.12
752.62 1110.49 1528.39 3591.34 2124.55 1259.89
815.17 1186.79 1629.71 3258.96 2246.43 1392.7
881.81 1258.16 1726.73 2770.74 2434.91 1701.13
911.71 1351.95 1983.92 3355.41 3332.46 2127.63
646.59 980.69 1238.39 3328.65 2237.0 1462.93
460.37 771.18 926.33 4375.9 1787.45 980.19
718.71 1056.22 1517.56 3453.53 2498.4 1441.29
365.46 498.03 704.54 1041.17 1144.11 765.63
929.85 1335.5 2013.51 3263.72 2798.96 1668.92
675.84 956.1 1432.86 2273.48 1957.91 1168.71
857.57 1225.94 1788.71 2927.84 2877.36 1818.79
908.44 1292.87 1933.45 3147.0 2625.33 1560.61
967.74 1450.31 2163.93 3406.56 3696.18 2416.61
544.18 755.48 1108.02 1774.83 1485.9 899.95
729.85 1014.55 1316.2 2068.67 2470.83 2121.84
928.94 1356.92 2081.84 3411.57 3832.2 2297.61
928.43 1345.21 1969.53 3124.75 3063.83 1990.93
726.1 1089.17 1563.04 3348.88 2761.77 1716.15
438.4 763.68 922.03 4327.27 1955.57 1063.36
446.0 617.46 886.27 1323.04 1554.23 1036.77
143.85 165.58 194.28 255.14 221.0 172.55
613.29 881.8 1184.19 3011.06 2067.41 1370.91
377.69 593.25 732.89 3967.93 1659.91 892.83
895.89 1281.17 1766.49 2837.2 2442.78 1670.74
597.79 849.98 1173.13 1911.34 1550.1 1056.15
235.74 302.57 410.53 618.82 591.04 383.38
479.06 822.11 692.51 4882.79 1596.3 836.25
522.61 745.65 1083.99 1649.5 1677.0 1094.31
561.98 796.42 1038.24 2579.98 2111.1 1515.61
566.48 788.4 1158.64 1858.93 1555.49 940.12
902.2 1307.48 1899.11 3195.74 3519.39 2321.97
650.15 954.61 1409.1 2156.06 2373.43 1566.96
370.39 633.67 668.3 4442.4 1610.13 841.38
549.22 886.36 927.96 4607.03 1692.54 875.23
377.5 524.98 745.65 1509.6 1076.72 640.21
913.56 1331.76 1967.89 3208.46 2897.79 1861.25
556.35 814.51 1203.67 2574.49 2270.66 1327.41
852.56 1259.67 1807.67 3519.57 2880.02 1793.58
682.91 982.55 1209.91 2665.99 2315.86 1858.47
569.17 803.49 1168.46 1763.44 1945.38 1276.44
438.32 607.29 870.47 1299.5 1430.7 948.33
727.44 1053.19 1484.57 3061.36 2400.14 1530.29
255.69 409.48 462.56 3245.57 1156.81 639.1
917.2 1359.28 1994.13 3098.43 3462.82 2353.19
849.05 1210.4 1713.19 2653.65 2713.53 1988.05
872.88 1277.02 1817.47 3237.62 2728.09 1664.31
929.92 1329.16 2020.44 3096.66 2748.4 1631.2
64.59 191.11 70.58 4402.85 890.6 336.78
563.02 797.16 1157.35 1769.61 1734.27 1121.49
556.42 895.37 1148.57 4045.26 1964.43 1110.29
433.58 594.47 838.76 1301.77 1029.16 662.92
582.64 849.74 1248.47 1903.76 2094.46 1386.95
667.82 983.35 1385.73 2661.09 2527.59 1747.14
931.77 1387.36 2055.59 3043.24 2780.3 1799.31
893.71 1284.1 1805.19 2844.49 2779.75 1887.45
837.17 1189.71 1714.61 2741.11 2214.53 1424.55
447.04 645.98 786.29 2291.97 1317.01 863.45
474.24 651.66 842.66 1344.73 1448.63 1153.52
831.42 1194.41 1739.2 3111.59 2830.72 1744.97
860.84 1262.13 1736.75 3126.63 2489.71 1591.68
331.85 621.73 411.94 5352.41 1318.1 546.92
379.24 637.11 772.53 4223.01 1761.19 1008.28
760.62 1125.37 1678.71 2457.52 2238.07 1414.84
952.72 1376.39 1932.24 3142.95 2456.16 1511.1
362.69 492.03 700.95 1104.05 1050.28 648.42
750.0 1080.28 1461.99 2660.68 2002.68 1279.57
441.21 720.35 805.5 4116.36 1618.16 891.73
688.51 1022.07 1508.46 3540.96 2274.78 1260.86
527.5 865.16 1082.61 4144.45 2282.15 1355.51
566.96 838.36 1116.83 2861.71 1652.48 1059.21
262.91 433.56 436.61 3372.84 1313.71 786.52
366.93 668.25 496.82 5266.52 1489.21 690.26
461.95 701.34 793.29 3242.83 1930.11 1391.74
636.61 964.06 1212.13 3693.41 1949.18 1173.02
669.12 943.79 1309.96 2049.34 2154.48 1601.42
950.49 1421.2 2123.76 3128.12 2804.15 1770.11
372.11 509.45 724.44 1077.42 1020.94 684.33
238.33 520.07 358.78 4876.98 1312.25 567.31
748.32 1094.43 1573.44 3237.75 3102.28 1952.8
860.38 1223.14 1666.24 2669.62 2422.94 1747.38
212.83 359.46 380.55 3182.74 1107.96 523.2
600.67 826.92 1042.37 1699.45 2022.78 1722.52
933.3 1355.28 1999.12 3222.81 3416.1 2201.89
846.46 1248.91 1809.89 2747.31 2803.67 1991.46
529.76 747.81 1110.68 1702.38 1553.5 960.72
629.65 866.06 1078.75 1768.75 2208.12 1924.77
849.4 1210.85 1759.64 2799.79 2187.37 1364.62
887.86 1280.44 1875.46 3267.77 3005.84 1833.06
865.54 1243.6 1742.57 2765.41 2726.95 1847.58
314.27 442.68 543.3 1502.32 772.7 467.81
681.03 1048.22 1278.27 3961.44 2084.21 1224.98
911.24 1338.54 1984.78 3063.7 3264.17 2102.55
392.38 658.36 774.59 4257.51 1789.01 945.14
972.94 1421.31 1999.63 3236.72 2788.32 1786.96
903.6 1304.94 1930.06 2949.13 3260.76 2115.01
523.17 734.62 989.64 1529.45 1697.57 1336.81
235.51 307.16 406.51 641.8 585.49 399.97
554.09 780.41 1131.16 1902.69 1675.22 1080.23
716.97 1100.88 1432.71 3377.91 1849.83 1064.19
151.1 258.39 187.91 2477.56 640.24 312.41
637.8 987.88 1250.14 3670.01 2220.96 1429.09
401.06 580.21 749.21 1920.33 1352.57 844.03
714.72 1062.68 1440.17 3377.6 2763.83 1737.45
701.47 1046.1 1501.44 2736.35 2207.29 1430.34
835.71 1207.74 1670.08 2798.57 2476.05 1662.3
697.73 1057.29 1365.05 3494.34 1981.42 1154.73
770.12 1099.83 1549.31 2472.51 2705.97 1934.08
370.89 664.69 502.88 5222.2 1395.24 612.91
660.77 959.42 1247.03 2802.64 2323.86 1753.7
665.21 919.94 1195.72 2009.38 2241.85 1770.06
538.17 824.44 1102.85 3434.62 1883.27 1062.05
797.13 1153.73 1657.09 3127.2 2701.13 1666.67
913.95 1307.6 1882.58 2894.88 3440.1 2399.41
554.1 836.34 1087.37 2875.93 2092.36 1446.51
165.08 212.58 225.92 706.33 352.97 229.45
450.74 820.55 694.63 4748.59 1596.56 799.43
852.8 1245.73 1786.44 2673.05 2600.05 1847.39
831.84 1181.89 1696.0 2752.08 2763.74 1849.07
140.92 290.74 201.83 4804.83 1076.18 456.19
549.14 910.89 987.68 4376.51 2104.71 1204.49
529.42 736.07 983.73 1618.76 1502.71 1117.07
225.06 355.7 405.16 2944.48 975.54 486.25
682.52 1001.99 1406.47 3095.08 2323.78 1474.07
819.45 1206.55 1732.92 3570.98 3286.48 2096.0
862.54 1246.46 1866.01 2882.29 2664.22 1691.08
657.45 910.02 1160.85 1884.41 2316.71 1954.62
676.63 983.11 1387.98 2296.1 1623.84 1001.07
536.56 845.01 1082.57 3643.95 2331.68 1501.84
430.24 611.93 844.96 1860.09 1382.59 813.27
826.62 1184.41 1762.31 2877.32 2728.6 1616.99
818.71 1215.54 1817.54 2664.84 2426.09 1530.46
638.32 879.63 1167.44 1926.54 2233.41 1744.71
141.75 161.33 183.85 243.41 249.42 210.77
381.74 517.27 751.94 1117.3 999.07 619.81
536.89 771.27 955.89 2512.82 2064.06 1592.0
579.04 810.17 1067.53 1729.65 1718.43 1349.81
776.67 1150.28 1717.06 2514.8 2290.01 1446.78
711.89 1073.99 1422.88 4006.08 2472.91 1375.49
450.3 626.95 917.4 1400.73 1294.61 819.87
913.05 1358.98 2017.79 2986.09 2715.46 1743.42
683.68 951.69 1306.07 2201.52 2650.71 1948.49
371.79 520.11 741.56 1061.83 986.67 660.51
374.21 572.78 646.57 2683.5 1324.98 764.34
165.91 199.24 250.51 337.67 332.64 245.41
232.28 299.18 402.08 577.0 566.91 391.84
847.54 1214.8 1691.94 2689.39 2687.4 1853.46
841.5 1253.56 1863.46 2857.78 2530.59 1599.75
887.98 1291.19 1968.71 3034.63 2716.72 1627.94
858.1 1277.63 1903.92 2933.21 3232.74 2121.44
551.45 759.1 972.01 1570.77 1743.88 1431.13
207.18 410.61 352.81 4419.11 1359.12 625.36
813.09 1216.56 1755.05 3548.5 3028.56 1903.55
817.9 1196.27 1733.61 3246.69 3028.73 1931.04
648.16 981.92 1227.37 3415.91 1935.81 1160.78
660.77 991.65 1398.69 3501.92 2310.13 1403.1
483.51 682.04 1024.94 1549.27 1361.91 802.67
960.97 1442.43 2138.21 3438.9 3664.38 2394.14
569.67 795.63 1076.37 1699.28 1847.39 1414.31
708.07 1008.7 1406.29 2779.14 2513.97 1671.01
735.07 1032.36 1436.22 2286.27 2667.97 1939.51
263.62 403.7 491.23 2130.5 1165.55 653.02
889.94 1327.14 1979.68 2912.53 2611.63 1651.2
642.67 886.14 1189.74 1966.8 2220.47 1717.06
623.28 903.56 1264.88 2736.65 2166.75 1341.03
439.28 626.9 758.68 2068.74 1569.43 1196.54
723.65 1042.43 1571.78 2552.84 2871.69 1773.36
649.45 983.98 1316.12 3190.14 2313.11 1594.72
123.16 134.18 152.56 187.33 172.26 141.71
694.28 1030.63 1498.47 2577.52 2101.87 1349.07
286.05 389.01 542.71 795.31 868.82 596.09
248.07 332.57 454.21 898.72 803.92 496.28
838.19 1216.88 1706.32 2736.84 2370.14 1525.4
586.63 834.94 1070.82 2325.55 1950.61 1520.35
902.26 1317.06 1924.04 2981.7 3091.33 2076.02
703.6 1071.48 1461.73 3525.25 1935.99 1095.29
663.11 931.0 1377.94 2223.29 1856.99 1114.15
594.19 871.67 1072.26 2974.07 2187.74 1566.1
694.75 1036.48 1562.89 2299.24 2172.42 1399.58
688.97 955.62 1318.48 2144.68 2317.43 1715.19
549.6 838.06 1022.06 3575.75 1912.51 1088.85
458.44 639.71 918.54 1392.52 1365.17 890.78
760.53 1093.15 1600.35 2501.96 2701.94 1754.52
644.58 889.96 1124.32 1833.39 2244.26 1924.8
332.78 515.81 586.94 3254.42 1435.62 961.84
744.17 1059.63 1446.71 2400.23 2128.3 1529.55
813.05 1191.11 1701.93 2762.09 1943.28 1173.35
824.37 1174.14 1652.76 2579.07 2960.31 2128.41
520.09 705.4 890.89 1382.25 1647.7 1460.62
488.35 673.1 981.33 1564.33 1311.71 799.41
822.04 1162.87 1658.98 2573.56 2584.77 1854.01
359.68 488.39 658.35 1018.74 816.57 529.64
525.67 786.16 1034.32 3040.32 1690.72 1015.04
538.0 738.78 963.09 1650.28 1640.75 1251.45
792.27 1178.21 1663.23 3523.19 2988.08 1882.22
869.88 1263.08 1925.65 2983.2 2680.78 1599.04
931.05 1400.06 2083.16 3338.47 2839.01 1769.76
765.1 1127.28 1509.44 3433.14 2619.59 1645.5
728.24 1025.13 1342.1 2183.61 2376.62 1889.77
762.57 1085.86 1542.47 2430.51 2470.79 1759.29
884.94 1291.14 1868.07 3180.92 2956.91 1933.49
853.22 1218.36 1651.81 2640.57 2590.94 1931.75
222.83 297.73 345.69 995.58 628.95 457.57
791.06 1175.14 1606.13 3599.54 2421.56 1500.43
467.92 752.85 906.72 4283.17 1782.45 921.88
731.85 1026.44 1388.81 2270.72 2431.75 1783.94
816.66 1195.92 1661.95 3225.06 2617.82 1647.8
794.36 1118.85 1579.14 2481.13 2532.17 1819.59
887.11 1302.71 1850.73 3068.26 2193.5 1363.99
677.53 961.54 1256.36 2480.23 2383.65 1907.5
518.88 711.29 916.35 1491.99 1683.99 1419.9
846.24 1211.72 1716.9 2699.7 2824.49 1994.72
596.41 920.89 1279.93 3658.73 2220.1 1398.77
654.36 914.79 1257.12 2010.14 1873.98 1373.77
247.42 343.91 439.61 1209.71 721.6 453.91
909.97 1325.39 1862.03 2992.63 2592.31 1666.35
714.36 984.84 1258.48 1982.32 2370.7 2084.93
895.49 1335.47 1975.12 2968.56 2938.19 2006.44
844.86 1237.07 1830.55 2817.54 3004.61 1938.5
815.93 1152.32 1632.19 2635.78 2276.16 1547.63
812.01 1163.81 1696.5 2593.49 2886.92 1932.57
923.63 1319.84 2005.88 3073.95 2728.33 1619.6
391.91 543.8 741.88 1113.96 1179.26 894.7
647.27 887.38 1165.42 1931.53 2415.81 1912.52
868.63 1312.72 1935.73 3438.03 2690.61 1659.69
697.4 968.7 1310.68 2129.12 2545.15 1934.35
878.54 1289.29 1919.37 3384.73 2692.91 1533.65
746.02 1048.1 1442.89 2230.07 2664.29 2027.71
460.19 756.52 879.62 4211.65 2094.68 1208.68
153.71 383.57 216.42 4824.55 1315.86 557.91
931.08 1334.67 1941.16 3174.44 2432.63 1507.93
756.14 1067.91 1451.49 2312.43 2568.37 1965.8
567.06 822.73 1062.86 2850.81 2074.75 1521.73
713.68 1016.05 1389.65 2309.89 2674.38 2003.19
843.04 1210.38 1648.78 2666.72 2572.84 1849.01
661.45 924.89 1332.16 2041.36 1967.87 1350.32
438.01 703.99 779.63 3827.81 1774.6 1088.54
757.82 1164.39 1443.1 3795.55 2125.78 1232.88
756.13 1080.3 1503.17 2895.72 2205.06 1470.18
730.76 1088.82 1541.35 3691.0 2340.99 1330.29
653.06 1037.86 1409.91 3957.06 2791.75 1708.98
217.12 274.55 370.72 524.9 487.2 332.75
440.03 601.79 871.67 1382.13 1160.95 712.39
791.41 1207.51 1784.35 3397.87 2695.73 1720.68
861.34 1223.98 1812.65 3010.16 2510.27 1518.03
443.36 722.41 940.37 3836.55 1724.58 975.18
210.87 264.2 356.55 500.32 453.8 304.55
506.71 736.45 969.69 2081.54 1487.76 905.26
899.08 1303.2 1992.09 3259.63 2746.08 1573.17
835.87 1255.4 1876.91 2901.38 2716.92 1786.31
783.2 1105.05 1493.4 2333.34 2683.25 2132.89
463.28 757.56 959.15 4275.13 2094.48 1214.55
748.75 1064.14 1485.5 2383.46 2639.56 1916.38
823.8 1182.55 1656.28 2660.78 2097.27 1297.52
905.87 1312.89 1963.93 3224.76 3629.43 2310.04
233.36 302.4 421.64 603.98 538.82 344.35
174.08 215.08 276.28 363.76 335.54 245.47
883.3 1255.93 1877.63 3053.52 2544.0 1510.7
924.15 1341.27 1865.46 3008.06 2711.48 1820.21
921.46 1328.25 1923.46 2990.7 3021.36 2047.28
230.26 304.17 396.3 905.61 572.69 354.58
617.67 949.97 1240.17 3842.23 1969.25 1115.3
917.87 1331.55 1916.01 3015.67 2793.65 1728.14
860.48 1239.22 1877.22 2974.87 2611.36 1555.33
489.31 714.18 1040.8 1634.29 1488.31 989.53
177.32 268.01 279.98 1971.6 626.13 320.19
173.6 376.67 285.5 4614.7 1231.27 516.55
803.87 1134.7 1570.91 2527.42 2346.79 1709.02
734.85 1121.25 1574.2 3594.62 2734.08 1681.38
423.99 584.57 796.62 1246.26 994.02 636.03
421.15 731.41 633.88 5069.69 1676.0 837.77
836.92 1221.61 1738.68 2727.3 3113.03 2233.92
688.49 1072.25 1475.12 3755.26 2248.96 1332.28
651.07 900.23 1142.02 1860.87 2269.74 1932.08
677.49 966.93 1234.29 2523.87 2436.16 1942.46
855.54 1214.97 1814.63 2948.85 2457.38 1460.7
952.08 1419.12 2105.16 3259.73 3614.85 2405.02
865.25 1238.11 1826.37 2997.4 2898.84 1771.49
443.61 604.95 806.08 1284.2 1356.65 996.38
236.27 420.96 441.84 4393.55 1404.96 698.72
498.88 725.96 964.94 2370.32 1698.7 1115.94
745.6 1038.46 1460.95 2341.19 2426.22 1736.07
142.84 297.37 235.85 4304.04 1053.68 462.41
723.53 1031.89 1395.6 2192.59 2466.38 1953.89
718.95 1004.08 1334.58 2162.01 2267.43 1797.01
610.72 869.04 1234.01 1920.7 1782.06 1116.7
780.37 1104.83 1570.41 2469.75 2511.21 1779.53
944.89 1360.67 2026.77 3330.78 3163.28 1882.97
577.65 777.11 967.28 1665.17 2071.73 1749.78
799.72 1132.31 1600.12 2525.39 2911.64 2064.19
692.22 1004.4 1476.72 2269.03 2311.04 1498.32
687.5 983.88 1338.36 2273.74 2365.6 1751.3
282.0 480.63 496.86 3593.16 1200.81 581.48
778.09 1142.1 1655.04 3560.15 2432.9 1399.57
842.02 1206.39 1819.44 2797.68 2549.32 1562.16
942.4 1369.08 2016.08 3207.83 3434.47 2218.58
685.22 1013.95 1503.54 2231.86 2168.41 1452.86
830.08 1174.28 1712.3 2787.34 2468.93 1588.72
762.34 1086.84 1526.09 2440.11 2681.81 1927.64
709.32 1054.59 1577.81 2329.79 2230.94 1470.18
343.24 460.25 662.85 978.28 876.21 548.77
300.08 535.16 537.14 4379.86 1402.54 657.14
386.17 544.56 780.95 1118.89 1009.89 661.95
647.8 908.78 1293.82 2057.74 1691.91 1111.35
83.66 248.38 129.3 3602.82 941.54 365.48
541.12 863.36 1177.58 4164.51 2649.34 1432.19
523.57 734.1 1102.51 1667.78 1479.53 873.77
956.24 1380.78 1938.82 3140.43 2473.82 1530.8
796.28 1140.99 1687.28 2653.97 2531.68 1637.27
540.83 770.7 1090.31 1639.25 1607.16 1128.49
803.91 1172.59 1695.45 2988.13 2623.22 1721.33
599.72 905.87 1162.17 3510.57 1978.46 1275.56
856.16 1228.6 1716.19 2725.81 2706.35 1850.64
914.45 1353.99 1994.36 2966.35 2807.38 1860.7
886.56 1321.89 1971.63 2900.49 2600.88 1644.56
522.99 712.62 923.71 1529.54 1618.3 1261.47
642.23 885.73 1116.72 1830.99 2247.0 1923.38
899.74 1328.79 1947.1 2904.51 2776.45 1864.02
702.84 1003.92 1472.87 2237.35 2471.13 1611.62
506.95 719.49 1003.96 1727.08 1477.52 921.4
838.63 1211.63 1783.65 2803.29 3027.09 1959.73
648.73 896.6 1136.93 1851.34 2254.19 1924.75
641.12 883.61 1113.81 1818.42 2230.84 1917.27
866.22 1283.58 1770.07 3432.28 2597.54 1624.53
463.82 725.24 861.64 3137.8 1974.78 1410.97
629.05 965.61 1217.6 3964.21 1921.96 1091.28
154.0 179.98 224.96 294.98 272.32 199.63
818.61 1174.42 1611.06 2594.4 2258.02 1661.15
309.62 412.84 579.56 901.23 858.32 537.64
438.54 625.89 905.56 1365.2 1498.96 1002.7
570.06 830.22 1218.51 1773.61 1594.56 1023.05
725.63 1016.47 1367.2 2240.87 2499.27 1913.14
384.81 672.35 550.88 4853.91 1416.54 663.74
543.95 829.34 1077.84 3662.77 1999.16 1261.63
642.12 916.78 1163.83 2454.03 2333.6 1885.52
608.65 842.12 1073.61 1814.36 1948.37 1657.35
420.8 657.33 671.8 3144.25 1698.99 1199.54
904.7 1378.71 2074.02 3389.5 2959.2 1873.23
771.15 1111.39 1507.29 3012.77 2210.78 1445.31
594.94 892.83 1238.27 3563.87 2231.82 1239.55
476.72 811.61 761.86 4558.51 1775.47 956.31
942.33 1368.91 2016.64 3244.6 3441.5 2221.08
305.74 408.0 586.95 861.52 770.08 475.85
189.03 291.25 229.33 1929.71 599.01 309.69
405.07 565.59 678.75 1629.33 1356.03 1087.94
961.0 1396.34 2010.96 3168.21 2936.68 1817.04
642.9 889.54 1123.85 1828.73 2245.14 1929.25
411.81 572.38 845.4 1270.94 1134.08 690.23
207.27 449.75 166.37 3696.27 931.25 411.45
616.64 841.82 1097.88 1873.83 2326.72 1846.32
451.54 696.37 769.73 3424.82 1820.04 1212.16
593.89 964.34 1284.32 4029.23 2183.78 1282.76
520.28 898.85 928.9 4528.96 1877.36 949.35
551.84 854.39 1075.21 3232.81 1875.78 1181.92
759.87 1145.87 1637.01 3071.76 2442.0 1576.89
771.85 1083.39 1509.43 2463.8 2431.69 1759.87
969.83 1421.59 2200.28 3607.07 4036.04 2375.63
177.89 216.79 277.38 376.15 406.36 295.31
883.49 1272.67 1850.06 2866.95 2815.71 1921.81
912.72 1301.71 1881.98 3013.33 2424.81 1551.82
409.21 591.64 799.81 1918.32 1264.03 796.86
525.96 824.05 1039.54 3496.54 1929.92 1089.46
899.77 1302.16 1931.51 3448.14 3051.93 1789.06
839.3 1215.59 1739.44 2722.65 2901.53 2026.08
763.55 1077.14 1537.32 2544.72 2601.66 1730.44
689.56 961.94 1247.42 2021.9 2340.13 1905.18
805.63 1144.86 1652.78 2587.23 2561.99 1755.25
466.14 658.94 950.66 1435.82 1527.78 1003.73
838.24 1181.84 1639.33 2604.88 2405.11 1780.08
365.06 714.71 485.69 4796.82 1412.7 666.19
765.93 1179.2 1665.17 3789.28 3056.78 1927.97
440.24 609.34 905.27 1359.32 1208.11 721.53
800.19 1170.21 1641.59 3658.1 2385.42 1366.62
594.47 806.19 1033.66 1751.22 2122.84 1742.09
743.21 1038.49 1357.32 2159.13 2308.23 1938.88
498.48 717.96 843.12 2588.19 1835.08 1387.95
370.62 628.11 517.34 4406.42 1446.14 783.29
344.89 571.8 623.68 3752.84 1389.37 754.64
788.9 1137.27 1673.17 2584.11 2531.54 1619.81
912.13 1333.91 2060.94 3374.4 3774.91 2224.66
243.71 319.39 433.89 624.32 660.42 454.72
440.65 626.67 817.84 1647.64 1394.67 1032.31
734.03 1037.71 1485.65 2375.49 2405.56 1669.61
707.68 973.86 1235.39 1949.23 2342.97 2082.16
440.51 682.4 840.07 3219.15 1603.55 938.38
178.34 377.62 288.68 4626.34 1278.74 534.92
667.65 948.12 1271.18 2548.64 2195.83 1669.52
785.35 1157.88 1616.75 2841.49 1945.46 1197.28
736.6 1042.53 1463.54 2260.61 2326.72 1724.37
646.11 895.2 1134.65 1843.19 2253.94 1930.23
539.13 883.72 990.18 4851.35 2274.44 1184.42
738.42 1106.25 1570.86 3256.52 2422.01 1585.26
932.1 1407.41 2119.85 3252.42 3043.59 1976.4
227.18 453.92 415.56 4476.92 1535.41 717.19
777.17 1151.96 1711.35 2511.03 2253.08 1429.76
818.67 1231.13 1791.81 3294.86 2540.13 1609.84
385.64 563.14 746.09 2179.57 1337.89 842.53
832.0 1178.08 1650.35 2649.89 2369.27 1674.28
804.83 1137.21 1604.91 2535.51 3070.85 2187.88
751.59 1067.71 1504.21 2375.89 2449.11 1772.91
808.63 1181.77 1746.39 2685.37 2863.35 1849.08
82.54 215.34 95.62 4130.3 959.98 352.48
806.29 1187.07 1667.61 2845.31 2537.69 1799.92
665.57 937.65 1408.74 2142.17 1904.84 1143.49
584.86 833.59 1155.07 1831.94 1591.08 1036.23
908.32 1320.81 1955.24 3139.12 2857.54 1842.64
949.92 1362.85 2059.34 3275.49 2828.04 1675.66
498.46 718.97 1048.15 1589.15 1746.59 1162.48
315.08 675.22 354.21 5203.64 1407.28 617.48
803.71 1185.24 1700.64 3507.08 3027.19 1911.43
313.12 423.25 580.48 949.99 945.96 632.73
570.23 853.3 1082.53 2971.98 2235.83 1613.5
640.01 962.47 1317.91 3282.47 2175.38 1443.52
350.15 488.0 660.08 1174.32 770.55 483.52
371.61 606.59 709.53 4338.22 1502.43 748.98
737.93 1119.91 1618.11 4018.4 3212.75 1828.26
752.34 1140.21 1622.14 3459.57 2426.8 1537.73
390.08 533.83 759.2 1125.38 1319.2 885.38
728.59 1035.39 1438.18 2255.29 2236.35 1560.08
926.5 1339.97 2052.58 3228.84 2799.67 1610.31
672.82 1019.99 1434.52 3724.04 2226.48 1222.73
866.96 1269.77 1876.65 2905.12 2970.62 1925.63
925.86 1335.16 2046.77 3150.71 2803.17 1632.87
563.39 780.25 1074.28 1711.93 1794.2 1310.09
592.1 864.44 1270.98 1939.12 2133.56 1412.18
817.58 1217.77 1813.08 2767.91 2441.44 1533.44
460.39 632.47 924.28 1394.76 1269.42 797.28
573.05 862.19 1128.45 3291.91 2368.71 1533.39
821.84 1203.07 1670.82 3373.43 3190.33 2094.77
357.13 570.91 584.48 3546.55 1619.9 1121.09
295.17 398.65 538.47 828.65 604.53 393.79
722.91 1059.71 1515.11 2787.36 2376.32 1495.24
611.45 884.14 1298.22 2351.83 1923.05 1169.17
553.47 815.53 979.52 3094.98 2186.79 1488.96
818.97 1155.44 1652.07 2693.98 2505.81 1705.4
871.17 1286.84 1830.67 3161.27 2126.71 1271.5
773.22 1130.17 1612.46 2613.41 1840.33 1113.4
383.71 518.69 743.87 1169.78 985.23 610.96
292.72 495.21 547.75 3836.47 1541.15 848.62
767.57 1169.22 1698.99 3628.67 2479.66 1502.38
409.03 565.31 805.71 1214.35 1190.77 781.77
770.62 1129.22 1693.04 3367.69 2451.0 1390.96
143.71 189.13 190.89 800.35 307.7 193.79
347.69 572.66 655.72 3950.8 1616.42 904.68
318.2 544.69 636.36 4374.42 1652.58 850.16
656.74 907.59 1161.25 1885.98 2261.56 1907.31
501.85 699.16 997.58 1506.32 1780.88 1215.17
779.45 1092.43 1502.64 2342.24 2495.41 1937.37
641.19 921.53 1290.44 2094.01 1590.73 1030.83
850.64 1207.74 1803.51 2930.38 2442.1 1451.88
695.78 975.38 1282.11 2061.97 2458.68 1986.93
634.71 967.51 1303.74 3709.62 2190.19 1326.66
941.46 1365.13 1956.22 3086.23 2893.86 1822.72
703.4 1018.98 1364.54 2843.82 2337.29 1633.66
759.3 1118.67 1637.52 2444.1 2428.5 1696.53
834.57 1236.44 1737.8 3207.01 2088.68 1260.4
910.27 1334.85 1946.27 3419.2 3031.63 1910.32
882.19 1303.65 1902.9 2857.39 2870.4 2033.45
603.17 928.78 1320.34 4057.22 2697.96 1518.24
568.34 842.9 1171.51 2758.35 2181.88 1351.85
567.57 798.74 1101.82 1749.73 1404.41 894.42
156.21 340.44 171.59 4508.85 981.96 405.29
972.39 1412.7 2087.0 3238.7 3181.39 2038.02
484.95 664.66 850.16 1362.69 1525.18 1247.18
853.56 1218.94 1652.78 2642.18 2591.52 1931.4
635.61 878.11 1139.94 1861.41 2129.74 1749.83
808.12 1145.75 1623.9 2557.94 2941.75 2074.85
532.49 722.74 912.62 1424.22 1677.2 1480.43
624.97 869.61 1162.12 1905.27 1821.28 1327.1
772.86 1108.02 1528.45 2525.35 2140.03 1493.65
679.32 944.22 1209.4 1975.05 2248.19 1864.95
467.43 642.7 898.84 1399.62 1162.16 787.64
566.36 834.12 1158.14 3168.62 1975.61 1215.56
859.37 1242.85 1770.29 3267.63 2310.65 1428.8
345.24 474.94 649.63 1013.16 737.81 475.3
392.8 658.5 547.26 4425.77 1595.1 914.5
204.03 436.15 404.81 4165.59 1405.35 650.35
259.22 455.01 480.35 4008.84 1374.32 651.67
920.88 1330.54 1966.97 3008.14 3329.0 2163.67
562.85 792.2 1151.8 1736.07 2045.33 1353.13
922.14 1361.97 2000.37 2968.42 2817.99 1895.0
727.77 1025.1 1428.12 2289.04 2467.83 1782.77
714.23 1067.14 1610.79 2371.25 2240.28 1442.13
826.46 1163.03 1602.96 2545.8 2399.0 1806.82
417.98 643.19 799.44 3719.88 1958.51 1211.56
584.54 933.03 1218.09 3983.51 2025.01 1157.56
265.61 421.67 486.09 3342.17 1201.46 614.41
944.23 1349.96 2050.57 3146.32 2800.07 1667.64
243.88 482.39 334.49 4923.74 1278.32 549.73
797.69 1123.73 1548.95 2398.77 2867.75 2183.81
794.53 1137.22 1564.37 2396.19 2610.51 2069.73
735.28 1062.58 1619.95 2487.1 2205.27 1298.86
711.12 979.55 1246.83 1966.07 2353.94 2078.5
594.47 953.11 1145.26 4698.6 2501.23 1337.32
703.6 1042.96 1521.23 3211.01 2881.07 1666.86
383.96 692.39 722.24 4240.24 1803.3 994.15
372.01 678.48 518.63 5251.07 1419.69 640.2
779.76 1171.4 1729.88 2873.69 2572.99 1699.68
748.02 1052.36 1390.17 2260.46 2304.43 1782.96
816.06 1263.76 1727.06 3863.6 2529.98 1515.23
845.07 1213.74 1753.08 3086.94 2875.3 1823.96
213.32 297.3 368.81 1509.51 660.8 374.08
747.84 1046.85 1372.91 2185.88 2305.14 1921.81
679.26 966.03 1344.04 2148.27 1704.37 1066.21
963.94 1459.69 2221.93 3291.88 3112.89 1994.08
708.91 1071.98 1510.5 2966.36 2110.75 1296.14
928.79 1344.78 1882.98 3208.18 2421.51 1482.44
683.95 965.59 1393.22 2203.72 1726.51 1085.41
611.09 836.24 1078.01 1797.0 2161.54 1770.58
818.64 1169.29 1688.81 2619.44 2573.63 1800.02
630.15 891.19 1312.83 2126.34 2017.83 1206.8
605.94 889.18 1148.82 2694.71 2138.94 1590.95
686.76 979.53 1382.1 2160.91 2056.34 1343.37
569.37 876.33 1159.02 3386.45 2125.45 1274.4
606.41 821.72 1048.3 1783.35 2101.92 1732.61
618.77 910.79 1337.57 2102.29 1804.16 1139.64
552.43 770.08 1146.93 1733.64 1543.79 934.74
163.6 322.44 256.95 4765.0 1211.87 554.7
805.0 1188.61 1760.7 2603.35 2421.99 1567.77
705.15 1116.47 1508.26 3931.22 2868.27 1789.01
143.71 225.11 168.22 1484.22 485.39 286.62
569.45 795.28 1186.31 1795.08 1598.09 966.14
642.43 890.59 1174.39 1919.55 2213.9 1765.74
818.3 1178.1 1715.13 2663.81 2661.43 1756.34
428.36 669.86 832.71 3745.63 1688.37 979.48
283.9 463.02 497.59 2382.73 999.06 579.41
566.86 829.48 1006.93 2702.16 1971.91 1555.86
772.15 1112.22 1658.93 2570.77 2387.81 1509.43
447.52 619.72 889.71 1328.4 1560.6 1040.88
251.92 492.81 236.78 4967.1 1077.54 407.2
669.73 1008.43 1301.78 3214.17 2186.26 1484.58
302.56 414.67 581.99 821.2 744.04 497.76
512.51 709.09 842.79 2115.7 1963.06 1598.41
835.68 1181.87 1661.11 2685.7 2786.75 1980.64
965.87 1443.91 2155.6 3332.11 3679.04 2416.44
635.81 888.23 1191.88 1888.54 2097.41 1651.0
763.54 1098.58 1528.83 2574.36 1962.2 1208.11
437.39 615.05 883.88 1330.94 1415.68 932.77
270.08 354.39 465.71 701.75 569.33 381.4
671.64 936.08 1211.31 1959.96 2347.81 1945.49
855.06 1288.5 1833.68 3333.08 2649.06 1684.27
281.2 374.99 537.0 784.73 696.21 431.99
168.93 301.05 276.27 2654.21 938.01 463.4
689.99 1000.65 1470.74 2252.5 2400.68 1556.24
429.68 594.33 850.79 1268.87 1396.72 926.67
219.07 272.31 320.64 475.94 571.3 506.45
491.38 762.74 1060.68 3896.89 1850.33 967.36
617.84 879.33 1300.74 2098.1 2369.91 1515.58
611.15 880.92 1290.14 1974.13 2007.39 1302.63
748.88 1049.48 1384.05 2176.88 2569.16 2145.37
494.95 782.08 1013.24 3925.44 1955.35 1054.77
273.28 359.17 472.58 713.07 578.16 386.69
707.33 1006.87 1314.94 2423.49 2309.56 1781.37
223.02 277.47 343.17 519.36 542.62 439.11
669.56 925.88 1219.61 2026.52 2294.47 1775.26
760.54 1078.91 1464.96 2366.1 2145.83 1520.26
850.88 1282.32 1946.91 2876.56 2716.46 1740.74
885.22 1263.94 1838.96 2928.82 2287.13 1425.06
940.53 1372.59 2103.63 3456.84 3891.9 2339.89
657.05 921.93 1362.81 2197.96 1840.06 1108.27
823.22 1183.17 1679.12 2659.09 2540.62 1639.47
770.14 1089.72 1617.3 2651.51 2204.83 1323.11
772.44 1189.34 1717.59 3403.91 2466.08 1497.29
126.1 293.51 151.27 4846.94 1013.76 403.11
215.71 396.08 382.88 3998.99 1178.58 532.82
235.92 590.13 142.81 5440.14 1230.43 488.33
657.02 909.34 1159.59 1882.62 2315.05 1954.18
832.32 1227.26 1689.79 3418.65 2502.09 1584.36
139.74 160.38 195.96 260.23 279.83 203.97
917.51 1333.06 1959.13 3348.32 3609.95 2340.33
742.1 1119.02 1510.41 3383.14 2815.98 1893.12
893.7 1334.96 1991.97 3047.43 2695.53 1697.87
576.55 896.24 1204.83 4083.31 2053.55 1099.08
321.52 503.05 553.47 2731.24 1214.74 747.4
368.0 489.68 623.33 972.04 1119.34 927.09
919.71 1309.66 1960.26 3190.81 2657.6 1576.27
639.18 994.1 1389.79 3743.41 2685.17 1651.61
620.49 921.23 1239.05 3095.86 1926.15 1179.57
737.39 1165.58 1570.14 4141.31 2484.7 1481.21
906.32 1321.27 1991.53 3344.67 3704.92 2283.72
616.26 890.48 1247.44 2397.84 1887.82 1157.13
412.39 714.19 725.82 4285.81 1580.71 861.93
497.36 725.67 1077.37 1569.33 1484.6 968.26
779.52 1096.23 1499.71 2403.68 2818.63 2173.26
628.42 877.15 1152.89 1844.78 2191.2 1764.4
701.32 1005.41 1473.18 2268.32 2222.44 1426.61
797.21 1133.46 1572.48 2488.97 2685.13 1978.98
707.19 1063.65 1338.87 3379.34 2111.04 1372.7
491.98 823.89 1033.84 4418.83 1983.73 1120.83
507.87 790.65 1030.04 3858.27 1590.13 854.09
387.23 528.67 757.11 1197.87 1139.08 699.66
442.67 632.31 915.4 1380.65 1516.05 1013.72
621.62 882.12 1287.89 1949.37 2151.65 1407.94
965.06 1456.19 2202.2 3270.27 3123.77 2037.56
756.34 1104.69 1560.94 3390.53 2132.83 1270.75
451.76 611.64 779.84 1239.86 1458.9 1219.31
670.53 958.17 1200.72 2465.37 2175.07 1785.49
457.24 642.67 914.14 1386.75 1495.85 1014.4
196.66 367.53 346.64 4218.03 1121.58 510.62
620.15 901.57 1222.31 3035.85 2162.85 1411.37
536.47 864.73 919.95 4633.02 1672.08 865.8
356.42 500.2 666.49 1634.22 919.19 562.91
744.17 1043.02 1376.0 2138.05 2458.93 2079.23
768.37 1146.55 1609.92 3659.41 2942.56 1843.34
968.9 1399.45 2074.5 3171.33 3751.9 2452.45
348.45 580.08 700.95 4154.61 1585.61 762.51
870.97 1254.16 1924.73 2953.62 2610.96 1508.39
519.89 818.33 998.47 3516.04 1907.63 1241.37
442.66 642.87 897.34 2207.02 1400.08 797.65
136.19 273.09 188.63 3737.48 1048.73 498.48
688.42 986.05 1406.55 2197.71 2037.97 1271.39
779.08 1121.24 1524.42 2897.98 2227.26 1461.97
877.4 1278.79 1868.71 3148.27 2815.8 1830.77
961.66 1412.31 2174.71 3657.53 4003.95 2354.03
785.54 1106.44 1519.14 2447.61 2332.13 1731.66
438.54 758.58 822.73 4486.46 1868.21 956.83
272.19 462.75 529.13 4113.31 1319.95 637.7
298.22 505.81 514.93 4101.4 1283.95 741.05
861.93 1244.31 1772.97 2795.3 2644.19 1690.37
244.51 320.78 436.47 629.85 639.25 440.0
518.67 720.5 986.18 1567.58 1746.47 1290.66
684.35 998.57 1388.15 2727.39 2430.06 1649.8
847.68 1219.28 1869.59 2867.38 2535.08 1465.83
654.32 1013.6 1396.33 3773.09 2657.91 1596.14
792.27 1159.95 1556.22 3088.18 2070.77 1248.24
912.97 1325.5 1998.43 3261.02 3683.33 2306.03
925.03 1360.09 2018.79 3122.64 3179.83 2046.14
862.04 1260.72 1832.98 3426.83 3407.42 2196.96
216.93 431.27 251.87 4707.92 1302.19 633.32
366.33 501.04 691.36 1049.46 977.16 630.19
879.11 1271.94 1912.92 3156.67 3595.11 2246.3
574.26 813.63 1188.34 1803.54 1705.11 1118.43
865.31 1242.23 1811.05 2938.07 3360.82 2269.97
381.87 655.13 637.56 4597.87 1527.98 750.42
563.63 793.37 1153.56 1738.82 2048.6 1355.23
791.07 1108.62 1497.79 2331.09 2796.38 2217.43
698.28 980.59 1301.4 2270.34 2423.89 1866.53
107.14 155.15 129.39 1490.8 392.68 202.47
838.23 1193.87 1732.44 2757.53 2164.62 1356.78
796.5 1149.56 1685.94 3360.31 2414.58 1398.06
724.68 1001.1 1289.88 2026.45 2448.55 2119.1
914.14 1302.22 1947.81 3192.31 2645.25 1567.79
178.17 346.56 310.06 4118.36 1220.17 540.19
915.76 1319.34 2011.75 3099.23 2783.3 1649.42
570.75 824.24 953.34 2575.18 2035.97 1636.13
322.67 614.77 381.06 5429.0 1359.54 589.89
267.44 347.13 459.54 680.72 772.44 568.74
842.8 1227.18 1784.44 2775.07 2895.35 1950.35
331.84 626.66 406.35 5400.54 1392.7 615.79
708.31 1075.12 1469.13 3533.08 1916.11 1088.84
852.36 1268.73 1890.29 2911.79 3209.06 2106.16
965.35 1403.5 2072.17 3250.53 3164.77 2020.44
840.47 1208.2 1706.34 2654.64 2856.79 2079.43
907.31 1325.14 1930.82 3271.82 3027.7 1934.71
541.09 870.01 992.93 4225.08 1968.62 1106.49
741.52 1029.71 1363.41 2136.23 2415.83 2011.61
387.66 645.58 711.32 4210.91 1810.22 1013.88
812.73 1226.93 1746.37 3485.18 2894.52 1812.91
682.63 1039.18 1438.71 3121.45 2357.92 1586.03
133.72 150.56 176.79 219.55 232.62 184.55
803.06 1143.58 1643.16 2518.32 2989.19 2081.24
752.66 1115.21 1535.48 3153.29 2788.8 1909.09
314.89 531.46 535.45 3718.28 1629.98 988.03
555.41 894.24 1071.64 3849.34 1718.34 974.14
342.01 464.39 652.65 972.66 954.2 633.91
824.95 1187.21 1689.55 2669.98 2531.85 1618.33
602.33 817.77 1032.12 1762.9 2128.97 1764.05
713.16 987.72 1294.97 2058.11 2361.41 1967.62
807.11 1139.65 1540.36 2427.86 2577.79 1978.07
764.73 1148.99 1463.27 3848.02 2103.17 1215.11
746.04 1038.79 1457.62 2419.85 2368.85 1670.05
206.26 393.93 308.17 3107.23 911.89 440.54
814.02 1191.43 1823.02 3023.74 2498.09 1423.24
649.43 899.05 1141.34 1858.92 2274.46 1934.82
643.07 887.27 1118.47 1824.56 2261.26 1939.65
780.83 1172.47 1510.56 3684.35 2363.23 1483.68
859.31 1254.34 1775.68 3242.63 2706.71 1688.84
332.34 592.48 579.52 4242.97 1656.3 906.35
227.46 312.02 402.59 1106.28 764.75 461.28
817.01 1193.78 1738.49 3379.47 2816.27 1637.49
644.15 951.08 1326.85 2663.32 1623.41 954.72
679.76 1013.46 1494.62 3461.61 2258.9 1273.9
745.8 1052.1 1431.79 2271.27 2486.36 1923.54
720.19 1004.99 1353.91 2160.37 2386.32 1866.87
456.29 653.46 947.8 1431.54 1572.32 1050.03
578.05 897.86 1156.01 4168.61 2049.55 1100.25
771.58 1087.98 1572.46 2495.52 2486.83 1686.48
797.67 1197.93 1633.02 3461.24 2462.42 1520.24
445.15 673.47 867.2 2455.24 1653.59 1016.98
674.08 1034.37 1490.79 3717.61 3029.35 1754.75
424.62 672.45 902.36 4016.47 1704.87 869.15
652.79 898.4 1184.62 1967.51 2307.41 1821.49
384.94 609.95 722.7 3471.83 1629.68 1029.02
757.25 1078.34 1510.89 2418.9 2665.99 1923.42
186.03 228.39 296.81 428.82 411.21 279.61
389.61 533.56 785.45 1171.95 1043.23 629.06
885.03 1303.11 1811.69 3348.85 2613.36 1646.91
891.92 1288.19 1932.85 3288.0 2722.15 1608.26
836.73 1229.35 1753.8 2932.58 2025.89 1221.34
907.67 1289.81 1904.36 2933.55 2750.83 1796.8
209.73 397.72 353.89 4334.2 1113.41 508.16
725.77 1105.71 1546.61 3273.58 2231.41 1347.19
674.95 942.57 1214.7 1987.92 2205.29 1826.54
385.05 548.83 801.13 1154.04 1093.26 722.86
829.39 1180.27 1787.82 2733.69 2427.61 1445.74
594.87 838.54 1232.12 1991.5 1890.21 1133.15
815.58 1160.72 1684.74 2677.95 2093.17 1307.54
844.03 1202.89 1747.75 2780.45 2172.42 1355.56
728.56 1029.42 1438.68 2223.44 2304.29 1724.08
273.6 358.72 480.26 727.11 739.09 529.89
879.55 1272.14 1902.91 3383.34 2690.9 1575.05
570.92 876.18 1194.21 3047.75 2248.68 1404.7
989.79 1430.5 2120.84 3244.54 3839.82 2511.14
735.47 1062.39 1429.12 2809.68 2056.94 1326.26
459.44 640.63 923.07 1389.35 1318.91 877.08
583.5 913.98 1194.07 3883.47 2253.71 1330.19
883.5 1257.85 1876.08 3095.54 2549.46 1511.38
802.97 1163.02 1636.1 2497.58 2572.91 1885.81
717.56 991.65 1273.28 2004.05 2390.25 2086.2
711.46 1029.74 1420.73 2456.88 2055.53 1340.4
899.41 1333.59 1965.84 3038.0 3373.6 2275.73
685.74 1000.8 1389.27 2609.94 2606.93 1717.94
395.97 666.38 745.72 4098.36 1766.68 969.21
903.93 1302.29 1926.87 2941.7 3478.86 2276.56
476.35 666.31 963.66 1451.86 1373.75 908.19
737.34 1043.21 1496.39 2390.32 2412.28 1667.88
818.36 1216.88 1811.86 3719.64 3463.97 2031.03
422.96 658.17 883.39 3106.97 1539.86 805.44
914.6 1330.1 2023.12 3330.12 3766.61 2300.38
822.79 1172.11 1665.75 2646.29 2773.48 1934.15
633.66 911.58 1211.35 2496.22 2366.58 1733.82
944.53 1356.48 2051.91 3299.61 2821.79 1665.7
831.68 1219.63 1743.8 2831.67 1991.46 1201.4
858.55 1273.08 1794.67 3524.14 2728.25 1718.7
548.6 925.79 929.48 4904.49 2059.94 1119.61
387.44 606.01 722.26 3137.13 1651.34 965.44
449.39 736.71 841.84 4471.04 1777.79 901.57
796.97 1188.44 1731.43 3375.29 2851.28 1792.42
917.97 1321.3 1944.95 2974.37 3521.19 2334.32
900.13 1310.16 1922.43 3346.31 3552.08 2299.35
623.6 868.66 1213.07 1870.59 1917.39 1422.61
781.91 1104.72 1540.53 2399.49 2497.84 1891.17
899.22 1296.33 1874.18 3219.66 2385.37 1468.28
282.48 499.88 463.11 4115.81 1439.44 739.52
295.4 422.39 474.71 1891.33 1092.81 827.74
219.43 402.53 377.27 4173.12 1212.02 542.03
639.86 950.72 1174.76 3150.58 2325.28 1650.77
615.47 867.7 1151.8 2367.86 1997.08 1503.13
108.89 149.81 123.29 1200.83 358.97 190.21
648.34 895.87 1133.97 1849.12 2261.97 1931.21
985.12 1423.58 2110.48 3227.59 3819.01 2497.64
526.81 747.74 1129.36 1712.89 1504.37 882.0
863.81 1268.8 1815.99 2951.64 2074.52 1249.77
837.96 1238.23 1645.15 3590.12 2242.7 1330.59
616.27 940.73 1263.16 3977.04 2105.94 1153.39
185.83 231.02 299.4 413.12 434.68 311.84
659.06 1006.71 1275.31 3802.93 2245.33 1247.88
762.33 1094.53 1539.89 2389.11 2482.85 1801.92
674.01 963.72 1417.24 2161.82 2042.69 1332.62
710.93 1028.58 1575.18 2573.83 2866.28 1698.87
527.11 810.93 1097.55 3777.72 2236.93 1332.43
868.7 1242.62 1795.27 2792.56 3158.74 2151.73
637.5 879.05 1103.1 1803.66 2239.02 1932.88
575.5 861.07 1193.57 3626.05 1970.12 1075.78
324.69 436.37 631.8 931.65 831.79 510.46
891.93 1299.22 1894.9 2956.2 3217.21 2150.39
744.08 1071.62 1577.12 2463.46 2288.82 1485.76
972.0 1474.73 2240.1 3372.01 3150.6 2015.69
549.79 834.98 1133.79 2409.54 2034.5 1304.12
660.87 1039.3 1338.64 4046.54 2575.29 1559.4
925.35 1381.18 2057.47 3048.29 2739.62 1740.53
686.74 957.15 1247.07 2014.16 2371.12 1943.53
674.16 1056.33 1271.07 4446.71 2345.95 1272.2
968.44 1464.48 2224.0 3303.3 3139.73 2023.13
589.42 811.36 1069.45 1654.96 1984.91 1628.82
750.6 1133.2 1596.65 3573.14 2731.06 1708.96
922.81 1318.62 2003.98 3070.99 2725.71 1618.08
871.82 1254.76 1795.69 2955.01 3366.63 2282.76
578.02 814.94 1127.8 1791.2 1419.05 890.87
971.94 1454.48 2174.82 3358.68 3703.19 2425.01
528.71 752.35 915.36 2369.68 1938.27 1571.55
928.67 1378.61 2047.87 3040.32 2836.25 1836.38
582.52 906.67 1161.67 3915.36 1916.83 1071.07
486.8 680.92 980.24 1673.0 1508.87 907.4
679.17 972.82 1414.08 2812.17 2026.13 1187.28
679.36 960.98 1371.13 2142.23 2159.84 1512.16
883.79 1254.53 1848.28 3010.59 2607.76 1630.48
982.67 1489.58 2269.89 3362.82 3176.63 2031.13
920.94 1359.79 1996.09 2962.69 2815.33 1896.06
301.09 583.72 317.92 5490.85 1257.79 503.25
739.82 1129.23 1481.54 3442.28 2336.87 1526.66
942.84 1356.05 1989.88 3064.57 3644.64 2429.09
706.26 993.63 1402.3 2260.18 2310.81 1605.09
567.71 828.75 968.51 2536.44 1935.07 1459.62
738.87 1085.85 1597.26 2357.14 2208.18 1450.75
814.62 1178.45 1647.43 2707.48 2157.1 1441.39
583.23 793.52 1017.11 1711.01 2033.92 1643.8
605.05 833.47 1094.82 1705.09 1930.35 1618.0
363.78 503.75 706.18 1028.72 994.19 689.93
246.39 327.41 448.34 621.22 565.45 387.47
953.42 1392.18 2130.81 3486.92 3917.68 2369.3
688.89 954.27 1252.64 2094.81 2189.74 1685.39
475.36 683.08 993.18 1502.81 1651.12 1100.88
599.1 934.94 1268.75 3709.58 2475.7 1470.53
680.39 1069.16 1382.01 4120.52 2654.04 1614.77
584.86 823.6 1209.21 1953.23 1853.99 1112.24
468.53 778.45 1037.46 4025.99 2410.54 1285.79
204.02 409.87 192.06 3074.21 779.98 350.7
502.46 780.54 1040.19 3021.07 1782.13 1074.71
796.59 1139.46 1714.47 2641.98 2416.49 1479.33
616.92 859.96 1241.42 1987.34 1871.4 1241.92
800.58 1173.93 1610.06 2971.13 2108.01 1361.53
182.19 383.81 219.34 4791.59 1215.84 598.46
795.15 1113.07 1506.36 2388.89 2382.77 1877.87
719.92 993.52 1277.99 2023.74 2392.6 2073.44
925.94 1375.63 2029.72 3023.03 2766.67 1815.07
652.08 926.48 1325.67 2054.1 2085.01 1417.8
738.07 1026.72 1439.09 2311.01 2411.09 1737.04
421.13 706.38 762.5 4515.0 1928.23 1045.96
725.71 1005.38 1298.86 2042.08 2433.63 2100.0
910.54 1299.22 1872.19 2991.87 2432.05 1577.27
849.37 1205.48 1796.68 2918.43 2443.82 1464.05
728.27 1029.96 1424.38 2298.16 2575.94 1899.41
808.47 1185.61 1617.53 3311.04 2233.89 1359.85
762.33 1112.6 1567.5 3296.4 2688.4 1686.28
539.79 748.38 987.15 1550.86 1592.29 1251.39
685.44 953.46 1240.25 1997.19 2462.29 2016.73
904.01 1303.41 1913.65 2934.62 3264.39 2154.03
575.53 792.39 1006.04 1627.46 1979.53 1677.23
822.71 1196.82 1843.01 2831.08 2478.01 1424.15
891.07 1291.24 1799.87 2908.17 2597.55 1720.36
862.94 1295.71 1911.03 3327.14 2690.22 1688.58
869.15 1290.03 1890.98 3364.8 3204.06 2032.1
425.9 796.93 647.17 4893.65 1753.13 858.42
881.25 1300.8 1905.62 2854.03 2680.07 1782.36
665.84 946.24 1376.52 2219.04 2527.83 1690.38
762.53 1108.71 1639.07 2845.12 2317.07 1354.54
890.83 1309.54 1874.41 3050.12 2152.54 1300.81
654.75 946.99 1334.41 2678.89 2137.86 1447.4
598.39 828.76 1101.98 1770.07 1819.66 1428.79
749.35 1087.19 1587.04 2446.98 2521.78 1677.96
770.02 1169.84 1698.28 3173.23 2572.32 1676.87
553.75 816.63 1127.55 2393.09 1974.98 1282.9
794.01 1136.23 1562.4 2393.49 2608.92 2069.83
377.43 503.97 640.13 967.25 1119.44 969.88
705.98 1041.25 1490.1 2962.3 2835.23 1807.1
663.64 948.67 1387.13 2132.45 2089.44 1343.48
848.58 1232.3 1745.98 2626.92 2617.54 1917.18
733.85 1068.38 1575.83 2424.01 2465.26 1591.32
718.52 1031.3 1512.45 2330.33 2283.13 1464.54
842.36 1210.29 1771.97 2708.95 3009.76 1996.71
877.06 1247.32 1844.18 3093.84 2587.8 1577.81
558.84 846.37 1163.07 3942.79 2181.13 1196.86
513.41 817.74 932.35 3524.4 1958.92 1375.39
545.88 743.4 960.47 1490.44 1717.58 1470.62
333.28 439.87 561.02 888.28 1040.44 848.36
492.69 821.65 1078.09 3768.39 1917.63 1062.82
543.11 806.49 1124.39 2713.29 1964.69 1256.02
681.14 972.79 1435.53 2320.65 2629.67 1703.33
304.26 427.65 559.76 1313.91 698.78 428.77
828.51 1211.42 1856.42 3039.97 2538.44 1455.74
897.56 1309.48 1908.76 3368.69 3546.41 2297.13
456.15 636.26 913.31 1384.27 1357.09 885.73
597.95 892.49 1211.99 3139.22 2006.62 1225.76
754.51 1090.63 1528.43 2499.78 1943.63 1277.35
412.77 690.89 875.04 3803.13 1775.07 924.85
921.84 1368.96 2035.63 3018.09 2807.36 1811.89
882.65 1271.63 1952.36 2996.82 2648.98 1529.71
626.51 887.4 1296.45 1961.08 2312.87 1525.47
604.29 844.2 1244.45 2001.51 1673.47 1008.22
339.04 463.18 677.17 1063.77 1181.65 725.36
752.79 1122.4 1654.34 2780.14 2850.31 1857.47
683.1 953.87 1233.45 2245.67 2204.46 1798.87
382.1 545.84 609.51 1995.95 1328.13 977.73
614.14 898.67 1323.41 2021.47 2224.61 1470.94
330.03 591.23 615.6 4826.74 1819.89 916.55
789.78 1156.0 1738.06 3444.86 2504.43 1411.4
962.0 1398.0 2014.0 3173.0 2939.0 1816.0
69.0 191.5 59.0 4653.5 930.0 346.0
134.0 394.5 95.5 5146.0 1087.0 409.5
969.0 1403.0 2079.0 3181.0 3518.0 2279.0
155.0 368.0 123.0 5163.0 1156.0 447.0
89.8 263.8 87.2 4769.8 1060.5 381.0
971.0 1390.0 2115.5 3245.0 2879.5 1707.0
122.0 299.0 89.0 4632.0 914.0 354.0
72.0 203.8 71.8 4231.5 957.5 341.5
907.5 1325.5 2047.5 3151.5 2757.0 1579.5
948.0 1357.0 1978.0 3155.0 2462.0 1531.0
56.8 180.8 53.0 4412.8 873.5 325.0
119.5 322.5 80.5 4825.8 970.8 371.8
948.0 1376.0 2046.0 3146.0 2970.0 1921.0
911.0 1341.0 1922.0 3127.8 2196.5 1320.8
985.0 1493.5 2276.8 3372.5 3183.8 2033.8
76.2 218.5 55.5 4643.8 764.8 282.8
962.5 1390.0 1954.5 3151.5 2480.0 1527.0
959.5 1435.2 2145.2 3160.2 2832.8 1787.8
88.5 243.0 63.5 4918.0 903.5 321.0
978.0 1422.0 2105.0 3266.0 3199.0 2037.0
79.2 209.2 66.0 4931.0 970.2 374.0
222.2 574.0 104.8 5481.0 1198.8 463.2
992.0 1434.0 2127.0 3253.0 3849.0 2515.0
980.5 1432.2 2016.0 3245.2 2807.8 1800.2
966.0 1422.0 2112.0 3259.5 3477.0 2237.5
109.2 304.0 68.8 5231.2 1052.0 412.0
978.0 1434.0 2220.0 3640.0 4073.0 2397.0
81.5 229.5 75.0 4588.5 1023.0 369.5
937.0 1353.0 2081.0 3198.0 2826.0 1629.0
924.0 1316.0 1970.0 3207.0 2671.0 1584.0
102.5 315.2 89.5 4914.0 1200.8 467.0
980.0 1467.0 2194.0 3388.8 3736.5 2446.5
955.0 1376.0 2056.0 3368.0 3193.0 1885.0
977.5 1462.0 2197.0 3231.5 2940.0 1846.5
939.0 1381.8 2053.5 3176.2 3230.8 2074.0
265.0 540.0 222.0 5608.0 1151.0 427.0
83.0 265.0 84.5 4714.5 1156.5 420.5
245.0 494.0 207.0 5231.5 1090.0 397.0
304.0 635.0 236.5 5868.5 1229.5 464.5
138.0 335.0 114.0 4964.0 1063.0 407.0
53.8 244.8 74.8 4340.2 1057.2 381.2
560.0 749.0 922.0 1597.0 2053.0 1760.0
629.0 865.0 1077.0 1766.0 2207.0 1925.0
703.0 966.0 1222.0 1927.0 2335.0 2087.0
100.0 100.0 100.0 100.0 100.0 100.0
