0.471
0.6255
0.1967
0.0879
0.1061
0.6705
0.052
0.5503
0.8155
0.9068
0.1946
0.0177
0.613
0.4502
0.7758
0.4113
0.8399
0.884
0.5255
0.9719
0.8087
0.2067
0.6863
0.5082
0.8954
0.6352
0.1756
0.3786
0.7978
0.4594
0.8799
0.0243
0.4073
0.1811
0.8926
0.3372
0.2865
0.3341
0.4991
0.0774
0.21
0.4942
0.3676
0.9277
0.8603
0.9684
0.0553
0.7607
0.6625
0.6145
0.9911
0.9337
0.8753
0.2396
0.1437
0.1702
0.5706
0.6328
0.2253
0.8219
0.8582
0.6398
0.4092
0.205
0.2441
0.9137
0.8691
0.1394
0.6396
0.9967
0.783
0.4492
0.5925
0.8941
0.7148
0.6445
0.6491
0.8668
0.2612
0.5176
0.1961
0.7753
0.8453
0.3243
0.408
0.7629
0.637
0.9787
0.531
0.3368
0.4054
0.8433
0.2423
0.7102
0.2044
0.099
0.8155
0.6398
0.3468
0.5102
0.0639
0.4768
0.2496
0.2905
0.6267
0.251
0.1204
0.3964
0.8751
0.5542
0.214
0.5546
0.4677
0.0943
0.0052
0.2996
0.2888
0.4265
0.6244
0.5322
0.3842
0.7954
0.2665
0.8603
0.1872
0.3261
0.3243
0.6452
0.9364
0.3094
0.5089
0.7557
0.8062
0.7466
0.0101
0.1329
0.6981
0.3918
0.2252
0.1228
0.9272
0.372
0.8024
0.0896
0.8395
0.2145
0.5899
0.8243
0.7246
0.203
0.358
0.7293
0.8444
0.5363
0.4239
0.0999
0.5464
0.4428
0.9193
0.5015
0.8535
0.3551
0.3499
0.8513
0.3543
0.2815
0.8855
0.1584
0.8375
0.6486
0.0471
0.9164
0.9269
0.1814
0.3621
0.7482
0.2687
0.208
0.9954
0.7123
0.7001
0.64
0.0414
0.4892
0.7876
0.7854
0.3316
0.8009
0.3564
0.2729
0.7054
0.8716
0.326
0.7189
0.5797
0.621
0.9714
0.672
0.2462
0.3046
0.8383
0.7823
0.5505
0.8061
0.4506
0.9613
0.4153
0.3074
0.5885
0.5096
0.8811
0.6576
0.1995
0.0574
0.2378
0.5147
0.4259
0.2595
0.3456
0.3316
0.1873
0.4459
0.7929
0.6492
0.6556
0.2324
0.6035
0.0803
0.2763
0.9834
0.1337
0.5625
0.0053
0.1994
0.7265
0.1303
0.464
0.7335
0.7642
0.4156
0.6866
0.0862
0.8258
0.5952
0.3201
0.565
0.2381
0.0342
0.1637
0.0278
0.9916
0.7779
0.2491
0.174
0.199
0.9334
0.8969
0.4699
0.7636
0.3985
0.742
0.1445
0.8108
0.1615
0.7644
0.6981
0.5699
0.3626
0.9916
0.2708
0.3926
0.2036
0.2816
0.5701
0.5138
0.7338
0.3816
0.3615
0.0641
0.4224
0.4678
0.499
0.8193
0.9981
0.4406
0.5865
0.5875
0.7449
0.9652
0.6097
0.2613
0.3972
0.8333
0.868
0.165
0.2381
0.4548
0.5096
0.1595
0.4638
0.2583
0.8476
0.9207
0.7977
0.8849
0.4475
0.3226
0.4251
0.0217
0.0562
0.5542
0.7661
0.7602
0.9677
0.1337
0.0307
0.7711
0.3572
0.2095
0.0002
0.5332
0.487
0.8477
0.4156
0.8025
0.73
0.3634
0.5641
0.6726
0.4623
0.6913
0.1947
0.7602
0.5461
0.5631
0.1565
0.9096
0.5274
0.5634
0.7021
0.3121
0.3894
0.6449
0.256
0.8365
0.8502
0.5694
0.0009
0.9368
0.3273
0.9963
0.5259
0.7309
0.3725
0.8229
0.6111
0.7322
0.7844
0.4703
0.4557
0.5297
0.0987
0.0241
0.3826
0.7352
0.8596
0.9131
0.7748
0.9356
0.6804
0.8127
0.1193
0.075
0.1533
0.2267
0.2875
0.448
0.5845
0.2271
0.8991
0.7683
0.5894
0.3444
0.212
0.4234
0.0988
0.8563
0.9891
0.6176
0.5318
0.9689
0.8536
0.5349
0.8693
0.4556
0.0785
0.6099
0.3482
0.6387
0.9092
0.0737
0.0909
0.319
0.8525
0.6735
0.9053
0.1317
0.81
0.3657
0.2489
0.635
0.9707
0.7019
0.2193
0.2132
0.4415
0.5828
0.1883
0.9034
0.6262
0.9198
0.8552
0.9203
0.2716
0.5557
0.6238
0.5093
0.4968
0.3456
0.0285
0.9519
0.3761
0.4416
0.673
0.444
0.1625
0.5401
0.6816
0.372
0.46
0.4148
0.6954
0.6093
0.1056
0.1293
0.4296
0.4135
0.1789
0.8949
0.8098
0.7718
0.361
0.9814
0.9777
0.1831
0.1767
0.7783
0.2507
0.3156
0.1274
0.9718
0.6605
0.9913
0.4533
0.552
0.4339
0.5481
0.5466
0.2303
0.5047
0.2822
0.2719
0.7068
0.7194
0.4747
0.2641
0.3074
0.0159
0.2527
0.1074
0.3358
0.7925
0.683
0.3298
0.694
0.8344
0.9201
0.0412
0.0339
0.2148
0.9073
0.3457
0.8089
0.7811
0.1621
0.395
0.86
0.8263
0.5708
0.1519
0.6417
0.571
0.6275
0.2345
0.0665
0.5561
0.1331
0.9978
0.45
0.248
0.6313
0.2255
0.864
0.0553
0.7641
0.6776
0.3732
0.287
0.9192
0.1282
0.5785
0.4198
0.9518
0.0566
0.4378
0.8592
0.0999
0.6094
0.7671
0.973
0.2136
0.1153
0.9952
0.7308
0.7401
0.8774
0.6681
0.2433
0.2296
0.805
0.3515
0.2003
0.2223
0.121
0.653
0.888
0.819
0.8539
0.5041
0.8612
0.4689
0.8676
0.0106
0.5546
0.6375
0.8555
0.0326
0.8494
0.5447
0.8246
0.9385
0.5615
0.9868
0.1987
0.9767
0.971
0.487
0.7297
0.4883
0.4258
0.4282
0.7835
0.2686
0.1893
0.1728
0.4533
0.8107
0.7704
0.9038
0.4406
0.4229
0.7081
0.541
0.408
0.3025
0.3772
0.1761
0.4116
0.7457
0.3834
0.217
0.558
0.2528
0.3665
0.5845
0.7657
0.1573
0.7616
0.3879
0.8244
0.8703
0.5444
0.1864
0.1728
0.8431
0.719
0.724
0.7324
0.6811
0.4547
0.8357
0.3518
0.6794
0.7574
0.3982
0.9069
0.9781
0.8572
0.8392
0.8332
0.5119
0.4871
0.1279
0.4536
0.3557
0.5597
0.0149
0.6281
0.4494
0.0216
0.4783
0.7268
0.3264
0.0031
0.6286
0.8095
0.9294
0.3478
0.6948
0.2683
0.3027
0.0579
0.4278
0.7771
0.4309
0.372
0.4627
0.4011
0.3489
0.2302
0.174
0.1491
0.3208
0.7308
0.5387
0.7976
0.6358
0.1979
0.3333
0.4186
0.4397
0.9339
0.3825
0.9228
0.2147
0.7109
0.1617
0.8516
0.5381
0.5885
0.5719
0.4369
0.1667
0.6973
0.7172
0.977
0.9744
0.1985
0.2628
0.0566
0.8632
0.4357
0.9667
0.3448
0.0831
0.6058
0.4172
0.4176
0.1922
0.5898
0.1629
0.422
0.2062
0.7817
0.0861
0.7663
0.8982
0.5651
0.034
0.4826
0.8792
0.3596
0.8227
0.0821
0.7343
0.3921
0.0194
0.8771
0.9721
0.7201
0.0734
0.4224
0.5236
0.8329
0.2922
0.2655
0.3287
0.6388
0.3143
0.596
0.8953
0.0402
0.4039
0.6094
0.4039
0.034
0.5058
0.8538
0.4998
0.1512
0.988
0.4389
0.2979
0.2214
0.7848
0.6168
0.0272
0.0172
0.4723
0.8564
0.545
0.8393
0.0655
0.1352
0.7089
0.9184
0.417
0.5577
0.3139
0.5083
0.665
0.502
0.8299
0.7315
0.0145
0.8565
0.4267
0.6622
0.3724
0.279
0.4345
0.0599
0.2278
0.8812
0.1193
0.3874
0.1332
0.7198
0.1452
0.3045
0.1801
0.6703
0.3112
0.9488
0.2605
0.0829
0.7769
0.9786
0.0559
0.355
0.703
0.1116
0.2694
0.6719
0.4319
0.7537
0.375
0.0523
0.4516
0.6993
0.5646
0.8243
0.9407
0.8387
0.6612
0.7653
0.6133
0.3168
0.5468
0.0555
0.9154
0.5092
0.4077
0.2519
0.4576
0.6072
0.7476
0.8489
0.1093
0.1887
0.6022
0.5137
0.2674
0.0287
0.0862
0.3448
0.4922
0.0402
0.1755
0.0482
0.6533
0.8352
0.9264
0.7767
0.5258
0.8653
0.6065
0.9622
0.1808
0.1632
0.3044
0.8882
0.9253
0.8955
0.1413
0.7832
0.2393
0.4609
0.9421
0.5752
0.8161
0.7811
0.5733
0.2012
0.0362
0.628
0.0085
0.4551
0.817
0.4165
0.224
0.3543
0.7073
0.7822
0.3925
0.7627
0.9389
0.6566
0.4532
0.5782
0.0468
0.7338
0.4638
0.7236
0.7778
0.2846
0.698
0.4531
0.8878
0.9346
0.1407
0.8781
0.8464
0.9415
0.4744
0.6391
0.6737
0.8466
0.01
0.5107
0.1092
0.6482
0.4092
0.5863
0.2887
0.9505
0.7434
0.7223
0.0223
0.3693
0.0459
0.3787
0.8802
0.877
0.8864
0.2365
0.9289
0.8713
0.2804
0.3917
0.7721
0.5671
0.9912
0.5806
0.5026
0.0822
0.6963
0.8913
0.2383
0.5763
0.9927
0.6153
0.2528
0.7024
0.0899
0.7214
0.2268
0.5439
0.7428
0.6737
0.7881
0.2717
0.1619
0.5455
0.6196
0.832
0.3305
0.2636
0.4866
0.0746
0.1628
0.1523
0.2578
0.9924
0.4902
0.9422
0.1199
0.9441
0.7591
0.2301
0.2853
0.869
0.5967
0.5635
0.7762
0.7998
0.7555
0.1214
0.4218
0.2101
0.3324
0.9772
0.575
0.9422
0.4878
0.7742
0.0377
0.9306
0.9785
0.5477
0.2624
0.4996
0.0559
0.2868
0.434
0.5075
0.1128
0.7028
0.9458
0.4947
0.3505
0.878
0.3183
0.4343
0.102
0.392
0.9413
0.7087
0.4979
0.0164
0.4892
0.9622
0.7706
0.0176
0.3897
0.6276
0.12
0.5771
0.3605
0.1154
0.0269
0.7685
0.7206
0.511
0.4565
0.3955
0.8904
0.6315
0.1066
0.3412
0.0
1.0
1.0
0.0
1.0
1.0
0.0
1.0
1.0
0.0
0.0
1.0
1.0
0.0
0.0
0.0
1.0
0.0
0.0
1.0
0.0
1.0
1.0
0.0
0.0
0.0
1.0
0.0
1.0
0.0
0.0
1.0
0.0
0.0
0.0
0.0
1.0
1.0
1.0
1.0
1.0
1.0
0.0
0.0
0.0
0.0
