0.7353
0.4932
0.7249
0.3836
0.7677
0.7703
0.4176
0.183
0.2455
0.8418
0.3726
0.5534
0.8374
0.0819
0.9436
0.1315
0.7301
0.1761
0.3767
0.2935
0.5756
0.8923
0.6856
0.8129
0.0346
0.4349
0.8019
0.7078
0.4219
0.8785
0.1798
0.4211
0.6703
0.1677
0.2378
0.1766
0.787
0.9345
0.0227
0.4828
0.9508
0.2357
0.1646
0.6641
0.7176
0.7294
0.4207
0.4571
0.6024
0.2115
0.5917
0.9007
0.4543
0.6363
0.211
0.0034
0.074
0.6046
0.4593
0.176
0.919
0.8622
0.6014
0.1818
0.3313
0.6068
0.1223
0.8583
0.8736
0.7633
0.3692
0.5795
0.1206
0.3896
0.7266
0.6891
0.3549
0.5066
0.9831
0.8366
0.8953
0.2729
0.5814
0.8077
0.8061
0.7217
0.2891
0.7155
0.7234
0.7095
0.7063
0.6183
0.9029
0.1732
0.638
0.8234
0.731
0.8052
0.1215
0.529
0.4902
0.9626
0.8451
0.8264
0.0002
0.3726
0.456
0.577
0.1711
0.8298
0.2109
0.8605
0.3505
0.4036
0.1006
0.3037
0.6618
0.5558
0.8512
0.9039
0.4159
0.3809
0.9835
0.089
0.1101
0.5261
0.0098
0.4811
0.1967
0.7821
0.2785
0.2445
0.1352
0.5916
0.6287
0.4134
0.8389
0.2694
0.3502
0.3128
0.0887
0.3829
0.6456
0.0073
0.6153
0.1808
0.4442
0.868
0.8253
0.4121
0.7313
0.7931
0.9201
0.1336
0.4044
0.6265
0.4561
0.7133
0.7886
0.9708
0.1318
0.3302
0.696
0.4638
0.6674
0.8237
0.9193
0.1588
0.2907
0.3923
0.2435
0.1742
0.8764
0.8143
0.7622
0.8137
0.3811
0.1758
0.2328
0.0239
0.9925
0.9327
0.9779
0.7124
0.4851
0.4735
0.925
0.2651
0.2583
0.0818
0.4704
0.4278
0.3332
0.6965
0.1156
0.4975
0.9876
0.6908
0.7612
0.3151
0.7672
0.435
0.9366
0.799
0.8464
0.5113
0.5747
0.6297
0.0236
0.6604
0.9666
0.941
0.595
0.755
0.5431
0.6621
0.1942
0.0454
0.121
0.835
0.151
0.6943
0.6432
0.0624
0.2545
0.8652
0.8216
0.6541
0.5687
0.7526
0.1395
0.0744
0.6998
0.9911
0.8247
0.0119
0.4626
0.6166
0.4089
0.9695
0.1126
0.8066
0.0234
0.698
0.2644
0.9845
0.0534
0.1309
0.7608
0.3864
0.2806
0.96
0.9182
0.8474
0.3643
0.8227
0.0891
0.6707
0.7452
0.1087
0.8138
0.886
0.3971
0.1882
0.1795
0.4934
0.5136
0.5503
0.4433
0.6012
0.5169
0.3664
0.522
0.2759
0.4829
0.9838
0.0993
0.3527
0.628
0.894
0.201
0.7874
0.223
0.6377
0.3582
0.1967
0.9789
0.8295
0.2485
0.2839
0.1697
0.5895
0.3047
0.7026
0.5344
0.2135
0.6342
0.8388
0.1976
0.5174
0.7161
0.5593
0.5139
0.6532
0.8936
0.8336
0.6587
0.2775
0.5615
0.1607
0.0999
0.5117
0.9794
0.4435
0.851
0.5709
0.5875
0.0973
0.7558
0.3393
0.6383
0.6851
0.2842
0.2999
0.2672
0.0039
0.2192
0.7738
0.0266
0.9458
0.6982
0.414
0.4353
0.9656
0.2659
0.4584
0.7183
0.7733
0.9883
0.4434
0.6342
0.1818
0.8571
0.2817
0.9706
0.5925
0.4208
0.9529
0.4437
0.3285
0.2417
0.2803
0.6665
0.3766
0.2647
0.2314
0.9191
0.2206
0.6214
0.2077
0.1936
0.6973
0.3815
0.0083
0.2355
0.809
0.1632
0.608
0.5697
0.4458
0.3106
0.9258
0.0553
0.5521
0.7597
0.1901
0.0643
0.7545
0.1796
0.4892
0.7222
0.24
0.8501
0.8201
0.9875
0.2474
0.5196
0.529
0.2803
0.7404
0.7886
0.6573
0.3603
0.5969
0.2171
0.4836
0.4911
0.5031
0.5989
0.7845
0.2518
0.2235
0.3692
0.903
0.1386
0.9989
0.3946
0.1214
0.9544
0.5481
0.2829
0.7064
0.3663
0.3996
0.8916
0.7082
0.8363
0.625
0.8828
0.0127
0.3751
0.4552
0.0357
0.4845
0.9617
0.5689
0.1369
0.754
0.1397
0.2185
0.9985
0.2397
0.5677
0.8139
0.2207
0.3492
0.2981
0.8974
0.1304
0.629
0.1554
0.8231
0.2917
0.7779
0.0271
0.0431
0.2523
0.6123
0.0539
0.6471
0.9383
0.8812
0.1079
0.5177
0.4199
0.823
0.8258
0.4558
0.0391
0.0725
0.5449
0.6134
0.8252
0.4821
0.7578
0.8986
0.6047
0.5051
0.679
0.9315
0.5689
0.7264
0.5968
0.0948
0.0621
0.4332
0.1284
0.5732
0.1476
0.2851
0.946
0.8642
0.2486
0.1764
0.5623
0.8416
0.612
0.4989
0.8391
0.4051
0.3241
0.5252
0.6511
0.9612
0.9392
0.3336
0.7155
0.5947
0.0516
0.9311
0.5582
0.1089
0.856
0.2383
0.8663
0.5227
0.5037
0.3836
0.4147
0.056
0.8576
0.5167
0.3416
0.9491
0.9484
0.4275
0.5066
0.4534
0.6639
0.2158
0.3856
0.4546
0.3206
0.9369
0.9294
0.6561
0.7705
0.272
0.8451
0.5716
0.4497
0.1228
0.9101
0.4935
0.4443
0.7672
0.0231
0.3722
0.1795
0.6518
0.6656
0.5759
0.2816
0.6591
0.6874
0.805
0.9986
0.3524
0.2646
0.6105
0.9416
0.2745
0.776
0.0977
0.4212
0.0889
0.7993
0.6775
0.8291
0.5716
0.1528
0.5038
0.4618
0.2969
0.7579
0.573
0.637
0.6239
0.358
0.0599
0.0164
0.7339
0.1985
0.5606
0.9881
0.8893
0.604
0.5839
0.3978
0.2859
0.563
0.2493
0.3945
0.7732
0.7973
0.2376
0.5835
0.2022
0.6217
0.5409
0.1029
0.6088
0.4379
0.4905
0.2062
0.3307
0.7534
0.8806
0.6778
0.2719
0.9748
0.2593
0.1663
0.373
0.7611
0.053
0.8873
0.5007
0.4613
0.4735
0.3158
0.7036
0.4764
0.4418
0.8918
0.5608
0.1239
0.1846
0.3127
0.6257
0.5904
0.2802
0.7458
0.4664
0.517
0.8429
0.3362
0.7417
0.2065
0.9151
0.625
0.4967
0.168
0.18
0.4631
0.5524
0.7486
0.6411
0.2969
0.3539
0.647
0.7036
0.6489
0.6449
0.2773
0.567
0.4417
0.7638
0.2268
0.6775
0.0169
0.3721
0.8965
0.4463
0.5138
0.8875
0.7648
0.0545
0.2577
0.9074
0.4896
0.1334
0.7358
0.5079
0.4327
0.3917
0.8611
0.2612
0.7748
0.6324
0.264
0.8465
0.5917
0.4175
0.3032
0.9522
0.168
0.0419
0.5564
0.8988
0.6253
0.0833
0.365
0.7538
0.2265
0.0127
0.2177
0.9553
0.1128
0.7592
0.8796
0.6383
0.2527
0.3115
0.2892
0.5326
0.8695
0.3679
0.1693
0.3222
0.275
0.4349
0.6974
0.2411
0.4184
0.7989
0.0106
0.2871
0.0407
0.3592
0.0939
0.022
0.1163
0.9452
0.8508
0.9694
0.3028
0.6886
0.3726
0.5876
0.4661
0.0365
0.8751
0.2717
0.3993
0.4403
0.5318
0.0571
0.7964
0.7188
0.9746
0.4508
0.7978
0.2721
0.9936
0.6945
0.3526
0.7622
0.8666
0.4113
0.4767
0.875
0.4264
0.7697
0.0384
0.43
0.4315
0.9607
0.3139
0.1525
0.5025
0.9058
0.1683
0.0005
0.2848
0.8256
0.2496
0.2643
0.2514
0.8171
0.7739
0.3527
0.4492
0.2117
0.1052
0.9456
0.8479
0.5502
0.6166
0.1247
0.3356
0.9717
0.1416
0.4104
0.3817
0.4139
0.2508
0.1347
0.8766
0.6001
0.3591
0.7783
0.338
0.0033
0.6471
0.298
0.5645
0.2258
0.6753
0.0579
0.2417
0.9016
0.3544
0.5514
0.3589
0.4687
0.6611
0.5375
0.9262
0.4753
0.9426
0.4495
0.4513
0.6707
0.6334
0.0537
0.3893
0.0976
0.6895
0.6032
0.1799
0.3609
0.1408
0.1649
0.5748
0.3297
0.6626
0.2169
0.3134
0.6317
0.7139
0.5971
0.4334
0.0061
0.6652
0.7121
0.3988
0.5159
0.4358
0.3933
0.5788
0.3288
0.0436
0.5778
0.7235
0.1692
0.7901
0.3743
0.3653
0.7145
0.0246
0.9032
0.0713
0.8085
0.9662
0.7248
0.5072
0.7509
0.3039
0.0044
0.7589
0.4082
0.5936
0.2743
0.0058
0.7972
0.1205
0.1341
0.8021
0.2202
0.2808
0.0526
0.6637
0.5806
0.0819
0.3504
0.3144
0.724
0.4735
0.69
0.477
0.841
0.063
0.0247
0.6905
0.9272
0.1532
0.6504
0.5328
0.6752
0.985
0.8065
0.1103
0.9741
0.538
0.815
0.1055
0.1765
0.0962
0.0972
0.525
0.9155
0.3483
0.7966
0.2205
0.4839
0.1373
0.1239
0.9298
0.8693
0.27
0.5181
0.5469
0.7142
0.9102
0.3016
0.8658
0.6871
0.8869
0.4742
0.0256
0.3346
0.8847
0.9918
0.6578
0.1279
0.1196
0.7177
0.1203
0.7781
0.8952
0.0661
0.3698
0.7803
0.9586
0.0983
0.5305
0.0216
0.6127
0.8446
0.5762
0.8984
0.5536
0.2306
0.4398
0.3537
0.4291
0.1709
0.0426
0.5837
0.7573
0.2883
0.5417
0.9947
0.4379
0.1117
0.8515
0.6735
0.1244
0.7035
0.1566
0.3943
0.8996
0.5644
0.5676
0.7527
0.0785
0.7833
0.6607
0.7937
0.9419
0.6047
0.3942
0.0366
0.7538
0.8413
0.3356
0.7273
0.1586
0.9675
0.8455
0.2795
0.9378
0.5004
0.8022
0.9118
0.8883
0.7376
0.7126
0.7501
0.1237
0.117
0.874
0.8798
0.6512
0.6018
0.1336
0.8696
0.575
0.9319
0.224
0.2958
0.2028
0.3397
0.5336
0.6387
0.1592
0.7176
0.8013
0.2657
0.0
0.0
0.0
0.0
0.0
0.0
0.0
0.0
0.0
0.0
0.0
0.0
0.0
0.0
0.0
0.0
0.0
0.0
0.0
0.0
0.0
0.0
0.0
0.0
0.0
0.0
0.0
0.0
0.0
0.0
0.0
0.0
0.0
0.0
0.0
0.0
0.0
0.0
0.0
0.0
0.0
0.0
1.0
1.0
1.0
0.0
