894.15 1292.96 1850.19 2921.7 2744.46 1730.07
433.0 718.28 794.72 4539.23 1863.86 946.71
625.71 934.09 1184.99 3386.82 1903.56 1182.64
552.58 781.01 1138.59 1725.67 1631.74 1071.88
809.48 1147.21 1608.43 2590.28 3007.96 2207.03
359.49 723.63 484.38 5042.49 1511.34 687.12
424.19 693.04 853.49 4034.52 1656.74 850.89
348.96 478.26 701.13 1103.77 1226.55 751.31
802.79 1160.7 1717.77 3374.73 2506.08 1479.63
897.64 1311.91 2025.97 3316.01 3709.38 2186.77
676.81 1004.69 1262.85 3057.17 2383.33 1697.05
741.81 1122.93 1566.57 3582.03 2800.15 1733.7
526.09 819.22 1156.93 4019.11 2503.42 1380.53
783.53 1121.17 1628.82 2528.79 2480.74 1682.17
557.19 793.7 1104.14 1673.65 1681.77 1231.96
583.73 828.4 1174.08 1824.48 1693.17 1062.97
735.34 1126.49 1401.3 4054.8 2240.11 1329.68
684.85 1027.84 1447.13 3578.4 2473.74 1488.4
482.68 699.26 983.28 2266.06 1553.77 974.79
527.73 751.78 1040.47 1825.03 1784.93 1255.63
509.5 711.13 1036.81 1665.18 1581.37 954.91
748.97 1068.74 1477.0 2335.47 2591.66 1932.3
961.39 1400.89 1963.05 3170.84 2774.41 1813.46
787.63 1151.98 1747.5 3140.11 3251.28 1941.82
820.7 1162.82 1670.44 2765.86 2805.4 1842.5
590.11 797.66 1009.22 1717.2 2124.16 1772.49
580.05 858.8 1176.09 2435.2 2010.77 1268.72
429.2 584.27 756.35 1188.7 1385.96 1125.54
683.59 1047.53 1491.29 3354.98 2740.34 1726.43
770.27 1175.96 1754.29 3167.5 2568.4 1606.69
583.25 870.33 1161.77 3762.01 1855.58 1100.86
825.95 1167.45 1701.97 2621.44 2505.13 1688.48
126.69 286.39 168.39 4552.11 851.39 345.58
402.06 678.33 753.49 4532.88 1891.94 1047.92
934.42 1354.06 2006.66 3091.79 2937.91 1915.37
913.01 1299.65 1935.94 3167.03 2652.49 1597.53
784.02 1111.61 1663.42 2550.68 2315.68 1428.66
467.53 651.09 937.0 1403.08 1545.61 1021.59
216.19 273.41 365.82 544.11 520.33 342.58
430.25 681.9 843.34 4218.13 1626.48 837.62
667.38 971.61 1367.69 2819.67 2071.55 1261.44
832.95 1206.57 1800.75 3460.57 2581.12 1498.7
573.71 808.94 1182.62 1962.27 1822.78 1091.44
806.55 1147.04 1591.74 2563.59 2596.4 1794.35
687.44 965.11 1264.8 2011.74 2329.91 1911.84
675.73 1061.42 1374.89 4023.73 2179.78 1259.42
704.1 1005.81 1475.74 2241.82 2476.09 1614.77
111.57 171.41 131.92 1732.66 392.5 202.17
691.93 963.65 1265.99 2075.26 2397.34 1917.28
581.01 916.61 1258.0 3831.98 2091.71 1192.92
891.89 1299.16 1894.79 2956.05 3217.08 2150.34
591.47 857.17 1230.86 2387.22 1744.07 997.03
615.14 836.44 1075.82 1808.39 2282.26 1856.37
508.06 783.14 1084.68 3710.49 1899.45 990.56
572.25 881.98 1057.23 3572.79 1962.68 1248.58
857.55 1276.88 1731.83 3600.89 2667.63 1601.46
179.0 401.64 226.65 4726.43 1162.05 515.26
782.83 1160.15 1576.39 3796.16 2341.12 1329.11
155.84 312.02 239.38 4780.27 1189.65 538.08
408.72 557.23 814.38 1214.72 1085.17 669.59
817.93 1215.24 1808.35 2783.11 3066.78 2014.35
625.5 870.56 1092.66 1959.1 2175.9 1836.85
634.59 945.89 1203.47 3256.57 2130.8 1413.59
768.84 1075.18 1433.41 2247.59 2541.86 2075.03
682.52 1032.03 1524.92 3887.88 3046.73 1732.39
652.33 974.72 1256.71 3017.77 2131.84 1478.56
278.9 465.59 538.2 3269.0 1225.11 626.27
368.96 736.91 492.76 5029.02 1654.55 820.03
889.64 1298.43 1995.69 3109.83 2721.04 1576.24
794.01 1135.73 1687.69 2752.65 2610.6 1548.89
323.75 596.68 574.96 4493.47 1605.75 802.96
898.03 1351.75 2042.11 3027.74 2888.43 1882.24
705.76 971.04 1231.92 1940.25 2340.35 2083.79
780.12 1131.75 1602.5 2534.59 2481.09 1756.29
700.03 1112.49 1403.83 3944.59 2553.36 1536.98
685.22 955.06 1247.78 2009.21 2341.47 1924.3
852.73 1300.54 1851.14 3647.67 2626.72 1597.92
940.01 1359.83 1906.79 3189.31 2440.98 1497.27
661.82 1019.53 1257.47 4034.83 2164.89 1221.91
559.79 775.1 1052.8 1675.75 1593.84 1189.58
607.54 888.44 1307.7 1907.06 1713.73 1096.66
267.04 363.86 442.03 1206.6 761.53 547.1
962.65 1380.07 2095.35 3263.96 2861.62 1694.06
435.03 682.47 835.51 4038.19 1564.97 829.81
681.58 947.77 1215.34 1984.43 2250.04 1862.25
116.76 126.03 139.87 159.66 153.28 132.91
652.93 902.5 1148.85 1883.58 2279.37 1922.06
346.59 567.69 661.4 4009.24 1387.51 709.59
893.37 1303.72 1921.73 3236.95 2847.25 1823.18
715.48 1008.33 1439.08 2297.8 1896.24 1246.36
821.67 1195.25 1688.2 3374.9 2232.52 1352.5
442.21 659.87 887.85 2292.92 1496.63 1014.69
480.94 651.61 827.38 1286.11 1474.78 1274.95
874.46 1261.24 1863.7 2845.81 3146.15 2041.94
555.4 931.21 952.77 4817.8 2079.03 1139.48
677.33 999.06 1342.88 3211.05 1861.74 1106.48
679.63 993.93 1227.24 2729.52 2350.88 1837.66
932.73 1343.42 1962.16 3010.03 3356.71 2252.82
871.04 1285.12 1963.3 3684.84 3682.39 2148.98
806.75 1164.23 1669.29 2619.55 2427.69 1506.95
493.62 688.72 946.35 1492.63 1186.17 751.25
821.67 1179.27 1739.94 2650.92 3133.11 2053.85
596.02 832.19 1113.15 1916.54 2018.91 1518.17
931.32 1329.09 1995.02 3073.42 2801.48 1732.29
854.53 1278.14 1903.91 3035.86 2588.49 1617.38
281.94 361.75 463.11 717.79 796.43 629.42
830.27 1229.05 1766.49 3138.95 3030.95 1970.49
894.46 1308.58 1818.61 3257.71 2638.62 1702.16
270.37 441.82 441.79 2017.59 869.45 497.39
430.92 647.87 821.38 3061.11 1364.65 761.64
837.34 1178.76 1676.7 2705.09 2539.25 1781.23
350.55 620.34 641.39 4525.36 1538.23 771.46
520.54 704.76 886.02 1378.98 1661.61 1481.48
241.04 386.36 380.3 2948.11 1148.14 680.36
501.8 737.04 846.77 2788.18 1911.75 1476.28
608.92 830.15 1080.43 1815.82 2152.1 1734.59
920.24 1338.88 1958.08 3214.45 3048.97 1966.03
567.2 805.35 1131.96 1723.21 1753.62 1256.85
633.18 975.43 1287.84 3953.55 2320.51 1367.44
751.37 1049.87 1385.69 2172.07 2545.03 2114.68
589.13 837.59 1242.19 1906.63 1755.42 1103.56
734.17 1074.79 1394.21 3249.92 2339.91 1609.28
660.46 975.66 1378.57 3146.4 2478.02 1560.84
696.41 990.62 1354.58 2693.41 2386.75 1700.05
842.75 1245.39 1723.13 3414.11 2518.52 1580.17
693.79 1072.0 1290.56 4226.13 1975.48 1110.01
776.94 1126.18 1713.27 2808.25 3145.6 1903.26
753.46 1050.44 1391.7 2178.05 2465.78 2052.81
411.85 569.25 815.64 1220.17 1155.45 769.67
442.41 652.23 848.38 2203.67 1380.68 825.82
617.34 841.57 1077.76 1821.8 2179.38 1767.99
911.45 1321.04 1935.68 3170.39 3556.45 2329.71
863.38 1244.11 1719.68 2792.97 2572.31 1752.8
921.27 1369.53 2028.15 3010.61 2758.18 1785.14
894.6 1312.54 1894.33 2938.12 3304.41 2335.66
173.97 210.91 268.46 362.26 390.95 285.48
916.46 1325.77 1889.98 2985.17 2831.28 1814.79
234.33 297.91 372.0 563.25 574.18 446.94
527.71 752.95 1124.66 1888.24 1552.85 916.23
860.11 1256.56 1833.4 3291.94 3204.78 2046.73
787.65 1118.94 1523.42 2436.35 2555.75 1873.07
278.45 370.83 530.38 774.36 687.18 426.96
932.71 1339.73 1982.22 3240.53 3117.1 1902.87
381.03 520.71 765.14 1140.19 1015.29 613.38
174.56 384.07 281.54 4564.61 1324.95 561.25
671.36 933.59 1248.39 2052.98 2443.57 1890.97
762.53 1092.37 1551.5 2700.2 2451.66 1727.5
796.97 1131.94 1608.48 2543.05 2613.06 1858.33
784.81 1105.2 1595.79 2694.04 2385.04 1556.12
706.33 1003.17 1427.87 2241.43 2259.92 1595.97
721.75 1033.61 1502.26 2353.15 2325.1 1523.11
892.33 1331.16 1981.38 2985.35 2937.23 1974.1
772.81 1122.93 1592.62 3267.64 2133.15 1284.47
650.86 895.97 1146.42 1790.95 2119.98 1860.19
745.01 1109.86 1562.64 3830.57 2661.46 1519.3
837.54 1238.95 1798.85 3077.39 2872.23 1829.0
775.12 1096.29 1632.13 2645.63 2206.47 1315.87
476.22 736.06 958.82 3957.36 1662.86 896.34
666.08 925.64 1267.62 2135.56 2572.86 1896.04
816.73 1172.79 1677.87 2857.15 2123.24 1315.04
704.07 1041.33 1501.6 3638.46 2322.47 1310.05
150.47 336.73 157.46 4581.27 994.74 413.94
547.12 868.48 1041.84 4196.05 2022.37 1112.2
895.52 1287.38 1871.94 3204.0 2999.23 1875.41
525.93 735.98 905.05 2240.82 1954.31 1522.22
635.51 900.36 1216.68 1950.45 1880.94 1358.41
698.97 1057.08 1523.53 3642.68 2297.93 1261.76
910.98 1325.75 1926.61 3338.56 3573.07 2326.57
901.73 1294.29 1935.52 3195.57 2739.25 1662.66
548.45 763.87 1021.42 1684.54 1570.24 1168.94
820.99 1166.81 1702.26 2630.41 2540.73 1719.36
553.12 890.18 1051.08 4024.71 1787.97 991.19
598.45 845.32 1170.6 1862.04 1480.04 931.44
939.98 1363.28 1955.34 3101.91 2889.92 1808.63
660.66 972.2 1453.95 2857.79 2047.27 1158.46
938.1 1409.18 2097.76 3313.43 2852.85 1779.32
819.56 1228.21 1773.16 3395.05 2934.29 1842.34
947.58 1367.65 1922.26 3098.43 2439.37 1503.25
947.1 1368.35 2014.47 3089.87 3433.57 2256.2
625.77 851.45 1111.36 1887.9 2164.66 1728.2
631.24 946.74 1309.25 3755.45 2105.81 1161.82
610.49 846.84 1085.81 1854.5 2187.98 1799.81
453.78 628.05 834.32 1318.1 1285.92 947.04
894.5 1282.46 1851.14 2844.84 3193.3 2202.26
644.21 919.42 1342.76 2062.38 2020.86 1300.61
288.67 386.33 555.02 812.96 720.79 445.67
817.52 1172.46 1607.4 2588.12 2258.75 1665.15
257.8 490.78 411.1 4802.63 1389.37 698.97
789.35 1119.63 1586.41 2512.63 2595.05 1855.17
515.99 736.56 1034.58 1653.08 1175.38 726.2
857.77 1252.91 1803.7 3213.29 3115.34 1992.57
665.63 958.43 1464.17 2237.48 1961.15 1136.35
113.84 268.74 141.05 4586.29 866.41 356.03
323.54 434.45 602.59 896.05 874.21 609.97
770.78 1076.74 1413.32 2246.82 2372.87 1940.74
748.78 1121.55 1695.77 2499.0 2360.67 1517.63
408.62 566.94 771.56 1202.39 1049.08 695.92
668.12 959.3 1336.46 2033.7 2080.44 1537.63
283.19 478.69 514.92 4514.01 1320.46 645.65
585.26 829.59 1133.26 1804.25 1654.91 1141.74
585.54 846.97 1256.72 2201.29 1727.74 991.95
163.84 201.87 244.98 510.98 392.82 277.64
142.4 186.88 185.5 991.16 444.04 292.72
812.72 1179.13 1758.27 3160.16 2496.4 1455.44
834.28 1206.0 1814.27 2797.81 2558.82 1595.68
906.79 1333.93 1854.65 3383.43 2650.44 1677.96
351.96 521.42 706.59 1999.29 1100.65 660.72
811.33 1251.88 1712.21 3732.0 2473.06 1500.45
147.78 170.76 210.56 272.51 252.47 188.15
371.6 521.93 746.29 1067.03 963.57 633.35
970.57 1415.51 1987.57 3198.01 2790.87 1810.47
300.24 448.61 534.87 2316.69 1279.22 815.18
677.21 961.61 1315.26 2006.36 2187.08 1740.24
867.64 1271.85 1883.49 2900.66 3093.46 1994.73
784.26 1182.53 1698.72 3339.29 2505.27 1597.23
894.57 1335.09 1988.54 2994.73 2943.2 1975.54
949.4 1443.21 2190.81 3406.0 3096.98 1967.8
567.73 897.2 997.33 4199.12 1856.89 1056.74
755.32 1068.84 1414.46 2297.6 2422.92 1880.15
903.8 1297.59 1800.04 2907.62 2431.95 1597.06
101.56 102.3 103.53 105.87 104.86 102.8
325.13 443.41 543.5 1291.98 1091.76 862.14
148.34 308.18 266.16 4295.35 1078.95 476.27
751.57 1155.57 1479.3 3847.66 1942.51 1095.89
312.87 672.81 355.47 5191.42 1405.2 611.07
875.07 1253.96 1800.73 2783.16 2780.99 1970.41
688.89 949.78 1293.1 2167.11 2271.84 1697.68
406.98 544.5 675.01 1078.63 1306.27 1127.65
526.42 825.06 1080.74 4062.39 2136.65 1139.98
767.43 1104.29 1631.62 2497.38 2358.86 1533.24
754.19 1051.66 1394.16 2181.68 2467.67 2052.32
869.83 1244.27 1732.16 2729.6 2724.06 1912.44
121.18 131.76 148.24 175.11 183.32 153.12
569.05 802.17 1210.13 1836.09 1627.62 956.84
784.52 1118.89 1576.72 2477.94 2605.84 1856.37
735.18 1036.07 1465.97 2453.19 2899.55 2026.96
724.89 1022.55 1456.05 2334.61 2387.05 1674.35
548.32 795.15 894.61 2295.66 1980.55 1635.0
632.19 891.29 1257.89 1937.09 2199.5 1552.88
924.69 1328.49 1964.98 3219.05 3101.33 1888.72
788.61 1120.35 1510.11 2421.23 2278.0 1771.64
858.87 1257.56 1805.01 2725.96 2804.15 2057.6
912.68 1366.82 2046.27 3070.38 2991.38 1987.21
656.75 1008.61 1229.2 4201.02 1902.96 1060.23
755.06 1057.59 1470.45 2394.56 2198.6 1565.92
607.88 857.96 1261.88 2041.23 1937.27 1160.31
720.78 1014.92 1387.25 2418.35 2280.2 1655.95
711.01 1118.44 1366.26 3956.04 2348.6 1357.03
265.86 344.76 476.4 725.39 617.51 398.71
797.72 1137.33 1554.39 2426.89 2814.27 2209.94
630.34 875.71 1164.71 1991.9 2018.09 1613.08
358.19 605.35 693.08 4408.28 1694.43 910.01
441.41 677.69 876.88 3682.1 1999.79 1194.53
594.95 833.05 1245.32 1887.16 1679.47 1013.19
865.63 1229.39 1821.88 2995.26 2518.5 1538.8
794.93 1178.02 1660.78 3501.45 2729.02 1710.35
297.94 389.91 519.08 818.3 858.39 615.76
277.18 451.49 391.94 2911.47 932.61 474.52
362.3 609.6 727.3 4524.62 1879.11 960.02
919.34 1316.02 1900.74 3114.67 2429.9 1543.89
189.76 234.38 312.45 432.25 392.35 263.98
895.63 1287.81 1862.75 3262.05 2372.08 1461.26
773.01 1095.51 1482.22 2374.49 2523.57 1877.86
797.01 1154.58 1616.71 2589.76 2243.51 1445.89
670.77 1036.05 1437.17 4208.55 2984.05 1669.04
584.44 908.01 1064.53 3813.51 1823.66 1042.74
343.51 563.81 663.96 4411.17 1727.02 939.87
494.38 774.11 1000.35 4011.85 1841.58 964.45
734.04 1041.84 1396.8 2589.08 2194.23 1543.21
707.32 973.17 1235.88 1948.05 2348.58 2086.21
764.91 1109.11 1703.62 2612.68 2287.84 1318.26
697.14 971.82 1281.64 2100.87 2413.11 1916.64
860.81 1238.94 1900.67 2915.99 2577.85 1489.82
640.69 952.53 1412.6 3068.74 2086.5 1154.6
797.11 1134.07 1611.14 2498.01 2992.18 2114.72
335.38 459.32 646.87 958.76 1017.88 680.98
768.42 1095.44 1505.19 2383.88 2732.41 2054.29
962.04 1391.98 2058.48 3152.02 3491.15 2271.75
927.41 1345.83 1989.48 3083.58 3020.44 1925.39
728.18 1038.78 1430.87 2224.2 2561.33 1973.66
680.48 1023.91 1412.16 3861.4 2478.03 1400.52
883.42 1308.31 1900.5 3296.52 3229.7 2093.84
399.05 589.74 765.82 2400.97 1275.35 713.38
397.9 672.75 807.08 3883.3 1597.9 824.02
794.16 1141.13 1660.44 2569.39 2560.47 1695.14
663.18 919.71 1173.18 1910.43 2282.14 1913.81
445.56 639.28 882.32 2294.13 1332.07 766.65
752.24 1111.3 1641.69 3572.53 2407.37 1344.18
948.92 1368.62 1918.76 3095.07 2468.88 1543.21
426.7 718.29 871.02 3860.96 1829.85 970.32
948.85 1372.79 2033.11 3109.56 3438.75 2228.47
766.91 1109.64 1686.1 2745.11 3082.03 1874.43
308.13 416.22 602.53 939.14 1041.78 644.49
765.71 1131.12 1665.97 3489.65 2435.57 1369.7
539.53 849.68 1163.33 3667.16 2358.43 1415.62
689.83 964.39 1342.5 2177.78 2316.02 1692.56
612.43 919.77 1212.03 3150.83 2418.14 1638.48
777.86 1167.35 1767.31 2606.56 2462.03 1581.19
420.03 597.13 861.52 1296.03 1422.47 953.34
804.41 1176.66 1703.04 3327.62 2510.48 1486.88
791.6 1146.79 1683.61 3256.2 2700.62 1577.01
641.81 972.28 1311.85 3627.35 2493.45 1530.3
174.66 214.07 273.85 373.76 378.62 275.67
579.32 799.92 1066.24 1740.48 2064.24 1596.46
324.75 595.94 682.18 3943.25 1607.48 840.69
151.7 178.22 212.49 284.66 258.98 199.82
437.66 651.28 933.07 1911.7 1398.61 876.12
661.54 921.14 1182.17 1903.27 2268.62 1911.49
793.63 1168.95 1726.37 3199.1 2503.76 1501.15
595.92 852.63 1296.03 1974.04 1731.77 1008.62
833.34 1182.21 1764.25 2865.15 2388.13 1420.72
409.29 559.8 752.67 1158.67 1245.76 947.71
742.22 1080.39 1592.09 2443.06 2604.36 1685.16
670.99 987.02 1458.69 2132.99 1915.49 1221.26
806.37 1162.95 1611.19 2777.76 2119.73 1320.26
151.2 178.95 219.68 280.65 269.37 209.07
714.72 1040.45 1420.16 2753.11 1905.14 1153.16
713.87 1095.26 1407.43 4133.6 2440.31 1440.57
715.36 985.55 1263.21 1987.78 2360.11 2069.48
608.52 831.98 1092.04 1803.03 2251.65 1780.36
594.05 843.89 1228.22 1881.52 1843.82 1189.96
870.99 1269.84 1811.48 2813.53 3184.96 2305.02
396.1 680.99 671.87 4033.41 1675.78 975.46
566.98 863.39 1157.62 3818.22 1984.78 1091.29
160.0 191.6 239.4 318.91 333.98 248.1
937.31 1369.25 1906.57 3212.8 2719.1 1758.6
678.49 1067.98 1510.02 3590.4 2330.52 1372.17
562.2 926.54 1277.0 3811.87 2218.24 1283.45
954.93 1387.84 1998.46 3162.81 2918.78 1802.96
953.58 1405.2 2083.29 3278.83 3439.14 2210.21
620.71 877.9 1208.45 1897.53 2097.35 1562.0
861.81 1257.97 1774.61 2890.26 2198.33 1426.19
896.97 1308.09 2010.81 3099.12 2736.21 1592.56
915.58 1356.25 2007.89 2989.07 2808.44 1833.67
256.34 328.8 411.65 610.1 611.63 497.64
721.42 1039.81 1438.08 2760.26 2347.05 1670.11
920.04 1350.19 1993.77 3089.95 3168.18 2064.89
515.61 725.79 1049.1 1598.67 1566.96 1016.91
777.82 1124.56 1691.08 2864.84 2336.41 1340.0
314.98 409.85 514.03 821.03 947.12 764.3
596.63 879.94 1119.94 3082.37 2188.02 1584.57
579.51 870.92 1213.34 2834.88 2048.18 1245.32
837.35 1180.41 1636.56 2600.39 2404.64 1782.11
967.88 1394.93 2051.46 3142.31 3722.62 2479.27
324.82 529.98 591.49 4106.66 1392.12 734.47
195.5 419.52 254.93 4676.7 1148.36 502.09
877.43 1267.07 1803.45 3269.62 2309.84 1415.57
625.77 918.89 1228.58 3179.56 2146.41 1361.98
903.94 1315.35 1945.52 3151.09 2856.23 1837.48
811.12 1219.72 1849.12 2729.54 2577.92 1653.86
408.27 763.04 540.02 5460.24 1494.32 678.46
317.55 441.91 600.67 1389.74 933.76 600.19
505.35 791.81 1004.52 3684.13 1886.86 1043.89
372.88 529.67 771.2 1109.05 1050.86 696.27
541.88 759.46 1110.89 1788.96 1698.51 1022.52
860.4 1238.91 1754.65 2724.48 3018.47 2177.07
368.1 645.69 702.16 4432.34 1821.47 908.78
368.38 506.06 684.0 1058.66 925.34 618.22
612.55 932.61 1334.62 2993.78 1997.42 1194.93
391.11 668.44 726.85 4531.85 1658.35 802.35
401.56 711.23 604.68 5231.07 1710.66 804.32
705.1 1088.98 1534.09 3581.76 2315.1 1396.89
900.45 1300.31 1977.02 3160.12 2749.1 1622.47
968.58 1406.83 2078.34 3228.39 3173.17 2030.76
581.41 900.06 1141.82 3834.05 2021.51 1153.59
749.05 1048.77 1449.33 2321.7 2838.96 2090.4
374.84 716.05 449.07 5549.59 1408.79 595.38
784.99 1130.13 1654.69 2659.04 3002.28 1961.01
648.24 973.79 1403.91 3667.34 2217.43 1203.88
841.3 1207.58 1644.15 2659.42 2569.88 1849.62
943.28 1347.45 2031.34 3125.14 2825.0 1724.67
399.81 603.28 681.94 3130.54 1689.47 1147.49
712.99 1052.64 1471.74 3678.68 2239.32 1268.03
764.42 1140.08 1595.25 3619.94 2913.62 1818.15
436.16 615.51 864.73 2049.25 1278.72 748.67
317.86 443.04 635.86 905.59 859.14 576.04
166.9 362.05 235.8 4023.96 1180.31 537.67
532.54 724.53 939.05 1557.97 1873.64 1507.54
784.5 1118.45 1526.84 2344.76 2580.31 2071.62
573.1 841.5 1131.06 3052.16 1831.54 1111.95
209.37 436.82 246.32 5027.56 1245.15 519.72
401.11 567.76 816.5 1172.09 1057.39 691.29
800.38 1146.38 1598.91 2568.94 2060.99 1300.35
774.16 1105.16 1579.21 2448.83 2504.74 1742.58
316.18 428.09 621.38 916.94 811.32 496.09
892.83 1286.07 1854.12 2899.93 2956.91 2009.67
821.14 1194.44 1839.22 2825.15 2472.84 1421.27
623.83 1025.64 1348.59 4105.24 2293.05 1349.28
776.23 1095.03 1480.02 2314.64 2612.97 2082.97
769.94 1113.38 1603.69 2696.12 2418.84 1603.24
520.57 729.03 1004.29 1587.97 1260.53 795.83
505.4 697.37 822.29 2074.32 1930.93 1587.67
817.56 1173.21 1624.01 2531.59 2914.65 2235.69
890.69 1277.78 1857.47 2877.71 3237.49 2179.63
701.1 1013.42 1459.21 2523.0 2533.36 1648.78
542.87 836.44 1033.49 3435.62 1879.04 1152.17
323.08 568.52 539.91 4550.66 1382.66 663.82
736.68 1074.25 1530.37 2476.99 1745.87 1058.4
643.85 1026.88 1405.67 4013.52 2329.59 1378.56
790.12 1184.22 1751.27 3454.17 2503.57 1401.95
643.73 903.86 1214.08 1934.65 2062.86 1546.6
872.06 1239.87 1763.5 2824.32 2401.29 1624.8
869.97 1268.13 1829.19 2934.66 2986.36 2041.65
218.07 269.41 327.53 498.13 576.02 479.08
546.94 956.68 1000.09 4584.43 2286.28 1313.11
169.34 272.38 259.96 1817.32 654.9 346.97
463.47 649.93 890.92 1398.33 1217.77 801.84
401.9 536.8 678.37 1039.45 1199.9 1034.52
821.57 1195.28 1689.82 2656.32 3046.13 2211.11
346.77 519.91 613.78 2294.84 1038.09 557.48
890.31 1304.77 1879.26 2915.46 3282.69 2330.09
897.94 1302.78 1918.85 3461.66 3041.63 1780.78
223.73 287.21 369.25 541.98 480.52 338.92
376.14 586.11 642.45 3190.0 1767.37 1183.6
840.23 1219.97 1710.76 2744.14 2376.42 1529.34
523.97 808.83 960.85 3213.02 1871.98 1116.2
492.77 772.1 997.51 3960.65 1888.87 1103.97
689.98 1019.76 1472.59 2820.08 2398.56 1516.54
268.71 480.92 434.61 4261.13 1216.95 573.7
850.93 1210.31 1733.51 2712.24 3262.52 2268.46
649.92 1002.44 1197.86 3972.97 2050.67 1223.56
642.17 886.02 1115.8 1822.62 2244.44 1929.23
484.11 749.4 1005.9 3915.75 1976.97 1067.15
905.67 1312.18 1987.9 3234.54 2752.31 1596.07
726.84 1009.62 1307.82 2041.64 2381.28 2059.19
541.25 853.37 942.62 3838.36 1568.65 853.26
497.76 698.71 981.67 1516.31 1412.85 897.81
665.77 938.4 1249.8 2527.9 2231.59 1601.11
303.67 411.65 557.56 860.37 626.5 406.58
535.05 734.08 989.73 1582.48 1875.52 1417.74
266.49 445.99 467.99 3482.5 1003.66 485.98
197.53 326.09 288.0 2448.98 841.6 441.91
674.23 965.65 1416.23 2189.86 2047.22 1333.66
199.36 414.16 255.48 4830.63 1202.7 511.92
704.42 968.61 1227.13 1933.85 2337.76 2085.34
977.75 1463.22 2187.49 3379.44 3727.42 2442.34
884.26 1284.65 1953.69 3012.35 2709.05 1637.17
558.83 865.32 1030.61 3838.29 1819.62 1055.4
864.59 1272.75 1932.56 3536.27 3628.48 2148.92
322.04 432.06 604.56 884.85 1033.21 701.15
529.09 783.18 1000.98 3281.66 1867.81 1225.82
689.52 979.43 1316.25 2474.26 2357.26 1690.43
568.32 894.25 1236.26 4161.11 2683.5 1467.13
767.38 1170.83 1696.02 3580.67 3083.99 1954.48
754.03 1079.09 1647.95 2520.77 2230.09 1294.76
695.19 1011.27 1389.63 3131.93 2775.77 1874.36
545.95 754.41 983.13 1570.67 1766.4 1406.06
104.19 106.21 109.27 115.08 111.66 107.06
937.82 1394.02 2069.47 3064.63 2856.54 1855.44
804.04 1151.9 1596.07 2422.63 2544.21 1961.04
674.38 936.43 1196.39 1954.51 2244.14 1870.85
433.67 610.59 849.63 1345.73 962.57 602.28
725.7 1005.06 1309.05 2050.73 2473.17 2097.84
586.85 904.31 1277.26 2809.68 1892.68 1138.47
687.43 980.81 1437.78 2182.72 2410.53 1572.98
713.97 1011.5 1475.19 2289.75 2208.5 1464.95
485.05 689.21 965.06 1537.55 1095.39 679.62
863.11 1263.78 1936.14 3206.46 2662.04 1526.94
704.41 983.2 1295.12 2074.9 2548.1 2047.56
491.96 707.34 953.84 2314.38 1409.31 811.66
583.99 813.0 1147.59 1860.6 1750.11 1235.89
302.31 402.56 559.73 815.11 950.29 647.73
135.86 153.11 182.98 229.48 214.43 166.16
837.47 1184.79 1667.04 2695.95 2792.85 1979.21
487.29 700.26 945.03 1920.57 1464.1 925.55
186.96 256.62 287.94 1219.8 557.85 358.59
353.49 606.69 669.71 4287.05 1628.41 814.83
235.35 484.22 381.0 4661.49 1443.96 668.73
587.81 856.95 1188.46 2896.2 2072.22 1352.23
670.24 953.27 1317.58 1987.17 2074.53 1592.98
587.87 852.38 1073.69 2806.45 2097.78 1557.91
848.93 1252.24 1768.53 3521.07 3115.32 1966.88
590.72 907.42 1129.33 3806.37 1787.31 1008.15
542.08 819.12 1078.12 2528.18 1641.76 1022.34
835.84 1194.32 1671.29 2678.4 2660.94 1798.43
882.11 1291.98 1838.07 3301.43 2765.16 1684.76
834.33 1233.86 1699.76 3518.59 2509.79 1568.91
881.56 1315.21 1960.0 2918.85 2592.2 1637.14
757.24 1082.12 1586.66 2416.96 2858.78 1891.42
749.3 1072.03 1511.92 2579.15 2659.9 1868.99
605.97 850.67 1038.34 2160.02 2032.52 1726.52
947.85 1353.37 2038.31 3131.14 2832.46 1739.83
487.97 818.49 827.9 4803.51 1839.04 971.86
668.09 1014.57 1424.67 3821.02 2634.87 1611.48
452.07 638.09 826.07 1693.52 1603.54 1203.39
750.6 1074.79 1470.02 2278.97 2437.25 1874.52
242.23 317.12 430.45 618.91 654.63 451.06
695.9 1041.91 1474.35 3600.06 2308.29 1301.14
794.94 1139.38 1655.26 2591.53 2534.71 1719.14
709.32 1006.74 1344.56 2168.58 2377.15 1886.8
533.95 809.34 1056.55 2850.88 1786.44 1169.38
205.72 399.95 347.68 4749.59 1321.17 594.57
806.28 1160.97 1614.78 2853.62 2589.58 1716.97
710.76 1000.18 1361.9 2172.72 2368.46 1823.58
481.31 777.35 961.94 3986.98 1602.09 829.05
685.98 1035.72 1338.65 4074.2 2122.0 1166.11
154.22 325.13 238.66 4423.56 1203.39 520.27
494.78 702.65 1017.19 1540.29 1639.44 1074.4
148.29 242.96 210.85 2151.66 629.04 300.46
499.59 709.99 1028.37 1557.84 1658.2 1086.28
754.5 1094.52 1589.86 3214.73 2434.25 1523.54
633.48 958.4 1327.88 3686.37 2174.42 1329.98
519.11 820.57 1052.22 4121.65 1903.92 989.87
839.75 1226.03 1754.31 2652.24 2650.27 1877.53
864.91 1248.68 1868.83 3087.28 3526.5 2224.66
474.23 774.41 912.55 4186.34 2141.0 1243.17
510.63 766.56 834.62 3349.02 1891.79 1285.73
575.18 773.17 960.94 1655.63 2069.1 1751.21
621.96 1005.01 1159.08 3866.22 2428.72 1593.33
196.14 311.7 337.65 2456.38 862.84 455.51
402.66 566.81 833.51 1533.68 1515.62 907.88
255.05 489.79 431.03 4859.29 1540.42 739.3
735.09 1018.44 1312.59 2078.44 2352.93 2017.74
531.14 765.24 1053.1 1916.46 1648.94 1150.08
926.24 1328.85 1929.5 3169.87 2422.62 1501.32
927.14 1331.72 2015.5 3313.49 2784.71 1640.82
975.51 1458.91 2192.25 3224.4 2933.56 1842.54
917.34 1334.7 1952.68 3251.14 3033.92 1954.88
825.09 1165.48 1566.63 2503.1 2403.22 1823.53
796.91 1125.05 1602.13 2659.17 2736.73 1834.97
655.62 1016.98 1343.17 3692.01 1881.99 1051.11
956.28 1432.01 2145.8 3264.39 2893.54 1813.5
653.97 960.58 1418.19 2072.39 1861.37 1187.84
797.81 1171.67 1706.02 2633.66 2938.91 2026.66
680.02 1032.65 1400.08 3630.54 1833.39 1040.03
676.09 952.36 1292.07 2081.98 2361.88 1834.79
623.47 944.78 1258.46 3679.78 2120.79 1228.1
536.87 916.91 949.77 4541.36 1905.09 985.89
563.48 903.8 1249.58 3939.81 2175.71 1257.34
975.0 1424.89 2003.87 3251.65 2797.73 1792.77
606.67 856.71 1114.5 2263.24 1947.89 1462.02
849.03 1215.13 1821.42 2804.23 2585.14 1617.38
486.76 752.98 891.91 3250.74 1763.22 1064.4
712.84 1015.73 1413.16 2370.08 2516.28 1818.0
908.01 1336.42 1915.28 3116.62 2188.76 1316.29
757.86 1083.85 1594.94 2425.39 2864.94 1881.1
784.09 1113.32 1559.79 2821.32 2253.72 1524.82
453.16 639.54 922.28 1394.86 1417.84 930.91
872.36 1263.02 1814.96 2853.43 2643.77 1637.55
303.6 405.29 563.67 821.87 900.83 610.53
560.52 777.67 1039.99 1638.74 1814.72 1428.64
857.68 1210.72 1737.71 2687.72 2649.27 1867.67
406.7 696.98 829.41 4247.97 1788.87 887.4
601.64 852.17 1242.39 1878.53 2073.06 1357.84
359.32 556.75 627.86 3416.28 1600.39 1110.72
665.61 1002.62 1401.04 3696.0 2230.1 1250.91
453.18 619.22 838.4 1318.42 1226.28 905.75
248.58 486.94 383.26 4593.12 1396.6 688.87
121.56 132.76 152.06 186.92 197.56 156.4
300.99 397.45 519.45 776.6 792.76 597.41
753.0 1100.05 1455.61 2953.99 2109.33 1483.65
542.42 786.02 1097.03 2026.34 1298.03 783.78
140.37 160.53 191.93 243.12 258.77 201.22
748.93 1054.26 1473.98 2339.1 2718.55 1960.35
790.68 1128.37 1513.51 2497.69 2480.86 1850.08
797.28 1183.16 1759.2 2705.92 2981.42 1959.28
632.09 875.42 1139.88 1780.09 2113.08 1792.97
902.85 1329.08 1902.39 3116.26 2182.62 1314.43
580.05 820.18 1152.05 1790.74 1696.98 1105.95
898.29 1310.09 1904.06 2959.45 3221.85 2174.72
824.22 1222.45 1677.19 3486.9 2454.74 1537.97
139.1 159.73 191.03 243.35 245.89 191.99
74.97 207.93 78.74 4228.74 966.59 348.38
254.13 339.42 466.75 676.01 736.9 510.97
652.37 905.04 1152.11 1864.29 2256.16 1919.74
360.28 560.51 620.69 3796.66 1594.21 1069.2
533.71 758.97 1147.23 1848.68 2062.58 1234.67
805.94 1148.38 1653.09 2532.66 3005.39 2084.24
911.26 1350.85 1977.74 3387.99 3320.33 2116.64
819.8 1171.33 1693.49 2626.38 2576.03 1797.14
791.6 1158.43 1589.25 2697.73 2618.05 1980.11
263.81 431.67 435.45 3090.28 1035.52 514.92
587.44 827.46 1215.13 1963.11 1863.34 1117.64
620.1 867.53 1280.33 2061.11 1722.79 1036.69
821.29 1158.97 1659.08 2705.28 2509.45 1702.73
360.39 493.97 666.62 1030.13 900.78 602.8
650.51 892.67 1181.84 2002.8 2314.22 1788.64
270.33 503.07 438.4 4637.64 1371.53 665.48
648.06 1038.4 1334.37 4218.95 2230.44 1288.53
285.71 485.03 495.05 4084.35 1396.47 831.26
754.34 1099.64 1675.57 2749.65 2282.54 1307.38
564.52 885.11 1212.28 3954.74 1997.07 1153.44
618.0 936.47 1323.84 3485.32 2155.52 1224.24
849.37 1215.44 1757.62 2707.84 3226.13 2207.79
680.27 952.5 1286.76 2031.69 2470.68 1901.09
390.66 541.62 801.83 1271.93 1415.27 860.43
702.62 1002.83 1355.88 2473.36 2589.6 1939.8
291.83 391.46 563.19 873.44 968.05 601.86
817.26 1162.12 1757.35 2687.51 2392.94 1431.56
870.81 1272.97 1826.0 2733.81 2660.68 1891.25
728.16 1041.62 1424.41 2646.88 2782.53 2018.36
443.03 696.05 890.47 4117.28 1846.38 1039.59
748.14 1060.62 1434.88 2207.49 2454.57 1996.9
656.13 958.27 1338.9 2339.79 1557.31 939.02
780.58 1094.31 1506.79 2348.39 2497.79 1935.15
496.62 796.93 1013.9 4049.47 2381.67 1373.56
893.88 1287.75 1857.23 2904.47 2959.91 2010.01
367.48 502.48 713.81 1060.77 1005.26 674.38
550.03 844.03 1121.51 3737.26 1998.95 1137.42
756.52 1070.77 1417.65 2302.62 2424.96 1879.73
572.58 782.84 978.71 1639.34 1867.82 1658.9
278.75 369.15 508.2 744.57 730.93 494.36
397.35 540.76 758.51 1171.22 928.23 601.77
871.58 1261.76 1861.98 2882.25 2823.37 1802.22
285.28 382.43 507.21 850.64 720.24 469.01
410.53 591.51 771.96 1894.76 1145.86 759.2
562.38 805.85 1174.25 1786.93 1903.06 1241.26
301.15 402.68 561.61 822.54 780.79 531.96
366.11 615.55 618.45 4273.07 1614.89 960.98
504.64 807.51 980.04 3743.9 1522.14 820.25
732.28 1090.44 1498.46 3089.84 2811.13 1956.4
183.0 230.68 304.14 406.9 389.2 281.35
821.66 1174.13 1602.76 2622.63 2522.69 1785.02
319.52 560.25 578.73 4343.82 1434.15 682.66
226.28 296.0 401.77 550.64 508.69 351.33
847.23 1205.17 1685.12 2629.29 2788.16 2060.78
587.72 830.69 1122.16 2039.22 2111.3 1539.19
862.6 1266.21 1839.85 3093.42 2983.92 1980.21
722.18 1076.24 1514.31 3066.38 2488.58 1557.28
682.74 1021.4 1330.36 3445.31 2322.7 1468.18
899.99 1357.54 2005.27 3391.89 2771.61 1722.66
399.98 555.26 823.48 1233.6 1087.05 649.62
401.06 544.02 781.35 1233.17 1043.7 649.21
393.93 623.31 761.23 3929.35 1486.94 764.66
308.69 536.46 651.34 3348.54 1404.72 686.2
241.04 477.09 366.43 4590.48 1335.23 644.67
943.54 1429.4 2166.42 3327.61 3072.82 1970.5
638.54 873.67 1147.48 1949.15 2279.68 1784.85
524.8 790.49 891.08 3361.11 1917.79 1287.29
695.39 996.48 1459.64 2246.95 2201.51 1413.53
659.54 989.24 1230.32 3712.05 1952.1 1209.46
410.03 564.11 833.77 1247.5 1109.72 666.34
834.4 1193.93 1727.58 2797.46 3207.89 2199.91
642.05 918.48 1191.74 2614.22 2225.53 1592.15
520.57 811.54 1065.41 3964.87 1964.28 1147.2
539.03 868.46 1151.64 3299.22 1907.96 1134.64
751.93 1141.57 1608.79 3304.76 2852.01 1820.61
888.01 1281.93 1775.37 2882.68 2641.78 1791.36
628.46 899.56 1249.94 1987.68 1725.16 1120.42
682.02 958.6 1255.67 2005.24 2352.46 1941.2
290.88 549.01 464.11 4870.78 1581.02 776.33
861.08 1300.46 1869.4 3368.74 2597.71 1627.24
827.1 1189.06 1636.89 2619.34 2426.75 1700.03
431.89 722.25 746.24 3982.38 1795.93 1115.78
573.41 839.19 1232.44 2480.85 1799.67 1016.9
396.14 543.85 728.36 1144.73 1059.02 741.06
787.18 1117.77 1505.31 2413.0 2278.94 1776.89
283.49 373.84 519.77 801.34 763.78 483.08
678.97 952.73 1302.55 2044.06 2474.89 1864.86
865.15 1267.52 1802.12 3375.94 3155.35 2033.72
791.96 1217.93 1767.99 3456.14 2732.33 1739.49
581.71 805.97 1046.99 1690.54 1787.33 1422.44
793.54 1170.95 1591.65 3483.37 3066.8 2015.11
494.01 701.96 1017.4 1544.65 1570.29 1027.03
916.76 1306.0 1953.16 3193.92 2653.26 1574.76
709.95 992.68 1279.16 2277.41 2281.07 1906.52
486.19 686.09 1031.39 1559.37 1370.71 807.57
462.89 724.49 940.42 4142.7 1853.37 1057.2
823.39 1156.66 1629.48 2624.29 2518.04 1812.99
567.76 797.53 1095.91 1720.02 1719.4 1198.02
554.94 891.89 1000.41 3504.07 2055.77 1363.76
613.79 890.89 1083.56 2457.85 2149.56 1680.87
779.79 1128.13 1634.86 2547.42 2779.57 1872.51
486.08 755.17 930.31 3467.15 1822.92 1113.94
396.53 636.78 657.79 3811.63 1626.13 1060.26
869.77 1292.0 1881.91 2937.56 2661.01 1769.48
770.88 1092.1 1476.24 2365.49 2518.89 1878.56
233.73 415.03 424.78 4308.91 1403.05 743.33
836.02 1223.1 1767.12 2677.03 2591.77 1779.21
608.03 864.09 1227.06 2273.79 1590.1 989.0
545.74 856.24 1093.36 3926.77 2042.25 1134.51
635.03 891.48 1228.43 1941.36 2058.99 1544.0
347.7 622.93 685.9 4377.15 1674.81 805.86
255.57 542.5 384.94 4875.21 1391.21 643.92
777.81 1105.55 1590.53 2813.91 2487.81 1634.13
721.86 1036.34 1520.09 2342.39 2294.94 1471.93
414.16 684.44 794.39 4347.56 1708.07 906.4
709.08 1034.01 1468.83 2431.71 1687.19 1020.71
653.76 947.33 1360.96 2027.99 1978.01 1369.88
252.89 439.3 474.68 4338.13 1356.77 675.49
156.14 187.22 233.6 309.83 332.01 249.71
657.92 921.43 1305.8 2012.89 2018.96 1451.93
538.68 748.73 901.78 2158.5 2005.46 1599.75
478.13 664.33 965.06 1545.31 1467.92 889.44
551.21 789.35 1150.59 1754.37 1783.73 1161.61
234.22 302.1 398.02 578.48 542.04 367.19
877.83 1251.05 1805.2 2935.25 2929.29 1933.85
509.78 811.79 960.59 3869.65 1981.68 1277.55
780.81 1128.27 1598.07 2460.99 2484.0 1775.37
925.42 1340.74 1974.0 3068.67 3029.17 1951.86
338.7 445.63 573.3 876.05 942.93 780.01
918.55 1324.15 1960.08 2993.36 3540.28 2316.13
866.24 1240.87 1781.74 2753.08 2750.13 1948.04
751.16 1075.76 1471.84 2281.34 2438.31 1874.29
750.4 1109.36 1491.77 3173.17 2468.32 1581.25
845.46 1226.59 1734.73 2611.9 2611.47 1920.83
657.45 916.39 1220.38 1978.32 2243.22 1766.78
784.18 1129.5 1670.06 2557.56 2415.56 1569.21
713.63 1052.44 1566.42 2289.84 2086.0 1321.32
482.65 678.95 932.66 1466.84 1276.76 838.87
866.41 1268.45 1840.16 3484.44 3439.56 2210.02
847.75 1214.93 1792.78 3225.45 2484.36 1461.43
195.78 242.94 319.11 466.09 446.48 299.96
684.62 1028.8 1353.33 3696.89 2723.64 1707.08
667.46 1032.01 1370.01 3665.84 1896.57 1063.62
494.26 671.15 834.03 1347.98 1667.26 1446.75
703.01 1063.88 1416.8 3735.94 2349.35 1373.13
465.23 772.81 777.25 4640.97 1723.64 889.73
729.76 1078.31 1598.54 2342.24 2102.35 1336.67
344.44 543.19 629.41 2533.44 1396.28 831.07
959.09 1438.57 2141.71 3414.16 3668.01 2397.33
704.36 1004.7 1380.35 2275.65 1942.01 1364.02
634.47 897.48 1137.19 2233.35 2266.06 1828.02
755.11 1057.61 1432.37 2239.04 2442.54 1957.67
276.08 494.27 530.41 4330.6 1247.18 629.57
511.97 709.57 945.31 1554.44 1454.81 1087.27
749.9 1055.88 1472.13 2355.15 2501.82 1838.8
756.53 1125.93 1576.45 3813.32 2687.65 1528.25
807.2 1205.01 1789.45 2790.67 2426.79 1520.13
385.02 630.91 768.55 4316.92 1575.35 778.1
735.44 1104.93 1529.47 3446.62 1895.41 1102.51
411.72 674.12 812.05 4246.84 1845.65 1037.08
706.2 985.26 1345.53 2180.67 2398.53 1820.67
337.47 455.49 662.04 978.94 873.4 533.8
545.61 770.76 1024.06 2281.63 1912.48 1396.01
661.75 992.7 1340.11 3874.06 2154.33 1196.25
644.66 1033.81 1324.86 4227.49 2220.82 1281.0
405.03 556.18 793.16 1178.21 1382.02 925.84
627.71 888.59 1276.42 1950.75 1911.63 1324.6
430.24 604.54 868.93 1310.84 1332.33 877.0
731.57 1070.13 1500.29 2637.62 2772.92 1951.5
534.75 742.77 1048.9 1659.26 1682.78 1179.75
479.8 648.17 824.78 1283.46 1534.45 1329.36
476.52 717.76 921.36 3304.89 1655.88 986.19
516.71 727.43 1051.59 1602.61 1570.81 1019.32
235.78 317.08 407.34 895.52 612.74 406.77
697.77 974.77 1349.81 2270.36 2718.78 1969.95
900.15 1329.78 1962.59 3255.77 3124.48 1993.92
521.41 872.95 1034.47 4267.56 2199.89 1260.7
621.07 920.36 1348.57 3268.17 2050.41 1136.1
740.17 1057.01 1467.67 2365.66 2775.2 2054.5
812.45 1184.51 1624.69 3122.98 2157.11 1304.68
426.35 726.57 705.04 4837.74 1828.03 891.83
530.44 756.39 1031.1 2303.55 1625.09 1050.41
897.56 1307.28 1920.33 3277.47 3310.89 2125.97
894.42 1273.62 1885.52 3141.96 2620.34 1599.77
754.82 1095.68 1679.74 2638.38 2267.36 1303.9
609.03 827.55 1072.74 1805.22 2153.53 1742.96
452.4 617.71 832.99 1307.53 1520.38 1166.47
299.25 409.26 576.15 811.04 744.85 496.56
655.49 908.8 1169.3 1897.77 2259.31 1892.14
672.82 935.15 1200.31 1951.17 2303.34 1910.65
185.22 313.95 298.87 3081.19 790.16 383.03
750.71 1106.2 1637.75 2404.56 2221.33 1437.7
208.41 377.99 312.12 4052.44 1121.4 655.02
346.18 474.04 694.42 1092.57 1213.98 744.05
529.56 741.08 1082.72 1741.88 1653.96 996.81
364.96 498.98 688.32 1044.57 972.65 627.46
587.27 959.78 975.54 4699.72 1767.43 921.56
700.61 1014.24 1340.97 3044.38 2448.81 1719.7
359.47 487.23 693.6 1091.76 1038.65 641.7
799.97 1152.19 1644.16 2985.47 3140.78 2124.53
647.97 930.06 1277.42 2277.04 1666.33 1024.61
225.99 459.38 354.01 4946.74 1296.6 600.97
973.9 1427.78 2210.11 3623.49 4054.47 2386.29
465.44 641.24 945.63 1419.53 1266.18 774.24
754.93 1074.69 1492.98 2796.88 2366.33 1574.07
288.48 385.17 510.14 773.26 679.63 463.94
371.97 503.15 702.31 1079.8 857.54 558.95
278.5 501.31 496.33 4348.33 1377.54 661.29
481.4 681.99 961.1 1410.45 1359.86 968.19
896.11 1307.97 2009.74 3290.35 3690.48 2201.17
812.86 1242.3 1781.12 3701.48 3205.81 2041.66
553.6 892.69 1007.82 4281.53 1895.02 1091.56
780.71 1125.92 1596.02 2461.07 2521.91 1805.73
236.59 369.23 434.6 2472.12 847.09 440.95
909.77 1322.12 1931.11 3186.03 3318.4 2160.05
610.11 850.01 1148.34 1802.72 2186.66 1674.47
871.47 1283.49 1809.65 3071.18 2162.71 1344.01
525.61 799.43 998.8 3563.27 1789.94 1056.65
683.75 1015.32 1400.4 3071.74 2234.52 1329.58
489.76 677.25 1001.9 1507.33 1343.78 819.1
241.09 467.49 359.9 4732.61 1305.71 599.7
546.94 831.96 1071.96 3085.42 2047.94 1401.94
678.82 953.75 1328.21 2165.9 2273.45 1604.92
709.55 1058.8 1487.44 3580.56 2395.18 1497.7
790.77 1124.59 1533.74 2344.1 2528.44 2010.1
875.95 1289.52 1868.91 2813.52 2855.57 2054.37
436.22 730.05 817.38 4146.35 1461.26 751.54
919.28 1322.5 1972.47 3228.71 3065.29 1816.04
532.05 750.54 1086.63 1657.95 1624.98 1053.17
413.71 698.08 755.7 4248.63 1658.11 876.13
736.5 1045.95 1502.84 2328.96 2633.24 1800.81
933.97 1353.53 2003.39 3085.32 2936.45 1921.18
828.26 1197.19 1704.68 2672.46 2865.09 2020.78
957.42 1380.86 2029.77 3136.26 3697.7 2455.18
117.68 126.51 140.26 162.68 169.53 144.33
274.19 519.42 481.68 4259.13 1578.12 815.35
387.26 538.87 768.86 1153.26 1171.95 775.88
654.05 905.09 1147.48 1871.83 2262.06 1916.8
881.31 1266.03 1887.42 3086.35 2926.43 1731.16
747.96 1047.23 1381.68 2140.65 2434.08 2047.61
438.9 633.63 933.59 1353.18 1280.92 840.53
698.68 978.6 1305.2 2140.15 2579.55 2019.24
380.1 572.27 687.23 2680.45 1567.71 991.56
695.91 985.39 1322.35 2447.94 2084.16 1486.58
321.3 427.76 612.09 899.06 806.2 508.3
350.38 456.36 560.72 925.22 1108.66 932.05
608.93 936.24 1249.4 3659.73 1769.16 974.37
705.31 979.45 1241.42 2096.67 2355.3 2035.28
621.84 872.9 1199.87 1918.19 1947.92 1358.44
503.23 697.2 1033.07 1555.96 1386.76 843.95
556.65 777.94 1110.64 1793.45 1780.2 1158.6
651.28 1033.17 1142.54 4435.61 1888.99 1024.84
861.73 1246.93 1839.48 2846.73 2788.6 1780.48
805.53 1129.63 1538.37 2440.89 2388.15 1854.33
99.45 276.45 108.09 4753.29 1079.42 396.37
290.38 409.76 507.66 1633.92 923.69 631.61
734.21 1085.22 1609.11 2358.06 2116.47 1345.39
668.86 939.48 1390.98 2244.96 1874.93 1124.5
610.67 957.2 1171.73 4070.22 2211.24 1304.06
469.12 754.69 942.11 4058.07 1969.7 1102.92
643.07 940.43 1297.11 2739.74 2434.77 1552.81
250.93 330.95 439.07 663.47 490.16 327.19
697.84 1029.49 1422.4 3315.33 2807.99 1839.05
955.74 1379.36 1936.71 3123.41 2474.46 1535.07
322.28 440.14 599.39 929.88 674.62 434.6
751.89 1095.94 1617.84 2490.16 2532.58 1633.77
934.55 1392.15 2064.56 3054.95 2785.56 1798.16
813.42 1200.89 1798.86 3420.36 3360.84 1958.38
581.6 952.56 1322.89 3791.71 2262.56 1317.89
843.99 1204.86 1787.7 3111.17 2469.49 1459.31
780.3 1106.48 1522.68 2416.31 2637.07 1973.56
854.12 1226.87 1687.21 2749.84 2580.95 1788.12
615.02 941.59 1211.01 3795.85 1914.81 1070.7
701.99 976.04 1323.66 2146.9 2561.59 1940.18
906.52 1316.86 1998.04 3290.64 3727.57 2288.07
652.61 996.62 1366.76 3728.61 2674.71 1615.33
895.91 1285.17 1779.29 2874.86 2425.49 1606.47
662.71 943.56 1357.81 2100.66 2114.37 1418.86
812.49 1163.4 1590.47 2559.09 2262.09 1683.68
478.41 834.96 691.52 5148.89 1560.7 745.91
634.53 873.45 1093.73 1793.0 2215.69 1918.61
902.07 1304.76 1900.7 3125.45 3281.97 2175.46
898.67 1285.57 1900.64 3226.87 2617.27 1560.24
566.71 892.15 1180.03 3377.26 2093.02 1338.53
828.38 1234.47 1797.93 3409.13 3089.15 1945.63
768.2 1085.26 1456.65 2240.44 2461.53 2010.95
712.78 1047.55 1506.0 2613.01 2408.9 1541.84
829.26 1196.96 1676.44 2534.03 2580.04 1939.72
720.85 1111.89 1460.26 3369.33 2364.76 1524.09
868.56 1273.97 1865.87 3290.04 2803.46 1783.2
655.84 940.32 1327.04 2422.04 2180.23 1465.44
803.81 1187.26 1744.75 2697.21 2999.98 2020.79
451.34 614.09 851.98 1342.57 1261.29 898.55
663.62 1001.3 1304.38 3249.41 2220.76 1475.05
252.65 327.82 449.23 683.47 652.23 418.69
613.35 867.72 1266.55 1914.56 2257.56 1489.84
712.95 1080.83 1529.22 3639.72 2774.92 1703.07
912.89 1299.06 1939.14 3154.87 2644.47 1584.69
934.23 1373.5 2038.19 3143.59 3353.12 2159.09
650.61 995.05 1261.17 3770.94 1921.64 1099.61
810.1 1165.26 1709.05 2624.12 2518.47 1679.03
239.49 311.7 436.42 627.13 558.98 355.57
411.84 541.52 668.87 1122.7 1400.71 1186.43
816.92 1152.27 1684.55 2757.82 2435.91 1550.19
775.37 1165.03 1580.01 3800.88 2616.16 1585.63
442.17 666.87 833.13 2509.39 1530.77 925.58
509.67 721.74 1088.04 1648.14 1448.0 850.61
709.4 976.13 1243.35 1958.5 2348.01 2077.92
529.79 876.06 1114.26 4171.32 2435.53 1430.9
352.75 496.88 584.74 2098.21 1391.78 1042.55
256.31 342.61 473.53 657.81 605.88 411.1
777.5 1129.36 1735.87 2831.59 3165.71 1872.45
830.58 1219.64 1638.38 3371.63 2199.07 1316.27
615.03 909.13 1153.41 3037.22 2041.78 1392.29
863.9 1233.66 1816.91 3131.03 2545.64 1536.34
661.34 1007.75 1343.88 3623.41 2445.88 1538.96
598.92 821.54 1021.67 1671.51 2087.07 1820.71
366.31 593.89 691.33 4201.41 1422.37 765.89
772.56 1081.04 1477.35 2304.82 2480.96 1950.85
601.63 816.2 1035.08 1760.19 2144.75 1765.8
490.11 800.06 934.16 4218.64 2146.02 1293.09
644.56 965.03 1342.48 3769.79 2346.07 1316.94
548.77 821.68 993.4 3290.99 2092.58 1419.97
698.11 1030.06 1465.96 2725.94 2469.21 1569.02
318.2 577.26 559.14 4626.89 1635.16 843.47
361.98 494.21 701.2 1041.03 986.66 662.58
192.85 244.24 320.94 430.59 395.22 282.33
655.21 961.77 1426.82 2081.37 1896.93 1205.05
357.83 608.89 446.2 4400.12 1437.95 833.17
921.37 1317.53 1919.03 3059.07 2387.83 1486.07
659.88 969.75 1432.25 2093.42 1880.15 1199.44
844.14 1215.38 1714.36 2715.46 2966.2 2146.24
716.76 1012.44 1452.15 2299.7 1853.68 1203.22
583.14 804.13 1019.12 1656.02 1950.38 1643.02
585.22 864.02 1293.48 1894.22 1790.76 1160.25
784.3 1147.75 1671.72 3538.1 2750.12 1597.24
109.03 113.52 121.38 133.43 129.42 116.5
482.52 679.46 868.41 1776.22 1677.3 1298.47
138.44 157.88 185.35 237.04 226.6 176.52
751.09 1105.25 1532.49 3033.18 2409.78 1484.38
254.59 502.71 523.64 4076.16 1550.25 765.19
724.43 1014.58 1353.03 2156.91 2638.66 2080.1
511.92 812.45 910.32 4125.23 2092.65 1211.78
946.92 1365.48 1913.52 3086.79 2467.25 1545.59
467.66 681.86 942.69 2244.21 1575.27 966.87
662.97 953.29 1346.17 2797.06 1931.36 1131.61
659.98 954.26 1364.25 2607.43 2616.0 1702.74
674.03 942.7 1222.55 1955.97 2292.27 1906.31
580.12 835.08 1123.29 2318.7 2270.08 1535.37
351.29 483.91 685.1 1021.36 1037.71 691.24
494.61 672.16 867.34 1340.68 1548.75 1315.07
681.87 967.15 1419.45 2306.16 2214.64 1350.96
962.81 1390.35 2060.67 3149.82 3726.32 2435.97
938.34 1399.92 2083.16 3091.05 2788.62 1779.24
427.19 584.59 857.12 1281.42 1144.12 703.67
678.47 988.58 1249.39 2954.31 2192.75 1526.89
828.0 1236.82 1771.22 3466.83 3064.59 1947.6
876.28 1273.16 1881.1 3042.2 2753.94 1774.77
476.99 658.8 918.98 1401.97 1408.58 1030.28
275.94 569.8 439.53 4824.15 1494.75 721.37
464.91 773.64 958.32 4131.54 1815.91 1021.47
649.11 933.35 1424.32 2175.05 1906.78 1106.07
722.52 1115.62 1622.32 3525.35 2534.89 1578.95
528.99 793.07 1009.03 3382.05 1832.96 1169.14
182.99 231.38 294.67 466.51 376.52 265.3
882.06 1283.3 1965.1 3037.7 2705.46 1592.71
918.55 1328.82 1956.53 3018.58 2899.55 1921.37
704.92 984.01 1305.0 2139.09 2436.63 1915.68
821.55 1171.66 1679.68 2641.17 2671.14 1868.53
925.23 1345.33 1931.46 3096.58 2827.6 1745.48
721.57 1027.18 1493.63 2809.46 2150.92 1314.68
262.91 479.59 457.84 4085.09 1611.4 871.68
938.0 1401.79 2094.03 3083.63 2764.43 1745.57
682.66 973.65 1426.9 2165.78 2391.73 1561.0
904.73 1299.62 1962.52 3022.7 2758.28 1692.17
472.2 665.5 998.7 1600.66 1784.22 1073.73
866.65 1270.04 1949.34 3190.09 2667.95 1522.21
788.8 1162.47 1732.24 3472.95 2517.17 1410.7
635.99 968.92 1313.92 3568.55 1971.82 1129.8
875.12 1244.69 1783.83 2839.41 2344.26 1556.84
229.6 294.33 395.15 559.5 609.76 424.98
325.13 473.3 507.46 2287.06 1359.88 1000.56
558.02 816.46 949.99 2992.36 2133.28 1533.5
441.57 630.59 912.77 1376.52 1511.48 1010.78
934.88 1405.71 2117.04 3163.13 3050.46 2001.51
309.05 514.0 540.76 3517.37 1278.36 684.11
667.55 1052.41 1354.96 4077.77 2157.2 1233.17
733.96 1054.28 1561.49 2548.39 2902.57 1860.26
546.7 852.98 1079.64 3305.53 1705.4 981.48
678.47 1034.59 1285.04 4123.01 1944.65 1095.34
890.11 1272.43 1842.78 2862.41 3425.39 2336.92
745.71 1033.64 1366.56 2174.38 2399.94 1989.79
560.37 799.74 1132.55 1674.04 1650.06 1183.08
192.32 279.11 303.72 1540.0 721.94 440.78
643.72 879.57 1165.11 1932.68 2221.35 1749.2
907.17 1335.44 1977.69 3125.53 3125.0 2005.24
116.73 252.02 157.06 4466.52 1035.52 452.92
903.4 1345.4 2000.0 2948.48 2666.31 1707.67
565.57 850.36 999.03 3259.42 2162.55 1504.53
905.33 1312.66 1888.17 2970.97 2752.35 1703.18
519.36 737.16 1112.58 1790.81 1997.63 1197.12
797.79 1125.25 1493.22 2377.29 2496.5 1989.03
734.75 1055.12 1556.64 2380.02 2248.28 1463.07
612.06 871.06 1236.99 1925.48 1786.48 1119.37
930.21 1412.82 2135.31 3338.98 3026.32 1930.14
833.68 1210.44 1710.79 2596.84 2728.33 2062.35
741.12 1042.65 1442.49 2287.3 2432.34 1817.25
636.48 932.6 1272.61 3010.3 2144.4 1254.91
921.42 1330.98 1978.97 3390.84 3106.69 1830.11
537.4 827.88 1108.93 3951.49 2155.57 1160.47
829.84 1181.16 1605.44 2600.37 2371.4 1685.32
620.75 947.84 1141.99 3631.43 1816.83 1115.44
735.03 1057.7 1504.97 2349.28 2508.1 1761.81
269.94 409.35 487.91 2661.82 956.29 511.44
462.36 741.59 984.7 4037.81 1800.28 995.68
755.51 1150.73 1536.64 3549.56 2560.39 1566.72
573.61 902.29 1103.91 4130.73 2080.89 1157.14
797.9 1203.7 1753.63 2971.11 2638.35 1758.64
168.01 197.69 231.45 327.07 387.89 327.03
784.29 1163.01 1728.28 2536.37 2275.71 1443.74
388.51 572.58 743.91 2460.07 1305.02 759.95
846.67 1204.23 1683.31 2626.54 2786.39 2060.88
711.69 992.53 1310.54 2126.04 2273.1 1822.87
566.54 790.97 1179.58 1784.58 1588.81 960.77
428.94 687.29 910.76 3616.85 1651.13 931.19
460.33 646.27 872.26 1761.6 1223.77 820.05
588.32 868.69 1234.0 2893.39 1868.3 1042.06
795.16 1138.8 1611.25 2559.93 2877.79 2036.57
610.07 922.56 1304.28 3643.24 2708.56 1601.55
746.66 1053.33 1408.09 2263.16 2465.65 1886.49
578.33 808.41 1115.23 1753.34 1843.55 1372.67
829.28 1202.22 1694.35 2574.31 2715.1 2063.18
625.53 886.01 1229.96 1959.3 1550.15 969.48
841.94 1200.7 1788.76 2794.32 2631.09 1662.03
806.26 1138.23 1537.75 2423.74 2575.8 1978.96
447.73 804.04 647.77 5259.11 1682.49 828.81
738.67 1040.55 1385.6 2229.4 2448.09 1889.1
900.98 1324.13 1950.41 3111.48 3251.03 2106.2
962.0 1398.0 2014.0 3173.0 2939.0 1816.0
69.0 191.5 59.0 4653.5 930.0 346.0
134.0 394.5 95.5 5146.0 1087.0 409.5
969.0 1403.0 2079.0 3181.0 3518.0 2279.0
155.0 368.0 123.0 5163.0 1156.0 447.0
89.8 263.8 87.2 4769.8 1060.5 381.0
971.0 1390.0 2115.5 3245.0 2879.5 1707.0
122.0 299.0 89.0 4632.0 914.0 354.0
72.0 203.8 71.8 4231.5 957.5 341.5
907.5 1325.5 2047.5 3151.5 2757.0 1579.5
948.0 1357.0 1978.0 3155.0 2462.0 1531.0
56.8 180.8 53.0 4412.8 873.5 325.0
119.5 322.5 80.5 4825.8 970.8 371.8
948.0 1376.0 2046.0 3146.0 2970.0 1921.0
911.0 1341.0 1922.0 3127.8 2196.5 1320.8
985.0 1493.5 2276.8 3372.5 3183.8 2033.8
76.2 218.5 55.5 4643.8 764.8 282.8
962.5 1390.0 1954.5 3151.5 2480.0 1527.0
959.5 1435.2 2145.2 3160.2 2832.8 1787.8
88.5 243.0 63.5 4918.0 903.5 321.0
978.0 1422.0 2105.0 3266.0 3199.0 2037.0
79.2 209.2 66.0 4931.0 970.2 374.0
222.2 574.0 104.8 5481.0 1198.8 463.2
992.0 1434.0 2127.0 3253.0 3849.0 2515.0
980.5 1432.2 2016.0 3245.2 2807.8 1800.2
966.0 1422.0 2112.0 3259.5 3477.0 2237.5
109.2 304.0 68.8 5231.2 1052.0 412.0
978.0 1434.0 2220.0 3640.0 4073.0 2397.0
81.5 229.5 75.0 4588.5 1023.0 369.5
937.0 1353.0 2081.0 3198.0 2826.0 1629.0
924.0 1316.0 1970.0 3207.0 2671.0 1584.0
102.5 315.2 89.5 4914.0 1200.8 467.0
980.0 1467.0 2194.0 3388.8 3736.5 2446.5
955.0 1376.0 2056.0 3368.0 3193.0 1885.0
977.5 1462.0 2197.0 3231.5 2940.0 1846.5
939.0 1381.8 2053.5 3176.2 3230.8 2074.0
265.0 540.0 222.0 5608.0 1151.0 427.0
83.0 265.0 84.5 4714.5 1156.5 420.5
245.0 494.0 207.0 5231.5 1090.0 397.0
304.0 635.0 236.5 5868.5 1229.5 464.5
138.0 335.0 114.0 4964.0 1063.0 407.0
53.8 244.8 74.8 4340.2 1057.2 381.2
560.0 749.0 922.0 1597.0 2053.0 1760.0
629.0 865.0 1077.0 1766.0 2207.0 1925.0
703.0 966.0 1222.0 1927.0 2335.0 2087.0
100.0 100.0 100.0 100.0 100.0 100.0
