0.3046
0.2504
0.925
0.7955
0.4929
0.1727
0.2282
0.3547
0.2543
0.8354
0.6186
0.8841
0.6615
0.28
0.6409
0.0948
0.1635
0.5779
0.4391
0.1916
0.6781
0.2535
0.8727
0.4893
0.0187
0.3798
0.1299
0.7619
0.6832
0.9538
0.7593
0.4193
0.4039
0.987
0.6212
0.7801
0.5471
0.2271
0.3323
0.8203
0.6426
0.9751
0.4425
0.5254
0.8927
0.8939
0.8039
0.162
0.4976
0.8358
0.3006
0.6027
0.8025
0.6894
0.2017
0.4064
0.1651
0.7017
0.435
0.6827
0.8792
0.7964
0.1661
0.8185
0.9407
0.9392
0.2076
0.0222
0.9025
0.7054
0.9874
0.0502
0.5376
0.7854
0.8695
0.9309
0.7739
0.4119
0.6911
0.8825
0.1176
0.4443
0.8403
0.5039
0.8436
0.2201
0.6219
0.1153
0.2556
0.3548
0.2495
0.9422
0.9911
0.124
0.0813
0.7359
0.9087
0.7923
0.0715
0.0058
0.8171
0.5725
0.3306
0.8273
0.3348
0.7292
0.8346
0.4451
0.4317
0.1611
0.4505
0.8261
0.5877
0.3688
0.3519
0.8817
0.7837
0.7914
0.8167
0.1127
0.9989
0.6742
0.5756
0.8272
0.1903
0.8099
0.923
0.6988
0.2024
0.5272
0.9878
0.5144
0.8735
0.7729
0.9444
0.5834
0.2982
0.3811
0.1629
0.3656
0.6795
0.6249
0.1957
0.982
0.2212
0.2218
0.1838
0.5687
0.1269
0.6032
0.2529
0.1668
0.4359
0.3045
0.9953
0.8488
0.5995
0.7806
0.3093
0.3021
0.7542
0.0219
0.2405
0.3908
0.5699
0.5219
0.6739
0.0359
0.124
0.1681
0.6716
0.1323
0.034
0.522
0.159
0.6665
0.8443
0.8138
0.2828
0.1946
0.1968
0.5437
0.355
0.8199
0.9044
0.7775
0.9622
0.3439
0.1491
0.1093
0.4766
0.8539
0.7398
0.396
0.8568
0.3499
0.4723
0.5002
0.5909
0.8342
0.4279
0.5334
0.5572
0.7328
0.8608
0.2161
0.4685
0.6805
0.5645
0.2129
0.2523
0.2484
0.8254
0.831
0.672
0.4327
0.5002
0.1331
0.6371
0.8199
0.8237
0.5043
0.2381
0.9799
0.3439
0.1027
0.1499
0.4805
0.7205
0.3236
0.2099
0.1787
0.5628
0.9792
0.6038
0.3952
0.4044
0.9544
0.52
0.1686
0.1239
0.8701
0.0275
0.587
0.2649
0.9274
0.2927
0.7478
0.4765
0.6656
0.8829
0.1698
0.8485
0.01
0.617
0.3745
0.5743
0.5051
0.3506
0.0622
0.2783
0.2739
0.5337
0.6848
0.762
0.1295
0.0142
0.4215
0.9569
0.4094
0.4353
0.4751
0.5251
0.0552
0.7096
0.2584
0.5161
0.5994
0.2457
0.4498
0.2829
0.7579
0.6221
0.4778
0.8832
0.5499
0.0202
0.4444
0.8227
0.4144
0.0303
0.5362
0.5297
0.9988
0.0326
0.2394
0.8266
0.8027
0.8179
0.6542
0.2114
0.7847
0.6025
0.224
0.0034
0.5202
0.8143
0.8647
0.0325
0.9386
0.845
0.9225
0.4262
0.5454
0.6587
0.2618
0.3774
0.284
0.9929
0.7308
0.8276
0.9535
0.9912
0.0177
0.8556
0.8639
0.9374
0.6519
0.5521
0.2269
0.0454
0.8618
0.5339
0.9738
0.7954
0.9933
0.265
0.8159
0.004
0.8536
0.2223
0.1678
0.6661
0.3997
0.3965
0.6158
0.7241
0.1668
0.1703
0.8657
0.0265
0.7865
0.3427
0.659
0.3851
0.1968
0.4192
0.2342
0.5834
0.1542
0.1779
0.1416
0.455
0.2101
0.3821
0.9789
0.0369
0.8034
0.8005
0.6892
0.8959
0.9939
0.6665
0.5019
0.8027
0.8772
0.0696
0.3026
0.5411
0.9676
0.8073
0.6922
0.6597
0.2022
0.0688
0.8265
0.5406
0.7564
0.5812
0.9445
0.5901
0.4818
0.3227
0.3864
0.5871
0.7932
0.3208
0.7582
0.7895
0.131
0.5214
0.8283
0.3349
0.2448
0.7131
0.7824
0.2888
0.1056
0.0471
0.8202
0.0841
0.8297
0.7998
0.7566
0.1577
0.4725
0.8267
0.5923
0.9952
0.0076
0.4427
0.886
0.8448
0.4518
0.4508
0.1317
0.8789
0.3059
0.5085
0.5814
0.37
0.6322
0.1223
0.583
0.5398
0.8459
0.0508
0.5566
0.5733
0.6875
0.5558
0.8648
0.402
0.2855
0.7229
0.0427
0.7434
0.5
0.3405
0.8369
0.4002
0.25
0.8967
0.7123
0.2437
0.9732
0.65
0.1613
0.2635
0.5055
0.4551
0.5486
0.9569
0.0555
0.7567
0.3219
0.7094
0.3635
0.2234
0.3163
0.2275
0.7038
0.0269
0.192
0.3277
0.1019
0.0138
0.0139
0.3271
0.9745
0.7019
0.3042
0.4536
0.3056
0.4122
0.547
0.1464
0.6846
0.6126
0.7812
0.6383
0.8532
0.8413
0.6188
0.5613
0.5347
0.8073
0.8337
0.102
0.6834
0.1407
0.8088
0.468
0.4841
0.4745
0.7627
0.82
0.6416
0.4667
0.1472
0.4833
0.2762
0.7899
0.9153
0.3751
0.8022
0.9598
0.4923
0.8605
0.5557
0.1148
0.2946
0.8465
0.2218
0.051
0.2017
0.6705
0.6923
0.3708
0.3606
0.8112
0.404
0.5785
0.7676
0.2354
0.3216
0.2861
0.6747
0.4225
0.2336
0.5881
0.9982
0.9298
0.1087
0.2298
0.481
0.9156
0.9974
0.1144
0.9095
0.6148
0.5357
0.5219
0.1426
0.3007
0.0256
0.1296
0.9992
0.1657
0.7672
0.8051
0.6274
0.3435
0.9796
0.9765
0.2095
0.3828
0.7302
0.6297
0.5345
0.2596
0.1828
0.2111
0.1801
0.7555
0.7026
0.128
0.6112
0.9459
0.485
0.2883
0.3328
0.1167
0.7352
0.8909
0.9283
0.9815
0.2217
0.2841
0.8965
0.5808
0.9001
0.9399
0.7783
0.4672
0.0467
0.1011
0.9543
0.1463
0.4378
0.5879
0.1757
0.7713
0.4163
0.5851
0.5347
0.4329
0.0071
0.1618
0.1432
0.3439
0.6274
0.8448
0.4181
0.0482
0.1048
0.7559
0.4814
0.2653
0.7287
0.9154
0.3733
0.0201
0.512
0.1944
0.2399
0.5089
0.1512
0.357
0.515
0.7851
0.5012
0.9555
0.2428
0.2386
0.0658
0.5761
0.7346
0.4982
0.3344
0.1745
0.5453
0.2191
0.0319
0.8783
0.3109
0.1284
0.9771
0.5483
0.4806
0.3369
0.8251
0.0755
0.553
0.7045
0.5899
0.0382
0.2714
0.9065
0.7562
0.9244
0.9704
0.0058
0.9535
0.399
0.8621
0.2572
0.601
0.5338
0.7893
0.4152
0.242
0.9542
0.3915
0.191
0.7912
0.4867
0.1998
0.3784
0.6199
0.3452
0.3553
0.9553
0.1248
0.8617
0.6942
0.749
0.7353
0.0041
0.8572
0.9823
0.8403
0.942
0.5415
0.211
0.7423
0.203
0.5425
0.7254
0.595
0.865
0.1224
0.9342
0.1117
0.2209
0.2467
0.3814
0.8735
0.828
0.6901
0.9225
0.8449
0.5493
0.8869
0.708
0.7543
0.1459
0.8914
0.5073
0.0898
0.3082
0.8404
0.8246
0.9692
0.9725
0.7559
0.5712
0.7474
0.5448
0.8386
0.1998
0.0474
0.4118
0.6574
0.5663
0.1007
0.709
0.6304
0.8573
0.3107
0.8337
0.2054
0.262
0.8961
0.4628
0.9218
0.4519
0.4732
0.27
0.9461
0.3983
0.8211
0.9239
0.8799
0.888
0.1395
0.1549
0.2221
0.0741
0.0509
0.6844
0.3666
0.336
0.1543
0.5248
0.1825
0.7243
0.2345
0.7499
0.842
0.4409
0.9334
0.1691
0.0936
0.6241
0.2094
0.1892
0.4206
0.35
0.6287
0.1346
0.5208
0.1744
0.7254
0.8607
0.9582
0.5353
0.9266
0.678
0.7189
0.3084
0.5851
0.7764
0.0363
0.1575
0.3699
0.1493
0.882
0.7729
0.4967
0.1775
0.9973
0.5176
0.7146
0.0079
0.5897
0.3831
0.6678
0.9017
0.202
0.973
0.6251
0.8211
0.1044
0.8941
0.1604
0.4908
0.2436
0.2788
0.4154
0.3489
0.3533
0.8937
0.7523
0.1124
0.2511
0.3361
0.0846
0.6643
0.2464
0.0165
0.2885
0.2608
0.4588
0.6455
0.807
0.5176
0.0053
0.5871
0.5762
0.1084
0.3836
0.5297
0.8897
0.3518
0.989
0.5335
0.9524
0.6473
0.2164
0.1421
0.5704
0.5449
0.9067
0.0475
0.6383
0.5542
0.0497
0.1646
0.9902
0.2728
0.5792
0.8465
0.6289
0.2792
0.6125
0.4362
0.6713
0.4391
0.9687
0.0901
0.2033
0.0954
0.529
0.1472
0.4274
0.8597
0.6151
0.4502
0.3414
0.4279
0.8063
0.7709
0.102
0.0701
0.7549
0.8828
0.6186
0.9812
0.4599
0.1038
0.3231
0.071
0.9401
0.8374
0.0748
0.8752
0.8634
0.6813
0.1873
0.0379
0.8598
0.2866
0.6568
0.9727
0.8315
0.723
0.1305
0.1784
0.3565
0.068
0.4927
0.1364
0.8652
0.0826
0.3491
0.9913
0.7938
0.0228
0.1691
0.2203
0.4164
0.8293
0.2796
0.5629
0.6106
0.7523
0.1751
0.4829
0.2699
0.6335
0.2816
0.1475
0.3925
0.009
0.5741
0.8435
0.7918
0.7068
0.1781
0.3767
0.7299
0.4785
0.5022
0.5941
0.9216
0.0402
0.8825
0.9069
0.0858
0.477
0.5293
0.9852
0.7227
0.4041
0.2915
0.4523
0.9033
0.0382
0.331
0.6976
0.1597
0.4544
0.32
0.0961
0.186
0.1038
0.7867
0.5904
0.7924
0.9531
0.3877
0.7258
0.4776
0.5133
0.5102
0.8146
0.6468
0.7997
0.0554
0.6299
0.0313
0.5203
0.6003
0.2624
0.5908
0.794
0.6783
0.5049
0.7707
0.0438
0.6102
0.8339
0.6609
0.2559
0.4071
0.4483
0.7216
0.0837
0.2744
0.0
1.0
1.0
0.0
1.0
1.0
0.0
1.0
1.0
0.0
0.0
1.0
1.0
0.0
0.0
0.0
1.0
0.0
0.0
1.0
0.0
1.0
1.0
0.0
0.0
0.0
1.0
0.0
1.0
0.0
0.0
1.0
0.0
0.0
0.0
0.0
1.0
1.0
1.0
1.0
1.0
1.0
0.0
0.0
0.0
0.0
