0.3947
0.0535
0.2615
0.2764
0.9271
0.3078
0.5293
0.8408
0.6561
0.7293
0.4086
0.3803
0.5403
0.1368
0.5591
0.9413
0.4807
0.4645
0.7425
0.9006
0.6084
0.9989
0.4443
0.8096
0.088
0.008
0.8249
0.721
0.526
0.0907
0.4718
0.8855
0.0567
0.1562
0.1638
0.7147
0.7773
0.319
0.4538
0.901
0.6639
0.4979
0.5594
0.4466
0.9305
0.1179
0.7813
0.6488
0.9355
0.6599
0.6796
0.8592
0.0994
0.2008
0.0742
0.3416
0.068
0.8907
0.3418
0.6162
0.4628
0.5404
0.83
0.6212
0.272
0.4296
0.4921
0.4696
0.5483
0.9933
0.6576
0.0947
0.5012
0.8802
0.74
0.1109
0.6164
0.8914
0.5418
0.1062
0.9248
0.984
0.9427
0.1044
0.7938
0.4793
0.0779
0.8296
0.9517
0.6621
0.1875
0.0603
0.1754
0.8464
0.5888
0.0904
0.6045
0.5638
0.4005
0.1502
0.0959
0.0615
0.889
0.3875
0.4164
0.9289
0.4438
0.7682
0.0593
0.8127
0.9608
0.9646
0.8705
0.6184
0.2778
0.5711
0.2882
0.3836
0.9594
0.8202
0.1119
0.1738
0.4906
0.3437
0.1484
0.6429
0.0457
0.9466
0.7658
0.5084
0.9644
0.4223
0.0024
0.5874
0.1965
0.7128
0.1618
0.1484
0.1915
0.8308
0.1629
0.5636
0.5395
0.8552
0.0192
0.2112
0.1277
0.4505
0.3463
0.3137
0.4369
0.7185
0.3829
0.1129
0.4259
0.2473
0.6617
0.8712
0.171
0.9137
0.8855
0.0027
0.6446
0.9375
0.1398
0.7429
0.7659
0.0252
0.7
0.268
0.9781
0.0308
0.7785
0.8661
0.5197
0.4309
0.102
0.4411
0.3602
0.6721
0.0662
0.4196
0.6644
0.1856
0.4223
0.8812
0.0046
0.1406
0.285
0.8604
0.3874
0.7749
0.614
0.2603
0.5963
0.2047
0.9247
0.6823
0.4742
0.457
0.769
0.03
0.4419
0.9147
0.3052
0.0272
0.6245
0.043
0.8237
0.1928
0.8509
0.9309
0.3214
0.3591
0.6446
0.4959
0.7315
0.5383
0.4471
0.805
0.3409
0.7343
0.2981
0.9634
0.5425
0.115
0.8739
0.249
0.6934
0.5283
0.3291
0.7413
0.0281
0.683
0.0133
0.8528
0.9724
0.6117
0.1799
0.8597
0.8608
0.6275
0.2807
0.3103
0.7733
0.0641
0.7673
0.4542
0.939
0.5235
0.5004
0.495
0.7979
0.5641
0.4734
0.3156
0.7011
0.8762
0.2851
0.3816
0.7578
0.8218
0.7748
0.1324
0.9129
0.8904
0.3478
0.3866
0.597
0.4027
0.4726
0.2374
0.0598
0.6158
0.6025
0.944
0.6287
0.787
0.0384
0.3294
0.6338
0.5907
0.0896
0.4119
0.7209
0.1811
0.4446
0.5152
0.0269
0.1226
0.2722
0.6101
0.5255
0.9118
0.5791
0.7599
0.0101
0.537
0.844
0.4608
0.2455
0.9864
0.6017
0.5576
0.7466
0.7229
0.786
0.4465
0.3035
0.1043
0.8139
0.9972
0.2612
0.4285
0.4767
0.6789
0.97
0.5585
0.0142
0.8006
0.2811
0.2615
0.0648
0.576
0.825
0.2979
0.977
0.4865
0.0376
0.8417
0.8736
0.1886
0.0152
0.2371
0.9166
0.8816
0.5034
0.0884
0.101
0.8868
0.5785
0.9085
0.6287
0.6583
0.4342
0.6688
0.5467
0.7708
0.8769
0.5258
0.2851
0.698
0.2485
0.8157
0.7098
0.6242
0.2179
0.2618
0.9404
0.6164
0.3128
0.1123
0.0253
0.4011
0.9844
0.907
0.8122
0.4628
0.5061
0.5232
0.9679
0.9313
0.957
0.0099
0.9792
0.4175
0.3482
0.2259
0.1186
0.125
0.3279
0.767
0.7753
0.9413
0.797
0.4367
0.9569
0.0214
0.9453
0.099
0.176
0.9412
0.0733
0.0806
0.6723
0.0191
0.5113
0.8337
0.8284
0.5751
0.0357
0.1578
0.5808
0.2543
0.0279
0.2893
0.9454
0.8766
0.0609
0.2513
0.7869
0.164
0.7141
0.0752
0.0657
0.9646
0.9574
0.3553
0.1056
0.686
0.6709
0.0304
0.3329
0.7231
0.9699
0.3725
0.7389
0.6693
0.2531
0.2282
0.0384
0.7781
0.3813
0.5809
0.3797
0.0227
0.5277
0.8177
0.4162
0.0254
0.8288
0.6765
0.1475
0.9301
0.1989
0.8979
0.257
0.3729
0.9605
0.6146
0.3679
0.2674
0.0339
0.6015
0.1524
0.671
0.9
0.6199
0.084
0.6497
0.1546
0.7974
0.4807
0.9803
0.2529
0.0864
0.4607
0.088
0.8849
0.1422
0.248
0.5597
0.6494
0.3624
0.4837
0.8279
0.772
0.0111
0.966
0.1421
0.4393
0.2122
0.8052
0.1567
0.153
0.3212
0.9364
0.7918
0.5459
0.7748
0.5952
0.0315
0.906
0.8995
0.5246
0.8867
0.2877
0.3188
0.7569
0.1205
0.7423
0.4652
0.0528
0.9042
0.4077
0.1326
0.781
0.9351
0.1086
0.1555
0.5487
0.814
0.4475
0.4932
0.3915
0.9665
0.1938
0.4677
0.2125
0.7842
0.9733
0.8254
0.0791
0.4266
0.3248
0.7111
0.6402
0.2571
0.0277
0.1786
0.7107
0.5264
0.2759
0.9412
0.7686
0.5408
0.2748
0.925
0.632
0.5436
0.9645
0.4299
0.4716
0.9826
0.5028
0.8576
0.7193
0.423
0.8714
0.9376
0.5244
0.1444
0.483
0.9388
0.0289
0.9447
0.535
0.4047
0.0502
0.9331
0.9423
0.1073
0.9915
0.7577
0.2183
0.807
0.4213
0.4526
0.0597
0.9652
0.0272
0.0965
0.4762
0.2555
0.4707
0.8743
0.9332
0.7811
0.8259
0.7002
0.4769
0.1509
0.8226
0.2255
0.4909
0.7534
0.54
0.9804
0.6009
0.7495
0.0873
0.7567
0.7219
0.2178
0.5476
0.8742
0.4141
0.9869
0.8126
0.575
0.1941
0.7451
0.3748
0.8134
0.2395
0.0509
0.5784
0.2131
0.9915
0.646
0.3553
0.9586
0.8928
0.5257
0.5937
0.1856
0.5296
0.8188
0.4658
0.291
0.88
0.3276
0.5524
0.3021
0.0543
0.3421
0.3935
0.8963
0.1237
0.5131
0.7646
0.1328
0.6762
0.9807
0.2486
0.8044
0.2675
0.3417
0.2328
0.9367
0.3088
0.8779
0.8401
0.3335
0.3189
0.7383
0.5654
0.0671
0.733
0.468
0.8877
0.4002
0.2483
0.032
0.4019
0.9872
0.6296
0.5046
0.0374
0.8776
0.3399
0.3715
0.363
0.3581
0.3193
0.2867
0.1187
0.3082
0.5462
0.94
0.3592
0.1808
0.2814
0.3916
0.6291
0.1758
0.8271
0.3368
0.3334
0.8297
0.8685
0.191
0.3084
0.5294
0.1088
0.4752
0.7482
0.3658
0.8901
0.3389
0.2835
0.0537
0.8145
0.4272
0.131
0.5229
0.8732
0.0175
0.684
0.2138
0.0533
0.1446
0.5113
0.4095
0.3513
0.7776
0.8002
0.1592
0.863
0.985
0.7452
0.2091
0.8428
0.6274
0.5838
0.2761
0.1098
0.4012
0.6578
0.6298
0.693
0.1577
0.5815
0.2431
0.2249
0.5624
0.7463
0.2422
0.525
0.6308
0.9022
0.2139
0.8258
0.9404
0.0437
0.1703
0.6058
0.9782
0.7147
0.0629
0.6781
0.0318
0.6687
0.6296
0.5497
0.5129
0.1548
0.3959
0.3279
0.7594
0.9525
0.2119
0.8045
0.752
0.6218
0.6133
0.946
0.005
0.8549
0.5199
0.0365
0.9566
0.332
0.8831
0.0893
0.5426
0.5668
0.5899
0.6485
0.7293
0.9333
0.9299
0.0953
0.9044
0.544
0.3342
0.1832
0.6954
0.2245
0.5641
0.204
0.8179
0.1935
0.7634
0.4694
0.8242
0.2725
0.8427
0.3017
0.8422
0.2777
0.9883
0.7382
0.5003
0.8891
0.1215
0.5969
0.4613
0.3789
0.7223
0.8656
0.312
0.0345
0.4355
0.336
0.9228
0.2007
0.8566
0.7653
0.8848
0.6366
0.0642
0.8474
0.8906
0.3376
0.8
0.5306
0.0796
0.0682
0.0041
0.0246
0.4199
0.4954
0.9821
0.9544
0.8295
0.1495
0.5578
0.2937
0.745
0.9135
0.2879
0.8516
0.4545
0.5887
0.447
0.4435
0.6739
0.1198
0.4655
0.2627
0.8771
0.8663
0.7899
0.0569
0.1113
0.3679
0.6126
0.8244
0.7542
0.2255
0.3405
0.6104
0.9359
0.1137
0.1825
0.9498
0.8354
0.7134
0.474
0.0764
0.053
0.0772
0.981
0.9883
0.8991
0.0376
0.9724
0.7877
0.0466
0.154
0.8187
0.4486
0.8501
0.2436
0.9149
0.3819
0.4742
0.9722
0.1457
0.3555
0.0928
0.5565
0.4626
0.0184
0.3692
0.8769
0.6987
0.8919
0.2576
0.9536
0.5561
0.1644
0.6452
0.9665
0.8756
0.8288
0.1546
0.6768
0.1714
0.0285
0.1427
0.9731
0.5171
0.6632
0.7679
0.8679
0.8083
0.5804
0.1989
0.332
0.9574
0.2372
0.422
0.6874
0.8473
0.983
0.7586
0.6048
0.4827
0.5755
0.1116
0.1785
0.7659
0.6149
0.5345
0.8642
0.8716
0.1089
0.6317
0.4113
0.0059
0.9673
0.2045
0.3149
0.9899
0.1877
0.8115
0.0306
0.5822
0.366
0.4689
0.668
0.9953
0.4757
0.2772
0.876
0.4997
0.9058
0.7116
0.9808
0.2269
0.9209
0.904
0.6013
0.5886
0.3971
0.5084
0.8775
0.0224
0.8494
0.0326
0.2639
0.5621
0.2901
0.3139
0.2545
0.9857
0.8471
0.2594
0.1827
0.2414
0.8201
0.2835
0.2328
0.7431
0.0004
0.5431
0.1179
0.7652
0.2375
0.5075
0.2341
0.4768
0.2308
0.566
0.442
0.3693
0.9322
0.5884
0.5093
0.602
0.3904
0.8087
0.6836
0.9748
0.7007
0.2952
0.5751
0.0815
1.0
0.0
0.0
1.0
0.0
0.0
1.0
0.0
0.0
1.0
1.0
0.0
0.0
1.0
1.0
1.0
0.0
1.0
1.0
0.0
1.0
0.0
0.0
1.0
1.0
1.0
0.0
1.0
0.0
1.0
1.0
0.0
1.0
1.0
1.0
1.0
0.0
0.0
0.0
0.0
0.0
0.0
0.0
0.0
0.0
0.0
