0.357
0.2203
0.7243
0.0603
0.1387
0.1856
0.1254
0.2657
0.7544
0.2194
0.5845
0.828
0.038
0.3504
0.3463
0.4006
0.5641
0.1541
0.5447
0.4758
0.7635
0.4359
0.7687
0.2883
0.1063
0.628
0.4918
0.1916
0.6998
0.3795
0.4138
0.5642
0.7264
0.5419
0.5761
0.3147
0.8944
0.1269
0.0107
0.9466
0.8498
0.3789
0.6054
0.4059
0.9276
0.6307
0.764
0.7368
0.5831
0.5713
0.7234
0.3007
0.2298
0.6363
0.0174
0.4374
0.7664
0.9129
0.6466
0.6281
0.4831
0.8549
0.5353
0.7554
0.2411
0.0216
0.2101
0.6272
0.2662
0.0653
0.7913
0.1899
0.8997
0.9295
0.5791
0.3157
0.3741
0.4774
0.0133
0.4716
0.6384
0.0413
0.5323
0.7391
0.6079
0.5993
0.7962
0.7018
0.4923
0.3322
0.7305
0.3474
0.6011
0.6682
0.6062
0.2444
0.7261
0.7783
0.9665
0.0223
0.8949
0.149
0.4235
0.4776
0.3388
0.2199
0.1057
0.8918
0.4287
0.0315
0.4571
0.699
0.5855
0.7053
0.4818
0.9917
0.8868
0.135
0.753
0.5458
0.0688
0.4883
0.8871
0.9601
0.2947
0.055
0.4776
0.3114
0.7859
0.0987
0.579
0.669
0.8502
0.1519
0.4829
0.2339
0.5213
0.4465
0.8073
0.6
0.4305
0.0288
0.6958
0.8135
0.6901
0.2074
0.2876
0.4631
0.1776
0.4821
0.8955
0.0644
0.2624
0.8454
0.5
0.0706
0.0887
0.3815
0.906
0.8628
0.6987
0.5938
0.1401
0.3011
0.9695
0.0199
0.1266
0.5549
0.9778
0.936
0.3694
0.0409
0.9357
0.8348
0.7925
0.5013
0.6698
0.009
0.7453
0.3643
0.3533
0.86
0.4412
0.9329
0.0795
0.6445
0.3768
0.3084
0.9923
0.0324
0.9683
0.726
0.064
0.4445
0.0007
0.9766
0.0114
0.2205
0.6587
0.0917
0.087
0.1647
0.2141
0.255
0.2904
0.5341
0.8086
0.5014
0.3313
0.9964
0.7705
0.4972
0.6453
0.9138
0.5697
0.7958
0.8764
0.5577
0.2742
0.5052
0.3431
0.0576
0.4116
0.9469
0.8472
0.6688
0.3025
0.3481
0.7893
0.8744
0.221
0.7698
0.475
0.7016
0.003
0.3011
0.0568
0.6645
0.2607
0.6356
0.7427
0.036
0.3377
0.3358
0.0591
0.9572
0.8409
0.3496
0.4926
0.6479
0.378
0.076
0.3408
0.9872
0.5809
0.3455
0.2983
0.0466
0.4889
0.2226
0.9397
0.9511
0.2647
0.991
0.0864
0.6889
0.5971
0.6517
0.0957
0.4759
0.6388
0.8331
0.1517
0.3029
0.1624
0.8944
0.6547
0.1407
0.0609
0.0743
0.4748
0.2053
0.6811
0.3934
0.6734
0.0485
0.9447
0.9323
0.9861
0.5784
0.5795
0.024
0.0525
0.0607
0.8262
0.3936
0.9943
0.3472
0.9548
0.9758
0.7615
0.3313
0.475
0.8755
0.7694
0.2017
0.0542
0.7461
0.274
0.2268
0.1828
0.5695
0.0996
0.6065
0.2788
0.099
0.5618
0.8347
0.3486
0.6232
0.3756
0.402
0.1041
0.7178
0.9098
0.8071
0.5422
0.5018
0.1739
0.2319
0.5476
0.4015
0.4953
0.3785
0.1634
0.9008
0.9013
0.7482
0.0384
0.043
0.8222
0.5126
0.5755
0.0527
0.1567
0.1032
0.0169
0.9162
0.4765
0.2827
0.0996
0.9185
0.4885
0.0392
0.0444
0.0981
0.4577
0.0628
0.6552
0.7111
0.1383
0.7898
0.8797
0.4585
0.6544
0.4835
0.7741
0.3548
0.8603
0.1803
0.8791
0.1029
0.522
0.9296
0.8555
0.4001
0.9891
0.0302
0.5745
0.4128
0.6841
0.4891
0.4793
0.1926
0.1922
0.8053
0.9756
0.2109
0.3626
0.235
0.3016
0.2448
0.2629
0.5315
0.7838
0.0268
0.2695
0.8223
0.3345
0.225
0.7209
0.4404
0.0915
0.8785
0.3247
0.7795
0.6186
0.109
0.7287
0.884
0.5791
0.8343
0.8609
0.8197
0.9607
0.8101
0.0765
0.0388
0.5564
0.5848
0.2522
0.0996
0.7373
0.9944
0.4036
0.3484
0.171
0.6024
0.7048
0.1851
0.3553
0.073
0.9701
0.0173
0.1484
0.7688
0.4073
0.3107
0.3736
0.6325
0.7486
0.8116
0.5882
0.7403
0.9215
0.8914
0.0137
0.1888
0.168
0.0523
0.6317
0.8237
0.6325
0.685
0.7735
0.2944
0.8491
0.7647
0.1731
0.8864
0.949
0.5315
0.0068
0.9819
0.5976
0.5253
0.5025
0.4288
0.0138
0.66
0.0685
0.6444
0.2098
0.014
0.2626
0.0243
0.9568
0.1196
0.3812
0.8834
0.4469
0.9305
0.7568
0.7139
0.4075
0.8396
0.2247
0.3226
0.2332
0.2929
0.5176
0.9014
0.3651
0.5763
0.1014
0.1977
0.3697
0.0582
0.3309
0.0682
0.3797
0.7403
0.56
0.1572
0.4358
0.9207
0.3772
0.9299
0.3301
0.063
0.4879
0.5589
0.9315
0.2683
0.7352
0.2313
0.9277
0.9081
0.1019
0.4566
0.1754
0.0381
0.9622
0.5135
0.5376
0.8151
0.7561
0.4107
0.6099
0.77
0.0296
0.3028
0.1026
0.58
0.0393
0.4769
0.2017
0.982
0.3064
0.5078
0.7693
0.9486
0.938
0.2994
0.1503
0.0574
0.4859
0.6896
0.6959
0.1301
0.4795
0.2012
0.5329
0.5431
0.3154
0.1753
0.1506
0.3845
0.4189
0.6047
0.2197
0.9673
0.3909
0.2178
0.6486
0.1327
0.3754
0.0527
0.9029
0.9987
0.4096
0.7925
0.3248
0.7797
0.254
0.0305
0.0453
0.0777
0.9913
0.3824
0.6208
0.8756
0.7702
0.442
0.3179
0.2268
0.2473
0.977
0.9203
0.4695
0.4603
0.2233
0.7824
0.8715
0.3834
0.5111
0.8097
0.2597
0.1026
0.6103
0.0115
0.7875
0.199
0.1696
0.1585
0.751
0.5491
0.6408
0.7701
0.5156
0.0701
0.9959
0.8401
0.7407
0.5591
0.705
0.1485
0.9962
0.237
0.6622
0.2661
0.9378
0.36
0.9049
0.5155
0.9075
0.6866
0.2455
0.2369
0.8031
0.0954
0.9121
0.3866
0.5186
0.4283
0.2426
0.2987
0.7521
0.336
0.4859
0.1426
0.5755
0.0219
0.6574
0.6424
0.5867
0.9424
0.8883
0.6001
0.5062
0.4648
0.6134
0.5212
0.5237
0.5991
0.4993
0.4285
0.5118
0.7731
0.6485
0.6789
0.9087
0.9025
0.7424
0.4038
0.8424
0.1209
0.7344
0.8974
0.8061
0.9365
0.6299
0.0024
0.0456
0.4705
0.1931
0.0929
0.297
0.1599
0.9386
0.0473
0.949
0.6094
0.3398
0.9839
0.2916
0.242
0.5995
0.717
0.8148
0.0019
0.3866
0.6418
0.2577
0.5408
0.9763
0.797
0.3086
0.2371
0.8466
0.7061
0.9826
0.2404
0.6789
0.0196
0.08
0.9511
0.7605
0.3866
0.5301
0.8402
0.5599
0.3602
0.1818
0.4735
0.3026
0.4851
0.8114
0.6326
0.7641
0.3348
0.5182
0.7974
0.4015
0.4913
0.639
0.4491
0.6467
0.2071
0.3342
0.364
0.5007
0.8067
0.0598
0.5733
0.0848
0.2447
0.9492
0.9554
0.6315
0.348
0.3247
0.01
0.984
0.9714
0.8557
0.7701
0.5992
0.7566
0.5928
0.2451
0.3361
0.6976
0.7971
0.0651
0.91
0.9364
0.9216
0.2137
0.2084
0.6594
0.2468
0.965
0.9425
0.1231
0.5378
0.2486
0.3341
0.0478
0.7902
0.1492
0.3369
0.374
0.6045
0.8719
0.0353
0.6706
0.4615
0.1541
0.4368
0.2615
0.6677
0.5539
0.6976
0.6714
0.8985
0.5522
0.9657
0.6148
0.3511
0.4163
0.6086
0.8053
0.8799
0.78
0.3886
0.2387
0.0321
0.8659
0.0046
0.6165
0.739
0.6477
0.8263
0.3287
0.1765
0.9057
0.9387
0.2515
0.095
0.7959
0.7285
0.9522
0.9882
0.681
0.466
0.1209
0.1503
0.765
0.4361
0.5733
0.555
0.4013
0.1842
0.965
0.6282
0.2785
0.6897
0.7831
0.1716
0.4375
0.7579
0.3183
0.7921
0.8722
0.6506
0.9782
0.23
0.3657
0.5949
0.4547
0.6481
0.8321
0.3387
0.574
0.3182
0.3546
0.4823
0.3902
0.2017
0.9379
0.5944
0.3842
0.9648
0.2713
0.9644
0.082
0.8687
0.7047
0.2216
0.1088
0.5531
0.509
0.6604
0.0682
0.0106
0.6959
0.8107
0.7985
0.0646
0.8793
0.7275
0.7067
0.3016
0.656
0.4766
0.6032
0.0345
0.179
0.7616
0.0817
0.6432
0.1974
0.884
0.5744
0.8301
0.7548
0.5561
0.0853
0.935
0.501
0.4189
0.1299
0.5349
0.1402
0.734
0.3249
0.4335
0.1919
0.1105
0.9393
0.5617
0.639
0.7468
0.7103
0.2347
0.7236
0.7723
0.5973
0.5178
0.3271
0.5476
0.3992
0.1574
0.4262
0.9628
0.0182
0.182
0.6307
0.2323
0.8147
0.9704
0.9503
0.7196
0.2813
0.8784
0.8265
0.5711
0.3228
0.6285
0.7843
0.5202
0.3407
0.7912
0.5224
0.4084
0.3552
0.3035
0.434
0.1942
0.9532
0.9175
0.2324
0.5288
0.1744
0.3416
0.8112
0.7167
0.6196
0.1046
0.2086
0.3134
0.987
0.2407
0.8848
0.1674
0.6575
0.1508
0.8173
0.3564
0.0943
0.2523
0.5279
0.9812
0.5509
0.2497
0.5508
0.0909
0.1855
0.5692
0.3745
0.4736
0.8029
0.3467
0.6315
0.4236
0.3221
0.2162
0.4374
0.8386
0.0313
0.1104
0.3264
0.3174
0.7973
0.9777
0.919
0.2458
0.9587
0.5784
0.7998
0.5535
0.5458
0.8692
0.4428
0.6825
0.671
0.8007
0.6763
0.7399
0.0
1.0
1.0
0.0
1.0
1.0
0.0
1.0
1.0
0.0
0.0
1.0
1.0
0.0
0.0
0.0
1.0
0.0
0.0
1.0
0.0
1.0
1.0
0.0
0.0
0.0
1.0
0.0
1.0
0.0
0.0
1.0
0.0
0.0
0.0
0.0
1.0
1.0
1.0
1.0
1.0
1.0
0.0
0.0
0.0
0.0
