792.76 1137.91 1438.38 2879.15 2512.85 2073.47
229.01 424.09 321.82 4667.93 1232.11 693.44
922.88 1328.87 1873.16 2809.01 3131.85 2295.66
1039.31 1463.16 1847.7 2922.46 3179.45 2893.93
1144.4 1615.43 2096.0 3013.9 3319.82 2861.35
303.47 392.55 478.84 628.3 752.66 700.84
957.25 1342.2 1751.63 2463.56 2931.83 2577.87
529.49 794.79 893.05 3925.85 1972.52 1533.52
977.35 1387.32 1816.61 2930.9 2915.12 2406.48
979.61 1395.55 1982.2 3081.19 2628.81 1820.41
1072.74 1516.4 2004.95 2879.08 3242.67 2720.75
1029.41 1480.04 2000.3 3057.46 3420.96 2762.94
1021.87 1465.8 2006.17 2934.9 3446.68 2747.09
930.46 1314.91 1639.67 2807.75 2861.16 2574.88
895.9 1291.69 1606.47 3229.8 2830.36 2415.12
456.87 833.52 599.87 4768.23 1766.98 1155.55
1054.54 1483.16 1897.61 2896.36 3261.69 2926.43
1024.45 1429.72 1827.0 2516.92 3064.08 2813.61
1092.04 1535.86 2008.53 2817.13 3307.19 2915.1
1042.07 1447.87 1818.94 2487.79 3006.69 2810.15
981.7 1411.56 1960.13 3102.99 2588.4 1719.33
748.01 1093.74 1378.27 3475.69 2398.57 1824.35
846.68 1172.86 1499.05 2088.53 2577.41 2339.26
706.15 1024.93 1215.05 3103.86 2302.59 1969.69
627.17 975.59 1114.13 4124.82 1838.01 1138.59
1019.51 1458.77 1994.37 3098.26 2720.13 1931.87
1176.59 1648.75 2117.87 2949.01 3455.76 3114.19
806.14 1120.33 1379.65 2139.88 2305.37 2124.17
1165.59 1629.59 2051.36 2911.4 3417.51 3164.19
432.16 577.27 722.37 984.6 1202.08 1096.14
844.11 1164.65 1457.74 1986.05 2395.91 2240.67
474.6 643.66 828.93 1147.96 1325.6 1150.45
1169.86 1650.31 2140.81 3003.93 3568.33 3144.14
887.73 1263.9 1635.78 3192.48 2784.44 2301.92
500.55 675.52 850.5 1166.72 1428.98 1301.22
997.63 1440.28 1982.48 3093.57 2917.29 2083.35
632.48 861.85 1071.58 1449.64 1742.93 1631.84
185.95 223.49 261.04 328.89 385.17 357.75
916.17 1298.65 1645.9 2944.52 2916.08 2528.44
775.07 1135.84 1340.39 3598.97 2580.77 2190.85
278.26 594.04 254.39 4598.59 1235.13 628.26
838.46 1191.49 1490.88 3009.71 2745.42 2390.13
831.61 1151.91 1462.19 1999.61 2446.74 2260.44
589.15 875.13 1022.87 3237.94 2060.83 1640.42
388.65 623.57 625.9 4169.19 1525.75 1112.52
923.73 1305.39 1672.66 2856.92 2859.53 2497.32
796.97 1154.43 1617.57 2563.62 1996.51 1342.36
180.51 215.67 250.84 314.4 367.11 341.43
994.67 1430.87 2065.83 3108.38 3493.85 2420.2
1067.47 1522.92 1827.77 3388.05 3164.67 2847.84
180.67 215.99 250.2 309.46 358.76 338.22
993.12 1410.66 1801.67 3001.13 3094.44 2700.62
519.23 785.34 884.04 3814.62 1937.31 1515.51
936.27 1337.16 1796.21 3019.44 3157.93 2478.42
563.64 872.48 1028.29 3602.84 2053.88 1391.7
950.11 1367.31 2003.01 3039.11 3603.13 2418.82
190.72 303.47 260.31 2249.18 719.5 378.62
194.93 237.05 282.39 366.12 403.45 357.48
124.42 173.23 135.82 1183.83 362.65 229.03
1149.6 1614.31 2118.11 2981.92 3371.04 2920.09
160.92 218.87 214.17 1207.61 454.75 334.86
320.09 422.36 573.33 854.54 792.33 570.3
851.26 1233.89 1594.86 3221.71 2706.09 2106.17
850.53 1179.11 1497.41 2048.73 2507.42 2316.3
173.15 283.15 255.61 2713.55 843.54 513.06
1058.3 1557.27 2229.07 3225.9 3295.91 2442.34
949.85 1367.53 1886.6 2751.55 2875.85 2254.11
1048.45 1465.68 1889.49 2647.76 3250.37 2927.11
151.75 174.95 198.77 238.87 265.87 248.2
739.84 1070.5 1554.62 2368.39 2455.62 1655.37
1163.83 1633.91 2119.09 2970.54 3528.42 3096.79
427.46 570.5 713.55 972.07 1186.47 1082.03
162.56 333.88 225.19 4445.21 1206.41 583.59
812.0 1168.37 1500.86 3085.63 2359.75 1892.64
1021.42 1457.49 2026.9 2978.36 3141.88 2427.74
182.25 218.26 253.14 313.56 363.83 342.88
1089.6 1535.76 2028.37 2949.8 3472.39 2906.07
446.33 617.38 792.13 1511.28 1178.67 915.47
1108.75 1574.06 2100.45 3015.96 3417.47 2835.71
898.33 1247.84 1586.41 2172.84 2660.75 2457.45
667.24 1035.49 1208.18 3942.26 2120.94 1441.01
859.02 1248.79 1630.33 3400.59 2797.0 2189.32
1039.1 1472.25 2030.11 3073.39 2830.88 2141.08
267.51 456.26 431.66 4140.24 1358.22 867.45
1036.53 1455.17 1888.13 2688.93 3204.17 2840.77
1117.74 1573.45 1965.69 3033.15 3322.17 3044.98
1035.63 1455.6 1935.34 2822.41 2888.22 2400.8
1078.39 1543.05 1957.08 3238.93 3180.91 2739.9
482.31 745.0 796.89 4026.91 1753.87 1361.26
866.94 1225.57 1533.32 2798.94 2705.93 2421.15
245.6 315.14 370.28 642.27 610.52 542.35
262.45 335.38 413.58 561.72 620.44 542.5
772.46 1098.74 1517.28 2225.03 2442.6 1873.19
868.13 1233.86 1536.41 3062.78 2807.78 2451.91
678.52 931.8 1177.14 1602.11 1955.68 1808.35
103.12 232.91 135.52 3858.09 948.42 373.05
425.77 566.09 694.41 925.7 1105.13 1037.17
1048.77 1480.8 1949.88 2971.41 3162.68 2674.54
976.47 1400.84 1999.67 3001.99 3048.7 2207.91
179.11 213.74 247.29 305.4 353.74 333.6
701.77 1090.22 1191.54 4284.42 2118.75 1406.59
640.67 1045.3 1048.11 4347.89 2227.05 1548.22
991.57 1396.15 1756.59 2851.67 3095.61 2761.27
971.74 1406.8 1953.58 2791.19 2954.96 2321.38
419.58 559.49 695.02 929.77 1125.08 1043.7
1198.24 1671.88 2103.94 2897.65 3491.89 3260.53
291.65 392.55 461.73 948.42 803.68 699.54
960.67 1338.52 1731.68 2445.43 2946.1 2623.43
989.32 1425.06 2068.57 3123.52 3498.88 2390.75
790.43 1113.3 1611.64 2549.85 2249.94 1477.06
864.16 1262.19 1496.6 3523.06 2599.7 2108.84
508.05 778.37 843.88 3987.81 1816.55 1429.61
1007.09 1436.86 1935.05 2777.31 3270.7 2697.74
760.2 1050.13 1352.51 1901.61 2282.74 2032.98
947.13 1332.62 1750.03 2537.18 2704.18 2273.86
995.88 1408.76 1875.43 2670.94 3134.68 2632.71
832.42 1221.29 1398.32 3479.15 2583.04 2189.44
554.02 752.8 945.35 1278.86 1556.34 1440.73
1012.26 1416.17 1809.47 2719.46 3163.28 2848.88
1206.45 1684.75 2125.89 2926.44 3513.88 3264.14
1024.74 1459.89 1972.76 2994.24 2831.44 2150.56
1002.43 1478.69 2142.45 3119.1 2951.51 2044.74
999.03 1441.3 2120.13 3225.64 3823.17 2547.7
1111.45 1557.16 1986.96 2783.34 3346.38 3068.52
745.72 1023.86 1278.2 1736.65 2092.32 1957.6
776.95 1115.22 1390.07 3299.61 2632.24 2199.29
999.6 1406.43 1770.88 2778.66 3046.11 2770.52
279.17 361.88 462.13 637.92 708.12 586.24
779.3 1086.28 1449.48 2120.39 2234.07 1842.21
534.21 723.89 913.58 1256.38 1540.67 1402.18
884.66 1263.44 1623.22 3142.24 2807.32 2283.23
964.32 1396.19 2056.53 3274.83 3743.66 2455.77
345.27 603.65 673.51 4285.91 1754.14 900.4
464.62 690.21 718.63 2699.2 1439.29 1124.58
725.46 1039.1 1281.52 3018.16 2434.55 2076.01
861.92 1195.5 1518.62 2078.31 2543.97 2349.94
1116.15 1561.49 1994.4 2743.98 3362.17 3097.54
1005.19 1414.63 1860.7 2823.3 3181.53 2683.91
341.85 462.1 625.63 1079.04 891.49 610.75
758.72 1088.2 1335.72 3320.4 2567.36 2176.38
974.31 1393.14 2105.63 3219.22 2895.11 1759.06
1005.7 1504.84 2234.81 3277.89 3212.91 2198.39
682.67 963.26 1172.16 2093.19 2093.77 1847.1
1022.42 1465.79 2003.7 2928.92 3442.86 2751.05
856.98 1228.04 1511.83 3217.69 2777.63 2417.69
1055.2 1491.9 2022.8 2995.55 3302.86 2627.48
360.64 581.09 675.2 4172.21 1602.51 944.43
607.17 828.73 1050.28 1450.68 1782.74 1620.98
668.8 1054.07 1075.47 3917.88 2278.3 1762.26
69.51 192.17 59.95 4652.57 931.19 347.35
714.54 1055.55 1483.71 3334.38 2478.83 1596.52
811.2 1195.14 1735.56 2981.09 2909.6 1882.01
1005.76 1438.58 2018.25 3020.78 3219.43 2388.63
1025.92 1465.23 1965.23 2921.6 2841.44 2302.68
1052.21 1486.6 1887.49 3156.94 3148.74 2753.2
923.62 1283.41 1643.2 2293.42 2832.67 2569.98
765.54 1127.24 1620.55 3332.55 3061.66 1927.53
621.32 879.53 1080.61 2526.92 2038.66 1739.34
986.45 1397.72 1941.05 2957.08 2759.83 2065.59
1008.79 1447.26 2074.6 3208.07 3721.89 2633.07
1042.6 1461.51 1894.48 2695.5 3204.71 2826.69
1050.0 1465.0 1880.01 2630.02 3251.99 2948.97
1060.86 1513.86 2059.47 3072.36 3173.09 2402.42
950.98 1322.72 1694.47 2366.29 2923.46 2652.04
703.74 1037.9 1272.8 3457.63 2401.18 1861.52
1032.13 1433.64 1800.79 2462.59 2976.01 2781.54
1093.32 1548.17 2038.89 2876.2 3445.96 2983.78
423.64 737.28 685.9 4441.2 1736.33 1114.91
799.28 1105.93 1418.34 1996.97 2418.65 2173.78
1104.07 1554.0 2015.8 2809.14 3403.46 3039.35
320.36 509.04 546.68 3697.31 1422.48 931.24
141.55 213.91 190.73 1890.85 585.75 359.14
912.09 1330.34 1900.41 2741.39 2690.8 1936.36
938.1 1354.79 1735.65 3351.55 2855.24 2281.2
997.38 1400.6 1787.55 2782.78 3112.38 2772.76
571.33 836.4 986.79 3075.57 2037.03 1636.71
563.9 766.55 969.2 1335.44 1639.17 1491.21
673.24 1020.93 1464.62 3523.19 2305.3 1300.12
336.31 470.96 589.78 1551.5 916.28 632.61
987.45 1432.86 2105.97 3251.97 3212.4 2087.94
1061.53 1503.44 2031.52 2919.24 3430.95 2787.91
787.39 1111.43 1529.4 2255.93 2453.75 1887.92
1135.56 1581.64 1989.53 2724.76 3295.16 3079.11
128.74 141.3 153.86 176.55 195.37 186.2
818.93 1167.43 1616.56 2447.49 2448.68 1745.25
308.8 400.21 488.76 642.13 769.74 716.57
155.31 195.06 204.6 700.46 381.83 298.33
508.43 832.34 727.91 4795.53 1783.46 1191.41
649.99 886.9 1103.53 1494.02 1796.96 1682.21
640.0 876.41 1105.42 1502.08 1832.11 1694.6
415.56 682.47 698.52 4085.42 1867.28 1283.79
552.04 803.15 1040.43 2476.8 1942.42 1310.99
255.5 323.58 389.53 503.76 598.8 559.2
233.01 464.31 399.55 4032.54 1452.03 843.13
379.88 616.93 610.29 4306.45 1600.99 1109.5
1007.75 1443.37 1996.68 2946.6 3365.16 2591.16
995.36 1447.01 2040.11 2950.1 2998.91 2247.94
938.58 1306.55 1684.72 2361.66 2880.64 2582.78
1092.32 1528.47 1947.61 2727.72 3291.25 3033.13
758.12 1046.25 1325.35 1808.79 2211.01 2043.42
989.02 1438.74 2167.96 3485.42 3947.35 2481.48
1008.35 1413.96 1790.69 2638.66 3054.62 2795.83
1028.93 1440.66 1798.21 2693.83 3026.56 2795.1
766.0 1109.89 1352.87 3492.02 2540.82 2124.93
728.12 1058.42 1259.42 3544.42 2417.85 2053.27
677.07 989.98 1267.37 3160.86 2326.79 1807.27
860.21 1187.68 1487.12 2026.85 2445.59 2286.98
778.2 1091.45 1361.98 2355.09 2361.36 2127.27
629.76 1007.01 940.05 4625.47 2084.97 1521.33
681.04 1021.65 1268.94 3888.63 2280.57 1576.67
583.58 795.29 1000.38 1355.6 1651.15 1528.0
532.53 833.27 1053.8 3868.36 2261.81 1472.5
903.82 1275.24 1608.65 2931.52 2906.0 2561.13
978.07 1456.41 2169.39 3182.69 2946.42 1904.27
933.69 1300.62 1660.95 2283.85 2789.73 2557.04
807.27 1152.53 1450.48 3160.55 2721.05 2288.32
1188.16 1660.68 2085.62 2957.83 3478.51 3237.0
848.11 1208.42 1498.59 3110.41 2758.89 2397.2
541.17 865.43 805.31 4560.3 1890.16 1314.28
1018.44 1424.4 1850.29 2610.84 3151.94 2794.86
1028.27 1434.78 1828.36 2513.22 3078.07 2841.21
725.2 1029.76 1276.72 2683.27 2381.83 2045.99
1076.64 1513.25 1885.56 3069.03 3214.56 2948.57
979.81 1418.87 2022.19 3154.87 2981.17 1921.64
1048.39 1464.04 1885.04 2644.24 3250.81 2928.58
982.67 1401.88 1713.52 3212.69 3015.61 2680.62
875.8 1230.36 1548.65 2579.22 2746.63 2443.34
1118.63 1578.31 1964.12 3138.75 3303.11 2998.63
891.34 1266.0 1578.81 2977.45 2843.23 2486.1
847.12 1240.37 1729.85 3442.49 3237.57 2192.87
905.99 1273.6 1601.18 2580.78 2767.39 2505.78
188.32 226.99 264.45 329.33 383.31 360.82
335.42 583.83 541.61 4312.95 1687.39 1064.07
483.78 742.71 810.54 3896.31 1854.93 1397.13
465.52 708.37 773.95 3127.29 1728.0 1318.16
658.68 965.36 1154.73 3472.94 2288.27 1902.93
997.03 1409.81 1737.51 3300.4 3045.05 2743.94
487.25 666.77 860.53 1234.78 1230.87 1038.72
995.47 1420.63 1744.96 3184.29 3068.52 2753.51
971.34 1390.32 2114.49 3242.35 2881.1 1712.34
549.09 835.62 913.26 3710.64 1990.0 1548.28
148.66 169.62 188.79 223.34 250.14 239.99
975.32 1397.78 2064.34 3104.91 2940.33 1938.47
996.64 1391.53 1779.72 2585.04 3091.82 2794.1
1001.65 1409.85 1848.7 2600.49 3097.0 2689.13
985.0 1366.23 1714.82 2343.15 2830.62 2645.98
834.46 1160.56 1477.4 2218.96 2570.61 2315.66
1058.0 1495.18 1849.32 3172.51 3193.01 2898.3
1035.18 1450.74 1880.14 2674.43 3180.45 2805.99
991.63 1466.67 2141.82 3262.7 3655.99 2530.01
579.81 868.98 993.26 3731.45 2022.95 1647.96
1070.88 1503.88 1993.11 2867.02 3195.88 2725.47
181.48 335.47 273.31 3001.76 956.54 463.63
1146.49 1617.76 2097.02 3010.95 3326.34 2874.85
1054.1 1465.09 1840.9 2518.29 3043.82 2844.76
406.66 599.68 703.21 2268.63 1410.73 1018.21
975.08 1407.65 2064.07 3139.66 3498.04 2329.27
517.14 825.24 873.57 4458.85 1736.53 955.11
1036.96 1457.21 1920.76 2745.21 3242.4 2783.8
553.0 787.91 968.44 2018.06 1704.53 1434.76
747.01 1043.95 1447.63 2100.68 2170.16 1660.25
954.68 1328.04 1701.41 2376.16 2935.75 2663.15
476.14 652.34 856.59 1351.49 1312.65 1052.2
1024.38 1449.7 1960.05 2856.27 3233.14 2624.54
503.37 679.97 851.04 1147.35 1393.88 1291.16
574.9 832.76 971.57 2669.99 1864.8 1576.95
659.56 1025.58 1198.31 4224.99 2295.37 1495.61
1004.32 1400.23 1783.75 2448.04 3000.73 2770.44
1113.39 1558.71 1999.99 2768.78 3334.81 3045.28
278.82 356.94 435.06 576.24 693.32 636.28
305.48 415.92 473.36 1119.11 847.28 728.41
933.36 1326.04 1650.75 3008.88 2911.6 2532.0
712.7 1039.88 1352.91 3478.61 2331.18 1668.48
634.56 999.45 1344.75 3658.36 2651.93 1719.23
140.74 158.58 175.86 205.78 230.68 220.31
863.89 1206.06 1565.11 2231.42 2568.04 2255.39
1032.64 1474.62 2003.56 3086.0 2775.47 2025.16
699.41 1048.62 1208.35 3853.4 2428.42 1799.92
728.29 1058.63 1252.42 3191.61 2373.07 2015.02
599.06 925.65 1041.89 3670.88 2221.83 1754.86
928.42 1290.31 1652.2 2306.22 2848.62 2584.4
988.96 1428.54 2070.76 3169.21 3207.07 2175.8
983.41 1378.23 1752.97 2691.27 3074.12 2762.59
743.33 1040.99 1404.41 2024.21 2167.99 1748.2
1128.14 1583.78 1996.45 3062.98 3364.93 3062.53
681.79 1023.43 1208.27 3405.04 2421.1 1989.9
779.48 1117.5 1341.1 3415.13 2501.26 2163.63
114.56 120.92 127.28 138.77 148.31 143.66
1047.89 1463.42 1883.29 2640.37 3251.6 2932.38
789.92 1126.9 1388.86 3080.68 2551.57 2223.97
352.77 613.87 517.14 4672.04 1606.7 969.57
284.84 563.22 245.37 4859.89 1081.09 451.48
120.9 190.44 153.51 2027.92 557.02 312.6
496.55 669.77 843.0 1156.07 1415.7 1289.22
796.32 1171.09 1534.45 3435.53 2611.32 1866.75
331.35 535.79 558.03 3919.98 1530.98 1050.35
703.12 1010.07 1320.68 2398.94 2269.38 1815.03
958.24 1371.19 1701.57 3243.94 3021.37 2591.83
962.73 1401.16 1957.58 3091.83 2425.87 1660.81
1023.92 1448.12 1783.95 3037.49 3086.13 2802.51
782.55 1133.11 1383.41 3206.52 2672.44 2249.68
1036.18 1521.54 2173.01 3138.62 3255.75 2440.67
842.71 1236.46 1600.49 3662.57 2549.31 1758.8
989.2 1393.43 1808.34 2820.55 3154.65 2735.0
263.6 478.84 354.16 4335.77 1282.62 729.08
1017.65 1440.24 1959.47 2850.05 3358.23 2681.43
803.23 1131.56 1561.25 2286.75 2752.02 2103.93
392.59 620.94 613.23 3508.45 1506.05 1072.29
1139.68 1604.71 2106.26 2980.82 3377.32 2921.51
641.8 970.21 1275.76 3584.23 2216.24 1563.13
834.43 1150.79 1440.07 1961.5 2366.03 2212.8
1114.03 1561.46 2011.68 2794.36 3409.04 3079.98
1121.09 1561.0 1963.07 2689.81 3250.7 3037.43
646.9 968.43 1114.95 3162.66 2140.86 1744.65
1053.2 1479.89 1871.84 2825.73 3199.17 2925.37
982.52 1383.6 1739.75 2848.08 3070.76 2735.07
871.5 1238.68 1676.35 2386.65 2623.97 2145.98
929.37 1298.93 1695.33 2399.27 2699.12 2365.7
1135.63 1602.2 2076.48 2971.6 3192.42 2797.11
877.43 1268.12 1770.15 3110.28 2748.63 1976.63
778.41 1103.46 1371.53 2476.84 2452.35 2142.15
614.07 996.82 1061.34 4702.17 2115.98 1227.73
641.23 884.05 1181.68 1678.82 1790.27 1458.56
181.16 356.63 260.74 4386.97 1252.37 634.93
327.24 445.58 608.49 851.9 831.34 612.21
286.75 486.83 359.37 2593.33 979.38 652.4
913.47 1263.88 1584.29 2161.84 2609.91 2440.19
668.87 1032.29 1256.37 4195.29 2468.51 1523.74
500.57 715.43 1021.23 2223.26 1496.02 882.32
1047.37 1462.42 1881.76 2643.06 3254.51 2933.37
1058.0 1507.1 2007.73 2972.61 3120.65 2525.41
716.24 1066.15 1270.45 3353.74 2495.92 2078.15
995.47 1417.42 1968.75 2905.86 3101.24 2399.41
623.21 985.66 1295.0 3967.72 2154.93 1256.17
849.32 1246.18 1525.07 3734.5 2850.09 2177.35
202.1 420.87 277.63 4319.78 1326.42 697.32
1015.84 1447.51 1974.34 2885.98 3343.49 2659.67
505.1 760.45 877.66 3608.09 1947.09 1509.4
613.48 910.2 1048.94 3607.84 2179.88 1746.27
264.2 507.52 447.97 4081.93 1506.6 911.26
1037.75 1539.4 2242.45 3266.99 3264.49 2327.83
420.25 689.03 655.81 4328.59 1726.84 1184.54
702.56 1048.62 1407.31 3480.47 2560.05 1757.35
1031.56 1438.5 1845.44 2580.88 3190.8 2893.69
1029.48 1446.69 1886.2 2703.49 3096.17 2708.62
744.44 1109.14 1321.67 3816.75 2409.73 1777.87
812.77 1163.38 1423.46 3122.3 2589.41 2266.42
797.71 1118.9 1509.09 2182.64 2431.01 1986.54
749.93 1102.2 1315.88 3452.92 2581.92 2151.75
657.83 936.67 1318.52 1962.08 2148.76 1540.36
936.2 1332.39 1762.31 2994.61 2996.09 2447.7
926.51 1309.74 1608.98 2910.93 2801.42 2525.04
857.94 1226.92 1523.42 2980.71 2644.5 2254.15
646.16 1031.26 1179.68 4111.74 1969.4 1154.69
334.83 564.77 580.64 4223.89 1597.67 971.14
616.13 945.18 998.15 4183.8 2192.13 1691.23
1081.46 1519.39 1969.54 2764.54 3229.22 2841.56
970.88 1399.41 1956.96 3130.33 2527.31 1610.94
467.03 627.36 787.69 1077.45 1317.76 1200.7
210.31 259.93 321.64 424.37 444.77 374.43
933.15 1323.85 1687.84 3182.53 2903.19 2443.22
1074.38 1518.15 2004.81 2874.74 3247.15 2734.1
846.59 1227.11 1467.51 3436.18 2744.64 2357.09
831.37 1199.26 1514.26 3275.14 2717.83 2249.44
398.61 667.14 699.62 3748.26 1816.87 1269.97
314.5 406.89 491.38 643.67 761.82 717.07
533.58 722.99 912.39 1254.69 1538.58 1400.29
1053.87 1494.75 1976.18 2889.95 3292.7 2797.69
315.73 409.97 504.21 674.53 815.78 746.97
964.92 1377.64 1980.25 3115.48 2551.3 1685.94
1101.73 1546.36 1995.35 2799.69 3266.2 2921.96
286.84 475.72 480.65 3665.51 1427.6 858.59
909.73 1268.46 1625.22 2254.41 2668.87 2424.96
612.57 836.49 1060.4 1465.06 1800.66 1637.18
499.85 711.68 1020.32 1640.91 1597.86 1059.44
966.69 1381.29 1779.69 3311.52 3099.62 2552.42
345.65 566.54 557.25 4155.65 1437.97 1013.23
203.57 331.01 283.08 2244.25 847.39 538.77
646.03 921.1 1364.71 2051.21 1888.79 1206.77
469.41 669.88 794.74 2059.3 1453.66 1156.55
1112.67 1565.14 2051.48 3018.25 3155.05 2697.44
813.37 1141.1 1550.33 2300.55 2242.07 1768.51
270.36 344.94 417.19 542.33 646.44 603.06
377.9 498.52 613.97 823.29 952.13 878.4
706.84 1012.07 1209.68 2962.1 2193.33 1894.11
786.69 1145.84 1429.81 3208.84 2491.15 2032.75
1211.53 1690.43 2128.64 2918.96 3530.0 3296.94
138.01 285.8 202.38 4267.03 1067.98 539.55
1043.25 1488.62 2057.54 3031.0 3279.31 2528.9
967.99 1400.35 1875.35 3005.07 3039.37 2483.77
956.48 1393.88 1953.28 3096.17 2398.14 1619.71
637.24 872.45 1100.29 1494.94 1823.28 1686.47
542.29 838.46 902.57 4033.76 2064.75 1579.89
659.28 1030.29 1019.22 4326.16 2192.72 1647.75
490.65 694.22 829.59 1888.17 1566.08 1327.46
352.77 463.19 573.62 773.17 938.67 858.05
1008.91 1425.99 2002.5 2949.91 3058.23 2302.94
628.59 894.83 1092.59 2534.89 2076.62 1758.77
1006.39 1434.2 2117.48 3197.06 2975.16 1940.76
692.18 947.26 1180.51 1600.94 1927.12 1803.57
923.41 1337.27 1899.26 3276.39 3265.05 2249.8
369.06 577.24 598.51 3052.21 1470.71 1054.1
820.62 1178.02 1480.95 3164.81 2639.59 2174.97
509.72 813.31 757.15 4376.02 1800.96 1236.21
1001.5 1393.79 1746.16 2486.73 2902.01 2695.61
524.31 878.9 707.64 4886.49 1762.57 1163.52
630.15 1034.38 939.09 4424.84 2160.04 1632.0
835.81 1200.67 1582.63 3278.2 2960.8 2299.79
1057.3 1476.42 1882.4 2585.61 3170.69 2926.91
1132.57 1598.39 1969.94 3171.16 3334.06 3042.44
976.42 1384.47 1863.13 3003.35 3137.22 2462.31
890.45 1275.13 1559.74 3185.11 2807.04 2477.8
770.86 1135.39 1403.45 3651.64 2556.71 1852.48
95.86 297.32 149.4 4288.57 1147.04 487.16
887.25 1291.0 1567.91 3483.38 2674.39 2213.7
1137.07 1597.41 2124.8 3020.02 3328.43 2804.0
700.02 1011.3 1194.44 3215.06 2206.93 1913.13
1045.99 1459.24 1872.49 2619.32 3238.7 2936.98
990.66 1466.7 2146.17 3273.21 3662.69 2523.05
979.36 1383.26 1737.92 3047.38 3048.05 2742.34
355.3 467.07 575.34 762.88 918.91 853.9
150.12 172.01 193.91 233.48 266.29 250.31
611.27 837.16 1077.09 1514.31 1766.44 1559.65
1064.14 1523.54 2088.11 3058.07 3368.41 2635.54
460.34 755.36 761.09 4154.05 1964.69 1397.35
536.82 879.45 804.42 3835.16 1902.03 1408.32
1107.01 1552.09 2022.99 2886.69 3141.22 2736.03
903.48 1254.48 1605.47 2239.8 2765.87 2509.6
1029.69 1443.14 1836.45 2699.94 3201.63 2888.02
919.81 1276.77 1624.76 2257.04 2607.24 2370.32
823.84 1194.98 1452.34 3313.11 2739.89 2343.62
995.14 1426.66 1964.08 3069.02 2664.32 1854.04
519.72 796.38 872.69 4012.96 1935.71 1487.9
816.89 1186.42 1389.52 3539.62 2582.37 2231.47
231.32 425.54 297.44 4066.03 1149.68 628.43
967.55 1456.23 2167.99 3334.46 3129.31 2090.52
1170.41 1645.32 2145.17 3046.73 3627.33 3138.69
1115.65 1562.2 1998.96 2761.75 3354.49 3073.39
1081.18 1517.16 1928.31 2751.07 3268.16 2991.71
729.34 1021.19 1270.22 2230.01 2204.66 1984.51
1183.47 1658.8 2070.66 2992.36 3463.78 3217.26
897.82 1259.39 1636.74 2297.75 2714.46 2364.46
868.7 1219.73 1616.46 2315.23 2719.77 2297.07
1082.44 1517.64 1932.27 2793.05 3281.21 3005.16
726.69 1005.35 1244.48 1985.49 2092.96 1924.35
573.75 870.66 1109.19 3960.71 2018.48 1292.17
1072.67 1503.22 1912.66 2742.7 3238.52 2969.66
117.36 181.55 148.62 1313.18 451.83 263.16
994.42 1436.55 2033.52 3046.55 3400.89 2478.19
1049.62 1512.66 2192.15 3419.16 3907.1 2673.09
709.16 1010.2 1470.68 2190.22 2089.57 1416.84
713.84 1007.79 1357.56 1907.49 2030.71 1650.15
350.91 576.5 559.25 4293.57 1544.44 1038.22
971.27 1381.64 1955.64 3035.22 2642.24 1854.52
845.08 1214.17 1512.42 2977.76 2800.86 2413.97
987.88 1469.67 2182.82 3196.74 2971.47 1938.27
1021.41 1461.52 2009.14 3015.31 3101.92 2301.39
1102.65 1555.41 1928.0 3115.17 3301.35 3019.89
317.08 412.12 504.19 663.65 796.33 741.05
574.27 798.25 1099.31 1597.16 1903.16 1430.95
1015.02 1415.62 1803.67 2475.82 3035.05 2802.04
359.43 572.1 609.7 3869.57 1598.24 1124.55
752.39 1101.8 1316.9 3472.63 2547.66 2137.71
467.17 627.56 787.96 1077.83 1318.22 1201.12
1029.14 1457.48 1786.77 3205.96 3091.97 2804.95
800.25 1106.83 1415.0 1971.14 2428.11 2198.09
1047.23 1461.57 1874.63 2637.09 3245.35 2941.27
799.57 1159.15 1410.46 3100.51 2600.1 2214.13
851.6 1211.9 1510.23 3031.21 2795.37 2420.57
134.51 149.62 164.26 189.61 210.71 201.92
990.14 1373.57 1724.18 2356.16 2846.46 2660.74
965.91 1391.84 2034.78 3041.93 2926.08 1999.59
674.81 957.54 1158.67 2282.7 2056.72 1822.59
843.73 1217.32 1763.68 2954.44 3192.81 2140.77
382.35 503.98 615.19 815.65 971.18 912.27
1086.64 1537.34 2093.39 3137.76 3366.12 2609.25
221.88 497.21 266.71 4904.61 1294.72 653.15
557.7 826.15 928.57 3101.16 1935.26 1538.63
491.48 662.5 833.52 1142.58 1398.9 1274.04
1096.76 1539.96 2009.03 2841.09 3348.42 2935.4
652.4 993.27 1301.44 3481.66 2558.44 1734.83
1013.92 1441.88 1758.96 3333.89 3085.74 2780.46
143.88 163.05 182.21 216.85 245.58 231.59
1195.22 1670.86 2124.51 2931.34 3488.36 3204.27
750.4 1114.41 1480.0 3537.29 2180.01 1345.94
1090.56 1538.58 2004.25 2858.06 3252.13 2830.18
801.95 1175.46 1346.49 3581.01 2521.94 2120.52
575.93 909.97 874.27 4476.77 1944.61 1397.49
333.24 528.5 527.61 2821.78 1329.18 947.06
548.85 756.65 1020.67 1469.51 1766.07 1387.83
1044.99 1458.79 1870.29 2642.83 3239.97 2935.03
774.45 1092.63 1598.29 2401.03 2270.24 1507.86
1021.0 1431.33 1824.84 2742.06 3174.25 2844.68
776.2 1072.24 1359.01 1855.73 2268.99 2096.8
1120.95 1576.94 1958.27 3077.46 3317.62 3055.03
735.82 1027.02 1371.37 1977.4 2250.92 1851.96
1012.62 1431.95 1800.89 2956.01 3143.36 2833.66
1044.88 1481.55 2017.58 2893.78 3154.67 2567.57
739.32 1032.54 1286.98 2116.55 2215.12 2007.8
1127.82 1575.69 1983.31 2817.09 3299.2 3052.84
1045.65 1486.21 2039.67 2964.16 3445.89 2700.58
1188.43 1662.87 2121.59 2938.81 3480.91 3175.96
358.13 492.73 573.92 1347.22 1023.86 886.64
948.36 1318.96 1689.56 2359.32 2914.77 2644.19
1083.53 1507.19 1894.59 2592.88 3134.62 2929.42
774.58 1103.16 1363.61 2693.9 2452.91 2114.92
643.22 958.2 1142.03 3818.79 2256.02 1760.73
1187.52 1658.06 2086.8 2903.86 3466.55 3227.9
179.55 390.82 204.24 5036.68 1216.52 601.72
628.18 981.42 953.35 4576.55 2063.75 1528.44
720.86 992.67 1255.97 1712.04 2091.48 1933.38
538.07 848.86 1048.33 4150.96 2350.33 1401.12
974.2 1390.64 1698.36 3296.79 3030.85 2692.7
732.09 1036.83 1291.89 2524.46 2357.02 2024.67
252.32 467.12 390.65 4407.61 1431.44 815.66
1002.08 1429.08 1954.9 2865.79 3242.85 2571.26
1110.4 1560.33 1944.72 3098.76 3296.39 3027.33
1017.25 1461.85 2030.93 2993.39 3292.8 2521.56
690.15 947.96 1205.76 1671.67 2058.06 1869.83
805.82 1114.83 1414.17 1932.65 2364.02 2184.28
941.06 1303.36 1634.64 2231.78 2695.05 2519.57
316.63 572.99 540.96 4017.57 1618.58 1043.34
1110.33 1552.81 1953.5 2843.84 3262.1 3006.28
932.36 1375.43 1557.13 3642.45 2872.11 2497.84
395.25 635.46 771.26 4134.46 1524.57 838.31
1017.19 1436.88 1907.93 2825.54 2962.54 2415.82
1043.11 1456.55 1866.68 2646.25 3235.12 2929.93
972.02 1405.63 1998.75 3111.2 2974.62 1944.94
755.39 1037.7 1295.85 1761.16 2122.15 1985.42
783.29 1130.55 1358.57 3473.05 2544.77 2195.32
987.84 1422.1 1801.28 3141.25 3040.7 2528.72
351.42 461.25 571.08 769.57 934.19 854.0
644.12 882.34 1113.09 1512.79 1845.34 1706.78
1114.13 1564.24 2014.93 2782.38 3365.35 3060.4
1023.78 1452.63 1931.3 2862.08 3084.43 2515.63
977.34 1409.39 2058.51 3124.25 3490.61 2348.0
825.77 1143.51 1451.31 1984.44 2428.0 2243.18
1068.06 1491.89 1902.44 2613.55 3205.2 2958.68
945.59 1316.47 1699.19 2383.84 2901.32 2597.04
654.76 1062.15 989.41 4361.14 2218.01 1702.49
1045.03 1461.21 1887.57 2660.68 3234.32 2884.99
1015.82 1415.89 1815.96 2538.98 3138.6 2846.5
889.1 1273.56 1542.33 3395.49 2814.65 2462.26
578.14 784.1 972.43 1311.9 1575.26 1475.5
750.51 1065.75 1334.04 2437.26 2355.5 2024.63
177.38 230.24 245.54 902.05 462.98 370.45
858.3 1260.85 1522.03 3701.72 2599.73 2015.04
799.52 1105.77 1402.44 1916.28 2343.81 2165.67
1006.02 1446.06 2087.7 3246.98 3753.53 2611.8
1067.33 1493.86 1865.84 2794.08 3142.32 2902.04
1045.87 1459.14 1872.61 2619.61 3238.24 2935.94
329.46 428.3 518.69 681.6 807.99 760.12
411.21 787.3 491.34 4991.67 1644.15 1004.72
238.59 300.07 358.22 484.93 549.7 511.24
657.59 1011.13 1405.67 3732.07 2674.34 1727.11
319.2 552.51 389.74 4198.75 1185.2 630.79
879.29 1264.55 1654.97 3127.55 2870.47 2337.05
1046.09 1490.85 2012.96 3073.44 2832.13 2120.69
830.71 1198.89 1465.6 3158.61 2777.27 2374.56
469.84 781.38 654.65 4830.9 1699.25 1085.11
1137.44 1601.33 1988.36 3072.56 3361.97 3099.16
583.49 856.92 990.11 3053.05 2004.69 1642.71
867.81 1215.54 1499.32 2562.62 2558.42 2335.9
860.33 1193.21 1515.66 2074.18 2538.87 2345.25
1071.11 1514.65 2005.08 2883.43 3238.18 2707.37
1046.87 1484.75 1979.25 2938.32 2956.39 2372.25
581.63 889.28 1141.85 3850.41 2206.32 1407.02
1021.25 1460.81 1918.3 3069.01 3216.8 2614.21
1164.82 1643.2 2132.03 2963.66 3400.54 3016.62
1014.69 1509.76 2216.59 3236.83 3225.54 2269.82
858.31 1249.28 1516.54 3318.64 2736.69 2348.72
1101.0 1541.94 2006.26 2808.86 3213.76 2825.16
604.66 822.04 1020.82 1379.12 1657.09 1551.8
291.96 514.9 414.29 4311.98 1332.69 823.73
346.61 563.0 608.09 3877.13 1607.76 998.93
844.32 1203.28 1454.38 3152.15 2598.29 2302.35
714.12 1034.88 1211.25 2624.64 2259.54 1941.15
1134.08 1593.68 2124.64 3024.07 3320.35 2784.26
797.04 1151.58 1390.17 3277.37 2644.85 2243.94
941.47 1349.7 1904.02 3180.24 2547.41 1731.49
982.93 1385.59 1927.0 2934.62 2943.17 2225.11
674.28 941.81 1254.36 1877.31 1847.12 1441.21
732.35 1019.48 1269.7 1916.39 2152.71 1967.41
1078.71 1512.96 1961.07 2729.84 3307.13 2948.52
687.11 998.85 1222.0 3268.46 2284.53 1884.37
786.94 1094.3 1461.16 2136.68 2342.17 1935.88
896.04 1287.33 1539.07 3094.24 2737.52 2408.58
1156.8 1621.16 2097.43 2967.95 3307.48 2929.33
1049.82 1492.36 1992.44 3006.38 3482.32 2826.97
291.53 583.95 392.65 4820.5 1444.14 831.74
245.19 308.76 370.33 476.99 565.72 528.75
684.11 935.72 1165.79 1580.5 1902.23 1780.37
1015.83 1444.59 1986.78 2931.83 3226.85 2516.18
1028.54 1446.1 1899.82 2728.99 3176.56 2710.06
175.79 214.65 271.71 397.88 362.56 270.21
991.84 1446.34 2093.49 3174.72 3459.99 2383.81
413.15 549.94 686.74 933.96 1138.99 1039.12
1096.73 1533.45 1958.75 2694.41 3297.45 3036.8
947.14 1364.31 2000.9 3006.42 2894.71 1960.48
407.97 542.5 677.03 920.16 1121.8 1023.58
706.1 1040.96 1206.92 3532.21 2352.91 1968.31
579.25 785.69 974.46 1314.72 1578.69 1478.7
972.58 1425.37 2093.82 3210.18 3459.37 2293.24
998.72 1421.15 1746.87 3159.12 3057.31 2731.02
651.04 977.02 1202.97 3978.46 2439.09 1755.19
960.72 1351.83 1762.23 2520.1 2835.75 2447.61
1133.23 1604.49 2159.63 3161.37 3713.45 2995.37
1070.4 1512.91 1864.46 3215.46 3212.69 2928.3
757.47 1055.51 1378.89 1950.74 2357.09 2040.84
1068.62 1496.39 1903.78 2706.28 3228.74 2967.58
856.08 1193.66 1534.96 2117.72 2447.63 2188.2
1120.71 1567.64 2000.44 2751.72 3374.34 3114.2
316.5 409.76 495.04 648.75 768.01 722.84
149.24 170.8 191.68 227.85 257.94 245.41
432.98 703.12 781.74 3716.72 1560.14 902.37
643.49 910.74 1301.58 1947.28 1920.76 1351.99
863.08 1276.46 1730.04 3346.22 2747.08 2001.4
413.31 550.47 683.35 913.49 1104.97 1025.19
945.08 1371.4 1911.7 3005.75 2455.29 1720.0
1211.8 1690.78 2129.08 2919.11 3531.46 3298.23
561.91 780.44 1046.35 1795.6 1574.45 1178.48
1129.15 1572.85 1979.46 2713.32 3275.33 3056.28
1016.03 1448.97 1946.46 2930.65 3034.92 2387.57
392.19 549.81 620.16 1666.73 1150.24 972.24
616.15 841.63 1067.11 1474.6 1812.54 1647.92
929.8 1306.67 1797.99 2618.09 2811.96 2213.21
808.81 1198.4 1660.39 3723.16 2508.29 1508.79
986.73 1390.18 1925.2 2919.75 2960.24 2263.54
1080.65 1509.99 1925.88 2646.24 3245.58 2995.86
882.84 1270.85 1766.44 2538.97 2642.78 2039.11
827.84 1185.64 1456.49 3364.45 2698.29 2343.69
931.62 1352.9 2042.25 3106.24 2826.83 1753.01
806.7 1158.3 1425.67 3241.8 2636.2 2290.99
292.94 388.9 510.15 714.96 804.94 633.04
1196.62 1671.55 2109.58 2934.6 3497.01 3244.4
188.14 329.39 235.53 2804.14 818.33 477.03
970.51 1446.36 2144.49 3149.66 2863.26 1853.72
1041.56 1464.65 1916.91 2700.03 3215.67 2820.63
330.58 563.96 488.21 4239.26 1427.84 930.48
384.31 666.44 483.89 4898.28 1441.66 815.07
858.68 1238.68 1445.54 2924.58 2569.19 2284.65
1039.73 1502.46 1911.25 3405.16 3298.77 2728.2
558.38 779.15 939.94 1833.33 1671.8 1457.7
174.32 336.87 259.98 4087.09 1193.31 612.04
572.51 881.09 903.83 3053.32 1856.64 1496.12
627.03 921.47 1098.81 3106.57 2052.98 1599.62
367.18 483.9 600.62 811.55 986.49 901.27
879.33 1219.77 1560.21 2175.47 2685.72 2437.16
568.68 773.41 978.15 1348.16 1655.02 1505.54
591.68 880.33 1025.83 3556.82 2197.18 1728.31
1108.24 1561.26 1993.05 3113.89 3393.03 2994.49
1103.82 1548.12 2006.69 2814.87 3356.16 2987.67
1084.6 1538.06 2033.51 2843.24 3252.78 2815.83
1043.21 1455.25 1867.28 2611.93 3229.48 2928.65
156.07 180.23 202.31 242.12 273.01 261.31
645.05 937.23 1097.75 3150.32 2142.35 1786.75
1003.09 1462.56 2114.56 3208.09 3485.14 2397.53
944.93 1348.04 1664.76 3182.61 2970.75 2644.62
599.32 875.3 1067.85 3442.77 2112.14 1638.36
689.37 1060.21 1407.35 3919.35 2656.26 1649.91
712.42 1047.64 1535.47 2239.44 2213.83 1536.6
860.36 1268.68 1696.32 3497.11 2734.59 1905.02
553.87 819.57 943.31 3699.03 1966.16 1543.23
1211.61 1690.52 2128.89 2919.18 3530.49 3296.86
268.66 474.2 401.58 4539.87 1334.76 808.53
543.71 824.22 917.99 3872.96 1977.61 1548.12
211.76 397.41 261.8 4012.71 1088.67 572.01
1209.5 1687.83 2127.57 2920.74 3520.86 3282.24
1001.27 1407.38 1914.8 2853.13 3027.32 2421.14
929.65 1375.86 1916.06 3307.33 3003.85 2239.05
407.89 646.92 673.13 4042.9 1593.46 1181.93
836.02 1249.82 1592.87 3719.81 2582.28 1874.61
864.05 1214.84 1552.22 2614.79 2724.28 2371.02
461.43 703.82 675.44 2888.62 1393.49 1060.49
1148.93 1617.67 2085.63 2962.35 3251.39 2884.52
1006.4 1428.14 1776.76 3079.18 3097.8 2754.05
866.48 1268.08 1820.67 3454.3 2909.39 1890.15
967.42 1395.93 1957.94 3146.91 2500.71 1561.92
1015.72 1499.32 2185.92 3180.49 3036.32 2083.21
405.8 705.91 519.38 5073.86 1527.84 879.35
1143.26 1598.79 2029.81 2821.72 3318.16 3030.65
645.56 921.75 1133.2 2335.3 2109.23 1811.36
972.02 1369.91 1859.53 2771.42 2660.98 2095.06
1157.5 1614.26 2037.15 2798.09 3370.19 3131.1
1115.84 1598.15 2155.94 3113.43 3616.18 2945.65
699.75 962.32 1216.67 1657.23 2023.78 1871.05
297.54 466.53 489.78 3188.75 1286.06 897.63
505.51 813.5 988.94 4014.3 1939.24 1087.69
894.63 1288.38 1686.78 3168.5 2769.53 2164.55
736.76 1019.74 1314.5 1815.51 2146.85 1921.41
910.56 1291.76 1569.16 3000.37 2750.98 2466.89
819.66 1129.66 1413.13 1924.07 2320.47 2170.33
904.04 1250.38 1567.08 2137.93 2580.8 2413.05
868.99 1311.38 1829.64 3584.79 2847.42 1983.02
920.33 1314.97 1742.18 2971.81 3058.85 2474.96
523.89 798.8 1062.81 3799.19 1948.51 1187.16
1012.88 1463.46 2042.29 2937.93 3092.27 2384.58
763.41 1049.18 1310.49 1781.5 2146.91 2008.5
339.98 528.02 627.35 3001.94 1195.25 731.31
282.02 369.39 439.16 842.65 735.64 656.03
927.96 1359.33 1928.38 3097.37 2291.66 1465.68
809.31 1206.69 1369.39 3750.58 2618.05 2219.63
836.82 1188.25 1487.1 3092.99 2738.97 2365.45
1078.21 1532.44 2101.47 3063.02 3523.84 2737.43
691.84 1091.15 1213.25 3947.18 2470.18 1760.56
938.75 1345.5 1742.8 3043.44 2755.12 2247.31
463.05 621.64 780.24 1066.85 1304.56 1188.76
923.06 1344.18 2051.67 3139.59 2796.56 1667.38
476.99 763.46 771.15 4329.65 1896.41 1394.53
1010.39 1488.77 2152.41 3251.35 3658.6 2590.56
1021.97 1513.75 2201.84 3203.57 3235.77 2327.68
580.89 791.42 995.36 1348.61 1642.51 1520.06
581.71 894.91 987.62 3921.15 2205.39 1692.02
160.64 187.14 213.63 261.5 301.21 281.87
669.18 986.22 1163.86 3549.68 2352.69 1921.66
544.58 813.23 945.54 3457.64 2066.23 1601.47
468.19 749.16 747.84 4220.66 1839.6 1316.61
777.34 1200.48 1240.09 4043.8 2506.84 2053.68
1009.87 1429.76 1856.45 3058.81 3249.71 2779.0
986.05 1373.96 1749.73 2400.59 2942.11 2716.48
584.55 906.14 1207.28 3005.64 1885.71 1178.13
913.41 1290.53 1622.03 2807.77 2903.1 2554.59
1115.19 1561.4 2002.27 2761.9 3358.18 3073.22
1121.07 1585.26 2066.46 2981.73 3127.84 2701.38
832.93 1239.03 1378.85 3850.21 2618.51 2180.45
979.25 1375.08 1746.33 2798.37 3079.18 2755.61
537.09 728.46 913.83 1234.9 1502.04 1390.73
585.75 869.88 1006.85 3871.03 2139.48 1706.75
685.03 1016.87 1174.17 3491.27 2357.24 1938.13
935.06 1296.42 1636.18 2250.8 2666.89 2464.16
664.82 1008.36 1223.25 3741.09 2195.01 1619.94
283.54 377.79 439.85 926.84 767.27 665.86
710.68 990.09 1218.85 1985.77 2069.5 1888.91
1027.93 1434.44 1839.49 2608.92 3186.08 2883.72
303.75 391.51 471.77 616.42 728.65 686.14
1199.16 1676.96 2128.11 2936.3 3528.18 3243.59
1087.6 1530.11 1905.28 3107.21 3232.29 2965.44
730.03 1032.4 1393.81 1960.8 2082.47 1686.23
595.83 838.74 1192.24 1780.44 1770.9 1256.96
1014.02 1446.42 1998.77 2981.11 3148.07 2392.5
724.7 1074.75 1311.03 3463.39 2520.19 1975.02
1019.81 1464.48 2030.19 2987.4 3294.83 2536.22
413.34 699.32 727.51 4307.44 1751.06 1042.31
433.91 733.12 610.46 3587.04 1564.16 1099.7
901.95 1263.76 1648.68 2494.95 2809.01 2390.07
858.63 1209.39 1527.06 2520.44 2718.88 2413.58
645.65 892.76 1146.83 1628.51 1722.85 1503.29
1016.77 1440.87 1987.14 2994.41 2824.91 2160.64
420.11 588.97 750.48 1522.12 1296.8 1000.96
1074.47 1501.09 1914.36 2630.18 3225.74 2977.59
1040.1 1463.52 1935.56 2758.06 3227.24 2706.95
550.38 744.39 921.78 1241.55 1489.62 1395.66
1135.89 1592.54 2075.5 2909.3 3323.17 2914.71
1103.32 1571.73 2045.98 3116.72 3256.9 2786.41
211.8 384.08 330.27 4002.58 1285.48 714.22
918.91 1320.79 1798.05 3165.59 2864.82 2167.36
388.63 641.75 641.8 4184.77 1731.22 1173.29
639.25 901.34 1327.75 1993.75 1862.26 1200.44
788.6 1124.48 1323.27 2848.11 2338.83 2055.67
868.42 1297.12 1748.35 3368.06 2859.07 2133.71
1134.0 1597.38 2108.12 2978.18 3332.74 2858.55
1101.33 1541.76 1964.86 2762.95 3324.91 3061.95
1089.08 1526.91 1955.85 2787.84 3267.91 2969.35
1195.4 1669.48 2098.7 2943.71 3490.58 3254.93
172.32 314.87 235.57 3640.58 880.43 501.58
415.45 567.85 799.84 1244.61 1225.37 806.63
806.01 1172.34 1390.48 3423.49 2631.07 2240.76
1115.17 1561.94 2006.7 2773.7 3396.43 3087.87
1097.3 1526.89 1919.71 2627.77 3177.09 2969.02
494.12 681.48 951.69 1466.59 1489.59 1032.71
803.8 1119.92 1456.33 2054.23 2495.72 2185.91
215.39 388.12 337.99 4207.66 1238.32 733.27
998.22 1385.13 1738.93 2376.64 2871.39 2683.99
1090.19 1534.56 2016.81 2838.15 3403.98 2945.56
1007.52 1425.91 1755.71 3229.11 3033.0 2755.99
597.11 898.51 998.56 4012.82 2092.98 1669.15
1043.81 1473.86 1990.74 2931.26 2967.64 2408.25
861.01 1232.19 1516.88 3222.01 2725.48 2410.23
632.0 966.95 987.79 3693.18 2007.07 1570.54
900.77 1317.51 1811.25 3653.94 2966.31 1889.85
419.68 604.46 709.7 2350.22 1450.31 1170.71
372.73 624.54 622.46 4089.95 1784.35 1178.08
760.88 1108.84 1402.52 3418.55 2446.93 1887.37
416.83 647.19 668.96 3757.17 1571.56 1161.06
612.99 839.41 1070.38 1493.8 1794.69 1605.99
821.31 1270.6 1690.92 3690.12 2592.81 1684.85
423.64 565.33 702.58 940.32 1138.12 1055.7
1056.66 1541.02 2172.52 3233.4 3668.6 2728.2
833.59 1191.31 1530.2 2973.71 2587.15 2090.56
974.88 1398.16 1973.4 3174.58 2953.67 2112.87
460.07 739.29 816.17 3957.05 1938.68 1291.38
190.15 265.51 316.36 1291.02 613.73 380.72
761.63 1113.74 1358.0 3447.82 2598.07 2122.05
1131.26 1587.05 1986.82 2980.52 3315.21 3032.08
793.02 1158.15 1366.69 3609.69 2608.63 2209.55
1046.53 1491.38 2013.27 3073.03 2833.98 2123.81
524.06 791.12 876.16 4140.67 1975.85 1522.67
1096.67 1536.88 1997.17 2807.31 3288.06 2925.93
991.44 1429.59 2083.62 3156.76 3519.2 2373.19
1048.14 1514.18 2100.52 2994.98 3154.12 2470.89
988.62 1407.49 1993.72 3106.86 3213.88 2261.5
1194.75 1670.71 2108.06 2951.04 3482.11 3216.3
925.46 1324.73 1900.13 2939.77 3404.51 2396.12
253.08 320.1 385.02 497.47 591.03 552.05
557.78 822.72 973.17 3332.53 2035.76 1634.08
1019.25 1473.48 1734.82 3417.51 3076.84 2746.77
937.42 1309.82 1735.95 2517.37 2845.07 2408.93
1022.32 1451.94 1934.17 2875.03 3075.07 2491.43
160.92 214.07 215.1 1194.53 481.33 346.88
1187.96 1662.32 2121.44 2939.22 3479.92 3173.52
966.95 1381.49 1685.25 3308.31 3015.62 2674.23
554.25 931.4 816.87 4337.4 2022.38 1460.31
1096.06 1539.67 2006.43 2797.79 3302.8 2935.61
799.27 1191.01 1346.55 3702.28 2512.62 2020.36
987.3 1410.29 1982.05 2947.21 3078.64 2317.04
538.64 803.81 939.34 3547.9 2027.4 1598.0
980.77 1432.46 2015.97 3244.24 2808.9 1802.74
507.92 804.43 928.54 4196.56 1894.25 1163.76
532.02 744.4 910.93 1938.54 1682.64 1444.87
1076.79 1520.0 2023.69 2876.08 3416.6 2871.82
719.29 1026.27 1503.07 2252.57 2142.33 1430.92
1082.18 1520.65 1995.84 2841.66 3170.11 2759.53
663.36 970.09 1155.6 3429.56 2264.48 1890.41
905.05 1302.72 1741.99 3246.71 3199.84 2440.42
711.86 1047.71 1229.02 3564.92 2461.28 2037.15
877.17 1252.32 1566.52 2906.36 2866.04 2501.55
856.83 1237.98 1496.52 3398.56 2768.49 2409.27
178.0 301.41 166.82 2590.3 602.74 267.22
507.95 686.56 859.57 1159.24 1408.57 1304.68
113.53 319.38 180.74 4266.88 1184.78 531.68
947.47 1363.55 1603.21 3551.25 2863.23 2505.12
936.37 1338.44 1654.66 3087.29 2968.18 2630.8
772.24 1144.14 1628.05 3632.89 2503.36 1477.31
1046.14 1471.36 1955.39 2761.83 3144.02 2684.76
999.4 1443.85 2089.44 3188.93 3225.34 2198.33
126.96 231.35 124.09 2039.94 516.05 257.44
476.13 640.81 800.32 1076.62 1306.5 1210.72
929.12 1301.03 1733.59 2461.34 2696.38 2251.36
998.76 1480.44 2168.32 3303.93 3688.4 2535.46
1191.97 1666.45 2123.46 2941.25 3479.69 3180.54
1019.59 1434.85 1934.1 2782.88 3137.34 2593.71
852.3 1229.09 1711.26 2523.89 2871.32 2173.78
846.83 1173.8 1490.52 2039.13 2495.56 2305.38
476.7 662.47 942.61 1402.2 1558.39 1063.18
600.76 910.03 1035.49 3769.48 2207.34 1735.7
455.74 704.01 739.78 3279.21 1665.22 1268.7
991.65 1465.05 2121.33 3082.38 3098.98 2235.48
741.55 1087.36 1391.08 3516.46 2413.69 1804.38
975.84 1395.53 2017.38 3206.07 3205.95 2118.46
1161.05 1619.71 2047.15 2814.2 3401.55 3148.21
1048.45 1495.37 1945.26 3165.46 3308.61 2768.07
983.32 1406.82 1988.51 2967.31 3067.66 2276.99
1035.36 1456.25 1925.76 2759.35 3241.22 2763.52
1050.24 1466.26 1869.25 2567.27 3148.02 2906.04
883.13 1225.23 1567.33 2185.59 2698.34 2448.56
572.75 784.97 1027.46 1475.87 1508.74 1262.22
797.6 1104.36 1423.69 1992.79 2412.49 2152.55
793.81 1115.73 1494.39 2154.6 2524.12 2069.27
1071.88 1505.65 1928.13 2865.45 3300.39 2972.67
446.05 732.29 675.36 4544.97 1809.97 1232.31
942.9 1348.67 1950.47 3199.34 2864.15 1919.68
101.79 102.57 103.35 104.76 105.93 105.36
913.04 1317.42 1871.58 3072.98 2759.42 1932.98
969.15 1368.25 1749.63 2784.11 3083.5 2715.25
124.32 134.97 145.29 163.16 178.02 171.83
998.89 1453.57 2188.01 3510.13 3971.04 2501.89
1107.74 1555.18 2002.42 2797.65 3321.46 2990.88
764.96 1111.42 1394.75 3275.15 2667.39 2120.87
991.9 1393.3 1768.15 2790.64 3116.14 2792.33
1118.25 1565.97 2004.76 2760.21 3366.66 3090.68
1111.59 1556.15 1986.72 2772.32 3350.25 3078.33
130.23 222.16 150.64 1966.39 603.36 323.0
1192.72 1665.51 2109.61 2912.87 3459.38 3195.4
687.11 970.28 1172.96 2468.27 2101.68 1851.62
994.24 1434.92 2057.12 3357.61 3702.41 2575.58
183.6 220.12 256.64 322.64 377.37 350.71
793.37 1172.67 1512.94 3484.21 2838.82 2109.3
921.26 1316.26 1729.75 3100.62 2873.28 2282.04
542.18 741.07 985.53 1400.33 1550.68 1276.6
570.77 888.41 1049.63 3586.42 2176.56 1617.77
473.71 857.48 770.08 4689.48 1898.65 1045.35
400.35 529.73 648.03 861.27 1026.71 964.04
944.06 1319.0 1670.01 2421.45 2829.9 2598.45
867.37 1203.33 1528.77 2092.46 2561.46 2366.04
981.42 1412.79 1984.42 3053.14 3008.09 2066.1
1092.99 1536.48 2007.9 2813.16 3388.29 2968.95
1098.95 1529.25 1922.72 2631.96 3182.19 2973.77
1015.94 1430.94 1824.57 2770.5 3150.74 2788.68
1060.83 1481.49 1888.97 2594.78 3182.01 2937.33
1186.1 1658.38 2083.56 2943.5 3474.61 3232.47
557.02 817.35 953.89 3091.13 1876.83 1520.44
634.02 955.42 1065.58 3825.09 2142.3 1707.8
459.09 616.31 768.6 1032.38 1251.84 1160.4
921.97 1302.91 1722.8 3003.61 2879.29 2349.62
845.7 1212.14 1470.73 3392.32 2688.35 2355.99
1138.93 1605.36 2095.39 2992.89 3357.96 2865.53
629.88 861.86 1086.58 1475.82 1799.66 1664.73
469.67 760.42 825.4 3720.92 1960.4 1446.5
920.3 1304.31 1737.51 3048.93 2898.44 2335.82
951.05 1319.65 1661.42 2282.36 2725.61 2525.27
1049.14 1484.45 1938.9 2905.73 3187.85 2759.25
329.84 596.33 383.31 4957.33 1317.85 665.95
545.8 831.46 1021.58 3800.32 1888.65 1316.81
192.92 430.43 126.06 3682.42 864.45 375.95
304.99 667.43 274.11 5266.67 1393.87 700.39
984.29 1401.26 1982.82 3070.26 2653.5 1863.25
892.03 1267.58 1569.84 2807.4 2642.4 2313.82
235.96 295.48 353.14 453.02 536.11 501.49
1003.89 1434.72 1879.81 3054.77 3006.35 2455.39
1009.51 1414.84 1825.36 2521.01 3015.66 2724.74
958.38 1379.64 1790.53 3160.28 2902.69 2338.16
722.58 1068.56 1238.51 3725.9 2453.54 2026.38
330.43 429.69 520.46 684.06 810.98 762.91
292.43 508.23 423.97 3270.12 1207.29 788.38
540.39 732.77 925.15 1272.82 1561.16 1420.7
1135.04 1616.69 2150.56 3074.52 3599.17 3016.19
342.68 679.17 320.03 5720.92 1331.06 589.97
1208.4 1686.58 2128.37 2922.16 3521.78 3277.15
241.7 303.6 365.5 477.37 570.15 524.95
238.75 344.47 317.27 1586.79 660.78 474.2
778.51 1149.89 1561.16 3673.16 2511.44 1670.55
587.89 855.34 1013.0 2690.9 1980.77 1646.11
246.48 367.81 376.48 1999.56 905.55 639.41
579.12 915.85 869.93 4556.93 1943.03 1380.94
293.55 604.34 232.78 5502.47 1165.24 449.02
982.11 1362.09 1709.54 2335.83 2821.7 2637.66
1195.41 1667.27 2098.74 2876.46 3479.83 3251.29
984.13 1415.63 1982.96 2954.13 3239.42 2429.75
76.72 201.63 72.98 4641.78 947.57 365.95
284.1 365.31 454.72 618.88 669.5 584.14
362.56 477.51 588.86 781.73 942.19 875.33
946.41 1368.19 1594.17 3672.79 2863.51 2493.52
552.43 855.12 903.2 4038.22 2086.73 1558.01
989.76 1378.06 1773.27 2493.53 2849.19 2539.27
1037.32 1486.28 2048.65 3096.32 3117.36 2262.8
1050.12 1459.39 1833.63 2508.2 3031.53 2833.31
627.77 947.98 1066.01 3882.31 2244.82 1779.85
188.43 227.06 265.69 335.51 393.41 365.2
1095.47 1540.7 2003.09 2818.76 3304.99 2906.41
955.76 1393.05 1952.78 3096.67 2394.95 1614.98
982.45 1413.57 1982.85 3046.78 3011.75 2079.35
310.91 540.26 442.56 4335.02 1367.57 864.41
462.61 708.92 775.04 3681.81 1688.01 1315.88
821.66 1137.6 1443.65 1973.76 2414.81 2231.04
617.63 890.16 1074.52 2865.52 2053.37 1741.82
608.45 857.28 1048.27 2182.45 1895.98 1655.9
1091.48 1540.41 2010.97 2793.97 3310.39 2944.43
909.26 1295.54 1860.25 2924.29 2392.33 1580.24
973.34 1388.6 1791.63 3111.31 3190.85 2686.28
1047.81 1462.17 1875.97 2633.93 3246.76 2943.22
990.2 1444.79 2094.67 3180.12 3461.08 2374.49
551.16 748.69 940.02 1271.44 1547.17 1432.28
742.91 1049.66 1498.79 2347.22 1929.81 1281.12
303.0 595.43 421.77 4735.91 1478.77 872.75
733.47 1112.83 1454.23 3623.13 2748.1 1944.32
552.53 840.2 950.57 3886.0 2065.8 1541.46
999.95 1420.36 1984.91 3033.69 2736.16 2006.65
811.65 1125.48 1393.18 2027.28 2313.32 2147.55
230.19 287.19 342.41 438.04 517.61 484.46
1039.57 1472.85 2030.38 3072.97 2832.79 2144.24
975.86 1402.0 1879.37 3062.42 2928.69 2234.05
1035.55 1452.39 1903.52 2703.12 3212.04 2803.32
942.08 1361.68 1846.06 3263.67 2904.14 2189.89
1167.57 1635.35 2045.7 2996.06 3426.89 3179.97
739.94 1142.0 1145.12 4452.16 2334.48 1825.38
597.57 881.55 1043.51 3370.87 2190.54 1742.74
200.46 416.62 244.49 4978.88 1265.4 658.09
1018.6 1438.08 1906.74 2817.16 2974.94 2438.67
422.48 564.15 703.53 978.99 1172.13 1066.52
996.69 1420.29 1737.17 3325.1 3050.18 2708.32
888.62 1248.23 1580.17 2641.52 2816.27 2499.18
943.37 1325.66 1680.7 2711.0 2975.48 2653.43
566.04 769.63 973.22 1341.15 1646.28 1497.64
1105.97 1564.48 2095.66 3009.87 3305.68 2745.53
408.49 662.92 637.32 4092.57 1619.76 1145.79
612.74 940.94 991.71 4191.0 2184.51 1682.08
1021.29 1446.38 1987.74 2983.86 2848.76 2202.01
696.81 958.09 1211.19 1649.59 2014.34 1862.36
1125.63 1584.84 2113.92 3006.29 3309.57 2774.47
407.94 679.73 626.89 4604.71 1723.54 1194.06
877.0 1252.34 1519.32 3277.45 2708.17 2392.19
223.72 279.41 338.92 442.1 508.55 456.49
463.36 622.44 776.54 1043.45 1265.52 1172.99
280.87 522.28 370.09 4806.77 1450.77 798.87
960.79 1398.89 1956.24 3093.18 2417.24 1648.02
641.48 980.1 1018.97 4108.81 2124.2 1627.18
535.12 812.24 913.15 3509.15 1977.77 1535.91
1076.65 1536.23 2061.71 2951.63 3488.71 2904.71
1032.95 1450.38 1894.52 2731.65 3101.53 2671.84
1042.31 1457.79 1894.25 2689.75 3247.22 2862.86
241.89 381.23 341.33 2520.28 929.67 608.3
1085.78 1526.48 1933.32 2870.44 3291.75 3001.85
972.53 1353.69 1734.85 2423.69 2994.97 2716.68
364.52 486.02 620.9 849.08 984.85 858.2
979.47 1462.08 2188.37 3215.12 2948.5 1876.52
1027.48 1438.36 1896.09 2733.15 3148.14 2704.98
800.82 1125.83 1413.79 2462.63 2530.31 2234.65
1091.67 1518.83 1909.43 2613.5 3159.72 2952.82
749.27 1041.22 1377.56 2000.02 2031.79 1684.53
950.87 1360.63 1979.64 3152.43 2473.63 1550.23
962.0 1398.0 2014.0 3173.0 2939.0 1816.0
69.0 191.5 59.0 4653.5 930.0 346.0
134.0 394.5 95.5 5146.0 1087.0 409.5
969.0 1403.0 2079.0 3181.0 3518.0 2279.0
155.0 368.0 123.0 5163.0 1156.0 447.0
89.8 263.8 87.2 4769.8 1060.5 381.0
971.0 1390.0 2115.5 3245.0 2879.5 1707.0
122.0 299.0 89.0 4632.0 914.0 354.0
72.0 203.8 71.8 4231.5 957.5 341.5
907.5 1325.5 2047.5 3151.5 2757.0 1579.5
948.0 1357.0 1978.0 3155.0 2462.0 1531.0
56.8 180.8 53.0 4412.8 873.5 325.0
119.5 322.5 80.5 4825.8 970.8 371.8
948.0 1376.0 2046.0 3146.0 2970.0 1921.0
911.0 1341.0 1922.0 3127.8 2196.5 1320.8
985.0 1493.5 2276.8 3372.5 3183.8 2033.8
76.2 218.5 55.5 4643.8 764.8 282.8
962.5 1390.0 1954.5 3151.5 2480.0 1527.0
959.5 1435.2 2145.2 3160.2 2832.8 1787.8
88.5 243.0 63.5 4918.0 903.5 321.0
978.0 1422.0 2105.0 3266.0 3199.0 2037.0
79.2 209.2 66.0 4931.0 970.2 374.0
222.2 574.0 104.8 5481.0 1198.8 463.2
992.0 1434.0 2127.0 3253.0 3849.0 2515.0
980.5 1432.2 2016.0 3245.2 2807.8 1800.2
966.0 1422.0 2112.0 3259.5 3477.0 2237.5
109.2 304.0 68.8 5231.2 1052.0 412.0
978.0 1434.0 2220.0 3640.0 4073.0 2397.0
81.5 229.5 75.0 4588.5 1023.0 369.5
937.0 1353.0 2081.0 3198.0 2826.0 1629.0
924.0 1316.0 1970.0 3207.0 2671.0 1584.0
102.5 315.2 89.5 4914.0 1200.8 467.0
980.0 1467.0 2194.0 3388.8 3736.5 2446.5
955.0 1376.0 2056.0 3368.0 3193.0 1885.0
977.5 1462.0 2197.0 3231.5 2940.0 1846.5
939.0 1381.8 2053.5 3176.2 3230.8 2074.0
265.0 540.0 222.0 5608.0 1151.0 427.0
83.0 265.0 84.5 4714.5 1156.5 420.5
245.0 494.0 207.0 5231.5 1090.0 397.0
304.0 635.0 236.5 5868.5 1229.5 464.5
138.0 335.0 114.0 4964.0 1063.0 407.0
53.8 244.8 74.8 4340.2 1057.2 381.2
1050.0 1465.0 1880.0 2630.0 3252.0 2949.0
1121.0 1568.0 2001.0 2751.0 3375.0 3115.0
1212.0 1691.0 2129.0 2918.5 3531.0 3299.0
100.0 100.0 100.0 100.0 100.0 100.0
