0.5167
0.7475
0.9828
0.5864
0.2104
0.877
0.1993
0.0724
0.8609
0.3596
0.6294
0.1112
0.127
0.0748
0.6075
0.1916
0.6669
0.6207
0.5791
0.0821
0.6049
0.9044
0.8849
0.9457
0.1666
0.8854
0.0069
0.1723
0.1684
0.1881
0.0083
0.4136
0.393
0.4653
0.3698
0.5817
0.2727
0.752
0.3202
0.5442
0.3738
0.8964
0.16
0.9315
0.1037
0.7088
0.0004
0.6883
0.6068
0.7019
0.3823
0.7289
0.4986
0.3458
0.6425
0.5385
0.9158
0.0256
0.8673
0.1772
0.888
0.37
0.002
0.9535
0.0145
0.323
0.0691
0.8249
0.7673
0.2423
0.8251
0.9802
0.7666
0.0398
0.9901
0.8375
0.2761
0.1385
0.9734
0.9642
0.1244
0.8587
0.6626
0.6904
0.7558
0.4218
0.7096
0.1407
0.0745
0.01
0.9433
0.0825
0.4973
0.5848
0.4257
0.966
0.3387
0.8465
0.2051
0.1329
0.4489
0.9201
0.5772
0.2788
0.5046
0.3947
0.1825
0.8552
0.4579
0.5953
0.9486
0.0399
0.4685
0.5857
0.9937
0.1
0.0089
0.0077
0.2733
0.4464
0.6013
0.9194
0.9103
0.1766
0.7594
0.7259
0.4219
0.9413
0.3934
0.1039
0.7349
0.4309
0.4978
0.5908
0.7877
0.4778
0.7963
0.6452
0.5614
0.0921
0.4558
0.2852
0.9281
0.9765
0.6503
0.6315
0.8945
0.4026
0.4933
0.0723
0.2348
0.0472
0.4261
0.0551
0.8023
0.6451
0.5759
0.7179
0.6793
0.4139
0.1279
0.1436
0.6606
0.1162
0.7911
0.6011
0.9145
0.1598
0.0273
0.7416
0.2288
0.8259
0.4999
0.4902
0.6269
0.0984
0.5999
0.9685
0.0767
0.6912
0.0452
0.033
0.1935
0.1283
0.6752
0.4967
0.4988
0.9259
0.8469
0.3948
0.218
0.6737
0.8893
0.4518
0.9449
0.0929
0.384
0.1791
0.7773
0.4856
0.9004
0.5103
0.4996
0.2106
0.9142
0.8963
0.1457
0.5287
0.8527
0.1683
0.1335
0.8034
0.3369
0.9003
0.0617
0.8059
0.4398
0.9885
0.8497
0.9947
0.875
0.7147
0.9017
0.4163
0.2556
0.2559
0.7447
0.9621
0.4541
0.4774
0.8402
0.4901
0.3338
0.3935
0.9799
0.0739
0.602
0.5967
0.2764
0.5431
0.1152
0.9849
0.3131
0.4257
0.5806
0.9203
0.7307
0.6923
0.5849
0.5361
0.4587
0.5192
0.082
0.0079
0.9878
0.7328
0.2117
0.1537
0.1165
0.9847
0.5412
0.5878
0.4983
0.8116
0.7445
0.2843
0.7683
0.0777
0.399
0.2687
0.8897
0.2664
0.7415
0.8513
0.9488
0.0167
0.098
0.9886
0.4445
0.984
0.0925
0.709
0.1555
0.3189
0.883
0.7044
0.8935
0.5749
0.0662
0.6725
0.5386
0.0998
0.6083
0.498
0.2534
0.0311
0.4882
0.1946
0.8502
0.6816
0.4455
0.2215
0.9998
0.8741
0.2837
0.4468
0.205
0.3529
0.6766
0.2697
0.9604
0.2341
0.4854
0.6701
0.5159
0.5188
0.6309
0.5741
0.2636
0.0314
0.3722
0.2948
0.4211
0.5166
0.2442
0.8157
0.6661
0.1861
0.4061
0.727
0.7075
0.0172
0.5499
0.6714
0.6572
0.7186
0.3649
0.1381
0.9669
0.5147
0.8243
0.651
0.8772
0.4474
0.5014
0.8422
0.382
0.1553
0.8638
0.7468
0.1053
0.6728
0.7071
0.0308
0.7597
0.952
0.751
0.0086
0.5323
0.2029
0.2375
0.1943
0.5634
0.5891
0.0394
0.1056
0.2449
0.2354
0.5192
0.3913
0.3296
0.0249
0.142
0.9046
0.2125
0.5022
0.1921
0.4885
0.6153
0.0441
0.0195
0.205
0.6833
0.6768
0.783
0.9536
0.8148
0.1236
0.4944
0.7054
0.4685
0.543
0.6762
0.4992
0.6804
0.8542
0.7596
0.1598
0.468
0.3387
0.3608
0.6586
0.9797
0.0432
0.4229
0.214
0.4822
0.152
0.9722
0.8735
0.4195
0.8801
0.2407
0.4507
0.9304
0.9801
0.5228
0.7856
0.7236
0.9445
0.8097
0.0726
0.3567
0.2812
0.1198
0.5803
0.7926
0.6785
0.7393
0.133
0.9653
0.6609
0.1134
0.8361
0.5075
0.0406
0.0748
0.5574
0.1058
0.1954
0.8616
0.5771
0.6678
0.9985
0.6685
0.261
0.9775
0.6309
0.2461
0.4655
0.0427
0.751
0.1761
0.5045
0.9209
0.3685
0.4499
0.5597
0.4609
0.953
0.6392
0.6001
0.5515
0.5092
0.1681
0.0765
0.613
0.7945
0.5901
0.3251
0.221
0.1935
0.2971
0.497
0.2865
0.7678
0.7816
0.58
0.9839
0.5937
0.7224
0.5096
0.3898
0.5277
0.3316
0.9509
0.2218
0.0744
0.3902
0.5346
0.43
0.691
0.9624
0.8475
0.5796
0.5521
0.6487
0.9436
0.4003
0.1603
0.663
0.4712
0.6273
0.6811
0.2103
0.592
0.2654
0.5868
0.5022
0.7418
0.3112
0.8543
0.3557
0.2491
0.7546
0.6691
0.5154
0.2284
0.804
0.9892
0.9106
0.3385
0.8711
0.5701
0.344
0.9029
0.8503
0.3495
0.2541
0.5143
0.329
0.4182
0.7664
0.8685
0.7354
0.1948
0.3214
0.5902
0.3936
0.4678
0.2513
0.1632
0.635
0.2402
0.7674
0.7558
0.9591
0.4011
0.6339
0.9976
0.2084
0.0007
0.1756
0.3348
0.3356
0.8622
0.7043
0.3564
0.2396
0.1373
0.3923
0.9
0.7289
0.0869
0.6934
0.4085
0.5366
0.169
0.5362
0.375
0.591
0.2654
0.2686
0.0621
0.8746
0.1547
0.5325
0.2462
0.0963
0.1606
0.1487
0.3892
0.0577
0.7624
0.5706
0.1174
0.2173
0.2117
0.6437
0.5943
0.5454
0.3588
0.7473
0.1346
0.2779
0.2127
0.328
0.7893
0.2732
0.0121
0.8596
0.4295
0.9121
0.4618
0.6531
0.881
0.7755
0.7586
0.3115
0.7215
0.7556
0.1868
0.6923
0.5689
0.0621
0.0335
0.6495
0.258
0.7769
0.3555
0.0621
0.586
0.5948
0.9011
0.1748
0.4695
0.8355
0.5554
0.3461
0.0721
0.5531
0.8374
0.7158
0.1692
0.0902
0.6368
0.6403
0.3973
0.927
0.8132
0.1576
0.5765
0.4872
0.1862
0.1328
0.6452
0.3689
0.0314
0.2519
0.4912
0.0358
0.8397
0.8572
0.6308
0.9559
0.1061
0.6293
0.165
0.7526
0.3689
0.9291
0.2347
0.1853
0.9976
0.2449
0.8052
0.281
0.5343
0.0519
0.9909
0.0928
0.6589
0.9308
0.4013
0.1483
0.2341
0.071
0.5283
0.9222
0.5708
0.0089
0.3441
0.0887
0.8608
0.1424
0.837
0.7471
0.7753
0.7608
0.7597
0.5295
0.0742
0.3694
0.1005
0.3814
0.8922
0.2881
0.5765
0.4143
0.6427
0.5752
0.3742
0.034
0.7215
0.5065
0.6646
0.2397
0.4849
0.7136
0.3299
0.3474
0.7601
0.6483
0.4368
0.2826
0.0525
0.3891
0.1072
0.4846
0.5234
0.9279
0.6116
0.585
0.9968
0.1024
0.7696
0.1601
0.6242
0.8693
0.6261
0.5569
0.1831
0.4824
0.2457
0.1915
0.7875
0.2266
0.0241
0.1785
0.365
0.1607
0.6402
0.634
0.458
0.7591
0.2394
0.9121
0.6726
0.2695
0.604
0.7589
0.9072
0.1451
0.6762
0.8367
0.1122
0.8838
0.0529
0.6686
0.964
0.5487
0.4939
0.3172
0.7039
0.3721
0.0947
0.7441
0.8694
0.9513
0.0795
0.908
0.9797
0.4844
0.8775
0.0402
0.8355
0.0644
0.4774
0.4545
0.1254
0.832
0.8135
0.0916
0.3677
0.6714
0.4695
0.7919
0.7814
0.8017
0.1918
0.8117
0.0652
0.3908
0.9935
0.8689
0.2297
0.2128
0.5066
0.4263
0.8107
0.3473
0.7842
0.3445
0.8189
0.714
0.2336
0.0477
0.0371
0.0421
0.8509
0.1839
0.9845
0.2705
0.7472
0.1806
0.4858
0.9266
0.0305
0.8478
0.8161
0.4527
0.408
0.7985
0.6576
0.5507
0.2547
0.6053
0.4955
0.752
0.3712
0.0536
0.3118
0.1828
0.9831
0.4907
0.2074
0.9167
0.5303
0.0613
0.6973
0.5005
0.7013
0.4524
0.9311
0.5023
0.4385
0.2037
0.8856
0.71
0.7085
0.5239
0.7202
0.4137
0.5988
0.5246
0.2429
0.6275
0.7857
0.0774
0.1663
0.5145
0.5327
0.0315
0.2952
0.5648
0.1387
0.3104
0.345
0.2591
0.555
0.3064
0.7911
0.8405
0.8973
0.0384
0.5988
0.5688
0.636
0.751
0.0682
0.1784
0.6466
0.0385
0.2826
0.3578
0.89
0.3776
0.3184
0.2755
0.9088
0.9559
0.8724
0.4754
0.2865
0.4229
0.5538
0.5685
0.3625
0.5166
0.0507
0.4664
0.8319
0.3305
0.0421
0.7305
0.4444
0.8518
0.3106
0.1765
0.8937
0.757
0.7117
0.2538
0.705
0.5244
0.7505
0.3941
0.746
0.2293
0.0693
0.5382
0.5011
0.5427
0.9378
0.7915
0.4281
0.2759
0.2702
0.3441
0.8454
0.4994
0.1723
0.8782
0.0323
0.7884
0.2045
0.8652
0.6816
0.1668
0.5336
0.188
0.5111
0.978
0.9894
0.9629
0.3293
0.8695
0.8573
0.0076
0.2412
0.4762
0.3249
0.2465
0.9659
0.6843
0.7736
0.3136
0.5006
0.2495
0.8328
0.2521
0.7718
0.0298
0.8098
0.7965
0.1415
0.17
0.5572
0.6513
0.2924
0.3434
0.0906
0.4928
0.276
0.8128
0.0328
0.2293
0.9854
0.285
0.1846
0.9073
0.5562
0.9966
0.0252
0.471
0.8367
0.2176
0.9987
0.3668
0.6304
0.1206
0.4275
0.9082
0.0514
0.933
0.0396
0.1031
0.7754
0.8145
0.1796
1.0
0.0
0.0
1.0
0.0
0.0
1.0
0.0
0.0
1.0
1.0
0.0
0.0
1.0
1.0
1.0
0.0
1.0
1.0
0.0
1.0
0.0
0.0
1.0
1.0
1.0
0.0
1.0
0.0
1.0
1.0
0.0
1.0
1.0
1.0
1.0
0.0
0.0
0.0
0.0
0.0
0.0
0.0
0.0
0.0
0.0
