314.08 483.23 507.99 2624.03 1244.89 893.85
858.42 1201.22 1559.29 2248.59 2639.86 2323.04
585.39 813.99 1023.69 1804.02 1904.28 1668.39
963.49 1370.96 2002.99 3020.26 2909.4 1978.14
850.86 1223.94 1581.23 2928.88 2766.39 2307.44
150.73 173.88 195.63 247.9 275.18 257.5
225.58 449.39 388.41 3915.49 1436.55 838.63
88.8 172.43 79.13 2740.99 494.57 214.19
653.91 953.46 1184.63 3039.61 2397.46 1927.15
202.77 424.72 219.21 4974.27 1269.71 587.63
589.02 807.54 1029.82 1474.38 1843.18 1655.33
486.48 658.87 831.71 1157.68 1425.42 1300.26
188.69 398.29 318.95 3858.57 1317.08 725.91
779.47 1085.88 1409.99 2047.19 2520.43 2215.09
988.77 1443.97 2059.71 2990.04 2998.59 2201.67
939.37 1376.04 2020.69 3105.6 3208.79 2133.11
828.54 1201.68 1694.95 3162.36 2644.94 1806.04
936.66 1339.28 1837.37 2879.99 2608.07 1862.07
526.61 784.05 906.13 3623.28 1989.64 1573.9
654.19 903.42 1157.85 1642.16 1989.71 1785.15
969.39 1357.94 1735.82 2561.63 3008.55 2736.65
830.13 1188.26 1453.02 3036.03 2686.97 2362.75
721.42 1016.79 1361.62 1943.26 2198.04 1838.67
944.57 1336.91 1806.0 2639.25 2984.4 2467.52
479.25 648.41 818.02 1137.88 1400.62 1277.8
988.55 1481.63 2209.16 3253.45 3173.17 2152.81
697.04 1023.44 1221.49 3270.82 2449.82 2043.69
223.73 278.12 331.29 431.09 509.14 476.78
898.36 1268.62 1590.5 2823.7 2841.81 2562.07
554.85 893.67 822.75 4314.96 1948.78 1385.93
451.38 608.1 765.24 1061.59 1305.01 1191.22
580.89 891.05 1134.12 3713.32 2060.38 1324.96
606.56 920.87 1121.52 3227.58 2160.11 1654.13
602.65 864.97 997.6 2340.39 1840.07 1586.6
662.24 933.62 1143.39 2252.69 2066.51 1839.14
967.03 1350.2 1734.08 2448.87 2969.38 2711.92
449.76 740.23 888.88 3671.47 1981.1 1261.75
543.02 827.07 1096.79 3712.79 2345.35 1497.59
930.18 1310.36 1770.61 2686.4 2872.52 2335.02
628.77 878.29 1271.61 1900.04 1800.87 1215.79
801.57 1109.95 1411.4 1977.28 2419.81 2236.32
950.72 1345.21 1917.48 2998.18 2807.11 1983.93
876.12 1223.68 1575.74 2301.0 2870.77 2569.78
663.33 917.5 1170.33 1747.73 2119.3 1894.22
462.83 622.32 778.22 1070.88 1299.75 1204.85
492.21 766.95 875.19 3256.27 2025.38 1548.66
942.28 1330.38 1760.79 2546.4 3034.46 2601.29
993.38 1395.79 1848.46 2701.23 2935.53 2511.73
103.59 105.19 106.79 109.82 112.31 111.15
983.17 1396.24 2017.39 3023.52 2951.09 2070.11
353.68 686.22 352.6 5560.85 1371.94 646.97
206.36 369.36 313.28 4344.26 1248.07 714.57
716.83 1039.33 1309.77 3407.65 2555.08 2039.75
993.5 1416.19 1957.73 2911.88 3155.4 2441.01
699.49 969.7 1256.65 1816.69 2227.96 1962.38
898.34 1267.56 1593.02 2788.23 2828.19 2559.17
994.28 1414.29 1912.11 2793.84 3240.47 2644.67
667.71 964.37 1175.52 3000.93 2350.98 1974.96
955.8 1365.61 1865.7 2895.74 2655.55 1936.15
693.19 990.9 1229.2 2912.43 2435.73 2066.35
908.24 1273.23 1625.95 2424.63 2882.62 2605.92
653.52 1019.81 1056.97 3641.53 2271.25 1812.46
499.36 715.42 848.99 2346.16 1675.91 1400.63
688.63 992.19 1216.0 3150.26 2395.92 2027.75
395.34 525.17 652.07 890.29 1076.58 999.34
765.15 1067.04 1364.92 2132.7 2502.59 2226.91
868.01 1218.53 1610.13 2357.47 2814.87 2411.83
954.09 1354.83 1859.37 2737.15 3215.79 2530.75
683.16 961.24 1203.16 2201.05 2259.14 1972.84
908.77 1291.0 1830.99 2742.84 2855.23 2110.37
336.61 440.61 542.27 733.12 882.36 820.48
923.5 1337.68 1867.71 2735.34 3006.52 2359.15
446.83 674.7 727.91 2973.42 1668.98 1269.67
942.15 1384.4 1966.36 2995.89 3042.08 2282.34
815.35 1204.31 1601.26 3462.98 2576.94 1675.83
233.68 455.54 311.74 4809.56 1341.49 756.28
623.34 865.79 1167.92 1761.6 1975.5 1558.46
721.45 1012.33 1382.42 2020.27 2340.36 1833.25
752.7 1052.47 1323.77 2112.39 2325.84 2113.21
554.6 825.62 974.88 3382.05 2041.19 1588.91
965.42 1361.27 1888.61 2883.38 2881.93 2203.79
316.75 527.68 563.03 4399.78 1529.78 931.31
757.32 1050.5 1344.46 1898.86 2354.23 2141.36
752.45 1044.01 1340.58 1933.72 2425.77 2175.15
648.0 892.88 1141.97 1640.16 2053.44 1842.94
855.86 1201.62 1539.4 2412.53 2831.73 2504.74
180.51 343.22 293.92 4706.72 1193.2 549.41
852.29 1194.17 1504.24 2337.09 2625.69 2396.02
973.07 1387.17 1972.22 3094.31 3165.4 2208.96
911.82 1293.92 1748.22 2629.06 2904.93 2291.79
366.87 548.71 559.52 1910.76 1190.96 943.44
595.77 817.31 1042.66 1493.36 1867.24 1676.81
792.45 1133.29 1458.79 2644.13 2671.22 2223.25
943.07 1319.47 1697.83 2410.07 2990.35 2714.21
403.46 659.59 550.69 3563.37 1383.9 922.31
934.34 1346.23 1952.0 2972.48 2952.46 2056.19
456.97 709.64 758.26 3965.12 1785.4 1340.65
550.91 756.63 953.64 1522.76 1606.06 1438.19
817.51 1137.54 1458.42 2063.58 2560.65 2328.28
435.84 661.36 737.47 3651.71 1744.1 1317.45
153.23 176.98 200.78 245.68 282.56 265.32
432.88 579.2 722.23 990.73 1200.7 1113.64
327.31 560.43 543.87 3973.78 1685.37 1082.85
506.33 703.57 941.01 1328.3 1468.12 1218.6
918.46 1312.28 1916.79 2899.05 2845.2 1945.17
820.12 1187.47 1415.34 3072.64 2652.26 2284.65
930.64 1313.28 1645.25 2778.93 2927.73 2646.01
852.53 1258.75 1760.81 2847.18 2589.28 1853.61
626.51 962.92 1225.09 3912.68 2204.77 1344.14
768.07 1096.66 1532.95 2362.34 2343.18 1618.1
510.52 690.97 867.36 1198.48 1457.42 1350.06
611.78 851.13 1084.64 1772.23 1965.89 1705.93
824.59 1212.07 1597.11 3221.19 2618.73 2017.63
986.68 1384.52 1846.82 2717.18 2990.25 2522.08
188.7 457.01 203.72 4960.8 1215.74 565.59
886.27 1238.5 1602.13 2288.22 2769.32 2482.1
885.86 1255.66 1652.3 2588.84 2814.42 2333.82
371.45 500.61 614.57 1053.88 1060.79 939.72
102.47 103.58 104.68 106.77 108.48 107.68
952.72 1354.4 1824.88 2778.2 2736.22 2124.19
320.88 605.25 340.43 5377.52 1297.85 610.3
277.82 357.13 436.65 586.62 709.81 652.23
487.42 799.73 693.4 4690.57 1735.55 1156.64
67.87 261.8 100.46 4309.6 1087.81 418.19
931.19 1339.37 1930.34 2932.5 2948.42 2087.33
911.08 1297.94 1771.48 2636.29 3093.84 2461.39
830.03 1158.6 1517.98 2229.76 2666.19 2309.8
673.68 980.86 1172.33 3294.52 2264.7 1938.82
225.91 282.18 339.41 453.87 548.83 500.47
594.48 905.75 1186.85 3615.8 2364.78 1647.52
398.78 665.18 697.58 3688.92 1797.45 1279.47
890.66 1243.41 1597.62 2265.26 2812.96 2554.72
840.91 1181.91 1555.83 2254.71 2702.38 2323.51
922.76 1330.41 1849.86 2700.3 2908.24 2264.82
202.78 247.96 292.12 375.03 439.86 412.98
347.25 593.91 530.46 4068.9 1542.99 1033.42
222.72 370.98 337.49 2748.12 1059.69 659.0
739.98 1046.81 1316.97 2527.01 2483.48 2170.71
907.11 1279.19 1638.51 2556.57 2902.78 2576.31
438.83 603.26 765.77 1304.0 1381.25 1165.78
724.28 1002.73 1281.91 1808.44 2240.92 2038.75
273.75 351.4 430.38 588.34 719.38 652.63
760.06 1082.83 1470.52 2275.32 2247.12 1673.91
586.75 838.8 1025.69 2509.15 2004.38 1706.51
859.65 1199.11 1544.41 2235.0 2807.9 2516.1
631.11 951.66 1082.22 3586.8 2069.4 1530.55
886.62 1259.64 1558.86 2914.22 2827.18 2521.22
400.31 642.26 650.64 3421.33 1372.29 836.63
710.93 983.42 1256.63 1771.9 2195.13 1997.28
362.54 538.8 571.49 2410.0 1250.75 964.01
991.79 1395.78 1870.84 2700.37 3038.41 2561.21
500.41 753.46 834.12 3164.13 1817.51 1421.66
806.89 1137.09 1576.94 2341.02 2531.94 1961.8
791.22 1169.03 1541.38 3120.03 2604.99 1995.41
262.5 333.94 403.76 534.83 637.34 594.84
250.97 525.33 328.74 4699.56 1368.4 750.01
954.76 1401.82 2016.17 2943.85 2878.24 2054.99
581.01 887.68 1137.54 3903.09 2148.75 1386.38
128.51 333.4 98.17 4799.35 992.89 397.46
550.65 786.68 1112.46 1659.64 1865.35 1346.07
984.62 1405.67 1973.07 2934.83 3362.15 2504.59
750.74 1074.91 1332.13 2903.13 2497.22 2177.87
516.35 718.22 918.02 1632.86 1633.03 1390.24
548.34 872.77 819.32 4028.72 1860.46 1352.84
596.49 900.18 1004.37 3152.88 2046.05 1683.52
945.79 1331.51 1746.53 2510.55 3050.03 2659.64
936.26 1318.28 1750.41 2616.14 2936.75 2484.51
715.55 1057.43 1187.47 3572.88 2331.89 1918.76
989.08 1398.53 1883.68 2741.2 3062.09 2550.4
966.63 1404.02 1955.93 3112.78 2818.42 1909.43
120.52 129.7 139.02 157.68 173.16 165.28
520.58 789.8 1060.81 3368.92 2044.87 1248.91
587.05 871.7 1078.62 3325.67 2303.52 1714.52
264.88 493.53 251.09 3920.05 947.69 440.71
434.27 745.48 701.71 4288.55 1789.75 1209.31
336.4 622.04 377.23 5270.91 1344.77 668.26
653.37 984.9 1198.27 3652.0 2243.51 1637.61
933.0 1324.27 1812.07 2667.19 2941.57 2364.8
887.01 1242.46 1616.81 2360.1 2888.08 2527.06
640.54 953.0 1102.64 3295.4 2249.0 1856.27
883.94 1237.56 1610.58 2336.45 2604.09 2263.31
822.67 1178.07 1703.88 2677.98 3106.12 2145.76
882.78 1278.2 1761.65 2757.08 2790.37 2161.71
608.48 846.91 1061.6 1845.11 1905.25 1697.84
177.02 394.83 166.21 5095.33 1206.29 509.42
237.13 416.14 376.21 3932.84 1336.25 786.8
951.21 1377.66 2044.64 3268.57 3744.65 2448.64
892.92 1251.71 1638.01 2347.49 2867.57 2505.16
980.06 1466.9 2193.28 3387.23 3735.35 2447.28
254.28 464.66 398.57 4255.33 1439.57 838.97
851.94 1278.29 1665.41 3718.43 2517.73 1589.34
770.13 1069.02 1368.71 1933.91 2398.15 2181.13
530.44 816.31 972.64 3656.39 1935.01 1301.93
530.53 814.54 900.72 3487.08 1981.13 1526.31
479.87 689.25 809.76 2227.48 1628.5 1351.82
645.74 885.62 1120.11 1560.29 1904.52 1761.79
943.96 1329.98 1763.45 2549.42 2986.95 2564.4
555.92 775.54 952.34 1788.82 1766.01 1535.91
362.95 580.4 664.77 3797.51 1455.6 873.35
825.4 1167.87 1649.06 2443.1 2523.67 1878.28
871.21 1210.2 1541.56 2163.61 2650.06 2448.36
307.45 532.84 484.04 3845.4 1421.66 869.11
773.25 1114.13 1357.14 3000.7 2595.7 2228.78
936.08 1358.53 2017.45 3317.01 3710.86 2405.68
316.34 526.76 500.93 4163.89 1472.89 971.61
876.17 1237.09 1570.77 2586.31 2848.44 2539.46
572.41 780.06 983.04 1364.09 1662.07 1538.52
941.12 1348.47 1863.75 2767.93 3103.52 2415.82
745.13 1032.87 1321.38 1865.49 2312.41 2103.49
911.05 1288.78 1660.95 2663.68 2915.98 2527.45
584.35 857.17 1021.23 3160.76 2102.87 1735.79
950.84 1356.26 1931.3 3035.11 3123.03 2173.55
1001.05 1421.93 1963.09 2891.99 3476.93 2693.99
919.98 1306.63 1803.82 2687.46 3164.84 2448.9
624.73 876.97 1254.67 1970.44 1576.39 1018.12
983.21 1399.36 1896.27 2776.94 3154.96 2570.27
677.07 930.72 1178.67 1644.13 2008.12 1857.2
966.59 1392.76 1955.38 2927.02 3183.47 2383.73
922.27 1319.18 1727.09 2894.57 2694.7 2226.63
851.72 1223.56 1638.99 2837.81 2962.55 2300.8
505.9 684.31 858.71 1186.1 1442.13 1335.97
942.15 1323.8 1750.33 2518.62 2967.72 2564.32
710.62 1066.9 1224.67 3845.98 2404.59 1815.88
667.75 963.14 1182.24 2906.74 2387.62 1993.33
869.24 1207.37 1537.89 2158.35 2643.57 2442.38
295.16 463.32 393.96 2677.45 981.84 641.15
944.69 1330.89 1741.96 2484.06 2974.82 2622.83
488.09 681.3 834.82 1768.35 1529.11 1339.01
508.95 766.64 870.72 3526.39 1954.23 1521.61
760.94 1076.4 1404.32 2327.8 2591.62 2147.61
182.82 319.84 265.6 2787.32 972.55 554.27
327.9 429.55 531.47 723.68 881.56 807.76
934.48 1358.57 1924.16 2813.99 2915.03 2175.29
724.35 1005.1 1336.94 1961.83 2131.91 1783.92
291.77 527.8 420.86 4253.26 1403.62 872.26
902.1 1285.15 1735.56 2527.54 2870.24 2370.01
329.51 567.29 526.65 3817.01 1615.92 1059.43
512.33 714.81 882.27 1684.96 1623.25 1417.09
483.95 730.98 830.43 3453.77 1838.5 1448.71
288.09 371.99 456.1 614.74 745.05 684.13
741.43 1053.18 1325.32 2634.32 2548.66 2190.76
957.85 1371.23 1960.23 2958.22 3552.07 2536.23
513.51 841.21 829.75 4652.99 1866.15 1128.81
343.31 631.45 387.98 5284.97 1356.82 683.91
673.67 1043.22 1257.8 3792.4 2237.18 1521.21
978.03 1396.54 1904.32 2949.97 2685.62 1966.35
996.81 1406.7 1859.52 2710.3 3062.29 2581.12
990.42 1415.34 1939.36 2857.32 3272.72 2589.16
375.11 511.69 715.86 1057.48 1038.17 731.37
922.03 1302.95 1826.86 2728.12 2881.95 2184.16
913.74 1290.17 1744.87 2577.57 3168.63 2563.65
969.15 1453.34 2171.37 3208.29 3138.11 2117.65
185.34 223.4 261.57 333.54 392.66 365.02
429.52 576.78 726.56 1026.13 1274.64 1148.06
986.88 1424.59 2102.01 3208.82 3804.5 2518.18
866.51 1248.28 1687.62 2770.86 2977.69 2371.83
187.81 250.0 272.59 1057.22 561.6 437.34
940.55 1357.44 1914.81 2877.79 3137.77 2323.84
939.28 1313.63 1688.96 2396.83 2978.26 2706.46
167.92 198.21 228.59 285.87 332.93 310.93
955.37 1406.13 2032.83 2971.78 2872.38 2020.5
699.82 975.06 1249.03 1980.93 2117.81 1860.63
632.69 927.23 1108.79 2880.67 2290.41 1890.12
933.29 1329.1 1779.53 2681.48 2830.08 2264.54
910.78 1295.4 1848.75 2775.17 2853.16 2076.18
832.29 1171.17 1518.83 2403.18 2698.61 2333.73
745.72 1033.73 1322.51 1867.12 2314.45 2105.34
976.35 1452.42 2144.93 3292.06 3663.04 2473.25
407.58 542.78 674.94 923.03 1117.05 1036.6
959.86 1385.03 2027.69 3088.97 3452.15 2310.68
483.56 693.89 846.11 1954.96 1308.8 941.99
453.35 759.95 621.2 4831.09 1646.02 1044.89
838.83 1175.87 1498.8 2348.29 2670.41 2407.09
936.9 1345.62 1844.92 2720.48 3202.04 2554.18
686.3 997.99 1198.26 2976.03 2247.85 1888.44
575.44 829.19 966.21 2494.96 1900.83 1575.38
458.09 816.82 678.47 4478.69 1778.47 1088.65
236.59 296.62 355.31 465.48 551.64 515.91
112.55 118.15 123.76 134.34 143.04 138.97
868.74 1209.64 1557.76 2199.31 2641.29 2394.36
250.08 426.49 384.41 4380.25 1341.54 824.75
892.4 1251.61 1651.86 2441.31 2812.21 2404.86
959.68 1393.2 2001.73 3147.89 2937.43 1837.96
83.76 265.94 85.93 4712.45 1158.13 422.54
939.46 1316.89 1701.06 2450.85 2988.07 2681.75
313.37 441.06 495.66 1700.96 984.3 804.12
971.93 1404.15 2034.13 3117.15 3162.96 2155.01
996.8 1427.6 2040.05 3061.49 3651.62 2609.95
745.23 1034.43 1331.3 1926.43 2385.63 2124.9
614.02 846.78 1073.3 1598.35 1882.23 1702.44
330.81 553.57 519.85 2741.61 1157.7 655.94
568.17 933.6 968.2 4025.58 1794.67 1048.13
951.13 1357.64 1940.05 3058.48 3127.94 2153.3
527.85 730.91 975.35 1409.37 1638.68 1331.89
343.93 474.77 592.51 1134.27 1000.58 770.92
762.47 1098.2 1533.14 2237.64 2436.58 1897.63
970.7 1400.51 2019.68 3086.81 3155.61 2179.06
740.15 1028.48 1351.64 1963.75 2257.62 1923.33
896.59 1312.07 1860.98 2993.72 2214.03 1416.0
978.3 1404.59 2015.94 3034.46 3425.22 2413.29
653.94 925.09 1267.33 2021.52 2043.92 1530.96
981.11 1417.88 2005.19 3010.67 3350.61 2455.07
968.24 1392.42 1935.96 3077.05 2555.96 1689.31
202.27 247.89 293.63 379.89 450.74 417.62
619.55 934.33 1215.07 3412.74 2408.43 1487.11
859.03 1228.75 1528.1 2952.35 2768.97 2423.12
231.88 416.15 350.14 4242.06 1164.63 720.17
235.89 296.61 358.38 481.92 584.4 532.2
1006.57 1409.41 1824.27 2589.07 3143.23 2821.45
658.56 954.9 1210.3 2794.07 2243.96 1815.31
729.44 1046.7 1281.61 3166.64 2459.32 2118.16
826.4 1197.35 1585.24 3031.48 2706.99 2043.08
177.95 347.69 248.08 4381.22 1026.13 568.67
813.39 1188.52 1649.23 3297.4 3122.12 2143.91
946.51 1340.6 1925.77 3031.14 2785.63 1920.81
906.46 1283.54 1751.65 2647.99 3196.05 2534.92
646.2 920.74 1138.1 2646.9 2185.54 1873.91
928.17 1353.3 1921.6 2814.87 2853.24 2105.59
890.2 1250.89 1597.11 2542.72 2866.49 2574.7
601.03 906.01 978.39 3587.68 2094.26 1621.26
789.56 1112.62 1404.08 2457.67 2546.6 2266.4
902.22 1267.72 1710.07 2518.96 2882.94 2377.25
732.36 1016.69 1313.92 1889.99 2128.81 1867.64
396.71 613.44 667.53 3887.14 1728.07 1249.17
998.9 1418.35 1881.89 2802.2 2995.68 2468.13
614.75 846.75 1105.02 1592.45 1840.24 1592.91
458.2 685.0 851.67 2375.74 1605.01 1078.92
916.96 1324.01 1841.64 2691.37 2860.54 2219.24
293.08 397.38 454.86 1136.1 824.52 709.66
257.98 363.18 363.63 1438.36 720.92 553.15
211.22 435.84 235.22 4966.39 1286.91 609.01
583.33 798.91 1015.07 1422.72 1757.56 1601.03
591.68 866.16 1169.33 2477.28 2089.83 1527.2
864.37 1230.81 1585.39 2766.01 2893.58 2453.64
698.88 1015.99 1235.15 2907.68 2490.24 2088.76
891.24 1267.89 1700.05 2579.3 2649.3 2152.76
646.92 927.93 1111.89 2257.67 2131.29 1836.37
471.8 728.06 778.45 3554.96 1821.9 1381.73
935.08 1342.16 1871.4 2881.15 2920.72 2071.29
809.05 1163.93 1448.26 2857.75 2655.73 2316.88
932.13 1317.28 1852.74 2864.63 2807.95 2069.31
1004.18 1406.4 1827.96 2623.08 3117.88 2766.74
510.41 697.49 899.13 1308.37 1502.19 1290.13
589.22 807.84 1030.21 1474.96 1843.91 1655.99
928.11 1305.63 1663.12 2699.92 2903.38 2614.95
615.43 860.37 1158.22 1719.14 1833.39 1419.95
685.8 969.78 1214.73 2525.9 2338.73 2017.39
480.0 685.38 820.81 2399.51 1645.8 1367.36
672.45 981.61 1204.25 2810.63 2423.43 2028.64
960.35 1388.39 1929.49 2867.32 3340.53 2590.71
1007.35 1410.72 1819.72 2578.61 3131.15 2832.86
866.03 1239.0 1683.34 2592.18 2518.78 1882.65
886.27 1275.33 1800.08 2787.15 2691.29 1802.65
951.12 1399.93 2000.69 3050.2 2860.12 2035.58
307.13 398.18 487.18 654.25 784.9 730.72
831.74 1178.69 1500.07 2664.13 2739.12 2394.4
285.53 368.29 451.26 607.74 736.27 676.19
381.3 511.46 628.46 1038.37 1067.78 962.57
121.14 130.59 140.2 159.41 175.36 167.24
879.61 1227.99 1582.35 2291.09 2879.04 2579.57
435.38 584.97 734.96 1017.83 1250.17 1141.56
692.3 1044.73 1384.93 3377.23 2709.06 1923.88
381.93 525.44 713.18 1240.87 1208.09 860.14
490.55 663.5 829.9 1183.93 1398.13 1291.29
966.86 1391.02 1899.58 2940.25 2874.45 2134.11
883.48 1251.49 1579.11 2875.49 2802.15 2482.7
999.01 1400.94 1827.42 2601.08 3071.27 2732.58
872.96 1223.1 1630.1 2429.96 2782.4 2332.05
671.51 926.9 1186.68 1706.24 2137.25 1917.72
254.99 323.11 389.71 514.72 612.48 571.95
799.13 1129.19 1556.49 2306.19 2523.85 1987.7
894.09 1264.25 1690.71 2493.84 2962.25 2468.92
158.6 184.36 209.53 256.8 293.76 278.44
670.07 1053.85 1237.59 3956.72 2239.4 1421.6
124.54 328.65 90.23 4812.84 982.9 385.94
269.66 501.45 377.17 4326.75 1348.06 808.02
683.31 981.85 1192.93 2885.64 2294.4 1964.16
361.89 713.1 418.67 4805.43 1556.14 912.9
881.17 1253.38 1748.22 2645.06 3133.39 2350.76
333.54 561.45 548.62 4007.39 1622.26 1059.67
651.37 900.21 1161.65 1681.0 2054.18 1804.18
752.62 1044.69 1342.66 1900.93 2347.4 2115.7
904.33 1276.18 1710.07 2528.54 2959.76 2452.44
903.17 1287.94 1743.19 2539.31 2869.54 2359.17
700.61 1014.75 1431.42 2292.13 1686.87 1077.18
777.77 1142.13 1318.61 3302.06 2535.52 2135.3
311.98 571.51 352.12 4922.25 1278.93 627.32
422.59 685.84 664.57 4171.26 1730.74 1211.16
888.77 1235.48 1574.4 2210.61 2708.15 2501.85
711.3 1045.58 1365.56 3288.74 2398.68 1840.21
833.55 1184.86 1490.91 2700.66 2757.53 2425.61
514.54 708.88 925.34 1350.67 1374.22 1156.37
953.01 1372.54 1971.05 3015.87 3117.86 2177.91
139.51 346.94 119.16 4774.32 1018.85 427.96
857.73 1218.22 1514.1 2752.04 2758.77 2434.46
614.4 867.18 1053.11 2180.64 1924.74 1694.67
965.07 1398.77 2000.36 3132.16 2949.88 1883.54
854.9 1285.52 1839.02 3301.68 2848.28 1969.67
269.48 506.24 268.86 4611.98 1074.44 480.81
135.71 180.86 163.98 1090.51 373.4 255.99
319.29 544.11 475.17 4097.32 1413.11 922.08
658.93 984.6 1172.37 3653.95 2372.77 1850.13
910.54 1288.08 1750.85 2592.46 3096.86 2481.6
314.3 409.88 505.71 686.46 834.91 765.51
973.61 1445.87 2140.47 3138.47 2945.75 1944.83
545.16 744.09 946.44 1351.14 1686.86 1515.86
558.03 762.71 970.9 1387.29 1732.72 1556.78
885.5 1279.92 1576.83 3189.5 2770.71 2302.23
686.65 948.8 1215.45 1748.77 2191.2 1965.85
848.9 1213.66 1484.82 3030.18 2741.01 2414.26
598.82 930.41 1294.65 3674.97 2096.32 1266.03
826.58 1178.1 1523.04 2841.73 2685.95 2236.5
773.11 1073.9 1379.86 1991.77 2499.41 2240.85
784.6 1119.23 1604.93 2507.77 2920.7 2053.88
588.75 837.02 1026.5 2499.88 1980.77 1691.45
940.73 1310.86 1675.15 2357.8 2881.91 2652.72
860.61 1204.05 1547.1 2347.39 2834.27 2528.12
736.07 1042.85 1347.31 2471.77 2443.95 2037.79
865.31 1210.75 1554.07 2343.32 2843.26 2537.89
839.13 1170.7 1514.65 2194.9 2729.76 2426.34
564.69 870.39 883.71 3938.4 1917.82 1426.21
490.07 706.73 826.1 2193.89 1614.31 1357.79
163.1 277.69 229.47 3224.91 903.98 508.12
468.51 633.18 800.69 1135.69 1413.61 1272.06
886.28 1240.74 1607.89 2345.46 2879.95 2542.37
829.45 1150.09 1463.52 2051.89 2512.01 2321.23
273.31 503.77 389.07 4675.34 1433.63 865.87
1004.05 1417.94 1908.79 2772.41 3353.68 2753.29
936.8 1351.59 1968.91 3003.69 2955.62 2031.87
926.25 1310.44 1851.72 2772.64 2881.74 2143.06
274.18 355.54 430.23 701.64 722.55 650.14
244.25 451.95 324.68 4343.32 1216.17 700.5
399.96 666.54 603.76 4410.06 1715.55 1141.49
741.91 1024.07 1299.88 1817.63 2222.53 2054.65
940.99 1318.68 1724.99 2491.64 2957.14 2598.02
870.9 1218.65 1570.01 2346.1 2851.5 2536.5
447.07 599.77 749.18 1030.64 1247.75 1155.99
243.55 414.74 387.03 4146.52 1350.03 827.08
862.56 1204.24 1542.24 2225.94 2718.89 2466.76
945.23 1335.92 1821.54 2739.99 2755.5 2189.58
771.98 1083.87 1372.68 2290.9 2548.34 2247.85
816.18 1159.36 1493.2 2600.62 2780.39 2373.24
760.04 1086.9 1517.71 2430.68 1924.2 1199.33
917.47 1288.1 1645.91 2481.99 2928.37 2645.26
891.48 1250.58 1632.52 2405.15 2832.04 2448.06
963.78 1386.32 2023.44 3069.24 3642.72 2471.62
743.39 1089.95 1459.22 2924.27 2490.55 1782.13
267.46 415.69 380.45 2377.77 886.2 524.62
786.4 1150.79 1365.67 3201.47 2592.88 2242.69
164.29 192.55 220.18 272.04 312.59 295.78
936.35 1320.22 1761.89 2546.56 2947.14 2504.59
519.04 807.19 856.9 4004.52 1987.87 1530.77
973.34 1420.0 2060.1 3138.59 3415.58 2343.23
626.31 926.88 1061.91 3336.78 2161.8 1776.1
454.06 617.03 808.31 1168.63 1423.48 1181.75
929.15 1305.7 1650.3 2743.12 2923.22 2654.11
995.66 1403.96 1847.33 2721.09 2919.14 2465.32
215.92 440.25 266.79 4577.76 1202.32 642.41
893.53 1242.33 1583.28 2223.34 2723.87 2516.33
591.28 892.81 1025.66 3519.47 2227.06 1764.12
272.18 348.98 425.98 571.2 690.48 634.72
942.03 1317.62 1690.87 2471.62 2937.79 2652.45
557.15 763.85 978.58 1393.56 1593.45 1404.63
623.66 958.84 982.17 4128.59 2093.62 1603.6
978.89 1383.22 1822.2 2744.05 3017.94 2543.14
658.54 980.82 1092.77 3491.45 2258.15 1805.03
926.01 1347.66 1906.21 2791.09 2854.64 2127.47
555.08 764.98 961.84 1527.37 1699.23 1525.41
830.89 1181.37 1593.4 2561.66 2547.46 1957.03
961.14 1369.72 1918.5 2828.86 2941.22 2255.4
954.22 1372.28 2032.48 3305.23 3179.8 1939.41
653.31 908.07 1133.43 1842.88 1989.18 1804.46
646.04 911.0 1225.24 1875.89 1891.45 1440.89
170.25 400.27 177.24 4303.24 1045.8 483.31
799.51 1148.83 1413.86 2767.75 2631.32 2303.4
997.66 1399.45 1836.23 2658.41 2980.21 2604.27
737.33 1063.33 1294.14 3138.04 2496.42 2136.4
123.98 279.16 145.92 4520.51 887.5 417.02
458.26 636.67 822.46 1599.51 1377.33 1087.85
354.56 559.89 593.86 3919.49 1603.4 1121.01
902.31 1272.24 1607.53 2599.13 2880.56 2580.49
763.41 1068.53 1357.19 2229.33 2438.45 2183.42
891.66 1257.88 1661.1 2412.54 2877.04 2475.84
995.24 1417.36 1901.58 2717.7 3028.29 2554.47
300.27 388.29 474.34 635.87 762.2 709.82
707.16 1054.16 1163.69 3458.49 2243.11 1829.71
957.32 1344.89 1698.0 2673.23 2984.47 2720.8
933.29 1308.59 1708.55 2465.56 2972.45 2608.01
865.13 1208.76 1569.4 2288.58 2829.42 2492.28
571.1 778.18 980.6 1360.59 1657.74 1534.53
144.99 165.09 185.54 226.44 260.37 243.08
892.29 1260.89 1660.25 2676.78 2756.02 2320.73
636.54 885.68 1187.22 1739.02 2078.32 1686.46
858.21 1222.74 1806.86 2844.86 2577.68 1653.43
268.53 342.61 415.03 550.96 657.27 613.19
977.58 1418.84 2030.18 3068.89 3380.18 2404.17
971.27 1402.21 2026.4 3100.92 3159.03 2167.88
931.27 1321.15 1812.18 2653.07 2913.66 2341.7
346.82 597.58 526.45 4158.1 1528.47 1019.46
731.24 1084.98 1542.81 3405.68 2424.91 1480.05
266.55 350.84 488.36 702.31 648.4 434.89
546.01 865.33 910.6 3751.09 2056.67 1585.17
349.65 570.43 573.47 3995.45 1625.44 1091.94
110.22 305.26 70.77 5228.13 1054.34 414.8
776.62 1116.46 1371.29 2970.57 2604.07 2257.84
893.37 1268.16 1576.65 2883.88 2838.51 2530.68
936.15 1303.68 1662.95 2337.38 2864.8 2646.11
914.78 1284.5 1640.54 2496.65 2923.41 2636.98
805.51 1144.6 1489.07 2619.32 2752.28 2303.17
935.55 1308.6 1683.67 2389.58 2964.75 2690.87
391.69 610.39 663.98 3943.45 1693.74 1205.7
723.73 1015.49 1286.45 2196.13 2396.19 2106.69
737.69 1022.11 1307.3 1845.13 2286.9 2080.39
969.92 1388.02 1959.38 2929.99 3019.14 2256.86
254.0 322.82 392.82 532.82 648.96 589.8
378.2 597.55 636.27 3677.7 1659.82 1167.22
1009.91 1409.89 1800.95 2534.97 3108.66 2870.46
483.42 655.17 835.24 1174.95 1407.22 1258.35
654.57 1017.67 1421.26 3814.09 2745.55 1698.26
426.75 721.18 579.89 4738.09 1606.04 993.37
983.08 1380.58 1853.89 2745.32 2971.92 2468.2
646.34 954.28 1175.71 3176.81 2304.43 1792.29
178.81 404.87 236.09 4657.29 1365.79 674.51
980.05 1386.61 1915.89 2807.03 2992.88 2361.4
907.68 1324.58 1926.14 3285.35 3337.2 2167.19
184.46 256.94 248.7 1251.32 550.62 398.83
952.12 1340.4 1776.2 2564.41 3150.65 2680.23
987.4 1421.28 1955.03 2814.78 2985.4 2386.26
673.71 934.9 1219.42 1735.85 2058.42 1787.26
158.38 368.84 157.32 4696.57 1068.49 484.76
148.35 169.95 191.93 235.88 272.34 253.77
715.48 1030.28 1435.39 2287.65 1999.8 1306.36
942.26 1330.57 1761.86 2548.7 3035.17 2599.37
454.64 670.13 796.88 2965.87 1715.96 1319.22
914.47 1324.22 1978.49 3005.34 2802.94 1803.01
327.82 471.3 528.51 1969.34 1126.51 884.18
263.26 504.22 517.92 4005.11 1489.24 765.71
196.98 240.24 283.61 365.4 432.59 401.18
865.12 1211.82 1582.16 2306.85 2528.71 2172.55
956.82 1376.29 1896.73 2737.34 2970.57 2368.83
388.36 515.11 639.02 871.61 1053.5 978.08
364.28 724.77 410.71 4949.69 1543.3 897.45
1005.75 1409.27 1829.8 2601.93 3151.37 2809.67
794.19 1134.36 1544.02 2382.75 2222.47 1705.78
1009.6 1409.83 1802.29 2540.17 3103.73 2859.74
844.31 1202.11 1502.3 2797.7 2685.82 2358.27
424.41 623.9 845.38 2719.38 1405.17 804.21
739.76 1072.6 1366.31 3015.16 2392.42 1884.72
197.67 241.32 285.72 374.51 448.17 410.65
783.28 1099.82 1399.61 2315.09 2598.2 2292.87
228.46 286.49 356.88 478.97 520.42 445.95
525.72 782.88 908.58 3626.29 2014.79 1585.66
90.67 245.75 67.59 4912.39 908.69 327.0
314.65 540.03 460.42 4177.05 1390.21 900.07
1003.88 1414.59 1881.13 2746.32 3293.36 2780.35
180.8 268.2 257.5 2083.3 722.59 475.78
693.82 989.98 1367.22 1985.58 2105.52 1637.17
283.7 432.6 509.87 2573.82 1087.96 685.8
677.42 949.52 1328.32 1955.47 2030.99 1528.33
887.75 1250.18 1643.64 2471.34 2876.71 2433.33
858.64 1205.13 1577.16 2285.99 2781.01 2428.4
952.33 1360.7 1965.64 3111.72 2507.16 1624.54
847.67 1177.38 1502.35 2108.93 2571.04 2366.54
766.91 1064.93 1368.07 1974.35 2477.31 2221.13
902.2 1260.0 1618.75 2295.33 2851.06 2591.28
955.08 1349.72 1679.31 2794.29 2962.81 2683.81
468.81 709.98 816.87 3480.26 1857.97 1437.56
870.04 1237.67 1633.1 2581.5 2585.9 2152.72
871.7 1282.51 1737.51 3161.36 2774.75 2099.68
525.34 815.6 934.58 3694.15 1872.04 1300.57
943.85 1324.93 1728.42 2494.73 3060.36 2692.01
946.2 1332.29 1740.23 2480.53 3005.68 2665.89
426.42 573.14 731.08 1037.62 1254.12 1104.42
619.57 953.31 1132.54 3838.74 2181.69 1556.73
993.89 1418.04 1910.77 2734.39 3020.92 2525.55
757.34 1075.25 1351.45 2649.74 2596.16 2241.48
793.24 1105.31 1421.57 2104.83 2578.91 2295.96
773.91 1101.58 1367.16 2660.37 2536.4 2221.32
963.22 1415.72 2094.77 3227.96 3457.61 2248.83
765.26 1062.54 1364.93 1969.7 2471.42 2215.87
917.86 1309.34 1887.21 2981.92 2414.31 1574.59
184.16 221.69 259.33 330.31 388.61 361.36
690.04 987.96 1403.61 2111.88 2236.79 1594.11
590.64 898.92 977.97 3823.99 2151.09 1682.07
1009.45 1410.28 1804.76 2541.83 3105.98 2859.17
572.18 911.54 863.25 4207.62 1998.47 1449.59
252.86 400.25 401.2 2297.44 1018.11 663.55
155.07 291.92 118.68 2156.87 545.59 264.85
873.0 1219.01 1563.08 2248.4 2756.38 2501.97
303.7 508.78 480.75 4130.04 1335.91 913.36
791.75 1188.41 1574.48 3956.66 2685.18 1582.25
704.01 1008.51 1250.72 2802.73 2472.02 2093.76
761.97 1097.08 1362.92 2929.27 2594.17 2214.94
952.98 1360.48 1862.98 2809.22 2963.7 2244.37
935.91 1310.9 1681.97 2431.01 2974.31 2697.76
1008.98 1410.38 1810.71 2558.34 3111.87 2844.37
441.92 592.22 739.13 1014.92 1230.6 1141.17
381.01 653.57 492.84 4565.24 1418.32 837.14
995.24 1398.47 1857.62 2669.07 3051.77 2619.85
695.34 1012.23 1178.58 3018.45 2265.36 1901.6
921.3 1297.59 1630.38 2701.05 2886.64 2617.12
309.44 477.35 474.74 2676.02 1173.61 847.95
528.37 795.89 896.27 3314.94 1952.11 1531.02
850.5 1226.04 1515.59 3015.62 2805.95 2355.42
492.07 809.59 792.63 4078.75 1913.5 1415.64
935.2 1315.69 1733.4 2501.83 2977.63 2573.55
702.52 1061.11 1551.84 3533.49 2361.49 1309.25
825.93 1168.23 1458.83 2715.96 2645.13 2356.32
284.37 366.6 449.05 604.55 732.28 672.57
660.06 964.12 1282.61 3345.29 2299.53 1644.47
715.16 1022.37 1259.45 2693.24 2435.06 2092.12
958.61 1383.84 1911.8 2765.74 3062.64 2463.78
947.03 1349.59 1923.01 3009.14 2565.15 1762.46
404.8 619.52 682.81 3310.96 1562.86 1187.87
767.1 1065.2 1368.43 1974.88 2477.98 2221.73
878.49 1239.81 1629.24 2466.94 2743.87 2340.03
992.4 1401.4 1851.91 2745.1 2887.59 2402.61
246.58 372.95 431.26 1948.22 1022.48 609.68
335.19 587.92 499.12 4569.38 1574.02 927.07
680.55 935.73 1185.18 1653.44 2019.63 1867.8
890.0 1263.69 1756.89 2597.9 2988.92 2268.23
995.73 1399.74 1823.97 2651.83 3066.15 2681.59
778.44 1107.38 1397.39 2853.31 2594.4 2237.77
962.26 1349.24 1722.44 2640.32 2994.61 2720.75
485.8 664.53 914.22 1394.72 1377.83 1024.71
992.68 1388.43 1768.75 2577.06 3070.45 2824.14
952.99 1412.41 2063.89 3040.89 3091.53 2203.13
298.7 515.75 437.28 4087.92 1372.64 873.17
459.83 697.58 782.51 3773.62 1835.01 1394.71
316.33 499.72 517.22 2828.53 1352.9 942.95
1008.87 1409.12 1805.33 2545.26 3104.62 2851.78
909.97 1301.64 1677.9 2871.0 2844.2 2440.73
927.52 1344.9 1955.17 3147.22 2922.86 1975.36
938.15 1312.94 1687.39 2420.79 2981.05 2704.3
935.16 1352.34 1920.8 2909.58 3261.86 2363.21
903.72 1262.21 1621.64 2299.52 2856.31 2596.03
185.6 223.78 262.06 334.25 393.55 365.83
826.43 1157.88 1564.74 2273.79 2540.59 2088.05
565.17 883.08 1126.53 4016.81 2153.22 1200.7
851.84 1188.36 1534.66 2222.82 2776.67 2476.39
278.8 358.55 438.51 589.31 713.18 655.28
924.04 1324.54 1966.25 2989.1 2839.42 1849.93
787.0 1128.33 1563.94 2767.46 2474.25 1772.76
870.63 1215.54 1565.51 2225.46 2740.1 2471.02
964.3 1399.28 1945.82 3090.48 2820.21 1927.82
368.7 503.22 595.78 1168.06 1082.07 937.5
455.83 741.45 755.85 3987.76 1943.74 1402.97
737.69 1092.0 1223.85 3658.23 2393.32 1977.68
450.68 740.28 635.58 4506.5 1632.85 1062.18
412.26 594.51 811.13 1998.53 1258.42 810.45
874.35 1222.69 1572.62 2334.99 2865.89 2554.87
962.96 1414.91 2092.17 3221.06 3448.47 2246.21
163.33 196.57 220.76 418.75 350.15 308.03
785.35 1124.2 1579.08 2435.2 2374.92 1609.76
614.12 954.8 961.29 3947.82 2118.76 1603.68
195.11 237.61 280.84 367.3 439.03 402.5
351.96 534.38 581.51 2590.72 1270.11 911.67
601.39 821.78 1037.22 1441.63 1757.9 1626.76
775.86 1114.16 1382.82 2855.45 2634.48 2271.5
555.71 845.6 934.9 3637.17 2063.44 1606.18
899.47 1266.43 1702.54 2562.76 2961.11 2409.57
304.28 527.06 440.43 4201.54 1364.57 870.67
690.49 1059.85 1337.15 3946.74 2508.48 1591.4
799.91 1180.89 1512.71 3360.52 2660.27 2094.27
880.49 1224.48 1563.7 2198.77 2685.19 2469.43
487.02 733.89 765.25 3066.2 1625.73 1240.18
927.38 1321.5 1880.18 2967.45 3077.65 2145.93
188.95 382.18 220.05 4450.55 1083.38 546.78
338.42 443.23 545.67 737.98 888.37 826.02
901.31 1278.61 1709.91 2519.34 3058.85 2555.8
895.71 1250.61 1606.46 2277.58 2828.81 2571.13
806.86 1196.79 1387.26 3326.46 2649.25 2220.0
989.35 1399.41 1967.53 2910.95 2987.48 2254.66
961.41 1423.32 2094.95 3075.34 2930.66 1969.47
156.8 307.99 213.01 4675.89 1155.42 587.88
886.82 1245.35 1628.31 2412.4 2881.29 2482.1
548.68 842.86 956.94 3782.34 2110.0 1488.6
546.54 818.53 869.63 2902.88 1761.8 1405.12
874.86 1257.44 1736.22 2533.24 2730.91 2149.92
476.16 641.51 803.14 1106.55 1343.82 1245.44
847.64 1194.0 1560.03 2476.71 2788.94 2392.18
638.85 879.65 1124.58 1614.45 2020.83 1813.84
462.59 809.09 587.95 5119.67 1651.71 1005.09
981.39 1431.53 2009.5 3223.74 2816.9 1832.55
366.93 598.29 562.68 3758.94 1254.03 641.9
913.31 1324.44 1989.95 3029.61 2795.31 1765.9
997.03 1403.35 1905.61 2771.15 3032.67 2483.84
818.35 1204.3 1566.53 3219.2 2605.23 1988.65
966.36 1365.43 1803.99 2737.94 2976.9 2534.2
761.67 1111.95 1401.26 3100.35 2415.64 1824.82
425.53 679.21 728.57 3675.96 1898.01 1349.15
732.84 1049.92 1304.11 2847.22 2500.35 2144.59
474.9 775.79 775.25 3844.92 1907.08 1401.85
983.12 1377.38 1745.39 2618.51 3036.86 2784.43
325.92 426.69 527.72 718.27 874.78 801.61
911.64 1290.12 1607.96 2837.33 2884.32 2592.13
819.42 1180.56 1690.83 2761.08 2597.26 1818.76
600.96 905.74 1009.66 3674.39 2149.26 1715.19
972.84 1389.02 1958.43 2922.12 3513.43 2594.4
563.0 766.52 965.46 1338.91 1630.96 1509.87
670.55 967.9 1180.97 2991.53 2358.08 1983.06
755.62 1096.21 1558.35 3288.47 2450.83 1601.77
791.63 1142.84 1493.61 2709.49 2660.75 2182.23
894.01 1267.93 1604.3 2846.47 2878.06 2530.93
866.91 1211.31 1558.62 2307.99 2844.77 2543.48
736.16 1077.89 1528.07 3515.53 2324.44 1375.9
755.05 1047.76 1345.51 1941.01 2435.02 2183.4
851.1 1197.82 1542.14 2454.05 2829.79 2468.75
965.16 1384.21 1954.95 2950.86 3122.69 2286.84
910.63 1283.2 1615.25 2759.41 2859.53 2595.57
840.17 1174.53 1529.0 2187.24 2645.45 2334.84
756.72 1067.97 1438.26 2193.34 2104.55 1603.22
1005.74 1424.21 1881.98 2677.55 3121.73 2728.5
931.9 1337.04 1918.2 3000.76 3507.9 2485.88
659.26 951.31 1163.59 2942.14 2300.12 1949.98
333.0 534.59 504.65 3374.53 1309.76 920.34
974.85 1451.0 2158.46 3168.08 2943.92 1913.54
268.64 367.76 421.6 1408.25 862.27 694.4
792.97 1102.63 1417.61 2047.58 2570.19 2304.0
605.83 844.77 1047.47 1765.21 1793.61 1593.81
565.61 886.21 1188.43 4015.0 2032.19 1110.12
931.84 1336.92 1917.8 2999.91 3507.15 2485.99
432.61 580.96 729.71 1010.24 1240.66 1132.94
347.03 637.95 516.96 4424.74 1588.38 1017.4
80.91 224.51 64.31 4633.16 776.63 295.86
816.48 1147.97 1435.39 2350.1 2528.23 2294.46
940.33 1316.62 1709.72 2451.3 2966.41 2644.59
961.01 1387.29 2034.14 3100.54 3460.43 2306.7
405.52 560.38 756.91 1167.96 1049.47 722.81
134.86 172.85 144.77 759.02 273.61 187.58
419.88 563.65 714.12 1013.07 1251.31 1110.88
952.92 1366.14 1993.72 3201.75 3158.05 2029.11
654.2 901.39 1149.24 1616.66 2000.59 1821.11
950.55 1324.42 1689.88 2375.92 2912.43 2689.97
984.54 1399.89 1891.55 2764.95 3152.68 2585.18
440.71 632.87 750.44 2217.01 1567.06 1267.5
899.1 1271.86 1594.45 2804.34 2862.12 2570.91
551.24 777.59 935.36 2001.84 1771.97 1513.16
829.71 1211.28 1594.81 2933.48 2820.82 2164.57
735.01 1043.26 1464.84 2430.3 2390.05 1665.6
992.15 1400.85 1944.91 2859.89 3003.98 2338.37
552.86 829.28 963.81 3321.39 2127.73 1670.34
390.9 654.1 643.52 3943.77 1824.36 1251.26
722.06 995.5 1262.78 1764.54 2156.91 1994.22
1003.82 1402.27 1796.99 2545.31 3095.51 2835.41
855.86 1201.19 1531.4 2352.65 2811.26 2503.38
337.47 441.85 543.89 735.43 885.22 823.11
130.29 143.8 157.35 182.9 203.88 194.07
826.02 1215.44 1763.55 2577.26 2617.94 1885.03
217.66 442.4 249.18 4915.47 1305.14 631.44
962.29 1354.29 1699.89 2731.78 2983.62 2714.5
635.64 892.44 1244.27 1844.14 1941.76 1471.24
1003.02 1400.6 1787.79 2533.79 3089.07 2850.72
442.87 688.02 779.15 2961.8 1809.52 1376.48
931.16 1329.28 1853.89 2797.1 3046.88 2301.15
263.74 448.53 358.39 3475.18 1163.69 705.86
734.54 1054.34 1301.47 2944.93 2455.62 2132.36
460.04 618.31 773.01 1063.41 1290.52 1196.35
847.58 1181.22 1497.58 2277.04 2605.89 2388.62
703.22 972.77 1246.96 1795.34 2250.26 2018.55
168.82 384.68 150.59 5114.65 1188.19 486.84
965.27 1352.59 1725.64 2550.59 2991.02 2726.49
791.24 1143.39 1371.66 3207.41 2609.3 2250.79
821.88 1146.01 1480.76 2145.24 2676.45 2380.11
485.31 657.16 829.48 1154.45 1421.38 1296.6
988.13 1483.04 2217.17 3267.55 3174.43 2138.71
250.56 346.88 433.06 1031.98 664.12 429.92
282.76 482.07 441.62 4177.32 1283.35 855.33
747.03 1039.05 1329.92 1967.04 2283.86 2045.65
860.45 1204.13 1539.73 2316.67 2729.86 2469.19
490.64 744.08 866.12 2826.33 1910.57 1502.0
393.43 524.55 657.92 924.68 1145.97 1033.25
799.32 1128.5 1512.71 2358.87 2571.58 2108.92
962.36 1357.93 1894.62 2907.25 2866.37 2158.08
641.22 1019.84 1059.08 4429.59 2067.44 1353.37
782.39 1135.42 1371.75 3131.66 2630.41 2268.07
818.27 1139.24 1465.73 2118.7 2660.39 2384.49
754.15 1063.28 1435.12 2092.83 2367.02 1922.54
653.28 956.25 1100.98 3084.04 2215.38 1810.06
845.81 1176.05 1491.66 2147.72 2570.64 2368.49
663.03 917.87 1164.87 1730.13 2046.23 1852.56
492.58 681.73 838.74 1545.69 1511.29 1333.94
810.36 1122.61 1427.83 2000.81 2448.88 2263.1
253.37 341.34 371.86 1011.04 673.1 558.28
957.35 1365.0 1951.3 3061.47 2559.6 1733.14
818.8 1171.31 1432.04 2989.01 2646.56 2327.57
446.81 813.81 633.07 4647.63 1673.09 977.43
625.35 881.61 1088.25 2065.3 1992.43 1755.38
774.76 1086.63 1372.14 2220.66 2522.64 2233.82
402.02 622.43 689.09 3441.53 1743.4 1256.3
840.13 1179.51 1534.66 2300.66 2750.78 2412.67
251.58 495.05 370.66 4523.18 1514.28 861.93
898.41 1269.32 1692.92 2492.51 3005.43 2513.04
528.64 741.43 951.12 1827.51 1677.61 1359.84
937.38 1310.88 1685.36 2391.63 2971.74 2700.55
495.54 716.21 845.67 2187.76 1684.89 1403.51
942.25 1324.91 1697.49 2688.23 2944.8 2641.51
1003.76 1414.7 1846.48 2685.23 3045.29 2644.49
890.03 1253.6 1649.42 2394.49 2878.11 2492.44
909.33 1308.9 1911.49 2902.06 3234.75 2171.05
741.45 1062.34 1394.44 2815.79 2517.23 1997.25
676.77 934.51 1196.68 1721.02 2156.0 1934.45
917.06 1320.46 1904.54 2908.67 2950.92 2026.65
929.31 1303.35 1668.91 2453.35 2958.78 2678.93
315.48 541.07 462.01 4175.1 1392.25 902.41
414.49 586.7 690.14 1782.2 1297.72 1063.9
1006.91 1410.84 1822.81 2585.8 3134.8 2826.58
920.65 1291.61 1654.11 2466.97 2943.32 2658.28
551.33 752.63 954.47 1335.12 1647.78 1501.63
985.48 1428.45 1979.68 3125.22 2858.68 1981.1
211.07 313.5 306.48 1605.45 753.9 534.73
859.11 1248.73 1694.48 2963.41 2555.0 1802.53
947.73 1334.53 1766.77 2573.53 3137.13 2674.65
920.76 1304.67 1612.87 2875.28 2871.67 2579.2
176.08 215.27 239.9 447.15 384.55 337.34
700.38 1023.66 1222.52 3228.78 2426.8 2047.01
986.29 1404.07 1906.19 2850.09 3025.04 2349.96
313.98 408.04 499.99 672.59 807.56 751.6
225.76 363.23 318.36 2629.36 940.05 620.48
377.54 522.04 618.85 1413.46 1182.8 1001.43
590.81 859.97 1089.0 2847.89 1960.49 1448.26
686.29 944.0 1195.91 1668.8 2038.61 1885.28
990.52 1397.96 1891.32 2830.06 3138.75 2521.74
325.39 426.11 528.56 733.46 903.44 816.86
571.13 854.89 965.55 3176.75 1888.83 1413.77
938.5 1313.63 1687.41 2420.41 2981.42 2705.96
961.98 1368.95 1938.1 3015.23 2607.85 1833.07
649.69 894.87 1140.69 1604.31 1985.12 1807.1
745.93 1068.79 1323.02 2915.56 2484.85 2164.34
737.02 1083.14 1232.21 3497.19 2388.56 1988.2
636.55 955.94 1246.34 3343.6 2266.72 1619.25
197.98 410.51 243.2 4893.46 1262.73 661.84
614.8 917.19 1073.63 3190.55 2308.44 1860.11
880.97 1235.25 1617.96 2374.91 2867.48 2494.61
489.35 663.34 840.31 1194.27 1487.9 1338.34
939.74 1370.25 1987.74 3034.7 3186.69 2192.47
975.04 1424.28 2175.71 3535.78 3981.54 2424.13
826.08 1184.44 1542.38 2947.84 2690.73 2193.12
792.14 1140.5 1403.91 2862.43 2528.59 2175.08
723.98 1049.99 1391.75 3025.46 2550.98 1949.54
735.63 1015.03 1288.14 1800.83 2201.77 2035.53
791.62 1095.63 1392.8 1950.66 2386.92 2206.03
348.35 459.12 570.18 779.65 951.69 871.27
901.39 1303.46 1940.78 2953.87 2786.3 1811.28
929.01 1355.51 1927.64 2824.19 2852.68 2097.01
937.57 1322.73 1734.35 2529.31 2856.18 2480.91
351.02 462.98 575.24 786.95 960.85 879.55
921.35 1291.93 1655.17 2457.09 2935.86 2653.08
687.34 987.65 1219.24 2850.55 2433.22 2047.59
765.87 1119.82 1519.13 2617.13 2477.97 1892.22
920.58 1301.69 1711.01 2647.21 3065.96 2593.79
488.53 739.02 806.02 3273.45 1769.79 1401.75
548.82 815.04 968.41 3606.12 2104.3 1633.61
510.06 776.87 858.35 3827.85 1912.45 1487.54
974.66 1403.97 2040.62 3091.82 3461.54 2360.73
390.58 694.66 613.72 4398.98 1638.5 1054.71
763.9 1133.32 1397.52 3620.13 2404.01 1714.56
836.83 1203.2 1647.3 3083.07 2840.21 2044.4
761.17 1066.5 1421.31 2091.75 2450.96 2039.29
878.92 1258.98 1655.92 3038.57 2794.56 2244.62
898.73 1282.04 1730.3 2552.93 2859.23 2352.15
967.71 1421.43 2054.88 2997.61 2954.47 2093.72
387.64 646.97 606.52 4038.22 1628.59 1135.74
920.4 1311.62 1681.91 2859.93 2731.67 2328.89
775.99 1078.07 1385.34 1999.87 2509.68 2250.02
840.07 1170.84 1507.19 2181.94 2738.51 2453.98
941.27 1376.23 2011.72 3082.97 3195.71 2150.32
189.78 229.9 270.71 352.33 420.03 385.55
958.38 1380.52 1903.01 2815.13 3300.9 2605.14
422.31 566.08 710.22 982.06 1205.35 1100.97
738.3 1056.52 1449.87 2247.24 1910.9 1404.1
883.69 1228.18 1564.91 2197.03 2691.36 2486.39
357.91 472.95 588.29 805.82 984.49 900.97
554.39 757.45 963.99 1377.07 1719.76 1545.22
822.39 1168.27 1542.08 2774.31 2652.44 2178.15
1002.33 1435.61 1946.94 2791.88 3131.94 2614.21
994.01 1387.75 1772.31 2514.04 3057.35 2818.68
499.45 746.8 865.24 3547.08 1945.06 1514.23
644.78 987.04 1045.91 4059.04 2143.08 1634.25
348.5 647.15 375.85 4862.24 1300.51 667.95
908.67 1279.3 1662.33 2463.6 2878.1 2547.62
835.2 1173.81 1488.32 2418.83 2743.92 2428.43
244.52 419.32 338.09 3412.62 1105.91 664.62
737.77 1035.13 1378.09 2022.38 2425.37 2018.01
590.46 806.05 1016.78 1412.38 1721.75 1593.48
609.84 904.56 1232.25 2762.29 1950.12 1369.35
952.31 1349.59 1835.4 2735.01 3278.84 2632.61
747.18 1077.17 1624.55 2472.7 2239.2 1374.86
271.7 350.62 424.38 637.53 717.09 643.94
944.16 1332.18 1776.95 2577.93 2986.14 2533.65
688.89 988.54 1413.71 2131.82 2325.27 1622.74
537.35 740.27 984.52 1415.89 1673.99 1370.2
785.85 1098.26 1448.24 2081.68 2553.58 2177.72
402.71 538.25 678.1 955.59 1177.4 1055.46
868.14 1233.0 1647.64 2465.48 2511.22 2062.74
977.75 1383.42 1878.55 2728.96 2998.26 2464.68
812.3 1132.89 1471.8 2135.94 2669.09 2343.28
920.56 1299.53 1635.39 2745.28 2920.62 2634.57
307.22 435.29 496.32 1713.0 1063.14 833.59
841.1 1172.27 1509.13 2182.85 2741.76 2457.09
853.89 1226.24 1648.04 2768.05 2878.0 2270.54
692.4 961.13 1203.82 1902.09 2097.41 1911.82
272.5 349.58 427.98 584.8 714.89 648.63
834.02 1161.42 1489.68 2108.77 2617.27 2379.57
295.89 579.5 415.78 4597.9 1468.01 871.46
830.85 1173.18 1502.5 2529.06 2764.28 2391.61
928.02 1342.57 1874.26 2814.52 3288.91 2518.69
886.4 1259.39 1577.87 2768.34 2843.78 2549.17
877.64 1225.46 1581.4 2292.61 2865.09 2560.03
322.47 498.44 498.22 2748.52 1244.98 886.73
938.11 1307.45 1665.75 2366.26 2873.64 2651.27
776.81 1108.0 1381.47 2835.86 2564.18 2251.1
778.56 1092.0 1396.86 2219.01 2568.03 2266.22
301.53 653.0 283.05 5097.34 1401.73 718.59
961.48 1373.38 1911.92 2860.49 3100.81 2358.48
416.35 555.4 691.33 946.49 1146.04 1063.3
731.24 1038.47 1303.56 2729.97 2523.63 2171.25
938.17 1346.38 2006.0 3043.91 2858.14 1841.14
672.61 938.05 1233.87 1741.17 1984.83 1714.9
939.76 1369.89 1985.72 3030.37 3185.34 2196.1
570.81 824.16 1183.0 1711.07 1717.92 1238.02
349.25 636.8 405.15 5210.26 1379.63 711.67
849.41 1187.2 1537.27 2232.84 2582.53 2272.88
953.33 1391.77 1977.3 2878.67 2891.93 2135.49
952.48 1364.05 1980.51 3166.49 3150.64 2059.67
288.55 372.81 458.51 629.92 772.12 699.69
954.61 1396.28 2041.39 3130.28 3397.55 2283.92
942.44 1341.72 1784.47 2842.94 3079.71 2549.1
316.75 413.43 510.37 693.18 843.34 773.15
453.78 617.83 801.9 1143.47 1336.64 1143.5
516.43 699.47 878.4 1214.28 1476.95 1368.04
461.65 715.57 767.08 3953.03 1796.6 1353.6
950.16 1340.6 1757.07 2566.97 2956.04 2542.84
932.48 1321.25 1800.41 2961.13 2878.87 2269.29
441.58 604.86 734.85 1278.99 1276.23 1151.14
782.34 1095.46 1426.88 2109.61 2523.73 2202.51
875.41 1257.87 1833.05 2754.73 2688.15 1857.28
340.33 447.73 556.97 775.46 956.71 864.39
469.55 774.78 751.83 4453.22 1669.26 987.06
676.2 968.08 1200.12 2889.84 2391.18 2019.55
942.41 1318.88 1697.97 2414.11 2981.56 2702.13
753.93 1058.86 1372.25 2130.88 2395.95 2046.07
778.29 1121.43 1445.74 3119.75 2597.27 2108.34
923.13 1321.81 1874.88 2830.11 2938.08 2167.1
607.29 934.63 1146.17 3782.82 1893.66 1227.94
732.31 1014.87 1302.28 1877.11 2353.97 2111.09
959.1 1394.26 2096.29 3377.96 3841.35 2433.43
397.58 671.55 542.11 4546.01 1530.11 916.17
836.11 1165.95 1493.5 2160.34 2632.41 2388.48
976.66 1392.9 2069.82 3141.87 2912.83 1876.07
866.17 1228.51 1618.1 2583.68 2917.84 2434.76
255.1 500.63 431.33 4578.99 1480.64 700.61
1003.81 1430.69 1918.9 2742.53 3127.53 2663.55
530.84 817.26 891.64 3803.06 2032.51 1578.1
1000.71 1422.39 1969.25 2905.57 3490.92 2687.26
736.82 1021.91 1317.1 1901.9 2364.41 2105.24
766.18 1078.48 1376.0 2285.41 2531.62 2202.2
229.69 306.39 338.0 963.97 619.07 511.69
736.85 1024.88 1326.28 1907.01 2230.38 1961.59
794.02 1149.1 1600.65 3009.16 2992.84 2105.36
691.18 974.25 1224.83 2424.86 2335.47 2026.42
726.99 1009.6 1287.31 1888.31 2267.55 2052.98
177.95 337.03 275.17 4174.13 1157.64 648.6
896.53 1287.46 1759.46 2726.12 2528.1 1930.07
925.99 1295.88 1671.49 2384.46 2912.57 2621.66
884.96 1259.34 1591.37 2966.37 2841.37 2458.25
611.22 886.92 1143.35 2604.97 2097.99 1642.02
273.55 350.95 428.57 574.94 695.17 638.97
951.98 1356.31 1820.17 2613.42 3032.22 2571.72
706.06 976.88 1252.36 1803.32 2260.38 2027.58
998.57 1400.57 1828.49 2603.77 3069.74 2726.94
912.32 1276.34 1639.4 2382.89 2895.39 2621.67
784.27 1104.63 1424.3 2308.58 2573.72 2234.79
194.58 352.11 295.0 4288.74 1232.2 692.12
75.32 204.69 86.97 4376.31 916.94 374.48
940.48 1315.62 1692.95 2403.94 2982.8 2706.19
717.33 1052.27 1214.59 3320.19 2376.39 1967.6
865.93 1208.2 1556.35 2252.65 2830.28 2536.07
755.16 1057.64 1342.65 2201.2 2478.18 2194.46
979.75 1375.22 1780.2 2650.16 3025.09 2692.99
929.07 1327.69 1793.24 2754.09 2847.18 2205.31
768.39 1130.6 1578.87 3512.4 2660.61 1763.72
982.14 1399.22 1932.63 2872.81 3115.76 2414.25
546.07 824.64 939.38 3761.38 1970.82 1521.74
860.59 1218.68 1535.17 2686.14 2799.35 2490.08
674.37 991.94 1175.92 3350.11 2361.84 1962.81
944.78 1324.38 1711.22 2446.87 2982.29 2674.34
562.86 769.3 976.29 1366.67 1687.32 1537.43
889.99 1252.12 1618.19 2477.87 2882.2 2521.67
672.51 1038.75 1305.99 3579.49 2586.51 1835.72
206.26 304.93 283.66 1633.52 666.86 480.33
950.0 1339.61 1777.83 2578.87 3032.62 2581.75
789.42 1170.17 1636.85 3120.91 2020.17 1231.34
402.57 623.44 676.52 3902.52 1702.43 1241.08
647.3 1009.77 999.36 4202.54 2139.5 1636.9
865.33 1218.87 1536.29 2458.74 2746.45 2463.15
265.98 340.16 415.6 566.5 691.68 627.92
859.31 1203.5 1550.71 2329.27 2822.57 2505.66
632.44 919.26 1331.81 2016.76 2243.36 1545.82
467.3 633.32 823.55 1182.08 1258.68 1073.05
962.0 1398.0 2014.0 3173.0 2939.0 1816.0
69.0 191.5 59.0 4653.5 930.0 346.0
134.0 394.5 95.5 5146.0 1087.0 409.5
969.0 1403.0 2079.0 3181.0 3518.0 2279.0
155.0 368.0 123.0 5163.0 1156.0 447.0
89.8 263.8 87.2 4769.8 1060.5 381.0
971.0 1390.0 2115.5 3245.0 2879.5 1707.0
122.0 299.0 89.0 4632.0 914.0 354.0
72.0 203.8 71.8 4231.5 957.5 341.5
907.5 1325.5 2047.5 3151.5 2757.0 1579.5
948.0 1357.0 1978.0 3155.0 2462.0 1531.0
56.8 180.8 53.0 4412.8 873.5 325.0
119.5 322.5 80.5 4825.8 970.8 371.8
948.0 1376.0 2046.0 3146.0 2970.0 1921.0
911.0 1341.0 1922.0 3127.8 2196.5 1320.8
985.0 1493.5 2276.8 3372.5 3183.8 2033.8
76.2 218.5 55.5 4643.8 764.8 282.8
962.5 1390.0 1954.5 3151.5 2480.0 1527.0
959.5 1435.2 2145.2 3160.2 2832.8 1787.8
88.5 243.0 63.5 4918.0 903.5 321.0
978.0 1422.0 2105.0 3266.0 3199.0 2037.0
79.2 209.2 66.0 4931.0 970.2 374.0
222.2 574.0 104.8 5481.0 1198.8 463.2
992.0 1434.0 2127.0 3253.0 3849.0 2515.0
980.5 1432.2 2016.0 3245.2 2807.8 1800.2
966.0 1422.0 2112.0 3259.5 3477.0 2237.5
109.2 304.0 68.8 5231.2 1052.0 412.0
978.0 1434.0 2220.0 3640.0 4073.0 2397.0
81.5 229.5 75.0 4588.5 1023.0 369.5
937.0 1353.0 2081.0 3198.0 2826.0 1629.0
924.0 1316.0 1970.0 3207.0 2671.0 1584.0
102.5 315.2 89.5 4914.0 1200.8 467.0
980.0 1467.0 2194.0 3388.8 3736.5 2446.5
955.0 1376.0 2056.0 3368.0 3193.0 1885.0
977.5 1462.0 2197.0 3231.5 2940.0 1846.5
939.0 1381.8 2053.5 3176.2 3230.8 2074.0
265.0 540.0 222.0 5608.0 1151.0 427.0
83.0 265.0 84.5 4714.5 1156.5 420.5
245.0 494.0 207.0 5231.5 1090.0 397.0
304.0 635.0 236.5 5868.5 1229.5 464.5
138.0 335.0 114.0 4964.0 1063.0 407.0
53.8 244.8 74.8 4340.2 1057.2 381.2
881.0 1230.0 1585.0 2295.0 2884.0 2584.0
943.0 1319.0 1696.0 2407.0 2991.0 2718.0
1010.0 1410.0 1801.0 2535.0 3109.0 2871.0
100.0 100.0 100.0 100.0 100.0 100.0
