0.4543
0.7113
0.3672
0.1291
0.9782
0.2157
0.6712
0.7581
0.9141
0.6581
0.6273
0.3313
0.5067
0.2853
0.1052
0.8141
0.0228
0.8701
0.6376
0.8258
0.8496
0.62
0.8939
0.8178
0.9439
0.9782
0.7528
0.4197
0.9341
0.9484
0.5034
0.5243
0.7151
0.1046
0.6569
0.3004
0.1844
0.0772
0.3764
0.2046
0.6441
0.6585
0.0265
0.6913
0.0753
0.7261
0.414
0.5104
0.8646
0.8261
0.0547
0.7741
0.2144
0.3692
0.8606
0.806
0.7246
0.4899
0.8068
0.949
0.4084
0.6633
0.1541
0.1315
0.587
0.5342
0.9208
0.1174
0.016
0.1632
0.9301
0.9954
0.6499
0.7491
0.1183
0.1746
0.0304
0.9739
0.7553
0.9519
0.2922
0.348
0.3469
0.6371
0.8555
0.8492
0.8435
0.057
0.4755
0.581
0.2118
0.9696
0.8965
0.8505
0.9247
0.7842
0.3082
0.5736
0.7881
0.1
0.641
0.7216
0.0149
0.7865
0.3305
0.0977
0.0485
0.9495
0.2737
0.1715
0.8466
0.6952
0.8112
0.2557
0.2454
0.1348
0.7738
0.9404
0.9018
0.5269
0.1607
0.4573
0.6369
0.7516
0.0872
0.1118
0.0759
0.7746
0.1922
0.9585
0.5492
0.9514
0.2292
0.1868
0.2864
0.0109
0.5523
0.3904
0.4254
0.6749
0.7781
0.1613
0.4566
0.042
0.5044
0.6997
0.8389
0.8743
0.617
0.6404
0.2411
0.4041
0.0449
0.247
0.7787
0.7652
0.0953
0.4476
0.7689
0.3794
0.1911
0.6528
0.9287
0.5002
0.2221
0.2308
0.531
0.0452
0.0432
0.6557
0.2455
0.639
0.4761
0.9975
0.2277
0.1832
0.4868
0.7116
0.3011
0.1226
0.1414
0.0124
0.0279
0.5327
0.9689
0.4924
0.6746
0.3138
0.0096
0.1827
0.3992
0.853
0.6352
0.3114
0.7784
0.9808
0.3731
0.2059
0.7076
0.9831
0.9675
0.8776
0.9313
0.5929
0.8809
0.2695
0.4892
0.2888
0.8492
0.5386
0.3078
0.8443
0.0008
0.0422
0.9505
0.1108
0.3082
0.0231
0.8961
0.6579
0.1074
0.5501
0.2639
0.3822
0.0533
0.4909
0.5288
0.7088
0.1553
0.7358
0.1349
0.6427
0.2732
0.4524
0.0559
0.751
0.2923
0.327
0.8138
0.4816
0.654
0.4964
0.5628
0.1774
0.4679
0.0159
0.2932
0.4409
0.8309
0.7646
0.3596
0.6875
0.9807
0.9747
0.5435
0.4044
0.3836
0.3815
0.3441
0.2953
0.8462
0.5294
0.1473
0.7532
0.5951
0.4439
0.8474
0.6501
0.3505
0.7364
0.1375
0.9847
0.4469
0.4641
0.4139
0.7453
0.9961
0.1121
0.9556
0.692
0.8343
0.5042
0.1648
0.4766
0.365
0.4225
0.5308
0.5894
0.03
0.5298
0.2054
0.564
0.2542
0.9992
0.7137
0.1023
0.3525
0.085
0.9945
0.3679
0.766
0.4213
0.9601
0.0087
0.3177
0.3265
0.1066
0.539
0.7787
0.701
0.9398
0.5119
0.4245
0.2864
0.0381
0.6345
0.1359
0.3604
0.3506
0.6925
0.6397
0.214
0.287
0.816
0.7113
0.9482
0.5302
0.0055
0.1388
0.7289
0.0046
0.8564
0.228
0.7442
0.3239
0.4567
0.4909
0.2647
0.6152
0.3905
0.9212
0.8279
0.1465
0.1582
0.164
0.6266
0.0676
0.3448
0.5494
0.9884
0.3149
0.1105
0.8689
0.5353
0.9876
0.6504
0.2247
0.858
0.877
0.154
0.2589
0.7065
0.7186
0.6119
0.696
0.166
0.2533
0.9344
0.4511
0.9892
0.6483
0.0779
0.4454
0.7407
0.7077
0.0149
0.9375
0.1293
0.3139
0.5876
0.8458
0.9242
0.669
0.8546
0.6323
0.0585
0.4653
0.7289
0.3858
0.4422
0.8747
0.7661
0.6772
0.1001
0.0227
0.3104
0.7643
0.2213
0.0022
0.5111
0.2215
0.6979
0.3828
0.7545
0.4768
0.4469
0.1567
0.8102
0.9964
0.8398
0.0037
0.1596
0.8438
0.7978
0.3448
0.319
0.6768
0.2866
0.6464
0.5608
0.2773
0.8348
0.6568
0.2218
0.3452
0.7314
0.6223
0.8554
0.4753
0.2644
0.2912
0.6284
0.3915
0.5131
0.8513
0.3398
0.1282
0.1781
0.395
0.1053
0.8324
0.1209
0.4388
0.0344
0.9012
0.1395
0.7992
0.8452
0.9759
0.1199
0.7148
0.5434
0.8205
0.4716
0.3641
0.6262
0.211
0.7923
0.2801
0.5974
0.669
0.6272
0.3141
0.0818
0.2182
0.4577
0.1092
0.3116
0.8279
0.3013
0.4115
0.9796
0.3612
0.9018
0.1386
0.7017
0.2519
0.6427
0.648
0.6343
0.1457
0.319
0.7255
0.3022
0.8466
0.7035
0.1078
0.776
0.6625
0.9815
0.5827
0.5102
0.6546
0.3072
0.7881
0.9328
0.744
0.3556
0.8502
0.2566
0.494
0.0442
0.5443
0.1656
0.2215
0.3443
0.3387
0.7951
0.6648
0.5776
0.7597
0.5864
0.7443
0.412
0.2335
0.4211
0.6085
0.4783
0.0939
0.5506
0.4537
0.043
0.3013
0.248
0.3028
0.9065
0.8896
0.8504
0.2594
0.0322
0.3286
0.2643
0.2167
0.5793
0.6191
0.4361
0.1744
0.7169
0.5417
0.0717
0.8371
0.4574
0.2246
0.8113
0.1563
0.1279
0.6295
0.5567
0.5828
0.7676
0.81
0.5674
0.2315
0.4971
0.7371
0.4254
0.8516
0.3054
0.6863
0.2293
0.9888
0.4222
0.1325
0.4737
0.3593
0.3738
0.0502
0.8405
0.976
0.4055
0.0894
0.6588
0.6867
0.7295
0.6305
0.3234
0.1834
0.721
0.0728
0.792
0.4772
0.5932
0.3562
0.6323
0.7149
0.3443
0.8955
0.3324
0.2189
0.9816
0.9971
0.7718
0.3218
0.7386
0.4229
0.9293
0.4821
0.7365
0.8631
0.2313
0.9937
0.6719
0.262
0.7382
0.2087
0.853
0.4657
0.4958
0.6404
0.9109
0.4597
0.9174
0.3486
0.3153
0.012
0.3928
0.0121
0.4635
0.6872
0.6535
0.6247
0.9024
0.8847
0.2808
0.152
0.0119
0.4789
0.8529
0.2832
0.0927
0.7155
0.1323
0.1496
0.1961
0.2075
0.2711
0.7015
0.7661
0.963
0.0061
0.0368
0.4608
0.543
0.1592
0.1046
0.6983
0.409
0.7296
0.411
0.7082
0.428
0.5886
0.3412
0.6438
0.2568
0.4166
0.5357
0.2051
0.2888
0.265
0.7568
0.317
0.0202
0.6209
0.3003
0.2345
0.2099
0.3903
0.0168
0.5644
0.4008
0.725
0.7885
0.6062
0.6377
0.6047
0.9658
0.3752
0.6997
0.2913
0.1195
0.153
0.901
0.1337
0.7098
0.431
0.7728
0.1917
0.5706
0.2867
0.9592
0.0713
0.5503
0.2223
0.4748
0.1435
0.5755
0.8697
0.6182
0.2627
0.4006
0.4976
0.7159
0.2938
0.7914
0.4246
0.272
0.5805
0.5606
0.5736
0.2593
0.1289
0.0795
0.5172
0.2863
0.6107
0.3643
0.5306
0.0397
0.5079
0.7828
0.1221
0.7965
0.6878
0.8965
0.4728
0.9394
0.3072
0.348
0.5036
0.5277
0.0828
0.2695
0.6887
0.0406
0.4701
0.1922
0.2997
0.0475
0.4193
0.984
0.0191
0.4515
0.4214
0.3568
0.5514
0.5595
0.95
0.984
0.0683
0.0476
0.2868
0.8215
0.7687
0.1132
0.8806
0.7168
0.2262
0.7233
0.6437
0.2226
0.9095
0.5018
0.4611
0.3358
0.6889
0.032
0.6992
0.0112
0.8261
0.9248
0.2182
0.084
0.525
0.4049
0.2295
0.6484
0.8111
0.4374
0.9679
0.0269
0.817
0.8326
0.9999
0.6782
0.1562
0.1769
0.6629
0.3231
0.8029
0.6925
0.7557
0.2516
0.0822
0.2851
0.5985
0.9201
0.8072
0.6309
0.4068
0.9308
0.5414
0.3344
0.5544
0.9902
0.4735
0.883
0.959
0.9947
0.6567
0.5712
0.8565
0.5823
0.0256
0.2119
0.129
0.097
0.1642
0.3914
0.2446
0.2449
0.3404
0.4584
0.2727
0.6481
0.5514
0.352
0.8428
0.7944
0.7363
0.2686
0.693
0.7361
0.8064
0.1943
0.3527
0.927
0.9571
0.0038
0.8698
0.3671
0.201
0.8946
0.0033
0.2029
0.1055
0.2813
0.4318
0.5653
0.5794
0.5353
0.9795
0.0667
0.8514
0.441
0.0316
0.8661
0.4343
0.0742
0.0343
0.4954
0.0473
0.4682
0.2007
0.5243
0.9757
0.9219
0.6567
0.4868
0.5028
0.3008
0.1391
0.7415
0.4189
0.5281
0.9014
0.1719
0.2987
0.1856
0.6907
0.1843
0.9408
0.6806
0.5376
0.9798
0.528
0.8692
0.0329
0.119
0.517
0.9068
0.2681
0.1884
0.2895
0.1669
0.0515
0.4869
0.9999
0.1864
0.9404
0.679
0.9161
0.1813
0.8322
0.8401
0.4516
0.306
0.7475
0.2256
0.1406
0.0468
0.1528
0.0659
0.2613
0.6545
0.6479
0.0891
0.7301
0.8782
0.1978
0.0458
0.6143
0.2209
0.4093
0.9507
0.8608
0.625
0.4647
0.9808
0.7672
0.2707
0.3777
0.0347
0.3628
0.8892
0.6729
0.7854
0.7402
0.659
0.3718
0.2166
0.0438
0.9911
0.9155
0.8978
0.2473
0.6845
0.4132
0.659
0.5882
0.1559
0.8328
0.422
0.0776
0.7555
0.3466
0.6779
0.7969
0.042
0.3334
0.299
0.5012
0.7572
0.6543
0.9369
0.9512
0.8815
0.0166
0.5067
0.3309
0.2285
0.153
0.6539
0.4169
0.4058
0.3015
0.4309
0.4506
0.2305
0.521
0.724
0.2627
0.9204
0.1757
0.1195
0.1306
0.8077
0.833
0.8084
0.5287
0.1151
0.6819
0.2458
0.8274
0.2407
0.2184
0.8181
0.5145
0.3394
0.2722
0.0
1.0
1.0
0.0
1.0
1.0
0.0
1.0
1.0
0.0
0.0
1.0
1.0
0.0
0.0
0.0
1.0
0.0
0.0
1.0
0.0
1.0
1.0
0.0
0.0
0.0
1.0
0.0
1.0
0.0
0.0
1.0
0.0
0.0
0.0
0.0
1.0
1.0
1.0
1.0
1.0
1.0
0.0
0.0
0.0
0.0
