374.32 713.24 391.43 5563.22 1420.15 698.7
726.37 1106.93 1212.92 3921.98 2429.99 1997.29
610.77 839.02 1031.39 1581.61 1718.47 1583.39
439.96 588.8 732.98 982.71 1190.48 1103.91
1073.15 1523.16 2074.28 3048.48 3608.57 2874.74
1148.08 1615.25 2115.85 2987.55 3527.58 3030.71
156.17 180.71 205.25 249.59 286.37 268.45
152.14 186.28 193.99 587.56 322.38 268.61
758.74 1047.75 1333.07 1829.31 2211.6 2026.71
686.97 1080.4 1034.71 4624.26 2200.22 1660.02
549.78 811.44 946.12 2944.34 1897.78 1530.17
979.57 1379.49 1743.63 2826.88 3061.79 2711.19
638.3 955.44 1110.28 2964.46 1991.69 1508.19
686.83 966.51 1183.04 2216.52 2088.31 1855.13
650.37 983.36 1146.55 3733.09 2167.78 1653.2
1201.92 1682.23 2135.56 2938.66 3515.58 3242.81
777.16 1084.15 1361.45 2164.16 2338.34 2121.51
1078.58 1522.64 2004.47 2863.59 3258.67 2768.41
1027.76 1460.4 1779.35 3309.72 3117.03 2801.89
744.31 1078.35 1294.73 3351.71 2440.4 2085.68
907.42 1264.62 1613.12 2259.76 2543.98 2293.23
415.04 732.51 625.65 4565.28 1724.17 1162.81
1063.38 1505.6 1999.99 2843.66 3349.53 2833.21
1180.27 1646.71 2080.11 2857.45 3435.96 3190.3
795.78 1108.34 1404.75 2246.57 2467.6 2208.07
844.62 1230.81 1610.48 3485.63 2668.48 1951.72
927.66 1302.16 1657.83 2585.1 2888.41 2563.05
926.52 1311.81 1669.9 2790.05 2743.98 2406.91
168.14 243.69 226.81 1655.92 540.47 376.98
817.81 1166.55 1621.78 2471.54 2469.19 1738.52
581.43 878.3 969.72 4040.73 2056.3 1627.58
961.01 1381.63 2044.87 3321.31 3196.73 1952.31
427.19 646.04 770.54 2680.5 1434.66 999.13
796.67 1110.53 1432.89 2066.3 2281.16 1989.54
763.46 1085.66 1311.77 2739.92 2349.52 2071.99
1019.48 1425.44 1823.22 2698.27 3178.83 2866.5
646.16 929.66 1301.67 2064.15 1552.9 1017.53
956.6 1373.46 1838.03 3055.37 2881.85 2210.34
242.37 434.72 374.81 4263.19 1393.24 797.95
313.35 409.75 505.93 746.75 788.44 686.67
1072.44 1510.95 1954.21 2851.35 3175.64 2789.09
989.11 1411.87 1979.1 2938.04 3083.65 2335.31
433.75 728.09 797.2 4507.45 1766.15 1059.3
742.43 1113.05 1652.2 3464.44 2437.41 1352.57
491.32 659.89 814.03 1091.86 1307.4 1225.76
1022.37 1439.11 1931.19 2844.67 3234.84 2639.51
722.33 990.4 1235.53 1677.37 2020.15 1890.32
298.71 385.52 472.32 629.2 759.3 695.93
1026.47 1529.58 2249.8 3289.55 3247.23 2264.95
977.65 1372.75 1779.31 2512.4 2842.03 2521.57
818.1 1160.55 1436.38 2771.51 2615.97 2284.31
1191.98 1664.94 2117.95 2938.55 3471.23 3179.81
847.59 1200.89 1617.41 2680.8 2629.8 1995.96
381.92 651.22 572.56 4367.66 1585.77 1074.92
880.72 1291.61 1654.46 3491.66 2983.36 2332.17
221.46 442.54 284.92 4920.81 1314.52 714.73
258.57 327.99 395.23 511.71 608.62 568.24
135.7 316.22 115.45 4602.43 948.53 392.32
407.32 719.47 623.18 4482.77 1720.6 1158.72
318.98 523.41 583.58 4189.96 1514.77 880.21
1090.02 1536.37 2023.53 2862.56 3336.87 2881.48
1047.36 1471.06 1900.83 2725.56 3092.13 2735.88
780.43 1078.33 1366.9 1866.72 2282.58 2109.31
1005.25 1430.75 1989.94 2934.41 3398.96 2578.84
975.26 1407.59 1718.97 3198.72 3032.81 2643.88
1167.11 1639.79 2105.98 2932.35 3503.6 3147.53
241.68 328.79 353.24 1121.22 671.25 542.88
477.03 772.45 839.18 4411.71 1860.29 1110.27
1042.57 1484.14 2007.41 2959.17 3159.92 2474.21
849.45 1182.37 1496.53 2194.54 2534.6 2324.96
694.69 954.48 1214.26 1683.75 2073.12 1883.44
713.65 1053.02 1270.5 3207.42 2510.96 2082.02
918.86 1367.01 1982.65 3313.14 2828.28 1895.27
1092.4 1530.7 1947.88 2810.85 3308.98 3039.75
297.63 382.76 460.61 600.92 709.78 668.55
616.02 869.01 1272.37 2049.58 1960.83 1195.19
825.3 1154.43 1452.36 2321.37 2502.7 2267.88
987.49 1388.3 1768.11 2774.96 3096.11 2761.9
754.27 1091.53 1668.34 2552.1 2249.46 1315.85
259.55 461.34 350.51 4059.73 1184.91 710.48
947.41 1363.15 1823.97 3208.62 3285.4 2536.56
823.81 1140.0 1456.19 2027.62 2501.53 2270.67
894.84 1242.06 1589.28 2216.78 2737.2 2483.68
1084.96 1521.9 1995.33 2834.43 3246.2 2834.9
539.18 731.03 922.88 1269.6 1557.14 1417.07
795.23 1156.11 1521.95 3024.65 2613.05 1983.14
240.65 302.09 363.53 474.57 566.66 521.8
793.74 1116.68 1453.21 2197.56 2151.91 1814.0
473.75 637.38 795.89 1070.43 1298.86 1203.68
504.01 780.43 829.89 3450.06 1875.4 1436.34
969.36 1405.38 1883.34 3064.59 3063.14 2453.49
629.13 888.69 1068.06 2219.49 1917.91 1683.93
1180.34 1653.19 2110.22 2925.32 3496.96 3175.98
682.19 1007.26 1171.2 3077.49 2283.39 1905.72
947.0 1335.83 1675.74 2708.37 2909.87 2631.78
389.85 517.68 644.53 863.65 1037.01 950.83
905.98 1258.06 1610.15 2246.44 2774.14 2517.08
402.65 634.62 729.83 2843.79 1599.87 1013.57
1091.38 1546.79 2041.54 2884.96 3450.93 2974.59
852.11 1178.79 1494.48 2053.99 2427.59 2220.76
236.2 434.14 226.23 3921.14 890.32 390.98
958.72 1344.47 1747.68 2489.12 2778.55 2415.85
1128.36 1618.23 2183.46 3085.77 3403.08 2832.85
757.19 1073.99 1420.19 2313.24 2160.67 1678.17
244.72 391.11 363.5 2362.29 993.03 668.47
1124.47 1569.19 1969.69 2813.16 3284.22 3055.63
127.6 269.49 139.55 4119.58 876.57 390.71
418.34 557.71 692.72 926.56 1121.12 1040.05
691.46 1044.61 1302.75 3547.85 2227.42 1593.68
786.53 1143.51 1335.71 3387.22 2534.29 2116.49
894.71 1298.95 1564.12 3300.1 2850.43 2494.71
1211.62 1690.55 2128.79 2918.61 3530.61 3297.53
1008.38 1399.67 1757.47 2402.41 2902.75 2713.23
1106.8 1568.68 2056.66 2991.65 3064.61 2607.64
968.66 1386.45 1689.37 2991.71 2975.16 2665.44
837.67 1185.37 1450.88 2635.11 2529.85 2258.79
418.37 605.75 730.16 2338.13 1450.39 1090.08
912.8 1280.97 1675.27 2414.84 2693.91 2327.87
999.8 1429.59 1739.23 3213.49 3056.71 2721.79
603.66 925.88 992.52 4194.27 2163.5 1706.43
696.77 985.67 1212.06 2619.81 2200.32 1928.88
194.23 235.49 275.45 344.67 402.27 378.27
195.39 237.15 277.6 347.67 405.97 381.68
862.33 1244.86 1507.03 3385.07 2781.12 2423.97
999.12 1419.61 1895.37 2812.21 2865.66 2353.03
773.19 1166.48 1390.7 3948.22 2473.78 1851.6
542.33 830.91 1051.59 4019.76 2183.78 1444.88
96.01 234.76 116.19 4192.19 1013.82 405.51
506.4 762.14 880.05 3605.76 1950.21 1512.84
1083.02 1526.95 1986.71 2819.14 3161.87 2790.53
473.27 761.89 748.94 4467.71 1870.4 1365.09
1070.05 1526.11 2046.49 2880.09 3203.95 2696.3
863.18 1238.8 1547.75 3170.42 2775.76 2347.97
859.22 1190.88 1522.54 2121.92 2619.01 2376.86
883.55 1256.09 1720.21 2582.25 2689.05 2007.64
924.48 1357.14 1823.15 3349.7 2883.64 2193.29
1160.5 1617.31 2035.03 2787.96 3372.1 3150.84
1005.06 1404.75 1817.52 2566.81 3101.37 2751.07
1205.4 1682.25 2120.02 2907.38 3512.55 3276.67
582.96 934.38 842.2 4421.21 1885.06 1358.23
776.07 1142.07 1536.89 2968.66 2600.15 1884.07
993.43 1394.83 1821.27 2562.8 3077.75 2713.71
551.96 867.8 1088.98 3902.66 2112.39 1227.5
494.42 667.1 834.37 1124.1 1365.15 1264.71
563.58 871.13 896.86 3101.55 1878.01 1477.15
910.9 1260.19 1579.59 2155.31 2601.96 2432.78
1012.99 1445.22 2037.63 3027.58 3632.98 2672.04
933.53 1317.71 1689.23 2983.21 2810.98 2403.47
788.49 1201.12 1688.4 3626.62 3104.92 2050.81
276.61 465.01 457.34 4018.24 1399.89 905.73
988.07 1379.01 1763.69 2555.97 3062.31 2768.07
1023.96 1449.45 1961.38 2860.04 3232.83 2619.13
882.34 1294.09 1825.2 3424.77 2955.11 1970.48
922.7 1363.93 1942.17 3308.0 3374.89 2390.51
963.49 1439.25 2144.94 3156.38 2843.84 1811.71
546.24 847.07 897.68 4044.94 2023.18 1531.64
474.36 637.9 801.43 1096.98 1342.09 1222.69
342.29 678.73 319.2 5722.38 1330.06 588.73
231.04 288.41 343.99 440.25 520.34 486.97
1184.71 1667.26 2146.77 2973.08 3489.26 3146.89
1012.83 1432.45 1914.89 2760.05 3263.89 2714.15
561.45 763.48 959.18 1298.16 1580.18 1462.67
968.03 1361.43 1776.07 2485.78 2991.3 2630.14
186.9 406.87 213.19 4704.01 1120.49 532.93
1118.82 1566.44 2003.98 2760.86 3380.59 3104.67
399.48 530.6 657.61 877.6 1060.63 984.37
999.1 1436.97 2062.07 3101.96 3078.59 2187.74
831.9 1165.19 1467.44 2375.08 2584.58 2309.8
1116.16 1561.98 1992.11 2759.84 3364.4 3101.86
784.46 1134.02 1512.37 2757.47 2179.48 1630.27
861.28 1244.7 1723.46 3248.38 3196.64 2299.11
339.43 448.81 563.54 785.59 837.98 717.02
565.47 863.72 980.34 3674.47 2202.02 1682.06
1022.31 1428.04 1838.3 2632.34 3169.97 2846.25
799.85 1120.85 1503.61 2133.39 2360.0 1961.69
317.22 559.17 487.53 4541.76 1505.6 847.72
996.71 1427.12 2067.85 3295.05 3247.85 2114.48
912.72 1353.26 1516.95 3693.31 2825.83 2441.56
839.6 1182.72 1578.9 2295.45 2496.77 2010.72
322.14 557.65 518.4 4314.94 1581.98 997.0
520.99 715.77 930.71 1281.52 1415.65 1212.95
928.37 1321.16 1966.88 3187.01 2691.13 1631.3
129.81 199.72 157.43 2174.05 578.56 325.12
1007.74 1513.28 2262.0 3327.02 3218.58 2160.53
1107.63 1565.17 2095.05 3051.13 3590.85 2929.6
668.72 913.7 1137.71 1541.49 1854.75 1736.1
984.77 1375.51 1778.97 2522.41 3040.79 2708.56
619.92 858.22 1067.03 1774.41 1823.97 1652.39
1168.14 1628.79 2051.43 2811.89 3396.08 3168.75
360.67 474.54 588.41 794.2 964.87 881.73
606.27 888.96 1056.31 3545.29 2201.7 1771.59
1042.16 1458.38 1855.97 2650.06 3145.05 2887.83
659.43 904.35 1141.6 1552.54 1894.44 1751.98
967.77 1350.89 1750.14 2452.37 2876.09 2565.14
984.73 1462.3 2165.37 3171.48 2971.13 1956.52
333.14 472.37 552.24 1613.67 1011.2 788.15
1070.99 1496.37 1871.2 2722.82 3132.69 2905.44
555.22 751.3 930.61 1253.8 1504.54 1409.57
842.78 1181.37 1437.22 2385.3 2430.13 2219.77
1001.87 1417.89 1936.57 2806.13 3084.82 2486.47
280.91 474.81 509.85 2956.07 1285.26 751.67
782.1 1102.57 1375.12 2547.02 2427.27 2168.11
719.11 1075.27 1177.95 3889.01 2326.69 1868.03
273.35 348.02 416.29 539.37 634.85 598.68
1027.84 1504.43 2140.82 3094.79 3021.76 2196.79
857.88 1194.15 1546.15 2186.3 2612.72 2296.87
355.62 693.13 371.87 5626.63 1360.87 584.37
474.76 636.19 783.81 1049.88 1256.3 1178.12
506.78 806.45 766.6 3220.08 1692.88 1302.16
910.19 1264.11 1618.03 2257.65 2788.11 2529.71
944.24 1332.12 1675.89 2858.16 2985.55 2653.26
923.45 1339.48 1867.07 3351.59 2984.51 2111.93
747.2 1098.64 1318.04 3497.75 2467.56 1974.63
1021.89 1455.33 1869.34 3217.63 3297.8 2766.67
530.97 887.52 736.53 4883.2 1844.84 1220.4
643.09 1039.47 992.75 4202.6 2217.87 1704.98
757.42 1112.87 1301.91 3668.42 2530.26 2116.98
831.61 1205.21 1417.07 3516.49 2617.7 2271.24
763.94 1055.24 1336.13 1842.85 2232.97 2061.6
1102.71 1547.46 1995.63 2797.23 3271.7 2931.71
884.23 1226.82 1569.41 2188.54 2702.01 2451.88
652.06 962.3 1127.79 3600.56 2203.45 1843.81
601.29 965.76 891.45 4577.92 2035.49 1454.6
1045.81 1459.58 1872.29 2637.53 3241.96 2937.92
1097.09 1544.94 2015.28 2822.96 3386.48 2982.64
836.29 1204.7 1454.31 3223.53 2661.6 2295.96
474.7 753.31 787.51 4134.83 1907.85 1381.84
795.49 1137.14 1403.63 3056.37 2568.03 2245.44
742.4 1144.85 1150.23 4444.2 2340.7 1833.04
1012.34 1445.72 1984.01 2912.23 3352.88 2630.01
1109.84 1557.49 2008.99 2787.61 3382.34 3051.83
569.15 889.69 1040.92 3747.97 1986.88 1370.85
214.89 265.07 315.26 405.96 481.18 444.54
1096.73 1527.81 1927.85 2650.23 3180.16 2946.81
922.14 1318.55 1801.54 3300.24 2819.44 2104.88
779.12 1189.91 1279.73 3789.42 2547.23 2106.32
729.39 1146.37 1142.04 4167.92 2393.87 1916.32
800.8 1110.36 1434.32 2013.2 2428.54 2158.7
466.84 681.36 855.17 2284.96 1604.88 1166.23
404.26 609.76 669.0 2792.55 1478.31 1124.5
767.13 1111.14 1351.86 3260.36 2606.41 2192.49
600.13 840.84 1034.8 2033.39 1847.27 1625.82
1105.59 1549.99 2007.7 2788.45 3329.01 2990.51
340.14 642.43 484.36 4720.04 1554.36 962.05
1029.28 1451.6 1879.62 2940.58 3186.39 2771.55
712.55 1083.97 1123.25 4336.93 2275.79 1784.32
1180.83 1651.63 2072.56 2968.08 3465.44 3219.53
499.82 767.69 828.85 4000.32 1796.5 1407.74
861.76 1245.61 1503.88 3288.06 2752.68 2404.93
859.41 1240.05 1674.55 2885.04 2376.03 1783.15
990.13 1373.56 1724.17 2356.15 2846.45 2660.74
696.32 956.82 1217.32 1688.1 2078.54 1888.34
1183.65 1650.43 2077.27 2846.64 3443.52 3217.43
809.98 1172.87 1389.91 3633.98 2590.81 2233.39
974.84 1372.25 1735.31 2837.8 3076.25 2746.33
1023.4 1438.96 1911.27 2727.36 3159.59 2693.32
417.56 684.97 702.21 4081.64 1871.55 1288.97
645.19 945.42 1122.65 3611.48 2269.15 1862.61
844.14 1190.49 1492.75 2565.3 2678.86 2367.79
819.81 1190.2 1815.04 2943.84 3301.07 1993.31
506.44 702.41 1012.6 1498.15 1408.11 938.05
564.31 883.25 956.22 3933.25 2186.63 1667.67
1036.1 1472.66 1976.09 2965.52 2895.61 2264.42
394.06 522.52 650.97 883.13 1075.66 981.87
451.43 723.3 766.91 3998.96 1805.82 1206.24
397.73 699.41 497.86 5164.98 1495.86 843.81
825.83 1170.59 1591.5 2312.94 2612.32 2051.17
337.9 592.18 482.06 4645.36 1584.34 958.31
643.8 981.63 1122.42 3616.14 2316.47 1863.9
1022.99 1454.93 2118.41 3174.57 3020.04 2050.43
248.4 313.22 378.05 495.2 592.36 545.03
745.91 1131.22 1307.44 4028.71 2425.43 1836.44
558.05 758.15 958.25 1319.87 1619.77 1473.68
1014.02 1440.53 2015.76 3095.85 2729.34 1973.16
560.23 761.72 956.9 1294.97 1576.25 1459.05
791.68 1120.68 1390.07 2539.64 2472.18 2193.74
609.79 921.45 1052.24 3751.81 2227.6 1759.63
354.54 520.23 569.03 2123.95 1213.64 941.61
1049.08 1484.81 2024.83 3018.32 3296.15 2582.09
999.98 1462.93 2098.7 3044.97 3036.75 2188.39
825.11 1142.57 1450.08 1982.73 2425.89 2241.24
1092.61 1541.4 2044.48 2927.5 3513.58 2972.45
990.79 1429.64 2065.04 3153.06 3208.41 2198.95
808.6 1118.15 1427.7 1987.12 2451.07 2225.06
1020.73 1465.84 2011.32 2947.34 3454.62 2738.85
649.35 968.58 1104.18 3655.35 2290.35 1832.27
1076.61 1497.29 1881.97 2575.35 3113.27 2909.52
104.82 261.51 153.95 3306.67 928.86 421.71
256.07 324.25 392.42 515.64 617.82 568.04
878.53 1228.47 1597.45 2273.5 2542.54 2167.51
912.82 1267.9 1622.97 2264.68 2796.86 2537.61
1007.55 1402.16 1764.36 2481.91 2927.46 2706.01
874.4 1207.98 1513.01 2062.82 2489.37 2327.8
459.64 693.04 780.44 2934.62 1741.5 1328.17
976.17 1398.57 1695.49 3342.65 3035.7 2697.04
1198.21 1676.7 2122.6 2946.83 3505.58 3239.49
287.61 521.85 462.29 4327.45 1593.82 951.65
193.78 370.94 270.16 4465.19 1051.17 595.05
998.81 1408.33 1820.71 2788.53 3036.62 2643.72
1155.23 1619.95 2051.59 3011.37 3392.22 3084.21
1059.45 1483.91 1916.32 2668.91 3248.9 2914.99
415.52 553.36 691.19 940.29 1146.87 1046.24
1005.38 1405.99 1797.92 2632.48 3119.02 2809.3
1005.26 1418.46 1794.62 2916.03 3093.66 2782.93
1058.87 1507.95 2007.63 2969.52 3124.2 2533.63
1068.4 1508.92 1985.57 2883.92 3077.96 2587.97
886.31 1244.09 1598.51 2562.17 2797.86 2444.67
390.16 516.91 643.66 872.73 1062.71 970.17
1036.13 1453.12 1891.81 2712.64 3129.66 2723.66
1106.77 1552.55 2008.3 2791.26 3388.39 3036.73
1018.91 1421.24 1821.86 2578.31 3155.1 2858.03
763.02 1125.55 1304.3 3528.23 2543.07 2138.18
466.54 757.33 705.0 3269.54 1559.19 1113.35
1025.02 1450.94 1988.24 2975.14 2868.47 2236.2
622.83 961.69 957.96 4327.77 2043.75 1530.87
152.05 357.54 150.64 5126.15 1150.39 526.48
324.02 576.85 472.69 4402.1 1461.77 932.0
1170.49 1642.51 2128.62 2981.61 3591.0 3151.08
326.74 524.9 537.29 4081.32 1531.91 1026.93
514.1 693.07 858.72 1157.75 1379.33 1284.26
173.82 206.13 237.44 291.66 336.77 317.98
681.96 1092.84 1045.03 4290.74 2282.09 1780.41
305.81 541.49 498.2 4234.21 1639.33 1003.09
1034.07 1480.11 2092.39 3110.71 3521.48 2552.11
1191.92 1662.27 2092.36 2867.61 3469.05 3241.24
1057.75 1502.69 2016.5 2890.56 3371.94 2788.23
573.94 781.44 982.44 1330.59 1620.24 1499.55
330.49 580.45 491.39 4688.75 1560.06 1003.17
964.09 1397.23 2004.96 3410.46 3633.85 2464.15
871.81 1215.75 1578.0 2256.31 2596.42 2259.64
510.78 690.62 864.83 1166.58 1417.63 1313.02
658.25 967.49 1287.97 2927.61 2227.17 1544.8
994.96 1451.7 1996.53 3237.38 3013.52 2287.53
745.49 1029.14 1319.39 1841.92 2246.81 2016.56
726.34 1105.4 1555.07 3433.95 2694.86 1703.57
204.04 428.4 239.02 4678.21 1168.91 598.31
748.22 1027.44 1282.77 1742.99 2100.03 1964.79
599.67 954.56 973.92 4183.77 2142.75 1657.69
267.72 465.88 412.13 4296.83 1243.27 801.97
1047.0 1487.67 2038.98 2960.35 3444.62 2707.98
1147.44 1615.93 2084.6 2963.39 3244.75 2874.68
250.47 431.49 391.89 3336.65 1276.56 777.34
987.77 1418.38 1961.91 3087.65 2622.69 1780.17
1071.27 1540.76 2101.84 2978.24 3305.09 2719.67
372.91 593.4 600.89 4409.2 1634.16 1132.39
540.06 822.25 813.13 3216.31 1648.31 1281.23
965.58 1373.84 1704.2 3131.97 3018.18 2699.81
473.6 730.24 893.12 4065.52 1886.53 1228.63
611.99 899.39 1000.51 3055.83 1956.91 1582.7
869.68 1261.93 1652.84 3216.35 2968.89 2375.95
362.24 538.38 532.24 2317.3 1098.98 825.92
988.87 1428.49 2071.02 3169.94 3207.0 2174.74
1019.35 1427.18 1869.08 2652.29 3036.62 2652.7
1120.59 1564.16 1975.82 2784.39 3263.05 3008.53
913.48 1265.97 1601.67 2208.78 2615.58 2404.27
652.32 971.97 1103.7 3661.32 2163.57 1740.22
1011.71 1488.09 2141.85 3110.22 2977.18 2100.29
179.65 369.01 190.6 4317.94 1074.83 473.1
935.05 1312.18 1666.3 2447.69 2789.0 2510.39
677.95 1031.47 1173.91 3856.65 2397.67 1887.08
778.94 1176.91 1630.3 3707.79 2916.23 1844.8
223.03 328.03 283.24 1707.99 635.39 426.56
1010.7 1424.14 1796.14 2981.8 3120.4 2824.8
245.88 309.75 371.62 478.78 567.93 530.78
862.47 1196.29 1519.65 2079.74 2545.74 2351.58
1029.2 1474.35 2091.39 3115.97 3521.22 2531.68
719.09 1040.19 1277.0 3182.7 2477.09 2054.11
902.23 1262.72 1582.17 2454.67 2639.12 2397.22
900.58 1326.74 1514.95 3502.85 2766.21 2384.54
912.95 1268.86 1613.63 2210.8 2707.65 2500.63
177.99 330.67 249.33 3421.67 1009.84 536.95
124.42 135.11 145.46 163.4 178.32 172.11
258.23 612.78 182.06 5356.91 1288.16 571.39
1012.55 1517.47 2258.86 3317.39 3225.94 2187.37
675.62 1008.91 1178.67 3593.5 2423.09 1958.85
934.33 1362.82 1749.4 3501.6 3119.07 2483.74
983.14 1370.45 1755.96 2485.64 3036.16 2746.75
281.02 359.36 430.19 566.2 659.83 621.06
333.09 433.5 525.31 690.8 819.18 770.55
830.9 1219.61 1398.09 3719.25 2621.28 2204.03
163.71 191.55 219.38 269.68 311.4 291.07
142.33 307.1 188.36 4465.5 1162.99 531.51
718.66 1096.88 1472.88 3830.45 2733.02 1726.87
1043.04 1462.71 1900.41 2670.8 3219.74 2859.64
1172.67 1641.24 2106.5 2953.74 3371.73 3035.58
206.66 344.44 291.31 3155.38 934.96 565.91
290.65 374.12 454.97 595.02 711.54 662.99
588.58 802.02 1015.45 1401.18 1721.07 1565.24
1062.65 1502.47 1983.88 2898.43 3045.53 2530.42
963.66 1386.98 1799.22 3325.88 2876.47 2281.72
688.87 946.69 1196.43 1629.0 1988.9 1838.94
914.44 1345.94 1854.45 3251.1 2823.07 2083.22
975.46 1360.86 1770.55 2516.06 2989.57 2633.96
906.69 1263.29 1620.04 2243.32 2691.91 2433.71
800.79 1165.86 1359.39 3564.93 2543.71 2187.97
557.47 783.88 1128.47 1692.79 1879.02 1263.34
980.08 1401.34 2116.01 3232.69 2904.05 1767.0
888.86 1275.11 1738.98 2651.24 2354.97 1789.05
1041.82 1447.52 1818.49 2487.17 3005.93 2809.44
596.0 856.74 1000.43 2788.58 1878.12 1601.92
464.32 656.57 877.58 2006.04 1420.99 1007.14
862.93 1208.55 1587.49 2315.33 2514.16 2105.94
1074.06 1557.81 2167.65 3198.13 3653.19 2792.12
1036.67 1498.44 2197.18 3459.1 3937.1 2623.16
518.87 809.49 867.88 4061.96 2005.09 1496.69
1171.17 1639.9 2051.52 3005.19 3439.26 3188.84
562.98 847.28 1013.55 3648.86 2071.65 1605.13
751.73 1047.69 1413.37 2029.85 2250.96 1835.25
804.24 1175.98 1390.59 3567.16 2673.41 2259.38
443.75 721.94 707.68 4411.12 1820.1 1305.75
948.1 1351.24 1669.94 3067.5 2952.73 2639.51
971.08 1381.43 1955.83 3036.23 2640.73 1851.8
426.5 579.63 797.91 1147.42 1139.7 841.39
347.03 453.44 550.74 726.13 862.19 810.65
185.88 347.69 290.44 4181.11 1182.61 666.01
1052.35 1504.5 2127.55 3161.25 3761.77 2730.05
594.85 910.71 996.24 4040.73 2167.02 1709.41
836.93 1182.34 1473.02 2601.45 2567.61 2285.08
917.43 1336.78 2045.34 3132.87 2785.75 1650.93
406.86 611.91 651.06 2596.55 1378.17 1084.05
570.48 899.98 995.46 4319.11 1910.16 1156.03
1070.83 1503.7 1926.86 2858.77 3253.59 2937.8
1194.09 1668.25 2097.72 2946.42 3492.0 3249.63
1000.39 1395.37 1781.69 2449.83 2997.3 2753.23
1043.49 1477.69 1944.97 2823.91 3089.19 2598.9
1126.33 1590.59 2089.59 3005.72 3328.12 2790.78
1151.17 1607.27 2032.02 2804.13 3326.68 3078.44
1130.22 1573.99 1979.78 2711.22 3278.67 3063.74
870.28 1259.6 1530.45 3283.46 2839.78 2463.15
821.7 1220.11 1709.66 3301.04 2628.59 1840.95
1128.65 1593.32 2090.66 3003.35 3333.63 2804.58
767.63 1055.22 1318.19 1792.19 2159.93 2020.64
843.52 1193.64 1485.1 2748.48 2684.38 2356.88
242.81 425.94 385.94 3990.42 1351.16 793.13
1032.32 1461.73 1878.59 2941.15 3230.55 2835.36
730.84 1006.42 1282.0 1780.03 2193.07 1991.86
1040.28 1455.96 1881.97 2675.5 3250.65 2897.33
654.06 1051.29 1179.68 4429.35 2135.24 1322.7
617.31 854.35 1150.64 1707.96 1818.77 1406.34
300.37 387.9 475.43 633.61 764.8 700.89
1014.3 1431.51 1984.21 2997.98 2993.7 2285.77
712.65 1085.57 1514.21 3689.85 2764.36 1715.15
860.54 1193.5 1516.04 2074.71 2539.53 2345.86
616.55 910.44 1077.61 3538.72 2189.24 1792.49
817.02 1142.34 1564.01 2268.97 2444.28 1934.36
414.11 605.61 618.66 2109.81 1184.74 952.24
1050.7 1466.92 1870.11 2568.47 3149.51 2907.41
420.43 566.6 686.49 1164.67 1140.44 1041.75
870.94 1213.47 1545.47 2321.06 2695.84 2425.01
986.48 1471.64 2185.13 3359.48 3719.88 2477.23
447.64 767.4 701.01 4384.95 1814.05 1269.22
1073.89 1542.19 2096.54 2966.28 3308.77 2740.48
797.84 1149.24 1374.75 3654.29 2594.75 2229.59
449.41 714.24 845.78 4047.51 1638.32 887.88
832.3 1152.9 1463.47 2001.39 2448.95 2262.47
718.25 1036.67 1286.05 2845.87 2238.91 1815.89
1099.39 1539.89 1992.52 2786.37 3298.88 2961.44
233.54 440.69 302.49 4421.98 1188.78 662.28
1008.65 1413.69 1803.23 2719.13 3162.4 2840.88
711.75 1025.77 1196.82 2845.64 2181.14 1869.98
222.78 276.42 330.06 426.99 507.38 468.22
407.55 540.03 661.17 879.52 1048.92 984.76
1116.25 1561.17 1992.15 2738.66 3359.76 3100.97
388.43 572.47 578.86 2101.0 1138.73 894.86
1173.12 1645.79 2102.26 2945.54 3358.61 3043.46
924.83 1291.86 1670.33 2395.22 2761.03 2456.8
877.4 1246.52 1771.8 2764.32 2809.6 1939.79
346.79 598.62 505.73 4566.34 1542.8 969.23
693.76 953.72 1205.53 1641.69 2004.58 1853.38
933.74 1352.13 1713.59 3295.81 2874.63 2372.47
492.77 715.17 871.49 2201.39 1520.25 1113.13
453.82 608.39 762.95 1042.29 1273.95 1161.1
411.96 548.54 680.84 909.99 1100.65 1021.21
577.2 782.75 970.71 1309.51 1572.36 1472.8
831.16 1261.21 1350.15 3904.47 2633.65 2207.88
1000.47 1426.8 2117.15 3205.08 2959.16 1901.65
495.62 724.27 838.18 2305.99 1624.34 1352.46
1029.46 1458.24 1940.18 2750.31 3156.88 2685.52
622.54 851.3 1072.91 1456.75 1776.1 1643.04
689.14 1072.66 1280.65 4285.41 2211.64 1318.5
666.7 929.92 1240.13 1782.02 2051.5 1688.22
1042.38 1458.15 1855.37 2645.6 3143.17 2890.71
789.0 1115.78 1554.85 2287.73 2596.07 1920.87
310.38 517.0 392.44 3592.27 1112.46 645.75
1004.32 1458.1 2084.56 3133.78 3451.78 2454.45
778.32 1146.49 1357.86 3478.75 2643.48 2224.06
407.1 558.11 745.95 1060.8 1217.54 965.82
1044.61 1476.03 1902.7 2962.01 3298.03 2878.28
756.24 1124.37 1222.37 3896.14 2351.87 1926.0
444.01 602.82 755.24 1172.12 1231.17 1077.55
1013.81 1445.08 1901.52 2937.47 2782.06 2293.91
1011.68 1430.17 2018.41 3119.17 2932.82 2106.11
1093.34 1531.81 1949.94 2801.03 3310.71 3042.19
1155.47 1628.91 2150.98 3092.8 3661.93 3081.1
498.08 672.37 841.19 1133.61 1376.91 1275.53
1211.86 1690.85 2128.97 2918.64 3531.0 3298.51
673.62 980.36 1426.17 2068.74 1963.54 1328.92
552.0 767.49 926.45 1756.84 1616.34 1440.87
763.89 1122.37 1424.0 3366.34 2670.76 2033.48
851.31 1239.19 1452.68 3548.2 2685.74 2332.58
994.84 1416.48 1738.8 3172.09 3047.21 2718.82
1025.63 1466.03 2008.8 3004.13 3113.47 2335.8
1042.75 1480.24 1983.62 2854.55 3275.6 2678.18
472.82 729.57 858.32 3695.56 1949.35 1341.29
981.02 1417.25 2081.47 3168.02 3518.64 2329.46
845.83 1191.82 1577.57 2327.1 2510.31 2053.73
527.32 757.89 883.15 2255.12 1651.45 1409.78
679.57 1032.93 1344.52 3869.03 2352.08 1502.55
1071.42 1489.87 1872.5 2562.19 3097.26 2894.59
762.0 1064.75 1340.86 2219.96 2372.01 2108.98
949.33 1372.09 1922.72 3167.62 2467.09 1528.17
884.68 1260.4 1589.1 2934.48 2879.1 2487.55
1030.86 1438.39 1833.16 2516.95 3085.85 2848.81
1015.22 1439.7 1760.71 3227.84 3058.55 2767.33
1105.7 1548.43 1998.59 2786.41 3320.34 2996.13
439.72 588.12 736.53 1004.73 1227.16 1118.8
488.3 655.56 808.5 1084.19 1298.07 1217.05
933.71 1313.37 1728.12 2451.89 2846.87 2410.85
984.03 1443.28 2073.32 3016.5 2946.42 2102.52
1003.37 1421.32 1966.38 2992.22 3223.04 2426.78
805.86 1141.23 1357.58 2565.5 2342.29 2101.98
1032.4 1486.64 2023.22 3159.58 3288.96 2535.5
321.97 571.6 466.28 4785.0 1530.28 969.0
378.84 498.95 608.78 806.75 960.33 902.16
320.24 427.5 587.42 925.27 719.23 474.69
443.81 594.33 740.14 992.69 1202.82 1115.27
341.73 598.88 506.66 4365.4 1504.3 980.52
328.25 587.49 561.56 4003.32 1643.39 1072.6
1025.62 1443.25 1887.37 2717.31 3066.88 2663.43
1070.0 1507.48 2039.93 2918.97 3206.52 2636.25
1021.86 1486.48 2089.52 3002.2 3042.16 2300.26
385.81 510.66 635.52 861.15 1048.28 957.12
641.04 972.91 1134.71 3465.72 2332.6 1885.5
686.39 1021.86 1150.11 2984.67 2227.41 1844.73
949.45 1323.25 1719.24 2439.56 2904.59 2563.82
550.99 748.92 952.87 1307.6 1500.97 1339.34
158.19 311.38 213.59 4743.78 1155.86 583.51
177.24 281.4 182.25 2105.56 549.29 279.35
232.88 410.32 375.31 4137.84 1287.39 786.63
909.73 1270.81 1643.99 2421.13 2802.3 2468.12
1057.73 1495.21 1979.0 2869.79 3124.13 2560.8
901.57 1287.31 1640.81 3122.51 2961.75 2504.26
325.16 527.79 546.65 3931.09 1516.17 1034.0
957.49 1333.48 1709.82 2417.31 2955.62 2669.71
627.8 855.15 1063.04 1437.76 1728.48 1618.36
1023.19 1456.87 1781.93 3258.08 3134.46 2817.06
680.37 947.51 1288.83 1929.47 2099.0 1617.37
999.45 1415.92 1887.16 2926.37 3346.09 2712.36
911.02 1267.48 1641.21 2306.4 2784.65 2475.54
1158.21 1615.43 2033.62 2817.41 3371.83 3141.3
997.96 1427.54 1915.68 3201.35 3401.83 2676.98
1191.34 1670.07 2130.33 2938.28 3473.86 3175.33
1030.21 1480.25 2010.69 3070.34 3008.49 2265.42
155.05 188.25 193.53 400.27 292.74 258.74
842.24 1165.46 1488.82 2077.17 2392.83 2151.84
699.39 1020.46 1195.45 3829.19 2372.19 1975.38
1014.41 1498.0 2186.06 3181.8 3032.97 2075.51
339.7 444.64 546.29 722.37 868.86 807.82
959.65 1335.18 1710.71 2389.39 2952.23 2678.05
994.87 1426.39 1906.51 3191.37 2732.21 2016.47
1172.19 1645.14 2086.27 2996.14 3486.7 3177.24
624.19 887.62 1227.86 1743.88 1773.16 1357.67
490.02 660.78 826.19 1112.69 1351.06 1251.74
949.31 1336.55 1692.35 2833.61 3020.26 2680.83
886.04 1307.86 1922.21 2801.56 2640.92 1767.0
461.63 631.98 772.46 1312.1 1322.07 1188.33
559.89 757.99 939.13 1265.64 1518.95 1423.0
410.63 693.78 551.22 4696.25 1534.83 922.07
458.51 720.57 721.3 3884.46 1685.51 1253.89
813.17 1171.63 1430.65 3295.14 2678.5 2301.97
862.38 1222.46 1628.99 2403.15 2368.22 1939.19
494.78 664.84 820.34 1100.63 1318.08 1235.72
614.57 850.97 1134.63 1600.69 1762.09 1463.5
482.97 843.14 609.52 5287.05 1683.13 1023.19
1140.45 1618.51 2133.59 2986.99 3333.14 2870.75
795.19 1134.37 1635.23 2540.15 2925.81 2020.18
1010.06 1448.6 2074.95 3073.03 3017.69 2158.63
900.46 1282.7 1729.87 2605.02 2500.25 1979.59
184.19 220.96 257.74 324.2 379.32 352.47
417.24 555.83 694.42 944.87 1152.58 1051.4
1063.52 1502.8 1984.22 2823.88 3278.8 2768.53
1023.76 1473.59 2020.54 3446.05 3596.98 2638.65
197.67 377.95 306.18 4455.55 1121.53 595.39
883.3 1225.48 1567.66 2186.05 2698.91 2449.07
379.08 548.19 595.39 1982.33 1164.77 957.06
1028.97 1442.36 1834.89 2702.44 3199.83 2885.84
699.74 1051.08 1473.18 3497.76 2563.71 1654.89
385.06 720.11 414.32 5407.27 1416.11 725.91
601.18 908.5 1013.59 3558.66 2129.18 1699.95
456.68 612.49 768.31 1049.9 1283.43 1169.67
318.32 548.38 464.74 4262.35 1397.63 896.59
1072.46 1498.22 1910.63 2624.98 3219.32 2971.68
1176.65 1643.22 2065.12 2915.63 3439.71 3204.16
933.12 1297.87 1651.2 2263.19 2772.36 2560.21
993.3 1421.6 2019.31 3015.71 3438.21 2479.98
573.83 786.47 964.84 1525.6 1609.42 1477.95
233.28 290.69 343.19 437.82 511.23 483.43
766.77 1084.05 1562.62 2319.4 2235.07 1541.71
986.4 1466.82 2165.29 3319.41 3692.2 2492.45
1076.46 1508.19 1938.05 2693.32 3264.55 2963.57
550.61 916.63 769.12 4927.47 1877.13 1264.56
1016.52 1468.35 2015.64 3050.96 3087.0 2438.07
1192.78 1665.76 2110.9 2916.95 3491.2 3214.82
272.78 521.83 411.27 4503.54 1569.42 913.04
1095.88 1540.85 1991.55 2796.07 3234.03 2900.39
942.04 1309.88 1677.72 2342.49 2893.81 2625.24
634.85 961.29 1069.35 3707.4 2199.17 1781.06
1165.97 1631.83 2045.56 2966.39 3428.16 3179.63
1000.72 1414.14 1982.07 3029.42 2945.17 2180.23
660.53 905.93 1143.65 1555.4 1897.98 1755.24
390.66 560.1 743.44 1905.66 1457.63 959.35
825.38 1154.2 1580.64 2371.83 2446.02 1907.57
445.3 820.73 575.47 4803.36 1738.98 1121.43
818.47 1187.99 1363.51 3420.49 2475.39 2112.11
999.98 1437.18 1955.47 2968.15 2695.84 2081.01
992.35 1421.87 2029.02 2992.34 3002.6 2189.72
966.28 1394.56 1957.15 3147.97 2495.94 1553.87
552.59 874.94 821.6 4491.54 1861.72 1311.24
868.65 1200.26 1505.61 2055.46 2474.62 2306.75
419.44 629.14 759.89 2419.59 1440.91 999.25
1124.7 1615.04 2185.84 3093.1 3397.47 2812.42
877.69 1243.17 1549.49 2845.89 2751.89 2448.42
591.44 899.97 981.04 3850.53 2164.36 1664.21
848.13 1238.35 1761.42 2604.69 2495.64 1797.52
1046.89 1463.41 1888.59 2653.3 3260.33 2922.67
609.82 829.42 1030.23 1392.19 1673.0 1566.64
1049.67 1464.64 1879.33 2631.45 3251.17 2947.86
1058.61 1491.28 2044.32 3072.15 3072.97 2385.6
1001.36 1429.04 1775.75 3281.2 3122.07 2714.86
657.6 935.18 1280.56 1974.71 1683.18 1228.27
511.38 688.59 850.62 1142.7 1369.29 1283.46
157.32 182.01 204.59 245.28 276.85 264.9
219.81 517.11 140.48 4569.06 1066.68 456.63
1112.82 1556.82 1988.12 2741.5 3351.09 3086.94
585.55 877.62 1083.26 3375.06 2095.19 1546.95
1126.67 1591.78 2070.32 2977.83 3152.68 2738.2
241.33 422.04 384.62 4174.1 1298.01 800.07
1025.44 1464.25 1753.32 3448.34 3062.13 2733.21
1024.02 1465.36 2078.69 3062.34 3053.18 2237.49
499.83 674.49 849.15 1164.8 1426.59 1299.06
1000.87 1398.1 1755.08 2591.6 2930.24 2689.64
1029.89 1518.09 2185.77 3167.38 3246.9 2390.65
945.33 1351.22 1700.32 3088.85 2989.0 2610.41
454.27 736.31 808.96 4308.62 1773.92 1056.87
1044.92 1461.58 1859.52 2639.82 3149.66 2896.5
588.61 818.37 1080.7 1525.04 1794.04 1503.58
138.47 155.27 172.08 202.45 227.63 215.37
1197.26 1674.05 2127.49 2940.39 3510.08 3219.5
1018.6 1425.72 1821.37 2699.98 3180.33 2865.02
467.03 711.75 793.71 3914.52 1851.25 1392.28
632.22 879.86 1074.04 1985.96 1862.74 1672.24
676.74 999.02 1156.49 3709.19 2343.54 1911.97
977.56 1355.57 1701.23 2324.28 2807.64 2624.56
1175.92 1648.24 2121.58 2957.47 3529.07 3147.56
885.8 1247.42 1581.19 2496.04 2599.65 2257.94
462.81 621.66 775.52 1042.04 1263.78 1171.38
332.16 586.97 488.31 4385.23 1481.32 954.3
1113.14 1560.06 2001.61 2789.06 3390.27 3082.07
1042.94 1494.48 2056.9 3007.08 3426.37 2673.1
982.63 1434.25 2015.77 3237.72 2816.38 1820.09
1149.66 1630.12 2147.08 3001.71 3373.89 2912.88
1029.82 1452.95 1943.07 2808.28 3237.14 2693.36
332.44 433.98 535.52 719.02 871.21 797.07
532.6 806.98 1016.16 3657.55 1980.96 1289.53
114.74 121.17 127.61 139.24 148.89 144.19
1103.25 1547.37 1985.59 2814.65 3323.06 3009.22
588.49 863.49 996.06 3047.29 1993.49 1634.17
994.13 1410.3 1945.68 2834.48 3057.91 2412.03
373.81 564.29 612.26 2668.94 1371.24 1031.65
607.71 921.73 1105.22 3540.44 2127.59 1554.59
882.81 1225.52 1557.5 2132.53 2610.96 2411.61
990.34 1409.11 1990.53 3093.47 3214.95 2280.79
1030.12 1443.6 1837.37 2698.46 3202.7 2889.31
1097.94 1558.35 1891.27 3289.07 3241.89 2942.93
280.0 362.23 466.85 638.9 667.53 543.42
972.93 1419.88 1957.93 3365.44 3296.23 2369.29
1062.05 1539.09 2138.62 3062.04 3116.37 2401.56
528.03 712.4 881.0 1184.89 1420.65 1331.35
1020.84 1456.84 2027.05 2979.7 3140.51 2423.7
518.57 701.83 879.34 1186.82 1442.63 1336.04
509.24 810.7 811.28 4145.39 1884.13 1416.05
1063.05 1504.97 2120.66 3120.29 3128.34 2315.06
1017.11 1439.96 1930.09 2832.97 3135.0 2525.5
1019.66 1429.8 1861.97 2727.25 3167.0 2772.45
592.69 879.34 1033.94 3575.98 2133.16 1729.93
1078.45 1523.8 2042.56 2916.58 3531.34 2917.1
1052.55 1518.97 2094.69 3060.62 3550.49 2790.47
1011.57 1443.28 1868.1 3243.41 3225.13 2655.57
983.92 1462.27 2168.94 3178.25 2967.62 1944.1
292.72 436.53 442.49 2206.6 1003.35 744.92
662.06 908.14 1146.51 1559.38 1902.9 1759.77
990.03 1471.26 2179.88 3189.53 2978.0 1957.3
920.11 1309.97 1624.07 3165.62 2892.93 2571.0
535.05 722.45 893.81 1202.69 1442.32 1351.55
856.36 1187.49 1508.26 2063.86 2526.12 2333.51
910.96 1290.34 1611.87 2930.33 2901.48 2559.42
854.54 1243.59 1450.61 3677.55 2727.82 2334.5
941.14 1357.84 2079.2 3187.93 2838.36 1662.46
539.85 845.93 915.97 3859.73 2147.61 1612.66
1048.15 1470.57 1857.98 2720.47 3155.7 2892.66
488.6 795.54 691.17 4648.83 1704.91 1128.04
1148.89 1624.63 2096.73 3021.35 3416.12 3039.66
1164.06 1629.21 2062.12 2950.79 3413.43 3134.97
188.75 228.05 266.39 351.67 397.94 367.35
907.65 1261.24 1603.76 2197.04 2690.65 2484.98
1067.81 1506.39 2004.37 2833.11 3219.79 2749.17
704.23 979.0 1278.07 1790.57 2097.74 1816.02
332.36 586.0 579.58 3861.99 1670.92 1099.22
1068.12 1514.65 2088.13 3170.15 3341.78 2507.39
567.62 889.28 1017.98 3858.28 2278.32 1649.98
653.5 891.92 1109.93 1502.91 1807.78 1692.3
818.06 1169.12 1447.74 3099.02 2718.2 2331.26
593.17 808.61 1024.05 1413.39 1736.29 1579.0
1197.6 1678.47 2138.37 2947.29 3508.98 3218.76
691.14 961.51 1177.49 1956.0 2005.23 1827.35
1106.87 1552.27 2032.75 2857.7 3236.86 2811.48
341.8 568.06 538.83 4386.37 1509.83 1006.45
1043.72 1459.12 1891.63 2678.75 3248.1 2878.72
1026.9 1503.48 2140.88 3095.68 3019.17 2191.17
948.56 1380.02 1762.75 3362.59 2961.86 2432.79
1175.54 1647.01 2103.5 2952.55 3377.4 3040.03
252.49 606.6 169.76 5376.68 1273.93 554.16
828.07 1146.82 1455.59 1990.41 2435.38 2249.98
779.79 1129.94 1458.43 3296.4 2551.17 2037.46
1000.64 1454.63 2087.19 3145.85 3454.2 2433.61
445.24 626.65 762.39 1945.64 1388.31 1126.34
999.11 1411.26 1881.51 2708.21 3171.29 2658.76
940.12 1355.48 1703.76 3086.75 2922.82 2423.14
1068.42 1524.02 1829.75 3384.97 3167.07 2850.79
290.09 396.16 452.25 1331.62 840.27 706.08
994.57 1415.6 1843.94 3096.06 3254.43 2725.52
264.29 336.06 407.84 537.54 645.11 592.71
1082.53 1534.86 2010.56 3117.14 3203.27 2693.31
1058.9 1479.61 1912.27 2665.22 3078.43 2737.29
651.04 892.29 1125.99 1530.77 1867.55 1727.22
215.79 455.99 303.91 4706.75 1437.55 741.11
378.15 552.28 606.56 1902.2 1210.13 978.62
1141.52 1603.85 2062.33 2874.07 3430.38 3072.78
730.3 1089.51 1274.64 3509.8 2502.13 2085.47
281.63 361.14 438.17 571.59 682.59 636.34
1177.52 1656.07 2131.21 2951.5 3435.66 3092.64
1072.68 1533.78 1844.08 3279.19 3202.73 2899.85
759.38 1106.36 1320.5 3433.54 2572.4 2165.3
421.39 619.37 643.69 2199.83 1274.1 1004.97
1021.03 1482.17 2115.8 3183.22 3489.08 2474.95
734.1 1101.37 1368.78 3769.18 2331.16 1612.84
1164.88 1635.95 2128.57 2990.15 3599.11 3131.08
224.1 278.42 331.05 422.21 498.05 466.45
832.98 1206.73 1448.11 3399.41 2697.58 2321.56
272.55 347.93 423.31 559.53 672.51 617.47
378.98 515.82 609.51 1392.76 1072.82 942.6
286.0 367.44 446.32 582.96 696.63 649.27
832.12 1188.09 1468.38 3148.46 2719.83 2353.49
384.9 509.36 633.82 858.74 1045.28 954.41
1073.32 1535.96 2061.31 3114.21 3097.76 2401.13
1083.04 1523.09 2057.81 3047.68 3145.92 2531.08
563.4 810.84 965.49 2598.33 1866.86 1560.94
581.55 895.71 919.43 3104.57 1889.49 1522.81
1049.27 1464.19 1879.18 2632.47 3249.07 2944.33
703.88 995.59 1204.45 2407.7 2148.25 1898.87
1030.78 1450.29 1927.21 2760.73 3315.11 2790.04
250.87 434.51 401.76 4161.76 1319.95 824.62
450.71 603.91 757.12 1033.99 1263.61 1151.76
1088.84 1528.0 1973.48 2741.71 3308.19 2978.42
883.76 1301.93 1739.99 3542.39 2885.17 1998.96
1014.54 1413.71 1791.05 2483.99 2921.09 2670.78
943.54 1325.36 1659.6 2610.79 2841.16 2582.12
458.97 616.12 768.36 1032.05 1251.43 1160.02
765.23 1118.05 1340.73 3447.49 2576.49 2171.76
959.53 1435.21 2145.11 3160.02 2832.94 1788.2
190.4 229.98 268.32 334.73 389.98 366.96
595.45 808.87 1004.02 1355.78 1628.68 1525.31
288.2 493.35 442.53 4321.77 1281.12 845.78
472.14 746.12 850.96 4161.13 1765.86 1132.59
1060.68 1492.91 1880.01 2791.94 3209.1 2936.97
1020.59 1440.14 1799.56 2913.34 3099.63 2806.83
882.44 1266.37 1608.82 3195.87 2820.29 2395.53
985.34 1467.79 2186.29 3205.24 2963.77 1915.83
737.97 1016.66 1295.35 1799.01 2216.71 2013.23
202.89 438.68 277.91 4700.8 1415.1 728.0
1052.8 1516.15 2190.91 3409.37 3899.75 2685.33
971.07 1355.85 1761.04 2483.04 3054.34 2691.13
527.41 714.12 900.83 1238.25 1518.09 1381.77
511.42 700.86 912.46 1319.9 1347.5 1105.77
1033.75 1468.9 2020.0 2914.67 3122.45 2487.51
660.95 906.53 1144.43 1556.49 1899.32 1756.47
826.66 1224.87 1448.5 3425.23 2617.6 2111.79
699.12 991.56 1355.81 1931.91 2051.38 1624.05
937.0 1303.44 1658.4 2273.24 2784.78 2571.64
958.22 1370.17 1855.03 2888.43 3113.11 2469.8
506.08 772.46 813.03 3573.08 1760.29 1372.33
539.54 819.2 901.37 3939.97 1893.26 1513.25
1083.26 1517.25 1890.9 2867.92 3182.7 2940.08
744.89 1078.88 1309.31 3281.81 2508.24 2120.6
618.02 886.29 1131.7 2646.28 2080.17 1648.19
826.63 1224.58 1400.99 3399.3 2697.98 2278.25
778.4 1106.84 1608.25 2567.07 2512.04 1605.22
768.51 1100.44 1340.13 2946.57 2494.66 2149.64
736.98 1091.45 1184.62 3444.28 2230.08 1859.23
940.42 1346.6 1631.18 3262.34 2903.96 2554.7
1161.58 1628.03 2126.18 2986.81 3394.7 2965.94
1096.49 1556.06 2127.95 3094.13 3697.96 2887.36
117.04 124.5 131.73 144.25 154.66 150.32
1056.85 1496.36 1867.21 2933.13 3218.96 2924.79
1159.96 1625.27 2034.76 3001.29 3421.55 3166.32
718.79 1044.06 1254.27 3418.15 2443.01 2043.73
507.49 748.01 843.06 3094.49 1671.81 1379.32
408.53 650.01 632.22 3491.35 1504.27 1107.94
811.13 1158.9 1511.67 2695.68 2736.63 2192.15
1000.51 1435.85 1981.08 3116.0 2640.11 1796.95
695.41 972.36 1328.0 1925.39 2290.46 1759.29
679.45 1024.88 1172.31 3688.72 2432.42 1967.02
985.03 1403.32 2073.69 3135.8 2945.64 1927.52
845.99 1196.11 1739.14 2606.19 2505.63 1704.58
1069.57 1510.81 2047.54 3046.09 2954.28 2345.18
1023.61 1450.42 1776.42 3214.65 3078.7 2790.01
999.19 1389.2 1767.15 2452.6 2876.46 2622.83
212.5 286.4 304.51 1062.19 592.83 474.29
1128.31 1588.42 2105.23 3064.88 3420.93 2838.52
1008.11 1445.97 1958.53 2953.56 2741.45 2150.46
410.8 552.79 710.17 976.54 1126.8 977.67
199.14 364.35 290.12 4646.71 1252.12 692.14
467.64 702.06 798.86 3133.26 1682.91 1264.38
1014.97 1453.38 1961.11 2941.25 2779.96 2209.08
558.75 879.48 1110.95 3869.61 2467.53 1516.21
439.6 598.49 740.23 1309.7 1266.12 1115.54
1060.94 1498.53 2020.9 2974.24 3309.15 2669.98
951.65 1375.47 1949.72 2923.2 3107.1 2242.36
235.77 295.07 354.38 461.57 550.46 507.16
1057.13 1499.71 2006.22 2920.52 3199.86 2593.19
939.58 1335.92 1972.45 3170.95 2726.66 1705.05
1004.25 1433.82 1903.79 3174.14 3040.12 2458.81
928.55 1290.5 1652.45 2306.57 2849.05 2584.79
162.55 377.06 177.85 4741.22 1074.02 460.11
1103.64 1547.92 2006.75 2815.54 3355.96 2986.34
980.05 1365.17 1753.32 2453.3 3026.6 2733.89
330.32 519.69 551.45 3775.23 1437.06 947.49
1002.02 1421.67 1973.55 3002.85 2762.74 2068.1
1045.98 1460.13 1861.32 2556.21 3134.36 2893.46
1058.64 1483.11 1903.94 2634.4 3177.35 2895.35
979.11 1374.29 1733.63 2657.79 2965.6 2707.64
988.72 1391.97 1857.63 2878.72 3015.02 2466.6
1086.39 1536.84 1965.07 3082.45 3382.17 2947.73
676.17 990.09 1153.17 3870.44 2319.7 1915.43
800.84 1181.41 1729.76 2525.44 2515.34 1762.03
269.27 346.82 434.12 604.46 627.37 525.17
464.91 624.67 779.43 1047.48 1270.5 1177.58
990.64 1391.45 1765.05 2781.92 3109.52 2783.54
773.9 1068.28 1362.67 1894.69 2335.91 2120.98
308.65 508.97 509.33 3843.98 1512.7 972.44
636.79 920.44 1085.46 3247.73 2113.38 1773.57
866.03 1250.92 1512.07 3279.21 2762.93 2416.63
217.2 396.66 349.99 3061.56 1134.12 690.4
855.94 1208.41 1675.29 2545.83 2686.32 1991.28
1118.16 1588.38 2122.51 3048.58 3510.4 2894.06
220.0 274.22 342.74 458.09 493.0 412.99
819.76 1131.5 1424.57 1949.48 2341.87 2161.39
809.57 1135.87 1388.39 2443.4 2386.0 2163.9
803.53 1180.85 1553.89 3247.82 2640.52 2013.56
1044.85 1451.85 1824.01 2494.84 3015.27 2818.14
920.14 1278.41 1636.68 2284.16 2821.13 2559.55
606.12 827.7 1042.34 1414.11 1723.43 1594.55
457.66 616.52 800.0 1138.24 1207.24 1014.28
1012.87 1423.69 1798.2 2791.19 3151.33 2825.34
432.01 611.32 724.2 1980.74 1417.75 1167.05
1044.25 1510.24 2041.74 3236.23 3216.33 2601.8
257.06 508.55 232.07 5192.52 1122.4 435.24
458.25 707.53 771.3 3853.74 1740.59 1328.82
1051.72 1477.35 1840.04 2998.16 3136.1 2876.28
1002.68 1416.65 1982.38 3024.87 2952.18 2195.49
444.28 595.01 741.01 993.91 1204.32 1116.65
872.11 1261.91 1617.28 3332.96 2710.2 2162.04
984.0 1405.11 1736.5 3083.44 3057.41 2739.46
852.24 1218.48 1506.72 3130.32 2755.62 2404.41
767.07 1105.56 1356.3 3260.97 2535.21 2176.74
941.52 1332.03 1667.04 2937.02 2997.95 2645.74
791.94 1089.99 1362.53 1853.8 2234.92 2090.56
1079.84 1517.02 1994.32 2797.22 3249.79 2837.39
108.43 112.11 115.79 122.44 127.96 125.27
637.05 999.51 1044.44 4106.53 2227.5 1757.89
671.81 1009.38 1139.63 3681.57 2296.69 1884.64
1115.62 1590.17 2123.06 2997.37 3282.16 2756.62
335.34 589.65 584.98 3856.87 1677.49 1106.9
1020.69 1442.55 1796.09 3141.25 3105.2 2782.46
963.39 1385.27 1936.17 3091.38 3000.07 2228.64
489.31 685.04 832.66 2011.36 1567.66 1331.46
1093.98 1537.05 2000.93 2799.95 3309.5 2941.86
1068.12 1502.92 1980.42 2791.69 3394.18 2912.26
1023.17 1452.59 1774.72 3278.14 3097.08 2790.53
414.2 655.47 773.62 3878.98 1762.44 1164.91
810.04 1176.77 1376.99 3526.17 2561.89 2211.94
582.5 869.78 993.03 3643.53 2109.94 1665.9
978.4 1397.02 2093.45 3187.41 2914.38 1823.31
527.87 732.27 1013.12 1480.16 1668.16 1222.88
732.75 1009.17 1285.58 1785.12 2199.41 1997.59
905.33 1274.23 1644.27 2724.65 2854.97 2472.29
1087.84 1527.17 1942.03 2825.27 3305.15 3021.1
507.88 689.75 891.72 1263.16 1473.2 1262.77
1170.41 1637.9 2061.34 2967.05 3436.17 3178.38
1065.1 1515.35 2041.03 2934.39 3411.79 2798.53
803.66 1158.82 1469.77 3175.13 2503.95 2062.83
1191.35 1668.32 2137.03 2982.17 3578.83 3219.4
185.09 393.15 272.99 4521.39 1374.69 685.51
1086.22 1520.43 1936.33 2746.04 3279.81 3018.16
1166.71 1639.73 2039.04 3032.48 3420.6 3160.84
869.62 1243.41 1513.72 3361.38 2743.37 2417.57
385.8 510.65 635.5 861.14 1048.26 957.11
1023.81 1444.79 1804.95 2912.74 3105.79 2814.94
214.19 429.68 326.72 4466.34 1436.89 761.05
944.32 1347.24 1848.14 3165.07 2905.83 2198.45
644.0 993.31 1275.08 3892.93 2418.38 1536.87
1028.35 1435.79 1843.37 2607.19 3180.51 2870.24
1115.43 1571.68 1965.2 3083.75 3327.96 3028.51
1042.44 1486.45 2010.41 3076.84 2816.76 2094.78
278.37 470.99 341.01 2514.93 929.69 617.63
1180.22 1647.0 2071.37 2883.49 3442.28 3211.12
131.63 193.33 173.17 1173.55 456.72 290.02
492.41 687.67 976.35 1467.72 1469.97 1000.68
958.6 1348.0 1708.75 2819.02 3018.55 2698.75
275.62 483.13 414.63 4525.28 1351.4 827.35
992.52 1411.15 1986.49 3076.54 3216.3 2305.21
587.08 903.24 1005.21 3745.9 2249.84 1736.36
695.84 980.0 1358.53 2013.66 2150.33 1612.04
1097.6 1544.11 2018.02 2835.26 3346.21 2938.63
571.61 881.89 1039.59 3482.81 2232.05 1680.58
1191.05 1664.52 2111.57 2919.36 3474.72 3200.89
161.27 230.61 223.83 1142.62 513.0 360.59
1032.28 1449.53 1908.85 2719.66 3203.0 2770.37
653.29 895.52 1130.16 1536.59 1874.74 1733.85
1029.12 1430.55 1803.36 2475.39 2986.37 2769.34
1030.74 1473.44 1997.55 2849.96 3231.8 2677.88
971.99 1419.17 2062.62 3145.06 3267.08 2222.04
808.66 1128.06 1467.01 2048.42 2444.43 2142.71
701.18 996.99 1381.72 2193.33 1769.85 1135.64
1144.06 1609.93 2107.64 2977.05 3386.62 2944.36
1036.44 1462.84 1838.84 2926.19 3172.0 2883.38
679.37 992.33 1192.61 3440.62 2336.91 1957.19
771.51 1152.47 1326.28 3599.05 2564.84 2157.01
195.12 412.06 229.3 5051.02 1245.13 636.92
1018.67 1461.87 2089.22 3127.35 3520.66 2487.49
1114.04 1565.89 1945.65 3072.5 3295.8 3034.32
319.26 652.42 269.45 5810.29 1269.56 513.99
658.41 992.4 1250.12 3364.73 2082.88 1399.61
947.42 1364.58 2000.57 3005.4 2895.67 1963.17
974.38 1387.17 1802.96 3035.11 3022.7 2564.08
205.48 250.92 292.46 367.35 425.45 403.45
139.53 326.44 222.43 3703.72 1114.39 552.06
959.58 1349.12 1699.51 2631.89 2925.42 2660.78
497.4 691.97 980.77 1502.32 1706.01 1174.49
1071.4 1506.35 1956.84 2779.62 3140.96 2751.43
1087.29 1523.22 1904.45 2962.49 3219.24 2962.81
440.07 591.67 732.34 1055.44 1202.86 1107.29
84.07 211.06 86.97 4622.42 965.67 385.98
1044.16 1512.96 2106.18 3098.58 3572.01 2750.69
1178.71 1649.52 2069.47 2975.17 3455.24 3206.53
823.73 1204.38 1709.71 3218.02 3182.79 2104.38
1115.66 1561.34 1990.81 2764.08 3362.75 3100.75
1034.74 1461.08 1849.23 2947.98 3169.42 2839.97
553.75 776.31 975.88 2028.71 1739.17 1454.13
693.45 1036.03 1189.95 3743.41 2440.38 1976.89
340.61 445.72 550.83 740.79 898.32 821.58
1017.85 1447.48 2045.85 3001.58 3067.25 2281.99
1012.06 1436.42 1878.17 3026.73 3150.68 2668.76
828.15 1202.61 1642.86 3240.32 2268.5 1454.07
261.7 331.36 395.05 509.86 598.93 565.19
1124.51 1567.67 1969.66 2750.64 3273.17 3051.45
892.55 1245.43 1621.82 2277.85 2687.13 2318.24
655.32 915.35 1132.35 2055.71 1970.34 1766.88
1135.13 1589.23 2013.98 2892.52 3324.97 3025.98
242.14 433.63 358.44 4391.74 1168.94 723.46
213.48 440.23 256.73 4661.72 1191.05 623.62
954.52 1378.91 2037.26 3063.3 2893.11 1917.67
999.37 1487.2 2189.09 3208.38 3198.88 2236.1
685.81 1004.56 1179.46 3524.54 2343.15 1933.91
950.61 1357.67 1657.87 2896.94 2910.57 2612.11
881.03 1274.98 1611.42 3270.2 2660.46 2187.32
910.44 1274.73 1622.68 2545.76 2852.48 2547.37
1041.03 1468.93 1934.79 2732.52 3242.58 2822.64
831.04 1206.66 1751.15 2667.87 2781.55 1892.42
670.86 916.76 1141.61 1546.91 1861.35 1742.25
969.26 1395.8 1948.74 3111.2 2539.66 1636.89
482.0 684.33 805.89 1832.69 1493.62 1275.55
487.49 654.4 807.02 1082.13 1295.56 1214.72
1014.43 1423.27 1828.94 2599.85 3048.37 2755.72
1085.31 1522.04 1934.87 2814.09 3294.24 3020.73
1028.26 1447.39 1830.43 2881.89 3161.26 2869.79
841.78 1176.78 1535.1 2171.82 2492.3 2145.62
897.37 1250.93 1562.18 2388.27 2605.29 2393.83
286.4 645.0 240.25 5286.0 1354.25 652.62
758.71 1076.18 1291.58 2659.84 2290.33 2031.89
1026.07 1443.27 1917.45 2770.36 2958.93 2500.3
238.79 299.55 358.41 460.35 545.17 509.83
792.93 1163.93 1346.11 3797.34 2588.97 2201.92
97.36 249.73 104.55 4556.44 1059.49 411.73
934.34 1321.47 1665.24 2879.33 3001.35 2646.56
706.64 988.81 1303.72 1813.33 2041.84 1749.54
899.18 1269.99 1602.56 2900.72 2890.82 2550.54
931.82 1310.81 1760.73 2527.64 3023.28 2438.9
553.29 750.43 934.3 1284.09 1505.74 1389.47
875.01 1256.57 1650.54 2798.94 2868.22 2341.49
962.0 1398.0 2014.0 3173.0 2939.0 1816.0
69.0 191.5 59.0 4653.5 930.0 346.0
134.0 394.5 95.5 5146.0 1087.0 409.5
969.0 1403.0 2079.0 3181.0 3518.0 2279.0
155.0 368.0 123.0 5163.0 1156.0 447.0
89.8 263.8 87.2 4769.8 1060.5 381.0
971.0 1390.0 2115.5 3245.0 2879.5 1707.0
122.0 299.0 89.0 4632.0 914.0 354.0
72.0 203.8 71.8 4231.5 957.5 341.5
907.5 1325.5 2047.5 3151.5 2757.0 1579.5
948.0 1357.0 1978.0 3155.0 2462.0 1531.0
56.8 180.8 53.0 4412.8 873.5 325.0
119.5 322.5 80.5 4825.8 970.8 371.8
948.0 1376.0 2046.0 3146.0 2970.0 1921.0
911.0 1341.0 1922.0 3127.8 2196.5 1320.8
985.0 1493.5 2276.8 3372.5 3183.8 2033.8
76.2 218.5 55.5 4643.8 764.8 282.8
962.5 1390.0 1954.5 3151.5 2480.0 1527.0
959.5 1435.2 2145.2 3160.2 2832.8 1787.8
88.5 243.0 63.5 4918.0 903.5 321.0
978.0 1422.0 2105.0 3266.0 3199.0 2037.0
79.2 209.2 66.0 4931.0 970.2 374.0
222.2 574.0 104.8 5481.0 1198.8 463.2
992.0 1434.0 2127.0 3253.0 3849.0 2515.0
980.5 1432.2 2016.0 3245.2 2807.8 1800.2
966.0 1422.0 2112.0 3259.5 3477.0 2237.5
109.2 304.0 68.8 5231.2 1052.0 412.0
978.0 1434.0 2220.0 3640.0 4073.0 2397.0
81.5 229.5 75.0 4588.5 1023.0 369.5
937.0 1353.0 2081.0 3198.0 2826.0 1629.0
924.0 1316.0 1970.0 3207.0 2671.0 1584.0
102.5 315.2 89.5 4914.0 1200.8 467.0
980.0 1467.0 2194.0 3388.8 3736.5 2446.5
955.0 1376.0 2056.0 3368.0 3193.0 1885.0
977.5 1462.0 2197.0 3231.5 2940.0 1846.5
939.0 1381.8 2053.5 3176.2 3230.8 2074.0
265.0 540.0 222.0 5608.0 1151.0 427.0
83.0 265.0 84.5 4714.5 1156.5 420.5
245.0 494.0 207.0 5231.5 1090.0 397.0
304.0 635.0 236.5 5868.5 1229.5 464.5
138.0 335.0 114.0 4964.0 1063.0 407.0
53.8 244.8 74.8 4340.2 1057.2 381.2
1050.0 1465.0 1880.0 2630.0 3252.0 2949.0
1121.0 1568.0 2001.0 2751.0 3375.0 3115.0
1212.0 1691.0 2129.0 2918.5 3531.0 3299.0
100.0 100.0 100.0 100.0 100.0 100.0
