0.3585
0.3039
0.1435
0.7695
0.5866
0.7487
0.2527
0.8879
0.1801
0.6573
0.5182
0.5779
0.6134
0.4434
0.0541
0.9601
0.203
0.9242
0.827
0.3099
0.5645
0.0829
0.1772
0.7364
0.994
0.6523
0.1414
0.0637
0.3634
0.9326
0.6404
0.4977
0.3502
0.5316
0.6148
0.4808
0.9997
0.9635
0.1827
0.5698
0.6719
0.2331
0.7084
0.4406
0.5549
0.39
0.3669
0.7923
0.7399
0.4822
0.6812
0.6977
0.4142
0.7729
0.0714
0.3861
0.7291
0.2427
0.642
0.7032
0.3658
0.3329
0.2753
0.4945
0.591
0.9525
0.1072
0.0398
0.3387
0.2175
0.3124
0.48
0.0209
0.4419
0.5112
0.2734
0.7654
0.1667
0.7164
0.2188
0.6853
0.4181
0.12
0.8368
0.4445
0.1841
0.5717
0.5274
0.0303
0.0303
0.6671
0.0677
0.7742
0.9032
0.644
0.8476
0.5584
0.6377
0.6859
0.7988
0.7335
0.2715
0.8522
0.9987
0.1581
0.953
0.8556
0.0218
0.4463
0.7371
0.4271
0.6612
0.1869
0.3594
0.002
0.4692
0.9816
0.3399
0.7944
0.6084
0.4665
0.8024
0.527
0.0198
0.7604
0.4989
0.8157
0.8291
0.2401
0.7827
0.3396
0.5497
0.9075
0.4133
0.6924
0.6147
0.2139
0.7859
0.9354
0.8467
0.4624
0.3418
0.0986
0.008
0.6748
0.2044
0.4561
0.1105
0.4393
0.7708
0.4
0.4008
0.3806
0.1066
0.5798
0.5671
0.535
0.4387
0.5377
0.7477
0.2809
0.9725
0.6737
0.8652
0.1433
0.5674
0.9335
0.7433
0.2341
0.0908
0.3838
0.9846
0.5402
0.7212
0.9692
0.7829
0.8109
0.8904
0.1841
0.458
0.493
0.6268
0.1745
0.1109
0.1703
0.659
0.7154
0.4896
0.9475
0.3012
0.8144
0.5504
0.8596
0.4503
0.8203
0.1478
0.514
0.3666
0.7468
0.5671
0.3868
0.4489
0.5602
0.7695
0.6232
0.1427
0.0251
0.1548
0.2663
0.667
0.2671
0.1536
0.5134
0.1782
0.6567
0.8455
0.4384
0.8292
0.2822
0.6608
0.5904
0.0726
0.5707
0.5706
0.4358
0.6174
0.5476
0.7153
0.2566
0.2255
0.1274
0.8932
0.8934
0.8348
0.2002
0.487
0.8419
0.3259
0.9626
0.8138
0.1963
0.271
0.583
0.3428
0.7798
0.5013
0.4835
0.5467
0.2834
0.6816
0.8425
0.6267
0.8383
0.8568
0.0279
0.5954
0.6668
0.3081
0.352
0.7325
0.4698
0.5106
0.3507
0.9242
0.9022
0.0571
0.2853
0.25
0.0254
0.7432
0.9252
0.9187
0.5539
0.0587
0.5109
0.9146
0.0007
0.3187
0.2776
0.2591
0.6242
0.7817
0.2732
0.9786
0.2294
0.93
0.2504
0.4873
0.2293
0.7928
0.202
0.8967
0.3157
0.118
0.8076
0.1343
0.2529
0.5249
0.5363
0.4176
0.8526
0.4785
0.2735
0.1165
0.5595
0.3548
0.3224
0.2828
0.4543
0.6393
0.2293
0.0522
0.903
0.6881
0.3066
0.4571
0.0351
0.5395
0.1993
0.2124
0.3315
0.9264
0.5278
0.6008
0.3151
0.3411
0.7938
0.663
0.4919
0.3794
0.6781
0.5984
0.0467
0.7243
0.2396
0.3503
0.7661
0.9921
0.7662
0.1681
0.6884
0.781
0.283
0.4262
0.0026
0.874
0.1502
0.1372
0.6489
0.4006
0.381
0.8663
0.7532
0.5324
0.8557
0.4975
0.5495
0.6696
0.2949
0.3525
0.0438
0.9981
0.1737
0.5638
0.5616
0.9518
0.2952
0.5585
0.4971
0.4617
0.3879
0.8929
0.4118
0.2324
0.4685
0.6216
0.7106
0.5719
0.6718
0.3044
0.2798
0.7989
0.8994
0.2539
0.8266
0.0914
0.9185
0.274
0.574
0.2256
0.7134
0.6013
0.6323
0.9214
0.4764
0.012
0.6579
0.4816
0.3434
0.3232
0.1877
0.8864
0.3785
0.1051
0.6048
0.5793
0.4634
0.4416
0.0546
0.9242
0.3614
0.3095
0.7071
0.3774
0.0789
0.7573
0.0383
0.5085
0.341
0.3094
0.7584
0.25
0.1922
0.859
0.7626
0.8713
0.9951
0.8216
0.7957
0.7043
0.4246
0.6842
0.1874
0.3624
0.5971
0.8895
0.0151
0.4694
0.2576
0.3468
0.4058
0.2408
0.6649
0.6573
0.4116
0.209
0.2199
0.1241
0.4078
0.2581
0.0597
0.7473
0.5797
0.3269
0.3434
0.7994
0.3226
0.0655
0.5341
0.9634
0.0918
0.9019
0.4202
0.5383
0.705
0.8505
0.9279
0.655
0.9385
0.4044
0.0181
0.2375
0.4788
0.0074
0.713
0.92
0.2828
0.7053
0.8435
0.7413
0.4216
0.1287
0.6551
0.882
0.4075
0.1244
0.8203
0.3726
0.3239
0.0656
0.0013
0.965
0.5346
0.1941
0.8344
0.8557
0.8013
0.5415
0.9519
0.9348
0.4088
0.9365
0.9687
0.516
0.0217
0.075
0.0566
0.0613
0.7352
0.6356
0.8356
0.3816
0.2807
0.3179
0.8131
0.9937
0.2831
0.5751
0.3424
0.2977
0.2694
0.8758
0.1374
0.996
0.0426
0.5457
0.7843
0.8623
0.7294
0.7406
0.2218
0.4089
0.9926
0.9225
0.2168
0.7003
0.7812
0.888
0.6091
0.1671
0.6326
0.0429
0.0086
0.9837
0.1195
0.9189
0.5072
0.9028
0.4111
0.5293
0.8401
0.7849
0.7247
0.7761
0.1398
0.303
0.4242
0.6625
0.6572
0.4603
0.3449
0.5472
0.8845
0.2946
0.2797
0.175
0.0894
0.5113
0.4055
0.2119
0.1031
0.4099
0.1169
0.6892
0.5479
0.8077
0.0176
0.6799
0.5215
0.6969
0.7859
0.0201
0.0223
0.3516
0.7597
0.4022
0.0674
0.3172
0.8785
0.8251
0.6038
0.635
0.8783
0.9192
0.6049
0.6289
0.6113
0.9819
0.8319
0.3319
0.5402
0.4362
0.9878
0.7603
0.111
0.2839
0.1578
0.7099
0.5621
0.6581
0.1172
0.5018
0.4533
0.2991
0.4761
0.0609
0.9839
0.4973
0.7814
0.3928
0.8804
0.9348
0.4708
0.0353
0.3359
0.6609
0.7099
0.5027
0.9647
0.1448
0.429
0.2773
0.8367
0.3481
0.5696
0.6472
0.8666
0.4816
0.4656
0.031
0.7163
0.4109
0.9948
0.9619
0.2751
0.9913
0.6803
0.1523
0.6582
0.9368
0.2753
0.5231
0.4864
0.7791
0.182
0.5393
0.9393
0.6105
0.2784
0.2172
0.9814
0.5917
0.7977
0.627
0.8189
0.8633
0.5852
0.2191
0.2902
0.9623
0.0504
0.1019
0.8388
0.919
0.9718
0.4226
0.653
0.563
0.5906
0.0256
0.9586
0.5506
0.8636
0.6966
0.6335
0.3554
0.0507
0.1093
0.592
0.4084
0.3017
0.9132
0.2181
0.0273
0.0704
0.7629
0.7505
0.6364
0.6847
0.7367
0.6615
0.3468
0.2994
0.338
0.0081
0.2694
0.212
0.1346
0.7764
0.2845
0.3913
0.0809
0.9256
0.9082
0.7067
0.401
0.1763
0.7488
0.8407
0.2613
0.3093
0.0471
0.8758
0.072
0.4858
0.9395
0.8556
0.8849
0.7353
0.6997
0.9902
0.5425
0.0673
0.6186
0.0713
0.0433
0.2542
0.8902
0.5709
0.24
0.143
0.6959
0.6702
0.2907
0.6518
0.2076
0.8442
0.4643
0.6264
0.4517
0.9913
0.2328
0.6877
0.7
0.0887
0.968
0.4259
0.8085
0.2153
0.5639
0.5091
0.6008
0.3837
0.4244
0.7667
0.9905
0.7282
0.9494
0.7335
0.3467
0.024
0.8887
0.0261
0.163
0.6586
0.8861
0.4439
0.6989
0.4369
0.3306
0.729
0.4549
0.7152
0.4944
0.7243
0.2332
0.0987
0.9098
0.6357
0.4029
0.6109
0.3242
0.1551
0.7175
0.0144
0.0779
0.0973
0.4019
0.5965
0.0614
0.1225
0.0018
0.5791
0.8083
0.609
0.8795
0.554
0.8086
0.0635
0.8047
0.4231
0.7397
0.2232
0.7425
0.7872
0.5846
0.191
0.7049
0.334
0.6805
0.1443
0.2707
0.0789
0.9529
0.067
0.0924
0.0991
0.2994
0.2485
0.5018
0.0535
0.0927
0.6861
0.8643
0.3457
0.2641
0.8222
0.8599
0.823
0.912
0.653
0.6698
0.0471
0.6212
0.9378
0.8171
0.4998
0.283
0.6002
0.5369
0.3517
0.7279
0.835
0.6401
0.8689
0.7811
0.8241
0.571
0.1109
0.5571
0.5742
0.6744
0.2919
0.2761
0.5715
0.6307
0.0079
0.8914
0.6823
0.8597
0.5871
0.5212
0.3677
0.1532
0.7613
0.9888
0.8007
0.8718
0.4575
0.8728
0.2153
0.2092
0.8699
0.169
0.0621
0.647
0.4797
0.9829
0.8632
0.0553
0.8702
0.4674
0.7709
0.7306
0.4034
0.5876
0.1979
0.0161
0.8099
0.3232
0.267
0.9169
0.8592
0.043
0.5414
0.777
0.4609
0.2818
0.0093
0.0319
0.8543
0.83
0.0496
0.4177
0.2386
0.9686
0.377
0.6768
0.1833
0.4556
0.2325
0.3267
0.8904
0.0626
0.5313
0.1009
0.1273
0.2675
0.7652
0.4204
0.984
0.7301
0.0056
0.7356
0.3803
0.0665
0.7387
0.2385
0.7751
0.041
0.5819
0.2162
0.8037
0.2035
0.4921
0.316
0.4857
0.2087
0.649
0.7231
0.0606
0.4659
0.0918
0.7182
0.2168
0.5893
0.5038
0.437
0.8292
0.3584
0.5902
0.2621
0.5007
0.8623
0.8716
0.0219
0.8622
0.0771
0.374
0.628
0.5209
0.1377
0.1206
0.5224
0.7626
0.823
0.0744
0.0252
0.4872
0.696
0.3256
0.8827
0.0054
0.7718
0.2614
0.3176
0.3521
0.4773
0.031
0.5285
0.2984
0.9589
0.1259
0.7997
0.2489
0.1576
0.6482
0.5976
0.6555
0.3822
0.0
0.0
0.0
0.0
0.0
0.0
0.0
0.0
0.0
0.0
0.0
0.0
0.0
0.0
0.0
0.0
0.0
0.0
0.0
0.0
0.0
0.0
0.0
0.0
0.0
0.0
0.0
0.0
0.0
0.0
0.0
0.0
0.0
0.0
0.0
0.0
0.0
0.0
0.0
0.0
0.0
0.0
1.0
1.0
1.0
0.0
