0.7385
0.006
0.3264
0.1895
0.9848
0.1583
0.2232
0.7577
0.1813
0.6384
0.0084
0.0723
0.6809
0.2237
0.1237
0.3153
0.075
0.2616
0.2461
0.1109
0.8505
0.1324
0.3574
0.9738
0.5724
0.4086
0.3567
0.952
0.5207
0.2895
0.6178
0.5191
0.537
0.6622
0.184
0.9965
0.3641
0.3994
0.6604
0.6501
0.8781
0.4545
0.4985
0.2879
0.9524
0.7985
0.6874
0.5672
0.6419
0.0277
0.8332
0.6394
0.1713
0.985
0.8901
0.1477
0.0797
0.8333
0.4259
0.9243
0.4163
0.2321
0.9432
0.5744
0.8807
0.7034
0.2038
0.8033
0.6375
0.619
0.521
0.4829
0.6092
0.3383
0.8824
0.7245
0.0501
0.6341
0.9248
0.1272
0.5261
0.4347
0.0685
0.9917
0.6676
0.3317
0.2993
0.0501
0.9366
0.964
0.4876
0.0469
0.0412
0.5163
0.8585
0.8834
0.7898
0.1613
0.4245
0.9513
0.2074
0.8758
0.1549
0.1396
0.4716
0.3785
0.4888
0.063
0.2283
0.6384
0.4133
0.5589
0.1778
0.3067
0.102
0.773
0.9541
0.9388
0.4931
0.4431
0.6251
0.854
0.891
0.5841
0.7688
0.7051
0.6346
0.8809
0.9901
0.9609
0.6259
0.1109
0.3575
0.1264
0.1715
0.6316
0.6876
0.7277
0.0721
0.4443
0.8514
0.0523
0.9773
0.071
0.307
0.9412
0.5883
0.7924
0.8437
0.3631
0.381
0.3787
0.9997
0.5026
0.5945
0.7136
0.7657
0.582
0.571
0.6359
0.4108
0.4633
0.2712
0.0687
0.2219
0.408
0.3474
0.9705
0.5211
0.9199
0.2627
0.0814
0.3377
0.218
0.4397
0.3101
0.414
0.8011
0.9586
0.4982
0.1826
0.932
0.2376
0.055
0.2107
0.9889
0.874
0.5112
0.6165
0.0632
0.8594
0.4595
0.1313
0.0385
0.2539
0.5746
0.8133
0.718
0.7972
0.7046
0.4002
0.8778
0.7431
0.3364
0.5816
0.8671
0.363
0.9478
0.5022
0.4907
0.9069
0.6384
0.1889
0.3134
0.0297
0.872
0.4516
0.1546
0.7416
0.9602
0.6796
0.945
0.4783
0.8969
0.4398
0.6587
0.2571
0.9269
0.8845
0.8232
0.5068
0.8326
0.4933
0.009
0.5448
0.005
0.6513
0.322
0.7
0.2245
0.0606
0.4622
0.0622
0.8172
0.5629
0.833
0.3468
0.0065
0.4053
0.5857
0.2608
0.8304
0.1175
0.6024
0.7173
0.4046
0.0051
0.656
0.5117
0.5225
0.3082
0.0405
0.8466
0.6518
0.1854
0.9884
0.7099
0.0994
0.3948
0.5632
0.5451
0.9139
0.9831
0.9035
0.6514
0.0355
0.7871
0.3593
0.5421
0.0285
0.99
0.4202
0.1602
0.399
0.8758
0.381
0.2598
0.322
0.5208
0.3015
0.8095
0.0265
0.3886
0.9433
0.3199
0.7264
0.5959
0.0585
0.8264
0.4624
0.7072
0.693
0.6799
0.1688
0.7161
0.6397
0.3126
0.3008
0.2427
0.3888
0.0994
0.8776
0.5161
0.2571
0.5392
0.2207
0.2846
0.9546
0.4761
0.8596
0.8335
0.8243
0.1046
0.5334
0.6763
0.759
0.8598
0.5729
0.0309
0.065
0.9992
0.4351
0.2204
0.2709
0.0996
0.5304
0.1526
0.7337
0.4628
0.2999
0.5355
0.5614
0.0929
0.0218
0.1178
0.3649
0.9971
0.0498
0.4502
0.427
0.7521
0.641
0.4732
0.0131
0.8931
0.2027
0.6172
0.861
0.3228
0.5259
0.4879
0.5065
0.5516
0.5876
0.3382
0.2976
0.5031
0.9665
0.2086
0.2636
0.6778
0.2012
0.9332
0.817
0.1521
0.9842
0.9762
0.1562
0.3066
0.3821
0.7672
0.0249
0.1049
0.1787
0.0187
0.5714
0.2648
0.1158
0.8536
0.7805
0.362
0.1545
0.2253
0.6763
0.0099
0.0783
0.7191
0.4336
0.2601
0.8786
0.096
0.5066
0.1141
0.7814
0.1415
0.151
0.3671
0.937
0.9758
0.4968
0.1792
0.3966
0.3356
0.0062
0.357
0.5601
0.6554
0.6494
0.6382
0.4271
0.4756
0.4206
0.5192
0.9038
0.5444
0.053
0.2082
0.2772
0.7432
0.8713
0.112
0.3999
0.8165
0.7041
0.2396
0.4987
0.3796
0.5977
0.3895
0.8879
0.3586
0.6926
0.3214
0.0757
0.3239
0.3812
0.4444
0.3527
0.7432
0.4267
0.4036
0.6984
0.8758
0.7135
0.9101
0.0891
0.1717
0.9635
0.9091
0.5144
0.5218
0.4183
0.6606
0.0551
0.4335
0.512
0.7231
0.3326
0.1166
0.8586
0.6961
0.6576
0.5163
0.4736
0.5266
0.7958
0.7306
0.0178
0.4833
0.547
0.0848
0.3773
0.7806
0.1324
0.4423
0.6108
0.94
0.3718
0.5038
0.3216
0.2845
0.2866
0.7556
0.3866
0.5226
0.248
0.3
0.7794
0.8881
0.8531
0.8897
0.9255
0.6484
0.5566
0.3824
0.1982
0.6083
0.6251
0.8975
0.7613
0.3661
0.8465
0.4758
0.378
0.3412
0.4022
0.8207
0.9288
0.6857
0.9118
0.9991
0.0842
0.3167
0.0914
0.3195
0.4126
0.8506
0.6316
0.0815
0.4344
0.8135
0.0393
0.1757
0.567
0.794
0.2248
0.8222
0.9728
0.4519
0.455
0.7241
0.7826
0.5593
0.6837
0.5529
0.5492
0.4458
0.0564
0.5308
0.8762
0.5331
0.7005
0.2338
0.805
0.6083
0.9244
0.0564
0.0533
0.6669
0.1505
0.3106
0.5698
0.3669
0.7828
0.9752
0.8366
0.6872
0.9611
0.4613
0.1221
0.7325
0.9492
0.3671
0.1542
0.1895
0.2002
0.2852
0.3586
0.9924
0.2867
0.5354
0.3108
0.0514
0.1991
0.6243
0.9655
0.2404
0.2304
0.3149
0.0911
0.0844
0.9041
0.7828
0.9542
0.6576
0.7517
0.9476
0.2381
0.3156
0.5966
0.6791
0.3049
0.982
0.8357
0.4468
0.206
0.2759
0.0271
0.426
0.0279
0.8966
0.3653
0.2592
0.9108
0.9098
0.2229
0.3373
0.5556
0.7966
0.7407
0.9852
0.7956
0.974
0.759
0.028
0.7209
0.6314
0.4678
0.2088
0.6716
0.0538
0.7312
0.3289
0.9768
0.1155
0.2351
0.4368
0.0376
0.4062
0.2474
0.3499
0.9487
0.3688
0.708
0.3302
0.0466
0.1929
0.411
0.9111
0.9224
0.7348
0.2684
0.7314
0.9072
0.5047
0.9221
0.2066
0.8757
0.7591
0.6379
0.0166
0.8767
0.4877
0.0925
0.0946
0.822
0.7509
0.3201
0.5125
0.6675
0.5527
0.2418
0.1325
0.1997
0.4512
0.6384
0.9383
0.9805
0.4636
0.5614
0.01
0.5954
0.4777
0.75
0.2489
0.9894
0.7349
0.7359
0.5273
0.3972
0.1765
0.6818
0.8622
0.75
0.4461
0.0148
0.7239
0.4455
0.7689
0.9783
0.0184
0.0587
0.8009
0.0432
0.9056
0.3798
0.8858
0.2623
0.2862
0.7392
0.5809
0.7017
0.2701
0.9462
0.2696
0.9317
0.223
0.6089
0.0753
0.9327
0.7085
0.6133
0.1263
0.1412
0.7138
0.088
0.4716
0.9798
0.9641
0.4687
0.8686
0.4418
0.8167
0.6434
0.3966
0.6071
0.4301
0.7287
0.4968
0.0592
0.6787
0.8116
0.8939
0.1329
0.0356
0.4528
0.3737
0.8252
0.9549
0.3904
0.1437
0.6322
0.3406
0.3055
0.0597
0.2629
0.4402
0.5595
0.6331
0.0523
0.1093
0.0602
0.46
0.4421
0.5147
0.8337
0.2224
0.838
0.9838
0.8715
0.1798
0.4954
0.3012
0.0697
0.557
0.9498
0.2016
0.5791
0.7001
0.7521
0.0708
0.0981
0.348
0.0043
0.8178
0.143
0.8979
0.7282
0.8409
0.1376
0.2954
0.0019
0.3641
0.31
0.6271
0.935
0.3305
0.8387
0.8598
0.4331
0.2099
0.3229
0.5261
0.7776
0.7856
0.9892
0.5118
0.7038
0.4421
0.2365
0.7184
0.3661
0.7437
0.4203
0.8161
0.1141
0.9817
0.9723
0.271
0.8917
0.1929
0.5993
0.1561
0.3949
0.113
0.6008
0.4094
0.1568
0.9243
0.5913
0.8212
0.1417
0.7889
0.001
0.3568
0.7552
0.6042
0.1598
0.6556
0.7693
0.9115
0.7177
0.6359
0.9879
0.2821
0.2378
0.5602
0.8947
0.0582
0.5759
0.2636
0.588
0.8885
0.2166
0.6334
0.071
0.942
0.9954
0.5116
0.8623
0.4168
0.4916
0.4876
0.235
0.8638
0.6534
0.6778
0.6016
0.7456
0.7102
0.3531
0.679
0.2554
0.9551
0.2581
0.8019
0.8386
0.1079
0.4174
0.8955
0.6083
0.4656
0.7807
0.4601
0.7539
0.7885
0.4418
0.8736
0.73
0.2532
0.103
0.0446
0.9561
0.4599
0.8248
0.0377
0.8207
0.9917
0.5796
0.2358
0.1181
0.8698
0.6248
0.1466
0.0101
0.2506
0.9633
0.5339
0.9426
0.6271
0.508
0.4212
0.2439
0.4147
0.9773
0.1417
0.4566
0.8253
0.0285
0.4051
0.2246
0.2216
0.2607
0.8477
0.3848
0.616
0.7406
0.3611
0.5185
0.4127
0.6313
0.7323
0.4633
0.6575
0.2641
0.1595
0.8929
0.19
0.9471
0.1001
0.3428
0.602
0.4196
0.7421
0.8676
0.0223
0.0139
0.9107
0.2603
0.4386
0.9661
0.1526
0.206
0.8365
0.683
0.4914
0.0615
0.1624
0.7249
0.9976
0.3858
0.2096
0.6878
0.4441
0.9204
0.3297
0.5151
0.2133
0.0206
0.5389
0.2117
0.1923
0.8856
0.9445
0.5629
0.5509
0.3983
0.4432
0.99
0.9544
0.1691
0.8369
0.6098
0.4892
0.5002
0.5606
0.4297
0.6707
0.7327
0.2361
0.6694
0.9433
0.1226
0.9891
0.8771
0.5981
0.8505
0.9501
0.5446
0.6933
0.0
1.0
1.0
0.0
1.0
1.0
0.0
1.0
1.0
0.0
0.0
1.0
1.0
0.0
0.0
0.0
1.0
0.0
0.0
1.0
0.0
1.0
1.0
0.0
0.0
0.0
1.0
0.0
1.0
0.0
0.0
1.0
0.0
0.0
0.0
0.0
1.0
1.0
1.0
1.0
1.0
1.0
0.0
0.0
0.0
0.0
