249.77 365.03 435.72 1525.46 834.12 511.91
613.4 859.74 1281.23 1939.52 1740.11 1065.54
102.23 103.28 105.05 108.39 106.94 104.01
493.19 712.36 980.38 1918.7 1500.0 918.06
750.57 1078.92 1592.93 2436.83 2301.8 1497.03
1000.51 1404.8 1838.5 2628.53 3087.72 2725.58
778.84 1233.6 1659.13 4128.12 2592.17 1558.72
880.85 1275.8 1833.81 2883.69 2671.72 1654.45
767.38 1157.63 1380.04 3882.41 2714.37 1950.05
624.19 941.02 1227.76 3416.32 2147.29 1540.35
833.73 1201.57 1761.05 3358.12 2502.09 1473.07
848.53 1253.13 1730.49 3492.03 2538.74 1591.38
688.42 974.55 1341.21 1999.13 2245.35 1734.2
572.23 882.25 1186.18 3864.59 2214.1 1282.26
833.22 1221.64 1745.85 2833.45 1998.15 1209.51
850.49 1266.26 1845.97 3433.06 3156.51 1993.54
521.15 718.35 984.81 1488.77 1345.32 998.88
121.16 215.05 120.69 1856.0 473.96 229.18
994.87 1415.67 1944.73 2880.61 3151.55 2476.69
986.0 1397.69 1994.51 2971.87 2967.79 2154.78
466.99 696.02 860.6 2156.98 1418.91 886.22
740.98 1054.15 1459.18 2162.89 2457.4 1874.8
724.22 1102.18 1460.84 3527.35 2810.57 1973.34
728.19 1056.89 1463.27 3121.22 2430.65 1706.1
823.83 1206.27 1799.87 3391.87 2561.6 1463.05
393.25 534.32 778.58 1158.87 1035.81 641.05
920.83 1311.89 1955.51 3198.28 2670.82 1603.49
475.69 751.14 901.24 4135.42 1601.91 855.28
888.33 1277.07 1704.52 2793.94 2834.26 2320.95
842.9 1233.93 1792.63 3614.93 2909.25 1689.78
956.2 1429.54 2123.96 3126.86 3075.45 2104.11
808.33 1174.65 1673.73 2822.43 2479.83 1525.04
586.4 826.48 1191.74 1772.68 1702.88 1173.03
534.13 843.94 1085.1 3898.26 2173.58 1315.5
241.21 405.66 378.15 3186.96 929.17 463.87
727.91 1102.81 1433.35 3921.44 2483.58 1414.99
306.42 404.62 568.46 878.34 744.07 471.76
970.09 1431.28 2089.39 3054.4 2950.95 2033.69
645.18 987.44 1289.16 3834.99 2220.96 1298.35
880.07 1267.35 1831.27 3250.87 2340.92 1439.08
559.94 765.22 993.0 1400.65 1612.21 1410.81
200.31 255.69 339.7 457.95 424.63 299.64
218.6 448.11 282.25 5003.18 1291.82 543.13
928.56 1339.6 2053.9 3152.24 2801.12 1632.85
361.16 541.47 670.73 2249.49 1159.56 682.02
521.33 731.76 1059.51 1593.81 1757.21 1156.48
929.12 1339.16 2039.99 3134.01 2805.53 1670.87
784.57 1095.34 1421.76 2077.76 2483.2 2179.71
506.17 714.54 983.84 1550.86 1349.09 884.29
672.96 1007.89 1419.3 3576.46 2295.09 1354.85
806.75 1181.32 1677.38 3342.21 2240.1 1349.38
748.86 1066.99 1573.08 2795.44 2176.98 1284.4
559.57 787.3 1144.35 1724.48 2031.55 1344.25
642.62 912.31 1384.27 2108.42 1867.25 1091.24
666.98 972.57 1425.06 2782.5 2093.79 1285.01
524.2 884.77 878.14 4939.52 1784.87 869.59
760.65 1134.58 1700.04 2504.63 2405.91 1588.16
981.83 1485.47 2255.73 3339.68 3174.67 2050.56
774.15 1113.55 1509.94 3163.78 2529.86 1874.18
325.0 578.35 603.98 3878.69 1627.0 986.25
678.87 999.15 1230.62 3214.39 2140.1 1573.88
288.71 388.77 523.96 804.53 587.83 384.07
965.25 1389.88 2003.2 3119.11 3629.69 2515.34
756.55 1125.77 1586.78 3714.26 2665.18 1525.58
502.94 787.98 1000.2 3886.13 2053.04 1263.0
413.97 636.04 818.37 3156.95 1531.32 859.93
937.17 1406.44 2084.25 3443.38 3589.05 2350.89
882.04 1294.45 1822.03 3099.45 2244.99 1450.04
996.26 1420.34 1901.14 2865.78 2968.72 2372.27
716.68 1064.39 1507.99 3794.3 2563.31 1454.85
432.65 591.13 807.28 1173.47 1398.88 1051.67
526.76 733.92 999.86 1460.7 1644.5 1269.76
757.52 1117.75 1622.39 2875.67 2725.67 1739.83
763.47 1090.16 1617.83 2635.92 2500.12 1485.13
590.06 849.9 1200.98 1929.61 1366.86 837.7
741.99 1054.59 1321.29 2482.05 2513.89 2173.55
793.58 1149.39 1609.25 2577.51 2232.96 1439.27
312.4 422.71 612.85 956.36 1061.11 655.67
498.93 703.58 968.09 1525.0 1326.83 870.31
681.58 1038.8 1435.81 3745.74 2522.53 1501.62
934.36 1356.29 2005.34 3108.64 3044.97 1940.72
326.31 435.46 601.18 915.29 730.35 481.89
866.14 1253.65 1801.15 2831.25 2623.28 1625.17
828.25 1171.11 1602.17 2355.85 2583.65 2067.16
799.75 1152.92 1705.79 2613.48 2468.25 1602.64
437.96 675.05 913.76 2759.56 1507.46 870.4
644.8 930.84 1257.96 2310.11 2209.3 1678.58
488.49 705.1 843.58 2210.49 1547.24 1231.85
937.26 1359.83 2021.35 3107.41 2933.64 1897.93
614.89 868.42 1277.93 2068.03 1962.65 1174.95
120.58 131.24 149.64 177.78 167.73 137.71
865.04 1220.1 1723.68 2675.43 2579.52 1867.98
873.88 1257.87 1761.26 2725.9 2947.56 2200.33
447.44 647.07 954.59 1384.75 1310.67 859.19
109.45 316.11 191.38 4274.44 1162.34 466.42
465.53 662.96 842.37 2108.53 1611.5 1246.21
742.16 1040.37 1376.79 2047.72 2143.08 1749.58
738.39 1066.71 1624.24 2483.2 2208.82 1310.33
220.4 278.62 347.27 489.25 496.49 399.45
202.33 429.2 239.54 5043.06 1281.25 545.22
217.31 388.57 397.15 4421.9 1250.55 569.79
943.49 1324.63 1730.6 2480.05 2988.92 2639.22
872.91 1255.56 1723.37 2688.04 2550.22 1835.51
452.52 718.33 752.37 3889.19 1857.0 1312.33
976.37 1383.74 1930.01 2840.47 2978.61 2298.75
888.7 1306.63 1861.38 3053.1 2168.83 1330.97
566.76 905.61 1024.07 4628.37 2044.04 1064.63
786.84 1129.87 1664.17 2535.17 2801.53 1822.24
552.39 780.72 1138.16 1724.99 1631.09 1071.47
885.06 1297.21 1858.62 2832.04 2684.45 1913.4
916.92 1335.95 1951.65 3404.57 3603.47 2364.8
240.69 308.37 425.55 608.0 548.96 359.57
916.69 1370.12 2013.41 3193.67 2756.03 1785.37
89.83 251.96 98.02 4159.64 1041.91 391.06
823.93 1224.6 1822.62 2677.52 2401.76 1521.59
261.39 434.21 460.73 3486.67 1272.04 683.08
907.37 1327.57 1881.24 3027.07 2279.66 1473.59
851.5 1259.6 1715.74 3428.36 2532.23 1621.77
286.38 543.02 452.81 4880.46 1566.95 765.42
770.15 1130.84 1658.36 2417.56 2274.74 1521.22
377.69 650.81 693.03 4302.31 1593.83 854.59
838.7 1205.63 1562.5 3038.29 2732.31 2295.38
342.93 456.24 595.62 839.98 979.93 798.84
788.59 1231.41 1639.72 4090.94 3026.63 1885.28
675.51 994.0 1469.45 2250.83 2478.22 1634.58
876.57 1279.57 1746.8 3039.7 2386.67 1718.62
891.16 1251.07 1638.81 2405.13 2890.9 2487.67
593.91 884.88 1224.32 2549.07 1855.11 1228.92
819.37 1175.92 1646.74 2645.1 2085.04 1290.19
941.4 1328.07 1798.7 2618.01 2946.98 2427.5
416.43 654.07 764.77 2936.26 1302.03 725.91
528.72 783.18 978.13 2714.03 1682.25 1222.08
654.5 1004.04 1335.36 3861.4 2735.64 1685.96
488.66 782.87 879.54 3984.98 1964.81 1292.41
453.02 759.34 718.62 4669.73 1575.83 793.86
993.16 1416.31 1960.96 2919.65 3156.36 2432.15
647.87 952.94 1207.57 3277.96 2209.09 1714.86
844.68 1222.01 1700.96 2705.98 2424.84 1626.63
483.33 674.77 972.96 1459.07 1607.73 1061.19
875.69 1303.35 1798.71 3213.34 2705.49 1942.27
937.26 1322.95 1736.55 2536.35 2848.43 2467.28
265.63 344.42 475.88 724.53 616.79 398.29
701.58 1019.74 1496.36 2852.32 2171.13 1280.79
926.17 1369.32 2072.6 3740.24 3851.38 2250.83
280.85 380.7 532.18 745.39 685.31 459.94
319.69 551.46 530.04 4188.48 1413.38 800.5
828.59 1209.53 1777.51 2733.45 2811.39 1850.89
838.25 1239.54 1704.85 3420.55 2488.33 1559.73
207.88 261.76 345.68 482.49 524.32 370.51
957.58 1363.01 1820.42 2732.89 2919.77 2361.16
239.92 334.47 438.91 1096.53 664.24 413.4
964.55 1380.88 2084.56 3219.25 2871.08 1739.23
894.41 1284.84 1807.41 3067.65 2796.92 2008.47
398.46 667.22 760.42 3692.85 1937.96 1238.43
312.82 541.95 561.84 4109.85 1592.26 795.65
947.91 1356.29 1972.73 3141.02 2471.89 1553.18
147.72 216.33 206.15 1429.19 490.96 266.18
567.24 813.84 1187.91 1813.14 1843.54 1199.32
953.6 1369.35 2013.99 3255.86 3169.43 1982.2
650.78 973.32 1285.62 3532.08 2375.5 1605.85
963.84 1412.34 2072.97 3179.53 3431.41 2282.58
952.01 1356.43 1820.59 2614.11 3032.36 2571.23
786.37 1163.11 1718.99 2519.65 2289.66 1481.29
274.16 366.5 491.26 750.2 550.21 362.16
960.65 1392.33 1940.08 2812.75 3072.02 2430.46
886.21 1291.9 1771.95 3299.0 2322.79 1405.93
190.85 412.47 249.21 4701.3 1160.58 501.03
811.62 1180.66 1718.05 2941.95 2557.78 1665.1
908.93 1308.12 1950.69 3217.27 3031.84 1790.53
476.7 835.26 703.02 5161.04 1678.17 819.21
356.79 485.48 692.49 1151.39 941.02 580.07
81.2 173.18 95.19 2117.46 564.31 240.24
519.32 795.27 1050.16 2570.69 1632.05 1044.08
327.49 543.39 547.99 4216.5 1473.54 908.13
380.39 521.9 743.43 1107.14 1048.95 702.1
855.54 1240.26 1823.77 3327.81 2889.32 1693.25
257.18 482.77 422.09 4410.71 1234.13 589.83
730.02 1046.53 1453.57 2154.98 2493.02 1911.38
310.97 497.38 592.99 2734.04 1208.54 625.18
987.03 1398.22 1986.2 2953.09 2973.86 2185.56
938.44 1357.37 1901.59 3156.41 2428.83 1491.59
548.83 837.3 1179.37 3661.78 1987.51 1051.23
902.45 1362.32 2023.36 3288.66 2934.55 1941.68
862.13 1259.41 1849.7 2835.61 3044.56 2007.76
934.53 1348.16 1894.36 3052.54 2402.81 1480.72
95.57 228.6 121.24 4608.95 986.77 389.01
266.46 555.76 410.88 4850.95 1418.46 664.92
379.78 655.73 773.47 4319.95 1932.18 1053.82
235.01 298.24 378.92 527.3 605.75 490.21
544.49 782.5 1127.19 1825.02 1841.89 1195.42
862.4 1263.93 1848.28 3218.69 2766.72 1765.79
974.47 1452.5 2166.55 3187.45 2940.37 1893.07
391.24 534.65 776.84 1154.12 1056.78 668.29
753.41 1092.04 1675.25 2577.91 2250.78 1297.16
804.59 1141.1 1551.11 2394.39 2557.46 2007.13
733.55 1053.94 1546.78 2384.54 2336.2 1497.71
572.31 807.06 1217.86 1848.17 1638.25 962.8
224.62 281.62 346.43 468.23 539.12 471.3
586.99 828.52 1227.41 2076.72 1689.0 1009.2
550.03 786.99 1145.56 1741.87 1854.9 1210.78
930.12 1367.26 1902.74 3337.69 2700.3 1716.61
882.37 1281.76 1776.24 3172.45 2315.42 1410.43
256.05 342.21 472.91 656.88 605.04 410.58
440.0 724.09 838.15 4036.98 1653.39 965.64
103.39 223.49 122.81 3009.71 806.45 331.31
665.49 947.27 1372.87 2078.36 2016.64 1373.56
974.52 1415.88 2091.56 3241.13 3183.76 2040.44
572.16 833.49 1223.52 1781.11 1601.26 1027.19
944.42 1322.33 1708.48 2431.5 3015.85 2712.12
605.73 858.07 1257.79 2129.62 1951.36 1162.66
893.83 1252.81 1660.64 2430.46 2883.36 2458.95
303.22 570.94 365.17 5072.54 1237.04 512.21
354.21 482.11 640.44 1124.56 1015.43 758.1
430.86 594.86 811.4 1270.59 1012.99 647.41
614.23 909.64 1286.95 3415.64 1993.21 1121.47
906.69 1289.62 1633.07 2943.62 2826.43 2426.67
662.56 922.15 1242.18 1864.5 1924.85 1543.46
854.9 1276.34 1777.36 3532.41 3163.65 2001.57
935.32 1352.27 2000.69 3058.44 3383.94 2197.41
945.97 1384.62 2137.59 3498.79 3918.57 2318.78
275.3 495.99 454.91 4381.56 1268.89 598.3
332.1 551.6 652.85 3954.86 1774.99 956.0
928.68 1330.27 1897.13 2956.12 3468.44 2492.08
829.76 1170.79 1592.13 2371.68 2834.92 2262.55
919.79 1327.39 2007.07 3163.81 2798.59 1682.09
971.33 1390.17 2112.85 3239.03 2881.43 1716.79
698.75 1062.66 1532.39 3426.12 2797.6 1773.17
820.66 1251.44 1807.83 3555.18 2589.32 1577.56
584.56 839.71 1225.79 1867.86 1989.56 1296.02
910.5 1291.18 1741.24 2614.76 2904.03 2304.3
945.22 1356.7 1993.72 3226.13 3152.14 1977.42
985.87 1389.38 1869.88 2776.26 2857.23 2349.56
677.34 969.7 1387.48 2717.1 1949.69 1142.46
417.64 577.96 828.93 1240.96 1175.03 782.1
856.69 1275.45 1900.58 2927.97 3226.95 2117.7
886.57 1248.64 1675.22 2433.69 2973.02 2452.41
684.51 1001.35 1461.55 2492.71 2321.78 1488.12
762.09 1159.48 1682.71 3491.25 2410.97 1468.17
674.8 995.14 1394.56 2769.37 1687.92 998.05
294.2 509.6 521.68 4496.08 1276.48 610.58
848.48 1227.07 1761.94 2768.32 2565.13 1590.02
538.22 738.48 972.49 1430.9 1564.41 1306.61
706.62 1036.77 1459.97 2893.73 2214.67 1399.24
585.52 918.86 1136.98 3924.09 1919.26 1062.35
923.84 1343.45 1991.39 3187.43 2913.94 1877.72
570.41 902.45 1227.6 3889.53 2105.35 1113.65
481.78 701.15 1039.06 1511.74 1430.34 934.23
367.24 648.54 699.36 4533.26 1636.99 847.29
713.03 1023.04 1499.92 2310.55 2263.77 1452.44
419.38 661.1 827.71 3804.61 1554.11 813.2
895.36 1322.03 1936.16 3238.87 3097.58 2001.12
891.71 1292.08 1907.96 2954.86 2894.45 1846.64
174.14 340.99 318.73 4263.96 1209.51 571.83
671.5 1040.99 1456.88 3741.43 2194.87 1302.79
783.51 1117.01 1411.68 2776.58 2623.45 2253.28
530.92 760.2 964.59 2209.94 1793.5 1399.28
769.01 1133.78 1559.31 3608.22 2167.23 1286.33
851.76 1247.79 1846.57 2848.14 2901.74 1874.46
407.81 703.55 637.16 4786.21 1629.0 812.6
648.12 921.86 1348.25 2043.33 2255.9 1474.4
317.62 427.7 583.22 875.82 816.75 533.23
706.08 1017.0 1418.86 2264.96 1963.88 1270.31
975.05 1402.84 2044.22 3106.69 3701.62 2525.54
140.79 191.62 177.97 981.72 341.93 205.42
66.33 193.49 74.26 4401.71 898.12 341.56
913.41 1301.18 1872.02 2817.54 2850.44 2031.37
783.0 1129.49 1579.12 2306.37 2508.75 1950.51
966.89 1420.83 2187.31 3676.73 4026.13 2365.15
422.52 607.83 893.29 1292.6 1223.83 804.74
907.83 1305.71 1830.68 2760.68 3055.74 2291.94
722.66 1036.92 1528.88 2336.57 2207.34 1437.09
413.5 564.71 794.29 1229.42 973.22 629.03
819.33 1170.12 1578.55 2687.51 2363.55 1740.27
715.96 1035.87 1587.29 2583.49 2887.26 1711.46
983.73 1396.53 2012.85 3013.27 2954.4 2086.91
762.09 1140.76 1585.63 3407.99 1954.88 1137.64
529.48 740.96 1082.53 1741.57 1653.67 996.64
996.14 1420.43 1901.99 2868.58 2967.53 2368.04
645.93 985.51 1304.34 3831.14 2282.12 1448.14
784.27 1118.26 1683.7 2697.48 2310.36 1370.56
346.08 573.23 678.07 3095.38 1452.28 792.07
941.66 1367.45 2016.02 3228.77 3440.1 2221.42
102.78 244.41 141.76 4197.73 1023.3 388.25
909.0 1329.38 2051.41 3367.01 3758.37 2218.33
959.36 1357.39 1839.87 2689.41 3277.41 2650.24
252.67 462.21 389.33 4286.97 1140.06 534.77
631.98 898.1 1228.8 1900.17 1602.05 1171.47
685.16 1016.14 1219.39 3557.55 2367.53 1892.0
938.41 1342.94 1926.56 2896.0 3448.9 2435.8
559.67 862.7 1129.81 3925.78 1952.61 1056.65
623.48 883.11 1283.6 1917.76 1824.83 1235.55
701.24 1091.55 1339.88 3765.18 2380.52 1556.0
944.33 1324.52 1714.37 2437.54 2997.1 2696.36
858.96 1211.15 1599.95 2271.53 2634.06 2292.67
455.23 736.5 869.59 4083.27 1827.67 1011.27
459.76 783.25 751.23 4905.31 1751.98 902.92
989.94 1415.47 1942.76 2865.24 3276.74 2582.24
565.53 888.72 1237.66 3760.08 2015.34 1165.7
838.29 1233.46 1697.56 3313.98 2285.52 1370.38
326.19 488.79 565.77 2618.57 1236.24 867.96
911.05 1352.75 1997.89 3069.01 3413.53 2297.1
942.35 1322.67 1737.51 2492.29 2973.21 2600.58
592.51 852.44 1246.74 1905.79 1937.84 1258.77
558.75 770.81 1031.81 1529.61 1703.43 1361.39
869.19 1249.09 1791.41 3022.63 2857.62 1846.48
538.37 769.73 1120.69 1707.3 1735.83 1131.41
746.92 1086.42 1559.9 2784.57 2443.39 1568.5
717.39 1029.0 1516.8 2317.66 2189.52 1425.79
808.07 1128.28 1479.8 2120.94 2471.57 2142.21
946.06 1331.73 1747.26 2530.47 2982.62 2572.61
585.31 862.43 1020.11 3285.36 2143.55 1729.46
526.58 739.63 1071.47 1612.44 1777.87 1169.65
916.63 1313.69 1905.92 3154.01 2405.05 1500.46
948.36 1344.48 1856.94 2836.61 3081.3 2345.61
441.3 616.38 842.67 1319.13 1149.59 759.02
648.55 898.87 1187.04 1756.99 2061.42 1720.15
242.15 488.97 411.64 4660.75 1527.15 699.29
112.33 118.45 129.17 145.62 140.14 122.52
892.11 1307.68 1869.43 2880.26 2744.47 1967.27
870.34 1312.14 1944.82 3399.23 2702.92 1669.51
462.66 673.59 833.75 2104.85 1683.48 1304.69
420.61 582.77 811.88 1242.96 1155.93 738.24
388.4 531.3 755.36 1119.41 1312.11 880.81
909.56 1324.13 1944.27 3278.4 3334.69 2146.09
996.38 1404.59 1849.45 2658.04 3132.37 2718.07
923.53 1338.71 2008.96 3055.11 2812.03 1781.42
619.95 979.4 1321.84 3892.96 2136.17 1144.55
982.64 1423.65 1987.51 2873.77 2959.34 2284.05
672.26 939.98 1279.05 1867.36 2257.59 1776.78
986.77 1390.15 1867.31 2767.26 2866.63 2369.02
985.34 1419.25 2035.31 3098.42 3178.37 2228.19
966.03 1434.42 2124.23 3120.15 2933.34 1934.19
373.85 499.57 671.06 994.67 977.94 749.92
898.37 1264.74 1740.53 2663.42 2797.95 2180.03
973.24 1378.57 1905.96 2902.64 2725.35 2076.42
474.39 722.07 828.55 3538.69 1833.38 1393.6
509.76 717.01 1009.83 1560.77 1449.54 915.71
835.02 1206.72 1778.5 2750.44 2694.35 1721.57
982.7 1417.45 1994.0 2984.6 3337.37 2477.87
701.14 994.09 1291.09 2282.2 2386.27 1990.25
812.57 1159.42 1639.58 2487.07 2623.12 1895.45
982.19 1489.66 2269.62 3377.78 3176.76 2028.4
993.23 1436.83 2005.29 2894.3 3021.82 2342.49
660.08 998.18 1301.68 3473.92 2333.08 1595.88
946.83 1334.33 1747.58 2508.7 3068.22 2689.88
992.15 1443.92 2034.85 3043.05 3482.39 2618.41
918.55 1349.85 2002.14 3093.23 3151.89 2032.35
896.64 1280.18 1824.42 2735.17 3273.02 2347.01
773.18 1121.57 1659.22 3176.63 2384.5 1383.16
762.34 1145.68 1595.94 3785.23 2698.8 1538.75
795.41 1190.88 1716.06 3519.32 2955.34 1865.46
688.0 1041.59 1444.7 3408.75 2418.98 1543.2
767.52 1069.51 1383.57 1990.81 2280.22 2002.56
673.21 988.97 1295.82 2982.63 2044.68 1372.9
320.22 421.71 544.25 755.58 827.2 697.66
993.58 1395.96 1847.87 2699.19 2937.65 2516.13
341.24 559.06 594.77 3230.83 1237.04 679.94
393.54 644.8 770.54 4043.48 1863.84 1065.19
835.45 1194.45 1780.11 2706.24 2535.29 1619.59
950.15 1386.23 2013.86 3075.55 3211.68 2199.11
946.34 1333.52 1712.66 2731.88 2963.67 2621.71
223.81 477.16 390.16 4702.11 1473.38 682.37
396.57 560.72 805.71 1155.94 1042.96 682.38
420.46 584.86 797.33 1244.7 1085.51 718.79
390.54 574.66 740.09 2152.86 1219.85 731.92
957.98 1384.27 1944.24 3162.77 2472.58 1520.95
762.94 1103.02 1677.43 2561.65 2281.97 1362.52
764.37 1109.41 1704.17 2778.66 3106.3 1838.1
890.15 1251.16 1643.67 2405.53 2949.89 2543.52
267.31 495.39 507.19 4136.44 1544.02 757.5
218.97 287.28 333.61 918.67 602.62 487.31
294.53 387.07 541.47 833.49 706.96 450.34
909.69 1285.13 1697.62 2425.42 2843.54 2462.68
487.61 669.09 942.7 1459.98 1339.76 926.19
939.52 1338.72 1919.28 2865.74 2895.31 2086.43
798.37 1184.85 1761.8 2710.0 2985.94 1962.19
767.02 1125.22 1447.32 3440.57 2599.55 1829.93
775.0 1147.69 1713.08 2508.85 2284.61 1443.46
950.43 1346.06 1794.53 2690.78 2796.22 2264.03
1007.4 1408.39 1813.04 2574.33 3112.97 2824.44
912.7 1327.2 1925.78 3235.44 3552.07 2363.44
987.41 1396.03 1905.76 2877.21 3143.51 2465.94
325.75 568.29 592.06 4332.26 1444.29 690.84
903.69 1302.0 1910.55 3112.85 2787.98 1813.66
894.64 1256.82 1661.57 2432.33 2982.27 2536.72
419.46 596.52 831.41 1632.74 1318.48 833.92
645.73 916.96 1391.62 2119.92 1877.37 1096.92
973.41 1400.85 1963.35 3021.29 2979.42 2066.87
227.66 298.14 405.06 555.56 513.15 354.07
856.52 1285.54 1782.19 3619.85 2876.92 1786.65
469.74 635.2 804.75 1142.52 1419.69 1272.88
967.41 1402.38 2071.75 3292.53 3776.17 2458.35
806.93 1230.88 1767.98 3495.19 2504.12 1531.36
768.45 1184.08 1536.48 3837.69 2639.34 1633.92
730.89 1041.53 1543.29 2511.39 2382.26 1417.12
277.24 476.87 528.05 4107.97 1214.44 587.53
520.02 738.16 1114.17 1793.47 2000.61 1198.84
849.77 1218.97 1719.99 2823.81 2719.31 1992.21
916.73 1327.05 2029.99 3214.45 2787.31 1613.83
958.68 1369.67 1927.04 2873.91 3308.91 2453.17
485.99 686.46 1032.01 1656.28 1846.63 1109.82
677.79 955.25 1340.14 1987.27 2256.39 1648.49
729.2 1081.46 1518.46 3034.17 2602.58 1733.99
569.13 835.98 1177.19 2933.45 2022.98 1149.72
851.48 1250.94 1721.1 3426.22 2313.11 1429.82
941.11 1329.74 1817.58 2656.78 2938.9 2374.11
932.54 1359.74 1979.5 3305.5 3069.12 1985.1
930.87 1342.58 1988.09 3036.92 3592.08 2349.5
816.07 1147.27 1566.43 2458.81 2485.42 1950.22
961.99 1396.08 2051.59 3191.03 3135.69 2033.71
832.04 1180.25 1583.95 2258.89 2555.4 2160.74
505.53 701.58 998.02 1572.38 1232.5 785.68
736.22 1055.64 1454.19 2263.3 1924.23 1398.01
926.07 1316.33 1940.21 3120.02 2705.79 1707.29
283.74 375.51 518.44 751.45 822.71 560.73
939.93 1345.68 2042.91 3177.51 2788.32 1651.92
1006.37 1407.17 1814.91 2567.93 3094.94 2809.31
796.06 1205.87 1710.16 4142.18 3327.38 1894.31
930.93 1328.16 1865.3 2797.72 3243.73 2410.94
188.51 410.64 208.71 5073.42 1227.3 497.43
617.25 975.75 1152.28 4450.95 2162.8 1222.41
482.35 697.4 943.05 1859.91 1183.45 747.84
957.82 1362.61 1869.19 2770.73 3079.07 2429.64
590.77 866.37 1094.71 3209.12 2105.44 1548.56
109.19 114.03 121.35 133.53 135.84 122.69
891.98 1251.73 1643.86 2404.92 2919.66 2522.08
747.27 1108.48 1392.69 3520.55 2522.06 1814.98
184.48 225.22 287.09 404.34 335.31 242.56
865.59 1289.28 1921.77 2961.23 3263.73 2141.44
483.94 779.95 772.0 4351.41 1647.4 973.74
963.47 1404.06 1979.1 2877.62 3084.98 2384.5
977.46 1393.31 2063.4 3127.37 2917.52 1899.84
887.12 1337.79 1976.93 3475.0 3452.24 2231.18
302.55 529.68 609.26 3393.94 1466.63 769.74
847.07 1224.94 1758.81 2763.28 2560.48 1587.21
818.72 1268.92 1811.72 3790.21 2713.33 1666.02
550.73 799.6 1177.14 1708.52 1558.79 997.1
805.53 1195.97 1778.83 2736.75 3015.51 1981.27
836.68 1232.94 1780.49 3395.84 2707.93 1712.94
923.76 1320.04 2006.2 3074.44 2728.76 1619.85
567.76 788.77 1142.18 1813.22 1582.89 1015.05
363.39 576.39 557.96 2841.87 1030.0 545.45
970.89 1405.57 2079.21 3288.28 3781.51 2465.39
694.34 986.11 1429.7 2160.06 2562.02 1735.77
297.59 421.45 587.25 1187.73 857.09 554.99
570.89 909.23 1195.08 3897.15 1977.06 1137.13
951.92 1391.55 2032.71 3366.69 3122.8 1976.16
527.89 768.41 1133.55 2287.3 1599.38 911.84
991.86 1444.47 2038.64 3051.28 3488.44 2614.31
284.72 378.16 510.16 758.53 708.39 467.73
997.04 1395.84 1826.46 2636.25 3043.01 2677.09
906.19 1309.64 1833.27 2676.89 2839.14 2175.76
488.84 870.99 792.92 4649.15 1826.01 950.78
975.73 1480.96 2249.51 3398.37 3157.6 2014.74
267.49 501.42 420.2 4686.16 1445.56 698.71
751.06 1111.36 1649.22 2533.18 2790.43 1836.03
733.97 1076.2 1577.09 3541.77 2360.71 1358.74
942.09 1364.85 1952.65 3061.49 2887.99 1840.27
454.91 711.05 914.89 3976.2 1753.42 907.78
751.5 1080.33 1595.08 2440.19 2304.97 1499.04
499.11 855.86 786.15 5101.06 1712.17 827.96
954.34 1372.87 2036.21 3315.17 3181.9 1930.79
659.92 981.16 1226.99 3387.98 2081.04 1451.83
480.05 713.19 982.9 2987.31 1555.21 875.39
441.72 684.15 883.04 4191.2 1700.04 893.23
836.55 1203.24 1767.08 3313.25 2477.13 1451.78
834.94 1239.65 1694.84 3326.71 2548.42 1643.52
975.68 1395.55 1911.91 2980.43 2654.54 1899.94
649.97 897.39 1156.51 1637.26 2006.12 1784.15
485.5 751.48 1009.72 3623.89 2034.73 1197.85
783.46 1099.83 1448.69 2116.14 2594.66 2220.93
570.54 819.69 1169.09 1696.01 1636.81 1152.68
425.31 573.79 747.4 1069.51 1240.53 1050.72
432.42 770.72 836.48 4428.12 1718.11 907.76
865.01 1243.08 1890.63 2890.83 2598.84 1551.5
839.98 1228.94 1608.19 3220.08 2664.14 1966.9
713.51 1110.58 1361.76 4311.7 2788.68 1685.0
814.65 1193.56 1705.53 2768.07 1947.42 1175.76
703.41 1069.65 1362.1 4005.21 2754.97 1749.12
740.39 1076.83 1583.83 2427.82 2592.0 1685.72
999.78 1402.88 1813.49 2596.21 3014.78 2710.93
434.54 741.73 728.43 3577.5 1321.79 689.1
302.36 542.91 586.22 4351.49 1582.14 738.31
931.22 1325.2 1879.6 2939.68 2567.66 1794.65
663.53 1001.0 1389.84 3732.49 2286.04 1391.44
562.44 828.93 1201.55 2195.17 2082.44 1357.7
624.3 893.26 1240.89 1972.82 1712.37 1112.39
844.54 1243.75 1831.12 2957.34 2900.45 1858.14
808.61 1145.71 1708.13 2771.9 2310.96 1376.18
693.09 1000.32 1363.48 2423.67 1771.26 1088.59
660.21 1009.3 1353.44 3996.49 2797.77 1724.6
544.1 857.73 1119.54 3980.34 1934.37 1024.78
976.74 1426.6 2027.73 2946.83 2927.06 2157.48
523.27 850.98 1066.61 4118.04 1893.02 1054.58
863.95 1267.72 1943.51 3227.26 2665.58 1515.71
843.32 1226.14 1722.54 2741.39 2134.82 1433.62
670.41 1004.25 1447.11 3738.41 2221.96 1218.03
286.42 389.35 545.5 765.28 703.35 471.04
890.95 1300.11 1998.28 3261.6 3657.52 2181.92
943.21 1320.61 1707.92 2438.62 2968.64 2667.82
808.47 1179.74 1761.5 3346.05 2547.21 1497.74
904.28 1325.42 1956.27 3007.92 3220.22 2100.81
931.76 1351.51 1897.23 2855.78 3321.07 2513.5
592.97 996.71 1105.36 4373.62 2334.44 1347.66
749.33 1075.55 1580.25 2411.21 2295.81 1515.12
620.96 908.2 1228.62 2687.91 2163.92 1537.44
754.96 1107.92 1601.85 3427.13 2357.52 1350.35
1007.01 1410.82 1822.14 2584.26 3134.02 2827.93
564.39 779.01 1019.17 1510.97 1638.31 1355.11
901.32 1303.75 1904.33 2990.38 2841.76 1913.9
245.14 429.37 459.81 4146.99 1209.2 579.87
958.42 1433.6 2142.6 3158.44 2829.72 1785.78
549.61 777.85 1162.32 1892.07 1585.66 927.48
854.23 1234.45 1677.56 3026.89 2758.95 2054.62
418.05 586.68 814.53 1287.41 922.18 578.76
873.95 1252.98 1816.08 3006.89 2284.98 1415.71
908.48 1295.56 1925.94 3219.03 2647.46 1591.02
970.58 1429.31 2067.16 3138.74 3546.62 2515.65
1009.11 1410.44 1807.04 2545.97 3104.15 2852.0
440.68 629.77 890.51 1508.55 1512.54 1039.04
772.36 1080.65 1473.81 2149.58 2348.68 1885.85
766.18 1130.91 1667.51 2555.4 2831.9 1895.37
907.56 1354.0 1948.77 3200.4 2957.26 2095.76
77.16 202.66 77.7 4639.65 951.57 362.2
635.32 993.06 1258.61 3901.27 2176.02 1276.06
990.59 1424.61 1942.47 3002.31 2910.81 2166.41
997.15 1404.9 1846.71 2651.07 3131.05 2726.72
450.96 637.05 888.48 1410.29 1007.27 628.31
873.16 1278.44 1839.11 3300.48 3234.61 2111.83
326.39 511.4 615.06 3057.6 1237.96 694.58
335.71 456.63 612.91 941.96 824.87 555.14
893.22 1292.6 1800.73 2934.35 3121.35 2306.48
712.92 1062.64 1503.79 2706.69 2127.31 1382.02
334.51 457.99 644.84 955.57 1014.47 678.82
876.8 1305.08 1951.96 2874.16 2616.76 1655.7
336.43 571.29 614.41 3696.81 1383.51 706.37
762.0 1080.91 1475.73 2293.48 2051.02 1464.45
666.61 947.45 1318.29 2104.64 1663.51 1037.45
628.59 907.57 1330.76 2038.09 2072.49 1343.68
723.61 1081.92 1633.87 2405.95 2272.99 1462.64
943.75 1388.04 2060.31 3178.34 3390.25 2182.59
796.62 1184.98 1755.29 3359.06 3302.52 1926.48
853.0 1245.98 1915.82 3017.91 2594.14 1485.11
157.51 352.39 232.96 4650.63 1194.26 492.43
866.69 1295.45 1920.47 3709.41 3627.19 2110.41
869.12 1239.92 1695.18 2869.61 2918.58 2187.61
889.25 1260.51 1677.62 2523.89 2695.04 2236.81
479.07 802.22 783.57 4765.04 1800.69 992.29
878.08 1321.28 1928.4 3480.58 3389.62 2230.24
811.6 1130.46 1461.2 2115.57 2631.19 2339.49
369.14 607.75 711.13 4171.27 1549.71 873.0
838.08 1271.02 1657.05 3665.12 2505.61 1549.09
506.8 839.97 918.24 4516.68 1751.21 915.06
927.07 1321.19 1831.96 2756.15 3033.6 2324.22
438.49 608.42 869.96 1364.25 1537.13 1021.61
196.08 421.26 276.55 4579.32 1146.28 513.06
337.23 473.54 683.52 977.23 926.65 618.38
918.68 1306.58 1748.24 2654.87 2855.14 2287.15
970.33 1420.92 2191.73 3584.84 4016.52 2384.59
802.87 1162.4 1685.91 3422.22 2405.64 1398.23
718.2 1035.33 1445.22 2308.24 2001.14 1293.71
797.77 1183.5 1714.97 2748.73 2392.27 1584.04
625.13 904.85 1300.64 1884.9 1781.83 1234.83
954.53 1360.73 2018.44 3071.19 2880.32 1867.46
306.73 540.41 549.6 4283.82 1347.43 642.21
923.41 1361.76 1853.54 3335.36 2708.31 1780.6
872.59 1245.46 1831.86 3126.25 2570.33 1581.94
515.58 843.6 888.02 4794.53 1892.56 956.48
553.16 787.73 1192.91 1812.46 1591.07 930.27
203.92 254.04 330.14 474.38 389.46 275.36
944.86 1366.74 1920.19 3127.55 3311.18 2341.36
922.0 1339.67 1985.56 3127.57 2895.54 1869.46
702.0 1018.99 1498.65 2296.34 2447.53 1585.89
881.12 1230.24 1586.07 2297.54 2883.41 2581.21
941.19 1393.02 2022.96 3153.87 2876.72 1970.65
302.38 407.49 588.67 915.99 1015.79 629.47
822.58 1180.86 1726.96 2625.53 2923.87 1945.15
894.93 1311.14 1916.21 3392.92 2974.77 1875.41
946.05 1342.18 1868.02 2863.28 2668.31 1993.93
962.41 1389.82 1954.1 3150.56 2480.44 1528.16
393.14 738.73 613.03 4372.8 1694.53 905.77
902.74 1285.08 1729.61 2520.23 2946.67 2468.99
551.84 775.77 1125.96 2074.71 1553.02 926.94
871.23 1252.08 1827.58 2874.79 3289.1 2223.52
169.17 207.62 248.42 439.3 312.41 221.59
144.12 366.95 188.81 4828.42 1281.85 524.95
184.81 226.96 300.73 413.91 376.21 254.93
195.48 418.78 279.49 5021.06 1232.69 551.6
832.24 1253.55 1813.49 3200.66 2757.94 1879.65
730.41 1045.25 1535.64 2335.08 2579.55 1680.73
949.63 1419.87 2121.72 3125.07 2801.43 1768.42
946.67 1373.11 2036.86 3129.13 2968.3 1934.14
581.6 866.51 1095.58 3245.34 2159.86 1650.95
986.16 1424.97 2111.45 3227.56 3819.81 2501.58
217.08 273.91 344.27 480.28 528.65 431.21
409.75 676.71 639.95 4290.76 1748.42 1161.09
183.74 226.01 292.17 400.8 383.42 279.83
818.25 1187.9 1662.61 2697.53 2314.6 1488.74
893.68 1305.65 2012.57 3129.17 2714.86 1554.37
510.88 871.16 784.07 5009.26 1969.83 1105.68
973.02 1391.04 2099.21 3208.23 2891.39 1767.28
913.97 1289.53 1799.5 2763.12 2761.15 2078.25
900.8 1287.48 1890.18 2862.76 2777.64 1868.72
846.64 1201.6 1657.11 2462.94 2697.37 2087.99
294.24 396.53 551.29 808.68 857.46 579.44
940.32 1422.74 2161.57 3222.35 3032.0 1946.05
944.37 1387.45 2139.18 3640.69 3943.52 2316.22
269.47 474.87 515.47 4605.26 1554.49 811.75
536.88 825.76 1106.07 4067.99 1907.46 1025.2
926.62 1334.08 1865.68 2988.16 2411.41 1533.52
894.85 1261.29 1670.89 2452.18 2980.64 2527.53
445.39 624.77 933.96 1492.56 1662.89 1003.59
231.8 464.4 434.45 4494.58 1584.5 756.59
880.39 1312.31 1956.96 2878.54 2581.28 1632.46
382.77 538.9 775.75 1109.11 1015.18 662.8
358.47 587.41 645.71 3433.14 1396.15 810.37
856.75 1230.34 1719.39 2753.24 2208.37 1395.74
538.25 778.58 1011.94 2157.71 1366.26 827.8
953.37 1360.47 1835.53 2682.07 3199.87 2641.93
478.21 665.67 913.2 1438.09 1143.64 725.74
479.52 666.39 968.23 1550.6 1472.92 892.33
196.46 387.55 316.1 4696.91 1198.92 543.52
289.05 382.72 529.6 768.24 894.55 611.83
539.63 748.52 993.6 1425.14 1628.38 1357.7
907.2 1283.35 1657.26 2611.59 2951.82 2566.21
926.56 1372.55 2027.11 2974.94 2807.48 1862.45
898.7 1287.08 1766.97 2743.24 3083.05 2394.84
878.41 1258.44 1798.97 2722.54 2774.48 2000.91
953.88 1376.97 1935.27 3118.86 2457.59 1516.23
688.56 993.22 1519.46 2324.12 2036.59 1178.35
494.01 836.04 971.15 4265.07 2045.74 1153.89
504.79 803.3 880.54 3680.65 1917.19 1115.93
195.97 243.53 306.34 439.53 364.81 258.78
676.03 935.78 1219.52 1733.46 2012.51 1763.77
846.54 1203.93 1793.03 2991.34 2446.77 1455.58
249.05 368.12 392.24 1725.73 781.02 453.57
690.32 1048.72 1334.65 3428.55 2501.58 1779.09
153.05 254.69 231.88 2440.47 612.89 310.88
528.35 750.09 1133.09 1718.73 1509.46 884.83
939.79 1337.19 1901.99 2830.22 2902.72 2135.33
938.64 1332.93 1861.11 2878.63 2628.97 1936.53
266.35 500.21 436.49 4661.69 1345.55 602.57
883.53 1279.0 1898.06 2914.44 2751.82 1782.56
280.77 447.45 534.41 2488.93 1043.01 566.62
751.59 1116.55 1617.61 3601.12 3151.49 1942.86
947.33 1415.18 2124.91 3123.85 2842.37 1786.46
878.28 1260.68 1818.0 2749.16 2721.61 1914.75
777.73 1150.74 1611.87 3392.16 2528.73 1510.71
802.06 1177.14 1680.79 3413.25 3204.41 2085.0
619.62 958.79 1270.98 3710.41 1793.43 987.34
795.68 1171.62 1559.36 3400.59 2571.65 1802.21
636.88 902.92 1320.02 1997.75 2356.47 1553.56
665.27 996.8 1385.51 3736.05 2170.5 1220.3
966.8 1421.78 2106.36 3246.35 3470.32 2248.99
959.48 1363.73 1978.2 2973.55 2905.41 2017.24
329.0 582.51 540.92 4720.41 1498.8 704.27
897.71 1273.75 1606.24 2623.09 2877.38 2551.81
928.83 1353.54 1940.91 3213.64 2864.08 1760.65
764.94 1110.4 1471.9 3180.35 2533.61 1865.34
890.24 1246.98 1630.1 2374.72 2964.31 2578.26
631.54 942.78 1355.32 3494.96 2078.15 1142.08
654.61 1016.52 1429.82 3737.45 2160.74 1286.31
920.38 1321.92 1956.34 3182.11 3064.95 1870.57
696.24 1005.43 1460.88 2494.32 2257.03 1442.66
679.35 1017.84 1488.9 2789.43 2099.09 1294.11
500.58 880.07 755.46 4512.02 1886.91 1240.37
369.38 630.68 665.82 4401.05 1600.39 839.18
958.2 1374.36 1897.55 2987.47 2592.58 1789.4
750.16 1055.88 1464.7 2247.44 2393.49 1773.93
914.79 1295.06 1734.81 2563.26 2855.96 2316.19
536.5 879.22 998.92 4435.6 1826.21 973.83
708.85 1075.1 1507.65 3581.11 3006.44 1871.02
205.03 278.15 332.48 1118.43 519.13 316.72
374.79 596.96 726.59 4132.19 1462.96 758.24
921.36 1346.06 1961.69 3335.58 3056.15 1961.5
957.71 1373.79 1970.22 3058.91 3532.57 2501.82
849.1 1237.59 1712.47 3336.88 2286.96 1385.32
759.1 1083.64 1607.84 2619.24 2484.33 1476.02
735.84 1096.76 1535.07 3796.12 2621.64 1488.53
943.99 1323.7 1725.67 2486.21 3007.65 2649.34
358.16 506.47 661.72 1532.78 1010.63 660.25
368.55 635.05 653.25 4416.34 1401.08 679.55
825.02 1245.26 1695.17 3421.54 2071.96 1213.75
936.51 1375.43 2120.38 3602.02 3913.79 2297.47
881.89 1277.2 1762.39 2774.68 2780.11 2148.81
738.77 1149.28 1613.07 3790.77 3032.71 1903.21
936.24 1323.64 1743.71 2559.16 2823.28 2423.05
499.63 769.09 1014.2 3909.63 2153.74 1289.75
842.33 1205.21 1731.35 2692.84 3120.6 2193.25
937.42 1337.84 1977.31 3097.35 2844.77 1847.47
559.68 889.94 1084.2 3839.13 2075.89 1399.82
920.61 1401.98 2120.91 3462.54 3025.38 1915.17
760.97 1072.8 1480.63 2177.89 2508.41 1921.53
853.83 1273.41 1894.91 2784.91 2708.87 1833.48
949.71 1365.57 2022.36 3291.36 3170.93 1934.93
583.98 851.84 1251.64 1823.17 1638.82 1050.39
924.91 1323.02 1817.95 2844.67 2521.64 1779.63
337.46 567.65 650.7 4179.02 1739.36 923.29
974.12 1394.89 1916.93 3000.62 2633.94 1855.92
813.47 1167.1 1634.06 2624.23 2068.76 1280.43
285.07 407.64 499.48 1529.98 846.01 506.11
940.0 1366.09 1964.05 2983.74 3170.8 2235.14
976.84 1381.66 1895.66 2866.56 2763.0 2154.4
529.73 775.4 1127.44 2347.48 1617.94 917.31
987.69 1423.88 2089.07 3178.54 3773.48 2532.87
858.15 1247.6 1811.06 3026.24 3097.43 1994.09
758.0 1075.37 1557.23 2470.52 1932.79 1210.38
686.3 995.73 1465.12 2249.68 2287.83 1479.45
511.39 787.01 1051.93 3929.69 2202.13 1296.17
833.95 1211.26 1844.75 2993.91 3369.82 2050.31
261.65 346.38 476.54 833.95 662.93 425.7
643.67 970.59 1286.5 3791.21 1929.16 1118.21
608.11 908.0 1352.94 2217.46 1919.81 1227.3
976.49 1392.82 2071.2 3144.99 2911.83 1870.96
709.73 1027.45 1485.45 3233.11 2135.49 1238.73
945.26 1437.37 2180.83 3409.89 3086.91 1960.15
362.68 594.36 731.15 4197.11 1763.88 965.27
347.3 515.91 681.05 1887.07 1200.48 723.42
523.19 814.27 1073.47 3711.19 1595.86 868.7
482.26 793.27 1001.87 3790.06 2192.92 1288.9
856.51 1245.26 1748.16 2780.26 2153.92 1448.54
204.11 257.52 326.55 471.9 420.18 301.04
557.03 776.88 1157.56 1750.23 1558.45 943.22
933.99 1370.91 2114.17 3594.34 3899.71 2290.67
1004.58 1409.07 1837.77 2620.45 3163.1 2792.69
305.2 553.76 621.1 3849.13 1753.08 934.55
629.71 981.65 1373.09 3929.72 2306.29 1436.64
485.26 662.53 869.06 1254.19 1509.14 1259.93
874.09 1291.47 1724.89 3370.67 2633.99 1805.54
756.56 1119.91 1662.32 2553.76 2813.17 1850.71
568.58 915.14 1190.59 4112.33 2014.09 1155.29
298.58 540.67 480.22 4558.8 1482.16 780.31
477.5 668.45 938.22 1445.79 1343.31 851.51
801.49 1211.3 1744.82 3624.48 3146.02 2059.66
831.86 1266.29 1828.83 3460.14 2656.74 1657.64
830.62 1234.03 1846.0 2707.34 2464.63 1554.17
949.94 1395.05 2009.11 3056.72 3477.68 2488.25
628.4 902.68 1273.87 2228.84 1887.19 1167.65
312.7 420.28 572.28 858.27 800.53 523.43
931.58 1357.98 1894.6 3249.67 2864.89 1857.42
777.69 1130.95 1732.5 2886.21 3171.83 1882.18
376.82 662.63 557.74 4841.1 1496.64 715.54
756.77 1148.56 1555.81 3958.37 2371.43 1297.43
866.69 1262.15 1882.82 3136.53 2693.14 1687.06
995.34 1402.48 1919.25 2801.96 3022.71 2433.33
992.31 1400.3 1870.92 2709.38 3069.33 2599.87
1005.14 1416.47 1888.93 2728.67 3308.6 2774.98
632.77 934.57 1391.58 2040.08 1959.14 1297.75
892.31 1271.35 1889.32 3162.74 2601.87 1567.09
767.05 1125.41 1497.25 3073.3 2224.45 1602.65
356.62 614.6 631.95 4618.79 1467.9 742.07
931.19 1317.14 1866.25 2904.08 2792.17 2013.39
641.14 986.06 1298.84 3901.25 2103.86 1163.48
987.72 1417.44 2006.9 3031.04 3168.57 2301.99
989.86 1406.56 1937.53 2852.26 3309.87 2580.26
697.72 1047.74 1420.55 3687.04 2324.95 1375.81
548.49 816.27 1040.64 2878.91 1740.34 1167.46
192.81 237.58 305.55 434.37 358.52 256.62
519.41 765.25 1056.18 2805.91 1810.76 1115.09
950.88 1356.43 1932.38 3038.0 3123.64 2171.04
695.43 1015.67 1407.75 2606.35 2466.57 1634.92
693.7 1025.69 1352.6 3527.93 2671.65 1896.81
919.05 1306.09 1925.64 3101.91 2695.54 1699.23
941.68 1318.79 1715.02 2462.54 2968.79 2639.28
817.04 1182.0 1728.68 2854.03 3163.45 2057.76
582.09 883.98 1201.47 4006.54 2556.22 1553.54
665.99 954.25 1322.28 2099.29 1848.54 1227.1
591.95 865.12 1210.22 2581.54 2155.39 1366.47
918.86 1334.87 2020.17 3083.15 2796.03 1722.69
890.82 1307.23 1937.33 2985.22 3183.84 2051.94
680.86 998.45 1168.33 3315.78 2299.52 1936.48
957.54 1400.82 1964.73 3252.81 2753.23 1760.29
372.77 607.55 701.15 4381.9 1568.74 838.54
951.06 1367.74 1978.32 3000.42 3388.78 2341.16
919.79 1309.8 1960.43 3191.34 2657.89 1576.42
916.42 1337.27 1883.72 3005.71 2331.07 1557.46
549.06 840.98 1153.85 3713.07 2031.52 1206.57
529.92 742.96 1076.97 1619.68 1906.94 1263.98
941.53 1388.21 2016.93 2962.09 2844.52 1970.11
356.15 623.72 671.23 4322.97 1507.23 734.5
854.83 1267.33 1796.51 3240.1 2118.8 1256.52
830.38 1228.26 1746.75 3349.23 3028.36 2020.09
920.16 1324.01 1976.31 3234.85 3066.98 1812.27
773.56 1164.06 1598.04 3960.28 3110.39 1885.33
938.06 1379.33 2045.87 3161.85 3225.15 2082.3
893.51 1296.23 1807.12 2849.29 2331.89 1636.77
829.95 1178.58 1647.85 2446.92 2820.89 2108.6
425.89 672.43 865.76 4041.42 1758.28 985.48
999.84 1403.72 1848.12 2688.93 3124.52 2688.79
316.59 511.55 593.57 2640.34 1363.03 741.54
267.52 473.29 447.05 3982.32 1393.45 738.8
315.38 422.13 563.09 861.99 694.31 456.34
797.57 1169.62 1707.05 3228.74 2519.82 1599.12
949.32 1343.68 1920.24 3009.14 2799.96 1962.94
290.18 512.83 486.63 3281.22 1043.32 516.06
756.93 1156.67 1672.63 3595.83 3053.78 1929.36
824.83 1215.69 1586.98 3215.93 2691.99 2085.08
893.57 1319.8 1930.26 2953.22 3310.38 2278.48
907.08 1279.44 1737.98 2629.76 2719.73 2174.11
852.83 1249.96 1813.09 3410.16 3173.07 2020.68
859.74 1252.26 1825.36 3144.83 3145.62 2020.71
540.13 751.86 1118.46 1689.21 1504.52 912.04
275.19 383.84 501.1 1362.99 852.54 549.09
609.69 939.28 1293.69 3718.57 2382.93 1419.41
346.9 471.78 648.22 980.19 913.17 591.51
175.75 392.75 231.9 5077.94 1196.69 521.94
574.18 824.35 1173.42 1765.7 1994.29 1423.4
322.33 438.18 599.36 838.62 823.88 607.27
890.5 1269.76 1832.95 2903.07 2345.87 1518.35
837.67 1241.59 1635.75 3550.68 2229.93 1324.96
797.84 1200.64 1760.95 3973.4 3434.44 1970.13
806.57 1172.33 1804.08 2770.09 2424.9 1394.58
378.44 510.91 731.9 1149.91 968.78 601.47
459.5 658.47 955.44 1379.98 1243.04 805.95
572.05 812.97 1116.01 1801.88 1575.88 1062.37
674.45 1026.32 1365.06 3954.23 2170.19 1176.68
841.65 1210.26 1855.33 2845.08 2515.46 1454.82
568.32 801.08 1208.42 1833.41 1625.26 955.51
861.26 1300.01 1840.0 3396.57 2874.07 2005.93
174.0 207.16 241.85 310.96 362.4 331.08
326.16 598.57 406.23 4968.98 1284.87 568.39
688.11 1026.03 1546.56 2274.69 2149.29 1385.08
934.25 1405.69 2086.4 3456.42 3604.9 2343.16
951.45 1338.82 1770.29 2552.81 3138.88 2683.01
342.11 603.43 702.74 4403.43 2000.84 992.71
580.37 799.03 1029.18 1472.99 1628.61 1435.19
923.77 1314.38 1857.22 2915.15 3062.59 2180.0
497.19 781.07 1067.68 3865.32 1895.65 978.44
246.4 473.19 453.94 4462.18 1538.12 694.93
785.52 1206.01 1673.24 3664.57 2408.42 1449.13
225.8 406.27 406.47 4042.5 1221.65 550.34
397.23 538.55 722.53 1040.79 1112.64 880.4
172.14 219.77 249.24 606.89 365.76 251.3
778.67 1144.92 1394.04 3295.17 2418.92 1843.0
679.8 977.24 1361.67 2171.08 1883.06 1219.56
926.64 1336.59 1996.53 3393.47 2770.9 1626.58
745.37 1079.08 1527.38 3103.64 2169.88 1261.96
660.29 1014.4 1405.1 3646.16 2648.11 1698.95
817.69 1222.94 1703.84 3702.79 2535.4 1452.35
805.52 1155.21 1616.96 2596.1 2046.82 1267.27
902.8 1272.86 1707.39 2514.5 3041.07 2508.44
473.53 743.95 881.12 3824.29 1737.22 1067.56
709.51 1021.75 1515.95 2411.9 2153.69 1362.86
944.44 1335.4 1796.71 2619.64 2984.96 2488.67
993.45 1422.41 2017.68 3106.44 3607.52 2625.88
357.64 625.15 686.37 4288.1 1533.76 812.66
785.92 1162.06 1594.53 3396.18 2370.53 1478.66
698.48 1052.18 1480.86 3172.67 2221.35 1459.11
845.43 1231.3 1897.81 2916.95 2552.77 1465.78
861.57 1232.85 1861.98 2999.12 2556.11 1512.55
860.44 1222.2 1825.75 2967.33 2472.68 1469.53
742.16 1121.55 1547.75 3828.94 2647.03 1502.48
791.04 1136.98 1667.26 2542.27 2435.39 1623.07
947.13 1351.94 2018.68 3090.57 2829.8 1787.7
396.3 543.89 772.89 1140.54 1097.37 753.09
809.18 1223.83 1736.46 3406.88 2542.36 1648.97
872.21 1249.9 1799.05 2736.41 2655.97 1884.14
523.62 818.29 908.81 3757.36 1530.08 824.56
546.56 772.44 1091.56 1691.99 1570.76 988.98
926.21 1324.64 1929.19 3075.1 2402.68 1496.86
332.28 446.68 618.28 930.65 1055.95 741.16
214.85 425.83 370.5 4543.82 1410.04 650.96
996.99 1430.81 1959.5 2813.77 3041.36 2460.95
538.77 760.66 1101.98 1682.18 1648.7 1068.0
560.14 950.31 996.36 4326.47 1688.29 883.96
555.6 777.52 1048.52 1539.86 1821.7 1460.63
879.43 1274.61 1776.17 2809.66 2327.48 1636.83
110.14 265.39 135.82 4596.67 876.41 364.06
428.65 748.47 688.56 3890.92 1551.21 817.77
577.38 851.61 1173.21 2741.41 1849.11 1178.79
807.55 1205.16 1750.21 3392.69 2892.36 1812.72
922.16 1328.53 1838.19 2749.75 3238.43 2526.83
508.21 725.1 1045.68 1642.1 1626.59 1063.86
507.32 741.35 1101.86 1606.15 1519.3 990.02
721.07 1074.85 1558.62 2846.49 2737.52 1819.19
322.13 434.48 593.22 891.88 831.58 542.19
861.29 1235.85 1656.18 2664.17 2851.75 2345.03
811.07 1180.96 1564.96 3214.66 2383.25 1666.45
704.76 1072.89 1330.97 3787.38 2144.38 1311.96
754.05 1063.09 1495.0 2428.0 2193.39 1542.36
459.66 641.53 921.31 1396.89 1369.45 893.45
675.7 1006.33 1414.36 2670.75 2308.21 1461.57
863.95 1273.4 1743.67 3446.24 2738.34 1858.73
723.5 1010.57 1360.22 2041.24 2136.7 1726.98
772.22 1157.46 1673.16 3505.31 2922.1 1829.88
174.66 387.98 218.12 5073.21 1196.85 519.77
511.87 844.37 1044.21 4170.56 2231.9 1317.82
940.01 1365.92 1963.13 2981.75 3170.18 2236.8
441.0 724.82 890.41 4094.87 2110.7 1171.45
296.92 396.52 537.24 802.01 748.55 492.01
372.3 520.62 601.11 1580.51 1132.1 957.05
978.0 1434.0 2220.0 3640.0 4073.0 2397.0
951.37 1340.21 1821.33 2657.36 2957.69 2415.96
206.12 258.72 328.17 475.45 392.83 275.57
914.16 1309.38 1788.99 2661.37 3169.55 2537.94
498.86 768.76 825.32 3553.11 1749.62 1161.86
947.84 1355.79 1968.99 3131.09 2478.91 1568.94
752.94 1139.52 1599.23 3427.13 2428.93 1581.56
906.97 1308.04 2009.92 3086.84 2728.19 1574.14
918.93 1305.85 1924.57 3099.39 2696.13 1701.99
410.57 700.76 610.25 4751.53 1410.75 657.75
659.87 981.05 1387.1 3788.89 2437.0 1381.0
411.15 655.19 766.23 3881.14 1880.17 1167.73
203.32 321.73 338.48 2312.96 806.67 402.01
181.14 254.21 274.71 1328.58 520.31 299.61
713.39 993.09 1334.62 1930.97 2162.07 1785.29
646.11 922.27 1347.09 2069.21 2027.54 1304.79
299.34 513.7 574.71 4259.48 1477.65 697.05
364.53 631.46 659.86 4398.27 1622.51 815.58
320.83 442.75 627.72 888.05 814.7 539.51
559.97 863.37 1138.74 3888.77 1678.99 921.24
394.62 649.77 794.45 3272.92 1486.04 846.37
943.3 1319.9 1698.56 2413.7 2989.54 2710.66
317.37 443.28 589.1 1191.76 972.45 631.63
912.57 1359.9 2013.13 2956.65 2905.66 2000.12
438.65 693.11 821.45 4102.52 1810.86 1083.64
796.65 1157.47 1629.04 3224.71 2724.52 1759.16
802.56 1141.42 1655.91 2631.05 2056.9 1285.58
340.5 478.76 622.96 1451.98 1199.05 828.05
690.59 966.62 1325.73 2029.02 2219.33 1687.66
903.55 1287.13 1734.99 2528.62 2949.0 2464.71
923.97 1336.57 1975.04 3048.99 3343.16 2165.61
944.63 1339.39 1864.88 2869.81 3031.1 2246.26
881.68 1277.05 1835.65 2886.66 2674.46 1656.1
966.45 1442.08 2157.62 3170.33 2909.28 1853.65
930.19 1397.13 2083.46 3321.26 2831.62 1765.31
929.36 1328.38 1792.34 2714.26 2652.33 2122.41
451.87 701.21 847.13 3203.09 1516.59 885.99
492.31 739.96 997.72 3081.01 1680.21 919.24
696.81 1042.65 1351.31 3280.09 2059.0 1256.28
148.83 349.09 139.32 4938.28 1078.88 419.8
939.54 1318.45 1745.86 2552.58 2932.77 2511.64
445.26 729.87 936.48 4037.59 1801.26 969.13
892.38 1285.28 1867.18 3238.45 2733.13 1764.49
1007.44 1408.6 1811.1 2560.2 3103.27 2831.82
733.31 1043.2 1321.45 2755.64 2522.13 2140.38
702.2 1075.94 1375.24 4100.78 2620.96 1577.13
534.02 731.03 939.23 1319.49 1580.35 1400.89
955.6 1383.94 2019.43 3252.97 3680.02 2448.32
284.74 377.0 520.71 754.98 826.62 563.23
976.97 1398.73 1994.82 2993.56 3585.88 2577.25
978.36 1418.63 2024.61 3055.91 3373.59 2415.52
568.05 897.65 1192.2 4286.16 2604.02 1425.81
938.21 1342.87 1949.12 3124.52 3122.88 2043.61
703.4 1091.6 1404.0 4139.25 2605.67 1559.28
232.47 455.96 424.79 4505.76 1351.23 611.77
800.56 1173.8 1614.51 3377.02 2192.76 1312.08
182.18 243.97 291.52 982.2 485.79 288.92
596.01 830.88 1211.74 1932.01 1659.09 1041.61
936.61 1320.17 1759.22 2540.91 2948.91 2513.22
946.38 1435.47 2181.66 3313.86 3063.82 1953.67
369.68 569.64 714.54 2707.33 1273.59 674.65
888.88 1271.86 1880.8 3270.53 2584.39 1522.28
923.0 1347.46 1949.28 3343.78 3051.12 1988.94
733.99 1034.84 1454.06 2258.16 2347.55 1672.16
206.93 257.8 342.67 503.2 433.64 292.58
416.79 592.12 853.8 1227.9 1107.23 722.07
990.84 1393.62 1855.7 2726.6 2909.06 2456.91
104.29 106.55 109.99 115.73 116.01 110.09
757.45 1118.86 1624.7 2896.05 2620.32 1664.59
434.93 684.76 902.01 3273.15 1800.57 1095.22
831.2 1251.89 1854.22 3002.09 2684.12 1773.53
195.67 394.27 269.05 4502.38 1086.82 469.24
474.56 652.76 950.04 1512.34 1268.7 774.58
608.1 855.7 1276.07 2045.97 1742.68 1044.54
709.49 1041.58 1536.02 2239.89 2075.37 1354.66
590.05 923.71 1134.54 4041.76 1999.19 1154.53
930.82 1323.98 1878.91 2929.32 2506.27 1741.93
887.54 1326.07 1973.22 2975.44 2616.93 1650.61
976.67 1389.35 1883.9 2874.43 3101.47 2484.55
313.67 436.35 608.73 1014.58 1007.69 677.35
953.64 1369.52 2015.07 3258.75 3170.04 1979.7
711.32 1029.98 1365.78 3259.6 2394.51 1782.11
964.52 1381.3 2098.36 3250.02 2866.33 1703.42
693.97 1051.45 1350.97 3437.66 1938.3 1140.38
835.52 1188.68 1767.42 2957.97 2410.33 1428.96
651.8 931.88 1288.25 2034.58 1806.36 1210.84
934.34 1335.58 1870.94 2828.94 3057.21 2283.21
611.16 865.99 1194.43 1726.81 1839.77 1427.17
622.22 1003.14 1207.23 4499.27 2442.74 1435.96
963.08 1391.36 1967.87 2958.75 3189.49 2344.29
992.72 1397.96 1822.11 2638.44 2949.77 2600.49
488.53 694.53 972.88 1550.55 1104.38 684.86
832.71 1244.4 1844.33 2989.84 3164.34 2065.61
531.56 856.88 954.28 3906.99 1996.88 1366.21
797.4 1144.02 1750.61 2681.31 2371.36 1373.99
578.81 937.93 1239.61 4135.72 2166.75 1253.65
806.36 1172.19 1674.89 2431.19 2430.09 1760.01
208.62 404.85 300.3 3394.11 998.91 466.45
449.73 765.23 767.7 4311.19 1849.28 1164.64
882.64 1274.67 1786.21 3121.16 3129.86 2227.99
998.9 1401.34 1843.56 2635.79 3065.98 2682.2
960.15 1390.32 1983.07 3098.49 2944.06 1903.74
771.01 1101.39 1531.7 2440.03 1973.19 1265.03
886.16 1299.57 1897.48 3023.22 3149.25 2080.74
938.84 1345.05 1999.24 3204.38 2801.41 1740.23
506.04 747.77 1039.2 2868.7 1844.1 1033.81
432.17 699.68 912.24 3685.94 1693.77 920.69
946.24 1331.97 1739.63 2493.02 3056.31 2694.21
446.86 734.39 923.53 4238.16 1724.43 935.94
962.0 1398.0 2014.0 3173.0 2939.0 1816.0
69.0 191.5 59.0 4653.5 930.0 346.0
134.0 394.5 95.5 5146.0 1087.0 409.5
969.0 1403.0 2079.0 3181.0 3518.0 2279.0
155.0 368.0 123.0 5163.0 1156.0 447.0
89.8 263.8 87.2 4769.8 1060.5 381.0
971.0 1390.0 2115.5 3245.0 2879.5 1707.0
122.0 299.0 89.0 4632.0 914.0 354.0
72.0 203.8 71.8 4231.5 957.5 341.5
907.5 1325.5 2047.5 3151.5 2757.0 1579.5
948.0 1357.0 1978.0 3155.0 2462.0 1531.0
56.8 180.8 53.0 4412.8 873.5 325.0
119.5 322.5 80.5 4825.8 970.8 371.8
948.0 1376.0 2046.0 3146.0 2970.0 1921.0
911.0 1341.0 1922.0 3127.8 2196.5 1320.8
985.0 1493.5 2276.8 3372.5 3183.8 2033.8
76.2 218.5 55.5 4643.8 764.8 282.8
962.5 1390.0 1954.5 3151.5 2480.0 1527.0
959.5 1435.2 2145.2 3160.2 2832.8 1787.8
88.5 243.0 63.5 4918.0 903.5 321.0
978.0 1422.0 2105.0 3266.0 3199.0 2037.0
79.2 209.2 66.0 4931.0 970.2 374.0
222.2 574.0 104.8 5481.0 1198.8 463.2
992.0 1434.0 2127.0 3253.0 3849.0 2515.0
980.5 1432.2 2016.0 3245.2 2807.8 1800.2
966.0 1422.0 2112.0 3259.5 3477.0 2237.5
109.2 304.0 68.8 5231.2 1052.0 412.0
978.0 1434.0 2220.0 3640.0 4073.0 2397.0
81.5 229.5 75.0 4588.5 1023.0 369.5
937.0 1353.0 2081.0 3198.0 2826.0 1629.0
924.0 1316.0 1970.0 3207.0 2671.0 1584.0
102.5 315.2 89.5 4914.0 1200.8 467.0
980.0 1467.0 2194.0 3388.8 3736.5 2446.5
955.0 1376.0 2056.0 3368.0 3193.0 1885.0
977.5 1462.0 2197.0 3231.5 2940.0 1846.5
939.0 1381.8 2053.5 3176.2 3230.8 2074.0
265.0 540.0 222.0 5608.0 1151.0 427.0
83.0 265.0 84.5 4714.5 1156.5 420.5
245.0 494.0 207.0 5231.5 1090.0 397.0
304.0 635.0 236.5 5868.5 1229.5 464.5
138.0 335.0 114.0 4964.0 1063.0 407.0
53.8 244.8 74.8 4340.2 1057.2 381.2
881.0 1230.0 1585.0 2295.0 2884.0 2584.0
943.0 1319.0 1696.0 2407.0 2991.0 2718.0
1010.0 1410.0 1801.0 2535.0 3109.0 2871.0
100.0 100.0 100.0 100.0 100.0 100.0
