0.5548
0.2001
0.4493
0.978
0.8432
0.1737
0.1568
0.19
0.5019
0.6619
0.737
0.2495
0.6159
0.4264
0.158
0.4212
0.0796
0.3019
0.3084
0.7092
0.374
0.4938
0.0935
0.236
0.8008
0.649
0.0791
0.9782
0.203
0.1758
0.9797
0.7852
0.2852
0.4694
0.6512
0.5543
0.7275
0.9391
0.0657
0.9938
0.4403
0.681
0.1334
0.7038
0.3722
0.6267
0.9844
0.6414
0.8804
0.4663
0.0008
0.7912
0.0456
0.3165
0.9869
0.4347
0.9076
0.1617
0.5671
0.053
0.2042
0.7966
0.4653
0.0994
0.3684
0.4765
0.3776
0.9009
0.0709
0.5805
0.9246
0.7419
0.3226
0.5686
0.0541
0.4631
0.5606
0.3337
0.1705
0.5249
0.615
0.6561
0.3306
0.7034
0.1757
0.8396
0.4923
0.9433
0.2855
0.4169
0.4222
0.0605
0.5026
0.8016
0.7945
0.5859
0.5761
0.668
0.6939
0.6279
0.9442
0.6877
0.2474
0.3456
0.8078
0.3764
0.4521
0.4574
0.4311
0.9941
0.8837
0.3126
0.1211
0.2469
0.4275
0.7601
0.1189
0.3604
0.6895
0.2191
0.7339
0.8898
0.833
0.9184
0.8822
0.9072
0.1948
0.6302
0.999
0.8212
0.562
0.5924
0.8891
0.1935
0.8094
0.2496
0.3728
0.3282
0.979
0.2626
0.7225
0.1386
0.9435
0.9241
0.8217
0.9739
0.2778
0.8841
0.7001
0.5262
0.1713
0.2125
0.7409
0.3751
0.8652
0.879
0.0194
0.6337
0.5833
0.0354
0.3704
0.6385
0.2394
0.1217
0.0036
0.1869
0.2709
0.5071
0.3611
0.7092
0.4952
0.4428
0.0986
0.8066
0.7871
0.3568
0.7402
0.2581
0.9819
0.4799
0.1377
0.7086
0.6422
0.0839
0.1738
0.3282
0.5476
0.5111
0.707
0.9482
0.7493
0.9259
0.3743
0.2695
0.8796
0.2845
0.0375
0.8338
0.8125
0.2896
0.5628
0.6644
0.8915
0.1189
0.3263
0.0702
0.8695
0.9207
0.4411
0.7559
0.1679
0.9678
0.3068
0.9013
0.6854
0.1858
0.3364
0.1926
0.6837
0.3555
0.7919
0.7228
0.1299
0.3547
0.5116
0.2945
0.5989
0.173
0.8771
0.984
0.4711
0.8405
0.9848
0.9537
0.3873
0.937
0.461
0.3263
0.2141
0.0487
0.1402
0.4051
0.6843
0.8316
0.7774
0.4142
0.4004
0.592
0.6516
0.1126
0.2566
0.435
0.1097
0.8478
0.1856
0.4999
0.8077
0.5384
0.9497
0.8667
0.9898
0.9044
0.8725
0.6707
0.8804
0.7439
0.0846
0.2546
0.9712
0.959
0.8838
0.3849
0.0203
0.7558
0.6511
0.9085
0.1269
0.8094
0.9497
0.1374
0.5347
0.7416
0.3666
0.7711
0.3053
0.8842
0.926
0.3527
0.9429
0.7293
0.1762
0.0049
0.3058
0.6365
0.7137
0.106
0.9063
0.7058
0.5697
0.4427
0.1921
0.0779
0.6394
0.9551
0.9225
0.541
0.0908
0.9601
0.8373
0.5855
0.0051
0.5289
0.4849
0.0344
0.9015
0.541
0.5017
0.3427
0.8209
0.6512
0.7071
0.8009
0.3967
0.386
0.8699
0.6752
0.0296
0.5201
0.5129
0.9181
0.2655
0.5832
0.5328
0.7418
0.0802
0.2476
0.1828
0.1263
0.5008
0.4248
0.1185
0.195
0.5382
0.5331
0.3364
0.6106
0.7407
0.1739
0.5493
0.8263
0.3805
0.2724
0.7687
0.5149
0.7136
0.1296
0.6749
0.4068
0.5777
0.9364
0.7168
0.075
0.8137
0.3922
0.7115
0.8892
0.1392
0.7617
0.5741
0.5186
0.9333
0.333
0.6081
0.962
0.3465
0.1061
0.1756
0.6775
0.7607
0.404
0.7251
0.1501
0.8537
0.1942
0.1719
0.3635
0.9988
0.4986
0.2841
0.6329
0.2833
0.6644
0.3418
0.1214
0.4916
0.5402
0.8694
0.331
0.131
0.3266
0.0922
0.7863
0.1656
0.2397
0.025
0.2812
0.4217
0.5903
0.2691
0.3916
0.8981
0.7208
0.0688
0.1261
0.353
0.5076
0.6942
0.0156
0.5483
0.1224
0.9806
0.5109
0.9413
0.9738
0.9825
0.2586
0.4164
0.2273
0.6568
0.6502
0.6681
0.8076
0.461
0.1976
0.8621
0.7739
0.1162
0.2209
0.4178
0.4469
0.1045
0.8729
0.7071
0.049
0.6453
0.8939
0.5323
0.9151
0.0325
0.4096
0.3256
0.4019
0.2845
0.6877
0.4717
0.5977
0.1055
0.7564
0.9431
0.5551
0.3729
0.1037
0.4871
0.1029
0.4335
0.3681
0.2671
0.9206
0.6113
0.161
0.47
0.6872
0.3377
0.3727
0.412
0.2567
0.923
0.2282
0.9167
0.3228
0.2781
0.7206
0.3211
0.968
0.6168
0.5765
0.5134
0.6398
0.6199
0.4362
0.193
0.4068
0.5695
0.4861
0.3659
0.7737
0.5628
0.6817
0.5495
0.0239
0.2538
0.6419
0.5272
0.3821
0.3802
0.8939
0.5058
0.3016
0.6491
0.4748
0.2117
0.8474
0.3851
0.5996
0.4448
0.7009
0.6682
0.5359
0.3366
0.8934
0.9356
0.3679
0.8144
0.2265
0.2926
0.8649
0.5377
0.1424
0.7423
0.3247
0.8092
0.8031
0.6959
0.12
0.9478
0.191
0.117
0.3477
0.6757
0.4
0.7223
0.6385
0.3197
0.9881
0.0993
0.1919
0.9378
0.885
0.0746
0.629
0.9126
0.9565
0.9158
0.3262
0.3628
0.5117
0.5321
0.2197
0.2052
0.3426
0.8761
0.435
0.2453
0.8379
0.0475
0.9033
0.9852
0.3857
0.8458
0.0747
0.1135
0.4665
0.2021
0.5175
0.3945
0.5874
0.6114
0.8264
0.1652
0.2564
0.6608
0.8827
0.7784
0.3972
0.1741
0.7126
0.6093
0.649
0.5359
0.2363
0.9039
0.4883
0.0926
0.0442
0.3848
0.5095
0.277
0.764
0.986
0.2387
0.3617
0.7198
0.156
0.2436
0.4034
0.5522
0.576
0.4278
0.0957
0.66
0.2507
0.88
0.6234
0.7773
0.6481
0.1361
0.6554
0.5353
0.0178
0.2367
0.6679
0.1663
0.3729
0.7597
0.5161
0.4701
0.193
0.408
0.6163
0.4075
0.5766
0.7945
0.1498
0.2333
0.9733
0.9655
0.2233
0.1284
0.9085
0.3039
0.0014
0.6386
0.449
0.3898
0.363
0.6194
0.5033
0.5195
0.399
0.4741
0.0727
0.7237
0.7814
0.6465
0.7667
0.203
0.6515
0.3534
0.1519
0.9514
0.6724
0.0669
0.2926
0.3491
0.6238
0.3291
0.9415
0.2628
0.416
0.2966
0.6952
0.0728
0.0004
0.1697
0.1524
0.155
0.6647
0.0559
0.3994
0.0627
0.8142
0.0408
0.4723
0.2399
0.1021
0.4741
0.7571
0.2283
0.8026
0.2312
0.5471
0.1261
0.506
0.5134
0.538
0.8602
0.8366
0.8876
0.6603
0.4649
0.3613
0.0966
0.9127
0.4449
0.1414
0.9249
0.77
0.3845
0.7208
0.4802
0.2744
0.8046
0.5586
0.7332
0.5791
0.0682
0.698
0.3566
0.6705
0.2856
0.3198
0.1572
0.6928
0.4691
0.5985
0.3847
0.8033
0.2639
0.7699
0.0991
0.2226
0.1577
0.2498
0.3596
0.4106
0.9854
0.0016
0.5191
0.5926
0.8374
0.1723
0.8251
0.291
0.3128
0.9729
0.7874
0.3205
0.8805
0.8792
0.8482
0.5312
0.051
0.0657
0.9767
0.6923
0.6495
0.4715
0.9992
0.6354
0.9873
0.0886
0.5042
0.2954
0.9043
0.76
0.9696
0.3129
0.7854
0.6693
0.6298
0.1261
0.2153
0.7713
0.2378
0.9051
0.5025
0.8668
0.0156
0.4484
0.4794
0.3459
0.5213
0.3825
0.3987
0.2883
0.8542
0.3587
0.7536
0.4111
0.0475
0.4383
0.7986
0.2702
0.5866
0.8624
0.5154
0.95
0.9152
0.9093
0.7129
0.5937
0.5267
0.5718
0.087
0.459
0.8668
0.3685
0.1061
0.2962
0.8413
0.9511
0.7632
0.6533
0.6926
0.7022
0.1979
0.2486
0.0517
0.8936
0.8323
0.6829
0.7061
0.1363
0.9745
0.4616
0.4732
0.1257
0.1336
0.8954
0.6315
0.8346
0.8918
0.4287
0.5831
0.6174
0.3553
0.3582
0.336
0.3956
0.603
0.2219
0.1888
0.0877
0.5958
0.7979
0.8329
0.6009
0.5538
0.2778
0.1715
0.6823
0.7454
0.0216
0.913
0.0413
0.8536
0.2558
0.4394
0.4017
0.5065
0.0906
0.8149
0.1358
0.6276
0.948
0.9958
0.9574
0.0647
0.07
0.8457
0.4929
0.7394
0.8289
0.2264
0.5949
0.283
0.6951
0.6966
0.1841
0.7699
0.7908
0.7395
0.1754
0.9059
0.7213
0.4897
0.396
0.4936
0.9163
0.7319
0.3291
0.804
0.6999
0.8061
0.9827
0.4318
0.057
0.8268
0.504
0.9559
0.635
0.965
0.3454
0.2924
0.1132
0.8439
0.3423
0.0561
0.3207
0.3377
0.8402
0.6229
0.4215
0.9749
0.9029
0.9361
0.9394
0.7735
0.8433
0.0993
0.7239
0.9855
0.2388
0.9878
0.6239
0.0152
0.3521
0.5976
0.4274
0.7486
0.241
0.4682
0.4199
0.8483
0.1571
0.0838
0.4175
0.8379
0.9885
0.8391
0.5726
0.7628
0.6237
0.7609
0.6275
0.8301
0.0728
0.61
0.3372
0.4818
0.111
0.3219
0.3501
0.7527
0.2087
0.117
0.6712
0.4865
0.4491
0.3879
0.4312
0.345
0.0641
0.9988
0.3906
0.5204
0.1037
0.9832
0.7389
0.8296
0.9368
0.0046
0.3862
0.3354
0.0638
0.7459
0.1372
0.7911
0.2015
0.5628
0.389
0.7502
0.3872
0.7436
0.8394
0.1754
0.9368
0.6408
0.2881
0.0291
0.1348
0.2372
0.3604
0.1588
0.6998
0.1343
0.2813
0.6338
0.9037
0.275
1.0
0.0
0.0
1.0
0.0
0.0
1.0
0.0
0.0
1.0
1.0
0.0
0.0
1.0
1.0
1.0
0.0
1.0
1.0
0.0
1.0
0.0
0.0
1.0
1.0
1.0
0.0
1.0
0.0
1.0
1.0
0.0
1.0
1.0
1.0
1.0
0.0
0.0
0.0
0.0
0.0
0.0
0.0
0.0
0.0
0.0
