0.0098
0.8871
0.7413
0.2104
0.9972
0.2569
0.3564
0.0253
0.2002
0.9189
0.7568
0.1648
0.2341
0.5193
0.6049
0.5375
0.4814
0.95
0.9726
0.5937
0.388
0.0003
0.6886
0.9708
0.4753
0.6818
0.0792
0.3347
0.7584
0.3274
0.1989
0.4506
0.2941
0.2105
0.1573
0.5017
0.6851
0.0686
0.5718
0.3284
0.0106
0.8317
0.4083
0.74
0.1531
0.6027
0.4994
0.793
0.8267
0.3624
0.6062
0.1894
0.7458
0.7403
0.4375
0.0895
0.0174
0.1712
0.934
0.2837
0.6712
0.0791
0.5337
0.304
0.7591
0.6989
0.7137
0.8731
0.4722
0.7387
0.734
0.2152
0.917
0.6103
0.6004
0.5138
0.141
0.7871
0.645
0.6792
0.5244
0.0107
0.2613
0.778
0.8077
0.5211
0.4164
0.9833
0.563
0.9872
0.4972
0.1422
0.3753
0.5503
0.0745
0.6713
0.7574
0.0736
0.9222
0.9685
0.4711
0.6781
0.3897
0.0045
0.9954
0.275
0.135
0.6015
0.975
0.4517
0.9412
0.4692
0.4873
0.8823
0.382
0.0744
0.4726
0.534
0.0761
0.6155
0.6962
0.3078
0.9367
0.9735
0.7294
0.9581
0.7569
0.2755
0.4899
0.3799
0.501
0.7501
0.5028
0.0963
0.8391
0.9675
0.6944
0.5037
0.0881
0.2755
0.4531
0.8089
0.1889
0.0641
0.8706
0.0345
0.1765
0.2262
0.0764
0.9519
0.3015
0.0989
0.515
0.7199
0.9265
0.8399
0.6416
0.5932
0.3934
0.2118
0.3942
0.2471
0.8516
0.7716
0.3217
0.2074
0.4715
0.9674
0.3549
0.5614
0.18
0.0391
0.9671
0.5449
0.8952
0.8118
0.9519
0.2402
0.8619
0.999
0.4887
0.0931
0.5288
0.4499
0.5047
0.0018
0.054
0.9967
0.8612
0.0447
0.9647
0.0535
0.2441
0.658
0.4638
0.9337
0.9647
0.3913
0.0287
0.6533
0.857
0.6421
0.6166
0.0576
0.9914
0.2895
0.9283
0.8207
0.4214
0.4404
0.8145
0.9462
0.6466
0.5781
0.8425
0.7116
0.8087
0.1959
0.9449
0.0133
0.6648
0.821
0.9057
0.0059
0.1487
0.9547
0.0463
0.1263
0.521
0.6333
0.3934
0.5531
0.1972
0.3362
0.8199
0.8814
0.5391
0.1095
0.3208
0.7259
0.0286
0.2495
0.4235
0.4396
0.6059
0.9711
0.0948
0.5339
0.2758
0.447
0.1709
0.2687
0.3062
0.1695
0.706
0.9305
0.9458
0.8823
0.0463
0.5168
0.6912
0.1731
0.3521
0.5978
0.314
0.6532
0.1884
0.9811
0.1711
0.7487
0.5731
0.2225
0.2633
0.4945
0.0271
0.6325
0.9488
0.4385
0.0325
0.9816
0.8774
0.0108
0.3772
0.7908
0.4828
0.9107
0.1306
0.6365
0.8273
0.793
0.8669
0.6473
0.8456
0.4584
0.5969
0.6349
0.4934
0.1915
0.7273
0.2269
0.8568
0.5456
0.0178
0.9945
0.532
0.2942
0.958
0.2161
0.5523
0.7457
0.1983
0.419
0.4446
0.3404
0.9974
0.1291
0.0457
0.0022
0.8853
0.932
0.4003
0.4265
0.378
0.915
0.0572
0.3269
0.5552
0.2201
0.4239
0.9794
0.2493
0.6783
0.7738
0.7482
0.9049
0.6974
0.3387
0.9657
0.1818
0.2359
0.188
0.5285
0.9306
0.0228
0.1095
0.9584
0.6657
0.9699
0.5307
0.3698
0.6481
0.4629
0.2815
0.6863
0.1424
0.2691
0.8822
0.0966
0.8166
0.7658
0.6454
0.7313
0.1429
0.1197
0.322
0.6296
0.472
0.6255
0.1198
0.1409
0.7212
0.4
0.0545
0.3283
0.134
0.8124
0.8297
0.5802
0.1957
0.5071
0.8064
0.501
0.426
0.1689
0.2994
0.6825
0.1487
0.795
0.5739
0.0392
0.4945
0.2981
0.9446
0.702
0.0411
0.4535
0.9591
0.3196
0.692
0.0722
0.1242
0.0126
0.0968
0.2459
0.083
0.1645
0.7443
0.6411
0.2299
0.8687
0.775
0.6306
0.7487
0.5915
0.9726
0.8793
0.3294
0.19
0.2402
0.1257
0.1802
0.7833
0.0822
0.6514
0.8377
0.3968
0.3214
0.7826
0.3417
0.1794
0.2314
0.5999
0.5882
0.3304
0.2171
0.9364
0.6573
0.0528
0.2152
0.0594
0.2475
0.6047
0.1878
0.6467
0.7965
0.2581
0.2782
0.1465
0.0343
0.6836
0.5733
0.5274
0.5105
0.9121
0.9587
0.0774
0.9075
0.0865
0.0281
0.4372
0.2456
0.4199
0.331
0.7005
0.9147
0.1223
0.674
0.3442
0.3957
0.7375
0.6393
0.1958
0.5447
0.8001
0.168
0.6288
0.9703
0.6126
0.9471
0.4709
0.7083
0.4187
0.4919
0.7116
0.0827
0.7976
0.9206
0.1093
0.0671
0.9565
0.2951
0.9876
0.869
0.1002
0.5431
0.0099
0.7417
0.3782
0.7244
0.48
0.6113
0.9645
0.7345
0.4602
0.4825
0.2715
0.5951
0.179
0.975
0.7784
0.197
0.0918
0.4445
0.9462
0.9952
0.1869
0.8381
0.259
0.3111
0.0428
0.1412
0.6586
0.7307
0.3398
0.1747
0.708
0.3891
0.5866
0.449
0.3695
0.3334
0.4476
0.5675
0.1221
0.0367
0.2821
0.3438
0.0341
0.5038
0.0548
0.6207
0.2887
0.4596
0.3541
0.655
0.4319
0.6428
0.54
0.0216
0.5651
0.5529
0.2999
0.5904
0.85
0.9417
0.8829
0.1915
0.4543
0.2356
0.0276
0.077
0.091
0.7646
0.9561
0.6015
0.9501
0.0181
0.8861
0.2992
0.1578
0.369
0.2573
0.7059
0.3305
0.5767
0.008
0.876
0.9475
0.6995
0.5368
0.1109
0.67
0.2553
0.6577
0.1315
0.3328
0.9485
0.3961
0.9599
0.68
0.2591
0.149
0.8401
0.1027
0.7899
0.7629
0.1515
0.2868
0.2303
0.2985
0.3618
0.1827
0.3337
0.0894
0.5428
0.4823
0.1767
0.8306
0.7614
0.5162
0.1135
0.0219
0.6477
0.8917
0.9988
0.4705
0.5018
0.8247
0.2223
0.6988
0.3302
0.6344
0.2974
0.8249
0.2243
0.8568
0.5912
0.0473
0.1963
0.024
0.0492
0.0021
0.4911
0.7225
0.1287
0.4438
0.0683
0.0222
0.7125
0.9751
0.0142
0.1504
0.165
0.0508
0.5432
0.0279
0.1583
0.6712
0.0606
0.369
0.2175
0.5517
0.0913
0.0633
0.7274
0.9634
0.7218
0.7273
0.2249
0.5743
0.8584
0.6372
0.4444
0.7355
0.8544
0.0379
0.0596
0.397
0.0016
0.5287
0.6112
0.825
0.1191
0.5841
0.3745
0.5249
0.9362
0.1159
0.6496
0.4313
0.8235
0.5799
0.1435
0.9999
0.4169
0.1321
0.7066
0.8757
0.6281
0.423
0.7406
0.1462
0.6143
0.5164
0.8613
0.2743
0.7552
0.5192
0.6254
0.627
0.3389
0.1539
0.348
0.0222
0.0407
0.9472
0.279
0.3817
0.1668
0.2781
0.4982
0.7642
0.5542
0.0947
0.3821
0.6457
0.5698
0.5581
0.8031
0.7573
0.5732
0.8248
0.4508
0.3964
0.681
0.7823
0.8601
0.3763
0.8939
0.7091
0.1147
0.2117
0.4398
0.1005
0.1161
0.7469
0.1016
0.0074
0.7613
0.0948
0.4756
0.083
0.5598
0.4228
0.4287
0.7278
0.6986
0.2403
0.7124
0.9106
0.7074
0.0534
0.9311
0.6947
0.3949
0.9087
0.1196
0.1022
0.1244
0.4581
0.478
0.1778
0.2376
0.9189
0.8918
0.6478
0.7895
0.8803
0.9568
0.208
0.1745
0.0881
0.092
0.2709
0.444
0.302
0.3726
0.6526
0.5613
0.23
0.4811
0.6725
0.09
0.9258
0.5208
0.5313
0.318
0.2144
0.6946
0.1886
0.2066
0.971
0.5559
0.2184
0.4899
0.7753
0.321
0.1183
0.8192
0.9691
0.9281
0.2656
0.0501
0.7159
0.7329
0.3863
0.6761
0.5173
0.6848
0.2035
0.8758
0.9135
0.6134
0.8027
0.0521
0.9474
0.4392
0.9491
0.7909
0.4524
0.7844
0.2811
0.7765
0.0097
0.5337
0.7074
0.8065
0.3582
0.7016
0.6088
0.7878
0.0598
0.1399
0.191
0.4961
0.7023
0.9972
0.0962
0.1162
0.8328
0.8223
0.166
0.6858
0.7311
0.0684
0.0363
0.9455
0.7475
0.4558
0.7096
0.1838
0.1018
0.323
0.0774
0.1888
0.2281
0.4496
0.6454
0.268
0.8709
0.8905
0.0788
0.5554
0.9149
0.7656
0.477
0.4882
0.0785
0.6449
0.9655
0.869
0.6659
0.6438
0.184
0.8231
0.8058
0.8684
0.2965
0.8684
0.8219
0.0881
0.0998
0.5646
0.2014
0.3657
0.2109
0.1886
0.0897
0.7084
0.7428
0.8441
0.4275
0.2432
0.7941
0.039
0.3426
0.8133
0.6886
0.8257
0.7068
0.3928
0.6788
0.1475
0.6105
0.1182
0.1541
0.4251
0.5967
0.9549
0.3798
0.4189
0.1638
0.659
0.3317
0.5883
0.2457
0.5567
0.7771
0.4175
0.4644
0.2782
0.7908
0.3453
0.4189
0.702
0.2261
0.0886
0.4706
0.484
0.679
0.234
0.0193
0.9856
0.8683
0.4749
0.0899
0.7708
0.4917
0.1233
0.4491
0.4984
0.5966
0.6227
0.1964
0.3869
0.2806
0.7655
0.8287
0.8444
0.0384
0.1536
0.8009
0.1738
0.5773
0.2637
0.2168
0.7739
0.5519
0.331
0.2794
0.8629
0.5295
0.6617
0.6473
0.7727
0.602
0.8821
0.1055
0.2676
0.2652
0.4931
0.9494
0.6227
0.4204
0.109
0.0007
0.9239
0.2741
0.1808
0.1494
0.2225
0.3896
0.0033
0.493
0.2211
0.0175
0.8171
0.2031
0.1243
0.5851
0.8901
0.7631
0.9804
0.5024
0.2954
0.1535
0.1177
0.8784
0.6951
0.149
0.0
0.0
0.0
0.0
0.0
0.0
0.0
0.0
0.0
0.0
0.0
0.0
0.0
0.0
0.0
0.0
0.0
0.0
0.0
0.0
0.0
0.0
0.0
0.0
0.0
0.0
0.0
0.0
0.0
0.0
0.0
0.0
0.0
0.0
0.0
0.0
0.0
0.0
0.0
0.0
0.0
0.0
1.0
1.0
1.0
1.0
1.0
1.0
1.0
1.0
1.0
1.0
1.0
1.0
1.0
1.0
1.0
1.0
1.0
1.0
1.0
1.0
1.0
1.0
1.0
1.0
1.0
1.0
1.0
1.0
1.0
1.0
1.0
1.0
1.0
1.0
1.0
1.0
1.0
1.0
1.0
1.0
1.0
1.0
1.0
1.0
1.0
1.0
1.0
1.0
1.0
1.0
1.0
1.0
1.0
1.0
1.0
1.0
1.0
1.0
1.0
1.0
1.0
1.0
1.0
1.0
1.0
1.0
1.0
1.0
1.0
1.0
1.0
1.0
1.0
1.0
1.0
1.0
1.0
1.0
1.0
1.0
1.0
1.0
1.0
1.0
1.0
1.0
1.0
1.0
1.0
1.0
1.0
1.0
1.0
1.0
1.0
1.0
1.0
1.0
1.0
1.0
1.0
1.0
1.0
1.0
1.0
1.0
1.0
1.0
1.0
1.0
1.0
1.0
1.0
1.0
1.0
1.0
1.0
1.0
1.0
1.0
1.0
1.0
1.0
1.0
1.0
1.0
1.0
1.0
1.0
1.0
1.0
1.0
1.0
1.0
1.0
1.0
1.0
1.0
1.0
1.0
1.0
1.0
1.0
1.0
1.0
1.0
1.0
1.0
1.0
1.0
1.0
1.0
1.0
1.0
1.0
1.0
1.0
1.0
1.0
1.0
1.0
1.0
1.0
1.0
1.0
1.0
1.0
1.0
1.0
1.0
1.0
1.0
1.0
1.0
1.0
1.0
1.0
1.0
1.0
1.0
1.0
1.0
1.0
1.0
1.0
1.0
1.0
1.0
1.0
1.0
1.0
1.0
1.0
1.0
1.0
1.0
1.0
1.0
1.0
1.0
1.0
0.0
