709.13 1037.76 1514.24 2347.79 2623.89 1780.22
427.13 561.53 684.56 1164.58 1488.86 1280.5
959.96 1382.12 2026.68 3106.01 3681.17 2467.55
549.61 752.94 949.74 1560.68 1769.32 1538.36
637.76 891.5 1145.23 1912.98 2217.36 1854.25
230.88 436.93 323.11 3983.22 1439.93 829.83
214.19 324.22 318.36 1935.71 735.93 431.41
425.26 641.11 706.64 2866.25 1815.0 1363.59
108.21 111.79 115.27 124.87 130.42 127.04
631.45 863.26 1124.13 1873.73 2308.94 1850.67
507.3 674.64 827.82 1425.49 1829.24 1569.81
424.24 720.09 547.46 4350.69 1591.15 1004.85
663.87 930.31 1293.49 2037.28 2133.45 1570.44
563.43 796.67 963.35 2599.14 2029.63 1703.72
432.87 691.84 771.76 3922.55 1952.75 1252.71
539.33 778.36 873.83 2575.29 1946.15 1568.17
339.37 479.08 547.24 2019.55 1289.98 986.81
484.93 745.2 971.67 3823.39 1816.56 983.95
733.03 1046.52 1459.46 2337.54 1853.43 1157.08
713.94 986.01 1261.37 1979.58 2356.23 2074.24
403.76 539.27 661.0 1056.64 1309.86 1147.94
312.04 483.8 500.81 3400.32 1484.22 1031.29
830.61 1184.49 1691.34 2600.63 2934.23 2069.09
456.29 613.66 778.97 1303.58 1459.9 1192.22
684.7 944.18 1187.95 2006.31 2289.16 2034.33
943.81 1404.93 2078.84 3221.49 3578.81 2392.73
583.65 833.23 1004.38 2272.73 2132.97 1749.93
608.6 900.69 1229.04 3295.78 2134.47 1357.4
559.8 788.7 974.34 2361.76 1989.41 1659.52
834.25 1178.79 1698.32 2768.6 2529.84 1687.74
767.87 1082.95 1440.3 2301.48 2291.81 1848.05
376.97 574.97 604.42 3235.73 1599.2 1177.08
445.01 659.86 739.26 2790.96 1815.79 1398.15
542.62 751.77 1036.93 1620.79 1696.07 1253.98
587.58 793.8 993.74 1705.09 2102.5 1762.64
749.24 1042.52 1357.22 2153.45 2345.43 1960.53
175.49 275.83 242.28 2731.41 913.41 555.86
715.58 988.5 1273.51 2001.51 2360.76 2054.11
249.05 310.3 366.35 585.07 732.83 637.89
310.31 514.11 429.4 3795.5 1499.98 950.51
429.46 573.15 713.02 1098.21 1321.12 1185.63
424.5 557.83 679.87 1156.04 1477.71 1271.02
419.16 594.57 669.75 2483.95 1677.99 1329.97
813.48 1207.49 1729.63 3059.01 3139.94 2134.93
633.84 900.85 1311.9 2008.8 1929.09 1284.27
750.49 1094.08 1529.36 3142.67 2980.85 2006.96
388.64 517.96 637.55 1013.14 1249.14 1086.02
351.2 562.12 535.95 3564.92 1474.56 1037.64
962.17 1376.02 2086.05 3201.56 2861.55 1719.53
532.23 720.75 904.25 1409.6 1702.05 1524.29
582.68 842.0 955.35 2795.11 2007.93 1643.03
521.08 725.47 877.78 1793.05 1733.4 1504.21
514.8 707.98 854.12 2042.63 1937.16 1587.41
235.59 373.64 292.81 1830.32 799.74 552.56
237.69 294.26 346.04 548.08 684.57 596.87
911.75 1314.02 1919.16 3014.06 3513.99 2346.83
732.17 1015.64 1327.85 2108.69 2519.34 2119.88
959.77 1394.43 2007.72 3163.58 2934.1 1816.73
492.53 679.24 919.36 1464.06 1690.44 1265.77
780.15 1104.41 1520.01 2460.06 2538.2 1790.67
775.5 1090.09 1495.37 2316.47 2770.68 2128.23
560.48 761.32 956.82 1495.19 1806.76 1617.37
355.75 658.04 375.07 5005.06 1395.96 726.37
271.87 509.83 255.96 4086.2 997.58 464.93
624.77 860.72 1080.42 1767.07 2144.82 1843.89
555.01 813.49 894.04 2994.72 1932.73 1540.94
492.74 661.73 802.42 1566.33 1812.94 1532.68
487.2 646.29 791.91 1360.09 1743.92 1497.29
573.02 771.08 965.36 1652.73 2074.22 1749.19
252.42 440.85 372.9 3315.53 1327.98 829.82
493.25 766.37 805.4 3686.98 1862.1 1229.79
682.34 936.33 1183.56 1864.41 2258.43 2018.93
263.23 517.33 351.74 4263.58 1379.4 805.15
440.7 702.55 702.71 3410.89 1759.7 1313.71
545.67 766.67 972.33 2013.08 1835.2 1510.92
477.16 660.44 878.83 1375.21 1343.74 1009.53
518.01 724.45 980.59 1599.62 1391.95 996.97
479.62 648.98 801.12 1295.56 1612.03 1409.66
163.08 376.81 139.19 5115.31 1173.37 471.17
258.5 421.98 413.96 3479.8 1343.56 889.0
370.49 594.3 625.1 3410.45 1707.16 1103.09
535.43 732.37 903.75 1541.33 1846.56 1604.21
241.77 395.2 346.61 2722.22 1192.1 772.58
732.17 1028.64 1366.03 2115.47 2409.86 2016.78
744.58 1044.72 1489.44 2380.84 2431.46 1695.86
812.46 1180.14 1692.98 2585.36 2589.36 1812.31
324.19 421.97 517.15 779.27 930.96 838.76
904.11 1340.07 1975.62 2943.48 2724.69 1783.95
831.32 1178.78 1634.03 2551.81 2738.16 2063.67
206.7 363.88 302.27 4317.01 1249.15 724.12
406.28 576.42 648.32 2662.93 1706.81 1316.87
581.97 840.78 1072.04 2709.25 2177.27 1641.43
298.08 391.97 516.23 776.03 799.96 626.1
679.37 935.42 1176.63 1942.19 2262.53 2012.09
695.38 967.37 1264.48 2055.02 2260.06 1843.02
542.54 736.63 880.58 1834.33 1999.63 1681.13
891.39 1265.84 1884.32 2925.78 2719.41 1717.27
109.15 266.76 102.22 4797.57 953.3 382.28
460.24 631.96 877.8 1353.94 1377.73 991.62
94.8 165.79 111.23 1602.94 474.64 234.7
575.85 813.35 1124.9 1790.85 2086.93 1539.63
271.44 347.92 416.62 639.91 782.82 691.44
615.49 851.81 1056.09 1879.88 2170.51 1867.82
531.46 708.74 871.01 1504.13 1931.84 1657.02
454.57 671.6 763.51 2990.87 1810.56 1400.47
378.5 602.08 510.04 3691.11 1498.14 974.67
511.57 704.38 954.38 1507.24 1756.37 1347.59
685.36 951.92 1236.18 2011.39 2252.05 1855.39
336.1 439.08 539.32 815.36 975.11 878.01
307.18 465.36 484.86 2484.08 1293.88 931.19
436.35 574.55 701.05 1194.6 1528.03 1313.79
283.57 358.99 428.02 697.39 879.36 762.43
668.83 928.97 1195.46 1945.93 2320.72 1935.36
377.15 571.97 572.71 2937.23 1603.79 1183.78
817.22 1163.34 1584.78 2564.01 2310.5 1626.17
570.99 822.93 973.04 2583.65 2085.66 1730.87
139.61 157.27 173.15 224.73 257.75 236.64
530.03 733.48 849.5 1941.56 1977.22 1644.96
260.86 363.51 455.91 1125.96 820.11 575.73
699.42 972.66 1275.58 1998.17 2324.97 1953.82
694.36 1036.07 1494.11 3269.72 2341.85 1389.98
521.06 739.6 876.57 2354.15 1936.67 1597.0
205.47 368.52 276.47 4094.15 1188.66 677.98
347.64 455.64 560.78 850.3 1017.86 916.01
486.28 699.85 817.4 2463.81 1877.66 1456.54
265.87 381.72 394.97 1747.49 913.02 690.41
190.09 299.72 264.75 2515.67 949.84 582.02
627.84 870.13 1094.11 1937.54 2244.47 1900.35
450.4 705.68 662.21 3749.49 1648.36 1154.94
561.84 770.61 964.73 1900.83 2068.6 1683.92
459.01 649.31 730.87 2411.12 1828.76 1458.02
182.08 387.3 301.48 3863.38 1309.68 718.25
680.57 937.93 1250.15 2081.14 2180.09 1688.84
496.52 659.44 808.57 1390.43 1783.5 1530.93
92.74 220.5 102.54 4551.43 982.6 411.18
432.25 568.76 693.71 1181.24 1510.6 1298.97
261.73 442.36 388.33 3907.76 1321.28 835.1
473.73 755.11 675.44 3726.04 1739.98 1227.22
638.42 883.63 1113.71 1903.93 2241.84 1899.84
642.28 894.75 1149.69 2029.42 2230.54 1834.03
539.74 817.61 1045.62 3319.5 1903.33 1334.09
546.66 749.31 923.76 1955.98 2019.48 1649.71
353.1 547.84 514.43 2572.47 1126.06 748.47
872.7 1301.98 1876.31 3051.6 2712.24 1795.44
756.89 1099.08 1456.16 2919.95 2458.95 1698.71
427.67 609.33 734.0 2130.67 1551.58 1195.93
173.28 205.25 236.36 322.04 371.62 341.48
479.01 674.21 777.68 2323.12 1857.21 1470.0
501.76 680.99 842.0 1365.27 1700.19 1486.02
171.65 330.13 231.88 4146.88 1013.83 566.36
703.08 966.14 1222.3 1927.62 2335.11 2086.74
452.65 609.97 751.3 1210.61 1504.59 1316.6
342.34 522.61 556.52 2572.75 1568.94 1141.6
394.51 586.65 605.14 2917.38 1664.77 1229.42
892.08 1293.84 1861.86 2885.0 3156.04 2195.2
746.43 1045.27 1433.59 2273.85 2437.92 1850.14
635.64 871.52 1154.23 1953.22 2252.37 1738.12
617.83 853.48 1052.17 1845.6 2171.57 1880.89
955.43 1376.01 2024.98 3112.8 3696.95 2451.08
515.6 719.61 907.31 1858.27 1612.79 1336.35
333.75 494.57 520.04 2382.76 1249.6 957.17
628.75 898.3 1243.7 1949.71 2252.87 1678.25
596.39 839.67 1025.26 2383.52 2109.95 1792.4
543.28 787.94 911.82 2815.76 1989.9 1636.46
751.33 1053.7 1412.79 2335.92 2255.97 1649.24
559.5 829.67 1018.08 3122.48 2004.94 1456.7
514.52 734.92 943.26 2461.23 1841.79 1354.61
672.98 949.37 1349.82 2061.29 2445.21 1725.87
271.57 439.46 396.82 3628.58 1349.81 879.71
288.98 438.03 467.42 2036.85 1201.84 886.76
137.04 156.83 166.68 377.99 289.79 245.77
499.59 668.3 812.84 1491.12 1812.0 1545.42
572.4 769.91 957.33 1651.08 2058.07 1744.48
690.76 964.42 1273.5 2118.76 2253.7 1723.74
546.68 735.48 898.61 1684.05 2027.97 1722.6
254.31 407.48 389.42 3247.3 1366.76 871.43
690.61 963.61 1250.36 2026.31 2342.43 1904.83
584.85 814.19 994.22 2023.46 2100.53 1793.98
183.81 253.8 250.57 1630.04 701.83 492.02
282.48 362.06 439.53 652.88 776.34 701.29
302.01 552.75 333.33 4820.2 1244.96 607.35
921.13 1340.81 2043.42 3362.07 3798.19 2310.34
481.08 785.07 706.34 3567.4 1810.57 1337.51
571.24 783.48 1002.55 1580.8 1830.33 1591.79
477.5 645.91 797.2 1288.87 1603.57 1402.33
323.13 453.99 484.77 1597.08 1058.8 835.23
577.82 867.62 915.21 3262.91 1973.11 1535.61
564.91 808.2 971.93 2326.98 2077.23 1687.18
556.43 792.31 951.5 2554.68 2025.58 1681.95
326.6 517.78 482.87 3178.88 1356.23 927.67
164.05 194.5 233.59 323.01 353.76 286.74
697.2 1051.49 1486.03 3352.32 2287.09 1453.55
323.73 466.91 516.84 1872.29 1248.26 958.58
251.73 314.08 371.14 593.8 744.21 647.56
264.58 471.09 339.19 4198.14 1398.7 802.26
677.96 943.37 1214.77 1972.88 2314.63 1908.97
861.65 1244.3 1838.93 3015.22 3450.88 2239.64
174.17 206.52 238.0 324.72 374.9 344.4
818.96 1181.68 1675.36 2630.12 2834.35 2016.3
505.39 764.77 873.25 3204.35 1897.07 1411.98
282.36 361.9 439.32 652.54 775.93 700.92
852.53 1225.7 1674.14 2706.68 2589.07 1845.64
828.12 1191.58 1643.09 2649.34 2251.69 1626.09
339.93 438.52 528.75 880.83 1118.68 965.85
253.15 329.27 384.12 810.21 762.34 646.62
320.98 411.77 494.88 819.14 1038.19 897.44
419.15 576.9 675.98 1975.07 1634.73 1323.26
109.01 112.95 116.77 127.31 133.41 129.7
655.24 910.71 1230.67 2315.97 2198.12 1611.18
706.79 989.51 1295.89 2094.68 2378.0 1899.54
838.82 1225.66 1766.44 2786.52 3170.62 2215.75
164.34 193.04 218.83 302.62 356.26 321.96
697.13 966.68 1315.7 2211.85 2448.78 1803.4
486.62 656.74 819.48 1314.79 1542.47 1377.15
741.58 1058.08 1435.26 2286.49 2697.57 2092.26
151.07 173.34 195.02 254.73 289.29 268.28
913.47 1353.24 2002.29 2990.76 2803.88 1830.86
530.77 710.04 879.24 1509.6 1927.09 1639.45
562.31 786.16 1040.44 1667.2 1702.58 1295.31
495.49 683.96 819.92 1650.74 1702.16 1451.13
532.53 714.61 881.47 1579.62 1933.56 1635.83
724.07 1022.94 1411.83 2280.64 2562.87 1895.93
242.8 441.5 411.05 3441.89 1429.76 854.72
146.76 357.16 170.03 4593.13 1283.24 592.08
334.52 459.02 603.83 1281.82 1034.62 723.0
812.49 1148.0 1595.26 2564.96 2353.68 1698.37
575.79 776.29 972.17 1683.7 2107.13 1764.83
920.99 1345.43 1864.92 3201.51 2696.37 1771.4
379.23 667.17 679.03 4165.42 1623.03 880.78
436.96 583.93 726.99 1120.95 1348.94 1210.36
300.38 614.5 293.92 4582.14 1396.48 763.31
723.46 1002.73 1308.41 2048.81 2437.15 2063.04
486.22 695.55 839.23 2245.61 1900.23 1477.71
412.02 569.21 630.83 1714.04 1455.63 1182.41
652.04 898.32 1231.26 2051.46 2105.98 1549.61
619.04 869.86 1066.63 2316.22 2160.5 1853.42
576.28 817.93 953.17 2322.46 2054.05 1708.04
549.93 745.77 954.9 1601.63 1977.42 1615.47
201.64 243.4 281.62 430.76 531.52 466.78
633.79 883.69 1141.79 1862.83 2030.38 1669.3
342.18 457.04 541.33 1035.64 1079.86 927.99
387.48 640.84 522.76 4203.5 1477.31 922.75
307.56 392.84 470.9 775.47 981.22 849.02
555.1 742.08 913.24 1581.05 2032.19 1742.31
116.24 123.49 130.0 151.15 164.69 156.03
355.01 620.37 433.43 4657.91 1412.14 797.44
708.43 1004.21 1339.7 2255.89 2481.24 1934.24
383.81 507.59 628.08 959.89 1151.92 1035.2
757.31 1053.95 1392.07 2176.19 2619.52 2167.43
386.82 514.78 629.73 1003.31 1242.42 1089.52
616.65 851.85 1052.84 1840.17 2177.03 1887.35
389.12 520.41 645.31 1025.1 1220.31 1045.13
484.6 698.02 915.79 2142.79 1780.91 1251.71
59.58 184.12 57.97 4399.95 879.98 332.77
229.18 447.49 327.11 4156.55 1442.91 817.81
252.15 314.66 371.88 595.14 745.97 649.06
612.69 843.0 1056.79 1725.67 2123.74 1830.0
375.57 514.63 712.22 1084.81 1192.69 839.77
559.29 781.86 948.82 2167.27 2050.19 1728.36
834.42 1202.94 1664.29 2685.72 2247.49 1602.88
258.57 476.6 331.45 4420.74 1385.65 769.95
424.99 566.73 704.7 1084.66 1304.55 1170.89
367.16 577.26 601.04 3179.98 1703.22 1203.5
833.13 1177.08 1694.93 2763.13 2528.07 1689.04
754.7 1080.08 1553.26 2417.09 2454.27 1663.48
458.72 618.75 762.51 1229.73 1528.77 1337.55
348.57 459.46 559.08 882.83 1090.05 957.54
922.93 1369.44 2021.16 3145.33 3507.74 2353.22
748.52 1050.44 1455.29 2327.1 2728.25 1999.22
592.49 826.12 1005.58 1985.29 2118.4 1813.69
766.15 1179.78 1472.67 3731.18 2361.4 1465.48
755.81 1079.05 1456.98 2378.38 2202.28 1653.3
108.21 111.87 115.16 125.85 132.7 128.32
542.69 750.71 895.51 2065.02 1957.09 1582.35
480.81 637.27 780.48 1339.27 1716.77 1474.21
638.51 888.68 1122.25 1980.35 2221.11 1861.49
602.04 832.77 1028.76 1890.7 2144.18 1849.62
612.43 872.16 1141.64 2416.77 2238.76 1664.17
493.79 755.55 742.33 3208.56 1698.44 1283.18
727.32 1032.39 1516.09 2349.03 2238.99 1460.3
164.57 358.66 173.6 4784.79 1174.96 577.58
135.34 339.97 111.49 4747.11 1007.83 418.36
490.25 671.0 795.93 1833.17 1861.95 1542.81
428.38 679.1 724.68 3781.25 1749.56 1110.71
145.44 299.48 183.45 4283.35 945.44 488.49
712.58 997.25 1323.31 2113.83 2529.26 2012.02
450.14 606.35 746.67 1202.72 1494.62 1307.96
655.58 918.38 1128.13 2195.24 2231.0 1947.21
797.04 1132.03 1600.12 2548.59 2692.39 1896.55
146.56 311.32 172.97 4635.38 1038.76 487.87
396.09 616.31 549.95 3488.23 1551.9 1050.76
548.36 768.81 928.71 2230.24 2025.59 1697.5
93.25 209.96 102.12 4167.88 906.21 384.03
759.42 1085.34 1490.15 2466.72 2134.53 1510.47
810.36 1164.75 1682.73 2724.75 2554.82 1748.34
697.31 975.53 1311.79 2155.54 2391.12 1825.77
676.87 928.48 1173.39 1847.84 2238.16 2000.91
277.23 427.92 429.32 3348.84 1329.03 870.73
868.22 1231.99 1760.88 2834.66 2377.91 1578.08
288.84 485.73 452.58 3660.96 1483.72 950.96
612.82 862.3 1072.8 2217.87 2120.51 1737.03
270.35 469.31 378.3 3941.3 1276.84 796.51
508.01 804.24 740.38 3853.25 1794.73 1294.07
569.22 765.74 951.82 1648.13 2071.82 1757.31
699.3 961.36 1220.72 1923.22 2316.3 2058.53
463.98 626.37 772.24 1246.31 1549.75 1355.71
623.84 857.54 1067.47 1749.75 2186.45 1907.2
635.01 868.45 1114.41 1886.68 2132.57 1716.58
841.79 1204.61 1703.79 2680.58 2811.84 1993.29
924.82 1337.21 1968.04 3030.67 2909.92 1936.7
447.45 627.0 739.34 1940.67 1614.47 1338.74
649.24 894.35 1123.27 1936.85 2172.05 1924.14
861.69 1264.09 1817.5 2841.82 3220.97 2270.72
359.79 522.93 576.25 2717.32 1583.71 1189.06
425.08 566.87 704.88 1084.96 1304.91 1171.22
230.88 284.66 333.89 525.95 655.69 572.32
289.09 476.93 500.83 3538.72 1270.85 805.56
479.27 715.15 731.67 2626.5 1849.71 1429.44
448.65 654.08 743.73 2704.9 1736.47 1389.22
233.17 312.88 352.85 1176.05 734.91 594.44
353.88 458.2 553.68 926.23 1177.91 1016.19
627.96 919.05 1248.05 3353.53 2039.93 1310.43
111.57 116.73 121.36 136.42 146.07 139.9
335.55 440.63 535.03 841.82 1038.18 912.62
824.68 1203.62 1732.4 2632.65 2569.63 1778.42
676.54 937.33 1259.6 2062.26 2328.43 1808.36
768.07 1093.9 1531.85 2449.0 2782.77 2004.71
384.01 539.04 618.88 1803.82 1332.14 1005.05
584.5 817.48 991.68 2073.54 2108.73 1792.9
867.99 1267.8 1815.83 2720.23 2655.2 1894.55
445.43 635.91 705.16 2520.61 1798.6 1417.41
165.22 424.17 157.4 4932.84 1157.63 505.07
219.23 376.22 323.49 4124.91 1285.2 769.02
718.64 992.61 1278.75 2024.41 2433.83 2104.63
694.45 964.03 1220.64 2103.06 2341.69 2033.71
604.75 843.16 1060.93 1963.77 2065.92 1729.78
655.11 897.23 1132.9 1781.91 2157.51 1929.21
310.53 547.19 421.17 3114.07 1073.11 591.55
263.62 330.85 392.38 632.48 794.67 690.45
557.46 767.51 934.59 1873.32 2054.55 1686.24
751.84 1067.27 1543.35 2455.19 2441.66 1660.35
772.46 1115.35 1553.03 2488.88 2196.32 1445.85
578.0 787.74 1053.39 1761.76 1897.95 1453.18
219.73 304.25 281.35 1219.28 645.97 478.93
203.45 245.96 284.86 436.66 539.22 473.32
740.91 1039.38 1397.74 2298.83 2287.84 1766.74
258.0 512.36 341.37 4299.28 1367.57 789.15
542.5 730.48 890.29 1680.25 2010.5 1707.29
350.55 467.82 566.47 1140.31 1083.08 945.29
516.85 702.81 869.87 1412.8 1760.3 1538.09
411.94 613.61 698.83 2469.72 1531.24 1078.72
397.78 539.94 756.2 1137.73 1112.97 784.9
536.37 763.63 924.08 2426.93 1931.51 1571.2
654.95 948.8 1292.65 2695.85 2246.76 1581.18
911.99 1336.77 1968.41 3053.32 3141.59 2061.02
569.03 781.54 973.55 1987.54 2145.13 1731.84
671.59 946.53 1278.47 2156.28 2211.23 1702.66
697.07 973.8 1331.46 2159.54 2397.76 1790.04
619.89 946.02 1240.25 3176.13 2187.25 1476.45
301.65 384.5 460.34 756.24 956.14 827.7
437.82 628.41 789.71 2100.44 1417.88 1047.24
544.1 801.42 908.42 3044.63 1944.37 1380.29
495.43 770.47 731.56 3452.11 1805.25 1324.74
517.3 699.31 876.47 1364.36 1646.71 1475.08
128.76 141.3 153.51 187.13 206.59 194.76
831.04 1220.11 1851.8 3231.3 2587.01 1488.41
428.62 581.6 704.27 1300.11 1437.17 1239.03
471.58 677.42 721.3 2617.22 1782.68 1377.4
661.31 944.91 1306.7 2013.42 2125.66 1649.41
743.33 1041.44 1372.85 2133.73 2456.39 2079.39
803.67 1143.77 1591.5 2516.73 2703.48 1981.05
511.39 718.92 838.86 2004.28 1792.28 1492.81
551.24 737.46 909.85 1571.24 2001.49 1709.56
259.43 337.74 436.97 646.64 727.57 562.42
540.3 734.82 901.14 1790.93 2038.49 1696.2
978.15 1412.04 2088.38 3199.92 3791.43 2490.8
548.66 749.73 971.21 1508.85 1735.49 1481.84
688.98 965.16 1235.69 2271.91 2304.95 1938.91
534.81 740.3 996.02 1554.92 1821.08 1396.46
550.65 752.27 932.37 1538.75 1898.95 1656.19
408.88 546.68 670.47 1072.77 1330.27 1165.61
567.76 833.85 1030.82 3048.48 2016.92 1311.76
628.82 864.77 1076.96 1765.7 2206.43 1923.86
710.41 999.56 1327.03 2126.79 2513.8 2000.49
736.23 1049.96 1460.18 2286.92 2427.4 1796.51
458.6 671.53 710.48 2389.37 1516.35 1209.8
732.49 1043.88 1444.4 2332.88 2744.4 2041.94
292.14 564.23 285.74 5321.58 1229.72 538.67
665.41 914.44 1151.36 1871.24 2205.62 1965.72
681.96 940.81 1203.5 1898.76 2215.68 1928.32
650.29 909.01 1207.61 1992.31 2062.59 1550.04
740.92 1037.16 1408.39 2183.93 2615.21 2046.57
504.67 681.16 852.96 1326.08 1599.89 1433.46
668.35 925.4 1196.49 1936.17 2284.38 1899.92
535.81 860.54 853.23 4192.33 2007.02 1295.15
474.09 641.75 815.98 1260.58 1502.89 1308.57
938.94 1381.71 2053.33 3175.97 3230.63 2073.95
721.45 1005.01 1372.35 2215.91 2724.23 2042.17
841.17 1189.74 1654.67 2560.94 3058.82 2291.62
883.18 1251.35 1831.83 2970.56 2608.94 1676.91
290.44 477.1 460.6 3693.74 1464.08 946.9
731.77 1017.86 1318.81 2093.07 2315.85 1981.03
546.02 735.95 890.87 1689.23 2000.75 1699.52
152.5 174.07 193.82 270.86 322.9 289.46
442.96 604.85 824.19 1276.48 1339.24 999.79
197.84 240.51 282.04 396.43 462.63 422.39
233.04 396.31 382.66 3490.32 1133.25 620.91
478.21 645.16 813.45 1262.97 1470.0 1291.16
191.05 379.74 274.57 4300.41 1270.94 662.69
528.73 705.88 870.2 1497.93 1915.65 1638.55
282.83 362.58 440.2 653.96 777.66 702.47
599.88 870.27 1110.62 2702.44 2201.27 1642.15
410.96 674.86 662.43 3539.44 1699.39 1169.34
729.53 1018.48 1398.72 2249.07 2757.45 2049.14
736.49 1049.14 1422.45 2218.02 2433.09 1900.79
496.42 669.32 837.62 1301.1 1569.33 1406.29
347.61 509.18 555.22 2785.46 1555.17 1154.33
140.3 354.67 160.39 4688.01 1273.03 571.67
661.37 928.59 1220.05 1932.21 2210.32 1804.33
461.11 655.24 742.06 2313.95 1868.8 1480.53
451.33 636.68 807.61 1870.85 1562.91 1209.95
109.81 114.09 118.25 129.72 136.36 132.33
918.75 1360.66 1998.54 2964.29 2753.72 1835.33
108.37 111.8 114.95 127.23 135.52 130.19
218.8 271.8 319.41 474.15 573.18 509.85
700.18 986.94 1305.76 2065.33 2356.71 1908.97
630.63 867.55 1081.89 1774.0 2211.92 1924.8
579.48 824.55 993.41 2499.63 2078.27 1743.36
446.4 603.35 779.8 1276.85 1559.08 1253.39
695.51 960.39 1242.33 1966.3 2357.88 2020.29
470.03 646.66 903.51 1480.47 1734.36 1210.32
370.35 543.94 585.78 2404.12 1345.65 1051.23
397.31 632.42 608.95 3732.13 1677.32 1172.16
731.68 1076.46 1517.83 2862.68 2371.68 1617.92
220.89 273.61 324.93 466.27 548.06 498.34
597.63 880.09 977.16 2705.88 2085.99 1731.13
427.47 593.78 813.24 1233.87 1399.06 1053.15
239.19 433.54 317.54 4086.38 1200.63 703.56
332.53 433.95 532.67 804.53 961.87 866.23
357.51 472.39 575.59 910.99 1125.66 988.39
336.22 439.24 539.53 815.7 975.53 878.38
923.23 1331.3 1949.04 3009.1 3328.67 2214.39
561.49 759.51 973.88 1643.17 1984.08 1625.44
469.05 647.9 759.12 2128.18 1803.94 1479.88
560.1 888.9 957.76 3797.68 1977.07 1320.28
556.56 776.47 1023.72 1600.0 1797.02 1450.43
304.75 388.88 465.88 766.34 969.31 838.89
582.12 797.29 990.86 1618.7 2019.67 1762.08
670.91 925.04 1240.4 2094.25 2373.08 1795.1
976.26 1425.32 2004.98 3228.59 2800.2 1799.79
658.13 903.21 1148.49 1804.65 2164.54 1913.48
647.54 925.49 1323.82 2068.7 2191.68 1506.71
791.26 1139.15 1525.88 2882.56 2304.43 1653.09
570.07 824.58 1065.08 2918.64 2021.74 1497.42
543.43 742.13 925.97 1598.35 1778.87 1573.45
127.02 139.07 149.9 185.09 207.61 193.21
559.89 749.05 922.18 1601.22 2053.02 1759.04
601.92 822.61 1087.81 1824.18 2081.95 1634.93
240.56 420.81 314.48 3810.46 1222.31 734.59
93.74 221.73 104.39 4547.09 984.83 413.95
685.44 940.88 1189.73 1874.35 2270.25 2028.67
459.36 665.6 774.74 2880.09 1775.84 1410.87
534.86 797.66 852.01 2625.75 1973.68 1586.7
829.35 1222.93 1721.1 3191.37 2862.11 1912.86
360.97 613.51 464.0 4394.78 1405.24 824.92
541.78 740.89 873.2 1901.06 1994.38 1667.78
700.33 963.8 1220.2 1951.96 2328.41 2073.11
679.31 938.81 1175.81 2037.28 2277.07 2016.35
565.13 785.53 958.7 1952.76 2017.15 1721.11
872.61 1236.68 1745.37 2777.13 2422.92 1702.09
191.86 298.0 273.21 2118.96 810.13 519.19
203.06 322.3 309.12 2723.36 967.54 630.65
390.55 509.92 619.19 1045.54 1333.56 1148.49
918.73 1324.05 2021.45 3113.06 2789.28 1646.56
108.85 112.71 116.47 126.82 132.81 129.17
438.3 592.65 723.74 1255.48 1462.87 1270.46
525.61 772.66 982.02 3125.33 1995.45 1412.99
722.25 1012.78 1330.37 2381.6 2370.14 1913.03
393.02 513.42 623.62 1053.6 1344.08 1157.43
410.77 551.92 693.14 1097.68 1312.16 1116.35
675.33 947.49 1257.62 1992.93 2058.12 1619.01
382.35 512.76 606.08 1514.75 1401.2 1157.03
645.48 898.14 1115.48 2141.39 2204.34 1923.47
648.02 907.07 1183.82 1917.98 2085.03 1659.74
589.83 808.36 1004.67 1642.65 2051.0 1789.88
700.47 962.36 1217.28 1919.32 2325.61 2078.65
598.87 817.38 1054.23 1769.61 2177.51 1766.78
323.1 656.27 339.26 4735.15 1437.24 803.97
567.09 811.09 1008.53 2651.26 2047.95 1649.19
524.86 705.12 859.81 1679.0 1944.36 1648.28
611.94 855.69 1102.88 2075.96 2184.59 1732.07
623.41 860.79 1106.0 1796.87 2056.7 1717.28
714.87 1013.75 1391.04 2257.71 2673.77 2013.14
828.18 1193.91 1790.6 2796.68 2596.31 1620.7
549.12 779.31 936.83 2668.04 1998.33 1664.43
483.43 744.99 976.29 2849.13 1606.25 955.34
564.95 767.74 965.14 1508.74 1823.33 1632.11
367.61 550.63 601.82 3113.82 1610.93 1187.96
961.15 1385.65 2037.78 3126.64 3709.47 2464.86
352.14 464.62 565.67 894.07 1104.27 969.86
721.82 997.62 1275.86 2016.42 2367.07 2067.55
113.15 119.01 124.28 141.4 152.36 145.35
979.4 1413.59 2087.54 3195.18 3782.98 2496.34
534.68 751.76 1049.52 1605.15 1769.84 1280.79
683.67 968.25 1321.25 2088.26 2399.65 1818.38
433.26 611.4 697.65 2389.36 1780.18 1391.7
560.87 856.5 1224.24 3618.83 1990.47 1093.02
483.21 799.54 1011.91 4321.86 2440.45 1310.36
458.47 614.82 767.01 1186.13 1428.68 1281.24
807.4 1162.07 1660.6 2627.85 2821.83 1964.97
569.37 796.37 965.18 2113.77 2063.18 1748.03
308.67 484.74 498.91 3183.91 1488.41 1014.33
750.78 1083.07 1480.31 3034.51 2161.59 1466.65
592.76 839.08 990.39 2096.96 2117.18 1794.77
665.95 944.58 1259.24 2216.93 2201.67 1678.04
458.56 617.24 741.62 1547.68 1690.18 1416.88
338.84 445.39 541.1 852.17 1051.28 923.96
505.08 672.29 823.88 1445.63 1825.19 1563.76
161.68 265.14 206.65 2603.64 749.72 436.8
941.53 1371.93 2087.64 3412.81 3842.49 2355.89
328.54 580.09 392.14 4628.76 1317.09 705.26
236.01 416.56 341.6 4200.01 1247.13 744.93
551.68 742.08 905.86 1666.3 2034.14 1733.63
679.35 939.69 1180.7 2051.71 2291.73 2018.91
523.42 708.94 860.78 1804.33 1945.55 1630.47
573.43 787.55 1077.89 1742.39 1885.14 1403.17
258.21 437.58 386.2 3633.41 1415.98 874.91
742.45 1057.29 1459.4 2344.82 1961.41 1292.96
314.47 518.02 437.6 3758.91 1509.19 963.99
374.05 556.36 636.12 3092.56 1683.16 1184.37
520.48 705.87 895.88 1392.34 1648.31 1449.74
634.06 866.99 1093.72 1718.11 2079.46 1859.82
616.57 942.54 1257.35 3474.67 2279.35 1399.18
647.05 920.38 1092.0 2340.56 2202.79 1898.05
108.06 111.58 115.0 124.42 129.88 126.56
931.23 1348.9 1997.41 3079.04 2930.36 1914.04
470.83 636.27 784.89 1267.88 1577.03 1379.34
573.71 811.76 972.75 2167.93 1965.98 1686.23
624.89 877.98 1081.99 2316.81 2183.47 1865.48
234.3 392.21 373.1 3597.17 1247.03 798.0
456.18 632.35 728.17 1972.31 1732.76 1416.16
329.11 423.24 509.4 845.59 1072.71 926.78
341.43 501.45 533.28 2490.91 1467.65 1079.72
417.77 596.37 663.04 2598.77 1706.26 1325.93
425.72 559.55 682.05 1160.01 1482.89 1275.43
343.4 531.63 566.51 3240.32 1549.97 1092.25
626.28 878.82 1204.57 2169.3 2130.6 1548.03
143.01 298.96 140.36 3518.55 829.56 392.33
163.0 358.41 174.7 4782.67 1141.42 555.53
784.45 1165.24 1668.13 3299.26 2791.29 1801.8
622.54 850.45 1072.29 1683.22 2036.78 1821.87
202.96 245.27 283.99 435.08 537.15 471.56
157.37 280.55 133.54 1921.62 525.02 276.05
434.14 687.71 860.89 3952.28 1490.55 794.0
957.07 1390.11 2000.13 3152.17 2928.16 1817.61
265.85 340.94 428.07 662.46 734.55 580.23
515.44 749.72 930.23 2641.33 1933.35 1487.69
855.23 1241.93 1803.39 2827.13 2970.46 2004.59
755.35 1075.17 1505.21 2410.97 2660.08 1921.85
244.54 309.02 366.94 555.19 675.68 598.63
395.32 656.97 612.86 3667.62 1660.17 1179.92
273.37 479.36 356.53 4120.75 1418.17 830.75
323.6 515.64 474.58 3502.76 1528.08 1053.11
146.66 270.43 157.93 2319.65 643.21 341.62
875.35 1251.79 1775.41 2766.2 2876.5 2055.66
637.7 879.5 1104.4 1805.57 2235.73 1929.18
520.43 693.17 851.29 1468.23 1885.0 1617.21
80.63 213.44 86.83 4184.91 976.87 366.58
583.06 823.43 1123.11 2097.53 1636.37 1134.09
618.78 858.82 1073.86 1891.29 2186.37 1864.53
710.48 979.49 1247.18 1970.2 2330.02 2059.44
845.89 1227.38 1736.29 2613.99 2612.31 1920.32
172.26 204.5 233.45 327.57 387.81 349.29
483.07 657.85 808.59 1386.8 1646.68 1429.64
582.06 827.79 1136.12 1831.23 1510.07 1053.66
450.25 703.28 759.8 3428.54 1675.31 1192.42
473.67 635.28 798.5 1341.18 1593.93 1315.8
469.65 680.95 769.44 2377.82 1761.67 1424.09
788.73 1106.07 1463.98 2331.52 2382.9 1902.0
803.76 1129.94 1555.48 2503.2 2678.08 2006.23
479.33 667.84 786.27 1618.51 1650.56 1404.89
887.27 1275.92 1848.21 2903.72 2950.24 1976.87
464.45 743.12 785.42 3581.83 1844.31 1283.09
72.67 199.78 81.41 4339.38 910.49 369.38
656.4 900.84 1213.13 1991.11 2224.45 1710.1
307.84 554.52 357.2 3441.21 1292.57 808.45
543.53 727.29 897.91 1553.79 1962.61 1672.26
382.13 498.05 604.15 1018.14 1297.82 1118.11
696.41 956.53 1209.74 1907.03 2310.57 2065.28
602.82 832.11 1076.06 1755.91 2063.42 1688.17
509.21 687.69 861.42 1339.85 1616.73 1448.43
526.27 708.63 858.87 1672.46 1940.98 1643.9
672.84 937.46 1211.65 1960.3 2372.22 1965.66
303.03 514.13 366.1 3737.98 1117.76 638.21
230.48 284.09 333.17 524.64 653.98 570.87
240.81 404.08 389.03 3913.79 1346.49 802.53
623.78 860.73 1125.32 1863.46 2222.7 1801.09
370.85 488.98 603.97 920.64 1103.9 992.51
324.61 457.36 490.65 1354.33 1061.63 868.5
319.68 531.45 471.2 3788.04 1486.1 966.02
102.84 104.01 105.08 109.25 112.07 110.26
807.6 1143.31 1557.14 2553.25 2315.67 1616.67
424.19 603.26 674.72 2553.55 1721.91 1345.52
256.14 473.19 347.81 4146.98 1290.26 773.45
525.19 792.81 1041.96 3457.09 1696.31 967.76
677.95 985.79 1277.28 2961.03 2190.62 1616.39
884.3 1292.86 1832.14 2973.64 2214.28 1419.16
509.03 677.08 830.91 1431.11 1836.58 1576.05
650.88 903.51 1145.75 1900.22 2200.25 1864.38
197.51 241.01 280.09 407.08 488.37 436.39
499.86 696.22 859.87 1861.99 1681.25 1409.15
611.51 829.71 1062.19 1803.83 2107.3 1729.6
582.07 797.27 991.75 1619.71 2018.07 1758.63
847.43 1203.28 1687.33 2607.89 2977.34 2191.25
614.27 859.53 1110.11 2229.09 2289.75 1757.96
534.09 760.81 894.6 2337.57 1961.95 1618.63
824.34 1191.21 1704.24 2749.44 2989.15 2059.54
565.75 780.34 1046.01 1608.52 1922.02 1521.41
340.89 602.3 505.11 3975.54 1540.78 1019.46
240.79 525.39 195.53 4273.26 1104.75 534.4
225.41 280.11 333.35 479.98 564.83 513.25
884.33 1258.8 1798.17 2877.77 2411.1 1609.64
563.29 895.47 991.46 4366.48 1999.14 1178.87
158.03 183.92 207.17 282.75 331.13 300.2
480.04 721.0 815.11 2861.27 1886.9 1370.59
631.55 863.38 1089.05 1710.51 2070.17 1851.55
245.13 441.68 374.66 4049.68 1383.35 813.15
435.13 633.75 720.5 2882.06 1770.87 1378.08
671.42 934.29 1236.5 1985.75 2262.62 1817.99
674.64 989.64 1379.05 3124.47 2251.52 1405.64
372.69 548.48 604.69 2320.46 1607.91 1220.04
871.22 1292.63 1893.34 2859.05 2871.61 1999.03
610.37 875.53 1042.86 2407.18 2182.75 1770.46
609.84 854.67 1076.66 2172.96 2169.62 1774.17
685.88 966.59 1296.02 2067.56 2374.07 1861.58
386.15 604.11 672.58 3235.26 1621.77 1027.38
695.11 961.96 1220.42 2030.79 2325.02 2044.6
737.96 1037.65 1432.2 2272.61 2425.99 1820.28
414.09 551.08 684.42 1051.64 1264.16 1134.98
290.19 478.41 452.29 3813.05 1387.02 891.8
629.06 872.4 1083.52 1988.89 2125.87 1864.69
513.88 866.45 855.73 4102.13 2054.83 1264.67
255.01 453.71 339.37 3832.51 1303.72 798.86
463.5 675.44 778.17 3080.33 1811.01 1429.32
282.56 518.13 383.74 3908.31 1423.89 880.48
679.21 978.73 1337.6 3002.17 2198.71 1430.85
201.91 244.53 287.71 437.64 519.57 446.73
655.32 969.77 1247.3 3018.08 2257.65 1514.17
400.58 534.68 655.14 1046.64 1297.22 1136.99
668.26 945.71 1342.84 2067.55 2341.02 1637.13
806.6 1159.8 1609.52 2458.06 2646.84 2067.45
721.49 995.51 1279.06 2019.69 2344.59 2045.03
235.78 385.46 324.59 2984.38 1031.29 634.57
601.72 827.9 1026.98 1761.19 2114.14 1836.15
535.7 756.46 920.3 2190.19 1883.01 1576.02
808.47 1139.27 1561.79 2424.2 2804.05 2163.13
730.73 1050.92 1374.31 2544.18 2423.32 1789.45
99.1 186.07 97.25 2751.4 536.05 251.06
178.53 362.1 199.15 4312.46 1058.16 529.15
605.22 830.69 1033.43 1691.62 2111.07 1841.27
342.28 500.32 532.19 2665.82 1423.19 1077.66
862.85 1247.01 1867.26 2884.15 2664.86 1690.31
827.05 1176.78 1659.39 2570.34 2641.55 1949.6
868.26 1255.02 1845.21 2863.79 2824.94 1820.88
93.56 237.54 86.6 4534.46 811.03 335.81
97.34 254.44 107.69 4000.34 1033.48 410.02
448.45 690.56 667.94 3395.43 1681.8 1206.55
376.9 529.9 641.54 1739.61 1318.61 1035.19
161.22 187.92 213.91 285.48 326.9 301.72
545.59 739.93 929.1 1450.06 1751.55 1568.29
340.46 527.55 543.81 3268.11 1454.22 1067.83
520.79 708.52 877.15 1425.22 1776.01 1551.7
409.99 555.68 730.96 1141.4 1263.03 1002.06
725.56 1013.74 1390.35 2238.19 2646.02 1970.09
132.87 156.01 149.87 405.78 249.83 204.16
846.87 1209.74 1719.07 2672.72 3047.08 2151.84
391.64 511.47 621.15 1049.11 1338.21 1152.45
843.15 1200.68 1696.44 2643.24 3175.68 2273.06
738.43 1034.87 1470.55 2354.74 2418.86 1698.0
659.37 908.16 1139.69 1909.81 2187.37 1935.01
556.33 757.13 944.23 1871.14 2093.16 1719.83
763.34 1077.59 1511.06 2408.79 2533.57 1844.38
521.81 849.21 877.67 3536.07 1956.73 1349.18
598.65 827.48 1021.47 1827.48 2123.93 1833.04
566.87 825.33 1018.76 2760.54 2079.67 1611.87
193.84 335.55 289.67 3645.93 1194.73 715.81
546.33 804.77 977.81 2543.91 2009.59 1525.51
247.19 437.43 398.47 3292.17 1437.64 907.97
282.62 557.13 262.22 5459.95 1198.62 493.77
454.39 694.29 666.5 2811.32 1785.94 1354.56
380.85 576.96 622.84 3045.3 1670.35 1219.97
723.21 1009.63 1363.09 2173.44 2392.26 1864.95
551.67 901.75 922.81 4358.31 1651.38 920.39
325.63 552.34 402.93 3948.1 1213.97 706.57
207.92 252.89 292.69 468.04 561.19 490.36
132.21 326.71 112.34 5045.73 1103.08 480.79
503.8 683.95 845.78 1371.72 1708.35 1493.09
418.15 589.75 669.46 2580.62 1733.55 1351.09
937.34 1347.33 1974.53 3043.47 3621.75 2419.47
526.62 767.68 873.99 2465.11 1975.34 1611.54
576.08 809.51 970.48 2145.29 2089.65 1759.97
629.01 856.63 1122.4 1873.72 2191.78 1751.1
243.76 591.74 155.11 5324.42 1249.56 534.82
200.41 250.9 272.0 654.13 544.56 451.3
178.52 328.7 273.2 3944.56 1148.8 656.9
122.31 250.84 130.27 3781.43 812.8 366.32
476.62 735.39 774.7 3142.69 1827.14 1416.99
369.71 585.43 625.23 2926.38 1688.7 1229.09
485.22 644.08 787.83 1365.71 1736.14 1489.27
813.92 1166.61 1611.21 2512.34 2896.19 2230.95
715.67 989.3 1280.96 2008.78 2424.63 2078.22
421.31 553.32 674.16 1145.65 1464.16 1259.5
227.41 445.64 323.79 4167.13 1439.52 812.91
605.82 834.3 1034.29 1767.18 2130.49 1850.04
636.8 901.63 1261.39 1991.8 1935.01 1282.57
137.72 227.4 146.73 1996.61 559.95 312.76
429.73 625.23 675.0 1966.56 1433.96 1179.7
621.38 873.58 1095.65 2059.3 2192.0 1826.53
650.29 941.32 1350.16 2066.69 2134.43 1521.16
679.8 946.46 1231.97 1986.41 2327.61 1922.43
882.52 1260.95 1847.92 3043.04 2983.82 1862.06
143.05 162.25 179.5 235.57 271.45 248.5
239.52 300.38 359.61 522.74 617.14 559.76
160.96 186.01 208.94 298.4 358.83 320.0
525.56 753.46 896.76 2228.94 2000.22 1647.36
437.47 665.23 797.19 3700.49 1914.58 1291.27
718.85 1001.97 1329.48 2210.49 2221.52 1668.05
625.38 866.36 1155.51 1788.27 2089.73 1683.9
362.9 663.69 401.84 4847.41 1389.49 747.57
167.15 196.43 224.94 303.44 348.88 321.26
118.2 151.62 114.82 582.49 224.58 157.82
717.47 989.1 1266.65 1999.53 2342.5 2054.16
225.04 399.6 339.91 3973.79 1326.02 766.18
694.2 954.37 1210.24 1905.03 2298.28 2046.62
787.55 1109.81 1556.72 2469.27 2999.02 2157.69
929.15 1341.0 1948.15 3028.15 3045.52 2045.88
698.15 966.67 1250.14 1977.55 2195.38 1860.3
454.76 694.48 667.41 2807.03 1786.88 1355.99
529.0 731.76 946.54 1499.6 1764.61 1468.1
965.76 1401.71 2065.71 3206.41 3160.55 2039.23
570.69 798.09 1036.12 2285.04 2100.74 1553.29
764.37 1063.19 1429.72 2282.45 2428.31 1947.32
591.43 800.07 1003.78 1720.21 2109.42 1763.01
886.97 1297.67 1841.12 2989.06 2212.5 1409.32
414.83 626.21 683.86 2959.1 1751.62 1311.73
453.54 625.49 725.1 1963.3 1728.56 1414.77
368.94 508.81 572.82 1563.2 1342.23 1092.79
818.86 1178.45 1760.41 2754.99 2577.43 1625.54
311.14 572.69 331.48 4980.71 1292.07 635.47
234.89 290.31 341.04 538.98 672.69 586.77
193.85 398.37 233.19 4760.18 1234.9 650.78
551.77 737.57 908.36 1571.08 2014.43 1725.53
496.78 733.67 856.66 2626.37 1911.8 1538.51
327.75 469.17 525.24 1898.59 1179.59 924.69
413.41 627.02 637.6 2818.22 1720.6 1295.29
290.67 459.97 431.61 3494.0 1396.39 938.02
321.58 450.55 500.63 1520.81 1105.48 896.13
696.76 960.7 1234.76 1952.19 2347.89 2036.56
230.37 453.79 330.66 4277.93 1442.32 811.97
346.79 448.19 541.01 903.15 1147.79 990.6
794.21 1137.23 1608.47 2556.03 2874.45 2035.45
813.02 1165.34 1656.92 2679.13 2663.67 1862.65
933.09 1333.63 1937.41 3095.12 2446.28 1539.8
617.06 844.49 1111.64 1856.31 2161.19 1716.6
732.08 1019.24 1334.69 2094.86 2445.92 2064.75
759.28 1065.82 1472.34 2333.18 2164.62 1610.97
628.35 869.33 1092.95 1870.52 2234.43 1899.38
248.56 314.84 374.38 567.87 691.72 612.52
903.63 1283.75 1901.07 3089.05 2640.04 1630.35
687.65 949.25 1191.21 2017.66 2301.97 2041.05
474.29 718.13 790.67 3064.65 1903.02 1470.0
624.49 918.59 1198.74 2790.67 1943.73 1266.04
446.41 603.96 764.06 1213.31 1476.94 1241.92
715.62 988.24 1266.47 1993.81 2382.91 2086.3
536.05 724.28 879.47 1758.64 2002.44 1689.75
312.86 485.18 469.24 2835.38 1283.94 916.76
391.79 521.97 638.91 1018.96 1262.21 1106.66
464.76 712.73 788.63 3523.64 1778.18 1284.57
729.85 1065.36 1457.18 2845.99 2663.52 1882.21
565.04 764.7 963.73 1640.12 1975.99 1637.11
660.06 994.43 1359.17 3695.97 2188.13 1264.49
633.0 871.11 1089.09 1785.52 2213.28 1920.38
490.22 792.19 948.34 4075.04 2075.21 1211.65
378.42 576.83 591.58 2913.5 1714.77 1246.81
746.69 1061.86 1440.59 2401.53 2487.69 1889.66
294.55 469.69 483.09 3498.23 1411.21 973.27
574.02 785.49 975.46 1592.85 1988.01 1735.32
651.73 899.89 1146.01 1864.29 2251.69 1910.51
357.47 463.26 560.09 937.9 1193.13 1029.13
573.53 893.01 1054.28 3846.73 2091.49 1297.01
561.19 829.76 949.32 2824.58 2019.48 1632.46
533.26 744.88 905.07 2072.4 1947.52 1634.92
506.32 691.3 852.61 1501.09 1733.07 1497.81
402.38 537.28 658.46 1052.29 1304.37 1143.18
610.21 844.35 1042.84 1867.47 2170.85 1873.22
663.17 926.85 1286.27 2030.25 1827.26 1327.2
622.14 857.45 1063.95 1843.06 2046.98 1810.94
662.51 921.34 1142.79 2128.16 2240.33 1967.97
796.89 1144.53 1629.24 2584.07 2789.18 1956.26
425.53 570.76 701.22 1125.21 1396.59 1223.05
359.65 466.33 563.98 944.99 1202.38 1037.0
430.27 629.6 722.17 2915.89 1753.33 1339.8
408.64 662.64 569.64 4050.85 1534.82 1000.81
294.87 465.62 462.55 3660.35 1449.68 980.34
509.9 734.12 860.5 2409.18 1977.85 1596.81
878.19 1273.97 1929.17 2975.98 2696.51 1652.25
180.26 216.07 248.23 352.77 419.68 376.89
440.6 690.91 826.98 3583.76 1788.99 1138.83
583.67 823.69 999.92 2444.23 2036.06 1743.51
344.16 444.48 536.31 894.6 1136.64 981.11
146.37 316.07 139.13 4172.84 956.46 405.55
452.01 609.06 750.13 1208.61 1502.07 1314.42
940.41 1362.01 1994.28 3104.45 3092.16 2024.94
600.28 834.89 1019.2 1971.81 2143.32 1835.45
565.07 767.91 965.35 1509.09 1823.76 1632.49
161.82 189.4 214.17 294.68 346.22 313.26
557.88 791.26 1032.4 2420.74 2211.65 1609.95
730.71 1012.34 1312.67 2081.53 2490.22 2124.39
381.76 629.08 699.35 4118.83 1520.56 801.22
642.79 962.39 1394.26 2549.3 2130.48 1407.45
233.01 287.67 337.69 532.88 664.74 580.01
699.89 986.58 1302.59 2093.74 2515.89 2030.32
451.05 595.29 727.31 1242.44 1590.44 1366.83
920.67 1331.68 1844.81 2960.99 2705.86 1862.04
726.62 1021.27 1349.73 2191.9 2222.87 1714.52
516.18 687.17 843.69 1454.38 1866.94 1601.85
197.14 383.48 284.24 4171.84 1288.73 688.36
554.17 775.74 939.4 2196.77 2038.67 1713.9
232.12 365.43 352.93 3012.72 1194.42 789.14
512.24 807.75 750.84 3811.39 1806.47 1311.3
530.54 720.54 877.67 1764.76 1986.5 1663.83
751.0 1048.59 1362.46 2189.98 2414.9 2023.56
218.43 270.09 320.37 458.83 538.96 490.25
343.34 662.84 338.23 5371.96 1347.81 641.27
302.57 397.05 513.33 797.81 874.31 677.65
357.55 582.24 611.56 3211.1 1655.06 1179.32
268.49 481.64 404.73 3875.11 1498.19 886.22
669.95 939.37 1141.2 2265.68 2245.27 1950.38
626.09 868.97 1120.05 1807.56 2186.94 1815.21
806.25 1139.45 1517.41 2417.44 2510.91 1980.29
467.79 631.87 779.26 1258.29 1564.9 1368.83
391.79 545.11 645.36 1665.3 1398.68 1143.05
247.83 432.48 339.12 3414.97 1173.33 734.95
488.91 733.04 907.65 2238.83 1742.33 1230.5
179.44 214.09 247.82 340.7 394.45 361.78
371.46 590.61 662.35 3041.63 1750.57 1177.66
576.88 781.64 972.55 1770.85 2097.38 1747.86
728.49 1030.85 1390.38 2218.56 2535.56 1972.82
425.32 655.21 703.2 3393.1 1671.86 1195.52
509.87 694.58 833.27 1910.39 1945.1 1614.33
496.95 660.04 809.32 1391.8 1785.29 1532.45
622.07 855.29 1064.1 1752.52 2180.82 1901.39
338.83 625.87 570.07 4281.95 1529.75 845.52
266.82 339.59 417.43 656.74 765.78 629.83
834.2 1185.56 1663.27 2579.8 2675.06 1998.1
924.36 1329.66 1935.17 2970.54 3319.46 2246.78
403.79 621.9 635.29 3232.85 1682.27 1228.73
317.38 414.36 501.48 784.61 965.83 849.95
600.84 831.65 1061.58 1705.55 2039.66 1725.78
591.97 806.55 1015.41 1590.61 1923.48 1721.15
426.07 569.86 724.74 1193.99 1312.18 1050.28
526.22 713.08 861.31 1839.71 1967.95 1652.64
355.94 470.13 572.7 906.06 1119.42 982.98
489.21 654.58 817.9 1381.39 1727.12 1457.16
721.42 1040.08 1453.14 2837.62 2380.69 1616.54
724.25 1016.35 1391.23 2236.45 2135.9 1590.68
622.42 855.48 1064.84 1745.26 2180.77 1902.28
386.83 524.49 598.52 1360.81 1355.87 1129.96
560.23 804.58 960.06 2568.9 2063.62 1703.24
475.45 641.52 815.89 1358.58 1558.73 1260.93
432.68 569.37 694.48 1182.65 1512.44 1300.54
480.05 638.54 789.96 1344.77 1706.59 1448.5
478.04 712.0 840.87 2848.0 1918.83 1410.37
802.01 1185.49 1756.51 2588.92 2401.08 1554.0
569.59 791.15 1055.75 1671.4 1878.52 1468.06
908.36 1303.55 1883.19 3147.52 2390.05 1494.64
582.39 802.93 1016.28 1656.26 1932.65 1640.81
669.95 918.54 1160.51 1826.87 2212.51 1978.1
90.33 215.72 96.49 4520.72 978.78 407.43
545.26 729.99 898.19 1592.64 1998.55 1706.16
624.06 857.86 1067.88 1750.44 2187.32 1907.95
545.47 739.76 928.88 1449.71 1751.12 1567.91
935.4 1361.5 2065.4 3374.64 3803.76 2348.98
793.84 1137.56 1651.42 2586.05 2532.53 1720.5
942.13 1413.31 2116.46 3152.76 3054.77 2041.89
552.6 784.89 923.23 2313.55 2037.59 1686.77
411.77 550.85 675.8 1081.86 1341.77 1175.57
496.02 736.07 856.25 2696.38 1927.61 1543.16
413.01 552.65 678.08 1085.76 1346.7 1179.84
465.6 623.61 747.78 1418.65 1667.2 1417.32
736.05 1025.84 1342.14 2210.79 2398.88 1992.9
450.85 737.56 651.25 3392.9 1765.48 1284.84
194.17 423.46 134.88 3544.85 856.29 385.42
331.04 551.31 499.62 3996.8 1531.31 1037.76
648.72 906.27 1131.26 2243.44 2216.62 1901.69
827.77 1185.83 1661.61 2587.44 2808.6 2080.13
770.98 1074.48 1431.75 2267.71 2370.24 1932.74
433.84 585.82 735.56 1172.52 1394.64 1177.54
829.27 1220.7 1780.37 2721.92 2769.45 1933.47
788.23 1111.05 1531.31 2457.91 2873.66 2183.08
672.13 926.22 1188.04 1868.4 2193.65 1900.16
482.11 648.76 810.98 1257.72 1516.26 1359.11
410.7 546.21 678.12 1041.37 1251.59 1123.81
236.08 440.93 314.89 4385.4 1333.92 781.3
743.16 1040.93 1401.62 2191.57 2440.0 1949.24
535.01 797.28 889.42 2877.34 1966.55 1591.75
507.03 718.31 855.27 2394.92 1928.86 1581.08
242.89 447.28 392.34 4196.87 1375.98 735.24
282.7 543.85 389.88 4304.79 1413.14 847.88
758.11 1078.49 1526.93 2408.32 2461.98 1764.82
527.38 706.59 885.89 1515.99 1886.67 1574.89
734.18 1037.44 1414.7 2470.28 2541.17 1856.93
141.66 371.28 118.19 4489.71 1003.21 411.36
929.99 1359.56 1990.14 3077.05 3320.63 2216.89
627.17 870.13 1074.45 1882.25 2190.04 1882.56
917.75 1320.3 1935.42 2969.84 3525.11 2353.82
306.72 475.45 497.69 3026.51 1390.63 963.27
650.55 891.72 1124.31 1799.99 2146.16 1915.87
968.06 1405.51 2073.08 3217.59 3167.76 2038.81
528.41 793.82 816.87 3035.69 1904.47 1472.99
569.91 774.86 974.35 1523.75 1841.69 1648.43
567.24 771.02 969.39 1515.66 1831.8 1639.63
882.68 1263.17 1881.61 2902.98 2712.03 1735.31
268.66 352.65 477.24 697.4 698.6 492.43
383.59 588.45 607.12 3130.48 1541.65 1154.33
316.36 411.2 482.41 902.36 1030.01 879.24
137.64 290.35 169.03 4323.97 925.08 465.31
584.84 858.63 1269.67 1872.34 1808.05 1206.65
276.75 480.43 406.58 3650.62 1525.39 959.48
531.6 796.47 952.85 2925.93 2075.16 1543.54
431.65 636.86 801.73 2521.95 1720.94 1175.92
602.48 817.39 1042.22 1766.61 2169.46 1788.15
93.58 267.7 93.9 4744.32 1068.47 392.08
613.46 847.68 1048.48 1852.55 2173.97 1880.51
473.9 640.96 829.5 1360.77 1552.67 1220.26
847.18 1199.93 1739.52 2709.54 2636.03 1785.93
384.52 563.58 608.2 2308.95 1219.22 826.78
630.62 867.62 1081.34 1772.84 2209.78 1924.42
466.83 660.91 752.7 2072.24 1542.68 1275.62
431.12 567.95 691.5 1198.5 1509.57 1296.06
665.42 936.92 1262.15 1925.71 2083.9 1680.66
164.33 296.13 235.6 3317.81 1048.64 563.51
817.87 1170.13 1635.61 2547.14 2771.51 2062.79
470.7 665.13 781.86 2150.93 1731.07 1426.32
398.04 615.97 674.59 2799.61 1745.33 1305.13
751.66 1076.58 1458.82 2454.65 2421.03 1893.71
561.39 854.48 1089.37 3282.59 2030.48 1400.72
597.88 861.16 1215.66 1953.54 1395.45 862.85
139.73 276.57 187.58 4288.79 1091.29 545.44
842.36 1218.06 1711.03 2662.46 3040.12 2267.87
178.09 323.34 243.83 3680.71 959.47 560.67
266.45 504.72 352.47 4042.57 1387.34 829.39
683.64 945.26 1276.95 2151.34 2409.83 1799.13
615.28 849.4 1047.81 1827.86 2160.64 1872.55
588.54 795.77 1010.63 1736.49 2190.92 1803.49
570.8 780.34 989.47 1909.19 2065.44 1672.56
761.71 1091.85 1520.7 2297.84 2384.28 1813.15
95.93 279.2 108.0 4644.7 1181.37 456.12
697.25 971.98 1281.96 2101.39 2413.43 1916.63
291.25 383.84 516.25 754.19 841.73 616.03
720.18 1009.28 1345.71 2145.46 2558.57 2019.93
501.21 798.6 723.59 3920.39 1775.9 1266.43
551.51 780.93 944.1 2578.49 1999.28 1670.99
113.45 140.39 109.29 494.22 196.69 142.3
638.03 889.84 1159.03 2127.37 2230.68 1708.76
557.3 789.64 938.34 2215.51 2032.6 1700.18
647.55 898.52 1189.37 1939.76 2239.01 1778.14
458.66 618.67 762.41 1229.55 1528.55 1337.35
884.22 1293.45 1865.67 2788.2 2734.41 1928.23
831.65 1178.76 1694.25 2625.76 2604.94 1835.21
438.33 577.34 704.58 1201.04 1536.43 1320.92
909.17 1295.23 1922.09 3019.22 2752.3 1759.3
124.58 195.15 145.65 1984.0 486.3 283.4
283.52 393.61 427.49 1751.2 1053.83 823.55
395.06 567.75 705.1 2321.12 1467.64 1000.92
515.24 746.21 863.64 2446.15 1989.6 1609.99
569.04 782.14 985.37 1591.91 1939.34 1664.8
463.05 612.64 751.63 1283.7 1636.46 1401.28
855.99 1215.09 1718.13 2754.38 2388.45 1644.64
488.68 701.11 755.98 2606.33 1829.42 1423.17
534.78 734.33 1017.68 1623.43 1705.93 1236.47
459.3 693.83 744.09 3236.93 1786.35 1362.37
512.62 697.56 838.12 1893.24 1951.0 1622.3
873.0 1276.91 1813.74 2962.07 2180.96 1368.35
226.18 401.44 321.67 4115.08 1235.55 729.59
242.15 300.56 354.02 562.61 703.52 612.98
690.15 972.96 1283.09 2041.94 2374.78 1943.69
419.36 681.11 660.45 3531.63 1712.89 1250.79
585.03 822.52 977.39 2162.78 2079.11 1750.05
671.43 935.29 1149.91 2192.35 2249.65 1967.34
170.91 237.07 240.29 1209.14 535.73 361.58
586.11 796.3 998.54 1793.07 2094.45 1735.34
192.48 340.91 297.34 3742.79 1149.26 682.72
260.52 431.58 398.54 3641.3 1193.34 801.84
933.32 1332.16 2001.08 3082.05 2805.41 1731.02
465.53 682.07 697.84 2881.45 1764.15 1333.13
416.48 559.63 689.05 1238.88 1307.87 1155.46
454.32 644.68 721.98 2448.97 1818.34 1443.99
592.76 817.7 1014.0 1833.58 1967.56 1734.43
98.01 226.94 112.22 4528.72 994.3 425.68
962.0 1398.0 2014.0 3173.0 2939.0 1816.0
69.0 191.5 59.0 4653.5 930.0 346.0
134.0 394.5 95.5 5146.0 1087.0 409.5
969.0 1403.0 2079.0 3181.0 3518.0 2279.0
155.0 368.0 123.0 5163.0 1156.0 447.0
89.8 263.8 87.2 4769.8 1060.5 381.0
971.0 1390.0 2115.5 3245.0 2879.5 1707.0
122.0 299.0 89.0 4632.0 914.0 354.0
72.0 203.8 71.8 4231.5 957.5 341.5
907.5 1325.5 2047.5 3151.5 2757.0 1579.5
948.0 1357.0 1978.0 3155.0 2462.0 1531.0
56.8 180.8 53.0 4412.8 873.5 325.0
119.5 322.5 80.5 4825.8 970.8 371.8
948.0 1376.0 2046.0 3146.0 2970.0 1921.0
911.0 1341.0 1922.0 3127.8 2196.5 1320.8
985.0 1493.5 2276.8 3372.5 3183.8 2033.8
76.2 218.5 55.5 4643.8 764.8 282.8
962.5 1390.0 1954.5 3151.5 2480.0 1527.0
959.5 1435.2 2145.2 3160.2 2832.8 1787.8
88.5 243.0 63.5 4918.0 903.5 321.0
978.0 1422.0 2105.0 3266.0 3199.0 2037.0
79.2 209.2 66.0 4931.0 970.2 374.0
222.2 574.0 104.8 5481.0 1198.8 463.2
992.0 1434.0 2127.0 3253.0 3849.0 2515.0
980.5 1432.2 2016.0 3245.2 2807.8 1800.2
966.0 1422.0 2112.0 3259.5 3477.0 2237.5
109.2 304.0 68.8 5231.2 1052.0 412.0
978.0 1434.0 2220.0 3640.0 4073.0 2397.0
81.5 229.5 75.0 4588.5 1023.0 369.5
937.0 1353.0 2081.0 3198.0 2826.0 1629.0
924.0 1316.0 1970.0 3207.0 2671.0 1584.0
102.5 315.2 89.5 4914.0 1200.8 467.0
980.0 1467.0 2194.0 3388.8 3736.5 2446.5
955.0 1376.0 2056.0 3368.0 3193.0 1885.0
977.5 1462.0 2197.0 3231.5 2940.0 1846.5
939.0 1381.8 2053.5 3176.2 3230.8 2074.0
265.0 540.0 222.0 5608.0 1151.0 427.0
83.0 265.0 84.5 4714.5 1156.5 420.5
245.0 494.0 207.0 5231.5 1090.0 397.0
304.0 635.0 236.5 5868.5 1229.5 464.5
138.0 335.0 114.0 4964.0 1063.0 407.0
53.8 244.8 74.8 4340.2 1057.2 381.2
560.0 749.0 922.0 1597.0 2053.0 1760.0
629.0 865.0 1077.0 1766.0 2207.0 1925.0
703.0 966.0 1222.0 1927.0 2335.0 2087.0
100.0 100.0 100.0 100.0 100.0 100.0
