658.4 942.14 1261.86 2314.74 1777.07 1252.44
518.78 843.75 1034.35 4066.99 2190.18 1306.99
416.96 559.0 729.52 1020.82 1141.38 957.14
817.29 1182.6 1440.24 3190.96 2748.21 2339.4
744.76 1075.05 1304.48 2983.64 2391.99 2007.22
86.53 203.29 89.99 4242.23 894.6 364.48
579.81 888.11 894.47 3475.04 1832.18 1420.19
901.48 1307.06 1527.96 3646.48 2751.01 2345.73
812.19 1179.94 1627.52 2667.51 2065.8 1426.88
851.58 1234.74 1866.04 3003.77 3384.83 2095.96
110.59 307.83 175.17 4103.34 1141.92 512.08
401.89 538.98 684.11 932.37 1107.69 979.31
1063.12 1506.11 2005.73 2904.63 3216.28 2642.11
1124.55 1588.51 2088.77 3007.53 3323.91 2780.23
178.23 213.45 248.43 318.76 357.6 327.66
769.31 1102.07 1363.68 3133.83 2579.82 2207.44
1012.49 1438.59 2014.89 3097.23 2723.14 1962.89
890.44 1304.88 1807.11 3248.55 3089.64 2164.75
788.21 1166.06 1311.45 3804.69 2504.5 2071.77
782.55 1145.9 1327.96 3686.13 2541.58 2167.3
995.56 1415.01 1984.32 3043.93 2713.02 1966.5
336.34 438.14 531.23 699.03 829.21 779.9
1016.06 1422.88 1816.98 2703.16 3178.45 2860.25
321.76 684.32 343.07 5176.36 1476.03 729.5
768.16 1072.7 1364.08 2281.8 2395.1 2106.83
1039.77 1459.53 1923.57 2739.9 3357.32 2872.44
482.65 650.18 812.46 1093.55 1327.42 1229.97
1046.48 1477.12 1991.09 2925.02 2981.74 2432.72
382.33 574.39 630.88 2999.99 1419.03 1084.74
691.1 948.17 1202.83 1665.72 1925.68 1741.7
1038.22 1464.3 1815.41 3118.65 3138.71 2848.17
615.13 965.55 927.06 4613.63 2030.94 1488.84
1013.25 1412.19 1811.14 2532.12 3130.06 2838.78
1027.83 1439.36 1863.27 2642.16 3129.69 2783.15
1027.87 1454.41 1988.62 2968.48 2883.52 2262.3
601.9 871.53 1020.17 2686.6 1961.55 1648.12
522.04 706.8 885.79 1195.8 1453.74 1346.26
882.19 1295.28 1485.23 3662.26 2747.86 2340.25
464.34 623.86 778.37 1046.01 1268.68 1175.9
831.25 1151.39 1461.51 1998.66 2445.58 2259.36
916.8 1332.21 1534.55 3756.88 2789.1 2403.73
917.46 1269.58 1591.56 2171.94 2622.2 2451.65
645.44 962.96 1128.82 3502.09 2375.3 1891.15
1083.61 1519.64 1950.55 2714.05 3240.16 2908.48
968.41 1360.44 1723.1 2747.39 3040.1 2717.88
933.78 1328.51 1971.54 3184.36 2705.95 1660.0
995.85 1416.69 1896.36 2823.93 2840.8 2314.69
1030.17 1437.67 1831.63 2520.74 3084.16 2846.54
934.27 1361.76 1914.97 3044.47 2373.19 1593.36
743.1 1065.21 1512.04 2351.24 2219.16 1426.48
490.13 876.36 652.73 4787.36 1830.1 1230.82
524.36 768.3 837.0 2658.63 1610.84 1307.18
937.37 1339.68 1610.91 3304.43 2878.43 2550.44
517.5 700.28 877.33 1184.02 1439.17 1332.86
1045.09 1496.02 2127.48 3172.28 3772.26 2704.18
230.09 378.98 335.64 2526.31 992.03 640.39
805.92 1252.66 1747.0 3911.11 2674.49 1658.94
382.94 504.82 616.26 817.15 972.99 913.96
292.13 388.38 541.73 780.17 724.63 490.53
1041.71 1459.8 1883.04 2631.5 3111.3 2756.08
1049.82 1475.43 1870.09 2851.46 3210.95 2926.79
894.64 1246.39 1547.56 2367.02 2597.54 2400.16
373.3 492.95 608.86 809.62 976.65 907.05
1010.19 1463.63 2080.35 3114.51 3447.92 2487.7
997.33 1433.54 2044.61 3095.29 3213.23 2281.79
997.13 1451.93 2190.7 3521.07 3979.62 2493.06
896.14 1268.04 1610.44 2676.11 2790.41 2452.48
1003.58 1422.61 1858.86 3014.2 3023.4 2546.26
422.91 578.09 810.68 1250.64 1004.74 660.84
100.84 101.2 101.53 102.13 102.59 102.41
1175.72 1643.34 2066.44 2919.45 3436.94 3193.09
981.89 1418.28 2081.65 3167.08 3518.69 2333.11
195.02 236.62 276.92 346.72 404.8 380.6
897.25 1284.09 1557.13 3383.46 2832.73 2483.37
1036.21 1465.39 1941.84 2779.43 3347.41 2850.04
777.74 1110.56 1619.61 2450.83 2902.98 1949.91
724.66 998.14 1263.05 1721.91 2103.68 1944.61
861.38 1203.52 1527.41 2362.28 2682.2 2402.04
718.83 1025.87 1423.78 2036.31 2127.29 1634.73
1018.36 1424.09 1821.8 2686.79 3176.24 2865.42
772.46 1085.45 1450.04 2110.74 2280.47 1822.72
738.43 1084.15 1290.99 3499.97 2516.33 2100.7
947.87 1318.26 1688.65 2358.02 2913.15 2642.73
999.53 1430.58 2068.65 3290.11 3251.57 2130.02
1100.59 1582.76 2157.17 3137.75 3623.95 2890.77
1156.29 1625.35 2113.45 2978.27 3442.44 3012.91
595.29 820.61 1066.92 1506.87 1699.42 1442.49
991.12 1402.74 1831.21 2888.81 2939.72 2433.78
1002.71 1450.4 2107.53 3229.31 3234.05 2170.24
1009.42 1506.88 2227.27 3260.88 3218.14 2227.98
1117.42 1563.27 1995.5 2752.43 3365.99 3103.01
294.65 585.5 405.65 4756.18 1459.4 849.86
607.87 948.49 1125.95 4074.03 2182.38 1523.58
1117.77 1563.36 1994.99 2742.63 3364.65 3105.48
318.49 414.15 506.8 667.3 800.83 745.2
1036.63 1465.38 1939.98 2774.95 3344.55 2853.01
224.61 278.29 327.38 415.85 484.49 458.49
1137.23 1584.02 1992.56 2728.98 3300.29 3083.89
261.01 330.37 393.78 508.1 596.78 563.19
872.46 1236.04 1551.74 2920.73 2835.46 2475.64
572.21 879.38 942.04 3982.22 2133.07 1613.33
944.19 1319.61 1674.99 2491.8 2913.36 2624.88
967.88 1347.07 1726.8 2413.16 2979.2 2700.7
360.52 472.74 575.36 760.33 903.82 849.47
1127.6 1587.93 2040.58 3013.13 3386.8 3002.16
668.1 975.7 1166.54 3177.3 2316.06 1907.47
519.52 796.13 872.32 4013.38 1935.24 1487.37
1036.61 1465.07 1938.57 2773.09 3342.48 2853.93
294.71 458.61 442.93 2209.03 1026.6 750.53
1050.46 1466.58 1869.66 2567.85 3148.74 2906.7
292.32 395.07 540.94 782.56 863.24 619.16
835.52 1204.72 1474.69 3147.02 2787.67 2387.15
422.5 563.69 700.47 937.37 1134.47 1052.34
916.78 1284.15 1665.89 2303.86 2722.41 2429.66
1032.37 1447.06 1903.83 2673.09 3088.24 2687.01
599.9 896.96 1059.51 3057.15 2172.4 1755.57
776.77 1072.41 1368.05 1902.34 2345.45 2129.59
653.4 988.23 1157.02 3447.32 2359.44 1917.17
972.34 1401.06 1957.39 3126.62 2535.59 1625.63
1027.59 1447.77 1912.83 2735.41 3245.72 2775.49
188.38 258.74 255.46 1090.72 515.09 395.86
996.39 1439.7 1984.91 3104.57 2909.34 2062.8
989.21 1418.47 2029.35 3043.52 3451.63 2446.18
346.24 503.51 555.16 2470.05 1208.64 934.71
1194.51 1665.98 2097.09 2874.17 3477.03 3248.68
296.76 401.13 465.77 940.16 753.8 625.45
835.05 1197.63 1468.54 3238.13 2655.64 2338.16
963.76 1400.06 2014.81 3171.21 2943.17 1826.45
697.89 1011.83 1253.39 3167.99 2417.11 1954.54
788.04 1088.61 1389.17 1932.36 2382.85 2163.4
782.78 1120.4 1385.94 3067.58 2625.07 2236.55
1103.31 1547.54 2006.86 2816.75 3355.6 2983.92
1096.18 1539.0 2011.79 2811.3 3300.94 2914.53
481.9 649.1 811.06 1091.59 1324.99 1227.74
432.31 582.05 720.92 1059.4 1212.2 1093.69
676.51 928.35 1180.19 1635.33 2012.79 1828.91
783.08 1093.63 1380.31 2346.21 2448.46 2177.91
1055.4 1473.83 1889.76 2620.11 3064.06 2765.79
222.43 574.26 105.28 5480.39 1199.35 463.87
205.64 417.19 312.21 4450.14 1422.25 741.17
440.14 589.05 733.3 983.16 1191.04 1104.42
987.42 1398.58 2005.01 3143.47 2860.39 1961.67
742.31 1022.9 1303.5 1810.59 2231.13 2026.27
251.1 317.26 381.34 492.34 584.69 546.21
1048.63 1463.44 1878.2 2634.71 3248.49 2942.62
657.44 1071.21 1105.16 4268.9 2202.96 1547.1
1163.98 1622.3 2041.38 2796.79 3382.84 3160.86
1046.59 1468.76 1891.68 2674.06 3189.36 2866.19
599.89 815.21 1012.11 1367.02 1642.36 1538.07
1046.08 1487.01 1972.81 2885.43 2954.54 2474.87
817.57 1131.72 1436.04 1963.15 2401.7 2218.97
561.28 790.19 1145.8 1701.8 1594.51 1063.81
440.18 706.93 737.46 4083.86 1846.91 1309.94
964.34 1393.51 2026.68 3108.37 3126.44 2097.97
1022.36 1441.82 1985.48 2979.32 3022.51 2348.43
672.56 924.03 1171.06 1598.64 1940.39 1781.87
1055.73 1504.54 2079.87 3053.16 3198.93 2483.32
1024.67 1449.87 1959.15 2853.74 3233.36 2628.17
126.72 138.39 150.07 171.16 188.66 180.14
1096.29 1548.78 2108.8 3036.1 3234.36 2596.33
1207.94 1685.19 2121.59 2908.2 3518.46 3287.31
453.94 732.85 742.0 4338.24 1770.71 1170.94
776.72 1149.06 1711.35 2504.73 2291.11 1458.32
1005.48 1463.64 2201.92 3551.42 3994.29 2506.72
1098.91 1551.01 1904.22 3189.01 3245.52 2959.61
583.33 900.09 955.73 4093.49 2139.93 1630.02
559.78 833.36 931.58 3561.52 1916.05 1543.05
905.45 1272.8 1676.38 2387.77 2880.63 2471.34
855.4 1230.61 1477.5 3259.89 2728.61 2328.37
289.33 370.88 445.46 579.88 684.16 644.66
915.65 1266.99 1588.26 2167.36 2616.63 2446.45
811.04 1181.72 1553.09 3458.6 2806.82 2149.0
132.25 146.13 158.84 181.73 199.49 192.76
753.97 1043.37 1338.9 1843.76 2200.91 1987.81
949.33 1365.22 2059.06 3136.0 2872.5 1773.07
1108.99 1591.54 2157.86 3127.31 3622.24 2920.49
1048.18 1464.92 1887.97 2645.13 3244.15 2921.27
564.56 789.36 972.33 1875.0 1769.81 1536.07
319.12 442.73 558.39 1277.67 789.26 505.06
601.76 881.48 1113.89 3328.16 2207.92 1636.5
857.18 1239.66 1504.37 3159.61 2796.27 2414.44
1023.24 1450.7 1993.94 2917.39 3527.4 2748.79
474.11 752.76 822.97 4113.72 1852.45 1260.34
332.05 525.52 535.24 3120.31 1355.67 945.41
362.32 579.32 631.34 4270.56 1628.02 1046.6
260.39 370.41 365.1 1548.13 741.66 551.36
876.67 1245.05 1673.02 2396.35 2818.05 2323.25
1101.83 1546.47 1995.38 2799.44 3266.75 2922.93
406.0 539.68 673.35 914.93 1115.29 1017.69
791.2 1129.4 1397.34 2994.74 2621.98 2248.37
378.17 654.63 483.75 4801.15 1447.65 819.16
853.58 1183.02 1513.04 2109.17 2602.02 2359.25
984.98 1399.04 1736.57 3090.62 3062.56 2739.34
841.79 1172.86 1500.75 2229.86 2581.41 2308.57
1049.27 1472.69 1924.39 2713.64 3087.61 2687.64
324.38 528.99 521.39 4417.95 1536.16 1019.08
675.66 947.76 1296.51 1893.15 2041.72 1579.11
962.68 1376.09 1861.54 2833.8 2845.8 2174.37
783.7 1123.92 1363.43 3001.93 2560.52 2190.4
1204.44 1683.7 2131.12 2933.82 3537.7 3271.23
950.98 1378.6 2041.15 3130.94 2978.23 1951.01
488.31 764.31 790.08 3942.28 1816.39 1366.39
1001.84 1403.41 1831.72 2592.96 3043.39 2656.27
980.34 1375.83 1749.48 2774.06 3074.07 2758.27
691.13 1024.05 1382.21 3647.58 2246.59 1493.36
765.61 1092.32 1561.13 2364.79 2418.94 1682.24
510.68 687.58 849.34 1140.91 1367.11 1281.43
1008.35 1438.82 1764.97 3280.24 3116.23 2768.79
397.94 637.72 753.73 3936.51 1613.4 958.51
642.63 984.97 1082.37 3942.55 2335.19 1845.68
890.09 1246.46 1662.84 2434.51 2444.53 2003.32
352.38 622.56 558.46 4383.34 1734.21 1116.65
967.28 1374.33 1830.19 2568.78 2868.78 2434.11
382.97 643.89 627.72 4237.3 1787.4 1185.32
1025.44 1459.66 1786.06 3254.04 3139.18 2822.8
714.7 984.55 1250.77 1709.75 2072.34 1901.23
1065.72 1497.29 1992.3 2878.95 3177.46 2685.4
1049.83 1460.15 1840.87 2524.82 3045.2 2826.11
286.77 491.03 324.41 3240.19 939.9 530.93
984.59 1365.63 1714.06 2342.11 2829.35 2644.79
647.75 930.12 1408.52 2272.78 2544.28 1539.23
569.88 904.3 978.34 4539.5 1921.99 1130.41
1023.98 1451.09 1990.81 2909.5 3519.83 2754.29
632.25 869.34 1097.27 1655.66 1888.26 1703.81
691.33 946.05 1178.96 1598.8 1924.51 1801.14
710.72 1023.72 1363.52 2487.94 1949.89 1452.03
682.87 1025.07 1340.76 3632.26 2384.65 1646.28
902.21 1296.07 1531.41 2949.58 2693.78 2407.02
864.09 1202.68 1550.68 2144.19 2555.14 2299.23
729.67 1090.26 1510.85 3720.43 2397.95 1429.59
1079.56 1509.31 1884.15 2785.9 3158.91 2925.77
390.84 608.71 652.65 3938.42 1651.33 1183.44
865.15 1234.94 1537.33 3139.02 2771.64 2436.44
1005.4 1432.97 1955.71 3019.42 3052.03 2396.53
406.67 540.93 670.98 896.25 1083.67 1005.58
1017.4 1437.88 1803.56 2979.08 3131.03 2826.53
1114.08 1559.49 1988.02 2765.69 3360.24 3097.02
588.2 987.04 853.3 4533.45 2061.19 1511.81
788.43 1135.71 1572.78 2451.91 1999.19 1414.26
722.25 990.29 1235.39 1677.17 2019.91 1890.09
954.4 1383.41 2064.92 3295.88 3726.83 2378.6
1010.57 1429.68 1804.96 2961.73 3136.08 2809.5
1025.64 1454.51 1995.04 2971.72 3529.78 2762.24
1019.08 1446.57 1852.49 3029.15 3004.84 2561.35
986.16 1416.39 1977.22 3023.95 3024.92 2127.0
663.63 906.45 1128.75 1529.49 1839.07 1720.67
902.98 1284.95 1577.94 3364.67 2815.18 2473.89
681.97 967.41 1151.25 2492.22 2058.33 1812.25
564.24 767.49 964.37 1305.4 1589.13 1470.91
1106.62 1566.1 1970.24 3154.14 3372.72 2995.87
980.46 1411.67 1967.06 3134.73 2555.66 1654.57
1025.41 1436.02 1881.29 2697.11 3204.68 2770.99
1046.65 1477.32 1991.11 2924.63 2982.61 2434.22
402.44 687.13 640.86 4374.54 1830.74 1232.6
738.56 1063.51 1247.46 2895.12 2265.05 1949.77
156.23 293.29 223.38 3527.36 1019.75 519.08
1187.18 1655.48 2083.7 2855.58 3454.41 3227.59
1023.72 1428.14 1819.88 2498.43 3062.98 2827.75
583.44 905.01 1126.39 3829.01 2357.39 1617.9
1101.01 1546.21 1928.72 3046.33 3280.45 3011.07
1034.15 1496.58 2078.55 2971.06 3083.41 2401.25
653.72 902.86 1155.41 1631.5 1755.03 1546.47
157.05 182.03 206.23 248.14 283.01 268.48
200.64 312.58 287.29 2408.63 752.26 509.68
990.69 1445.47 2053.81 2977.49 2977.25 2187.95
1170.24 1642.22 2128.62 2982.0 3591.36 3150.18
985.55 1434.58 2006.13 3200.54 2840.05 1883.6
1017.83 1419.67 1808.91 2483.13 3044.08 2810.35
529.99 715.21 884.58 1189.87 1426.71 1337.0
205.5 377.41 317.31 4043.09 1265.16 694.46
562.99 848.66 1032.98 3588.2 2113.38 1528.67
727.67 1066.53 1402.35 3407.09 2451.0 1835.42
283.89 526.3 533.36 3804.69 1495.96 861.65
1097.37 1550.54 2033.28 2830.13 3303.36 2906.09
919.49 1275.06 1594.5 2245.58 2639.91 2460.44
921.57 1281.25 1629.68 2233.18 2735.29 2526.08
758.67 1042.4 1301.84 1769.48 2132.29 1994.87
573.42 873.75 1065.23 3148.78 2184.31 1644.67
234.06 414.56 369.85 4002.77 1330.99 769.99
617.37 843.38 1069.39 1477.85 1816.59 1651.58
984.01 1436.59 2191.61 3555.67 4004.45 2443.09
299.0 404.56 473.54 1284.17 886.02 741.84
1020.37 1495.92 2138.74 3206.19 3633.0 2637.9
829.19 1170.69 1631.24 2492.93 2606.06 1900.62
1089.38 1527.18 1909.36 2845.43 3213.87 2968.33
1077.18 1524.98 2080.25 3058.86 3192.11 2536.31
985.96 1372.99 1760.02 2459.46 3039.53 2756.96
1014.22 1431.03 1986.65 2908.51 3083.31 2386.54
283.53 363.88 441.71 576.53 688.7 641.96
430.24 663.66 739.95 3742.47 1767.82 1311.62
728.95 1089.8 1254.56 3511.83 2493.2 2058.94
801.32 1161.68 1365.8 3413.3 2535.63 2172.74
773.12 1085.89 1403.76 2314.87 2317.03 1942.66
210.94 382.97 328.68 4003.99 1283.46 711.93
102.18 103.13 104.09 105.81 107.24 106.54
1016.23 1420.55 1815.47 2648.79 3157.98 2852.31
999.58 1439.19 2019.25 3007.83 3387.05 2521.95
939.41 1317.32 1727.55 2434.26 2841.89 2464.29
433.12 673.43 735.93 3721.84 1789.72 1296.28
845.61 1196.48 1630.03 2647.72 2408.09 1838.5
1032.86 1479.94 2032.69 2988.5 3389.7 2649.56
725.18 1054.19 1242.42 3783.38 2430.49 2041.97
854.27 1246.04 1789.38 3317.11 3136.51 2075.97
968.24 1393.61 1985.88 3059.23 3080.84 2158.27
947.59 1344.8 1711.08 3123.85 3018.81 2619.83
431.7 763.26 738.84 4528.72 1785.7 1114.22
792.02 1113.13 1490.89 2149.5 2517.98 2064.06
704.32 990.41 1324.5 2096.98 2090.38 1691.93
760.91 1099.98 1342.55 3031.86 2457.52 1991.62
982.97 1413.66 1874.18 3118.66 2955.48 2313.48
1110.17 1554.89 1991.08 2753.16 3323.67 3044.44
648.72 992.53 1093.58 3931.58 2347.99 1861.24
808.92 1118.6 1428.29 1987.96 2452.12 2226.01
465.77 723.23 853.38 3470.8 1629.29 1012.56
695.87 976.93 1281.37 2066.97 1883.23 1477.22
569.35 882.72 928.54 4128.41 2107.8 1591.39
465.89 649.62 769.08 1786.96 1393.07 1206.64
1050.92 1467.24 1870.52 2569.04 3150.21 2908.05
341.05 677.31 316.53 5727.11 1326.81 584.71
1037.87 1463.6 1925.5 2718.15 3231.15 2817.85
1159.61 1623.52 2089.89 2940.39 3325.91 2976.06
1003.58 1440.19 2077.68 3128.59 3729.78 2601.67
880.07 1220.84 1561.61 2177.46 2688.2 2439.4
1006.04 1431.35 1988.01 2929.05 3396.37 2585.36
1155.67 1619.44 2041.33 2988.89 3420.24 3137.67
1085.53 1538.43 2040.55 3036.61 2998.26 2400.79
1194.48 1670.24 2125.39 2937.43 3530.06 3225.46
979.7 1390.57 1947.54 2991.81 2707.55 1971.76
947.59 1318.33 1663.93 2369.22 2775.69 2537.27
1120.63 1575.4 2076.74 3000.35 3161.02 2687.1
961.37 1437.43 2138.4 3143.39 3078.64 2093.67
899.52 1254.26 1634.51 2304.85 2750.86 2418.67
246.28 475.25 330.57 4895.18 1366.72 778.2
634.04 955.15 1063.41 3807.25 2277.86 1786.16
1004.14 1428.56 1739.02 3314.39 3053.34 2739.28
1194.87 1671.08 2117.22 2930.41 3455.05 3186.42
892.84 1262.2 1576.96 2744.14 2766.98 2480.03
529.52 717.56 899.72 1215.23 1477.74 1368.36
574.41 793.57 1048.63 1494.31 1751.3 1452.21
316.1 546.86 651.42 3998.41 1549.79 805.99
909.51 1258.2 1577.06 2151.79 2597.67 2428.79
480.88 647.26 813.64 1114.34 1363.71 1242.23
823.28 1214.83 1725.21 2968.5 2988.93 2094.65
862.76 1239.74 1633.01 3271.92 2746.74 2148.07
667.72 915.72 1163.73 1611.92 1983.63 1802.56
181.93 217.22 249.49 307.65 352.78 335.69
807.34 1171.9 1525.72 3163.39 2559.14 1971.57
1176.33 1642.72 2064.35 2908.67 3439.04 3202.56
699.82 980.86 1211.0 2144.51 2109.98 1891.17
960.62 1333.98 1690.18 2336.57 2778.2 2541.97
291.84 386.58 526.73 758.02 743.76 537.11
874.04 1212.17 1550.3 2161.38 2668.17 2421.29
640.4 908.23 1149.17 2532.96 2150.29 1763.56
523.66 709.15 888.82 1200.03 1458.96 1351.07
998.97 1443.41 2089.75 3190.48 3224.81 2195.09
961.95 1338.49 1715.03 2395.52 2959.87 2684.95
442.24 720.58 778.69 3673.36 1913.0 1382.44
1125.82 1576.7 2029.0 2828.81 3301.49 2962.25
521.43 724.59 1018.45 1502.06 1773.37 1255.83
315.13 409.11 503.09 672.93 813.78 745.17
497.84 729.61 790.13 2609.18 1539.07 1234.08
895.9 1314.97 1767.75 3410.52 2782.65 1853.68
624.85 901.92 1073.08 2890.02 2042.02 1699.65
744.33 1163.23 1172.58 4129.26 2429.06 1959.11
960.67 1336.74 1713.2 2394.05 2956.07 2679.79
411.16 547.09 683.02 928.67 1132.4 1033.16
1049.89 1464.86 1879.81 2629.98 3251.7 2948.71
915.15 1309.8 1605.85 3214.42 2890.85 2547.93
741.92 1086.76 1290.43 3138.7 2436.91 2080.85
1119.5 1566.22 1998.11 2754.63 3371.53 3110.9
831.95 1212.35 1462.89 3355.38 2754.21 2350.4
1068.87 1502.57 1904.76 2849.6 3263.59 2979.69
1022.02 1430.12 1880.66 2707.0 3133.25 2704.57
908.68 1312.28 1635.87 3358.56 2959.41 2416.27
610.54 901.52 1052.61 3573.06 2112.33 1721.74
1006.66 1441.84 2064.56 3095.51 3698.08 2624.71
777.99 1090.05 1338.42 2210.91 2258.18 2049.33
370.47 712.3 375.03 5652.55 1397.97 671.99
1071.39 1510.03 2022.57 2871.52 3226.97 2714.33
1014.98 1428.85 1800.24 2831.24 3099.15 2821.76
1177.15 1646.9 2109.06 2949.72 3389.87 3065.58
1012.46 1445.75 2094.17 3121.3 3019.46 2087.26
1068.06 1518.39 2082.08 3080.12 3633.41 2849.19
856.47 1182.32 1480.28 2017.36 2434.03 2276.21
887.01 1267.65 1574.34 3025.12 2898.34 2517.3
277.24 573.6 266.68 4273.65 1186.88 625.12
259.15 493.96 350.57 4496.26 1313.16 758.58
733.27 1056.62 1264.56 2916.33 2316.67 1935.42
281.59 374.51 499.18 688.15 686.38 523.97
567.22 796.26 1144.96 1714.87 2026.48 1377.19
994.96 1470.22 2131.72 3220.78 2989.15 2054.91
879.43 1256.07 1622.88 3150.18 2746.46 2264.73
356.57 693.49 352.32 5640.28 1372.02 639.58
243.65 306.69 373.47 489.08 545.66 489.28
929.97 1318.03 1660.28 2950.46 2959.64 2577.37
183.49 219.96 256.43 322.35 377.01 350.38
795.25 1138.69 1663.05 2610.43 2987.86 2000.78
162.47 320.47 239.07 4083.35 1169.75 582.71
1097.58 1542.58 2013.02 2817.26 3397.03 2986.18
782.23 1089.77 1379.11 2150.9 2419.46 2164.63
715.44 985.86 1260.12 1751.26 2140.88 1932.06
834.28 1212.5 1483.5 3177.96 2752.29 2380.53
756.76 1074.83 1288.39 2609.84 2272.89 2028.34
981.33 1462.16 2180.24 3199.7 2956.49 1904.78
521.22 705.63 884.26 1193.68 1451.11 1343.84
819.82 1131.76 1423.27 1950.13 2326.14 2148.71
764.66 1126.19 1357.85 3281.63 2601.09 2202.19
227.49 403.94 359.74 4192.01 1266.16 764.42
1048.72 1477.61 1870.32 2842.77 3214.0 2928.32
922.17 1290.37 1701.93 2423.87 2964.24 2520.73
541.64 734.57 927.5 1276.16 1565.32 1424.46
1136.22 1603.88 2121.23 3031.04 3423.48 2890.28
931.98 1337.83 1703.11 3337.41 2956.65 2474.78
841.48 1165.39 1489.3 2074.67 2560.15 2323.65
333.66 439.61 566.88 802.37 829.87 688.94
1064.48 1501.96 2025.57 2888.31 3206.36 2658.54
820.47 1130.81 1414.59 1926.11 2322.95 2172.63
1039.34 1465.14 1814.56 3225.24 3140.68 2853.17
350.84 458.89 557.69 735.78 873.94 821.61
1169.61 1642.99 2117.28 2958.51 3484.39 3108.8
963.08 1334.86 1674.81 2287.59 2762.98 2582.91
858.29 1185.59 1489.0 2033.59 2441.36 2271.0
719.04 990.06 1252.59 1707.32 2085.66 1928.02
978.42 1433.69 2103.11 3218.77 3468.83 2307.79
1180.88 1653.2 2101.69 2955.24 3462.42 3165.1
1005.01 1441.97 2004.26 2967.16 3372.51 2567.92
923.94 1339.77 1990.61 3059.18 2888.55 1869.7
619.08 994.82 916.99 4666.22 2056.92 1486.68
182.03 217.94 252.73 312.98 363.12 342.23
986.76 1408.58 1899.11 2856.49 2771.77 2208.2
573.88 830.14 989.67 3092.17 2004.85 1640.25
1119.42 1575.51 1986.07 3049.86 3330.14 3000.56
657.88 924.0 1139.84 2145.25 2006.45 1726.68
194.4 235.72 275.75 345.09 402.79 378.75
905.94 1258.01 1610.07 2246.34 2774.02 2516.97
255.91 498.14 488.67 4082.97 1601.65 865.06
987.04 1375.53 1752.2 2404.32 2945.35 2718.31
1077.59 1518.34 1885.37 3061.21 3231.39 2950.68
539.6 732.07 918.5 1241.42 1510.09 1398.14
948.32 1339.52 1684.24 2911.15 3014.22 2674.79
965.72 1375.92 1867.31 2897.78 2686.29 1992.72
167.78 372.6 169.87 4907.28 1131.43 487.19
1013.72 1445.61 2034.49 3019.67 3625.4 2677.55
921.18 1310.11 1669.48 3026.72 3023.49 2561.42
719.27 1013.27 1378.32 2056.12 2146.39 1614.06
986.91 1398.2 1940.62 2954.74 2763.34 2071.88
480.68 647.64 810.75 1092.94 1321.87 1220.47
748.85 1032.29 1315.73 1827.98 2252.8 2045.86
174.31 206.77 239.23 297.89 346.54 322.84
1115.54 1560.15 1990.87 2736.96 3357.45 3098.71
1115.77 1561.24 1991.25 2760.48 3361.92 3100.81
865.09 1224.94 1725.12 2666.64 2284.33 1602.28
641.43 930.01 1072.25 2802.55 2001.14 1718.95
981.91 1368.02 1742.03 2389.86 2928.86 2704.28
968.99 1390.38 2067.09 3120.29 2921.44 1887.34
1028.55 1435.36 1851.84 2606.53 3174.82 2848.26
526.61 717.91 925.48 1274.73 1473.11 1296.23
1029.33 1446.52 1899.86 2671.84 3202.43 2769.74
871.81 1209.72 1537.04 2103.99 2575.7 2379.15
603.52 925.17 994.96 4043.1 2186.29 1685.76
406.03 648.04 681.83 4130.21 1529.92 1063.17
1043.49 1458.82 1899.39 2680.64 3221.32 2846.72
1026.75 1464.04 1981.66 2822.9 3151.94 2595.43
1034.71 1496.29 2197.95 3465.14 3941.64 2615.6
678.63 1025.64 1095.05 4003.62 2221.1 1742.44
1070.68 1517.3 2104.33 3062.13 3168.7 2440.79
953.76 1328.73 1698.1 2336.16 2859.13 2616.06
936.07 1315.49 1746.88 2476.88 2939.36 2472.18
979.72 1398.28 2089.51 3177.14 2920.6 1844.05
271.63 511.61 469.53 3966.24 1537.12 942.69
958.1 1336.53 1703.05 2381.0 2703.34 2447.25
1014.55 1466.01 2039.02 3014.27 3497.36 2694.53
715.9 1015.44 1257.39 2575.62 2217.02 1945.66
958.82 1371.98 1890.26 3171.23 2655.39 1930.05
604.83 978.55 886.22 4720.58 2019.51 1440.46
672.48 978.07 1185.8 3115.92 2229.54 1832.99
262.09 333.05 401.79 520.86 619.92 578.65
212.55 383.64 308.86 4694.09 1271.66 718.33
579.06 880.85 1081.1 3949.4 2284.17 1582.31
521.73 815.05 906.22 4036.06 1951.86 1370.88
996.32 1382.41 1735.46 2371.83 2865.53 2678.53
1013.89 1413.99 1801.57 2472.88 3031.42 2798.7
1085.38 1531.56 2011.28 2834.22 3346.78 2911.25
1005.9 1484.34 2149.22 3133.77 3205.73 2328.06
1019.13 1428.82 1838.42 2704.32 3213.53 2857.84
597.62 826.92 1086.86 1555.08 1710.63 1407.47
506.58 691.48 839.42 1391.61 1401.7 1284.25
210.38 260.19 313.21 404.14 465.6 417.88
699.79 1006.7 1220.59 2717.44 2321.86 1975.02
852.57 1221.84 1581.0 2931.8 2689.56 2174.84
535.04 847.24 901.28 3995.41 2124.14 1591.56
672.46 919.05 1144.54 1550.97 1866.29 1746.86
774.44 1069.06 1363.68 1896.13 2337.71 2122.6
1014.3 1438.83 1796.23 3288.3 3132.77 2758.38
173.24 309.81 240.0 3040.12 916.52 498.46
191.08 230.86 270.65 342.55 402.18 373.13
568.47 781.96 972.75 1560.44 1655.52 1500.81
1153.87 1620.61 2052.5 3032.05 3418.91 3084.8
549.85 871.36 812.91 4502.32 1859.53 1311.86
1008.25 1427.01 1940.55 2867.34 3349.7 2631.85
1009.88 1451.79 1997.56 2865.03 3066.18 2434.26
866.56 1242.39 1533.35 3072.2 2854.87 2468.47
566.44 770.19 973.95 1342.19 1647.58 1498.82
486.31 714.1 822.82 2807.89 1708.31 1362.58
508.49 779.31 866.13 3833.72 1989.11 1497.25
579.67 789.67 993.09 1345.44 1638.6 1516.45
923.86 1333.41 1810.47 3004.26 2557.15 1921.21
147.51 271.41 162.84 2987.34 755.82 396.25
602.27 844.51 1102.37 2005.65 1954.01 1574.6
864.62 1233.8 1531.69 3151.36 2772.34 2442.84
135.3 298.13 175.26 4479.71 1146.81 512.78
1034.16 1442.54 1850.3 2596.87 3201.02 2901.98
775.71 1136.64 1341.61 3597.4 2582.25 2192.57
1034.45 1448.66 1884.85 2682.16 3202.62 2828.99
957.95 1355.59 1755.66 2902.73 2985.0 2535.41
222.67 300.28 328.36 1139.63 609.52 501.86
593.12 848.01 986.76 2470.99 1820.37 1565.1
387.5 542.04 613.01 1605.46 1133.24 940.71
164.04 377.18 166.63 4720.7 1079.98 495.15
723.2 1052.77 1263.76 3367.02 2456.04 2058.1
846.29 1183.54 1460.59 2350.06 2484.14 2273.76
1087.7 1527.23 1902.65 2973.92 3225.74 2965.89
966.4 1397.29 1915.48 3047.56 2781.96 1969.02
910.39 1286.74 1664.22 2639.6 2707.63 2308.63
726.29 1064.58 1308.69 3040.69 2182.24 1700.8
302.64 439.99 478.94 2334.08 1077.56 815.66
866.34 1201.84 1526.84 2089.77 2558.13 2362.98
309.23 400.63 492.02 657.2 794.19 727.46
913.99 1264.62 1585.24 2163.16 2611.51 2441.68
1136.85 1608.82 2123.81 3022.67 3514.5 2974.71
240.92 302.62 362.38 465.9 552.02 516.14
656.47 900.34 1137.39 1548.37 1885.26 1739.74
946.23 1360.45 1802.2 2995.09 3012.98 2486.85
1098.59 1543.33 2066.39 3032.11 3192.34 2623.64
995.49 1423.32 1731.29 3200.7 3042.76 2709.16
1030.16 1436.68 1843.99 2579.72 3186.36 2887.16
447.87 606.61 781.05 1085.16 1248.93 1062.8
997.9 1421.92 2094.97 3156.41 2968.36 1959.51
149.78 171.58 192.69 229.26 259.68 247.0
144.8 343.53 127.05 4948.69 1078.99 425.73
1062.18 1521.93 1822.62 3306.36 3178.0 2869.77
1027.78 1445.72 1829.51 2856.51 3135.51 2849.15
303.17 501.32 481.99 4462.34 1487.19 963.27
1090.96 1551.55 2061.91 2888.26 3332.77 2876.22
1205.7 1683.4 2124.59 2924.38 3504.46 3254.25
280.31 359.25 435.72 568.17 678.37 632.45
945.33 1365.47 1785.26 3283.37 3136.29 2535.93
584.46 835.34 1004.04 2583.11 1914.45 1615.72
1061.26 1538.29 2138.67 3062.8 3114.17 2396.81
288.16 532.28 394.65 4795.33 1480.89 806.57
998.6 1404.56 1774.65 2860.44 3068.08 2784.68
940.22 1338.45 1709.88 3039.66 2860.84 2479.04
867.11 1271.33 1834.32 2661.71 2543.97 1780.34
1012.34 1410.89 1809.44 2529.71 3127.06 2836.07
992.48 1395.5 1792.6 2730.22 3093.6 2742.59
610.44 833.91 1050.38 1425.34 1737.3 1607.32
326.51 612.48 351.91 5374.66 1315.62 624.61
646.51 907.38 1253.54 2238.76 1914.35 1374.11
386.4 556.63 635.95 2146.98 1300.89 1038.85
732.83 1058.79 1275.89 3222.89 2381.72 2036.22
910.66 1271.7 1664.9 2354.27 2787.33 2431.42
917.79 1329.49 1662.51 3476.41 2934.94 2403.77
553.48 752.01 944.33 1277.44 1554.59 1439.11
989.88 1444.49 2094.9 3181.17 3461.29 2372.68
912.74 1278.82 1680.13 2527.99 2802.31 2388.78
541.8 816.7 932.87 3657.68 2082.39 1595.47
1151.61 1632.7 2145.92 3040.91 3584.49 3077.11
458.22 752.75 757.11 4158.55 1960.16 1391.84
807.23 1116.18 1425.13 1983.47 2446.52 2220.95
1168.36 1628.56 2049.37 2807.88 3396.35 3173.45
524.59 745.98 1075.11 1623.71 1737.17 1157.28
612.64 913.08 987.7 3379.2 1959.4 1560.06
1013.19 1423.58 1845.43 2746.39 3196.82 2805.68
294.63 540.23 420.9 4460.51 1392.83 841.91
871.4 1209.12 1536.26 2102.91 2574.36 2377.92
689.37 987.87 1156.59 2507.69 2070.05 1800.54
450.37 603.43 756.49 1033.1 1262.5 1150.75
203.88 428.71 218.02 5040.96 1268.27 581.99
1082.67 1534.05 1975.75 3130.1 3222.06 2772.54
524.31 709.67 895.03 1230.01 1507.82 1372.49
982.04 1408.14 1723.0 3446.06 3052.97 2594.35
1143.51 1611.36 2081.9 2966.12 3227.35 2848.88
758.8 1046.41 1339.25 1851.56 2140.72 1916.86
952.78 1328.12 1702.42 2437.42 2948.02 2659.35
667.54 921.18 1202.24 1696.37 2069.27 1773.61
990.76 1427.54 1905.82 3065.08 3027.48 2469.6
945.0 1339.12 1677.33 2999.39 2969.4 2649.67
509.67 755.14 878.22 3210.83 1836.02 1472.85
176.23 386.72 197.85 5045.86 1208.75 592.77
636.25 879.78 1158.75 1622.05 1829.17 1560.61
1104.78 1550.0 2005.22 2788.04 3337.03 3003.05
1072.66 1516.59 1864.55 3214.39 3217.91 2923.03
400.97 649.52 627.41 4030.16 1616.85 1134.11
581.55 862.82 1014.52 3409.6 2125.86 1659.38
993.0 1434.53 2122.76 3242.3 3838.75 2522.45
1086.33 1529.04 1897.97 3142.15 3237.11 2965.91
746.68 1038.89 1305.17 2088.94 2236.46 2032.2
157.72 383.68 191.01 4814.68 1316.78 607.95
469.01 627.96 773.31 1035.3 1238.56 1161.57
1076.96 1514.87 1908.75 2857.38 3253.76 2974.93
804.79 1113.35 1412.24 1929.96 2360.71 2181.23
877.79 1259.82 1668.15 3052.52 2820.06 2230.29
508.72 689.59 869.14 1214.48 1416.74 1288.54
804.31 1213.8 1661.49 3550.69 2825.39 1867.77
988.52 1382.71 1807.85 2589.27 2774.83 2391.95
958.26 1369.51 1979.36 3131.04 2516.15 1624.94
534.97 807.99 920.14 3671.49 2066.66 1577.27
858.78 1256.61 1711.52 3495.71 2995.55 2163.62
1080.51 1515.93 1923.8 2810.01 3272.37 3002.17
993.09 1421.67 1966.66 2981.17 3049.57 2216.26
158.04 422.59 142.33 5079.98 1143.81 476.14
1038.42 1454.16 1901.45 2719.92 3244.81 2819.35
497.93 680.25 919.64 1324.79 1376.12 1082.32
596.67 831.16 1070.79 1755.0 1851.45 1527.51
933.48 1319.53 1622.94 2996.31 2841.73 2552.93
783.9 1149.24 1345.65 3592.7 2600.65 2183.96
495.4 683.18 838.01 1626.15 1468.5 1304.01
629.64 927.5 1101.57 3518.29 2220.01 1826.8
482.43 743.66 807.73 3980.6 1865.69 1397.7
1046.79 1479.67 1893.25 2916.45 3214.9 2877.33
505.02 682.34 854.11 1151.63 1399.16 1296.02
855.28 1198.17 1502.88 2307.74 2566.35 2340.74
1169.86 1636.19 2054.11 2931.96 3421.32 3177.53
738.33 1071.31 1290.37 3165.54 2445.35 2078.28
915.0 1293.95 1713.17 2398.82 2636.0 2237.08
1121.28 1579.5 2113.17 3010.7 3298.43 2748.08
1177.57 1651.42 2125.47 2969.63 3482.16 3113.33
1109.8 1551.95 1980.52 2722.79 3339.22 3081.21
805.67 1172.17 1418.79 3347.49 2701.05 2296.45
1068.32 1513.1 1930.78 3191.63 3333.55 2874.75
1044.81 1478.3 1856.04 3005.33 3175.37 2853.62
971.52 1397.73 1946.82 3097.74 2559.58 1673.59
1059.0 1502.89 2062.79 3006.36 3590.4 2778.28
548.23 744.04 939.85 1293.71 1587.19 1444.23
336.89 626.34 371.41 5368.05 1337.78 652.75
130.89 144.39 157.88 182.27 202.5 192.65
1091.08 1538.02 2059.84 3026.83 3041.36 2489.2
1026.99 1450.86 1840.05 2931.17 3172.86 2845.17
1130.26 1601.22 2160.79 3170.54 3720.34 2983.91
441.95 607.45 787.91 1321.88 1252.0 1010.41
588.47 814.21 1116.5 1614.07 1708.16 1324.18
1020.2 1512.78 2205.42 3211.65 3233.29 2313.63
565.29 865.11 918.64 3935.14 1978.3 1551.69
1119.18 1565.77 1997.28 2756.15 3370.26 3109.36
1086.86 1536.04 1925.69 3109.7 3259.57 2937.22
447.01 605.86 782.6 1099.59 1221.84 1026.78
573.26 824.42 989.24 2607.06 1841.9 1498.03
843.45 1203.76 1417.67 2849.82 2476.27 2202.1
550.44 829.82 974.83 3461.98 1766.83 1250.05
1007.74 1445.05 1962.7 3004.09 2981.89 2250.43
1058.06 1496.28 1954.12 2886.56 3281.09 2848.07
1151.77 1624.85 2152.42 3104.21 3670.51 3066.83
472.01 767.82 678.78 4497.89 1699.68 1116.65
1142.61 1607.71 2110.43 2971.59 3354.63 2907.17
1029.97 1461.63 2040.58 2972.15 3103.39 2379.83
1028.21 1448.09 1912.14 2710.94 3141.42 2692.36
606.48 833.5 1073.99 1493.2 1773.6 1567.72
1070.76 1522.47 2084.59 3040.21 3230.86 2561.76
1048.79 1463.96 1881.03 2637.21 3241.33 2929.35
984.1 1397.13 1865.99 2616.34 2942.41 2492.08
664.52 907.69 1130.05 1530.85 1841.8 1724.02
1209.52 1688.49 2129.16 2920.88 3524.14 3284.14
918.7 1276.75 1622.29 2249.19 2641.0 2391.51
885.16 1261.65 1551.74 3013.85 2763.93 2455.55
544.21 818.92 1025.49 3584.84 2013.58 1437.3
868.02 1248.82 1729.41 2465.55 2552.7 1986.8
1007.94 1451.91 2066.46 3315.97 3703.1 2624.65
735.77 1080.11 1310.59 3169.45 2559.7 2139.04
634.98 941.16 1184.44 3378.68 2323.64 1732.74
995.08 1462.73 2120.15 3085.68 3015.64 2113.77
532.02 828.65 913.54 3865.13 2116.18 1586.09
998.18 1431.17 2042.83 3118.08 3666.91 2600.6
965.73 1381.48 2029.9 3053.59 2934.31 1964.6
1044.36 1457.7 1869.62 2640.13 3238.48 2934.09
286.26 367.63 448.99 596.04 717.99 658.58
375.63 494.36 602.93 798.62 950.44 892.94
801.39 1197.17 1354.44 3766.95 2600.09 2198.4
1006.83 1403.41 1778.32 2480.57 2900.07 2646.17
910.82 1285.31 1573.12 2830.32 2723.83 2470.32
242.73 455.11 372.74 4429.0 1409.54 790.0
404.84 676.26 630.73 4601.62 1700.4 1149.03
407.27 541.8 672.11 897.82 1085.61 1007.37
698.05 1047.72 1153.62 4009.84 2376.2 1912.27
1062.23 1530.6 2059.97 3198.95 3505.01 2808.37
915.69 1319.46 1785.85 3075.68 3000.44 2297.85
985.93 1392.63 1848.11 2900.86 2911.36 2388.32
287.77 369.97 449.6 587.53 702.29 654.48
1066.42 1528.91 2075.71 2997.88 3514.93 2856.24
771.7 1133.86 1332.23 2990.04 2426.97 2032.74
509.92 817.41 918.36 3996.87 2058.74 1357.04
556.95 866.56 922.21 3919.96 2016.34 1559.76
1068.07 1511.24 2120.94 3113.49 3141.91 2348.23
1037.61 1455.51 1910.45 2714.32 3292.7 2846.47
1100.16 1534.45 1922.0 2723.64 3196.02 2975.02
572.15 892.89 970.92 3916.61 2203.36 1688.03
701.42 1039.97 1159.61 3639.77 2303.29 1847.32
1063.37 1495.56 1891.06 2880.33 3240.53 2960.38
754.05 1140.23 1265.14 3864.78 2492.75 2071.49
1025.14 1447.69 2025.84 3105.69 2973.0 2186.25
756.76 1039.66 1298.35 1764.64 2126.39 1989.37
1047.24 1463.53 1891.74 2659.62 3280.38 2928.37
239.22 419.28 380.83 4176.83 1293.16 794.64
974.56 1376.22 1720.45 2859.75 2992.68 2700.9
862.8 1244.14 1505.36 3332.27 2767.72 2403.71
1169.34 1646.91 2122.08 2982.4 3425.88 3065.56
1153.43 1607.2 2022.12 2770.04 3350.28 3130.5
806.4 1118.02 1446.19 2044.59 2460.12 2168.64
958.52 1385.11 1650.94 3591.19 2891.03 2487.91
450.22 603.65 752.04 1011.96 1223.86 1134.3
905.35 1288.18 1616.32 3203.69 2876.96 2515.6
1068.46 1515.92 1994.49 3102.79 3196.5 2616.05
944.87 1316.41 1690.81 2344.83 2806.22 2544.7
1052.45 1484.45 1831.23 3087.52 3140.44 2863.79
895.25 1282.3 1582.02 3188.17 2867.29 2516.15
629.11 892.28 1295.27 2211.87 2028.22 1245.65
636.95 934.6 1101.92 3140.79 2170.59 1794.69
185.31 222.06 255.66 316.23 363.22 345.42
876.42 1216.34 1545.61 2115.95 2590.47 2392.75
861.79 1236.97 1489.65 3450.48 2678.07 2368.98
1106.27 1550.6 1990.61 2789.36 3347.9 3044.17
788.34 1085.74 1357.17 1866.12 2230.59 2080.43
804.3 1153.66 1438.75 3160.47 2646.01 2252.66
793.22 1114.6 1485.01 2154.69 2346.18 1893.92
819.77 1130.11 1415.67 1929.4 2321.55 2166.11
662.86 950.98 1322.16 2102.36 1832.09 1195.47
1069.05 1515.3 2104.05 3063.79 3164.53 2430.9
713.1 1103.4 1587.33 3838.0 2511.68 1566.81
997.87 1445.76 1827.62 3604.47 3272.5 2587.61
919.43 1342.1 1762.8 3320.83 2794.43 2200.9
1134.01 1589.43 1992.25 3037.98 3360.32 3095.16
785.33 1123.0 1610.53 2444.05 2466.21 1691.57
741.76 1107.9 1264.6 3764.25 2543.4 2098.72
982.49 1404.35 2116.14 3229.44 2910.55 1782.88
976.42 1367.88 1699.61 2688.18 2881.62 2645.53
990.95 1467.06 2143.18 3130.09 2919.77 1976.05
1068.59 1492.64 1903.41 2614.91 3206.88 2960.23
897.18 1246.55 1599.78 2244.37 2524.85 2255.44
825.92 1184.67 1461.61 3129.37 2740.57 2349.7
970.45 1350.7 1730.95 2418.15 2988.06 2710.44
605.12 829.78 1040.15 1518.44 1738.78 1597.24
784.62 1141.5 1430.12 3528.05 2566.56 2026.99
1035.82 1484.52 2047.96 3097.85 3113.8 2253.89
966.22 1409.65 2045.65 3112.6 3252.37 2229.7
559.07 860.46 1043.9 3805.02 2122.11 1515.84
557.82 885.04 840.46 4497.16 1934.7 1367.74
572.91 877.45 1136.44 3450.34 2225.85 1388.44
492.01 764.18 973.47 3461.98 1838.83 1177.83
451.58 804.7 594.43 4409.83 1671.34 1119.28
976.35 1387.02 1950.76 3009.09 2681.56 1925.09
550.86 831.78 975.73 3647.71 2126.38 1585.31
1095.31 1546.87 2023.94 2816.1 3288.74 2903.86
1046.48 1495.56 2007.25 3007.84 3074.86 2423.15
1134.62 1603.36 2107.6 2991.55 3445.91 2951.77
531.81 864.28 759.27 4850.27 1821.54 1236.15
871.09 1207.94 1544.79 2153.54 2658.41 2412.47
993.64 1444.9 2014.6 3198.97 2860.86 1923.2
955.43 1339.58 1690.29 2578.85 2890.48 2640.46
893.15 1243.84 1605.91 2274.92 2691.61 2382.37
490.17 688.44 1013.02 1599.33 1794.59 1133.59
995.8 1399.11 1808.49 2580.67 2776.22 2436.61
665.48 912.51 1159.53 1605.97 1976.21 1795.85
868.76 1224.88 1686.3 2538.05 2380.42 1814.23
498.4 744.26 905.89 2916.68 1696.52 1203.82
316.71 411.38 506.05 677.13 819.02 749.9
1028.21 1471.7 2071.22 3076.88 3140.44 2339.65
946.73 1351.37 1760.46 2792.6 2914.15 2502.71
830.06 1144.53 1432.09 1950.42 2352.54 2200.23
664.98 946.37 1391.63 2325.36 2160.59 1290.51
476.95 653.8 928.63 1365.11 1293.49 887.51
532.56 810.3 910.73 3791.18 2043.57 1560.82
1086.01 1517.69 1935.85 2660.15 3262.76 3011.67
289.47 513.58 460.0 4324.84 1516.21 915.0
566.38 795.7 1143.01 1689.09 1606.03 1100.03
1017.62 1468.08 2012.04 3114.62 2957.67 2147.61
893.82 1273.57 1573.4 3072.02 2886.24 2512.39
630.6 873.91 1169.64 1704.01 2028.88 1637.86
520.75 740.5 851.99 2167.89 1578.47 1348.82
357.61 470.14 582.68 786.05 954.72 872.56
892.31 1294.37 1613.87 3466.43 2953.01 2402.5
655.98 916.48 1273.11 1948.45 2039.76 1478.2
1021.96 1427.68 1828.16 2647.54 3178.05 2872.28
916.33 1305.27 1595.44 3259.04 2863.53 2531.93
270.67 535.71 491.66 4620.17 1685.1 847.19
551.64 749.87 951.74 1315.46 1601.35 1443.81
473.87 786.12 663.15 4815.64 1710.02 1098.03
1036.27 1470.0 2029.07 3065.91 3282.11 2487.22
1157.72 1613.34 2029.96 2780.92 3363.52 3142.84
925.97 1314.09 1712.19 2977.82 3070.5 2559.46
957.46 1378.84 2055.19 3358.86 3195.7 1903.23
907.15 1306.29 1578.22 3253.43 2844.14 2430.04
923.54 1307.26 1620.96 2891.73 2891.89 2549.95
860.82 1250.12 1857.63 3321.94 2668.68 1614.61
777.25 1075.57 1387.44 1954.56 2318.18 2059.95
1047.68 1486.64 1965.01 2872.83 3097.47 2571.42
779.86 1074.0 1340.14 1849.2 2202.28 2056.92
221.61 277.99 320.66 513.82 493.94 454.22
187.33 225.48 263.62 332.57 389.74 361.89
434.33 613.41 751.4 1715.85 1173.16 858.1
717.28 1042.14 1215.12 2679.08 2276.33 1950.59
917.83 1302.5 1630.9 3122.78 2905.59 2569.33
792.82 1103.42 1437.85 2032.74 2434.85 2121.3
626.7 935.46 1089.65 3573.32 2285.89 1816.91
978.17 1380.38 1782.38 2815.42 3058.17 2678.52
748.45 1038.09 1342.62 1885.58 2295.98 2026.52
931.88 1308.14 1643.81 2574.07 2824.53 2568.32
759.95 1044.23 1304.17 1772.73 2136.24 1998.55
554.24 752.67 951.1 1309.71 1607.11 1462.24
1159.14 1623.07 2061.31 2990.15 3405.76 3102.61
1210.95 1689.57 2127.46 2916.67 3528.24 3295.6
1014.11 1445.82 2032.84 3015.51 3621.42 2680.44
371.33 711.89 381.92 5611.57 1406.32 682.94
955.6 1396.5 1997.98 2884.94 2829.92 2033.03
614.43 849.27 1065.15 1814.75 1876.2 1667.96
1047.24 1531.92 2175.16 3252.5 3676.94 2693.56
238.67 433.72 350.17 3524.37 1254.37 744.32
470.55 726.44 872.01 4042.32 1886.79 1242.33
130.19 330.23 108.89 5179.74 1100.2 468.08
1014.14 1418.31 1813.22 2653.52 3161.44 2850.93
815.98 1183.92 1437.73 3298.8 2716.12 2320.89
1164.64 1631.44 2040.53 3017.81 3424.55 3175.03
265.79 454.51 434.72 2721.69 1021.31 600.56
199.27 344.53 280.41 3445.09 902.3 554.4
1070.1 1504.89 1909.12 2826.8 3264.44 2984.6
823.29 1143.25 1454.21 2133.15 2519.1 2275.07
727.22 1001.82 1267.82 1728.56 2111.9 1952.17
271.91 348.84 431.27 577.9 682.23 604.74
1008.22 1419.22 1863.6 2650.13 3213.01 2783.02
925.53 1312.02 1671.94 2995.83 2933.77 2516.07
581.33 881.32 1092.59 3772.67 1833.1 1202.57
608.25 943.73 1122.03 4071.22 2346.32 1681.94
683.54 942.14 1210.9 1685.41 1995.28 1773.58
1004.38 1400.32 1783.86 2448.19 3000.91 2770.61
319.71 417.17 512.85 690.87 763.71 693.17
436.23 720.0 701.71 4474.02 1814.77 1166.56
787.22 1176.27 1306.33 4089.17 2490.07 1983.35
683.82 939.42 1187.02 1615.88 1972.69 1824.02
384.3 657.17 622.03 4234.7 1810.86 1205.19
1082.39 1505.56 1892.51 2589.99 3131.1 2926.14
309.06 559.38 422.51 4778.32 1509.9 872.51
722.46 1079.73 1260.74 3519.42 2485.39 2065.72
1093.25 1551.82 2074.37 3039.39 3249.8 2594.57
895.29 1268.38 1587.72 2998.14 2874.12 2526.15
867.16 1197.62 1499.79 2044.46 2467.02 2306.96
977.62 1361.0 1744.38 2437.24 3011.85 2731.94
282.33 407.52 435.3 1918.84 955.74 721.06
647.05 929.84 1084.83 2619.44 1984.27 1726.01
823.89 1207.61 1638.08 3680.96 2796.42 1856.74
921.21 1368.35 1769.66 3439.08 3163.78 2427.64
908.47 1272.24 1666.07 2542.09 2654.02 2252.6
866.79 1253.34 1576.07 2874.12 2710.11 2262.9
507.56 802.7 875.63 4268.36 1949.08 1360.4
1153.3 1634.32 2145.45 3037.5 3583.0 3083.29
723.27 995.54 1267.81 1759.86 2167.94 1969.15
1111.74 1556.08 1983.85 2767.37 3354.05 3090.55
435.0 662.04 760.97 2775.57 1567.96 1122.23
909.97 1314.83 1713.34 3394.52 3131.05 2472.47
1011.57 1418.13 1824.49 2736.47 3142.43 2785.23
814.89 1123.33 1406.93 1919.74 2303.21 2147.11
890.53 1231.06 1542.44 2103.7 2539.13 2374.2
1002.89 1434.36 1946.38 3036.62 3059.18 2330.55
673.6 953.76 1363.72 2036.45 2281.78 1583.94
1023.69 1432.18 1836.71 2693.66 3203.4 2874.58
792.7 1148.83 1503.04 3146.35 2710.73 2112.02
455.94 609.26 749.45 1002.16 1198.22 1123.96
106.36 163.11 124.46 1787.39 464.79 251.91
679.03 991.89 1191.98 3441.16 2336.11 1956.3
905.18 1252.01 1569.16 2140.82 2584.32 2416.33
410.11 756.18 465.68 5463.59 1508.16 808.75
753.78 1148.64 1207.91 4152.23 2410.66 1923.68
1034.28 1464.35 1948.75 2760.44 3184.34 2709.91
795.19 1135.12 1408.68 3009.52 2645.67 2266.73
535.19 868.39 766.09 4840.66 1830.04 1246.41
257.13 458.93 337.99 3982.98 1236.87 699.5
565.24 811.42 973.29 2548.1 1871.75 1569.47
404.35 668.23 637.01 4415.15 1742.19 1207.91
463.91 758.37 866.22 4077.49 1925.16 1223.21
1123.1 1587.14 2128.19 3053.68 3659.51 2982.18
446.1 621.23 746.25 1749.1 1374.6 1176.27
348.44 568.31 534.59 3007.69 1320.53 939.13
722.06 1000.13 1263.71 1908.89 2190.18 1972.46
488.16 774.21 786.17 4175.7 1886.56 1371.62
227.33 307.51 331.81 1085.59 635.66 505.87
604.15 953.49 1003.17 4005.16 2176.87 1698.25
156.69 181.5 205.55 247.19 281.83 267.4
892.93 1271.52 1739.82 2531.47 2888.54 2269.78
850.85 1175.67 1468.92 2038.4 2420.72 2259.05
578.23 808.23 1087.52 1535.86 1661.71 1347.0
744.94 1085.55 1294.37 3032.17 2417.39 2078.66
1046.1 1475.22 1835.54 3134.72 3120.95 2837.2
617.84 921.64 1175.4 3483.66 2186.82 1564.12
378.87 604.13 625.56 3878.06 1650.24 1137.61
1011.87 1442.84 1761.12 3278.44 3110.69 2788.18
576.98 867.54 946.23 3354.0 1926.19 1566.5
1009.44 1406.72 1804.0 2521.98 3117.42 2827.36
951.44 1340.35 1800.16 2573.28 3109.6 2545.56
287.65 492.94 453.17 4321.53 1278.0 818.28
495.27 791.83 831.72 3967.21 2051.09 1495.87
996.25 1441.86 2133.8 3383.93 3864.85 2536.95
976.53 1359.94 1747.42 2445.28 3006.76 2715.32
1011.64 1444.5 2043.38 3042.08 3646.89 2661.93
824.41 1188.51 1421.42 3507.26 2587.03 2269.72
1144.4 1594.28 2005.66 2747.16 3322.43 3104.53
507.2 779.49 896.62 3941.54 1938.18 1344.54
265.97 337.46 402.84 520.67 612.09 577.46
209.15 378.08 308.81 3581.72 1137.7 639.03
993.97 1425.04 2006.91 3036.86 3078.86 2292.78
591.45 806.62 1015.04 1376.05 1676.41 1551.26
555.52 852.13 862.76 3773.49 1836.09 1376.43
711.07 996.71 1328.01 1981.46 1919.71 1497.82
101.16 101.66 102.17 103.08 103.84 103.47
1037.71 1456.75 1881.44 2645.04 3092.87 2753.5
1110.97 1557.12 2006.15 2779.36 3384.43 3059.85
983.26 1369.1 1754.95 2452.25 3030.56 2748.84
619.85 864.47 1040.07 1956.0 1800.86 1616.13
915.73 1330.91 1532.39 3759.91 2786.42 2400.49
928.47 1351.48 1837.99 3317.52 2910.24 2145.15
556.94 880.13 827.01 4485.36 1877.43 1333.14
876.83 1216.94 1546.39 2117.03 2591.8 2393.98
1012.57 1412.6 1799.92 2520.32 2880.8 2594.56
442.74 609.13 810.25 1152.66 1317.63 1053.81
1165.41 1632.06 2102.35 2960.24 3342.35 2986.99
1067.15 1494.26 1923.67 2780.85 3044.2 2694.57
1083.9 1520.88 1955.2 2828.48 3273.68 2947.12
1055.87 1492.23 1856.57 3197.67 3170.6 2867.98
889.4 1240.41 1574.45 2306.85 2733.49 2467.3
397.81 526.09 643.4 854.83 1018.87 956.74
1056.86 1498.96 1820.64 3289.59 3139.38 2833.41
734.02 1013.84 1300.35 1810.49 2200.22 1976.01
927.95 1284.59 1610.71 2198.53 2654.57 2481.84
882.2 1243.38 1567.12 2864.8 2825.91 2490.78
651.03 1049.94 1119.95 4200.87 2018.65 1256.77
877.3 1220.47 1574.54 2209.78 2702.44 2409.69
304.97 568.23 326.19 5088.07 1241.37 576.96
439.19 723.7 662.33 4559.54 1794.54 1213.79
444.07 609.5 794.46 1345.53 1232.64 992.89
152.4 357.31 151.97 5111.75 1153.03 528.5
1030.87 1481.22 2015.08 3177.25 3363.31 2613.23
1202.82 1678.23 2115.93 2905.47 3502.96 3263.67
833.53 1155.83 1439.71 2142.74 2404.43 2223.79
759.33 1062.82 1435.14 2073.96 2439.68 1955.82
1013.85 1415.41 1824.05 2559.74 3142.78 2823.82
773.33 1117.18 1313.36 3099.7 2401.67 2096.68
734.09 1109.88 1359.63 3873.48 2505.81 1747.45
379.76 642.06 583.82 4211.63 1608.85 1092.64
517.02 696.66 860.92 1157.0 1386.7 1299.69
933.92 1352.48 1972.71 3188.68 3595.58 2385.02
177.39 211.19 245.0 306.09 356.76 332.08
1000.58 1418.08 2027.32 3014.72 3018.98 2172.05
1156.97 1622.04 2053.35 3030.56 3381.34 3061.85
576.74 866.44 984.58 3320.45 1989.21 1562.18
665.43 1026.69 1028.36 4470.76 2157.37 1641.41
680.88 1081.26 1072.48 4087.81 2309.37 1816.48
492.83 685.26 817.43 1911.58 1468.15 1285.86
1023.39 1449.11 1963.14 2865.01 3232.42 2612.0
888.35 1243.52 1577.49 2483.56 2775.79 2483.05
1114.0 1573.96 1982.53 3092.78 3306.1 2948.77
962.83 1364.06 1966.74 3099.49 2785.01 1874.93
217.37 290.27 321.17 1137.55 623.45 499.96
1030.48 1436.96 1843.43 2578.02 3187.24 2890.47
394.76 641.72 615.42 4043.56 1601.2 1116.74
689.61 1020.55 1194.34 3568.09 2282.27 1854.56
469.26 778.92 755.35 4549.9 1660.34 949.27
982.24 1375.66 1791.24 2516.92 3045.74 2675.63
944.24 1329.62 1681.84 2848.72 2981.87 2659.43
495.82 783.21 846.71 3933.6 2038.82 1492.12
516.28 713.7 974.64 1413.91 1457.59 1119.04
248.13 312.83 377.54 494.48 591.47 544.22
830.31 1150.05 1459.77 1996.23 2442.57 2256.6
1037.47 1464.48 1934.8 2733.98 3198.06 2758.41
614.02 887.64 1276.07 1921.09 2148.35 1501.57
386.66 545.99 622.8 1908.7 1157.98 983.72
973.24 1400.16 2033.18 3028.19 2947.28 2052.27
943.36 1306.64 1638.83 2237.6 2702.13 2526.18
936.82 1356.54 1574.86 3700.02 2839.41 2464.45
175.9 437.85 176.44 4917.49 1156.75 515.74
773.81 1108.83 1369.35 3082.27 2604.02 2212.62
868.88 1276.68 1775.26 3220.59 2236.22 1468.39
571.82 775.06 960.9 1295.89 1555.77 1457.33
832.42 1189.98 1752.64 2835.27 2732.96 1679.56
101.79 102.57 103.33 104.64 105.73 105.28
630.57 862.86 1087.88 1477.62 1801.89 1666.78
608.91 899.81 1036.79 3833.95 2158.61 1740.89
730.48 1077.78 1279.97 3489.72 2540.35 2101.26
192.32 232.65 272.98 345.86 406.31 376.86
546.06 742.59 956.62 1324.56 1485.51 1293.11
951.21 1387.7 1585.44 3765.79 2869.97 2484.89
1024.21 1431.01 1835.82 2532.03 3066.79 2798.5
679.16 985.51 1197.84 3295.66 2363.92 1969.26
201.84 245.71 285.82 358.12 414.22 392.97
274.76 350.03 418.87 542.94 639.2 602.74
1086.24 1543.1 2048.58 2908.22 3464.11 2950.21
1157.26 1616.21 2026.01 2868.02 3371.5 3138.96
374.34 648.77 589.45 4345.18 1753.56 1154.89
994.57 1430.78 1962.41 2866.19 3294.35 2586.27
431.94 576.95 721.95 984.01 1201.35 1095.48
680.81 941.72 1259.81 1800.79 2006.48 1654.3
481.52 645.86 796.14 1067.01 1277.16 1197.56
628.85 871.27 1141.09 1602.57 1859.74 1589.1
731.48 1050.24 1274.37 2768.81 2237.03 1863.4
831.97 1156.66 1496.4 2096.24 2407.72 2141.11
962.0 1398.0 2014.0 3173.0 2939.0 1816.0
69.0 191.5 59.0 4653.5 930.0 346.0
134.0 394.5 95.5 5146.0 1087.0 409.5
969.0 1403.0 2079.0 3181.0 3518.0 2279.0
155.0 368.0 123.0 5163.0 1156.0 447.0
89.8 263.8 87.2 4769.8 1060.5 381.0
971.0 1390.0 2115.5 3245.0 2879.5 1707.0
122.0 299.0 89.0 4632.0 914.0 354.0
72.0 203.8 71.8 4231.5 957.5 341.5
907.5 1325.5 2047.5 3151.5 2757.0 1579.5
948.0 1357.0 1978.0 3155.0 2462.0 1531.0
56.8 180.8 53.0 4412.8 873.5 325.0
119.5 322.5 80.5 4825.8 970.8 371.8
948.0 1376.0 2046.0 3146.0 2970.0 1921.0
911.0 1341.0 1922.0 3127.8 2196.5 1320.8
985.0 1493.5 2276.8 3372.5 3183.8 2033.8
76.2 218.5 55.5 4643.8 764.8 282.8
962.5 1390.0 1954.5 3151.5 2480.0 1527.0
959.5 1435.2 2145.2 3160.2 2832.8 1787.8
88.5 243.0 63.5 4918.0 903.5 321.0
978.0 1422.0 2105.0 3266.0 3199.0 2037.0
79.2 209.2 66.0 4931.0 970.2 374.0
222.2 574.0 104.8 5481.0 1198.8 463.2
992.0 1434.0 2127.0 3253.0 3849.0 2515.0
980.5 1432.2 2016.0 3245.2 2807.8 1800.2
966.0 1422.0 2112.0 3259.5 3477.0 2237.5
109.2 304.0 68.8 5231.2 1052.0 412.0
978.0 1434.0 2220.0 3640.0 4073.0 2397.0
81.5 229.5 75.0 4588.5 1023.0 369.5
937.0 1353.0 2081.0 3198.0 2826.0 1629.0
924.0 1316.0 1970.0 3207.0 2671.0 1584.0
102.5 315.2 89.5 4914.0 1200.8 467.0
980.0 1467.0 2194.0 3388.8 3736.5 2446.5
955.0 1376.0 2056.0 3368.0 3193.0 1885.0
977.5 1462.0 2197.0 3231.5 2940.0 1846.5
939.0 1381.8 2053.5 3176.2 3230.8 2074.0
265.0 540.0 222.0 5608.0 1151.0 427.0
83.0 265.0 84.5 4714.5 1156.5 420.5
245.0 494.0 207.0 5231.5 1090.0 397.0
304.0 635.0 236.5 5868.5 1229.5 464.5
138.0 335.0 114.0 4964.0 1063.0 407.0
53.8 244.8 74.8 4340.2 1057.2 381.2
1050.0 1465.0 1880.0 2630.0 3252.0 2949.0
1121.0 1568.0 2001.0 2751.0 3375.0 3115.0
1212.0 1691.0 2129.0 2918.5 3531.0 3299.0
100.0 100.0 100.0 100.0 100.0 100.0
