0.1292
0.7111
0.1109
0.6777
0.8573
0.2806
0.0518
0.6268
0.0136
0.8253
0.8854
0.37
0.5129
0.7763
0.2536
0.7665
0.452
0.0469
0.0102
0.9574
0.5742
0.434
0.2886
0.5745
0.9708
0.1031
0.8194
0.264
0.7216
0.3042
0.6881
0.5337
0.6588
0.4023
0.9344
0.7948
0.1987
0.9135
0.324
0.3835
0.5464
0.7054
0.7089
0.2455
0.0564
0.2301
0.5261
0.3945
0.033
0.7168
0.7373
0.6936
0.8504
0.1961
0.2993
0.1121
0.8939
0.0067
0.3754
0.4524
0.5625
0.7637
0.2021
0.0657
0.922
0.6769
0.8553
0.8417
0.9423
0.2854
0.3538
0.9657
0.2611
0.539
0.6191
0.2203
0.2767
0.7176
0.0147
0.3525
0.4008
0.8208
0.3058
0.7999
0.5104
0.3953
0.3718
0.1386
0.5334
0.2044
0.6803
0.5608
0.1843
0.9592
0.7919
0.9408
0.1937
0.0382
0.272
0.0204
0.394
0.3241
0.9537
0.938
0.6003
0.4238
0.4173
0.8233
0.3915
0.3987
0.7312
0.3991
0.8814
0.5849
0.3575
0.7802
0.0749
0.9113
0.0975
0.7805
0.1494
0.7923
0.2481
0.4107
0.7015
0.2599
0.2146
0.9167
0.4485
0.8346
0.776
0.1976
0.6893
0.862
0.0374
0.7223
0.3205
0.5222
0.9316
0.8525
0.3447
0.8682
0.2422
0.1965
0.3772
0.5112
0.1215
0.7667
0.7595
0.1727
0.9995
0.6666
0.5588
0.6078
0.2811
0.6566
0.743
0.9717
0.0847
0.5467
0.3829
0.4063
0.8285
0.731
0.5247
0.4974
0.4711
0.2104
0.3883
0.384
0.0828
0.8673
0.9647
0.6259
0.9721
0.3736
0.815
0.9183
0.1938
0.3026
0.1245
0.136
0.5384
0.7013
0.7136
0.3752
0.643
0.7884
0.7642
0.3312
0.0624
0.1418
0.4303
0.3299
0.2706
0.853
0.3334
0.123
0.3872
0.5
0.3024
0.3641
0.3984
0.5216
0.2924
0.4804
0.7114
0.0149
0.593
0.7664
0.3361
0.1216
0.6528
0.6415
0.6793
0.0847
0.1496
0.9017
0.3766
0.7297
0.8968
0.5671
0.3116
0.0967
0.1355
0.4248
0.9321
0.0927
0.1421
0.5588
0.2314
0.8415
0.7211
0.6263
0.5477
0.8631
0.8552
0.7719
0.221
0.7444
0.4477
0.3111
0.4512
0.9893
0.0307
0.2473
0.6852
0.4707
0.8121
0.5422
0.9758
0.4814
0.3344
0.0049
0.2406
0.3308
0.919
0.1136
0.8732
0.3682
0.2185
0.5389
0.5204
0.308
0.181
0.6781
0.4699
0.1359
0.5391
0.9283
0.058
0.5503
0.0155
0.8107
0.8278
0.8954
0.9529
0.5775
0.5272
0.2496
0.1228
0.0271
0.8479
0.3238
0.1253
0.7542
0.6619
0.9167
0.4011
0.0945
0.4796
0.8533
0.034
0.4319
0.3866
0.6635
0.9567
0.3446
0.2056
0.3691
0.8022
0.2553
0.5113
0.9708
0.9755
0.6881
0.9902
0.8136
0.3903
0.0946
0.6601
0.9136
0.3371
0.6021
0.5391
0.2845
0.2245
0.7267
0.6737
0.2317
0.5519
0.2147
0.0219
0.4453
0.3375
0.6996
0.4875
0.4223
0.9096
0.3568
0.7459
0.0631
0.2547
0.9431
0.92
0.8308
0.9206
0.0694
0.3557
0.8652
0.4479
0.0589
0.592
0.1969
0.2249
0.6256
0.2505
0.9618
0.4175
0.788
0.4159
0.1592
0.74
0.4934
0.0871
0.8379
0.5006
0.5778
0.328
0.4384
0.3726
0.5329
0.589
0.692
0.0477
0.0369
0.6177
0.7193
0.4802
0.857
0.4995
0.742
0.96
0.1327
0.9241
0.0321
0.6346
0.8074
0.4136
0.8521
0.5839
0.3384
0.9983
0.7584
0.5779
0.5157
0.5893
0.0745
0.9373
0.8565
0.502
0.5963
0.6711
0.8849
0.3469
0.5567
0.0001
0.6263
0.5219
0.1847
0.3362
0.8617
0.9576
0.1141
0.3183
0.1622
0.0816
0.5715
0.1651
0.9189
0.3032
0.5757
0.4341
0.5904
0.6916
0.6574
0.5779
0.0718
0.7657
0.7839
0.3984
0.0163
0.1589
0.0182
0.2246
0.7958
0.995
0.7986
0.53
0.8849
0.3116
0.4362
0.4422
0.3193
0.2005
0.7808
0.2109
0.2017
0.3856
0.4868
0.3917
0.1026
0.832
0.8115
0.3722
0.5773
0.4451
0.9098
0.7192
0.0101
0.8865
0.205
0.3848
0.505
0.7371
0.0511
0.9983
0.7519
0.2707
0.039
0.9696
0.6147
0.7686
0.1811
0.2532
0.9288
0.9866
0.9592
0.8768
0.3077
0.1586
0.2082
0.6316
0.0593
0.0147
0.6382
0.428
0.7434
0.637
0.5065
0.4961
0.621
0.906
0.6242
0.926
0.9958
0.8301
0.2099
0.6699
0.9264
0.7856
0.7873
0.6313
0.2283
0.7533
0.033
0.7711
0.5332
0.085
0.4766
0.9322
0.0248
0.0436
0.2164
0.5348
0.7351
0.0305
0.0144
0.5945
0.3472
0.8897
0.4249
0.2431
0.9109
0.5308
0.7817
0.4515
0.8809
0.1269
0.1326
0.1824
0.2401
0.9805
0.9541
0.8999
0.5347
0.3582
0.1369
0.3937
0.479
0.6567
0.8857
0.0671
0.8836
0.0134
0.0432
0.701
0.7784
0.8592
0.2725
0.7678
0.4981
0.5324
0.6984
0.7081
0.4301
0.5749
0.0554
0.0911
0.0946
0.8666
0.2238
0.0285
0.0251
0.0148
0.2016
0.6185
0.221
0.4846
0.2732
0.4593
0.2923
0.4756
0.0612
0.3733
0.9719
0.914
0.0177
0.2186
0.9374
0.964
0.4429
0.1366
0.7257
0.2217
0.4175
0.6404
0.69
0.6696
0.6001
0.7021
0.2171
0.4271
0.0277
0.7193
0.3098
0.9322
0.6133
0.9891
0.7472
0.6786
0.9221
0.8699
0.1715
0.2837
0.2326
0.8499
0.4492
0.3993
0.3665
0.0062
0.3848
0.712
0.2342
0.0314
0.4304
0.1284
0.8892
0.9076
0.1843
0.6154
0.8672
0.9061
0.457
0.6897
0.7957
0.3193
0.4526
0.3636
0.0819
0.208
0.1996
0.1167
0.1097
0.5605
0.8815
0.2533
0.6474
0.7851
0.2534
0.6233
0.3196
0.8032
0.8173
0.6601
0.2379
0.9515
0.6462
0.5209
0.3373
0.8771
0.1952
0.3076
0.6161
0.3487
0.2977
0.1963
0.3495
0.5682
0.2251
0.6326
0.9245
0.2126
0.948
0.6978
0.6035
0.5521
0.0278
0.1115
0.9534
0.5466
0.2183
0.4166
0.0403
0.0359
0.0251
0.5298
0.4107
0.1015
0.7389
0.478
0.7955
0.3904
0.5952
0.0542
0.3592
0.634
0.4101
0.5267
0.9109
0.877
0.4759
0.4311
0.9437
0.643
0.2723
0.5694
0.382
0.0402
0.6874
0.5467
0.7245
0.1024
0.2013
0.2345
0.051
0.7633
0.705
0.1265
0.7932
0.8883
0.8321
0.0435
0.2029
0.1884
0.0512
0.6029
0.5492
0.8364
0.5996
0.8785
0.6985
0.2373
0.9565
0.1531
0.0659
0.5117
0.8659
0.334
0.838
0.1835
0.0814
0.2314
0.1325
0.8202
0.3079
0.6053
0.5611
0.2021
0.1114
0.0147
0.9409
0.231
0.9709
0.4733
0.1776
0.779
0.6885
0.6437
0.0445
0.6197
0.7223
0.9252
0.1155
0.6028
0.7658
0.5759
0.2551
0.1564
0.2932
0.1426
0.9767
0.6812
0.3817
0.6559
0.4288
0.4132
0.9167
0.2129
0.5365
0.4231
0.2806
0.0384
0.819
0.8405
0.411
0.9379
0.2808
0.0922
0.972
0.6191
0.1448
0.5482
0.9465
0.9491
0.3831
0.5516
0.4511
0.3907
0.8282
0.0597
0.9865
0.0186
0.6031
0.5785
0.3679
0.8961
0.9335
0.5597
0.1769
0.7017
0.8181
0.7561
0.5716
0.9656
0.2856
0.8553
0.9306
0.375
0.6154
0.5645
0.5968
0.3573
0.392
0.7819
0.1433
0.1517
0.3019
0.8096
0.5308
0.0282
0.6654
0.1077
0.9394
0.7713
0.1169
0.5129
0.8888
0.0436
0.1326
0.2892
0.798
0.7632
0.2156
0.6083
0.9047
0.1991
0.8639
0.3396
0.5219
0.9217
0.8085
0.1964
0.121
0.2148
0.4679
0.2932
0.9122
0.8024
0.6279
0.6953
0.5406
0.2569
0.2309
0.1317
0.4302
0.9246
0.6791
0.427
0.8952
0.8629
0.9868
0.1471
0.2657
0.4645
0.1678
0.5413
0.4109
0.8169
0.8159
0.457
0.9234
0.4838
0.7738
0.4066
0.469
0.9876
0.6061
0.7697
0.5649
0.7232
0.7824
0.5887
0.0735
0.5047
0.0239
0.7919
0.9452
0.0434
0.9597
0.9907
0.7388
0.1549
0.4081
0.152
0.8388
0.5894
0.6812
0.5917
0.7879
0.8194
0.5621
0.0284
0.3736
0.8642
0.4713
0.7225
0.535
0.3664
0.6901
0.8406
0.6337
0.5153
0.2441
0.6553
0.7048
0.7822
0.15
0.2613
0.5364
0.8328
0.5863
0.0269
0.1369
0.9546
0.1015
0.3682
0.9131
0.0362
0.6905
0.7793
0.7749
0.2321
0.031
0.4638
0.4651
0.1111
0.0706
0.3809
0.5485
0.3061
0.8984
0.008
0.9712
0.5051
0.362
0.2697
0.9954
0.5642
0.7197
0.5858
0.1594
0.4818
0.7047
0.5985
0.6199
0.3597
0.0124
0.1263
0.4969
0.1801
0.3109
0.687
0.9675
0.9317
0.8544
0.5035
0.0237
0.7906
0.0768
0.7318
0.4943
0.7611
0.0092
0.6986
0.8501
0.7903
0.678
0.3398
0.4502
0.7355
0.1856
0.0562
0.4108
0.3399
0.7839
0.8188
0.7784
0.2884
0.739
0.4175
0.5687
0.901
0.1083
0.2547
0.309
0.8282
0.5015
0.8855
0.9279
0.083
0.8949
0.2076
0.2923
0.1102
0.6798
0.5261
0.7656
0.8155
0.0458
0.0
0.0
0.0
0.0
0.0
0.0
0.0
0.0
0.0
0.0
0.0
0.0
0.0
0.0
0.0
0.0
0.0
0.0
0.0
0.0
0.0
0.0
0.0
0.0
0.0
0.0
0.0
0.0
0.0
0.0
0.0
0.0
0.0
0.0
0.0
0.0
0.0
0.0
0.0
0.0
0.0
0.0
1.0
1.0
1.0
0.0
