113.29 224.59 94.51 2670.54 581.33 255.57
690.63 1023.69 1202.27 3593.55 2409.04 1973.96
155.52 300.54 151.81 3390.51 838.29 380.48
514.57 883.13 790.38 5051.98 1720.76 880.25
514.61 781.5 978.37 3756.22 1917.55 1297.42
132.35 300.08 111.92 4241.28 919.91 361.38
965.55 1361.56 1726.98 2774.97 3065.95 2731.33
915.7 1353.0 1996.88 3337.66 3334.19 2131.44
788.65 1175.24 1581.93 3359.99 2134.48 1395.78
417.49 688.05 778.93 4366.2 1673.22 860.43
843.58 1215.96 1675.07 2655.22 2423.75 1683.72
798.7 1185.46 1774.13 3407.76 2517.49 1413.72
397.81 667.49 748.96 4183.36 1776.89 1080.76
440.48 753.28 575.37 5109.62 1592.02 959.19
215.73 403.51 177.44 3372.54 740.78 306.79
667.08 1028.36 1299.91 4099.72 2304.41 1341.35
566.17 876.49 942.81 3769.36 2103.98 1627.28
292.31 494.36 545.86 3937.05 1287.24 684.05
635.23 952.3 1095.02 3703.56 2249.76 1749.4
950.37 1425.58 2129.69 3287.48 2879.35 1799.99
72.79 185.28 85.16 2597.41 663.78 265.62
607.82 913.47 1267.14 3987.59 2311.86 1286.02
100.58 150.02 97.56 1218.93 355.86 185.3
733.76 1087.13 1351.63 3667.05 2625.83 1952.41
146.82 253.99 160.66 2542.29 639.23 337.81
833.7 1158.78 1495.62 2151.21 2436.78 2116.06
305.02 513.14 595.42 4003.63 1547.43 748.82
442.78 614.1 880.45 1318.61 1448.5 959.45
467.67 714.05 803.35 3583.58 1885.79 1396.42
181.66 370.37 286.17 4725.56 1109.1 477.67
838.31 1224.27 1649.02 3562.78 2829.9 1930.65
606.18 978.94 952.45 4611.16 2004.31 1311.51
678.98 1033.95 1197.79 4021.38 2323.3 1732.37
92.34 195.24 75.69 3308.76 635.13 247.18
305.94 547.03 429.08 4644.15 1448.91 859.21
826.95 1190.36 1750.84 3371.48 2452.79 1435.05
372.41 649.36 755.11 3930.73 1717.37 884.55
877.43 1326.49 1943.48 3322.93 2650.88 1649.46
88.25 223.1 101.57 4156.34 984.67 381.08
149.91 286.19 229.76 4008.21 993.46 440.96
778.16 1146.0 1388.22 3608.0 2478.45 1931.91
815.77 1174.78 1426.43 3229.46 2689.79 2296.12
337.38 532.75 646.7 2464.57 1142.25 608.71
99.13 104.59 98.57 302.86 136.54 111.51
84.48 181.47 74.63 3704.4 749.26 304.43
846.59 1223.53 1494.35 3270.08 2788.51 2402.67
711.9 1084.31 1524.43 3744.06 2338.53 1287.15
937.9 1375.32 1978.61 2885.92 2797.15 1981.66
388.64 616.92 721.59 3871.91 1661.97 1076.93
471.95 649.93 764.97 1422.04 1284.57 1147.63
448.32 704.97 806.06 4122.73 1665.56 1058.44
104.91 238.79 157.42 4154.18 984.02 422.43
227.98 383.7 331.15 2697.23 1025.35 647.35
763.05 1126.35 1290.29 3860.01 2521.79 2123.7
115.53 296.71 141.47 4721.14 1132.03 444.9
84.55 157.26 84.44 2379.28 573.07 233.23
621.51 918.39 1081.42 3496.49 2265.84 1807.77
275.37 545.73 231.63 4751.36 1043.08 427.31
95.56 270.01 97.91 4730.95 1068.13 394.67
331.73 546.78 605.9 4422.26 1401.84 703.63
276.35 368.1 436.86 1038.01 740.16 615.58
393.11 621.04 770.82 3388.69 1453.27 763.07
217.23 407.44 178.44 3414.88 749.07 309.46
296.07 518.31 550.84 4332.49 1448.47 821.21
365.07 505.58 593.25 1541.8 1054.09 882.96
429.12 691.21 663.79 4149.2 1651.37 1183.79
445.31 707.28 928.07 3997.18 1789.74 905.11
149.98 292.79 210.49 3769.53 1049.95 515.29
933.89 1341.04 2031.15 3285.72 2800.17 1650.64
219.97 435.3 399.78 4604.22 1502.01 676.46
581.51 892.24 1233.08 3508.96 2354.92 1409.7
880.14 1289.19 1982.16 3199.1 2699.56 1539.42
471.59 732.77 767.76 3465.33 1742.64 1322.81
699.04 1066.3 1186.36 3774.92 2396.83 1958.34
204.77 333.44 301.43 2789.48 970.51 586.82
731.82 1077.78 1230.32 3673.35 2378.13 2001.64
105.21 147.12 97.4 1173.04 292.73 160.14
857.15 1243.46 1505.82 3311.34 2811.76 2429.02
827.03 1188.79 1434.31 3361.89 2661.96 2300.28
377.29 593.47 778.55 3307.25 1815.69 971.0
353.84 578.44 562.36 4222.06 1440.98 1020.09
355.05 694.37 350.9 5688.01 1348.01 604.09
535.3 793.6 914.11 2665.97 1812.25 1491.28
463.96 759.1 878.0 4374.99 1836.99 996.06
718.16 1096.2 1441.67 3511.28 2750.41 1967.84
752.28 1138.1 1261.8 3868.43 2488.74 2066.75
421.51 696.69 755.97 4485.85 1686.15 861.06
107.61 168.87 96.19 1668.54 381.73 187.91
168.74 262.58 231.08 2524.75 758.95 460.47
692.37 1056.96 1365.52 3833.03 2211.08 1323.73
448.12 723.11 748.14 4128.43 1799.14 1222.3
276.31 506.88 488.26 3713.87 1496.1 909.45
680.65 998.96 1449.91 2594.15 2425.73 1552.78
867.24 1238.56 1526.11 3097.72 2813.34 2439.6
261.24 462.54 389.85 4506.94 1325.43 793.14
283.61 564.45 247.31 4922.47 1087.61 432.61
500.65 798.97 777.48 4296.48 1647.27 1031.21
278.54 528.59 275.43 4869.42 1114.97 491.4
775.96 1155.93 1635.72 3577.46 2576.23 1619.43
673.17 1008.76 1420.63 3084.89 2392.38 1489.24
566.99 867.4 1172.59 4027.39 2179.79 1276.53
385.14 528.41 632.01 1376.27 1130.66 980.3
159.94 375.46 305.96 4201.98 1254.04 527.91
860.57 1231.62 1516.05 3222.81 2724.37 2409.03
369.72 633.7 689.44 4591.44 1614.0 824.11
679.36 1007.6 1166.45 3654.79 2385.27 1949.51
116.91 292.97 83.09 4198.59 855.23 335.73
99.85 101.5 99.86 141.89 109.59 102.91
211.45 397.2 182.41 3820.39 809.9 320.87
830.57 1207.22 1436.38 3476.16 2707.86 2312.87
212.28 348.17 317.87 2535.39 982.75 607.02
705.74 1021.41 1269.1 3041.87 2271.84 1781.58
911.2 1332.22 1812.48 3582.4 3346.13 2310.17
150.22 356.51 164.45 5139.27 1181.98 509.73
223.11 428.28 191.02 4209.49 884.15 343.97
1092.9 1556.59 1885.43 3226.84 3250.37 2957.77
554.27 873.18 840.38 4355.75 1896.73 1356.6
716.82 1057.21 1530.32 3642.36 2278.78 1302.43
377.44 596.14 617.59 4185.31 1631.88 1142.86
864.12 1247.22 1578.07 3422.91 2718.73 2256.8
149.98 331.36 155.69 4454.83 938.42 382.14
1024.42 1456.71 1917.61 2953.72 3214.07 2711.93
201.59 370.91 175.12 3491.31 747.11 301.34
145.86 182.16 198.16 636.96 313.57 203.36
313.45 565.13 610.72 3987.26 1563.88 833.59
951.57 1373.2 1806.13 3433.71 3282.09 2546.77
808.12 1187.9 1622.96 3396.48 2617.08 1712.29
305.79 509.41 590.82 4061.39 1317.3 661.94
287.72 496.51 339.26 3840.56 1070.36 568.81
256.08 437.83 298.41 2943.75 787.95 370.49
137.3 281.75 115.6 3533.54 816.14 335.32
313.85 512.74 504.46 4374.83 1521.73 996.4
944.37 1353.09 1626.87 3428.23 2915.99 2578.33
605.66 967.42 1259.39 4104.69 2133.49 1213.81
125.52 269.61 152.03 4834.07 1077.12 495.87
754.85 1131.0 1690.9 3785.68 3305.66 1890.74
149.95 413.73 133.72 5106.81 1123.9 439.12
805.78 1182.16 1367.32 3627.68 2579.06 2210.6
102.97 215.31 111.77 3026.29 731.43 300.31
327.96 542.06 604.8 3452.75 1403.78 779.72
309.64 514.26 582.54 3934.65 1296.78 652.19
733.41 1061.82 1344.69 2914.83 2410.49 1957.42
409.2 662.73 867.36 3496.44 1541.14 889.85
271.35 524.88 404.24 4607.93 1558.21 892.59
526.45 810.77 1083.8 3886.93 2111.04 1136.09
267.64 368.12 402.57 1255.21 782.15 629.0
583.31 863.17 1017.14 3394.22 2157.08 1704.72
829.7 1268.46 1897.33 3358.34 2764.02 1732.55
321.9 598.58 688.23 4064.81 1832.76 979.03
850.64 1228.61 1501.82 3262.42 2797.16 2413.18
190.87 385.99 224.98 4479.36 1080.04 532.31
105.77 152.2 97.11 1288.7 313.51 166.62
643.03 972.82 1362.49 3715.24 2136.35 1169.11
296.17 533.1 542.66 4262.64 1712.26 908.02
95.09 241.97 100.03 4419.43 1023.56 395.56
618.28 971.35 1310.56 3640.64 2514.09 1557.74
790.64 1176.55 1476.06 3574.22 2521.56 1874.75
224.48 294.54 389.5 655.65 587.05 400.34
280.11 639.35 223.22 5331.09 1335.24 629.1
113.89 266.13 138.53 4531.65 830.63 334.46
915.52 1302.79 1600.51 3064.61 2890.82 2522.66
296.9 555.64 318.85 4355.21 1065.38 455.71
590.04 943.08 1203.45 4015.59 2433.67 1526.24
350.24 593.4 593.21 4204.35 1645.24 1035.74
923.58 1312.51 1617.26 3038.56 2912.46 2548.21
106.13 255.37 120.28 4375.24 1041.97 422.42
79.36 202.75 61.41 4039.9 676.44 258.5
127.89 272.46 110.27 3669.52 806.71 325.3
162.33 382.15 312.48 4202.73 1349.03 606.26
742.7 1076.09 1250.96 3101.75 2308.71 1961.12
574.53 889.16 1068.3 3591.64 2142.52 1545.54
449.61 798.25 630.26 5254.96 1508.17 705.64
163.0 271.19 146.49 2329.56 530.14 229.04
626.0 952.4 1051.78 3776.49 2186.7 1759.15
688.17 1025.27 1403.57 3806.86 2206.38 1235.31
605.54 931.94 1217.03 4097.89 2110.53 1158.64
91.16 161.91 88.05 2245.67 541.23 228.83
739.25 1134.03 1372.04 4072.65 2056.04 1166.78
468.67 656.86 782.17 1798.24 1449.1 1234.66
1025.96 1440.49 1902.92 2783.68 3225.86 2728.84
99.67 103.19 99.7 189.21 120.42 106.2
315.79 574.6 502.99 4409.85 1642.14 984.46
446.96 717.67 758.19 4087.94 1599.92 1002.96
241.49 426.6 354.43 3684.25 1158.73 674.33
95.73 153.13 86.44 1889.96 398.51 182.1
535.63 853.72 1035.51 4009.44 1942.94 1085.13
377.5 718.25 408.03 5559.86 1420.26 678.79
124.34 236.03 152.87 3178.67 656.24 311.26
1160.74 1623.75 2036.16 2996.31 3414.35 3166.56
196.29 420.1 211.84 5058.12 1244.64 535.11
98.25 198.37 131.66 3191.95 747.59 326.85
827.59 1182.34 1459.82 3159.24 2708.76 2341.11
892.66 1286.93 1539.07 3367.34 2769.63 2392.46
259.5 488.89 358.31 4799.93 1400.64 816.44
103.3 256.98 121.39 4517.22 1051.42 395.79
869.22 1274.38 1438.73 3892.01 2669.52 2259.43
908.34 1303.11 1698.76 3226.91 3001.06 2426.33
522.83 836.32 845.77 4379.82 1838.71 1154.38
281.0 532.64 285.55 4988.75 1168.35 512.57
475.95 763.66 893.88 4346.63 1788.31 921.55
94.89 135.78 93.09 1340.28 355.05 174.47
253.81 534.26 379.79 4851.93 1327.23 587.63
220.29 426.86 315.31 4464.98 1209.68 581.53
199.3 423.03 209.13 5052.38 1257.76 569.36
814.04 1227.98 1687.72 3576.97 2643.09 1651.94
308.91 477.11 583.54 2408.06 1298.34 745.59
798.23 1191.04 1650.63 3329.95 2107.95 1287.2
102.8 125.36 98.6 677.45 203.72 132.36
352.12 649.25 451.0 5320.53 1433.13 655.89
124.51 143.81 145.44 377.3 226.86 187.58
892.0 1343.03 1997.91 3341.2 2748.1 1705.21
92.65 138.58 87.99 1806.57 407.4 196.79
304.42 627.68 358.87 4582.91 1327.61 621.96
616.91 911.34 1025.13 3331.12 2042.25 1694.44
85.78 199.54 80.78 3549.96 809.44 307.14
98.07 272.77 104.53 4712.76 1070.11 395.69
905.86 1313.71 1683.54 3516.67 2902.21 2298.79
1079.97 1516.5 1925.25 2828.61 3287.32 3008.5
756.53 1115.72 1304.2 3643.05 2573.07 2137.74
582.31 890.76 975.53 3733.66 2105.42 1653.65
156.87 362.13 163.29 5071.1 1152.92 530.47
355.46 633.35 621.63 4686.35 1592.92 801.49
323.17 578.79 560.99 3939.07 1642.23 1071.23
557.83 916.53 1082.0 4445.62 1975.15 1088.95
331.49 588.17 619.28 4307.69 1613.7 802.5
323.25 682.66 352.8 5114.24 1432.54 700.21
958.83 1354.99 1704.63 3011.71 2992.77 2678.71
905.92 1309.46 1963.67 3370.07 2753.7 1614.08
111.74 172.62 104.33 1603.13 397.6 194.87
292.8 507.79 518.57 4498.94 1273.95 608.61
102.07 145.93 92.98 1255.3 314.34 170.25
292.77 519.49 418.07 4022.25 1309.88 826.02
592.65 881.88 1223.2 3883.2 2003.9 1109.41
104.99 196.94 124.47 2734.97 708.95 317.83
97.55 139.36 96.92 1222.04 330.79 167.52
579.15 836.11 994.36 2458.55 1935.77 1617.9
113.18 287.18 130.64 4563.25 1081.16 433.27
168.04 351.78 283.95 3999.09 1189.81 498.39
340.47 514.88 518.72 2411.47 1136.98 870.29
134.2 191.19 125.29 1241.56 317.82 167.77
569.24 903.66 1143.02 4113.24 2252.26 1306.66
556.4 872.34 1063.49 3244.06 1908.11 1318.45
361.22 636.02 565.08 4448.68 1744.17 1127.38
563.7 865.76 1168.57 3806.25 1997.93 1198.87
194.31 465.82 103.7 4252.94 948.03 380.31
88.2 122.07 87.16 1277.87 311.25 161.45
1023.14 1474.45 1976.96 3202.2 2986.38 2250.1
95.23 146.3 95.65 1394.94 396.48 189.94
226.5 364.47 373.76 2530.46 994.92 515.58
1097.22 1534.35 1919.51 2856.19 3213.51 2981.28
304.46 556.56 466.8 4710.42 1436.84 690.12
126.1 244.93 150.48 3419.74 727.33 303.63
98.62 117.21 95.61 679.91 196.71 126.6
412.49 678.28 652.68 4392.64 1761.22 1229.86
731.39 1059.53 1229.11 3161.09 2311.06 1972.38
952.86 1373.45 2050.9 3372.63 3187.52 1881.16
397.18 624.36 612.51 3399.88 1505.22 1072.42
110.52 191.15 98.61 1661.81 405.49 195.79
903.14 1306.7 1856.68 3344.04 2376.14 1456.7
858.88 1287.74 1792.19 3450.9 2846.63 2041.24
292.93 485.09 451.39 3892.53 1309.28 851.36
132.95 318.62 190.72 4354.88 1182.51 476.29
76.08 144.74 73.98 2487.88 528.27 224.58
249.72 444.23 484.29 4370.64 1329.83 644.48
751.11 1104.36 1592.71 3731.88 2675.51 1533.23
95.79 167.66 94.71 2028.9 496.74 216.07
736.83 1125.44 1630.63 3608.2 2407.54 1449.01
458.38 675.82 700.63 2619.05 1389.2 1090.36
613.06 971.14 985.46 4599.79 2048.83 1422.91
74.73 147.27 72.51 2622.84 552.47 231.62
127.23 268.37 110.03 3584.95 789.97 319.96
95.48 172.58 94.33 2169.21 525.6 224.51
424.0 710.57 868.41 3998.66 1716.39 962.62
149.7 230.35 133.26 1505.48 375.2 188.81
811.99 1170.4 1486.22 3315.86 2631.17 2124.1
1194.47 1668.09 2097.51 2941.17 3490.68 3253.88
413.01 625.03 806.93 2499.93 1709.04 1044.41
166.69 433.82 157.17 5078.45 1161.12 497.13
285.11 543.65 286.73 5135.56 1191.25 517.38
125.27 272.95 104.63 3818.41 787.9 328.92
71.37 184.51 62.13 4305.49 866.57 327.2
96.74 116.23 93.9 722.44 191.07 125.04
106.37 131.02 102.66 686.05 222.23 140.17
740.82 1081.18 1592.28 2524.59 2505.76 1612.66
228.01 427.35 398.97 4352.32 1368.19 686.74
494.66 782.37 798.66 4161.06 1901.86 1389.54
1112.98 1557.93 1986.19 2766.17 3357.86 3094.18
161.32 345.7 182.26 4416.3 953.97 395.2
302.12 517.79 475.81 3931.41 1302.88 760.82
83.55 280.34 137.59 4270.65 1096.51 417.0
91.58 141.92 84.26 1707.45 335.19 164.67
350.95 476.19 639.84 1014.35 797.77 516.95
292.78 598.73 238.87 5397.52 1148.89 442.69
735.01 1104.42 1270.71 3978.69 2336.11 1695.27
575.31 868.44 965.95 3420.42 2031.38 1619.2
476.14 700.3 964.27 2901.76 1723.32 973.44
315.03 437.41 572.91 1225.1 892.33 571.76
354.13 571.51 644.69 3942.54 1600.49 1020.17
109.61 122.8 121.05 380.84 166.83 126.48
120.42 256.76 157.55 3877.45 999.81 444.26
125.78 268.14 178.0 4559.95 1049.93 447.16
243.05 487.8 206.63 5139.38 1074.03 393.0
248.21 461.56 355.15 4404.12 1176.63 592.75
1051.56 1481.13 1836.81 3203.54 3168.31 2884.72
93.42 181.84 79.11 2857.33 559.84 226.48
113.7 166.78 105.73 1361.55 363.12 186.46
880.1 1268.4 1539.04 3250.08 2796.69 2455.14
229.18 462.25 292.5 4988.22 1336.5 606.7
839.33 1262.01 1792.27 3338.55 2570.25 1691.06
73.56 149.46 71.23 2739.77 573.44 237.72
289.41 566.69 275.45 5463.86 1211.2 507.12
116.58 264.37 173.7 4177.24 1074.4 430.59
339.7 610.1 400.93 4963.36 1337.01 690.82
88.16 158.97 77.85 2361.32 430.85 190.97
189.45 329.95 292.11 3305.97 894.53 422.99
895.36 1323.04 1832.07 3350.08 3245.91 2345.98
85.51 210.79 104.13 4140.16 896.49 383.16
577.74 889.2 1227.38 3684.17 2260.02 1366.51
1026.38 1459.23 1799.78 3146.35 3134.54 2831.38
779.28 1153.86 1654.19 3634.12 2706.22 1669.32
1033.5 1455.33 1838.88 2905.67 3177.02 2883.9
77.31 142.45 75.31 2365.58 506.33 218.2
120.51 319.36 97.31 5207.2 1079.53 432.94
610.22 889.41 1140.91 3011.89 1998.29 1429.03
204.4 309.66 359.4 1555.72 726.46 417.49
647.02 954.96 1183.63 3633.45 2260.91 1701.95
343.91 558.79 710.53 3380.55 1367.42 746.29
167.08 354.79 166.62 4380.88 1047.45 430.77
768.69 1108.94 1373.27 3227.79 2524.71 2136.08
101.15 241.39 125.7 4183.77 1025.89 419.22
965.64 1364.72 1714.2 3031.96 3013.92 2706.07
134.78 345.2 220.95 4219.62 1233.07 588.63
86.69 166.26 75.12 2640.63 471.72 202.21
86.85 192.07 82.23 3291.27 756.24 291.61
237.98 471.08 284.31 4955.82 1346.6 676.17
326.96 599.76 617.8 4769.05 1582.06 815.25
540.59 866.65 1026.42 3700.82 1818.16 1051.12
519.06 791.79 1055.56 3893.27 1760.53 962.5
729.46 1066.29 1311.23 3545.33 2480.42 2006.98
258.15 367.89 358.84 1536.41 725.6 540.68
1075.76 1516.33 1933.01 2871.13 3253.82 2928.18
507.52 760.77 873.01 3748.97 1967.97 1509.58
241.75 362.8 406.98 2126.98 731.92 407.75
87.83 163.91 80.1 2927.26 609.27 260.35
715.25 1030.67 1512.37 2480.64 2215.01 1432.29
286.93 473.05 475.85 4137.09 1344.93 811.45
600.9 946.98 1114.82 4517.53 2145.08 1136.78
535.88 840.98 989.54 3952.69 2107.75 1423.63
308.24 558.38 465.32 4432.7 1418.59 841.03
430.63 704.3 821.32 4123.93 1801.64 998.4
309.89 545.66 539.15 4529.1 1413.89 688.87
459.28 817.62 680.83 5210.12 1718.9 858.09
569.53 886.68 1006.18 4241.83 2240.59 1577.69
685.49 1011.19 1145.87 3547.89 2233.84 1868.01
576.1 807.52 1084.66 1553.65 1642.03 1331.38
1032.93 1451.63 1833.9 2759.43 3042.1 2754.29
353.0 592.82 574.75 4150.64 1486.3 817.03
267.6 519.5 424.18 4106.13 1389.37 704.44
378.97 631.92 702.92 3482.06 1552.65 943.92
330.89 697.0 378.73 5160.55 1429.41 654.83
345.2 510.48 631.93 2565.4 1340.11 863.23
274.01 490.97 523.47 4311.56 1227.91 619.83
953.3 1359.68 1674.98 3169.72 2989.79 2651.84
384.13 726.68 476.95 5507.76 1432.31 612.54
243.25 433.56 444.5 4621.78 1433.94 718.74
116.52 288.49 83.48 4103.54 837.71 330.26
669.34 987.42 1353.29 3429.25 2231.0 1488.99
186.01 341.11 316.54 4223.76 1240.4 605.71
270.91 548.23 214.36 4932.95 1046.31 405.38
410.74 581.64 683.48 1852.74 1326.87 1093.28
249.94 400.85 392.85 3157.08 1111.55 742.78
187.27 380.44 231.98 4453.61 1061.06 492.6
210.34 424.54 292.05 4776.94 1252.67 613.37
225.9 420.59 329.28 4635.31 1225.81 666.16
313.74 491.61 501.52 3123.44 1309.38 887.84
889.23 1289.67 1906.84 3459.9 3029.61 1770.89
726.32 1088.02 1472.28 3914.51 2276.38 1265.49
364.43 646.78 524.75 4877.82 1458.4 685.58
1053.85 1494.2 2008.09 3115.16 3146.1 2535.56
97.05 120.63 96.02 815.19 247.07 142.94
673.82 1073.45 1057.58 4109.27 2292.27 1795.64
636.34 931.55 1115.19 3307.38 2281.5 1846.11
802.48 1218.45 1789.44 3456.06 2547.17 1557.27
124.92 220.44 164.4 2792.13 715.97 379.34
282.3 500.34 444.21 4210.91 1454.05 879.3
538.05 806.9 891.67 3298.05 1847.45 1480.6
801.09 1178.59 1548.38 3597.48 2991.92 2138.74
202.17 424.75 291.15 5000.97 1296.1 598.2
560.4 866.97 1116.01 3938.64 1902.57 1036.13
921.44 1319.94 1585.21 3375.26 2833.4 2513.97
953.63 1345.6 1693.39 2876.63 3020.69 2680.39
469.45 697.44 727.37 2718.72 1455.51 1138.63
75.35 207.4 78.09 4203.71 959.99 347.9
1104.71 1547.03 1970.82 2779.79 3338.15 3071.99
555.33 880.19 951.55 4321.38 1714.79 936.04
129.72 215.28 101.17 1408.73 367.24 188.34
93.88 198.27 92.32 2901.54 676.23 268.58
352.94 561.03 590.47 4073.89 1608.52 1096.29
237.24 468.79 204.93 4851.49 1025.71 384.16
533.99 761.89 881.59 2295.98 1637.24 1409.78
113.15 247.27 159.64 3821.79 940.22 365.72
227.14 406.96 345.92 4051.67 1305.63 740.05
429.12 703.07 681.95 4407.41 1745.42 1152.53
786.34 1152.09 1508.06 3102.42 2516.46 1956.83
140.9 313.24 135.73 4344.93 975.03 449.17
322.26 523.38 603.62 2952.57 1331.37 779.79
437.57 679.22 744.12 3715.55 1799.99 1308.06
721.46 1071.42 1240.69 3698.84 2499.31 2048.33
816.17 1235.02 1809.42 3400.55 2526.54 1555.74
155.39 419.58 137.08 5087.01 1135.26 467.37
789.25 1177.75 1657.61 3647.55 2719.03 1670.73
668.8 1001.87 1372.12 3659.09 2279.39 1333.36
131.48 185.55 123.23 1214.2 314.96 164.49
614.38 927.42 1041.36 3834.44 2233.33 1774.29
197.75 409.88 233.41 4829.65 1200.28 558.22
720.14 1057.93 1244.96 3542.02 2480.64 2059.48
240.67 452.83 451.82 3530.29 1210.5 570.9
600.05 902.3 1003.96 4007.59 2099.85 1676.94
1135.65 1587.87 1989.86 2939.94 3336.55 3094.04
433.25 701.29 747.86 4017.19 1681.7 1109.82
209.51 434.88 286.64 4644.29 1132.8 497.73
118.72 313.6 81.28 4636.8 935.97 360.93
94.63 267.78 104.58 4402.99 1111.19 426.91
916.99 1300.2 1622.44 2970.39 2932.75 2578.27
967.32 1375.65 1679.17 3353.95 2958.78 2650.45
97.83 134.82 97.28 1092.69 304.18 159.73
443.23 742.88 719.54 4670.09 1754.77 912.28
169.3 373.93 189.18 4859.4 1130.62 463.86
805.51 1176.83 1431.57 3220.81 2689.8 2306.82
462.22 675.96 774.7 2325.81 1588.41 1280.58
102.71 130.95 97.29 757.32 221.12 137.81
551.93 863.63 841.45 4191.22 1871.73 1354.06
599.91 939.88 1294.49 3764.17 1990.92 1175.12
910.25 1300.29 1597.64 3147.82 2855.82 2532.53
364.23 591.15 723.52 4202.85 1666.95 895.22
94.25 171.46 81.76 2507.53 501.5 210.43
647.54 1042.83 1167.54 4142.59 1934.91 1074.4
192.78 354.92 288.74 3904.09 1187.87 640.42
285.63 548.18 491.32 4565.93 1535.98 745.07
199.03 405.97 236.24 3665.04 994.95 526.34
252.32 480.53 344.34 4833.4 1386.29 797.82
93.63 133.44 89.59 1579.42 366.48 183.91
85.4 192.26 76.86 4038.52 815.56 329.22
498.93 746.51 949.52 2276.43 1597.96 1163.56
459.45 732.15 783.48 3903.02 1972.27 1404.83
571.34 829.63 977.53 2889.94 1863.92 1577.93
456.79 805.66 671.25 5107.61 1662.05 823.87
203.04 391.7 345.11 4357.19 1192.31 509.6
235.03 441.02 307.15 4388.15 1198.77 670.07
677.98 1024.85 1093.73 4005.46 2219.41 1740.43
822.31 1228.63 1689.04 3321.14 2030.31 1193.31
915.88 1348.04 1870.11 3377.04 2673.97 1693.33
219.54 296.99 374.34 923.82 615.46 403.2
490.63 850.43 712.02 5099.18 1805.34 1019.44
251.13 495.62 361.77 4931.19 1386.83 645.54
95.45 156.62 85.55 2007.53 418.12 187.5
638.67 1044.0 956.51 4402.79 2180.11 1656.41
298.87 516.77 441.09 3266.26 1222.54 792.99
93.32 183.01 78.81 2896.67 566.4 228.28
425.55 795.6 650.85 4873.76 1655.23 800.98
865.5 1226.34 1535.26 3067.29 2818.35 2459.63
604.91 925.43 946.14 3126.22 1906.42 1556.53
647.59 1021.44 1361.19 3936.69 2182.7 1267.97
313.11 580.51 683.11 3826.98 1587.61 820.28
664.95 1008.12 1483.59 3902.62 2985.71 1692.87
773.94 1145.66 1603.6 3396.67 2520.29 1504.43
452.21 711.78 723.06 3831.92 1697.83 1259.08
97.24 108.66 98.49 353.6 157.25 116.82
493.06 792.29 1018.82 3955.07 2147.25 1227.66
456.96 644.6 956.41 1512.31 1280.37 753.91
788.06 1175.61 1773.2 3799.34 3413.31 1969.78
437.23 749.97 642.37 5031.47 1582.64 839.22
72.65 201.4 72.45 4136.09 937.7 335.92
57.76 232.38 76.96 3976.45 975.09 357.08
97.35 118.58 96.41 743.85 232.4 138.66
197.96 423.29 225.23 5047.35 1215.13 496.65
543.63 784.18 889.76 2476.42 1700.08 1395.72
82.96 265.34 132.63 3965.05 1038.02 403.77
981.76 1400.79 1711.63 3215.72 3013.24 2677.77
862.76 1250.01 1658.77 3173.91 3085.32 2374.4
930.84 1333.92 1759.99 2988.7 2835.21 2234.76
1091.48 1534.28 1941.01 3012.53 3227.7 2910.87
587.55 891.67 1156.25 3714.37 1822.01 1147.77
258.81 475.48 432.34 4070.75 1472.16 816.1
730.35 1029.4 1384.51 2336.82 2051.61 1594.59
118.98 316.6 81.02 4700.46 947.7 364.59
112.53 239.57 122.99 3772.44 767.05 306.47
718.26 1019.44 1248.26 2632.03 2243.81 1974.46
128.07 254.89 135.0 3228.31 738.51 326.43
1088.76 1531.18 1931.37 2874.03 3290.33 3010.4
889.03 1291.78 1797.42 3299.52 2354.42 1431.1
110.02 305.03 70.52 5229.11 1053.96 413.93
528.48 761.49 1035.34 2012.56 1502.89 954.05
206.66 377.91 322.0 4000.81 1239.15 662.47
791.66 1233.81 1656.04 3959.13 2468.02 1465.17
165.6 357.01 193.5 4561.1 1046.39 451.29
696.29 1062.54 1368.34 4207.88 2427.36 1338.33
965.23 1368.25 1832.71 2958.91 3009.37 2423.26
1065.9 1506.46 1864.42 3150.92 3223.72 2926.5
212.46 432.42 273.74 4959.2 1296.39 672.65
427.0 722.46 878.78 4203.53 1828.11 915.45
102.16 250.43 103.41 4550.68 818.66 346.83
95.26 247.49 105.26 4566.7 1052.42 394.0
789.52 1183.0 1410.34 3728.55 2559.88 2023.08
396.94 638.18 789.87 3946.93 1649.64 885.26
229.54 306.84 393.37 855.61 712.01 473.04
474.86 804.04 787.81 4904.93 1847.33 969.01
205.5 405.07 248.81 4474.78 1119.7 584.78
947.49 1359.92 1627.0 3480.19 2936.66 2585.29
126.97 145.7 149.56 380.21 222.95 190.7
617.1 933.69 1043.7 3306.74 2138.45 1727.38
241.24 420.54 366.96 4591.93 1344.23 800.32
135.06 316.8 112.92 4587.23 988.4 383.22
396.8 596.01 658.16 2665.94 1346.18 968.67
530.2 829.9 895.0 4002.56 2095.64 1558.26
87.62 220.18 88.71 3460.9 869.49 333.43
325.54 585.77 692.07 3988.77 1601.43 765.13
214.15 422.56 328.54 3438.37 1012.54 488.84
415.39 676.01 789.29 4152.7 1593.21 821.55
969.81 1475.19 2233.54 3414.49 3144.27 2002.52
730.77 1112.22 1221.22 3912.89 2439.97 2009.09
344.52 636.21 441.98 5322.81 1349.21 569.24
387.84 633.78 588.41 3993.69 1610.63 1079.02
321.19 549.55 653.96 3930.7 1484.04 747.59
98.14 129.82 97.67 950.15 274.86 151.16
102.14 284.3 91.01 4222.81 1042.75 414.31
502.74 720.51 982.82 1738.02 1459.58 1061.25
274.75 503.37 379.15 4585.77 1386.27 787.02
549.47 892.05 1137.35 3973.23 1923.9 1096.6
129.9 245.71 112.51 2852.76 674.15 288.66
463.12 741.42 685.95 3614.07 1518.74 1005.48
346.06 560.19 727.92 3737.29 1784.69 943.01
244.12 422.12 403.33 4314.91 1365.54 786.43
909.61 1344.1 1977.92 3273.9 3293.11 2108.19
549.59 855.59 953.4 4017.71 2079.98 1485.41
703.56 1063.67 1418.87 3490.22 2074.57 1200.5
941.55 1432.54 2170.59 3433.29 3068.13 1950.07
93.54 145.2 91.27 1666.58 422.15 194.06
433.16 784.02 562.09 5351.48 1566.27 781.05
125.56 241.08 165.48 3215.34 873.38 412.47
104.93 144.58 97.54 1115.22 282.34 156.9
236.96 324.92 419.35 1088.99 645.24 385.68
96.17 251.13 82.19 4840.59 910.33 329.76
317.02 532.33 553.39 4215.04 1523.26 871.96
852.58 1213.16 1512.07 3029.22 2797.65 2423.2
226.41 420.11 296.95 3764.77 1093.41 630.99
282.29 474.09 443.22 4506.02 1439.0 908.34
702.83 1060.98 1441.47 3647.47 2380.82 1389.6
712.04 1072.92 1273.7 3769.31 2362.74 1768.19
116.97 254.19 136.43 4705.68 1032.87 464.83
147.11 396.24 129.88 4826.13 1061.62 416.66
57.78 182.07 54.81 4411.04 875.85 327.6
586.65 905.84 1146.3 3816.21 2036.39 1184.65
72.25 186.97 84.86 2646.78 674.92 268.9
247.33 496.65 211.97 5219.43 1095.49 404.39
106.6 246.39 77.61 3782.21 783.17 323.9
882.84 1296.46 1833.45 3364.04 2763.85 1685.68
382.98 568.59 757.29 2238.23 1249.48 790.83
628.08 962.11 1263.86 3816.86 2495.23 1503.37
279.99 481.52 550.16 4134.95 1436.93 739.79
91.11 144.26 83.38 1797.11 348.3 168.28
844.99 1212.0 1485.31 3196.84 2772.59 2396.15
477.98 696.18 810.24 2876.57 1672.48 1346.93
159.62 310.13 170.71 3464.56 877.16 383.89
181.77 380.25 236.28 4534.15 1055.55 458.27
785.22 1180.01 1312.19 3541.91 2595.27 2153.91
268.46 460.26 509.5 3995.26 1352.61 628.0
432.21 743.51 681.43 4444.9 1476.38 702.94
121.76 294.97 89.76 4532.81 896.79 348.9
291.66 484.03 462.99 4427.43 1469.57 937.54
384.8 652.21 692.85 4271.62 1405.46 693.14
281.43 515.93 465.12 4352.42 1586.56 901.19
415.42 697.96 809.53 4526.73 2057.09 1064.22
287.35 481.48 445.07 4561.21 1440.74 911.46
191.93 350.06 279.32 3474.28 977.54 465.61
320.25 493.67 578.0 2651.24 1090.11 636.68
751.75 1112.56 1592.87 3435.42 2897.86 1809.75
681.99 1029.76 1101.93 3994.12 2229.86 1752.86
795.92 1209.32 1774.15 3464.48 2532.44 1546.43
965.19 1359.75 1722.53 2812.82 3068.21 2727.24
237.12 452.62 388.17 4491.44 1331.12 641.6
717.42 1105.05 1451.38 3975.68 2547.05 1532.53
112.61 183.0 131.92 1818.85 483.03 224.22
73.37 178.59 64.79 4010.92 812.87 311.29
566.09 872.2 1156.73 3975.83 2321.63 1383.04
743.94 1072.03 1570.35 2496.18 2385.75 1524.39
280.2 463.76 428.05 3754.0 1168.64 792.88
332.85 543.11 528.45 3584.54 1429.88 961.16
93.31 183.18 78.77 2902.39 567.36 228.54
794.66 1189.82 1663.82 3350.74 2050.37 1194.3
418.55 707.66 806.51 4519.31 1927.56 1071.11
837.36 1197.82 1469.61 3088.74 2716.27 2354.38
105.68 149.22 99.25 943.42 264.97 151.73
670.86 985.05 1152.48 3541.76 2309.4 1895.13
362.53 578.74 592.24 4338.13 1624.2 1119.44
330.36 665.66 309.71 5749.46 1271.5 501.69
296.25 529.28 496.78 4474.89 1379.14 645.82
242.88 371.92 390.8 1481.92 686.46 405.54
118.18 264.44 90.91 3844.94 772.63 309.89
168.07 281.44 225.44 2476.36 732.06 377.52
367.63 623.22 640.33 4235.22 1455.84 767.77
289.15 578.67 412.11 4768.66 1418.54 773.84
183.5 403.3 303.87 4109.68 1316.23 701.17
914.56 1323.05 1833.88 3178.82 2444.22 1560.07
152.88 321.61 201.25 4075.48 1074.69 506.02
105.16 244.06 125.15 4877.67 1029.95 420.22
731.08 1051.59 1526.65 3022.36 2167.4 1268.03
92.13 114.71 91.44 885.42 240.87 140.98
529.49 816.8 1087.52 4096.85 2086.81 1207.15
421.14 660.04 701.78 3930.46 1645.83 1227.23
97.05 120.63 96.02 814.93 247.02 142.93
96.86 267.62 103.22 4612.75 1048.04 385.76
364.96 632.94 600.49 4356.43 1543.22 891.97
323.83 545.0 570.22 3698.16 1277.89 643.23
444.77 657.05 785.27 2834.55 1526.95 1075.41
601.39 928.35 1296.22 3180.99 1967.58 1167.47
299.25 547.78 509.16 3966.33 1563.15 992.66
380.08 589.76 604.71 2832.51 1424.04 1057.11
104.97 144.93 97.52 1123.2 283.78 157.35
166.77 338.63 236.93 4418.68 1218.85 590.22
373.08 582.2 690.57 3024.65 1580.51 923.89
528.7 812.28 1082.91 4046.95 2257.28 1336.36
150.53 325.62 148.81 3912.44 894.59 415.32
102.44 309.94 89.76 4796.3 1173.89 458.03
881.7 1303.74 1846.55 3220.35 2147.82 1280.16
717.58 1067.3 1492.73 3049.3 1837.77 1072.74
107.62 268.98 74.16 4350.31 888.57 358.44
342.09 548.83 563.13 4159.63 1564.7 1064.81
60.36 224.23 78.38 3737.76 921.2 341.25
269.44 455.16 524.13 3900.48 1367.61 675.67
270.24 525.33 268.17 5136.67 1153.68 463.9
1189.92 1662.46 2088.89 2951.11 3482.02 3241.79
224.49 500.07 306.16 4921.11 1271.86 556.3
858.64 1281.32 1865.47 3436.41 3194.85 2016.57
346.37 566.36 637.22 4392.75 1426.87 722.75
101.86 259.98 92.19 3678.84 918.36 372.84
523.67 826.97 930.71 3992.29 2104.42 1440.75
612.96 929.14 1039.06 3906.75 2212.22 1741.33
323.53 588.72 370.2 4977.72 1300.91 645.95
116.52 288.47 83.48 4102.92 837.6 330.22
614.45 958.01 1120.43 4352.95 1821.76 991.85
99.67 104.11 98.95 238.49 123.1 106.35
435.43 633.57 719.03 2806.08 1480.49 1172.84
467.34 697.16 750.0 2751.46 1531.62 1236.11
219.61 372.5 386.71 3397.96 1004.73 488.75
699.11 1038.4 1471.61 3528.83 2458.59 1504.43
318.58 539.26 639.69 3343.06 1385.48 693.33
1105.84 1548.55 1972.55 2782.82 3338.71 3073.98
307.19 528.71 618.83 3909.28 1313.22 706.99
127.97 305.63 100.8 4595.86 925.2 369.72
484.78 785.45 1049.87 3781.19 1921.75 999.73
301.61 497.79 479.04 4413.23 1473.54 955.57
321.74 614.47 545.39 4554.02 1526.19 763.24
84.56 176.87 71.13 3047.38 531.23 218.58
129.61 335.07 99.88 4804.86 995.06 399.48
351.76 547.59 723.79 3311.59 1694.77 912.22
962.04 1371.74 1690.64 3268.84 2980.55 2606.35
898.58 1315.01 1903.32 3466.19 3548.41 2284.17
137.39 331.2 113.77 4885.3 1047.42 402.03
807.81 1162.6 1402.64 3441.33 2601.18 2258.44
138.15 190.63 172.75 1144.17 426.12 276.94
643.84 974.41 1068.09 4056.15 2244.08 1808.61
185.56 353.61 286.78 4203.44 1100.32 509.93
86.81 169.24 78.44 3163.04 651.74 273.73
729.56 1082.89 1543.2 3461.42 2834.51 1761.81
318.15 525.35 504.49 3945.41 1484.63 961.7
1068.82 1505.96 1900.26 2877.62 3254.04 2971.96
840.9 1185.51 1452.6 2872.59 2557.18 2292.58
332.59 566.05 582.92 4257.82 1375.36 676.98
479.79 765.78 927.14 4064.88 2121.04 1242.72
294.52 592.71 484.3 4781.96 1547.83 762.45
491.45 750.89 834.16 3675.78 1909.83 1438.8
120.38 337.23 129.43 4876.81 1227.47 489.5
73.47 149.62 71.13 2748.74 575.05 238.19
249.51 477.15 338.91 4843.27 1380.1 790.35
102.3 298.19 90.33 4533.43 1113.78 437.99
67.16 202.92 82.09 3113.73 780.33 299.86
90.05 129.36 86.85 1560.97 366.3 178.93
140.08 246.35 149.52 2339.97 600.89 317.55
88.13 122.2 87.09 1284.82 312.5 161.81
590.02 844.21 1019.57 2461.17 1949.43 1639.62
753.76 1105.11 1597.6 3179.85 2832.38 1796.17
390.5 666.05 748.75 4315.57 1716.21 858.59
387.93 689.63 502.77 5210.69 1416.97 696.9
342.22 572.09 519.39 3332.0 1109.44 539.5
83.44 208.87 85.64 4576.69 954.73 380.89
577.15 872.83 905.41 3255.24 1846.4 1441.77
108.18 170.85 98.92 1313.97 337.45 174.46
156.05 186.23 202.23 424.13 302.14 271.19
71.71 152.92 69.22 2924.77 606.62 247.37
235.1 408.84 416.96 3751.54 1067.04 550.11
143.65 290.67 207.3 4533.3 1077.01 485.54
360.23 691.96 489.13 4516.51 1358.88 649.68
137.48 203.1 169.69 1444.41 460.44 252.39
233.04 448.91 189.02 3862.08 836.63 337.72
690.27 1049.27 1161.81 4186.76 2356.16 1708.18
224.89 488.63 274.82 4644.15 1247.88 646.78
70.69 186.52 61.23 4405.82 884.85 332.62
96.84 122.1 95.73 866.02 257.52 145.99
1162.38 1633.3 2025.59 3079.7 3405.24 3144.11
987.81 1409.03 1710.17 3388.66 3027.04 2712.09
392.33 762.15 463.72 4964.26 1610.72 965.14
126.4 274.29 192.98 4102.72 1097.9 454.21
185.43 405.3 182.74 5076.88 1227.26 532.06
89.6 229.29 67.0 4456.05 826.46 299.81
454.79 711.7 776.5 4053.21 1639.73 1170.29
168.49 398.04 241.0 4782.03 1377.26 604.99
98.25 267.24 115.95 4260.38 1085.73 412.32
442.41 643.34 708.4 2378.3 1406.67 1143.52
72.33 181.68 63.4 4164.75 840.91 319.6
407.28 785.01 604.25 4928.23 1765.68 904.69
457.47 714.85 781.62 4051.57 1699.54 1244.23
321.1 577.77 543.8 4424.33 1560.95 838.19
231.23 431.37 419.82 4363.53 1438.41 685.71
369.16 625.63 581.8 4244.65 1533.9 751.01
577.19 874.39 996.38 3202.84 2050.21 1652.73
155.9 309.9 277.77 2853.92 961.55 456.9
134.51 392.2 97.71 5086.13 1077.99 407.57
357.09 558.14 589.55 3781.24 1529.11 1078.7
418.85 656.13 651.17 3546.07 1551.73 1126.64
448.09 713.49 740.02 3571.19 1800.13 1319.95
329.22 597.72 383.33 4994.25 1307.13 647.12
402.17 709.73 647.96 4418.18 1710.16 1087.25
115.08 193.26 105.56 2030.31 482.17 221.84
89.3 273.25 98.97 4704.12 1173.06 433.46
105.36 316.48 95.02 4857.22 1195.37 470.64
780.41 1121.09 1377.57 3175.16 2631.54 2230.98
234.04 463.8 359.86 4951.46 1447.53 709.39
89.47 173.74 85.76 2656.01 625.61 253.47
548.54 792.51 905.66 2595.43 1729.59 1466.3
101.38 108.52 100.51 276.34 134.91 111.13
375.46 644.69 463.23 4037.08 1275.78 767.11
636.23 1017.48 1043.89 4498.93 1951.54 1275.32
176.11 302.95 156.27 2640.58 584.78 250.83
308.66 527.62 451.89 3709.45 1299.66 856.74
445.6 675.67 792.68 2806.23 1316.68 721.6
84.95 155.79 84.84 2320.58 560.89 229.8
112.0 134.98 131.44 649.39 249.86 156.35
549.65 865.12 1133.04 3964.22 2538.72 1495.73
76.38 217.62 55.83 4609.88 759.84 281.44
107.49 185.46 92.51 1915.07 434.45 204.39
853.16 1276.77 1813.87 3568.12 3103.44 1949.46
171.88 355.03 258.15 4760.4 1148.04 503.11
118.05 256.37 97.61 2779.24 624.06 264.33
1032.98 1446.06 1842.49 2703.91 3205.84 2892.3
151.4 306.56 154.53 3780.12 854.11 401.62
969.01 1383.88 1776.8 3223.0 2809.25 2359.24
97.27 133.99 91.32 1245.15 290.98 152.53
80.53 202.2 68.18 4621.3 914.41 356.43
102.21 289.89 90.73 4347.89 1071.35 423.84
304.67 510.35 597.4 4137.73 1568.72 832.63
489.05 768.89 838.44 3839.21 2036.41 1482.23
633.29 949.65 1048.54 3533.59 2106.33 1730.2
80.84 200.61 68.67 4551.12 901.77 352.45
298.79 550.53 476.06 4504.06 1421.93 761.25
524.36 832.53 962.72 3647.71 1986.27 1425.02
86.61 170.28 78.12 3209.21 660.06 276.35
220.42 512.24 149.38 4474.88 1049.5 446.5
270.1 372.49 457.66 1096.34 819.98 596.48
141.65 294.08 231.13 4294.64 1024.0 437.6
92.02 177.45 92.72 2266.07 595.93 250.44
105.22 114.2 103.86 284.89 135.67 110.7
553.72 841.38 1038.64 3587.14 2006.66 1348.22
574.57 881.7 1177.62 3737.41 1690.46 931.31
726.95 1052.89 1277.93 3283.27 2508.5 2088.59
100.3 125.95 98.73 680.47 232.73 144.25
764.45 1107.73 1614.54 3398.85 2350.13 1351.33
820.55 1197.1 1756.18 3524.39 2845.81 1651.49
102.51 155.55 91.5 1497.33 359.25 184.96
843.74 1290.87 1788.33 3632.62 2557.08 1590.77
122.41 306.25 189.7 3755.5 1077.43 506.49
525.17 828.36 1084.19 4031.73 2189.15 1163.1
106.63 140.98 102.44 948.16 267.92 153.53
514.59 813.31 854.21 3990.86 1790.29 1137.15
922.82 1328.42 2004.59 3328.38 2780.04 1634.49
290.74 485.97 545.53 4060.71 1379.74 743.52
1163.25 1635.98 2029.3 3044.71 3416.13 3159.33
98.95 103.1 98.61 254.38 128.14 108.34
87.34 137.36 83.26 1959.37 438.92 200.45
305.5 538.56 562.43 4363.94 1412.75 670.04
75.25 173.06 67.26 3736.04 762.77 296.43
865.05 1273.73 1474.53 3635.41 2744.41 2369.03
102.43 106.6 101.79 185.96 116.58 104.98
747.23 1109.74 1569.09 3770.98 2406.86 1361.47
314.46 575.24 514.08 4788.73 1612.35 799.05
925.3 1332.51 1919.4 3227.76 2422.49 1497.6
790.3 1188.53 1595.67 4000.62 2696.24 1525.62
603.97 971.3 1047.66 4604.59 1803.58 961.26
82.06 226.62 75.81 4483.02 1001.63 363.5
279.17 523.84 420.99 4521.97 1339.9 723.74
286.55 523.38 404.78 4330.04 1362.82 829.84
98.64 250.53 106.69 4527.98 1055.23 412.6
561.93 801.34 1143.8 2120.82 1673.6 1057.21
105.92 246.48 129.12 4884.33 1052.07 435.41
390.2 679.75 593.32 4801.49 1537.9 747.86
245.86 494.67 209.55 5218.45 1091.31 399.33
571.51 845.78 980.21 3706.66 2069.37 1655.95
69.16 191.02 59.22 4629.45 925.62 344.7
618.7 914.64 1113.46 3471.83 2126.29 1670.52
699.39 1038.28 1391.98 3681.55 2030.28 1183.56
421.2 676.56 843.2 4051.08 1637.46 931.08
263.53 514.21 399.36 4615.8 1529.46 841.39
564.09 845.3 946.22 3729.98 1925.34 1569.0
450.07 739.42 927.57 4297.8 2052.48 1183.04
986.26 1452.02 2105.07 3106.6 2992.87 2085.28
359.03 726.4 457.91 5054.13 1520.66 713.4
101.85 259.24 92.23 3662.17 914.55 371.57
294.19 503.17 536.2 4271.54 1189.17 594.9
194.16 323.1 263.2 3025.47 855.57 511.71
299.58 454.94 567.27 2445.1 1316.79 763.33
321.54 579.83 581.82 4140.92 1416.27 696.59
1035.16 1462.38 1807.7 3179.74 3138.68 2840.74
95.17 160.06 84.67 2123.4 437.44 192.81
86.37 195.39 81.59 3406.18 779.87 298.51
679.15 975.27 1384.87 2869.1 2104.34 1361.1
627.32 907.95 1284.62 2100.09 1468.55 895.32
304.63 597.37 424.92 4731.96 1482.55 877.22
286.37 509.7 454.21 4331.75 1509.13 906.7
235.92 574.13 144.05 5185.31 1194.1 501.91
392.65 576.82 668.91 2450.94 1272.58 969.16
527.57 795.84 880.45 3419.79 1912.21 1503.74
156.79 338.94 156.52 4405.25 1018.36 438.67
110.82 141.96 100.42 576.31 197.26 132.15
735.63 1153.86 1670.71 3743.51 2623.33 1587.78
113.23 219.65 93.39 2824.79 589.4 252.71
870.83 1263.88 1719.17 3365.74 2391.74 1565.83
705.81 1051.91 1500.18 3446.12 2413.59 1484.3
548.51 876.85 1091.96 4165.78 2197.39 1263.63
814.8 1208.15 1833.29 3280.58 2572.42 1449.38
237.47 358.99 418.56 1963.32 854.8 483.35
774.96 1179.15 1714.07 3382.96 2442.86 1487.07
624.67 962.57 1205.07 4192.64 2025.83 1082.08
814.95 1226.45 1734.71 4047.53 3346.32 1965.0
336.82 703.65 355.98 5174.04 1487.01 779.3
372.95 637.83 601.69 4504.2 1598.08 963.84
151.73 235.68 134.62 1562.9 386.44 192.44
137.21 229.14 137.66 2168.02 573.27 284.49
104.36 196.68 85.21 2531.74 551.16 247.86
81.91 226.66 75.55 4490.17 1002.78 363.6
100.51 111.38 98.26 386.26 153.11 117.41
257.85 411.7 341.08 2609.34 842.76 486.02
850.88 1251.72 1711.85 3333.49 2817.26 2128.57
100.16 300.58 175.24 4222.06 1166.48 471.97
129.99 285.46 111.05 3938.55 859.98 342.28
643.41 975.69 1329.93 3612.67 1794.0 1011.01
752.17 1089.87 1302.65 3513.3 2473.19 2115.2
73.71 171.89 76.46 3429.37 715.23 292.58
373.93 603.9 599.62 4155.28 1558.35 1084.77
779.99 1144.9 1610.22 3457.91 2208.43 1315.3
473.73 785.95 662.86 4816.16 1709.65 1097.59
398.86 704.03 611.48 4418.51 1713.0 1143.78
100.37 132.15 98.43 819.19 264.45 154.83
499.85 880.04 798.52 4607.33 1679.31 862.17
90.55 251.72 88.14 4425.54 989.69 360.28
155.07 216.28 225.87 1279.54 469.55 258.11
101.0 259.35 92.25 4895.63 936.54 343.57
166.64 358.49 102.62 3034.52 699.23 298.07
170.26 438.11 163.91 5071.07 1169.22 506.7
476.36 777.29 892.43 4429.66 2189.97 1241.0
623.59 940.34 1027.43 3834.3 2142.53 1706.09
114.33 275.28 127.47 4760.12 949.54 364.62
575.91 842.11 1113.84 2970.85 1936.85 1311.13
346.45 568.6 522.91 3758.64 1423.34 951.14
95.9 121.52 93.3 1051.93 271.47 153.99
235.07 392.63 342.18 3441.43 1051.71 656.16
264.8 447.69 420.44 4299.41 1385.06 861.36
333.46 542.49 550.19 4054.92 1509.96 1037.26
297.34 579.3 287.11 5516.17 1232.27 525.06
105.48 149.55 97.26 1228.41 302.68 163.24
318.92 502.2 482.4 2996.89 1232.96 850.32
97.41 176.69 112.77 2789.14 643.06 283.05
681.95 1009.6 1207.89 3371.77 2266.11 1833.12
267.46 388.04 473.81 1639.44 850.61 493.71
128.64 307.91 119.52 4610.55 976.0 400.71
331.32 577.49 485.11 4528.78 1517.69 939.57
171.66 328.42 204.72 3461.46 900.46 401.12
459.48 813.32 634.13 5239.98 1671.45 885.79
82.59 221.86 76.47 4323.72 968.55 353.6
104.04 146.07 95.96 1078.51 280.31 156.28
397.99 680.52 870.15 3860.94 1742.52 864.33
258.46 502.12 415.06 4546.08 1354.02 660.44
358.19 587.5 694.26 4359.71 1691.96 949.57
1102.71 1544.45 1967.11 2783.33 3333.61 3066.69
866.99 1241.02 1842.57 3303.46 2554.91 1501.45
749.41 1106.99 1543.92 3509.79 2403.31 1513.24
118.0 305.36 82.0 4461.79 903.73 350.86
95.69 231.35 100.87 4895.64 998.78 400.42
989.92 1401.32 1715.83 3029.97 2962.68 2691.22
917.37 1319.79 1992.03 3328.84 2752.76 1621.64
610.69 941.29 1210.84 3855.09 1983.6 1158.16
455.2 696.15 785.95 2785.86 1686.47 1317.83
473.44 710.79 976.83 2323.91 1777.8 1132.13
136.51 325.8 113.45 4773.49 1025.28 394.98
528.51 772.83 1003.21 2277.77 1494.11 929.82
119.72 270.79 97.39 3026.39 672.4 279.49
105.16 144.7 99.32 865.84 249.8 146.97
348.82 562.47 580.88 4018.25 1539.75 1065.85
159.44 333.16 252.44 4503.98 959.69 424.63
792.65 1176.16 1661.92 3503.61 2805.97 1850.35
848.77 1234.45 1708.33 3458.0 2564.98 1676.28
67.59 201.58 82.32 3074.6 771.5 297.27
112.62 323.67 213.88 4279.08 1191.52 485.58
350.52 613.13 449.01 4673.7 1356.0 708.45
74.48 203.91 84.77 4389.93 914.16 370.51
609.39 922.9 1282.89 3565.59 2192.09 1310.46
95.02 115.61 97.28 557.0 203.16 130.31
88.87 177.94 84.95 2801.35 655.5 262.2
213.72 278.98 368.64 786.07 516.24 320.94
485.84 788.38 881.43 3815.63 1948.99 1345.48
167.25 281.58 281.69 2831.23 914.49 472.49
483.22 667.08 801.32 1476.07 1402.28 1232.44
616.38 975.69 1146.68 4258.95 1719.68 913.16
749.75 1108.06 1336.01 3638.36 2546.39 2025.5
112.15 209.89 93.93 2602.61 549.5 240.26
601.47 932.23 1261.02 3948.47 2407.93 1441.36
510.68 710.33 868.04 1653.52 1567.1 1366.01
278.4 556.35 250.05 5568.95 1184.24 465.22
716.69 1077.83 1568.7 2814.89 2170.33 1344.21
100.71 106.39 99.65 245.61 126.15 108.16
449.06 648.5 760.83 2449.77 1517.19 1245.79
515.1 784.38 1114.37 3502.73 1831.82 979.44
318.38 462.88 602.91 2086.17 1003.96 562.61
381.85 655.12 702.41 4462.02 1773.93 946.08
108.06 278.74 72.66 4595.75 934.1 373.36
785.31 1117.66 1653.15 2811.41 2261.09 1340.66
284.34 538.43 472.55 4489.52 1342.07 676.8
960.68 1371.37 1671.72 3333.11 2977.71 2645.49
79.46 209.52 66.48 4929.96 970.7 374.64
235.39 428.01 461.86 4420.81 1339.4 652.59
820.41 1247.64 1772.22 3428.81 2472.27 1515.13
347.99 559.03 694.77 3623.4 1519.16 838.79
595.14 936.48 908.12 4506.12 2008.75 1463.7
172.29 353.92 122.15 2834.39 686.13 313.82
98.51 104.68 99.19 236.95 130.92 109.08
207.35 354.66 280.84 3046.35 898.3 512.51
192.51 308.45 280.9 2557.37 884.69 536.47
527.98 806.71 886.21 3928.95 2013.51 1526.48
264.23 488.25 464.24 3772.2 1339.71 693.78
533.85 869.9 867.44 4175.75 2013.9 1505.53
392.6 530.31 634.54 1181.06 1076.15 965.9
817.99 1240.28 1810.41 3397.88 2501.49 1546.69
114.82 269.05 85.18 3690.46 761.6 306.5
528.53 891.41 721.42 5011.74 1819.13 1192.91
292.2 487.64 483.89 4045.22 1426.82 942.13
111.75 201.73 98.45 1843.1 440.95 206.91
221.19 548.83 120.25 5076.37 1138.46 459.37
242.83 488.09 205.4 5154.59 1075.16 392.55
91.5 226.16 115.35 4367.92 953.32 414.32
877.66 1277.62 1865.16 3557.41 2650.97 1537.77
701.67 1052.08 1120.77 3954.97 2221.8 1772.13
83.6 160.78 83.49 2519.16 602.1 241.41
847.28 1201.83 1503.69 3048.16 2772.16 2411.09
162.63 344.72 231.49 3744.29 1097.93 495.34
589.19 835.47 1231.31 2199.16 1718.62 1019.14
117.15 180.26 117.31 1611.13 413.06 204.14
254.11 443.28 471.25 4124.4 1337.55 725.42
727.55 1086.78 1278.17 3878.72 2328.21 1708.84
754.22 1093.37 1309.16 3268.09 2506.82 2121.91
217.17 380.53 318.03 3783.4 1019.64 631.7
111.37 270.11 189.84 3228.28 921.97 392.22
253.35 483.4 385.14 4733.05 1437.78 692.09
982.87 1410.26 1702.68 3278.06 3012.27 2666.89
625.72 1028.13 1348.95 4113.8 2297.42 1357.75
505.35 870.82 714.77 5146.86 1718.21 969.93
95.65 113.63 97.63 499.12 190.1 126.47
707.9 1061.54 1396.81 3994.32 2172.57 1204.6
100.01 182.38 102.96 2993.97 656.27 299.24
631.26 939.86 1032.41 2769.57 1984.19 1669.41
646.97 1033.31 1178.92 4564.66 2535.33 1486.69
766.01 1131.82 1622.17 3493.36 3138.74 1981.11
385.78 597.8 631.64 3855.87 1587.57 1141.5
167.4 288.09 247.88 2977.98 826.07 404.69
94.63 128.19 91.22 1347.18 324.65 170.74
677.34 1050.38 1059.0 4247.78 2241.67 1707.88
101.32 213.87 94.44 2647.21 682.46 294.19
326.93 604.88 461.97 3705.64 1342.53 701.17
69.01 197.14 83.09 2944.53 742.14 288.64
331.0 541.18 510.73 4049.74 1395.05 940.9
257.95 425.38 453.45 2812.58 991.36 534.13
157.46 282.3 195.11 3288.04 803.9 424.79
152.8 357.28 122.08 4960.39 1113.74 433.11
378.93 602.72 629.74 3492.33 1456.53 976.97
457.98 682.59 775.27 3077.21 1571.81 1243.28
262.97 499.75 413.53 4430.53 1372.12 693.72
538.45 831.22 919.84 3891.47 2067.48 1570.49
800.73 1241.39 1682.9 3816.16 2444.47 1467.29
527.05 829.35 862.04 3981.47 1949.18 1488.13
88.94 226.21 109.52 4210.54 994.57 370.57
674.4 1047.1 1052.52 4260.55 2233.7 1698.08
99.99 100.05 99.99 101.6 100.33 100.1
490.83 802.63 827.46 4031.11 1684.63 919.35
623.21 982.86 1038.7 3616.14 1972.62 1448.01
589.16 925.97 1273.2 3848.49 2141.59 1139.56
721.64 1048.03 1292.88 3321.48 2448.42 1975.63
425.9 593.46 686.97 1578.9 1218.73 1067.68
100.99 230.36 130.58 4101.05 922.96 418.66
93.4 132.88 87.65 1360.85 284.47 150.72
329.28 445.75 623.36 1062.07 944.19 582.94
104.27 277.35 114.05 4617.73 1068.16 411.75
110.99 195.18 98.55 1730.84 418.99 200.03
962.0 1398.0 2014.0 3173.0 2939.0 1816.0
69.0 191.5 59.0 4653.5 930.0 346.0
134.0 394.5 95.5 5146.0 1087.0 409.5
969.0 1403.0 2079.0 3181.0 3518.0 2279.0
155.0 368.0 123.0 5163.0 1156.0 447.0
89.8 263.8 87.2 4769.8 1060.5 381.0
971.0 1390.0 2115.5 3245.0 2879.5 1707.0
122.0 299.0 89.0 4632.0 914.0 354.0
72.0 203.8 71.8 4231.5 957.5 341.5
907.5 1325.5 2047.5 3151.5 2757.0 1579.5
948.0 1357.0 1978.0 3155.0 2462.0 1531.0
56.8 180.8 53.0 4412.8 873.5 325.0
119.5 322.5 80.5 4825.8 970.8 371.8
948.0 1376.0 2046.0 3146.0 2970.0 1921.0
911.0 1341.0 1922.0 3127.8 2196.5 1320.8
985.0 1493.5 2276.8 3372.5 3183.8 2033.8
76.2 218.5 55.5 4643.8 764.8 282.8
962.5 1390.0 1954.5 3151.5 2480.0 1527.0
959.5 1435.2 2145.2 3160.2 2832.8 1787.8
88.5 243.0 63.5 4918.0 903.5 321.0
978.0 1422.0 2105.0 3266.0 3199.0 2037.0
79.2 209.2 66.0 4931.0 970.2 374.0
222.2 574.0 104.8 5481.0 1198.8 463.2
992.0 1434.0 2127.0 3253.0 3849.0 2515.0
980.5 1432.2 2016.0 3245.2 2807.8 1800.2
966.0 1422.0 2112.0 3259.5 3477.0 2237.5
109.2 304.0 68.8 5231.2 1052.0 412.0
978.0 1434.0 2220.0 3640.0 4073.0 2397.0
81.5 229.5 75.0 4588.5 1023.0 369.5
937.0 1353.0 2081.0 3198.0 2826.0 1629.0
924.0 1316.0 1970.0 3207.0 2671.0 1584.0
102.5 315.2 89.5 4914.0 1200.8 467.0
980.0 1467.0 2194.0 3388.8 3736.5 2446.5
955.0 1376.0 2056.0 3368.0 3193.0 1885.0
977.5 1462.0 2197.0 3231.5 2940.0 1846.5
939.0 1381.8 2053.5 3176.2 3230.8 2074.0
265.0 540.0 222.0 5608.0 1151.0 427.0
83.0 265.0 84.5 4714.5 1156.5 420.5
245.0 494.0 207.0 5231.5 1090.0 397.0
304.0 635.0 236.5 5868.5 1229.5 464.5
138.0 335.0 114.0 4964.0 1063.0 407.0
53.8 244.8 74.8 4340.2 1057.2 381.2
1050.0 1465.0 1880.0 2630.0 3252.0 2949.0
1121.0 1568.0 2001.0 2751.0 3375.0 3115.0
1212.0 1691.0 2129.0 2918.5 3531.0 3299.0
100.0 100.0 100.0 100.0 100.0 100.0
