0.0688
0.1674
0.5624
0.8173
0.0559
0.0166
0.9448
0.9938
0.5482
0.1506
0.0783
0.8249
0.0261
0.8797
0.6285
0.8434
0.4315
0.6908
0.1164
0.3186
0.8517
0.8692
0.5758
0.0634
0.1919
0.2035
0.5071
0.5239
0.775
0.5569
0.1933
0.9033
0.7247
0.1311
0.5246
0.6149
0.6926
0.461
0.4681
0.348
0.7177
0.0134
0.655
0.1627
0.3743
0.1048
0.5039
0.1834
0.1033
0.1386
0.4201
0.1687
0.7757
0.8557
0.7842
0.1274
0.5177
0.3113
0.76
0.2099
0.6367
0.5916
0.535
0.4735
0.7766
0.1247
0.6803
0.3189
0.9755
0.8426
0.2432
0.1224
0.3939
0.6441
0.071
0.3216
0.4827
0.9178
0.1486
0.4557
0.2359
0.6693
0.0865
0.7943
0.2688
0.9058
0.0157
0.616
0.4139
0.9522
0.0218
0.6586
0.7389
0.31
0.3487
0.5106
0.0866
0.6055
0.1513
0.6351
0.2537
0.0922
0.7766
0.1468
0.9988
0.7138
0.6683
0.3312
0.7767
0.6363
0.4142
0.9123
0.53
0.1373
0.9376
0.7717
0.9234
0.756
0.0452
0.2382
0.2731
0.2509
0.1464
0.7576
0.0948
0.8825
0.8972
0.105
0.2774
0.992
0.8654
0.0477
0.1446
0.2344
0.0061
0.5634
0.8863
0.7871
0.3321
0.1354
0.8417
0.1346
0.6633
0.7751
0.3266
0.7989
0.9775
0.1853
0.7154
0.9258
0.2858
0.868
0.0501
0.4227
0.3199
0.0055
0.5786
0.9094
0.1982
0.9537
0.278
0.7442
0.9792
0.0744
0.9464
0.3896
0.0326
0.6874
0.1898
0.5261
0.7724
0.1112
0.5172
0.7917
0.1279
0.0175
0.2525
0.5282
0.2165
0.5315
0.4891
0.8343
0.3983
0.1212
0.5075
0.566
0.6564
0.9479
0.22
0.8022
0.6142
0.5609
0.3641
0.9607
0.8984
0.292
0.2113
0.9523
0.2022
0.3238
0.7149
0.1149
0.3922
0.1881
0.5636
0.8226
0.3266
0.3814
0.6883
0.5854
0.8033
0.1869
0.1215
0.0824
0.9954
0.7302
0.5034
0.8213
0.1735
0.1874
0.7926
0.644
0.8267
0.5306
0.5331
0.6651
0.1476
0.39
0.4489
0.6745
0.892
0.809
0.5783
0.4327
0.9301
0.167
0.5856
0.1265
0.8589
0.7071
0.4067
0.9876
0.9976
0.3566
0.7481
0.5106
0.1569
0.0852
0.2815
0.7889
0.7829
0.0312
0.4868
0.4948
0.6908
0.1434
0.3938
0.107
0.5408
0.7997
0.4017
0.5313
0.5406
0.2216
0.3864
0.1504
0.5494
0.4084
0.381
0.4115
0.3084
0.3119
0.396
0.4651
0.9186
0.2607
0.0826
0.0149
0.2005
0.3021
0.3486
0.0226
0.8589
0.7627
0.9065
0.0338
0.2899
0.853
0.1332
0.5016
0.127
0.348
0.0724
0.6369
0.8125
0.6335
0.4518
0.9321
0.5208
0.0458
0.6889
0.7526
0.2501
0.6851
0.7369
0.2428
0.4507
0.5796
0.6756
0.2987
0.7894
0.3782
0.492
0.2362
0.9455
0.9391
0.3257
0.6654
0.6753
0.2693
0.0308
0.5827
0.1437
0.907
0.9891
0.9179
0.6967
0.3438
0.7703
0.4681
0.7849
0.2494
0.691
0.6251
0.6746
0.9005
0.3686
0.8378
0.9918
0.9127
0.6518
0.6588
0.5645
0.8875
0.4875
0.5458
0.5596
0.6001
0.456
0.145
0.9837
0.6841
0.5551
0.6487
0.7478
0.6406
0.4993
0.0665
0.6098
0.0358
0.5691
0.1755
0.4831
0.3543
0.4556
0.3688
0.462
0.7594
0.5161
0.1293
0.6931
0.7989
0.3255
0.0983
0.8998
0.985
0.9823
0.0753
0.4023
0.1432
0.8994
0.2234
0.1229
0.7971
0.7601
0.6346
0.9084
0.6583
0.6087
0.7903
0.718
0.5446
0.6675
0.0038
0.5284
0.0997
0.3601
0.5727
0.4101
0.632
0.7121
0.4784
0.8194
0.7935
0.3689
0.394
0.1196
0.3379
0.4299
0.9198
0.0851
0.756
0.1966
0.6436
0.7256
0.7672
0.5542
0.2411
0.6555
0.6177
0.0943
0.6347
0.0335
0.9809
0.2764
0.4326
0.8405
0.7289
0.5094
0.7442
0.8699
0.6788
0.0367
0.7325
0.9568
0.9744
0.8872
0.4914
0.187
0.555
0.2632
0.3736
0.4125
0.0924
0.7687
0.8191
0.37
0.6365
0.3874
0.1309
0.8503
0.2084
0.3628
0.4104
0.6415
0.1518
0.5319
0.3685
0.9864
0.9525
0.9249
0.6863
0.2694
0.3655
0.855
0.9275
0.1778
0.6845
0.6487
0.0215
0.1805
0.4761
0.7017
0.1854
0.8574
0.8966
0.0791
0.955
0.4851
0.0981
0.8661
0.4654
0.6544
0.2274
0.0861
0.1082
0.1877
0.587
0.443
0.5094
0.4062
0.7356
0.7797
0.1625
0.6484
0.2114
0.9358
0.4701
0.2563
0.1323
0.4658
0.5359
0.3005
0.8731
0.88
0.3121
0.7886
0.5116
0.2647
0.9185
0.2047
0.5909
0.9669
0.7688
0.4507
0.979
0.2357
0.6397
0.755
0.0226
0.0154
0.2861
0.7024
0.9171
0.6155
0.0542
0.2609
0.6209
0.9223
0.2017
0.4107
0.6634
0.7916
0.8457
0.2843
0.2546
0.3262
0.8576
0.1973
0.2435
0.2161
0.693
0.2859
0.1629
0.6835
0.4141
0.513
0.3204
0.4258
0.4736
0.8648
0.9977
0.0328
0.4696
0.9091
0.8943
0.9467
0.2741
0.3798
0.8354
0.6714
0.3498
0.6209
0.9632
0.0124
0.1118
0.313
0.0716
0.5215
0.3335
0.5559
0.3704
0.8875
0.2392
0.002
0.2396
0.0812
0.724
0.9248
0.8576
0.2091
0.9063
0.7528
0.306
0.2086
0.4556
0.8315
0.0873
0.8673
0.2899
0.372
0.9378
0.6329
0.8032
0.2359
0.5804
0.6685
0.482
0.4403
0.5702
0.984
0.3013
0.0894
0.8805
0.9284
0.8931
0.2292
0.1901
0.2737
0.1075
0.318
0.0029
0.9682
0.8512
0.3279
0.4387
0.4127
0.2675
0.1443
0.9535
0.6851
0.1554
0.565
0.6639
0.423
0.3341
0.9452
0.2489
0.5101
0.413
0.748
0.4545
0.4665
0.6629
0.1986
0.01
0.4179
0.5584
0.0947
0.473
0.3887
0.3748
0.3577
0.8008
0.2538
0.417
0.5785
0.8555
0.2836
0.7343
0.1799
0.6447
0.5186
0.9808
0.1696
0.4093
0.0818
0.2869
0.0381
0.8924
0.2562
0.0326
0.5406
0.4995
0.698
0.8249
0.319
0.2279
0.5759
0.7841
0.2371
0.2605
0.3476
0.3704
0.1839
0.3259
0.1683
0.0828
0.4101
0.7316
0.0411
0.0736
0.1971
0.6182
0.589
0.2378
0.1658
0.1519
0.7836
0.0284
0.1652
0.5971
0.9387
0.0178
0.5921
0.2637
0.0792
0.0125
0.4557
0.8757
0.4221
0.9481
0.8298
0.4266
0.2638
0.4256
0.8867
0.2746
0.0216
0.7344
0.1333
0.8914
0.3041
0.2065
0.6482
0.6581
0.4576
0.7244
0.9828
0.7182
0.2203
0.5464
0.3256
0.8703
0.5426
0.6172
0.8194
0.4584
0.5264
0.8914
0.1097
0.9555
0.7687
0.6715
0.5057
0.0395
0.6769
0.8354
0.0775
0.3262
0.8278
0.2904
0.2537
0.4356
0.6565
0.7633
0.582
0.8289
0.4911
0.7725
0.2041
0.0758
0.5852
0.6489
0.9243
0.2748
0.4036
0.9001
0.9062
0.9382
0.548
0.2407
0.6975
0.3518
0.4274
0.6217
0.151
0.4774
0.4524
0.982
0.7317
0.181
0.0762
0.4789
0.509
0.7766
0.2643
0.5985
0.093
0.6977
0.1816
0.0131
0.8814
0.9648
0.3526
0.5736
0.0467
0.5089
0.8234
0.6362
0.1665
0.1586
0.9249
0.4604
0.7795
0.922
0.3496
0.5368
0.3125
0.5688
0.2784
0.1347
0.4185
0.8571
0.3993
0.439
0.3593
0.7755
0.54
0.3062
0.7508
0.1141
0.7189
0.5742
0.7608
0.0781
0.6425
0.3067
0.9063
0.0503
0.0267
0.4568
0.4673
0.3571
0.4459
0.1122
0.9599
0.3768
0.1161
0.5745
0.7
0.7534
0.9943
0.0531
0.0301
0.948
0.5366
0.1941
0.4776
0.3265
0.2598
0.8487
0.3982
0.9874
0.7817
0.419
0.494
0.0826
0.1246
0.8552
0.9151
0.0286
0.955
0.9354
0.2539
0.0944
0.9235
0.1548
0.1579
0.032
0.8305
0.6973
0.6422
0.1432
0.1079
0.025
0.1624
0.3964
0.194
0.3827
0.5647
0.0588
0.8294
0.7953
0.1949
0.8253
0.1641
0.4779
0.6442
0.4045
0.566
0.0437
0.5279
0.1483
0.2391
0.7502
0.905
0.3358
0.9213
0.6202
0.084
0.8213
0.117
0.2021
0.7298
0.7744
0.7399
0.7124
0.4641
0.0662
0.6448
0.8504
0.0842
0.8478
0.5944
0.124
0.1711
0.8798
0.6
0.2285
0.8405
0.0866
0.5708
0.3787
0.8538
0.0259
0.3193
0.692
0.9602
0.1417
0.9124
0.0943
0.6081
0.2715
0.7476
0.6793
0.1452
0.9523
0.6365
0.1934
0.3905
0.2871
0.6704
0.8168
0.9725
0.5328
0.7801
0.5743
0.7986
0.0356
0.6861
0.1559
0.9274
0.0213
0.0529
0.7829
0.0352
0.6543
0.9025
0.8654
0.5687
0.0658
0.0501
0.8145
0.1166
0.7718
0.252
0.922
0.451
0.0835
0.8381
0.1699
0.3046
0.0248
0.5132
0.8305
0.591
0.4581
0.1563
0.4974
0.3049
0.8226
0.5053
0.1688
0.5989
0.6304
0.2019
0.3877
0.9208
0.2657
0.418
0.3305
0.1735
0.9594
0.3584
0.6357
0.5973
0.8923
0.2385
0.2411
0.6961
0.534
0.8809
0.7868
0.2014
0.715
0.5608
0.8129
0.7248
0.0404
0.0
0.0
0.0
0.0
0.0
0.0
0.0
0.0
0.0
0.0
0.0
0.0
0.0
0.0
0.0
0.0
0.0
0.0
0.0
0.0
0.0
0.0
0.0
0.0
0.0
0.0
0.0
0.0
0.0
0.0
0.0
0.0
0.0
0.0
0.0
0.0
0.0
0.0
0.0
0.0
0.0
0.0
1.0
1.0
1.0
0.0
