264.75 439.02 422.01 3114.53 1015.48 545.43
365.66 546.69 715.37 2676.08 1478.5 879.59
334.04 585.81 522.35 4566.28 1543.87 889.42
97.19 225.19 110.96 4496.47 976.83 413.57
156.59 421.37 145.19 5087.63 1139.75 460.52
811.42 1137.77 1419.92 2340.39 2451.39 2216.9
940.95 1398.97 1994.49 3315.67 2860.48 1947.63
461.71 774.05 766.02 3560.83 1687.7 1048.27
541.82 876.45 779.44 4821.82 1846.71 1266.53
689.0 1063.35 1084.69 4197.16 2273.28 1746.71
646.94 958.43 1097.43 3776.84 2154.81 1798.44
656.23 991.35 1209.77 3387.99 2336.33 1773.69
96.03 163.75 95.02 1917.39 473.81 209.36
912.2 1325.92 1853.91 3300.15 2831.91 1858.24
193.0 347.99 168.76 3204.35 692.35 284.3
284.9 465.64 503.17 3546.14 1093.01 549.55
680.68 993.96 1166.76 3725.01 2321.93 1926.3
108.25 212.39 129.8 3023.72 757.0 315.35
453.71 714.65 860.36 4218.98 1747.76 1021.08
183.34 415.44 238.1 4768.61 1370.58 673.34
159.73 373.87 134.48 5150.05 1167.63 455.39
173.11 351.2 285.77 4398.75 1265.78 559.36
267.1 509.27 459.8 4022.56 1520.47 927.61
377.3 565.86 685.26 2795.28 1376.03 871.97
622.59 1000.93 1212.24 4347.65 2016.94 1127.66
254.61 501.64 237.8 5087.24 1103.16 418.19
721.52 1076.61 1209.32 3774.79 2381.59 1984.82
570.79 963.44 1020.53 4472.08 2398.91 1392.33
133.6 313.82 164.22 3930.61 1061.6 453.2
247.12 496.68 212.48 5225.82 1096.09 401.74
86.64 149.52 86.55 2070.88 509.06 215.2
210.69 429.36 265.26 4951.57 1290.7 684.33
553.26 861.45 845.77 4135.91 1824.24 1300.56
588.36 889.67 1115.41 3667.43 1890.31 1307.36
850.26 1255.39 1847.81 3170.04 2961.3 1886.21
107.4 166.9 96.3 1623.56 373.65 185.39
174.41 223.53 257.89 594.71 405.01 277.49
221.91 298.74 352.45 1028.12 531.77 322.41
122.43 187.01 100.88 1087.77 301.7 166.67
449.65 684.97 752.71 3415.56 1715.38 1268.88
597.25 874.85 1261.01 2394.31 2140.23 1362.96
92.33 140.28 87.46 1881.85 420.96 201.06
556.01 801.77 946.26 2425.41 1674.67 1313.51
133.14 304.95 112.21 4341.95 939.84 367.74
108.12 280.09 72.46 4629.82 940.43 375.43
162.49 323.44 254.81 3020.04 999.6 548.67
348.05 665.4 628.79 4660.17 1557.23 774.16
85.77 232.95 82.79 4521.36 1019.76 376.53
137.4 263.14 177.23 2891.68 857.52 421.49
910.1 1314.81 1640.96 3142.86 2896.5 2470.84
377.35 574.42 626.31 3046.44 1340.01 970.69
180.37 333.44 249.5 3863.84 929.9 532.69
603.34 917.53 1003.14 3894.13 2205.96 1700.34
486.89 728.47 997.67 3065.69 1835.94 1012.94
226.51 443.75 193.35 4577.07 963.74 359.12
572.57 838.59 1168.53 2830.1 1882.23 1165.63
211.74 353.1 359.06 3181.61 872.97 430.81
293.29 508.39 489.63 3313.96 1383.9 914.94
148.04 351.93 143.57 5123.82 1142.82 516.73
253.42 414.62 390.84 3731.75 1221.42 776.03
630.6 953.33 1290.8 3567.14 2201.17 1266.95
652.41 958.61 1139.22 3412.34 2295.1 1876.07
191.24 319.83 262.64 3039.99 870.89 515.74
970.87 1422.82 2176.67 3638.0 3995.61 2393.15
228.71 345.4 380.78 2404.63 804.9 429.23
544.72 786.48 935.84 2628.07 1835.95 1519.15
311.02 578.81 569.53 4521.5 1676.71 840.93
83.43 260.86 84.89 4598.7 1129.99 412.46
789.08 1179.88 1631.31 3874.71 3181.73 2019.16
303.03 449.02 527.17 1854.25 1032.04 684.06
101.7 137.68 94.24 1047.67 275.82 157.62
64.23 212.12 80.49 3383.28 841.18 317.74
565.98 861.87 1127.08 3938.59 1769.31 993.2
158.17 336.76 261.85 4485.31 1206.37 510.73
808.88 1197.12 1487.47 3724.7 2762.17 2102.11
102.52 121.84 99.67 474.28 173.21 122.96
90.04 169.7 86.54 2515.84 596.78 245.05
176.62 344.16 209.53 3892.6 1001.76 529.64
317.39 590.24 582.67 4493.51 1476.78 751.8
325.29 540.24 519.33 4192.53 1387.1 958.03
461.08 738.23 746.22 4258.31 1874.84 1360.88
145.8 356.92 140.67 4777.48 1036.39 430.98
205.76 356.28 353.06 2532.46 932.51 484.7
782.85 1182.14 1390.21 3943.79 2473.49 1819.5
447.35 697.98 719.46 3636.13 1711.28 1247.5
143.53 327.55 142.6 4607.05 993.45 405.38
785.44 1137.26 1402.04 3241.28 2671.36 2230.09
770.83 1125.75 1612.59 3587.53 2366.64 1363.67
1043.15 1483.09 1945.44 3279.34 3091.44 2501.33
89.55 229.93 66.84 4477.51 830.04 300.79
907.97 1303.89 1756.44 3143.34 3218.58 2457.97
82.8 190.28 71.89 4093.88 819.41 326.52
400.1 541.52 661.1 1189.84 1126.64 1010.94
361.27 538.09 728.64 1827.81 1134.7 680.29
810.74 1198.8 1352.88 3668.68 2603.33 2152.15
736.93 1111.18 1557.58 3587.36 2528.34 1558.03
116.65 181.12 106.96 1632.58 419.65 205.04
299.29 536.01 433.19 4619.04 1462.02 911.66
216.83 400.55 373.07 4405.47 1080.99 498.64
640.18 954.02 1331.12 2783.67 2347.4 1512.89
237.89 461.63 192.27 3999.21 863.48 346.38
220.5 373.14 289.13 3096.78 920.41 561.33
107.09 257.21 75.96 4054.26 833.64 340.44
93.96 175.14 80.82 2631.67 522.21 216.13
171.62 335.04 288.45 4025.71 1124.54 474.49
94.38 169.88 82.16 2454.58 492.67 208.0
449.73 724.32 924.61 3982.03 1971.08 1101.45
793.43 1150.83 1350.93 2813.89 2451.78 2148.12
125.87 260.13 149.47 3868.56 777.28 374.81
613.16 923.74 1034.1 3747.96 2203.49 1731.41
393.24 686.73 797.0 4490.93 2154.6 1107.91
122.57 294.63 161.3 4402.17 1068.79 420.13
556.11 869.63 992.18 4209.41 2124.55 1372.22
1038.31 1466.62 1831.65 2985.15 3159.3 2858.43
374.0 578.88 686.61 2418.52 1240.82 711.34
131.83 324.86 109.9 3798.38 843.08 346.79
119.74 282.7 122.51 4843.67 979.79 406.37
1066.85 1508.44 1857.83 3222.91 3204.7 2919.0
803.73 1216.23 1624.12 3612.16 2025.6 1169.47
66.39 205.33 81.67 3184.53 796.31 304.56
179.79 409.51 103.13 3613.66 817.49 337.16
713.27 1066.85 1453.78 3622.37 2107.09 1234.02
284.93 559.7 283.39 5400.74 1200.47 477.39
295.71 601.47 495.7 4809.36 1481.29 734.48
1060.15 1501.13 1991.22 2904.07 3211.16 2660.67
296.95 558.54 342.3 5095.14 1243.89 505.88
456.52 750.81 793.7 4165.53 1617.51 1008.34
408.97 658.86 833.91 3598.18 1514.45 835.18
798.69 1186.94 1417.66 3744.24 2425.36 1806.89
81.78 195.65 70.22 4331.37 862.19 339.99
432.52 666.64 697.43 3121.17 1571.59 1194.68
84.48 129.03 83.12 1649.26 377.86 180.83
692.09 1048.77 1427.36 3604.26 1852.37 1054.71
678.2 1046.71 1146.69 4248.7 2243.69 1647.25
370.95 627.03 714.66 4158.75 1582.45 787.44
628.18 939.69 1180.97 3718.03 2366.04 1758.96
930.71 1316.97 1658.51 2887.14 2993.5 2637.09
445.72 721.31 899.33 4186.42 1881.0 1057.29
144.25 297.94 199.73 4240.49 997.08 420.28
256.43 422.31 430.05 2757.26 991.63 539.39
139.72 295.37 216.72 4157.98 1095.42 450.23
451.2 734.05 885.05 4271.74 1754.08 886.02
107.79 125.13 116.99 436.8 195.07 137.66
425.6 607.4 776.47 1784.31 1066.45 645.28
361.88 675.16 669.11 4739.39 1893.21 946.12
222.01 300.49 384.33 918.81 655.19 425.46
401.49 658.47 786.78 4425.38 1942.92 1075.62
434.47 673.1 744.32 3823.05 1761.25 1315.14
923.36 1326.62 1691.71 3077.87 2836.72 2374.71
82.3 133.1 80.75 1866.66 416.85 192.17
263.61 516.89 247.9 5173.6 1140.42 453.02
550.05 786.68 909.08 2268.45 1666.76 1442.12
529.12 861.59 1133.49 4025.49 2432.5 1425.8
444.84 728.5 862.84 4105.43 1894.11 1074.38
563.63 835.83 1104.17 2605.67 1804.27 1108.66
221.93 419.78 181.59 3547.93 775.12 317.87
116.5 242.94 97.82 2549.22 579.07 250.22
835.17 1281.87 1842.39 3554.55 2627.32 1604.02
882.04 1268.16 1910.65 3271.28 2661.95 1565.0
634.5 896.8 1096.14 2481.38 2005.04 1746.59
438.16 700.64 695.33 4037.36 1692.45 1224.73
944.67 1363.27 1623.55 3351.0 2905.33 2546.25
428.04 734.36 603.38 4987.98 1578.39 878.75
324.0 625.8 547.86 4722.79 1562.44 775.87
154.78 315.17 244.98 4140.84 1128.72 486.13
174.92 390.61 102.94 3399.09 773.67 322.68
494.37 699.53 816.15 2172.03 1502.43 1290.75
137.4 318.99 175.36 4544.75 1139.44 498.46
157.1 341.9 164.08 4504.49 988.8 428.88
145.09 260.92 205.01 2737.32 745.6 332.9
123.42 302.82 96.9 3575.09 779.73 313.15
154.3 228.31 202.84 1563.15 553.79 347.92
189.14 390.13 216.6 4604.55 1139.59 534.94
832.83 1245.99 1771.02 3490.62 2903.3 1817.45
179.84 409.69 103.14 3615.65 817.9 337.29
797.25 1142.17 1447.57 3245.95 2643.23 2187.51
340.63 568.35 658.83 4387.18 1535.08 846.17
422.23 779.33 580.76 5380.02 1518.68 703.17
520.64 750.87 994.42 2050.82 1399.89 973.66
220.55 456.9 328.7 4657.05 1295.59 615.44
1099.38 1539.88 1961.24 2781.52 3325.17 3057.83
583.11 901.83 909.68 4138.83 1998.07 1468.88
661.23 1015.85 1045.47 4285.53 2180.46 1671.24
347.72 586.95 638.71 4297.94 1477.43 837.37
660.86 933.54 1123.17 2228.78 1920.24 1672.86
730.54 1084.81 1398.73 3102.41 2339.05 1789.39
452.11 740.8 926.13 4089.88 1986.47 1103.32
219.61 390.83 337.32 3973.43 1084.04 628.97
91.31 132.23 91.24 1382.95 366.28 174.99
699.31 1028.54 1195.1 3443.52 2319.32 1945.26
901.27 1299.54 1811.49 3221.06 2491.21 1690.26
135.87 282.45 180.58 4761.54 1103.55 508.08
259.02 406.89 371.46 2580.33 975.0 654.09
437.7 733.38 708.82 4725.74 1660.76 800.85
126.97 333.59 96.43 4102.29 882.85 345.48
666.86 989.54 1168.6 3455.91 2421.73 1947.17
551.52 880.93 1120.61 3956.18 2162.21 1269.15
99.56 276.44 109.3 4752.17 1087.77 402.06
288.92 495.84 455.01 3667.09 1418.21 888.43
325.53 622.3 557.74 4710.99 1497.18 706.41
77.08 207.97 98.14 4383.76 921.23 361.79
417.32 672.97 869.45 3955.49 1905.86 1083.36
851.48 1211.75 1510.01 3031.45 2795.1 2420.26
934.11 1356.43 1998.63 3324.79 3664.83 2379.45
634.8 933.53 1102.09 3488.62 2191.54 1812.22
481.83 800.4 672.64 4884.3 1714.36 1107.89
264.04 396.18 381.73 2110.37 923.82 650.21
622.42 959.91 1045.23 3978.89 2292.76 1794.1
461.55 714.99 927.27 3841.55 1594.94 872.72
92.52 254.65 92.37 4432.2 995.05 363.52
438.49 723.93 720.41 4097.0 1894.53 1332.81
829.68 1193.12 1455.86 3239.15 2736.81 2354.89
135.66 246.43 188.4 3430.77 794.08 352.56
664.95 1024.76 1257.41 3863.96 2280.45 1513.36
962.84 1395.17 2064.51 3192.92 3499.54 2265.18
533.72 872.62 1102.29 4056.11 1921.48 1083.75
217.24 421.74 293.08 4361.12 1172.45 508.34
103.95 145.08 96.05 1057.57 276.45 155.07
93.07 167.23 93.68 1980.15 530.46 230.59
780.66 1148.3 1586.56 3578.73 2186.41 1302.25
90.59 217.03 70.13 4043.1 757.59 280.87
291.68 539.98 510.26 3992.34 1576.91 976.69
867.58 1243.63 1535.28 3069.73 2857.09 2471.15
784.82 1184.56 1643.27 3632.82 2755.19 1701.43
122.17 237.12 108.17 2938.15 661.91 279.14
633.4 966.22 1373.76 3177.47 2541.92 1598.12
122.91 258.51 146.93 4569.0 1019.22 470.43
815.0 1198.68 1729.96 3433.32 3043.09 1934.67
386.83 621.22 622.59 4171.94 1521.33 1107.71
1060.22 1508.75 2055.46 3066.53 3205.61 2548.54
132.47 296.35 167.65 4633.57 970.25 389.91
1037.85 1468.6 1803.06 3192.27 3112.87 2828.47
412.91 685.13 821.24 4222.74 1838.45 983.42
118.02 220.32 159.37 2098.74 648.54 337.46
602.15 935.41 1131.6 3908.04 2099.32 1329.16
209.66 327.38 307.94 2229.61 852.86 550.77
163.09 390.69 206.05 4802.19 1331.37 615.26
529.89 833.84 897.15 3883.75 2126.04 1586.57
776.13 1128.74 1350.37 3276.27 2580.59 2190.47
105.72 135.36 102.11 831.98 244.92 146.2
92.0 142.02 86.92 1959.01 434.86 205.44
981.99 1431.96 1980.18 3079.4 2957.63 2255.14
357.48 611.12 556.03 4556.98 1636.79 1060.71
814.92 1206.28 1683.67 3822.76 2778.44 1589.0
1080.53 1521.79 1913.61 2905.41 3268.73 2983.72
90.75 134.28 90.69 1464.58 383.22 179.76
825.24 1217.62 1788.0 3720.49 3397.96 2101.0
297.92 515.56 508.59 3968.99 1320.4 682.25
119.44 321.86 80.56 4812.22 968.3 371.02
224.38 454.59 286.58 4634.36 1200.01 621.94
797.78 1149.17 1374.65 3654.39 2594.62 2229.45
101.41 221.64 94.06 2821.08 722.22 307.44
952.61 1381.94 2040.25 3216.16 3469.58 2242.08
102.78 232.81 144.8 4052.34 911.4 387.32
57.66 232.7 76.91 3985.75 977.18 357.69
520.4 816.2 864.77 4106.48 1959.14 1415.25
742.93 1104.56 1658.35 3364.22 2402.56 1335.65
173.92 351.85 293.31 4310.78 1191.02 512.59
335.57 610.74 402.07 4366.18 1238.07 618.13
740.22 1061.65 1301.06 3272.04 2506.15 2120.96
198.45 338.12 367.71 3028.85 945.62 475.38
685.55 1019.96 1331.72 3527.41 2364.67 1583.42
108.19 170.98 98.92 1316.11 337.87 174.59
106.12 137.83 102.25 883.09 255.04 149.43
1134.49 1594.88 1986.51 3057.91 3368.2 3101.14
928.27 1341.99 2059.62 3215.39 2806.18 1615.57
487.87 814.51 708.02 4941.31 1706.61 1050.04
767.64 1098.46 1355.87 3212.41 2583.67 2199.79
98.6 252.47 115.91 4570.41 1081.17 408.17
601.07 927.41 1224.44 4147.67 2297.08 1268.61
254.05 478.94 373.06 4581.77 1306.6 627.45
274.15 413.51 423.03 2124.33 1014.22 726.54
297.13 514.75 560.96 4272.23 1692.26 877.6
462.86 753.2 974.2 3968.11 1809.09 985.54
227.34 331.0 347.1 1650.21 692.69 468.24
82.1 225.29 75.81 4442.63 993.0 360.74
313.66 553.21 585.76 4362.1 1674.68 874.6
921.68 1342.53 1983.55 3199.37 2906.48 1871.78
563.36 840.68 965.26 3917.88 2087.8 1647.84
179.16 393.75 228.37 5062.36 1206.8 527.18
85.64 231.17 75.97 4629.2 786.13 298.64
125.13 209.84 125.64 1937.28 486.97 255.41
102.55 122.05 99.66 477.79 173.9 123.17
535.57 898.05 985.08 3973.54 2022.02 1159.75
462.96 751.67 863.16 3726.2 2056.36 1399.3
101.92 219.47 126.15 4028.58 892.52 377.82
376.42 630.41 575.68 4353.84 1635.26 1071.54
285.37 430.84 472.49 1751.28 783.92 456.91
102.42 121.88 98.79 598.4 189.52 127.93
90.32 148.22 81.89 1948.96 370.52 174.38
825.37 1179.51 1455.62 3164.54 2703.33 2335.03
528.3 751.28 1075.9 1926.06 1972.07 1283.0
102.34 121.19 98.83 582.63 186.69 127.05
762.6 1117.48 1330.88 3602.61 2397.54 1952.74
310.33 521.41 501.47 4125.76 1549.65 978.96
807.25 1197.49 1647.82 3464.2 2445.0 1523.51
347.06 559.59 553.82 4455.12 1575.73 1065.65
133.07 386.45 95.62 5008.01 1060.01 401.04
388.82 648.23 790.91 4215.03 1683.64 821.48
757.13 1104.88 1427.66 3464.21 2745.79 2070.54
355.7 532.1 568.44 3076.71 1334.46 994.77
417.97 707.15 776.36 4658.51 2053.59 1080.91
81.11 155.76 75.01 2874.88 605.8 249.91
179.13 368.51 219.34 4381.03 1013.44 442.7
637.18 954.14 1285.66 3792.56 1898.4 1093.43
538.3 747.02 939.04 1570.55 1444.0 1235.06
723.46 1067.35 1605.41 3089.93 2253.11 1273.28
92.65 191.37 76.68 3178.34 613.38 241.2
418.32 605.34 836.99 2007.8 1349.33 838.04
867.42 1264.35 1918.32 3321.57 2689.97 1530.53
89.56 229.76 66.88 4471.94 829.11 300.54
333.15 518.14 544.3 3528.91 1414.19 994.17
712.86 1048.35 1465.94 3145.78 2290.51 1376.83
244.5 437.82 381.98 3687.69 1344.37 788.67
91.32 127.2 95.27 896.55 279.82 152.83
345.67 487.86 522.54 1488.58 956.1 791.36
319.64 541.36 587.23 2959.73 1358.49 776.36
420.56 725.74 764.74 4138.27 1670.22 880.31
170.59 329.12 261.29 4235.12 1140.97 623.32
623.52 940.83 1320.36 3607.24 2206.67 1339.9
636.59 1004.11 1231.75 4267.28 2297.65 1335.03
76.94 168.07 69.5 3487.34 717.43 283.0
91.54 159.23 88.57 2153.02 522.18 223.27
245.24 588.45 161.97 5226.44 1231.91 532.49
703.14 1081.68 1480.28 3638.75 2933.49 1691.95
690.0 1020.52 1176.11 3562.51 2313.26 1923.83
1019.38 1441.63 1806.14 2961.52 3131.06 2836.66
562.86 842.14 974.59 3538.45 2088.65 1639.14
714.2 1095.7 1495.53 4212.77 2999.43 1677.21
626.51 935.59 1342.07 3724.3 2137.98 1190.44
677.72 1010.78 1424.8 3770.54 2426.85 1379.47
378.13 659.94 781.51 4225.19 1744.95 891.0
162.48 313.82 231.57 4484.44 1147.27 592.06
335.94 598.77 533.06 4685.08 1448.41 731.79
264.75 518.45 246.26 5184.25 1139.86 456.28
182.25 319.33 160.81 2845.56 623.89 263.0
126.51 329.59 96.49 4033.79 869.45 341.28
827.71 1191.45 1516.95 3163.41 2763.86 2303.06
553.87 844.35 953.67 3735.62 2119.67 1622.13
537.22 821.39 1117.21 3776.55 2135.31 1154.72
293.28 490.98 496.38 4053.25 1445.51 938.02
637.99 957.34 1045.84 3742.16 2170.1 1735.05
407.03 773.83 541.95 4860.87 1643.84 928.03
285.38 495.69 398.28 4013.35 1282.81 776.06
1110.33 1564.36 1996.78 3061.19 3368.71 2972.17
133.58 296.99 183.78 4498.63 1145.5 479.55
268.45 502.82 432.02 4646.13 1264.7 609.3
548.15 870.52 1100.35 3699.64 1697.3 920.25
702.95 1070.95 1193.91 3765.43 2405.89 1969.06
253.49 498.54 236.11 5060.1 1092.63 410.69
353.12 554.65 562.71 3513.54 1389.74 992.43
198.61 290.66 240.66 1608.92 554.6 356.62
343.21 643.24 499.4 4638.35 1571.97 982.97
903.12 1315.89 1930.24 3285.48 3332.8 2137.26
80.83 135.85 79.15 2013.55 443.19 199.83
469.8 760.59 825.64 3720.72 1960.69 1446.85
101.27 209.55 94.66 2550.55 660.36 286.82
576.79 879.81 1256.37 3861.98 2043.6 1098.19
401.12 654.75 625.49 4125.26 1665.49 1133.69
209.62 297.4 287.58 1448.65 628.17 459.74
141.99 282.34 147.94 3409.92 808.08 346.08
697.39 1033.11 1241.05 3235.33 2475.15 2040.13
217.73 342.9 326.95 2227.66 923.88 597.69
614.6 980.96 1296.54 3997.87 2561.89 1565.45
1075.19 1519.63 1872.48 3157.34 3210.4 2932.44
924.22 1388.65 2044.82 3446.58 3550.27 2333.48
127.58 338.91 96.35 4193.45 900.68 351.07
915.44 1310.16 1606.39 3213.78 2891.52 2548.71
897.36 1340.4 1917.55 3530.0 3243.98 2053.67
94.17 117.2 92.3 955.71 255.98 146.23
330.71 558.76 490.28 4106.64 1384.36 896.01
98.85 106.03 98.12 366.57 148.02 115.12
435.12 655.55 699.29 2775.61 1439.98 1012.8
351.62 574.09 578.42 4042.27 1644.68 1088.93
98.43 111.0 97.88 481.17 178.38 122.89
911.65 1319.09 1596.83 3259.0 2889.7 2541.14
928.95 1334.73 1846.29 3139.28 3028.01 2243.89
80.2 280.21 137.24 4312.76 1117.5 428.06
945.14 1355.36 1630.46 3478.14 2931.11 2600.38
83.47 260.43 84.93 4586.79 1127.26 411.63
94.3 170.88 81.91 2488.11 498.27 209.54
449.2 796.55 556.39 5238.16 1623.16 948.08
919.24 1330.95 2032.89 3250.2 2781.43 1597.37
264.27 621.47 190.83 5372.09 1297.92 583.73
640.41 957.19 1088.79 3680.69 2234.47 1800.77
625.7 1008.3 970.1 4091.32 2199.6 1674.87
286.29 518.45 535.68 4398.02 1497.69 733.59
958.58 1390.24 2014.11 3413.98 3682.6 2464.93
580.98 868.79 919.91 3366.09 1837.02 1428.59
412.91 651.2 650.74 3588.8 1576.1 1133.43
284.65 516.46 395.71 3639.84 1216.05 762.31
108.77 179.33 95.62 1906.59 424.48 201.25
721.51 1038.56 1270.23 3307.58 2474.47 2077.37
322.05 607.9 346.41 4744.72 1145.98 488.02
291.18 538.56 455.53 4842.91 1443.63 657.28
92.18 154.71 89.44 1996.23 489.94 213.85
160.99 357.44 186.59 4770.75 1077.93 460.22
102.14 147.41 92.75 1292.54 321.25 172.51
83.84 256.84 85.27 4486.27 1104.25 404.65
186.99 336.37 164.19 3178.57 693.94 278.18
624.96 969.9 1361.93 3881.69 2642.73 1627.88
97.04 128.77 97.3 904.64 284.22 155.89
189.08 367.12 261.7 3983.0 1037.96 482.72
238.57 405.84 431.53 3888.6 1276.86 659.7
267.69 500.11 386.72 4702.49 1400.52 729.74
140.41 240.2 222.91 2725.87 734.72 343.66
239.93 451.41 344.55 3889.78 1312.75 759.63
131.54 279.74 191.21 4818.55 1083.11 450.18
82.91 189.72 72.06 4069.36 814.99 325.13
1081.39 1517.69 1925.19 2825.58 3277.43 3005.53
254.84 470.8 413.69 4398.26 1225.65 561.82
226.75 416.77 401.64 4348.84 1306.84 578.96
261.91 512.97 400.41 4932.38 1417.18 651.38
326.26 659.94 291.06 5772.8 1288.4 527.1
922.68 1345.27 1965.39 3408.33 3629.37 2349.87
88.51 157.23 78.51 2294.46 421.07 188.28
218.8 375.94 311.25 3603.18 1034.87 618.83
253.02 492.76 349.59 4905.85 1406.39 671.72
208.22 363.73 355.57 3523.23 977.75 448.38
177.45 446.44 199.25 5051.91 1198.45 487.58
279.62 489.32 414.86 4577.87 1350.46 827.59
91.29 161.0 88.22 2214.44 534.81 226.96
182.6 414.76 239.33 4769.19 1367.08 663.96
460.87 729.62 937.11 3804.95 1499.33 796.05
120.52 199.96 108.58 1988.51 493.89 229.43
145.48 351.86 131.93 4702.18 1021.6 436.81
1015.63 1439.31 1929.19 3132.1 3008.24 2386.71
183.1 422.35 103.26 3759.42 847.25 347.0
295.86 505.57 531.11 3787.32 1452.21 740.52
973.89 1380.5 1853.63 2899.48 3059.39 2501.07
825.02 1219.13 1645.45 3673.17 2226.64 1327.34
470.45 718.16 786.03 4044.13 1843.52 1383.15
804.92 1252.02 1850.97 3559.64 2772.55 1714.21
705.89 1064.51 1123.06 4129.08 2253.42 1780.14
538.04 859.23 925.47 4373.61 1868.09 1111.43
431.89 713.69 868.46 4153.54 2189.94 1224.42
716.33 1064.53 1529.32 3685.67 2353.81 1323.78
493.07 792.45 933.57 3977.28 1798.05 1084.7
277.87 527.15 436.08 4935.62 1591.5 738.13
554.75 891.38 1192.25 3964.08 2044.93 1148.58
303.81 499.75 485.7 4398.62 1498.14 969.78
191.26 359.48 337.5 4088.1 1197.35 515.42
842.65 1226.41 1711.66 3368.85 2715.83 1901.68
495.09 795.83 857.49 3798.51 1999.76 1492.93
86.25 196.23 81.42 3435.5 785.9 300.27
446.48 752.81 844.26 4260.2 1830.38 989.32
350.7 601.39 595.39 4212.41 1698.2 1051.78
84.86 179.48 75.25 3616.19 733.37 299.43
94.67 137.32 92.79 1393.62 366.02 177.67
505.08 862.05 785.19 5065.78 1733.8 881.56
643.43 1018.84 1287.8 4076.48 2061.83 1172.55
548.84 831.25 918.35 3925.85 1915.9 1537.93
112.98 217.38 93.51 2773.16 580.13 249.82
512.1 803.65 876.77 3902.8 2073.62 1534.39
291.77 549.03 342.06 4987.86 1196.85 479.82
1130.16 1584.02 1981.93 3024.36 3342.74 3088.32
127.62 207.12 101.08 1316.04 348.32 182.08
928.62 1397.59 2084.71 3290.16 2840.38 1768.97
122.38 287.48 131.41 4855.27 981.47 400.94
663.45 964.61 1171.14 3206.92 2325.36 1893.78
178.46 340.0 303.4 4227.5 1152.03 574.2
403.58 644.42 812.08 4142.8 1765.16 968.41
403.77 583.77 776.14 2166.41 1154.07 676.78
639.04 958.45 1106.53 3694.54 2293.25 1837.19
295.77 506.31 510.25 3770.59 1264.8 631.03
89.51 155.08 82.85 2536.82 538.94 238.21
621.15 919.96 1069.8 3650.5 2204.52 1776.86
99.71 104.68 99.63 233.42 127.44 108.03
380.72 605.29 639.57 3795.79 1668.97 1157.75
97.27 267.39 100.94 4601.76 1045.49 390.92
139.26 257.57 173.63 3256.73 723.0 386.13
477.17 692.69 815.24 2586.88 1686.37 1345.81
516.52 809.59 963.76 3769.94 1850.93 1177.94
628.86 945.29 1069.23 3794.4 2267.19 1813.34
202.06 495.88 104.01 4594.19 1017.71 403.34
94.5 153.38 94.99 1592.97 441.82 203.69
395.66 685.03 584.96 4304.02 1351.43 635.05
111.55 231.77 88.45 2898.73 615.71 260.97
175.79 385.41 234.08 4879.1 1160.83 510.56
96.83 111.75 96.81 567.87 197.11 127.35
814.22 1238.24 1671.55 3745.99 2765.55 1695.95
120.26 323.43 81.96 4824.02 972.65 373.89
211.53 398.46 347.83 3530.53 1144.56 534.14
149.46 347.48 207.91 4571.23 1300.53 594.29
423.96 696.31 761.02 3641.34 1456.61 791.83
986.96 1424.02 1895.53 3184.36 2913.29 2208.38
141.25 323.17 129.79 4146.33 913.35 402.32
807.57 1184.79 1361.46 3777.29 2622.28 2207.77
110.25 227.9 122.93 4100.53 895.06 403.14
308.38 545.87 554.89 4364.48 1416.03 668.03
105.06 157.72 94.94 1326.0 325.91 170.51
348.77 548.89 540.74 2607.16 1250.82 923.31
104.97 313.28 94.4 4796.37 1180.25 464.84
99.66 104.19 98.93 241.25 123.56 106.48
466.84 750.71 823.27 3631.12 1967.2 1445.85
369.17 628.7 588.92 4496.21 1598.79 962.84
88.59 241.91 63.78 4881.14 897.35 319.31
93.01 186.94 77.81 3029.13 588.49 234.36
145.87 323.49 119.18 4322.15 980.62 389.37
161.18 222.7 217.79 1314.81 456.33 317.38
183.16 347.15 277.33 4049.46 1218.31 637.88
222.86 464.97 367.14 4695.73 1482.07 667.2
234.81 430.69 374.18 3877.74 1189.1 603.19
421.22 675.55 702.03 3925.85 1763.11 1246.77
947.29 1334.47 1685.96 2874.4 3001.13 2668.28
253.86 492.53 370.53 4914.58 1367.12 596.43
556.06 862.42 1086.28 4142.87 1946.13 1039.99
103.09 219.32 100.68 3590.86 712.07 278.89
287.73 592.34 225.62 5408.55 1139.44 435.44
366.58 536.38 608.76 2436.2 1293.95 1018.19
323.23 553.18 525.33 4241.8 1383.05 770.95
349.25 550.53 564.75 3522.98 1344.56 985.5
116.1 239.45 97.87 2489.36 567.36 246.55
76.47 187.21 76.31 3571.37 820.49 302.91
160.54 314.38 256.91 3960.39 1115.94 502.93
839.03 1194.95 1484.73 3066.28 2713.16 2371.38
901.65 1313.79 1504.04 3799.9 2751.03 2357.79
244.51 598.47 168.05 5405.16 1249.53 499.54
116.43 242.31 97.83 2538.44 576.96 249.56
590.41 914.81 1062.37 4088.37 2278.57 1546.08
389.34 701.14 595.47 4611.26 1661.55 1054.68
675.45 994.3 1175.49 3538.58 2366.9 1938.24
265.54 393.93 404.22 1800.11 919.75 683.87
327.39 557.73 543.37 4496.45 1475.41 906.45
265.78 442.18 501.51 2592.73 1124.94 591.13
229.83 329.61 353.49 1780.38 807.11 596.22
178.52 378.71 273.06 4591.74 1256.44 577.68
139.31 341.18 174.52 4361.59 1138.84 470.26
866.29 1265.47 1944.14 3051.59 2626.52 1503.89
1026.38 1449.84 1825.82 2965.11 3139.38 2825.5
115.83 243.21 92.08 3361.43 685.79 282.79
153.57 242.86 139.61 1888.38 441.25 206.17
275.31 516.6 357.24 4840.6 1428.42 778.45
84.67 248.82 86.02 4262.11 1052.92 389.08
776.95 1152.48 1264.31 3959.1 2432.81 1993.41
198.89 323.73 258.81 2536.96 779.41 484.12
95.09 125.78 91.97 1240.29 305.4 164.67
317.68 546.65 476.34 3857.21 1318.46 827.86
335.63 570.33 622.03 3412.12 1638.46 1023.36
459.07 772.48 747.05 4778.55 1654.83 852.23
935.77 1406.79 2085.49 3452.89 3591.0 2338.63
407.99 622.11 832.82 2844.75 1441.84 764.77
1085.93 1524.01 1933.67 2829.96 3292.51 3018.38
187.94 229.43 259.36 419.25 387.39 357.09
523.68 794.57 1108.63 2966.91 2095.53 1317.76
109.36 136.31 100.37 512.15 184.16 127.82
872.45 1317.16 1944.57 3508.1 3402.96 2199.35
550.01 820.22 955.57 3448.75 2078.96 1615.94
209.41 416.57 289.24 4582.2 1176.97 506.69
103.63 306.58 164.74 4266.0 1165.42 508.84
372.09 672.75 559.33 4492.03 1649.73 1069.58
200.21 463.06 242.08 4754.8 1182.14 526.61
96.6 123.83 95.4 926.07 269.87 149.6
258.0 541.93 334.9 4845.11 1374.45 749.4
107.16 258.84 75.71 4095.21 841.24 342.93
413.73 674.68 779.94 4213.88 1454.32 788.07
746.29 1127.98 1541.31 3559.88 1961.4 1134.11
99.03 103.05 99.47 189.32 120.16 105.92
883.01 1280.21 1545.5 3322.34 2828.32 2470.2
417.43 626.39 669.29 2795.67 1429.11 1116.41
212.8 387.69 311.13 3697.64 1028.1 468.01
910.84 1321.87 1712.14 3332.14 2774.96 2113.39
252.32 503.13 222.7 5212.49 1106.8 415.83
322.33 620.88 532.47 4659.56 1501.53 727.55
535.9 844.12 1107.94 4072.4 2215.62 1298.14
342.03 509.99 548.91 2885.54 1280.82 953.44
215.74 370.25 342.92 3099.74 1031.05 514.8
120.1 283.26 182.52 3343.31 978.51 467.13
255.01 482.57 349.85 4791.58 1386.38 803.16
112.69 228.34 149.39 3541.47 843.28 409.07
578.99 890.06 1158.52 3750.34 2445.56 1481.28
490.63 791.55 960.59 4321.67 2145.99 1240.26
380.98 747.03 531.16 5006.86 1555.19 726.94
521.86 824.9 1002.01 4014.38 1694.99 934.76
842.46 1220.64 1749.18 2823.53 2562.49 1583.41
189.08 412.42 218.83 4049.03 1045.36 512.94
830.61 1207.53 1789.07 3511.14 2565.16 1486.51
110.56 254.68 159.39 4141.47 1055.2 419.75
717.96 1017.05 1390.8 2196.97 1887.72 1308.97
380.31 634.89 542.51 3067.57 1346.45 918.33
873.92 1287.81 1789.5 3379.92 2584.61 1629.99
857.68 1261.52 1774.94 3354.19 2687.53 1634.44
932.09 1337.59 1603.84 3451.61 2887.77 2545.27
517.81 743.04 844.95 2304.52 1603.34 1321.27
874.03 1293.32 1815.87 3564.81 3191.18 2019.87
205.18 362.26 345.67 3023.03 1052.75 502.51
551.65 874.46 1185.17 3898.79 1912.25 1107.67
94.31 139.82 92.31 1480.23 383.83 182.87
289.44 478.39 485.21 3158.51 1355.05 842.65
241.32 460.13 430.47 4495.99 1484.02 708.1
918.01 1332.66 1834.32 3285.58 2844.45 2064.42
489.87 763.34 997.63 4170.25 1988.55 1133.83
274.21 500.73 317.46 4356.91 1077.53 453.39
113.01 212.67 98.28 2030.55 477.62 218.41
102.16 285.73 90.94 4254.72 1050.04 416.74
218.08 492.76 259.3 4915.06 1285.73 642.6
569.25 848.57 1221.71 2333.81 1717.96 1060.92
308.83 558.69 570.51 4344.79 1572.01 767.66
161.24 223.55 247.09 1424.38 541.42 300.37
405.63 658.9 676.89 4065.97 1781.33 1225.67
339.38 607.35 466.1 4838.55 1442.01 663.85
834.36 1258.74 1754.1 3619.84 2901.03 1808.79
168.34 359.68 204.65 4557.95 1081.72 463.69
693.86 976.0 1204.82 2149.61 2076.16 1831.85
267.72 499.99 458.5 4407.25 1619.75 876.37
1010.02 1430.17 1902.26 3013.02 3035.94 2483.08
291.41 541.5 496.23 4048.53 1564.71 979.8
187.39 360.32 272.09 4250.3 1239.8 642.65
188.22 357.83 313.73 4726.36 1273.95 606.86
120.11 154.64 114.84 811.67 237.3 141.19
818.25 1217.56 1388.74 3989.06 2535.04 2030.05
610.95 920.15 1227.24 3846.35 1850.84 1056.5
81.91 226.61 75.56 4488.28 1002.39 363.48
250.94 433.2 384.98 4571.63 1366.63 825.85
792.6 1152.64 1393.58 3250.48 2694.76 2274.73
807.71 1220.06 1684.32 3574.08 2919.04 1822.11
365.46 658.78 473.08 4589.96 1407.16 686.55
901.02 1303.82 1543.82 3485.21 2803.46 2424.22
409.21 683.62 654.26 4200.55 1294.16 615.98
290.91 533.77 553.87 4378.01 1630.98 796.02
107.74 167.02 98.98 1248.41 324.63 170.44
101.14 241.7 125.4 4190.37 1024.66 418.55
112.92 189.87 103.5 2037.01 458.22 215.73
522.71 794.21 1088.17 3083.68 1740.73 944.79
100.67 104.12 100.25 185.37 116.9 105.39
115.69 258.19 147.83 4868.63 1084.43 460.42
116.17 268.22 128.48 4520.0 852.02 385.49
88.5 133.94 84.79 1789.09 407.88 191.25
136.01 239.68 101.41 1685.7 423.8 207.03
804.5 1144.67 1694.13 2840.59 2310.41 1371.23
220.33 448.91 321.47 4638.61 1196.82 529.91
328.03 554.17 666.06 4293.9 1727.99 943.25
866.88 1315.82 1896.48 3533.53 2660.62 1627.61
871.6 1292.19 1474.85 3508.51 2771.16 2379.19
962.93 1395.0 2065.1 3192.98 3499.96 2265.49
453.73 826.31 726.51 4789.63 1718.47 847.78
943.11 1354.18 1624.82 3387.93 2900.88 2578.56
381.93 636.4 665.93 4174.14 1398.3 716.76
794.39 1137.81 1401.1 3158.59 2599.15 2249.16
937.21 1375.82 1918.27 3333.52 2718.15 1728.61
188.52 401.34 380.49 3864.98 1253.17 546.46
195.9 379.5 266.4 4662.43 1165.83 614.55
114.31 243.58 141.6 3364.46 824.51 330.54
127.1 289.95 136.18 4758.33 982.26 421.32
107.31 119.5 105.41 344.05 146.57 114.49
90.41 219.31 69.55 4119.67 770.36 284.38
223.67 466.16 317.93 4694.83 1454.16 766.55
89.28 239.63 92.09 4575.63 1035.92 379.93
495.09 687.65 822.73 1651.75 1450.06 1280.25
282.3 523.44 304.83 4026.17 1019.24 454.0
660.17 1053.02 1433.88 4073.24 2390.19 1412.78
1069.26 1503.66 1901.79 2858.18 3250.8 2973.29
719.99 1119.7 1495.5 3854.52 2248.6 1321.59
206.32 479.02 236.39 4947.35 1257.94 610.0
91.69 290.3 158.29 4225.49 1133.63 447.93
110.04 264.94 141.69 4482.67 1070.33 407.57
672.08 1009.31 1116.02 3946.82 2290.28 1845.13
73.93 181.71 85.78 2492.63 640.12 258.67
92.9 168.91 93.53 2027.13 541.22 233.85
451.19 720.22 721.35 4087.91 1801.61 1276.91
792.87 1194.21 1748.29 3982.59 3416.84 1958.36
90.64 149.14 84.7 2273.9 491.58 223.3
74.34 206.14 76.01 4207.67 958.48 346.2
375.06 639.78 691.61 4407.8 1877.96 953.81
111.62 306.86 73.57 5220.73 1057.05 418.24
208.9 436.04 241.23 5037.62 1297.55 578.27
1004.62 1431.23 1740.15 3280.54 3045.02 2743.36
153.03 313.5 204.23 3854.99 1040.99 498.78
77.06 214.19 57.12 4478.72 740.65 276.16
151.14 323.73 178.65 4806.53 1049.99 487.03
73.74 182.3 85.68 2510.06 644.06 259.83
505.68 836.56 992.5 4301.84 1882.98 985.67
94.45 153.87 94.94 1606.66 444.95 204.64
685.53 1025.28 1355.01 3290.69 2243.72 1492.15
272.66 386.05 426.12 1835.51 912.0 703.62
99.34 110.67 99.17 404.2 162.57 118.3
542.69 888.52 1147.37 4203.59 2076.3 1184.27
602.46 892.08 1051.83 3560.72 2156.13 1755.56
292.94 474.3 451.36 3554.08 1170.74 816.88
523.55 818.03 897.91 3881.14 2098.09 1564.11
233.13 456.14 334.71 4729.84 1294.65 597.85
317.18 453.59 512.14 2094.09 1105.44 854.81
312.4 510.82 499.81 4284.03 1483.89 974.84
793.05 1227.82 1790.19 3652.64 2678.95 1660.18
328.19 555.86 564.78 3783.44 1479.1 791.42
75.14 193.48 69.59 4436.18 902.91 347.14
778.08 1147.57 1298.71 3722.03 2480.5 2051.0
549.58 862.73 997.84 4323.36 1799.2 929.46
207.59 388.84 295.37 4444.21 1084.8 631.72
685.78 1009.49 1184.31 3664.43 2333.22 1937.28
275.72 491.16 493.2 4570.28 1386.66 682.19
397.92 697.25 508.39 5109.2 1508.84 843.83
500.18 781.36 953.29 4127.64 2138.32 1355.1
841.83 1199.44 1492.03 3050.96 2772.89 2394.56
146.92 282.0 101.84 2166.12 521.9 239.46
309.0 546.57 527.27 4322.61 1470.06 782.28
219.92 315.36 337.21 1308.75 724.25 545.2
112.23 239.54 87.77 3063.84 646.13 270.46
128.99 193.15 132.35 1515.69 432.62 235.9
87.67 161.4 76.94 2454.49 444.48 194.72
361.14 591.69 533.59 3716.76 1214.29 643.42
364.5 581.0 612.6 3752.52 1643.74 1121.35
539.62 839.43 878.07 4074.45 2056.75 1522.23
194.09 414.82 221.15 4965.92 1249.66 528.74
90.65 190.78 91.47 2638.7 681.24 276.33
257.9 489.67 390.46 4703.4 1335.97 612.02
87.19 224.37 88.32 3578.21 896.34 341.58
205.57 418.5 333.63 4473.14 1379.48 654.73
882.18 1317.35 1880.94 3456.13 3287.01 2263.62
162.97 267.93 146.56 2202.2 501.13 224.8
452.89 829.22 595.86 4781.52 1765.98 1141.41
600.51 928.83 1201.85 3877.93 1943.66 1093.71
1027.43 1445.96 1827.21 2946.8 3159.01 2868.82
914.62 1329.9 1812.3 3098.87 2447.93 1753.03
547.79 852.38 882.83 4183.54 2004.67 1510.45
292.85 531.15 420.08 4720.11 1462.63 899.21
106.21 237.75 78.93 3564.83 742.83 310.68
785.35 1176.92 1611.64 3732.29 2536.83 1565.23
197.55 421.65 247.04 4701.47 1195.26 570.44
819.44 1167.74 1553.01 2504.62 2660.47 2091.04
1074.96 1522.16 2014.65 3050.46 3233.46 2709.27
630.58 948.31 1220.57 3789.76 2447.52 1747.99
307.82 514.53 577.86 3722.62 1346.78 654.79
90.08 169.47 86.59 2507.75 595.12 244.57
981.27 1412.6 1829.57 3142.71 2968.13 2412.63
706.43 1120.46 1095.08 4227.37 2339.76 1850.53
654.24 1030.26 1377.89 3920.15 2196.55 1279.04
668.27 995.34 1330.32 3646.11 1969.59 1138.1
542.23 882.54 1070.33 4261.92 2134.18 1143.17
95.0 180.22 93.73 2387.13 570.43 237.63
761.75 1159.19 1571.16 3515.46 1983.39 1145.76
689.59 1060.7 1514.63 3486.01 2262.48 1347.95
130.83 367.05 95.92 4675.63 994.99 380.65
316.73 460.5 616.06 1421.44 926.07 572.65
635.42 934.67 1099.1 3767.09 2254.13 1837.43
604.49 944.59 1316.34 3737.31 2587.22 1575.96
291.03 569.99 355.65 3891.21 1167.43 558.02
235.97 410.63 414.32 4026.2 1253.55 686.03
303.75 425.38 562.41 1335.62 880.58 566.42
1066.95 1497.28 1901.23 2848.74 3249.38 2972.74
905.93 1292.41 1929.73 3228.73 2634.65 1557.64
127.57 244.4 181.5 2334.04 736.66 388.54
93.51 221.77 91.89 4689.17 961.15 396.17
602.61 1006.53 1065.21 4385.1 2292.43 1419.2
530.67 841.87 893.08 4004.69 2114.82 1580.2
427.54 602.39 859.12 1625.5 1202.05 700.53
115.08 236.43 92.46 3207.11 658.07 274.14
344.6 530.1 635.72 2248.39 1284.02 771.66
182.83 297.99 272.64 2322.25 768.06 413.41
858.11 1299.0 1820.86 3581.73 3146.55 1980.14
852.87 1263.74 1652.58 3367.67 2734.04 2108.39
677.14 1046.13 1152.59 4129.63 2057.96 1397.5
1063.23 1503.17 1849.89 3201.84 3189.14 2898.41
114.24 234.86 121.1 2728.95 727.57 323.89
997.96 1438.31 2014.88 3240.89 3176.16 2284.88
492.66 812.76 861.35 4554.14 1909.91 1029.19
100.53 111.73 98.21 395.06 154.74 117.94
240.38 430.56 361.22 4346.36 1174.97 727.85
584.45 901.71 976.64 4089.04 2111.63 1566.9
122.05 339.67 133.84 4863.16 1223.14 487.07
134.29 189.92 122.94 1069.55 289.84 161.26
1096.3 1537.38 1956.42 2787.78 3321.36 3051.73
680.69 1032.17 1152.34 3874.08 2415.14 1942.84
58.12 178.33 54.44 4280.81 849.83 318.11
640.71 950.28 1361.8 2908.23 2378.77 1492.35
772.26 1105.73 1361.03 3288.3 2599.2 2212.31
96.92 116.15 94.97 814.42 228.69 140.52
944.49 1348.48 1662.51 3116.68 2951.26 2631.51
204.23 397.29 346.8 4226.44 1266.73 556.94
935.88 1380.37 1940.96 3124.16 2850.54 2048.54
104.61 152.63 95.39 1217.93 306.0 164.3
208.51 333.5 306.08 3114.73 983.94 613.05
340.69 560.13 548.0 4164.64 1425.57 999.77
793.89 1138.42 1361.52 2593.3 2422.28 2149.36
873.6 1256.34 1588.11 3240.6 2719.58 2283.03
162.53 248.49 252.81 1851.22 543.37 298.6
533.5 896.23 877.93 4986.99 1921.7 965.27
168.96 354.56 196.41 4425.36 1017.63 445.13
398.49 593.59 627.91 2637.11 1342.93 1058.23
583.24 918.24 1102.85 3979.33 1971.56 1196.23
313.64 610.55 434.36 4774.81 1494.26 891.0
87.91 184.65 83.66 3034.08 703.35 276.17
361.24 667.54 605.38 4598.95 1469.07 716.01
155.63 248.35 141.13 1957.13 454.36 210.25
287.3 537.32 330.53 4689.82 1118.32 471.67
113.69 218.6 98.19 2132.08 497.48 224.64
303.21 454.26 486.12 2173.43 1140.17 831.56
362.07 605.59 538.31 4254.6 1490.4 1002.64
563.0 876.74 1148.82 3650.3 2149.73 1274.66
212.47 381.59 315.02 4615.12 1283.44 727.49
443.26 694.64 921.19 4195.5 1757.82 906.64
748.65 1122.6 1562.58 3653.05 2513.98 1550.45
482.11 842.97 730.25 5180.79 1749.94 880.04
91.93 115.09 91.22 905.41 244.45 142.02
309.7 574.08 668.79 4146.32 1892.25 939.36
362.68 655.07 639.06 4186.96 1346.81 658.54
439.03 682.93 735.29 3893.48 1691.5 1276.19
63.77 213.57 80.24 3425.59 850.73 320.55
93.21 184.39 78.46 2943.25 574.17 230.42
328.5 554.6 587.61 3755.19 1442.35 767.36
369.0 667.49 496.34 5249.46 1500.68 700.6
193.91 353.13 290.8 4377.91 1222.05 676.13
165.65 329.18 165.58 3780.89 938.14 425.57
417.63 644.08 706.16 3934.38 1755.2 1271.07
285.26 487.97 473.79 3799.17 1258.21 642.18
566.53 825.74 963.43 2981.55 1885.99 1565.49
971.98 1373.75 1728.22 2983.7 3024.71 2724.31
197.68 410.35 225.97 4850.34 1200.14 567.7
230.79 435.69 298.96 4397.31 1188.08 658.21
720.08 1072.21 1512.6 3762.8 2332.33 1315.41
477.7 744.62 779.03 4225.33 1813.72 1352.64
128.96 350.86 96.17 4398.25 940.74 363.64
352.19 463.48 569.32 778.34 913.18 846.02
144.49 327.92 136.38 4592.66 978.61 413.34
214.43 448.76 417.77 4133.77 1390.02 634.96
97.64 251.66 113.05 4562.25 1056.26 395.57
202.32 406.9 291.92 4584.18 1308.2 673.57
471.94 766.05 790.12 4351.52 1933.77 1266.11
287.8 647.6 278.41 5288.75 1372.41 599.8
280.96 522.39 370.27 4806.52 1450.98 799.12
223.82 409.17 330.37 4376.37 1133.59 682.95
344.2 571.53 606.43 4106.74 1672.64 1016.68
90.68 129.2 94.92 954.93 293.0 156.7
248.72 423.97 360.54 3856.95 1143.9 705.01
406.08 686.76 541.02 4654.42 1496.81 900.12
148.83 306.75 253.6 4141.64 1212.49 512.86
1149.26 1611.76 2015.39 3018.3 3399.06 3139.05
152.84 354.22 235.76 4590.14 1296.34 548.81
146.58 226.57 134.37 1748.46 418.03 195.41
440.0 681.3 752.27 4272.18 1769.15 1228.06
582.94 920.17 1241.81 4363.55 2699.29 1494.38
480.44 787.72 875.75 4123.63 1939.8 1196.43
632.82 936.93 1163.75 3546.5 2261.33 1672.75
156.39 349.12 134.37 4622.87 1063.26 430.71
400.47 697.9 602.79 4250.66 1629.83 1109.05
136.28 196.75 126.83 1311.15 331.1 171.9
83.92 184.42 73.72 3834.61 772.71 311.82
327.9 663.16 299.36 5775.84 1285.25 511.68
836.04 1214.69 1486.68 3175.34 2756.11 2385.03
88.42 136.29 93.68 1162.6 339.88 170.47
956.46 1348.92 1706.31 2831.65 3049.29 2704.4
332.95 554.43 618.75 4413.09 1524.86 876.14
739.58 1116.74 1590.57 3599.7 2848.82 1759.33
680.01 1050.32 1410.61 3930.74 2658.53 1606.11
303.5 667.9 320.57 5223.68 1381.46 625.64
232.92 395.03 348.42 3485.83 1168.98 699.33
182.09 400.99 176.27 5080.7 1218.44 522.52
649.74 955.55 1105.69 3917.09 2259.85 1845.84
299.55 613.03 243.53 5520.0 1183.67 465.99
796.49 1156.56 1404.75 3521.92 2605.81 2146.69
190.69 355.27 321.37 4446.83 1205.2 558.56
568.8 884.82 861.32 3718.45 1821.51 1375.3
98.17 117.76 98.33 596.74 213.73 134.5
277.77 458.66 453.6 2705.69 1192.44 816.24
176.9 355.35 230.5 4707.65 1119.41 562.61
305.46 507.75 604.79 2683.21 1284.47 766.3
87.45 146.53 87.36 1952.05 484.4 208.26
103.58 241.53 113.11 4888.02 1029.37 435.53
422.67 678.94 858.45 4283.6 1941.13 1095.77
596.13 871.76 1272.81 2570.5 2379.54 1389.45
872.6 1330.84 1927.59 3611.88 3400.14 2187.9
1066.99 1517.42 1893.62 3190.09 3199.54 2823.31
246.61 446.7 330.22 4071.11 1204.02 679.71
329.63 580.33 523.53 4500.25 1400.02 668.58
147.37 283.76 101.86 2186.13 525.99 240.81
882.92 1284.93 1541.36 3328.71 2823.1 2462.39
184.99 416.01 271.63 4746.75 1353.03 596.86
568.07 882.29 934.66 4268.62 2096.07 1609.02
494.89 793.67 965.24 4162.99 1903.23 1074.07
271.9 503.95 422.14 4664.96 1294.27 592.81
876.8 1299.36 1903.93 3287.04 3054.41 1943.05
539.61 783.04 950.18 2727.48 1742.58 1373.11
178.85 314.25 158.18 2890.38 638.34 261.5
300.55 517.78 484.43 3803.76 1502.4 945.49
78.33 140.52 76.43 2262.98 487.93 212.84
136.44 262.75 179.16 3963.77 966.09 477.74
857.15 1319.86 1954.49 3643.82 2872.61 1797.06
452.64 676.71 812.18 2920.5 1643.57 1156.72
844.84 1217.28 1473.73 3270.97 2694.43 2349.11
579.05 813.08 1071.54 1808.69 1672.96 1268.14
290.51 651.09 244.51 5304.14 1359.76 658.92
598.53 974.02 936.34 4739.91 2033.75 1325.2
732.95 1075.22 1339.16 3371.41 2341.47 1661.2
155.98 252.12 141.31 2081.17 482.22 214.67
245.64 439.4 439.39 4130.31 1338.79 657.51
501.79 752.24 1027.32 2922.88 1758.37 1056.47
467.2 844.95 621.68 4736.84 1792.0 1186.04
344.75 581.68 643.37 4195.15 1545.63 788.44
101.47 239.06 115.39 4877.16 1025.37 419.94
316.53 490.65 526.44 2298.14 1209.29 895.42
601.33 935.08 915.23 4379.19 1989.48 1466.35
205.45 418.72 310.59 4482.86 1418.22 738.37
99.61 103.78 99.64 205.85 124.23 107.35
188.16 268.56 285.75 1335.13 482.04 277.67
420.72 690.07 732.93 4287.92 1715.24 1023.92
482.85 811.66 996.67 4137.92 1926.93 1062.57
928.07 1331.47 1605.9 3297.3 2871.76 2516.4
158.72 254.0 139.29 1760.45 425.12 204.92
253.46 499.05 222.42 4968.59 1050.44 411.51
352.94 594.17 731.17 3921.24 1572.6 808.45
97.28 108.03 96.4 499.61 172.84 121.59
574.33 877.37 1165.83 3504.36 2079.73 1243.36
406.75 693.89 530.15 4217.87 1422.85 858.1
249.33 443.57 387.78 4248.17 1409.06 816.43
681.98 1041.07 1411.21 3935.6 2467.46 1483.32
83.22 217.46 77.32 4171.23 937.19 344.45
409.91 653.6 686.46 4173.43 1693.91 1168.3
109.24 241.75 155.58 3793.77 950.17 375.54
77.99 209.58 58.85 4301.68 714.74 269.04
203.17 422.75 269.75 4983.77 1284.08 635.6
574.56 879.39 1017.51 3378.81 2187.37 1717.02
886.46 1298.64 1783.89 3334.55 2352.16 1424.44
1022.96 1452.64 1878.65 2961.97 3187.52 2757.77
368.51 569.16 629.68 3246.39 1442.94 955.85
1052.37 1493.3 1971.03 2874.6 2999.31 2545.19
764.38 1124.36 1432.17 3617.84 2367.97 1752.83
698.6 1086.77 1126.42 3840.26 2380.41 1893.77
98.52 123.69 98.15 775.48 238.94 140.65
409.78 647.8 811.55 3055.13 1672.22 1004.93
356.24 619.73 637.85 4476.72 1650.4 867.35
653.68 979.88 1181.1 3644.63 2227.97 1681.61
852.75 1179.6 1473.79 2096.59 2440.27 2271.92
139.85 277.98 200.75 3949.27 992.06 508.89
125.69 292.29 148.85 4848.94 999.47 392.74
122.01 314.8 172.28 4639.49 1258.67 501.74
718.47 1119.93 1271.9 4021.28 2193.22 1489.14
235.52 461.39 200.2 4623.92 963.22 368.58
352.94 626.34 428.06 4925.85 1371.56 731.91
193.83 341.27 319.31 3554.55 887.35 420.0
467.27 729.9 1006.74 3801.81 2226.88 1236.0
269.07 454.41 492.5 3317.14 1242.87 610.2
756.45 1149.04 1250.49 3641.0 2523.91 2067.5
297.25 545.24 497.74 4777.34 1468.11 721.6
168.18 350.61 175.64 4239.98 1023.58 421.78
611.51 941.19 1337.92 3737.29 2142.91 1145.67
1181.93 1653.03 2072.58 2975.77 3461.9 3218.03
95.19 133.65 93.5 1266.34 339.84 170.03
842.22 1228.01 1696.08 3185.11 2882.84 2094.64
470.54 666.94 792.82 1902.54 1488.99 1261.07
62.48 170.17 59.18 3845.36 771.73 295.4
582.49 941.23 1101.28 4290.68 2425.64 1529.19
850.14 1254.19 1816.7 3417.39 3426.87 2192.36
104.23 116.41 100.17 286.32 138.05 112.58
516.19 904.24 743.75 4681.18 1887.56 1246.43
117.26 249.48 97.72 2661.2 600.97 257.09
205.41 432.12 291.32 3921.0 1125.35 533.53
64.99 191.39 68.07 4398.09 893.12 346.64
115.52 320.12 114.73 4634.39 1171.32 482.0
337.59 448.48 538.62 909.98 905.91 806.65
1153.14 1614.22 2022.79 2986.29 3398.14 3146.31
113.37 220.97 93.31 2854.88 594.81 254.4
341.07 612.16 430.22 4963.8 1334.06 635.94
153.26 359.51 122.27 5002.54 1122.53 436.0
235.55 513.38 295.59 4869.17 1329.91 688.2
486.75 688.56 933.44 1810.61 1234.4 761.69
472.73 761.16 833.6 4261.61 1818.29 1140.09
574.38 870.4 1142.21 3732.41 2010.8 1195.38
651.37 1039.03 1201.08 4300.05 1782.9 954.54
557.31 851.41 1164.64 3736.92 2324.51 1397.14
473.91 762.7 750.14 4466.35 1871.85 1366.78
1198.15 1672.83 2103.92 2939.52 3499.49 3263.22
115.21 231.76 97.99 2357.65 541.6 238.47
590.52 899.92 1241.87 3748.38 2220.83 1316.88
102.68 113.06 101.12 346.8 151.47 116.91
104.72 204.55 84.01 2729.83 587.92 259.91
259.31 495.85 327.78 4867.78 1400.29 738.6
244.39 485.04 206.76 4920.02 1019.72 386.16
765.81 1126.07 1335.52 3628.45 2548.44 2123.6
86.91 191.61 82.32 3275.05 752.91 290.64
986.18 1405.61 1806.29 3056.97 3103.18 2657.56
92.01 139.76 85.07 1624.68 323.07 161.34
83.28 262.3 84.75 4638.87 1139.18 415.25
501.49 791.23 990.36 3504.23 1759.46 1064.46
359.03 650.41 482.7 5096.16 1423.25 663.98
505.9 793.34 1063.56 3703.36 2095.2 1208.55
886.55 1257.04 1556.98 2770.42 2731.57 2451.46
303.57 452.27 550.71 2082.34 1127.13 681.89
83.91 256.21 85.33 4468.6 1100.2 403.42
592.84 926.75 1166.8 3897.21 2076.6 1183.2
182.55 257.05 238.75 1349.6 528.13 381.82
100.4 134.68 98.31 875.82 277.4 159.15
512.43 801.13 844.06 4023.39 1888.58 1397.87
256.8 395.28 500.56 2445.34 974.49 506.39
918.97 1327.36 1920.25 3035.55 2845.21 1957.52
1034.34 1467.88 2023.63 3175.14 3077.89 2342.17
176.17 395.45 102.99 3454.01 784.89 326.38
704.34 1048.18 1175.84 3782.0 2340.5 1898.8
814.62 1139.27 1426.89 2270.66 2444.6 2223.58
147.61 311.58 143.61 4005.2 920.18 395.16
933.74 1326.75 1727.21 3299.0 2840.16 2306.6
137.69 345.66 120.5 4787.2 1003.79 402.34
352.28 590.6 585.0 4015.06 1411.24 815.56
157.06 388.05 224.73 4818.69 1323.4 563.87
121.14 269.5 103.02 3491.06 747.05 310.59
359.55 601.85 690.01 3675.11 1405.05 762.52
798.17 1151.14 1382.23 3395.13 2596.81 2225.41
451.6 670.29 735.0 3035.16 1538.62 1218.62
938.64 1431.34 2167.18 3420.67 3077.94 1951.53
225.29 439.71 412.0 4501.66 1341.6 579.58
581.27 971.1 862.33 4390.37 2068.19 1522.59
962.0 1398.0 2014.0 3173.0 2939.0 1816.0
69.0 191.5 59.0 4653.5 930.0 346.0
134.0 394.5 95.5 5146.0 1087.0 409.5
969.0 1403.0 2079.0 3181.0 3518.0 2279.0
155.0 368.0 123.0 5163.0 1156.0 447.0
89.8 263.8 87.2 4769.8 1060.5 381.0
971.0 1390.0 2115.5 3245.0 2879.5 1707.0
122.0 299.0 89.0 4632.0 914.0 354.0
72.0 203.8 71.8 4231.5 957.5 341.5
907.5 1325.5 2047.5 3151.5 2757.0 1579.5
948.0 1357.0 1978.0 3155.0 2462.0 1531.0
56.8 180.8 53.0 4412.8 873.5 325.0
119.5 322.5 80.5 4825.8 970.8 371.8
948.0 1376.0 2046.0 3146.0 2970.0 1921.0
911.0 1341.0 1922.0 3127.8 2196.5 1320.8
985.0 1493.5 2276.8 3372.5 3183.8 2033.8
76.2 218.5 55.5 4643.8 764.8 282.8
962.5 1390.0 1954.5 3151.5 2480.0 1527.0
959.5 1435.2 2145.2 3160.2 2832.8 1787.8
88.5 243.0 63.5 4918.0 903.5 321.0
978.0 1422.0 2105.0 3266.0 3199.0 2037.0
79.2 209.2 66.0 4931.0 970.2 374.0
222.2 574.0 104.8 5481.0 1198.8 463.2
992.0 1434.0 2127.0 3253.0 3849.0 2515.0
980.5 1432.2 2016.0 3245.2 2807.8 1800.2
966.0 1422.0 2112.0 3259.5 3477.0 2237.5
109.2 304.0 68.8 5231.2 1052.0 412.0
978.0 1434.0 2220.0 3640.0 4073.0 2397.0
81.5 229.5 75.0 4588.5 1023.0 369.5
937.0 1353.0 2081.0 3198.0 2826.0 1629.0
924.0 1316.0 1970.0 3207.0 2671.0 1584.0
102.5 315.2 89.5 4914.0 1200.8 467.0
980.0 1467.0 2194.0 3388.8 3736.5 2446.5
955.0 1376.0 2056.0 3368.0 3193.0 1885.0
977.5 1462.0 2197.0 3231.5 2940.0 1846.5
939.0 1381.8 2053.5 3176.2 3230.8 2074.0
265.0 540.0 222.0 5608.0 1151.0 427.0
83.0 265.0 84.5 4714.5 1156.5 420.5
245.0 494.0 207.0 5231.5 1090.0 397.0
304.0 635.0 236.5 5868.5 1229.5 464.5
138.0 335.0 114.0 4964.0 1063.0 407.0
53.8 244.8 74.8 4340.2 1057.2 381.2
1050.0 1465.0 1880.0 2630.0 3252.0 2949.0
1121.0 1568.0 2001.0 2751.0 3375.0 3115.0
1212.0 1691.0 2129.0 2918.5 3531.0 3299.0
100.0 100.0 100.0 100.0 100.0 100.0
