524.29 690.64 887.75 1422.05 1625.05 1235.86
616.82 826.05 1032.05 1757.84 1736.61 1319.67
612.34 778.21 909.81 1555.39 1717.9 1449.13
659.81 1001.45 1423.13 3616.58 2261.23 1257.18
830.06 1157.98 1638.36 2709.33 2656.08 1724.85
277.66 539.07 251.61 5245.09 1154.42 472.24
735.53 1029.19 1443.23 2285.17 2526.7 1729.98
905.75 1337.55 1972.97 3223.79 3286.26 2103.06
429.06 699.94 909.81 3837.18 1739.24 934.96
554.41 728.58 878.52 1529.03 1581.01 1260.52
868.12 1280.65 1852.42 3249.81 3144.84 2024.12
879.34 1288.43 1777.86 3199.6 2585.21 1661.31
877.28 1274.63 1844.42 2771.22 2602.63 1736.0
663.08 960.95 1345.71 2333.31 2112.24 1441.98
890.8 1274.16 1852.57 2875.04 2756.07 1840.24
144.71 221.24 209.29 1811.15 583.46 294.7
811.42 1215.35 1760.03 3405.48 2921.63 1827.55
850.9 1242.28 1910.25 3009.36 2583.75 1479.96
256.9 337.38 441.41 660.44 582.5 402.96
794.97 1170.29 1691.85 3627.27 2798.58 1606.82
678.64 1046.25 1416.75 3421.78 2232.63 1383.04
220.1 299.18 390.36 895.47 570.9 364.8
864.47 1248.84 1870.41 3443.98 2651.09 1547.97
460.77 652.06 910.52 1446.92 1032.63 643.07
731.16 998.32 1327.3 2146.75 2271.91 1678.37
776.98 1153.36 1664.5 3101.33 2831.56 1794.94
281.78 538.57 311.41 5073.94 1177.84 462.36
414.8 719.19 607.13 5070.0 1438.53 669.13
870.0 1254.55 1853.54 2829.99 3128.6 2030.75
436.98 578.54 721.09 1195.14 1204.85 918.85
862.15 1224.48 1828.38 2972.59 2478.49 1474.24
765.24 1102.54 1591.51 2701.04 2749.02 1792.75
884.95 1287.48 1830.76 3191.35 2746.6 1699.09
515.94 662.22 769.95 1357.69 1531.37 1261.69
845.06 1262.25 1770.68 3477.17 2718.79 1714.24
405.15 514.27 595.24 1026.41 1131.05 932.24
792.14 1155.43 1683.82 2980.98 2630.01 1654.56
916.46 1320.35 1936.5 3007.84 3298.71 2154.38
253.16 326.84 454.41 653.03 588.76 382.58
620.11 919.3 1292.95 3572.42 2059.83 1140.83
238.05 355.07 434.28 1641.19 857.4 474.87
578.1 831.59 1174.1 1884.93 1335.92 819.68
337.09 523.93 604.07 3120.25 1380.73 802.21
941.68 1381.02 2131.34 3552.1 3918.49 2304.57
950.25 1358.25 2062.27 3166.39 2814.6 1674.74
747.28 1060.14 1570.68 2693.44 2150.6 1276.06
266.45 464.86 531.62 3980.14 1376.31 629.63
204.01 349.73 372.03 2487.05 922.22 451.99
737.33 996.5 1280.86 2124.33 1977.81 1467.97
811.14 1190.87 1650.31 3142.89 2386.68 1506.13
320.84 525.46 604.31 3663.12 1544.09 843.97
810.69 1206.08 1589.88 3347.31 2173.89 1299.68
894.57 1281.18 1863.22 2880.38 3194.01 2114.6
944.34 1371.1 2037.74 3150.54 2961.58 1914.39
390.33 611.71 703.92 3606.05 1611.41 911.98
714.31 1079.16 1466.98 3801.15 2778.95 1705.78
312.74 548.55 526.11 4300.7 1373.82 685.98
650.71 891.42 1218.79 2063.55 2052.07 1374.82
893.97 1298.24 1918.02 3462.24 3050.47 1782.5
755.84 1119.82 1552.92 3443.13 2587.14 1610.59
516.9 661.58 798.6 1323.03 1488.08 1210.56
876.88 1288.27 1877.05 2936.92 3250.67 2187.72
135.18 286.4 227.58 4315.23 1071.35 470.66
876.59 1258.8 1828.58 2867.73 2833.35 1846.36
765.47 1156.62 1580.99 3456.41 2754.42 1717.37
650.68 970.15 1307.03 3422.89 2492.98 1571.18
621.38 898.53 1316.56 2527.1 1900.28 1107.22
751.53 1071.16 1541.42 2591.65 1941.0 1207.85
712.07 954.83 1271.91 2062.59 2053.84 1497.06
582.63 864.42 1200.94 3437.2 1932.34 1070.0
233.66 297.24 403.33 603.98 517.03 340.71
514.94 800.45 999.69 3881.52 1739.82 938.97
151.19 242.09 204.76 1965.96 570.15 298.84
306.6 528.41 634.69 4092.3 1434.17 737.8
507.48 816.62 1026.5 3901.07 1689.66 882.04
282.59 495.52 528.2 4293.55 1647.14 843.35
125.06 137.91 154.53 189.51 177.06 148.39
740.03 995.67 1339.66 2157.14 2126.2 1535.18
299.97 401.9 512.38 942.12 684.91 476.92
894.25 1276.91 1857.08 2959.87 2313.94 1443.22
543.91 828.37 1146.25 3177.19 2085.83 1249.66
727.93 1031.48 1459.16 2849.16 2159.24 1329.16
756.02 1106.29 1554.65 3482.85 2088.26 1256.13
950.17 1386.77 2032.94 3340.62 3118.93 1974.74
861.65 1299.27 1973.4 2916.38 2753.98 1764.27
604.32 883.44 1300.04 1895.6 1703.49 1090.33
780.59 1157.27 1719.49 2523.21 2263.96 1436.48
791.29 1157.82 1653.06 2680.88 1887.05 1140.6
808.83 1131.18 1630.24 2684.89 2348.25 1492.96
964.02 1445.4 2156.18 3413.59 3688.46 2409.42
390.09 550.26 793.24 1135.23 1038.87 677.37
581.98 791.72 1042.63 1730.43 1824.86 1326.94
554.45 831.71 1122.05 2882.36 1901.04 1158.79
483.72 722.83 770.32 3198.44 1463.53 888.85
524.09 807.2 1030.92 3730.79 1865.97 1058.62
253.36 480.06 457.42 4407.36 1413.61 639.21
898.36 1326.66 2006.38 3640.54 3751.13 2208.19
833.15 1181.94 1763.83 2864.45 2387.55 1420.39
324.25 511.77 581.27 2594.25 971.87 523.91
791.86 1132.45 1682.41 2744.01 2602.74 1544.79
832.71 1208.36 1693.56 2716.47 2353.82 1516.09
177.0 214.91 276.15 394.31 378.55 260.75
341.13 490.26 493.45 2144.84 1002.29 659.36
770.92 1140.89 1641.7 3450.23 2522.09 1588.25
441.24 621.34 894.54 1351.17 1373.38 902.88
719.18 1083.07 1493.11 3476.15 1867.52 1082.28
396.05 541.09 686.17 1488.42 1165.26 840.7
683.15 966.44 1250.67 2493.13 2032.51 1414.95
321.75 397.88 469.69 759.58 839.07 687.42
892.12 1330.53 1984.87 2920.3 2618.56 1655.49
870.2 1272.35 1848.01 3050.27 3116.4 2033.63
838.82 1212.44 1787.18 2764.14 2707.76 1729.95
551.01 737.65 968.1 1676.83 1864.58 1318.81
606.85 876.18 1214.52 3022.69 1921.74 1133.55
949.61 1372.01 2012.19 3133.17 3083.99 1991.35
436.43 572.39 734.38 1199.71 1234.67 920.69
889.35 1281.48 1891.77 3275.44 2988.0 1771.81
883.54 1293.34 1990.06 3187.01 2698.37 1541.76
554.61 781.31 983.45 2369.17 1617.43 1116.09
815.04 1201.86 1767.58 2681.22 2583.13 1719.21
474.62 638.58 724.81 2215.53 1554.89 1171.4
906.38 1325.8 1946.71 3064.72 3093.51 2010.8
641.38 924.96 1407.03 2337.38 2562.17 1520.45
368.44 541.49 505.01 3097.18 1315.54 899.89
886.38 1280.56 1960.83 3112.95 2678.9 1541.84
589.15 847.32 1238.93 1893.49 1925.32 1250.88
711.49 1078.87 1525.87 3641.91 2770.89 1700.0
897.06 1323.26 1939.09 3025.38 3345.78 2238.38
545.99 725.12 902.29 1556.87 1487.29 1113.18
699.35 1016.34 1477.54 2199.79 2053.92 1349.83
277.88 456.48 542.74 2757.26 1142.89 617.5
470.33 675.27 981.21 1484.02 1630.34 1087.47
336.35 517.63 533.95 3061.54 1308.32 805.7
767.22 1123.4 1527.8 3143.21 2065.2 1243.65
901.53 1362.07 2071.49 3063.85 2892.95 1851.41
695.47 923.35 1155.65 1933.4 1884.47 1457.0
354.36 555.53 562.04 3479.73 1414.42 838.04
339.5 472.04 669.89 995.06 1089.69 738.61
261.31 370.46 486.23 1275.42 892.15 570.18
832.6 1235.42 1803.1 3220.74 3051.98 1937.37
412.75 673.74 853.83 4260.03 1675.96 909.7
324.42 543.21 638.28 3962.5 1582.01 813.89
868.69 1298.74 1904.0 3172.33 2600.28 1648.89
477.72 704.3 869.71 3032.73 1690.71 1089.56
880.98 1269.14 1948.41 2990.65 2643.55 1526.66
670.39 980.47 1327.5 3205.34 2211.82 1368.56
687.79 998.23 1442.2 2159.25 1983.05 1307.08
820.97 1173.57 1653.4 2519.6 2384.55 1650.12
331.46 558.06 673.87 4213.38 1490.82 770.95
555.13 740.77 975.76 1629.89 1615.29 1154.98
111.36 326.37 109.35 4896.04 1218.73 480.91
228.99 370.08 328.33 3302.14 1171.07 656.68
589.71 960.18 1122.07 4524.96 1966.3 1073.91
874.73 1230.93 1802.62 2946.9 2518.76 1560.82
532.59 700.96 896.95 1518.03 1532.85 1134.92
440.47 552.84 646.85 1075.91 1175.6 989.83
541.84 717.69 952.91 1517.09 1498.56 1093.79
434.07 716.32 715.4 3873.85 1423.42 706.14
908.29 1331.99 1850.61 3323.07 2646.02 1686.56
435.63 550.4 629.23 1134.92 1234.68 1011.17
546.85 734.64 952.53 1565.17 1658.81 1235.96
854.16 1203.93 1763.98 2890.41 2475.29 1528.8
462.82 720.28 959.6 3647.41 1903.15 1105.16
732.09 1058.71 1621.66 2486.0 2180.35 1261.45
883.83 1294.4 1832.36 3290.44 2747.4 1681.9
565.86 743.8 910.33 1559.2 1716.53 1354.45
442.01 612.73 848.97 1258.77 1184.32 825.35
928.55 1376.75 2035.33 3017.09 2732.66 1757.04
677.1 933.44 1291.39 2176.68 2151.02 1419.07
947.74 1378.15 1927.79 3116.52 2717.78 1762.01
824.07 1221.97 1727.52 3221.64 2037.38 1209.69
321.07 424.23 566.85 864.1 876.12 621.67
196.1 243.71 318.37 439.67 503.88 360.17
397.85 510.8 649.11 1028.1 1041.05 797.15
778.75 1122.75 1623.13 2545.06 2609.33 1726.59
469.86 730.44 974.13 3932.32 1940.18 1042.41
380.93 514.58 737.55 1159.29 976.55 605.95
798.3 1151.42 1694.63 2618.0 2564.72 1640.55
621.0 835.42 1077.52 1788.66 1882.95 1428.29
681.65 899.55 1137.08 1870.3 2075.76 1616.21
246.14 351.4 451.97 1156.96 698.34 444.77
870.81 1254.74 1865.06 3136.68 2911.48 1716.98
278.14 380.49 538.15 758.7 720.72 489.24
724.12 996.47 1349.22 2221.16 1973.9 1390.32
690.91 1017.96 1506.09 2203.91 1978.82 1260.37
779.97 1098.62 1493.37 2452.65 2044.95 1345.64
594.72 806.49 1064.88 1734.21 1789.71 1326.07
369.3 500.56 696.72 1110.22 858.95 557.18
758.59 1131.86 1602.52 3233.15 2784.4 1767.8
674.11 951.02 1371.45 2168.3 1699.12 1068.82
835.29 1212.92 1747.37 2733.33 3016.68 2059.14
393.89 765.8 555.81 4984.09 1789.87 920.81
402.1 600.8 755.88 2283.32 1286.62 756.76
146.52 169.43 206.42 277.81 268.28 197.12
876.07 1277.91 1870.43 3333.04 3250.79 2079.42
924.18 1328.01 2007.91 3333.51 2779.27 1637.02
689.25 924.05 1171.35 1964.66 1822.97 1400.96
912.47 1334.32 1868.45 3148.18 2629.99 1678.62
372.29 573.77 734.21 2809.54 1591.29 883.62
790.55 1081.92 1509.36 2395.09 2290.97 1572.76
940.96 1365.55 2028.2 3135.31 2948.75 1908.04
116.54 125.1 139.88 162.49 154.41 130.3
959.92 1394.31 2007.42 3163.36 2931.69 1813.78
659.68 891.36 1192.54 1950.39 1955.87 1403.68
889.87 1306.47 1918.21 2855.82 2648.4 1726.67
898.36 1297.97 1855.82 2931.08 2733.43 1711.38
307.11 484.19 459.27 2773.45 919.37 466.65
325.45 436.46 615.76 961.71 915.56 570.67
673.16 963.06 1372.64 2143.28 1987.69 1240.99
670.83 971.41 1426.23 2182.61 2325.98 1508.95
351.41 534.48 514.37 2455.87 988.61 592.17
889.94 1343.82 2042.98 3020.98 2852.55 1826.08
850.94 1212.19 1837.69 2811.5 2496.38 1485.5
901.53 1307.7 1911.51 3167.77 3293.41 2132.2
136.61 357.23 165.68 4843.04 1251.68 509.92
294.74 391.66 550.91 818.22 744.3 479.29
383.16 496.58 632.3 1018.95 1045.98 786.92
812.71 1154.11 1610.7 2555.98 2824.59 1997.74
542.28 775.16 1127.55 1713.6 1824.68 1191.65
539.86 740.81 953.73 2063.12 1751.56 1188.73
347.37 453.73 575.83 927.96 925.43 673.78
533.89 707.65 884.47 1515.44 1555.13 1161.98
655.24 954.83 1312.71 3114.82 2069.09 1244.4
481.81 691.24 1001.33 1520.24 1671.79 1119.73
534.45 763.75 1111.57 1692.93 1721.2 1122.18
800.23 1121.99 1523.23 2747.61 2138.13 1443.64
709.68 1105.01 1513.46 3936.27 2883.31 1790.38
495.08 685.63 974.96 1523.32 1200.45 766.7
292.55 550.47 468.76 4820.56 1442.7 676.25
853.85 1233.52 1763.48 3127.29 3291.55 2165.43
549.86 831.86 1080.14 2651.92 1752.31 1085.12
841.52 1237.57 1747.61 3373.06 2643.27 1607.46
809.82 1229.9 1799.32 3577.57 3208.73 2055.42
548.8 768.08 1083.12 1937.71 1597.01 1008.08
893.77 1303.11 1905.07 3017.03 3039.46 1987.03
723.98 1117.74 1434.02 3821.21 2286.33 1378.77
855.1 1290.35 1890.82 3208.44 2573.79 1603.84
817.76 1165.69 1606.38 2638.74 2039.44 1354.5
433.9 591.63 739.14 1931.31 1295.33 889.28
801.52 1133.79 1617.37 2580.25 2977.55 2009.43
774.45 1098.82 1563.14 2930.73 2259.53 1381.2
814.45 1180.34 1658.9 2724.04 1997.99 1255.36
455.56 691.28 883.9 3167.02 1549.94 904.4
350.42 490.34 695.99 1031.02 902.53 593.71
888.3 1280.1 1965.67 3017.95 2667.4 1540.08
74.75 207.46 78.19 4228.21 963.44 345.6
431.27 655.81 903.35 2814.62 1893.69 1056.73
167.16 201.62 246.15 339.91 306.55 229.69
958.19 1409.51 2091.56 3229.3 3445.12 2219.09
757.74 1124.1 1599.06 3596.6 3121.92 1963.0
356.44 479.42 660.4 1001.51 968.36 673.22
946.41 1381.46 1937.49 3183.71 2717.58 1744.0
656.61 936.66 1294.01 2419.48 2215.4 1490.02
641.94 892.82 1265.87 2097.31 2039.45 1296.97
258.45 336.98 440.68 660.57 537.22 362.15
543.13 815.89 1092.13 2910.84 2054.34 1270.47
720.04 1083.04 1502.28 3657.63 2433.32 1494.92
913.42 1316.48 1948.42 2975.22 3518.71 2302.24
950.97 1393.03 2147.43 3559.95 3950.57 2331.12
706.6 1020.47 1449.06 2311.76 2215.74 1519.42
278.08 341.73 401.81 623.24 660.35 550.72
616.37 872.24 1273.42 1925.25 2270.27 1498.03
752.1 1054.74 1489.03 2396.49 1972.54 1298.74
500.31 803.91 983.2 4298.6 2173.73 1261.26
266.91 511.11 518.84 4409.59 1523.19 713.69
895.22 1335.3 1992.26 3071.95 3386.15 2220.43
849.84 1233.53 1861.68 3270.26 2615.29 1505.57
836.88 1207.02 1725.86 2717.75 2529.38 1580.41
870.89 1245.42 1818.54 2803.5 3304.72 2190.08
572.66 754.98 930.02 1587.33 1740.96 1365.7
422.54 594.88 768.61 1727.21 1285.75 847.99
583.31 804.84 894.49 2379.41 1783.32 1330.16
904.59 1324.85 1853.45 3127.9 2612.75 1666.56
916.1 1302.35 1943.14 3165.27 2646.57 1580.28
769.61 1087.74 1473.74 2647.66 2571.92 1788.01
541.77 742.65 930.74 2209.3 1911.86 1352.48
764.24 1100.21 1574.88 2467.98 2287.67 1422.31
523.24 696.13 885.59 1468.69 1574.04 1195.5
509.88 722.75 1089.68 1752.58 1954.71 1172.31
735.21 1057.78 1598.58 2617.6 2930.02 1771.54
354.57 614.51 659.99 4223.29 1446.84 752.16
913.08 1314.65 2011.74 3099.76 2750.17 1599.34
229.78 291.52 394.52 589.34 504.92 333.72
587.94 787.49 989.0 1670.83 1889.46 1462.65
719.12 1005.19 1374.03 2214.0 2417.33 1710.87
861.65 1318.61 1975.75 3584.73 2882.36 1807.78
529.49 836.7 1056.27 4305.34 2115.9 1143.96
505.33 699.27 1003.45 1571.26 1442.47 920.34
625.75 890.95 1305.82 1988.02 1879.39 1229.55
388.05 661.08 826.01 3869.47 1717.93 858.44
637.57 823.33 996.29 1675.51 1809.04 1482.72
869.12 1262.66 1840.88 2871.8 3070.67 2015.79
286.01 398.21 518.73 1298.97 808.54 527.67
714.75 987.07 1322.37 2098.43 2047.57 1507.85
311.23 561.64 548.31 4690.96 1683.73 817.38
886.66 1267.17 1867.98 3075.05 2936.77 1770.42
686.36 963.89 1365.91 2123.82 2359.46 1603.67
350.0 601.58 691.08 4421.91 1502.55 769.73
413.7 611.48 779.18 2247.91 1210.66 696.44
284.89 478.7 459.37 3250.42 1291.52 740.45
983.32 1421.02 2107.28 3222.32 3812.52 2491.5
209.8 452.73 340.81 4708.41 1483.64 687.0
637.52 859.6 1142.05 1859.06 1675.75 1221.56
624.8 877.25 1314.38 1994.93 1774.71 1068.25
571.68 775.48 1004.5 1624.31 1684.16 1270.46
423.48 529.57 593.47 1087.84 1201.76 996.18
881.08 1254.01 1879.85 2915.72 2634.03 1596.2
655.8 923.17 1386.12 2106.87 1873.64 1125.45
626.98 884.06 1222.72 1929.15 1920.23 1359.55
541.48 723.26 871.98 1750.39 1572.62 1214.6
528.23 777.85 1037.56 2638.65 1617.1 993.05
635.79 932.3 1374.93 2102.38 2314.08 1528.66
589.32 841.01 1214.52 2588.2 1754.38 1022.82
249.96 531.62 363.68 4862.36 1282.88 569.27
630.56 945.3 1326.94 3685.28 2371.6 1317.87
687.64 984.24 1448.53 2210.8 2088.84 1361.91
809.39 1179.15 1710.61 2581.06 2411.39 1587.62
253.83 357.42 427.32 1263.44 755.42 471.73
945.39 1359.85 2001.28 3075.5 3632.1 2390.58
633.86 900.55 1229.85 2272.85 1922.96 1251.99
351.45 465.01 643.83 981.11 912.19 608.07
702.46 1013.56 1428.44 2441.26 2122.13 1417.33
927.59 1351.79 2072.19 3408.22 3812.26 2269.7
959.69 1394.27 2007.89 3164.04 2931.52 1812.46
684.75 1008.39 1491.43 2181.98 1959.24 1248.28
694.23 985.79 1372.42 2207.81 2435.49 1702.23
865.54 1266.9 1716.11 3402.44 2290.98 1379.6
389.44 547.96 630.25 1635.92 1118.68 769.69
468.3 685.83 859.34 2904.01 1641.03 1024.35
604.09 834.92 1116.71 1786.18 1748.58 1260.91
212.1 324.35 283.52 1974.79 692.97 372.91
287.29 386.6 520.77 799.24 584.17 381.93
789.36 1192.14 1714.92 3363.98 2503.43 1552.67
778.81 1157.04 1542.65 3505.0 2372.99 1496.95
327.77 416.82 499.99 809.81 874.47 703.45
811.89 1150.99 1642.88 2581.02 2517.53 1715.91
677.26 948.38 1318.25 2413.53 2025.99 1310.84
206.44 297.86 299.18 1147.15 553.99 349.6
701.38 1033.43 1537.15 2246.13 2046.36 1296.94
702.89 978.9 1379.92 2214.14 2116.54 1413.43
720.28 1007.25 1402.51 2253.83 2269.74 1552.51
673.88 1016.14 1352.62 3818.7 2182.66 1315.01
569.8 763.13 962.43 1648.02 1544.03 1136.83
214.03 277.15 371.34 506.01 462.57 323.93
726.28 1076.06 1439.61 3226.8 2084.55 1258.08
955.26 1379.68 1938.98 3138.49 2462.99 1515.96
924.54 1388.83 2057.33 3247.23 2759.93 1729.54
194.18 408.44 367.89 3948.4 1299.27 597.7
511.74 818.9 876.48 4049.8 1640.19 899.28
747.03 1102.58 1612.95 3195.14 2354.98 1365.53
877.9 1265.11 1845.79 2905.42 2844.34 1839.65
326.66 409.48 480.04 799.47 877.19 715.11
347.87 543.05 566.25 3177.15 1559.52 969.7
613.8 924.74 1269.88 3788.13 2072.13 1136.66
250.94 329.33 464.45 708.57 783.01 494.88
521.97 696.23 879.09 1468.73 1498.08 1139.17
469.22 755.35 949.68 3081.05 1571.35 907.18
155.43 184.68 229.06 303.23 306.84 230.41
865.25 1239.09 1840.13 3288.69 2549.22 1498.7
532.87 772.94 999.67 3087.62 1864.31 1222.04
660.74 934.63 1316.8 2081.85 2233.33 1516.58
979.45 1485.77 2262.71 3378.91 3169.21 2022.96
401.99 629.66 788.01 3786.35 1449.23 771.15
696.83 928.41 1161.61 1942.48 1959.56 1524.62
210.1 369.46 356.26 3243.67 1150.04 578.72
854.02 1231.81 1856.51 3069.99 3431.78 2083.95
447.3 569.42 658.39 1188.66 1243.13 1006.5
418.47 594.73 857.81 1233.9 1112.59 725.38
523.12 793.07 1085.7 2633.55 2010.97 1267.53
691.72 1000.72 1412.44 2293.27 1648.33 1019.96
675.16 955.96 1322.4 2117.53 1696.07 1075.2
407.86 564.22 791.6 1206.12 1239.57 840.75
657.72 934.91 1420.0 2164.3 1916.42 1118.82
849.27 1212.22 1789.14 2929.55 2794.41 1683.33
703.54 1029.66 1498.77 3220.37 2224.57 1273.49
816.68 1187.66 1828.45 2808.28 2458.15 1413.09
446.01 575.72 681.68 1170.25 1268.72 1024.83
918.09 1336.09 1953.79 3033.7 3244.33 2130.48
476.49 614.18 729.25 1253.78 1426.88 1153.73
682.67 909.33 1185.35 1941.25 1961.45 1471.32
636.82 866.99 1164.36 1911.48 1909.75 1359.81
443.09 561.97 648.61 1166.89 1283.83 1040.84
727.12 1009.16 1377.76 2227.01 2296.57 1621.51
279.03 451.88 347.35 3452.75 1199.74 693.97
323.45 405.12 485.03 770.69 848.69 693.7
178.38 219.75 282.5 387.38 392.48 284.41
694.78 1036.53 1562.96 2299.34 2172.52 1399.64
942.13 1360.01 2022.48 3401.79 3154.87 1858.02
629.99 947.67 1365.13 2748.19 1946.24 1192.83
927.78 1316.21 1970.32 3041.43 2738.53 1674.85
823.51 1192.45 1755.93 3199.27 2788.04 1631.91
564.83 911.77 1011.03 4456.85 1636.26 841.85
802.52 1194.89 1695.06 3487.55 2500.22 1427.4
602.55 800.7 1007.77 1714.06 1708.85 1313.92
929.46 1393.58 2063.18 3348.56 3537.18 2308.77
687.79 1005.09 1430.16 3013.14 2261.81 1448.14
687.71 966.47 1341.99 2158.59 2241.22 1548.18
605.86 904.62 1255.67 3370.88 2001.97 1133.74
846.25 1241.91 1776.52 2886.05 2029.11 1223.33
567.49 803.95 1138.02 1766.58 1639.68 1030.64
518.83 688.45 853.31 1487.79 1390.19 1054.99
404.84 585.16 572.77 2464.47 1417.1 1028.29
702.39 935.44 1176.34 1964.97 1899.9 1458.82
331.09 429.69 544.07 874.06 943.59 705.5
924.63 1320.14 1916.31 3062.93 2405.57 1506.97
833.8 1213.61 1744.65 2748.17 3047.74 2079.62
362.99 542.51 651.1 3225.4 1616.3 957.57
708.45 1003.88 1384.75 2230.3 1806.6 1154.52
720.59 1064.06 1576.7 2309.56 2073.17 1318.65
914.87 1337.91 1968.92 3054.9 3262.56 2120.5
468.04 702.73 973.35 2180.7 1780.94 1134.26
238.75 493.77 417.67 4652.01 1471.62 681.81
145.96 216.31 216.9 1664.77 580.5 294.26
905.78 1320.87 1852.51 3023.58 2586.27 1658.16
647.02 877.3 1177.55 1935.83 1934.88 1375.86
588.33 905.68 1154.98 3826.8 1805.26 1025.02
828.63 1255.29 1823.0 3347.7 2536.79 1572.95
524.26 800.38 980.16 3588.84 2080.57 1281.03
214.69 275.23 367.05 520.52 527.99 369.85
750.21 1066.76 1480.71 2487.54 2581.84 1775.55
780.17 1156.61 1718.47 2521.69 2262.61 1435.64
933.08 1345.88 1993.11 3044.73 3601.36 2355.48
720.78 1021.82 1460.94 2289.15 2284.89 1520.19
391.69 500.86 568.04 1231.52 1114.55 882.64
923.3 1342.6 2048.16 3370.29 3775.36 2264.86
307.46 415.21 600.94 936.47 1038.78 642.76
839.47 1264.35 1918.85 2834.37 2676.7 1715.8
382.18 666.1 736.69 4329.16 1786.04 947.97
800.47 1145.67 1674.23 2566.84 2840.98 1866.49
745.37 1010.54 1304.9 2161.0 1995.74 1470.08
556.3 774.64 999.06 2195.57 1747.0 1225.92
521.99 671.35 779.01 1375.54 1532.69 1262.79
249.32 335.11 467.27 652.14 620.3 426.27
532.01 730.67 1020.66 1672.52 1647.25 1073.11
476.15 745.17 960.92 3489.33 1754.14 1018.07
384.76 616.74 624.17 3902.38 1501.87 891.83
297.96 510.77 577.32 4271.33 1295.81 629.61
156.31 318.28 271.72 4176.45 1247.43 532.79
779.6 1139.55 1556.3 3413.96 2112.36 1271.34
699.76 1000.88 1324.53 2955.27 2196.04 1439.51
743.46 1073.56 1500.2 2398.49 2078.84 1342.5
619.67 889.71 1139.88 2858.56 1783.77 1168.15
317.12 609.02 370.75 5446.17 1298.15 543.32
469.01 844.11 761.96 4769.34 1870.45 942.06
740.18 1161.07 1640.66 3895.1 2584.48 1566.01
823.58 1215.5 1809.21 3332.79 2539.31 1440.07
756.25 1122.71 1636.02 3597.51 2427.17 1352.56
625.76 960.59 1193.04 4112.21 2204.41 1206.52
620.94 795.05 948.61 1608.93 1743.0 1441.61
707.88 1050.78 1510.54 2854.11 2323.98 1521.79
426.12 533.92 599.64 1098.2 1204.7 996.87
744.17 1048.39 1452.67 2254.99 2257.09 1626.58
890.04 1280.96 1888.57 3234.76 2983.11 1775.72
777.59 1091.17 1573.34 2601.71 2906.55 1879.86
693.73 964.52 1330.14 2149.56 2174.01 1502.6
852.39 1248.31 1912.33 3282.19 3535.44 2081.32
510.95 738.37 1077.87 1635.82 1798.19 1195.78
615.27 784.81 922.68 1567.94 1720.66 1447.13
721.28 996.47 1310.81 2178.99 1961.26 1382.32
570.19 880.89 1122.46 4076.71 2014.96 1100.61
678.49 965.23 1343.85 2146.7 1696.31 1057.11
472.75 619.24 766.46 1283.3 1395.42 1087.55
876.07 1251.29 1855.67 3061.79 3423.22 2135.54
564.5 741.35 919.64 1567.79 1680.12 1304.68
716.82 1027.22 1544.67 2390.44 2137.67 1281.65
359.92 562.78 701.89 3715.01 1545.02 812.11
561.19 776.68 1048.51 1805.0 1845.03 1293.05
616.19 868.77 1212.82 1915.73 1804.95 1164.53
502.17 710.85 965.87 1704.17 1460.04 998.43
226.81 290.53 355.03 724.63 633.22 458.23
930.05 1367.96 2027.07 3155.77 3197.86 2056.23
530.53 747.95 851.7 2535.18 1677.85 1193.51
193.01 236.75 308.8 447.65 390.26 270.19
154.91 197.88 215.57 570.68 313.7 215.66
363.57 502.67 713.68 1066.37 1083.52 720.12
925.33 1327.46 2010.96 3253.2 2768.23 1633.99
491.13 788.08 966.15 4389.85 2018.8 1077.15
644.78 848.98 1046.2 1753.93 1799.7 1426.57
644.72 902.09 1234.17 1943.95 1893.61 1334.05
549.81 789.56 991.33 2686.11 1614.02 1053.03
696.84 994.91 1459.2 2216.06 2447.52 1596.56
610.69 947.19 1302.27 3869.0 2190.51 1174.63
914.4 1357.1 2021.49 2983.88 2732.93 1740.35
869.62 1249.04 1770.28 2815.34 2640.4 1674.88
502.85 673.13 861.31 1417.49 1440.64 1081.95
551.26 743.41 971.98 1911.41 1617.14 1129.74
648.5 921.58 1309.54 2044.07 2200.69 1486.46
830.31 1192.95 1752.42 2698.49 2563.99 1684.16
646.36 842.97 1030.68 1727.85 1917.82 1551.5
714.56 1019.18 1421.4 2274.31 1795.84 1116.79
828.87 1245.17 1812.18 3161.33 2547.55 1598.32
583.73 831.88 1152.61 1827.9 1587.6 1034.05
605.45 963.91 1215.4 4036.54 2459.56 1465.04
729.71 1044.86 1382.5 3170.26 2380.34 1499.62
774.05 1146.34 1731.94 3324.0 2469.58 1381.77
708.87 1016.18 1497.25 2287.06 2160.69 1407.5
917.04 1326.96 1844.86 2986.53 2632.82 1727.19
805.56 1170.78 1801.63 2766.26 2421.56 1392.72
917.01 1303.53 1879.31 3007.41 2391.61 1522.18
431.83 546.0 621.24 1090.96 1243.17 1041.77
799.75 1180.11 1750.93 2577.84 2362.26 1509.46
612.27 868.11 1266.61 1916.23 2114.89 1384.51
888.94 1265.21 1813.91 2849.38 2838.28 1893.82
907.98 1316.65 1894.05 2980.41 2761.08 1708.46
363.54 494.16 666.64 1032.39 827.21 536.02
413.62 737.28 729.9 4518.11 1655.43 868.89
198.0 240.14 279.09 459.74 429.04 340.96
502.43 743.3 934.85 3070.2 1801.43 1106.99
633.64 928.98 1369.8 1999.98 1796.71 1147.9
825.54 1218.56 1794.05 2663.99 2414.97 1555.03
744.04 1080.7 1655.94 2763.29 3028.7 1789.94
328.01 585.76 650.95 4400.12 1776.54 933.71
933.64 1363.75 1985.52 3289.91 3408.18 2193.02
225.35 270.65 307.72 487.15 535.26 444.86
510.15 713.44 981.88 1551.09 1231.77 778.59
304.03 573.73 372.11 5083.21 1257.02 527.57
481.15 622.41 750.68 1314.66 1407.49 1102.96
921.98 1318.43 1920.37 3061.25 2389.52 1487.09
130.08 336.14 104.29 4806.37 993.38 389.36
630.75 900.41 1212.86 3145.17 2185.02 1368.7
59.77 179.06 57.62 4232.56 844.63 318.02
227.47 297.16 400.09 573.81 624.01 440.3
815.11 1187.33 1720.16 2869.07 2779.45 1815.31
629.68 929.66 1239.94 3418.47 2134.49 1300.73
329.24 520.73 651.08 2672.78 1241.5 653.89
125.85 271.93 202.15 4315.34 996.58 418.44
301.78 565.58 350.09 5068.5 1236.41 509.36
778.96 1116.41 1706.95 2613.05 2311.29 1340.3
372.46 652.34 768.1 4234.61 1733.63 881.95
778.44 1080.89 1475.12 2356.48 2548.99 1822.7
594.85 914.41 1255.7 3959.06 2427.84 1457.58
395.86 607.7 801.47 2798.71 1623.46 949.06
846.05 1215.83 1704.11 2739.49 2158.65 1334.33
899.72 1290.05 1882.75 2917.3 2789.44 1852.84
853.03 1222.79 1803.27 3024.44 2831.51 1694.96
727.92 1027.01 1473.81 2348.81 1863.61 1185.62
501.02 653.91 818.59 1407.27 1443.84 1088.45
647.63 872.61 1149.82 1856.18 1926.77 1430.13
641.98 869.76 1117.53 1866.37 1929.33 1421.92
818.21 1164.21 1636.64 2499.97 2403.82 1670.88
622.8 878.65 1187.19 2665.74 1888.66 1199.88
742.47 1020.02 1414.66 2263.14 2173.04 1500.09
907.69 1293.99 1929.73 3211.85 2633.51 1561.9
664.04 995.98 1278.36 3337.99 2067.78 1293.15
635.62 906.53 1289.29 2009.45 1864.05 1166.26
359.86 503.83 730.51 1276.33 1003.86 592.21
745.45 1010.33 1355.53 2263.28 2292.49 1616.39
943.25 1360.36 2029.58 3378.44 3163.01 1864.38
497.66 686.84 1002.46 1599.44 1340.76 816.18
726.64 998.7 1331.85 2114.08 2166.67 1628.18
594.99 790.91 994.77 1670.48 1890.05 1452.96
658.48 1052.73 1168.94 4493.91 2056.52 1164.39
251.26 334.77 461.46 639.78 589.54 401.05
811.25 1149.81 1706.02 2663.02 2435.06 1497.77
613.8 875.45 1249.49 1862.47 1753.89 1184.28
830.48 1221.25 1799.06 2904.94 2847.56 1824.82
791.35 1152.73 1662.32 2545.63 2503.8 1713.23
645.82 875.38 1142.1 1890.33 2004.13 1486.87
956.07 1391.85 1950.31 3148.16 2740.71 1771.88
849.5 1193.64 1687.3 2635.94 2918.23 2003.37
745.12 1028.94 1442.31 2396.09 2169.72 1442.6
404.94 552.01 775.32 1198.57 949.37 614.58
671.38 886.18 1111.58 1841.03 2019.27 1585.93
431.29 591.07 833.67 1293.49 1022.76 659.05
855.47 1221.75 1772.93 2865.24 2214.18 1378.14
703.83 1034.24 1386.89 3061.92 1908.59 1189.18
338.28 595.65 582.45 4488.24 1356.69 643.77
367.66 656.37 674.84 4704.24 1675.56 853.57
781.14 1127.82 1611.69 2571.98 2351.1 1458.1
210.44 373.71 365.36 3609.87 1147.41 548.5
292.03 537.92 475.63 4477.87 1281.33 613.19
391.32 530.7 734.14 1117.6 1089.06 758.63
595.71 941.36 1069.59 4284.37 1909.1 1066.09
908.39 1355.8 2023.58 2978.23 2670.29 1687.43
702.15 1070.9 1535.61 3408.77 2762.65 1761.87
545.81 795.7 1087.89 2502.4 1688.7 1008.84
598.22 851.04 1175.36 1868.94 1633.06 1072.12
366.44 520.66 613.01 1705.42 1232.7 866.66
922.01 1381.98 2074.35 3101.47 2962.49 1931.41
193.35 314.29 224.0 2372.96 661.69 309.88
203.34 405.11 279.53 4503.08 1188.39 556.03
728.02 1006.36 1432.66 2318.0 2111.88 1392.07
603.29 806.13 1025.05 1715.12 1824.06 1401.6
98.36 135.27 110.35 870.82 296.18 167.22
305.1 379.01 453.95 713.74 755.97 619.44
233.4 299.51 403.15 571.54 660.68 461.17
477.02 676.01 977.85 1482.36 1506.9 987.06
628.85 890.42 1253.79 2203.23 1880.75 1190.01
657.21 982.63 1432.31 2598.16 1976.52 1229.86
567.05 850.62 1174.08 2611.15 1807.51 1129.18
934.35 1401.27 2074.2 3389.76 3571.16 2335.21
858.73 1234.69 1824.15 2781.92 3288.87 2154.18
512.64 728.22 1005.88 2064.75 1517.01 933.51
920.89 1342.3 1971.59 3287.42 3044.93 1932.73
692.75 988.78 1449.88 2201.55 2431.42 1586.3
795.63 1107.08 1568.11 2605.41 2910.36 1929.18
794.1 1190.2 1744.56 3012.72 3022.66 1963.94
924.37 1323.66 1922.26 3117.29 2402.85 1493.15
443.96 562.37 649.25 1166.45 1288.74 1044.35
394.1 676.04 693.06 3938.73 1667.65 945.12
171.72 316.35 238.24 4386.66 1143.16 566.51
567.02 879.64 1108.3 3884.86 1836.73 1007.67
628.29 809.65 969.32 1628.56 1761.06 1458.62
757.31 1038.39 1431.13 2388.03 2666.07 1830.88
937.59 1341.22 1953.52 3115.8 2433.77 1515.51
572.58 819.16 1145.31 2368.55 1513.65 925.49
382.64 640.23 753.56 4295.35 1782.26 890.04
885.5 1325.87 1969.78 3058.99 2632.48 1653.37
908.88 1310.1 1972.93 3247.89 3632.36 2219.7
853.47 1239.33 1775.09 3093.08 3100.51 2022.04
757.07 1068.75 1586.03 2501.99 2221.41 1362.59
743.78 1070.86 1520.95 2326.23 2174.72 1468.0
742.77 1112.76 1566.68 2984.59 2567.35 1620.42
543.14 823.71 1118.85 2978.07 1979.23 1214.0
891.05 1290.74 1797.99 3100.43 2319.45 1419.2
471.61 743.71 961.32 3626.77 1699.53 887.6
396.7 691.15 805.42 4485.89 2165.96 1115.55
306.73 484.74 522.17 3427.35 1316.45 729.9
493.42 652.95 806.81 1386.81 1382.23 1049.56
300.69 599.8 515.08 4848.57 1676.72 802.02
874.31 1283.18 1859.73 3189.04 2763.26 1769.03
293.95 387.17 509.92 760.18 737.5 533.93
728.12 1028.02 1543.01 2357.01 2103.73 1269.92
412.27 656.18 831.64 4129.53 1786.85 984.58
642.94 882.61 1161.17 1868.88 1918.3 1426.44
369.32 622.26 748.97 4151.47 1451.07 782.23
166.83 383.15 151.48 5135.74 1185.36 469.85
898.43 1271.84 1883.12 3071.99 2591.98 1571.97
916.47 1358.51 1995.98 3354.41 3346.43 2135.94
924.85 1355.68 2004.04 3106.09 3165.5 2047.06
788.32 1107.31 1555.24 2451.31 2731.58 1879.96
775.04 1082.02 1570.84 2473.09 2277.58 1451.3
768.02 1124.44 1641.11 3589.92 2419.06 1389.21
286.85 390.26 544.61 765.26 694.09 466.91
774.01 1123.37 1627.74 3514.16 2353.69 1357.26
463.42 660.13 883.49 1900.51 1553.32 1028.79
161.17 194.23 242.55 320.74 312.4 238.57
914.87 1321.29 1954.93 3380.33 3076.63 1816.5
880.72 1282.01 1968.22 3049.09 2672.7 1546.57
589.82 896.6 1197.37 3131.26 1819.93 995.26
426.24 598.02 857.95 1290.23 1372.17 905.23
348.18 617.35 643.97 3669.57 1368.42 719.73
656.55 985.11 1383.4 3032.46 2193.34 1415.6
849.36 1216.4 1740.29 2732.19 2817.23 1903.36
889.45 1302.64 1925.43 2980.51 3036.3 1962.32
531.21 686.69 815.85 1422.1 1577.72 1275.69
531.16 825.59 1110.75 4008.57 2158.51 1267.63
422.52 767.1 835.04 4544.72 1797.89 960.2
729.97 1043.98 1518.5 2593.79 2202.98 1349.84
275.38 495.26 473.59 4092.88 1402.17 675.74
561.05 951.32 998.77 4323.35 1689.62 885.09
169.6 207.93 257.93 434.02 350.57 253.41
917.76 1318.15 1960.28 3215.11 3055.29 1816.59
768.24 1097.28 1628.75 2654.17 2517.4 1495.1
395.31 666.01 794.6 4196.49 1841.29 990.07
856.31 1270.08 1748.05 3437.52 2576.95 1609.24
761.57 1160.57 1655.81 3396.21 2374.74 1460.9
619.31 806.77 1010.7 1699.89 1727.46 1351.14
600.41 873.09 1274.23 1869.92 1696.54 1100.58
950.94 1360.14 2068.4 3171.85 2815.43 1670.69
800.76 1144.44 1610.62 2913.11 2611.8 1730.18
195.31 354.52 302.41 4546.29 1270.82 634.68
697.8 948.12 1269.2 2033.77 2056.93 1520.87
610.85 936.08 1214.62 3816.9 1972.69 1179.94
181.66 361.43 288.68 4425.13 1188.64 501.09
470.84 748.35 989.7 4093.34 1768.78 908.51
700.04 985.39 1411.13 2461.59 2110.92 1324.35
195.04 247.52 327.13 439.18 407.6 289.17
745.59 1079.16 1523.04 2956.88 2492.66 1602.3
432.92 552.9 650.21 1119.84 1243.04 1013.06
242.42 490.75 413.27 4621.42 1493.58 707.62
642.04 938.1 1286.01 2888.13 2290.98 1493.36
965.27 1390.62 2050.53 3146.18 3720.0 2445.82
451.2 609.09 794.66 1262.97 1317.36 992.99
819.66 1189.12 1732.94 2691.19 2883.31 1895.96
651.28 972.55 1294.27 3674.67 1940.11 1115.64
906.19 1311.97 1941.67 3461.94 2720.81 1589.49
381.57 523.68 746.14 1111.38 1052.94 704.63
906.59 1305.75 1944.13 3235.17 3027.08 1786.42
356.39 485.8 688.38 1020.97 967.75 650.58
376.32 494.37 659.76 1077.4 986.78 684.29
127.6 224.07 157.53 2704.98 646.5 298.12
448.36 634.44 894.92 2106.33 1324.39 772.15
841.92 1199.91 1713.92 2733.83 2715.92 1810.52
855.18 1211.96 1735.62 2706.3 3188.76 2160.91
463.64 698.75 932.01 3583.75 1695.21 938.33
799.81 1133.69 1630.8 2527.04 2978.27 2006.72
524.21 881.47 862.36 4730.99 1903.48 1038.05
503.83 710.65 1002.72 1543.98 1699.45 1175.95
830.14 1200.58 1824.64 2824.96 2509.3 1481.3
686.04 999.1 1464.22 2334.29 2306.29 1485.26
248.31 462.95 482.55 3805.24 1369.82 665.45
852.45 1217.42 1836.18 2850.72 2557.96 1524.17
562.14 853.1 1127.1 3813.94 1710.82 978.55
845.54 1205.27 1791.61 3064.8 2452.72 1450.33
113.78 268.79 122.09 4652.14 931.94 355.51
536.86 905.02 865.54 4914.59 1834.48 942.78
841.56 1255.1 1856.8 2911.53 2697.67 1766.81
543.88 746.54 1071.29 1663.36 1530.84 983.78
673.75 1017.62 1465.58 3665.46 2311.38 1256.48
925.96 1342.83 1995.41 3066.82 2895.39 1873.66
783.43 1113.76 1566.26 2486.33 2693.36 1848.05
695.15 931.87 1201.47 1968.38 2105.76 1609.81
750.97 1073.63 1499.69 2403.13 1896.31 1177.03
639.77 873.63 1176.83 1911.5 2209.76 1574.69
848.21 1221.1 1796.34 2773.13 2632.6 1723.29
768.81 1155.94 1653.45 3681.76 2410.33 1330.72
174.78 237.71 267.61 901.92 462.85 295.51
558.78 829.02 1137.78 3409.89 1804.26 1004.81
339.39 613.63 585.88 4766.46 1732.76 893.9
477.29 656.58 923.22 1411.64 1649.5 1124.51
962.0 1392.51 2063.07 3156.2 3490.49 2261.46
825.09 1178.13 1702.18 2665.1 2924.89 1942.97
775.48 1148.26 1735.32 3322.15 2472.66 1383.89
734.63 1105.55 1523.47 3511.68 1919.23 1106.41
236.52 366.61 310.55 3090.53 977.32 607.57
552.1 924.54 1132.59 4277.58 2396.4 1416.2
220.28 401.18 331.33 4417.78 1175.44 581.43
259.52 338.56 462.5 663.86 770.45 531.88
740.52 1026.94 1425.88 2385.97 2385.02 1583.97
715.97 1021.1 1318.29 2674.42 2389.4 1670.77
345.85 566.23 537.54 3991.43 1451.91 828.65
512.87 720.31 850.38 2712.82 1722.74 1186.17
427.88 654.5 845.96 3331.61 1630.01 884.22
682.49 981.93 1399.07 2207.5 2433.28 1664.09
221.9 393.27 371.05 3276.19 1016.65 522.44
752.31 1019.54 1386.68 2300.56 2140.47 1503.22
427.46 686.61 814.8 3635.77 1564.73 819.07
408.13 691.08 716.15 4538.8 1715.27 876.41
466.94 767.91 790.43 4624.23 1637.05 797.47
741.81 1029.96 1365.59 2261.75 2005.4 1394.63
831.41 1193.84 1762.08 2685.36 3174.06 2080.22
859.64 1272.31 1863.22 2909.31 2717.97 1808.76
273.34 359.26 472.71 713.27 578.32 386.79
768.55 1071.06 1467.46 2381.28 2459.47 1748.92
466.07 620.86 813.34 1317.62 1512.84 1101.63
150.26 176.78 217.01 284.26 287.54 218.24
802.76 1184.78 1710.56 3533.49 2761.57 1711.0
568.64 863.73 1149.64 3770.75 2377.21 1476.03
621.4 846.45 1132.43 1847.25 2042.11 1461.59
463.55 770.31 784.42 4434.1 1767.55 948.12
709.27 1040.86 1424.42 3289.45 2088.98 1196.76
803.6 1200.37 1777.0 2827.48 2382.44 1497.08
482.38 708.95 842.39 2801.87 1766.71 1163.22
933.96 1345.65 1977.42 3039.48 3365.48 2201.61
732.54 1037.62 1500.84 2378.78 1861.86 1167.41
239.24 312.73 424.21 610.54 619.6 427.61
849.25 1251.79 1777.51 3121.24 2092.0 1257.35
132.4 166.75 178.22 742.06 348.02 220.09
317.53 413.96 539.18 831.06 841.61 624.76
787.95 1178.11 1698.4 3038.36 2575.4 1688.98
872.5 1304.36 1859.92 3572.73 3166.77 1996.02
843.07 1251.29 1764.19 3257.31 2086.08 1237.56
120.83 201.36 155.93 1971.42 552.26 261.13
818.49 1168.75 1728.98 2825.99 2689.68 1611.26
897.44 1280.15 1854.43 2864.75 3169.69 2111.95
876.5 1330.38 1989.27 3436.2 2890.78 1839.87
857.73 1215.28 1740.74 2718.38 2632.39 1793.55
745.01 1097.22 1634.94 3194.32 2371.08 1351.53
645.63 1001.42 1338.95 3919.0 2542.99 1529.25
746.77 1033.43 1389.98 2176.49 2144.46 1576.38
820.27 1240.69 1816.27 3419.44 2534.22 1562.85
656.43 986.15 1315.11 3367.77 2086.62 1260.23
743.11 1038.56 1473.01 2459.65 2398.51 1529.74
488.74 643.11 709.18 2115.94 1528.9 1197.6
361.77 668.18 606.57 4597.68 1469.96 716.72
421.37 749.2 620.96 4235.15 1763.54 993.65
455.54 708.74 959.44 4005.34 1774.33 917.35
352.45 608.33 674.05 4244.62 1423.84 681.59
794.61 1171.65 1693.38 3615.66 2818.42 1615.63
909.88 1307.89 1949.23 3191.98 3028.75 1793.93
425.96 721.12 709.73 4663.35 1545.34 720.0
282.22 370.11 503.56 756.48 607.56 407.5
464.19 700.44 941.57 2926.05 1661.03 985.12
890.31 1296.44 1856.96 3113.25 2743.03 1686.92
281.36 368.84 501.65 753.38 605.17 406.05
469.67 690.75 805.38 2651.1 1528.75 986.91
858.69 1260.96 1804.48 2932.51 2061.28 1242.06
627.08 842.32 1092.61 1866.57 1957.68 1424.75
332.93 461.83 654.26 970.51 1062.54 721.09
930.06 1337.6 1948.31 3041.73 3004.82 1959.93
545.18 782.37 1100.06 1788.12 1256.77 772.1
229.2 283.93 352.82 544.09 557.54 414.7
786.9 1213.34 1802.2 3594.52 2690.74 1669.11
446.25 698.59 928.65 3203.62 1828.92 1119.45
759.44 1097.09 1555.14 3319.66 2363.72 1433.77
741.06 1059.67 1617.24 2472.75 2187.84 1271.06
890.01 1332.66 1981.26 3067.98 2646.58 1662.22
755.16 1060.62 1496.68 2360.5 2610.05 1776.14
838.16 1190.95 1717.5 2662.25 3138.98 2110.65
851.31 1241.51 1914.1 3129.2 3499.72 2065.56
646.19 948.49 1399.68 2044.69 1836.63 1172.56
299.92 513.71 554.68 4227.16 1385.72 662.28
935.73 1350.74 2011.13 3374.82 3143.1 1853.7
366.21 473.75 618.48 963.21 951.07 698.81
187.42 371.95 319.76 4469.52 1033.22 475.76
560.01 709.75 828.59 1409.08 1548.17 1303.83
922.75 1410.94 2115.03 3470.82 3024.96 1915.28
527.5 731.45 802.13 2422.96 1639.62 1240.17
812.99 1156.87 1679.0 2668.62 2085.95 1303.17
378.96 568.06 680.48 2436.46 1114.62 631.19
944.36 1384.77 2138.24 3554.76 3929.78 2311.84
688.19 964.71 1310.49 2122.54 2372.91 1711.2
890.67 1267.18 1831.71 2925.35 2312.54 1462.19
222.24 287.05 374.62 556.36 415.99 284.0
883.93 1263.04 1820.35 3017.03 3346.49 2232.65
650.17 879.89 1160.44 1972.28 2044.66 1457.16
456.89 646.12 901.79 1432.42 1022.59 637.23
454.86 582.65 684.85 1209.37 1296.61 1041.68
857.25 1238.4 1786.94 2798.98 3010.24 2005.53
146.63 261.52 202.84 3004.47 759.15 355.42
266.52 461.49 528.57 4433.27 1612.96 791.67
838.23 1256.14 1745.66 3534.33 3018.14 1910.56
416.58 573.93 849.29 1271.77 1131.07 678.32
816.16 1141.27 1600.17 2521.46 2476.92 1734.86
889.02 1309.68 1925.76 2905.01 2805.95 1883.11
496.41 739.39 1045.96 2243.05 1508.99 925.54
399.69 691.33 587.48 4813.73 1451.29 692.13
869.8 1260.89 1809.76 2840.2 3135.8 2150.89
333.03 455.05 647.9 1168.73 894.78 539.4
730.35 1088.89 1524.33 2997.99 2597.84 1639.31
648.24 846.48 1037.23 1737.19 1928.05 1556.54
803.62 1177.38 1614.79 3463.95 2206.98 1319.12
350.39 490.0 556.76 1789.16 995.51 656.92
503.56 669.04 757.25 1717.11 1523.35 1203.35
309.47 527.49 559.2 3639.12 1413.5 779.54
708.51 1104.33 1519.74 3500.27 2258.02 1363.29
611.57 846.38 1225.78 1906.27 1747.4 1111.16
571.44 865.07 1141.51 3026.0 1532.22 871.33
594.56 892.31 1169.06 2852.3 2234.72 1473.55
511.86 672.23 838.36 1434.9 1497.2 1150.32
377.78 587.93 739.29 2661.52 1495.43 907.56
660.84 899.53 1219.99 1989.4 1976.47 1388.56
647.09 905.45 1324.67 2061.87 1898.68 1188.74
274.5 362.75 498.5 729.25 715.93 484.98
562.5 818.47 1200.53 1746.7 1570.52 1008.21
120.16 189.98 155.62 1609.05 528.63 265.88
484.05 750.86 990.28 2991.95 1935.65 1187.5
105.92 108.78 113.11 121.33 116.49 109.99
876.08 1268.55 1872.26 2898.5 2839.28 1812.16
464.7 673.08 918.59 2131.03 1752.98 1119.77
272.05 628.67 246.12 5311.55 1312.15 544.4
831.92 1214.45 1776.86 3539.98 2887.23 1671.45
821.68 1232.78 1812.29 2994.04 2474.32 1548.31
643.38 921.2 1279.13 2038.37 1772.63 1153.4
831.66 1185.98 1776.96 2802.2 2495.51 1495.56
286.67 379.2 501.37 760.44 615.11 408.85
396.31 650.93 736.23 3831.02 1688.99 914.95
629.95 878.6 1191.55 1886.16 1827.47 1299.25
380.96 716.88 452.16 5470.44 1452.39 638.81
315.09 479.82 492.36 1905.17 848.94 516.86
760.77 1066.69 1521.6 2535.36 2464.74 1559.35
611.33 896.93 1335.81 2637.12 1913.03 1077.11
650.79 942.82 1337.41 2156.33 1523.83 929.1
465.14 655.04 931.66 1694.26 1697.15 1110.05
749.51 1115.06 1544.19 3525.82 2417.44 1448.21
689.34 972.97 1461.47 2239.27 1983.64 1190.71
772.6 1081.59 1509.66 2387.82 2663.15 1845.24
238.6 382.64 430.43 2502.63 994.16 498.86
370.53 474.19 591.18 935.15 973.2 768.69
111.01 116.72 126.58 144.38 149.81 128.8
942.53 1365.74 1956.5 3112.13 2877.22 1793.04
419.08 671.74 860.25 4109.44 1924.05 1084.22
346.01 470.96 512.08 1424.05 985.92 717.34
606.47 869.5 1322.9 2142.01 2391.78 1425.0
547.0 848.62 1128.51 3837.65 2422.68 1356.67
185.25 226.37 288.8 407.13 337.46 243.86
689.74 1042.47 1488.28 3525.59 2564.77 1579.84
508.51 794.39 1037.35 3962.17 2348.35 1375.7
284.04 496.07 519.64 3386.52 1380.04 729.3
260.65 349.56 482.28 700.41 763.89 528.38
807.48 1224.28 1775.45 3553.75 3190.31 2043.86
855.53 1236.03 1853.97 3144.26 2616.72 1529.89
839.96 1281.11 1814.16 3581.54 2543.31 1553.57
974.95 1477.67 2252.08 3335.34 3148.78 2011.84
733.99 1018.04 1367.58 2348.62 2334.56 1678.13
254.96 333.34 444.08 652.43 610.37 408.48
897.69 1275.99 1864.42 3065.85 2946.7 1811.53
343.79 605.88 579.17 4739.4 1636.71 786.35
211.42 254.19 304.37 456.44 470.51 371.22
377.87 515.6 697.46 1083.09 866.76 559.73
530.33 844.11 936.73 3532.51 1770.48 1026.71
932.5 1328.33 2001.35 3084.89 2765.27 1669.49
763.59 1064.02 1539.01 2427.98 2242.41 1436.35
955.64 1386.63 2046.42 3178.83 3119.26 1994.4
608.21 937.21 1325.96 3530.4 2067.29 1218.16
283.88 362.23 473.55 727.31 700.14 499.56
91.38 229.82 117.63 4206.45 999.25 370.22
651.65 893.79 1169.21 1961.39 1739.12 1218.16
458.36 773.36 695.27 3984.31 1635.84 938.58
905.94 1323.22 2043.23 3150.06 2752.82 1577.45
729.3 1041.22 1453.09 2326.45 1836.51 1141.18
706.4 1079.65 1476.14 3920.36 2254.34 1218.78
643.54 1003.17 1338.14 3856.15 2522.31 1526.8
779.9 1137.76 1560.35 3138.24 2084.91 1256.15
541.52 754.47 1077.8 1690.62 1329.8 845.07
239.29 408.38 445.01 3826.49 1298.95 666.23
695.66 958.84 1298.64 2098.56 2131.14 1540.79
831.23 1266.77 1765.47 3556.6 2552.57 1571.04
399.48 633.79 737.41 3467.32 1635.6 983.63
230.65 459.08 343.07 4760.57 1262.59 562.72
836.35 1197.32 1775.03 2941.62 3302.3 2054.83
387.25 605.56 750.6 3665.35 1565.7 823.02
818.94 1232.02 1868.34 2758.44 2605.15 1670.94
252.98 334.1 443.7 671.15 495.48 330.29
167.72 245.93 259.54 1574.95 532.56 296.68
614.79 848.25 1144.77 1870.34 1957.87 1390.82
143.12 160.74 180.69 238.86 262.91 220.25
742.84 1105.15 1461.17 3760.98 2061.61 1200.07
775.11 1108.48 1610.68 2500.64 2466.48 1608.23
858.61 1261.49 1850.07 2762.38 2571.46 1675.22
839.87 1236.3 1761.88 2956.52 2034.09 1220.85
616.02 912.52 1369.24 2008.12 1898.09 1227.55
352.86 451.62 558.56 885.19 909.3 704.6
556.97 740.43 958.1 1622.51 1609.37 1188.69
534.98 852.88 1034.01 4010.72 1941.42 1084.01
415.57 602.55 691.31 2708.04 1532.7 985.81
226.55 290.54 388.98 556.32 546.66 379.18
897.55 1362.31 2063.5 3235.23 2921.05 1856.02
592.07 810.88 1139.94 1881.85 1663.41 1085.02
411.49 563.0 820.13 1237.55 1118.59 690.78
384.05 519.18 744.63 1171.05 986.28 611.57
727.19 982.88 1299.32 2100.01 2144.18 1609.25
915.5 1391.6 2106.76 3375.91 2991.64 1898.89
474.56 759.72 968.03 3967.51 1741.19 904.04
682.97 937.42 1232.35 2033.73 2058.65 1472.39
739.72 1052.99 1490.28 2506.71 2590.24 1721.08
421.59 814.35 672.55 4929.85 1717.66 873.74
710.6 1087.19 1404.19 4040.84 2421.07 1433.98
317.08 623.04 546.25 4712.72 1648.23 848.63
427.83 631.1 785.1 2971.19 1605.32 1010.47
702.79 989.1 1375.4 2206.18 2373.07 1635.16
685.29 1051.68 1521.59 3991.41 3119.17 1750.59
526.18 746.8 1127.85 1710.52 1502.31 880.85
835.0 1197.39 1647.64 2684.38 2385.41 1585.07
767.31 1124.92 1681.35 3349.93 2449.76 1378.8
618.92 881.39 1252.22 1949.93 1809.07 1133.02
465.56 766.2 786.8 4628.0 1633.65 794.98
719.3 1028.42 1505.64 2311.5 2197.39 1444.83
425.8 533.54 600.23 1097.71 1211.33 1001.27
722.4 1021.36 1430.28 2284.66 2455.32 1680.04
934.55 1362.11 2086.87 3429.93 3840.83 2291.13
477.31 615.26 741.67 1320.17 1401.87 1084.08
760.11 1062.81 1454.29 2277.13 2298.46 1680.73
577.79 784.79 1030.76 1713.47 1808.36 1318.17
565.32 790.23 1081.39 1723.03 1396.02 901.48
506.83 816.8 988.23 4148.73 1612.41 860.39
798.42 1135.28 1646.74 2616.12 2045.36 1278.58
586.34 798.43 1035.1 1715.32 1571.96 1129.71
781.9 1197.35 1706.08 3550.16 2450.19 1489.29
661.21 865.16 1054.33 1778.91 1853.05 1490.02
611.79 980.84 1363.96 3955.03 2298.6 1344.75
814.48 1172.21 1655.58 2621.88 2388.4 1630.52
645.4 930.23 1281.11 2798.98 2382.84 1550.91
906.2 1284.88 1844.88 2955.93 2367.05 1519.1
730.84 985.74 1298.34 2094.7 2322.68 1729.68
539.74 756.27 1106.01 1780.79 1690.79 1018.06
708.56 987.22 1334.38 2165.26 2132.15 1464.23
718.94 1066.64 1569.7 3552.42 2366.44 1307.97
212.06 297.45 294.02 1235.44 557.89 338.0
701.61 1018.07 1442.45 2335.97 1666.75 1023.56
949.77 1381.6 1987.32 3187.54 2911.78 1795.75
853.69 1205.53 1781.33 2777.46 2540.0 1580.13
863.02 1290.85 1897.94 3161.6 2604.28 1643.93
302.27 517.58 597.3 3981.14 1606.46 829.86
634.01 865.93 1182.11 1855.24 2152.1 1536.19
302.92 405.56 550.57 823.4 768.32 503.96
670.11 970.31 1424.56 2179.99 2323.18 1507.18
615.63 854.81 1247.66 1929.72 1757.12 1104.13
644.65 873.45 1138.71 1885.49 1999.93 1484.94
729.71 1114.94 1619.62 3111.23 2329.98 1418.03
504.6 655.53 790.65 1350.82 1558.25 1241.82
141.71 331.13 204.56 4682.53 1220.94 503.78
689.59 1016.2 1472.39 3278.54 2192.75 1279.28
814.55 1179.04 1647.55 2646.59 2301.0 1489.08
753.6 1142.13 1664.37 4050.99 3292.7 1884.29
409.21 585.9 757.26 1934.33 1217.97 784.26
756.38 1101.13 1471.24 3163.5 2250.47 1473.43
821.26 1178.75 1650.81 2651.79 2090.26 1293.32
959.37 1391.37 2056.12 3203.67 3489.96 2257.43
940.38 1387.37 2125.0 3702.5 3938.71 2308.28
571.81 904.32 1052.01 4305.91 2185.99 1246.53
642.74 977.78 1298.65 3747.95 2311.5 1388.42
705.88 1059.89 1441.7 3340.56 2341.18 1387.56
360.68 494.96 724.3 1145.42 1273.17 782.89
521.02 660.31 777.0 1308.54 1435.62 1201.64
907.61 1293.31 1897.6 3118.18 2989.36 1824.26
290.78 359.5 412.23 680.81 754.89 625.38
413.93 567.74 783.19 1214.67 1251.86 863.32
565.52 792.14 1078.9 2184.65 2044.41 1394.34
293.04 435.67 512.87 2013.76 1119.95 672.73
609.5 960.21 1201.96 3950.35 2128.77 1236.86
318.9 500.82 589.65 3227.94 1238.62 676.53
645.17 989.57 1263.31 3786.88 2068.08 1235.31
289.19 386.73 554.41 813.42 722.75 448.61
906.1 1294.0 1870.17 3072.78 2377.53 1493.33
786.68 1150.76 1642.7 2663.66 1875.12 1133.66
124.08 246.77 175.73 3916.13 924.8 394.04
909.07 1320.64 1835.9 3245.62 2380.44 1452.43
958.79 1393.1 2006.58 3161.65 2928.52 1809.94
962.0 1398.0 2014.0 3173.0 2939.0 1816.0
69.0 191.5 59.0 4653.5 930.0 346.0
134.0 394.5 95.5 5146.0 1087.0 409.5
969.0 1403.0 2079.0 3181.0 3518.0 2279.0
155.0 368.0 123.0 5163.0 1156.0 447.0
89.8 263.8 87.2 4769.8 1060.5 381.0
971.0 1390.0 2115.5 3245.0 2879.5 1707.0
122.0 299.0 89.0 4632.0 914.0 354.0
72.0 203.8 71.8 4231.5 957.5 341.5
907.5 1325.5 2047.5 3151.5 2757.0 1579.5
948.0 1357.0 1978.0 3155.0 2462.0 1531.0
56.8 180.8 53.0 4412.8 873.5 325.0
119.5 322.5 80.5 4825.8 970.8 371.8
948.0 1376.0 2046.0 3146.0 2970.0 1921.0
911.0 1341.0 1922.0 3127.8 2196.5 1320.8
985.0 1493.5 2276.8 3372.5 3183.8 2033.8
76.2 218.5 55.5 4643.8 764.8 282.8
962.5 1390.0 1954.5 3151.5 2480.0 1527.0
959.5 1435.2 2145.2 3160.2 2832.8 1787.8
88.5 243.0 63.5 4918.0 903.5 321.0
978.0 1422.0 2105.0 3266.0 3199.0 2037.0
79.2 209.2 66.0 4931.0 970.2 374.0
222.2 574.0 104.8 5481.0 1198.8 463.2
992.0 1434.0 2127.0 3253.0 3849.0 2515.0
980.5 1432.2 2016.0 3245.2 2807.8 1800.2
966.0 1422.0 2112.0 3259.5 3477.0 2237.5
109.2 304.0 68.8 5231.2 1052.0 412.0
978.0 1434.0 2220.0 3640.0 4073.0 2397.0
81.5 229.5 75.0 4588.5 1023.0 369.5
937.0 1353.0 2081.0 3198.0 2826.0 1629.0
924.0 1316.0 1970.0 3207.0 2671.0 1584.0
102.5 315.2 89.5 4914.0 1200.8 467.0
980.0 1467.0 2194.0 3388.8 3736.5 2446.5
955.0 1376.0 2056.0 3368.0 3193.0 1885.0
977.5 1462.0 2197.0 3231.5 2940.0 1846.5
939.0 1381.8 2053.5 3176.2 3230.8 2074.0
265.0 540.0 222.0 5608.0 1151.0 427.0
83.0 265.0 84.5 4714.5 1156.5 420.5
245.0 494.0 207.0 5231.5 1090.0 397.0
304.0 635.0 236.5 5868.5 1229.5 464.5
138.0 335.0 114.0 4964.0 1063.0 407.0
53.8 244.8 74.8 4340.2 1057.2 381.2
420.0 524.0 584.0 1074.5 1187.0 988.0
504.0 642.0 731.0 1303.0 1494.0 1252.0
602.0 760.0 876.0 1507.0 1676.0 1432.5
100.0 100.0 100.0 100.0 100.0 100.0
