0.1003
0.9224
0.677
0.2662
0.4896
0.9986
0.3062
0.213
0.395
0.4484
0.0419
0.5138
0.802
0.4268
0.4556
0.3132
0.6944
0.1884
0.8454
0.0776
0.2963
0.5966
0.559
0.8827
0.1374
0.1608
0.7991
0.6861
0.7309
0.026
0.8695
0.6381
0.3157
0.6413
0.99
0.5937
0.8736
0.1419
0.1456
0.3746
0.0238
0.049
0.7494
0.3046
0.1889
0.9341
0.4145
0.5536
0.9586
0.4694
0.8249
0.8265
0.9971
0.6434
0.6867
0.7802
0.1074
0.8403
0.0687
0.2331
0.0878
0.022
0.9758
0.6128
0.2611
0.3807
0.3493
0.3329
0.827
0.8478
0.9057
0.0219
0.3453
0.0514
0.5821
0.2721
0.2419
0.5455
0.7809
0.3271
0.0703
0.2067
0.7475
0.3727
0.7979
0.2523
0.3089
0.6465
0.8217
0.465
0.8851
0.2849
0.4367
0.6127
0.4853
0.8433
0.145
0.4565
0.0397
0.0107
0.7749
0.0439
0.4784
0.9028
0.5064
0.1181
0.8605
0.4047
0.3152
0.5215
0.7157
0.0225
0.25
0.1228
0.1627
0.1842
0.9424
0.4901
0.3409
0.3049
0.9922
0.5888
0.3509
0.5487
0.351
0.6067
0.5764
0.3326
0.3671
0.5373
0.3537
0.2579
0.4164
0.8161
0.4061
0.0302
0.9765
0.8907
0.3866
0.9171
0.2487
0.2026
0.2609
0.0294
0.9341
0.8805
0.9576
0.6006
0.5753
0.6418
0.5236
0.2539
0.6988
0.252
0.8711
0.3032
0.3645
0.4472
0.3907
0.5122
0.6158
0.9666
0.0766
0.8546
0.0591
0.012
0.6458
0.5103
0.6054
0.6679
0.0636
0.2639
0.6253
0.8624
0.4075
0.0414
0.6316
0.4223
0.2992
0.1136
0.9326
0.5642
0.0758
0.4507
0.944
0.8899
0.1724
0.2824
0.4376
0.7304
0.4217
0.0294
0.2565
0.2198
0.5872
0.141
0.5166
0.2873
0.8609
0.8213
0.5174
0.6352
0.6223
0.857
0.3888
0.9649
0.51
0.2173
0.6405
0.1189
0.7302
0.0953
0.9091
0.0906
0.6531
0.7365
0.4809
0.6409
0.0876
0.9642
0.046
0.5906
0.7243
0.3845
0.198
0.4127
0.2124
0.3014
0.4597
0.5426
0.4062
0.4075
0.3575
0.6312
0.9068
0.7157
0.3572
0.9959
0.8624
0.903
0.1071
0.8881
0.4389
0.4303
0.2383
0.5981
0.7091
0.6082
0.5097
0.6175
0.1489
0.3276
0.3962
0.9779
0.9663
0.3109
0.3129
0.9906
0.5036
0.0258
0.6032
0.0556
0.6036
0.9091
0.8093
0.7051
0.3643
0.8369
0.9693
0.0375
0.1487
0.1155
0.631
0.6465
0.0006
0.5968
0.23
0.1222
0.4891
0.179
0.2489
0.6654
0.376
0.0124
0.5407
0.6531
0.5362
0.2103
0.8558
0.5089
0.5877
0.1091
0.5258
0.9865
0.028
0.5682
0.5049
0.2416
0.2409
0.8165
0.1016
0.9157
0.3767
0.8413
0.1292
0.6732
0.8763
0.1891
0.6602
0.9738
0.9569
0.5899
0.7113
0.1113
0.6735
0.1532
0.3273
0.6827
0.7635
0.3815
0.665
0.1404
0.974
0.1286
0.6109
0.0628
0.4583
0.3081
0.6892
0.754
0.1087
0.293
0.134
0.7329
0.4297
0.5013
0.7332
0.9454
0.5964
0.6272
0.3798
0.1359
0.2741
0.606
0.9286
0.8426
0.0862
0.8338
0.351
0.834
0.3709
0.1014
0.2313
0.1951
0.7152
0.3772
0.966
0.5303
0.9913
0.8941
0.9902
0.2928
0.8972
0.454
0.7905
0.5635
0.7745
0.229
0.6238
0.0813
0.0546
0.5049
0.2272
0.6837
0.0387
0.9976
0.2501
0.0315
0.9118
0.8721
0.2343
0.1896
0.8425
0.4664
0.3872
0.2546
0.6281
0.3965
0.4752
0.0229
0.0811
0.4195
0.1099
0.1285
0.812
0.1443
0.4063
0.8792
0.6413
0.5523
0.6375
0.675
0.559
0.5958
0.4196
0.9515
0.896
0.2651
0.1117
0.6825
0.5219
0.5095
0.4615
0.6619
0.4402
0.9608
0.8053
0.2203
0.38
0.064
0.2858
0.6631
0.1434
0.081
0.5816
0.162
0.866
0.3915
0.5907
0.8682
0.0441
0.0172
0.3187
0.1882
0.8491
0.7507
0.7323
0.3925
0.575
0.62
0.9457
0.9632
0.3835
0.7968
0.847
0.1181
0.8656
0.217
0.7612
0.7382
0.719
0.9437
0.4513
0.5447
0.3772
0.1307
0.7208
0.0218
0.6032
0.2743
0.7456
0.4514
0.11
0.0366
0.1475
0.2548
0.0827
0.5036
0.9398
0.343
0.3969
0.833
0.8243
0.46
0.4053
0.357
0.4799
0.299
0.145
0.2044
0.3351
0.7707
0.019
0.9879
0.9876
0.7758
0.5339
0.3115
0.1105
0.4134
0.332
0.9625
0.9242
0.7066
0.4765
0.8681
0.5497
0.258
0.1576
0.3023
0.7929
0.2659
0.3252
0.1535
0.1998
0.308
0.0479
0.4856
0.9647
0.5664
0.4922
0.5507
0.1339
0.1169
0.348
0.3363
0.049
0.6142
0.7553
0.292
0.6187
0.5941
0.5272
0.845
0.0286
0.0909
0.5893
0.6087
0.2517
0.2617
0.5446
0.9963
0.8043
0.6941
0.8947
0.5873
0.6673
0.9068
0.1998
0.3813
0.7595
0.403
0.869
0.5367
0.4902
0.4468
0.5481
0.4069
0.8632
0.8259
0.4787
0.916
0.895
0.643
0.6881
0.7722
0.9195
0.3406
0.3891
0.4885
0.2275
0.3158
0.8993
0.7164
0.5183
0.3467
0.201
0.7233
0.0157
0.595
0.8745
0.3233
0.269
0.47
0.4448
0.2053
0.8511
0.3538
0.6548
0.7154
0.4365
0.6951
0.4457
0.3898
0.2012
0.5978
0.7543
0.7
0.6411
0.6336
0.5397
0.0295
0.6394
0.212
0.4107
0.6004
0.7926
0.6188
0.5316
0.4565
0.0521
0.1753
0.2315
0.5767
0.9586
0.3426
0.9031
0.2781
0.3046
0.0184
0.3916
0.6857
0.1042
0.7633
0.504
0.9397
0.2196
0.3808
0.0821
0.2511
0.535
0.5699
0.2766
0.7175
0.638
0.9194
0.5044
0.2147
0.4465
0.5121
0.1588
0.4324
0.3778
0.23
0.3381
0.4702
0.9644
0.8761
0.2055
0.59
0.396
0.8371
0.6159
0.5749
0.7021
0.3847
0.4926
0.5111
0.4597
0.6506
0.3636
0.2183
0.0969
0.1799
0.0669
0.6226
0.7766
0.0408
0.0207
0.8414
0.4248
0.8582
0.5443
0.5107
0.6995
0.564
0.7437
0.9098
0.474
0.0412
0.4183
0.1772
0.3859
0.8265
0.3594
0.4991
0.7901
0.5887
0.9962
0.7045
0.328
0.1854
0.5928
0.1528
0.0617
0.5743
0.5444
0.3054
0.5555
0.522
0.6564
0.5449
0.2272
0.6876
0.2349
0.5543
0.9237
0.3426
0.5885
0.9121
0.4054
0.8045
0.7072
0.9099
0.9987
0.6436
0.064
0.3575
0.4843
0.8667
0.179
0.3455
0.5828
0.289
0.8556
0.6394
0.4822
0.6751
0.7394
0.0106
0.7064
0.0609
0.7611
0.8009
0.7026
0.6944
0.6346
0.0913
0.3412
0.4559
0.1974
0.3335
0.7552
0.2279
0.0156
0.935
0.3802
0.3259
0.8868
0.3702
0.7213
0.0227
0.5543
0.3897
0.3424
0.8826
0.0475
0.0528
0.9443
0.6412
0.0921
0.4911
0.2172
0.1074
0.3274
0.592
0.0806
0.4557
0.5312
0.333
0.1955
0.7183
0.3317
0.699
0.9492
0.4515
0.6973
0.4982
0.4678
0.3432
0.3208
0.7932
0.2753
0.1774
0.7292
0.0107
0.3177
0.681
0.5675
0.9479
0.0863
0.8312
0.5563
0.2743
0.8087
0.5631
0.6073
0.6108
0.748
0.3469
0.1126
0.3915
0.1657
0.0062
0.4233
0.4172
0.4304
0.555
0.4854
0.6572
0.7186
0.7375
0.1222
0.4189
0.3747
0.3873
0.9563
0.9338
0.2613
0.1182
0.4598
0.7751
0.6006
0.5935
0.4214
0.6676
0.9427
0.9444
0.8694
0.0852
0.1779
0.0121
0.7965
0.2062
0.4539
0.7756
0.1611
0.1352
0.9517
0.6282
0.5384
0.5609
0.9822
0.705
0.9694
0.7321
0.6063
0.9423
0.5226
0.8441
0.2519
0.7857
0.637
0.11
0.8564
0.3548
0.7063
0.6429
0.1068
0.0256
0.2884
0.8173
0.1824
0.0664
0.0949
0.3868
0.6929
0.2892
0.2224
0.2338
0.9101
0.5996
0.9322
0.261
0.5342
0.9274
0.3945
0.6761
0.2182
0.0043
0.796
0.2457
0.7094
0.0556
0.7524
0.3377
0.9309
0.199
0.0041
0.3419
0.325
0.3198
0.8855
0.1964
0.929
0.3156
0.5437
0.0225
0.3068
0.9727
0.2981
0.5903
0.6001
0.8832
0.2955
0.3307
0.5449
0.7818
0.1647
0.0206
0.6343
0.8281
0.2101
0.0104
0.6474
0.2669
0.2194
0.2928
0.3092
0.2808
0.383
0.4649
0.2437
0.9783
0.0039
0.7061
0.1558
0.0617
0.0461
0.9711
0.5554
0.0396
0.8974
0.9336
0.3975
0.0883
0.8654
0.6352
0.436
0.0535
0.8664
0.3988
0.6123
0.7971
0.2726
0.4806
0.853
0.5736
0.847
0.5328
0.4603
0.4967
0.8142
0.1476
0.6895
0.3143
0.7445
0.6658
0.3292
0.423
0.6917
0.9017
0.5848
0.7279
0.7723
0.311
0.3486
0.7567
0.8315
0.7418
0.4844
0.3687
0.6293
0.2218
0.3239
0.4122
0.8051
0.7519
0.5555
0.5218
0.2206
0.1809
0.3594
0.1404
0.4021
0.2131
0.9752
0.1652
0.4366
0.2161
0.4478
0.8245
0.2682
0.9713
0.9203
0.72
0.4308
0.7339
0.5537
0.1127
0.2947
0.8956
0.2743
0.5237
0.4634
0.7659
0.7183
0.3133
0.4645
0.2484
1.0
0.0
0.0
1.0
0.0
0.0
1.0
0.0
0.0
1.0
1.0
0.0
0.0
1.0
1.0
1.0
0.0
1.0
1.0
0.0
1.0
0.0
0.0
1.0
1.0
1.0
0.0
1.0
0.0
1.0
1.0
0.0
1.0
1.0
1.0
1.0
0.0
0.0
0.0
0.0
0.0
0.0
0.0
0.0
0.0
0.0
