74.08 206.51 75.97 4227.8 962.04 345.89
125.65 264.4 166.35 4465.63 1056.69 492.49
675.56 984.05 1194.16 2681.57 2267.56 1892.55
780.85 1110.23 1368.67 2736.31 2483.57 2121.98
414.21 673.32 656.18 3866.87 1638.47 1152.86
83.71 160.39 83.59 2503.65 598.88 240.5
182.59 350.65 246.93 4259.66 1070.25 558.09
474.79 792.22 926.84 4366.88 1822.54 979.98
535.99 799.17 937.58 3110.04 1906.29 1522.88
375.96 591.78 640.23 3663.54 1636.36 1155.27
625.26 919.21 1110.29 2856.74 2195.91 1779.63
120.57 324.06 195.28 4175.62 1188.53 542.99
101.9 263.76 92.01 3763.28 937.67 379.27
669.28 1014.5 1341.29 3726.53 2104.69 1277.98
159.23 207.13 247.37 798.28 398.45 260.62
257.46 482.05 364.4 4541.2 1334.27 699.49
306.34 544.86 489.04 4488.24 1478.86 776.16
776.67 1153.49 1543.83 3604.42 2169.01 1284.18
268.42 521.58 278.6 5060.4 1144.42 449.28
417.05 724.13 905.93 3967.07 2107.99 1191.19
823.72 1173.72 1502.99 2739.88 2539.16 2079.19
545.03 908.93 1015.97 4710.32 1939.9 1062.1
551.52 925.15 940.16 4682.42 1846.63 1027.8
94.54 187.6 93.15 2597.46 613.69 250.28
122.67 319.52 90.05 4650.21 948.86 368.75
100.0 100.01 100.0 100.19 100.04 100.01
291.48 532.53 489.89 4318.06 1391.53 682.24
119.26 274.19 90.37 4067.0 812.52 322.33
273.57 495.21 438.77 4149.37 1524.14 890.83
107.0 119.02 105.17 347.73 147.79 114.34
186.82 436.76 103.41 3923.05 880.67 358.04
341.38 583.62 451.83 3072.88 1216.06 809.96
302.01 653.35 282.06 5101.46 1380.18 696.62
612.78 882.3 1098.13 2053.42 2062.13 1738.34
138.85 203.6 128.73 1396.89 347.46 176.99
169.51 273.82 237.92 2138.58 742.19 439.92
316.52 525.77 588.33 3758.33 1598.72 915.16
586.04 906.87 1092.51 4214.65 1884.09 993.2
805.27 1172.64 1651.28 3175.43 2563.08 1700.66
166.2 271.84 200.58 2325.83 657.47 380.4
129.51 355.65 96.09 4480.28 956.79 368.67
758.16 1132.9 1469.98 3217.0 2443.29 1801.78
468.01 733.49 788.04 3401.3 1824.94 1341.49
636.78 953.03 1277.77 2841.64 2160.68 1529.79
635.04 924.55 1248.62 2730.6 1703.2 1021.66
665.23 1004.68 1389.32 3949.72 2231.09 1247.53
611.68 973.81 1270.93 4026.09 2107.86 1208.12
470.46 737.74 787.52 3668.1 1843.51 1365.71
438.78 694.15 892.53 3801.96 2004.47 1133.73
525.97 823.62 1011.91 3577.56 2046.74 1284.62
568.86 914.95 1170.09 3868.98 2467.35 1547.94
434.87 687.27 754.54 3356.61 1800.34 1300.37
245.6 494.56 208.4 5225.41 1091.15 398.97
312.08 560.81 502.03 3992.16 1613.56 1008.52
120.98 229.74 107.73 2785.37 631.66 269.49
565.38 895.94 937.94 4371.38 1784.19 1063.22
166.82 434.92 178.11 5087.44 1203.11 486.79
507.86 795.25 980.66 3787.52 2209.28 1406.29
576.3 883.72 1141.49 4001.23 1983.7 1160.6
95.59 121.97 91.75 942.6 223.28 133.9
831.5 1285.69 1790.98 3563.09 2549.14 1557.85
743.97 1115.42 1542.22 3486.07 2367.64 1431.36
644.86 920.12 1140.88 2068.44 2071.55 1773.86
239.54 452.6 425.55 4428.16 1409.01 640.95
476.66 857.42 761.47 4687.16 1797.34 928.5
181.02 312.47 154.21 2390.86 548.56 244.76
520.57 772.25 901.4 3187.15 1921.45 1477.34
690.0 1048.75 1363.95 3714.46 2166.98 1310.84
146.63 351.64 151.52 5139.97 1114.64 460.91
646.44 963.9 1090.0 3226.06 2155.42 1709.85
501.36 749.17 1045.7 2751.2 2088.41 1193.37
659.41 993.9 1097.09 3297.2 2182.26 1725.19
312.85 546.14 471.13 4136.02 1466.7 902.13
392.18 612.33 653.57 3456.47 1557.06 1121.24
277.92 554.43 386.64 4518.58 1406.43 803.86
299.83 509.04 443.52 3870.52 1299.27 815.55
142.54 182.37 201.75 809.26 387.07 239.05
109.56 186.44 95.22 2068.55 453.57 210.33
631.69 903.99 1096.24 2198.53 1922.16 1591.45
136.31 324.54 113.38 4747.49 1020.13 393.33
311.99 643.22 254.94 5819.76 1249.8 491.16
102.95 234.87 122.08 4557.12 1003.83 431.45
88.81 222.2 87.15 4903.88 991.46 393.48
99.03 112.02 96.93 504.92 167.53 118.57
218.92 366.97 237.46 2792.08 737.01 380.21
976.3 1462.08 2184.72 3396.75 3724.94 2437.54
660.5 1036.44 1410.44 3885.71 2231.23 1302.93
144.19 351.77 172.45 4451.34 1219.46 553.84
548.42 840.16 1050.1 3323.47 2069.73 1397.49
745.95 1064.79 1357.18 2433.21 2439.64 2062.85
107.38 263.72 74.96 4218.14 864.04 350.4
376.52 599.97 641.75 3860.64 1502.09 1031.76
184.16 391.09 287.28 4457.49 1379.61 663.8
118.07 196.76 136.48 2011.23 553.49 275.98
139.49 269.6 177.87 3632.1 811.51 352.92
174.53 336.26 300.52 4489.5 1229.64 568.52
252.02 485.12 247.84 4761.15 1055.69 406.79
822.5 1186.49 1621.08 2636.33 2967.57 2227.0
431.38 669.11 859.16 3129.16 1350.01 718.82
315.98 521.73 501.91 2523.37 1084.51 607.64
668.12 1012.49 1457.9 3712.53 2907.01 1661.01
461.62 679.13 849.03 2152.11 1614.75 1231.31
204.11 323.84 304.01 2336.63 707.72 372.25
128.6 276.9 110.54 3761.44 824.91 331.1
546.29 837.01 1054.32 3434.72 1901.2 1335.35
554.66 832.08 1207.85 3036.4 1869.05 1017.22
226.45 404.19 293.89 3556.99 1089.4 595.3
392.82 577.43 655.1 2274.38 1391.12 1064.35
177.02 442.56 180.31 4984.86 1179.67 523.56
512.31 761.15 905.25 2983.31 1891.53 1489.54
83.09 162.69 82.97 2595.39 617.92 245.86
560.57 867.76 1107.37 3755.09 1957.18 1275.04
647.07 958.37 1278.24 3040.43 2203.5 1486.12
104.36 195.86 122.23 2672.68 669.19 283.4
735.81 1082.08 1574.05 3612.66 2323.67 1332.67
594.88 927.05 993.93 3069.64 2100.64 1647.2
173.29 403.67 243.01 4768.93 1306.09 554.25
303.89 623.01 249.71 5602.5 1209.32 478.39
489.55 744.53 841.53 3405.67 1839.29 1399.89
88.44 222.94 125.91 4369.13 943.69 371.88
86.07 217.96 116.56 4334.52 927.72 367.72
607.15 909.92 1288.37 3644.26 2101.62 1154.35
420.1 636.79 823.12 2569.75 1616.52 1061.68
772.98 1091.61 1365.64 2695.99 2463.49 2118.4
344.26 613.15 605.24 4812.76 1826.82 895.44
247.84 390.13 401.95 2765.4 1082.21 729.27
108.39 286.08 71.54 4780.56 968.39 384.6
706.57 1047.67 1445.98 3314.21 2633.95 1691.65
106.07 242.61 105.33 4167.83 824.19 318.51
743.38 1090.73 1452.99 2921.41 2666.11 1937.02
79.74 159.79 73.21 3075.51 642.37 260.75
522.82 792.05 889.48 3213.18 1888.5 1465.39
275.72 487.37 385.59 3904.82 1313.85 768.07
96.02 111.75 94.73 684.92 206.62 131.6
438.83 749.3 604.82 4450.57 1493.27 856.43
441.87 693.52 870.59 3704.28 2046.29 1234.25
853.68 1241.65 1783.11 3434.85 2523.49 1471.7
243.04 426.06 344.98 3616.82 1158.66 707.72
383.16 651.92 665.22 3952.19 1589.97 990.33
219.1 400.67 397.9 4207.65 1213.36 584.19
267.66 511.32 441.11 4825.28 1512.0 791.92
296.46 492.54 446.8 3167.98 1215.79 811.36
128.28 274.89 110.42 3719.88 816.68 328.48
168.59 435.86 178.11 5071.08 1175.74 471.67
189.12 378.71 315.43 3858.23 1243.36 602.23
254.58 479.48 414.26 4439.9 1350.12 677.33
151.91 403.99 139.52 4859.77 1073.03 421.16
381.59 593.86 650.0 3599.14 1591.68 1138.74
104.72 238.85 140.39 4203.32 960.98 437.97
932.27 1397.69 2080.77 3205.94 2769.04 1741.4
554.51 806.42 931.7 2260.33 1756.63 1442.12
210.5 424.39 273.39 4640.41 1206.63 511.54
89.85 171.04 86.29 2562.33 606.35 247.84
282.74 467.56 504.18 3861.86 1209.6 646.77
316.13 473.95 595.93 2373.48 1144.07 710.96
667.45 1084.7 1295.44 4004.92 2316.85 1486.62
133.48 263.15 114.0 3182.15 742.85 311.24
703.71 1014.02 1275.3 2241.88 2370.92 2018.06
543.09 830.24 967.15 3502.84 1998.81 1464.28
116.91 204.6 106.23 2265.03 528.64 236.65
732.05 1108.54 1523.72 3246.73 2377.52 1591.84
344.57 490.39 670.63 1497.56 1094.13 701.25
63.53 257.1 96.04 4327.45 1083.23 401.48
505.59 809.11 747.71 4334.73 1754.44 1193.7
470.45 724.52 953.28 3367.6 1826.67 1048.87
370.67 721.62 434.56 4774.91 1536.22 897.44
659.56 970.15 1195.72 3135.95 2260.63 1776.84
672.67 1003.06 1389.57 3436.23 2779.06 1781.89
153.98 363.04 122.57 5069.27 1136.45 440.58
207.29 283.76 289.44 1154.73 589.42 442.84
793.89 1130.4 1424.87 2292.59 2548.87 2211.55
795.87 1183.32 1661.52 3260.48 2038.95 1211.72
113.07 228.61 156.91 3306.31 855.12 353.24
685.92 999.87 1222.27 2673.92 2344.82 1947.52
99.0 101.88 98.91 200.11 117.95 105.22
659.54 977.02 1199.2 2892.22 2199.52 1685.16
177.41 367.16 199.66 4435.86 1048.72 507.64
310.07 507.48 520.7 3574.31 1483.28 961.1
114.45 264.92 85.55 3602.8 745.44 301.46
159.27 383.98 316.13 4231.86 1362.32 616.39
728.9 1108.91 1550.99 3696.51 2679.15 1653.2
240.51 467.72 350.22 4689.75 1355.15 667.71
177.86 311.58 157.46 2855.6 631.63 259.49
82.75 154.05 90.59 1682.85 457.32 204.97
223.83 446.85 292.89 4369.13 1219.87 664.39
339.62 677.34 337.4 5728.14 1350.41 559.89
399.61 609.88 670.27 2546.38 1504.66 1129.23
283.06 556.06 265.33 5408.93 1185.97 487.78
76.31 217.93 55.71 4621.89 761.59 281.92
585.18 929.17 1112.1 4224.05 2139.36 1219.02
911.16 1325.5 1950.53 3259.11 3350.31 2155.1
779.26 1158.54 1592.66 3111.1 2812.06 1943.29
73.44 178.39 64.87 4001.32 811.12 310.77
250.56 354.31 397.95 1385.77 839.4 637.4
153.12 304.19 206.73 4040.63 910.9 390.31
207.99 418.83 362.05 3651.34 1316.23 736.04
137.64 329.84 114.82 4840.25 1040.3 400.95
341.7 522.14 572.77 2921.36 1387.67 1003.49
86.7 166.22 75.13 2639.1 471.49 202.15
507.63 795.99 958.85 3685.83 1710.5 988.26
508.15 751.3 869.36 2887.92 1798.02 1403.48
155.64 248.38 141.14 1957.43 454.42 210.27
214.58 336.5 327.36 2498.83 947.78 594.91
880.91 1290.7 1886.85 3282.02 2808.12 1795.56
928.8 1344.93 1901.13 3008.78 2862.38 1887.04
90.81 227.79 107.26 4179.59 999.03 390.44
593.73 872.62 1061.97 2735.92 2124.3 1726.82
88.72 141.82 88.64 1764.39 445.45 197.29
794.88 1174.02 1676.98 3644.87 2766.75 1596.14
522.58 857.07 884.23 4708.15 1811.75 940.3
94.55 127.16 89.8 1141.32 252.35 141.89
665.44 1067.56 1274.16 3966.73 1840.82 1015.06
231.01 479.43 323.73 4288.16 1159.92 544.06
408.41 565.55 699.45 1135.9 1245.33 1073.41
349.76 568.71 584.33 3581.14 1273.76 727.84
370.79 579.89 630.94 3652.61 1604.97 1126.43
494.04 742.31 873.51 3038.53 1894.93 1465.72
523.49 860.88 1107.24 3586.68 1914.7 1117.18
115.7 328.64 115.65 4809.71 1216.27 497.59
268.92 544.38 233.36 5580.52 1161.91 436.74
462.62 705.96 786.71 3520.45 1820.52 1332.67
88.8 133.05 85.19 1744.58 399.77 188.85
894.48 1262.98 1702.47 2699.08 2829.76 2206.42
158.84 372.56 130.65 5148.1 1164.15 457.29
442.48 706.85 950.23 3989.63 2231.47 1182.02
96.81 110.0 98.26 392.96 166.13 119.43
391.8 590.87 764.24 2258.36 1375.51 839.39
831.06 1239.33 1716.15 3380.31 2063.69 1209.91
535.53 848.06 898.71 4120.22 1833.35 1145.68
889.4 1337.23 1979.12 3337.48 3423.3 2223.73
877.64 1252.11 1675.22 2915.85 2505.45 1891.41
671.7 962.82 1183.28 2872.34 2233.19 1865.61
107.08 321.12 100.22 4903.97 1209.53 474.55
280.28 529.05 290.72 4895.6 1168.35 517.82
781.45 1190.32 1562.28 3712.73 1990.12 1138.05
187.04 373.24 302.2 4705.47 1126.5 472.41
110.86 223.97 89.14 2733.11 585.19 251.44
284.17 490.1 514.13 4288.64 1169.68 580.57
837.79 1191.68 1561.35 2821.57 2496.44 1976.51
608.11 927.51 1263.4 3826.62 2429.76 1513.37
394.1 627.61 661.0 3973.51 1595.72 1087.9
186.8 322.88 335.36 3324.91 970.75 458.66
419.63 674.75 836.97 3892.41 1800.79 932.33
849.99 1236.35 1862.54 2860.17 2603.97 1603.41
379.79 559.56 598.33 1851.91 1190.2 929.62
529.93 800.53 1064.26 3303.23 1827.8 1147.79
769.51 1147.88 1625.26 3589.73 2561.85 1599.89
173.74 338.21 300.53 4235.42 1113.92 512.92
283.52 482.58 503.26 3146.06 1259.21 700.85
98.6 104.13 98.15 305.41 137.44 111.1
325.38 556.92 486.47 4197.2 1460.35 897.79
416.26 676.18 674.67 3696.18 1665.4 1184.08
818.7 1179.06 1616.81 2986.74 2556.19 1840.73
323.91 551.94 572.83 4442.2 1328.12 645.83
702.76 1007.81 1258.22 2598.39 2350.05 1985.16
610.95 944.84 1354.71 3205.53 2091.48 1278.05
117.18 296.0 82.82 4262.88 867.07 339.42
441.22 658.84 915.11 2373.39 1704.5 1076.86
338.43 573.15 596.09 3904.76 1212.28 603.59
759.82 1082.49 1365.82 2386.55 2469.9 2126.93
681.14 1052.95 1488.88 3613.02 2259.03 1338.15
244.08 406.86 352.3 3064.2 1062.19 679.98
171.93 350.45 289.27 4334.76 1210.81 534.76
818.88 1201.08 1700.27 3367.85 3202.5 2091.62
833.1 1183.0 1567.79 2572.12 2586.09 2083.05
121.4 157.06 115.82 814.31 236.3 142.41
866.15 1285.99 1734.09 3546.69 2541.58 1585.86
101.74 108.47 100.73 259.96 133.36 110.96
106.45 242.96 78.14 3695.93 767.16 318.65
859.61 1237.14 1705.82 2979.58 2980.52 2163.94
921.49 1344.03 1982.47 3211.15 2908.66 1871.77
348.62 617.7 414.24 4173.48 1237.52 685.98
720.91 1022.63 1292.53 2156.26 2322.69 2005.64
410.82 714.43 596.9 5084.3 1430.89 662.7
693.88 988.23 1233.88 2217.23 2244.22 1921.36
103.31 173.34 88.78 1944.81 442.27 212.17
530.62 857.0 877.32 4012.31 1916.3 1191.25
716.67 1041.47 1324.81 2772.97 2384.02 1880.38
489.74 762.84 961.94 3545.91 1813.08 1053.98
220.99 569.31 104.75 5427.73 1187.92 459.6
205.46 442.07 319.47 4699.8 1354.38 596.57
591.15 881.33 1059.27 2696.77 2161.75 1730.48
84.65 128.71 83.3 1632.24 374.81 179.94
573.36 849.32 1004.11 3089.66 2034.84 1625.33
190.7 385.4 238.67 4414.95 1074.23 517.04
258.45 495.99 398.73 4545.59 1220.89 566.21
119.51 276.5 90.24 4119.61 821.97 325.28
64.09 190.76 69.52 4403.55 894.39 340.34
112.07 306.09 113.0 4422.32 1110.61 444.42
207.04 340.67 360.46 3203.98 1111.19 582.65
126.09 326.01 96.55 3972.55 857.47 337.53
920.77 1327.84 1998.33 3341.52 2782.42 1635.29
306.28 511.42 572.87 3044.5 1366.83 749.8
125.65 273.47 171.94 4239.37 885.84 381.52
213.13 401.88 427.53 4237.59 1262.6 612.79
762.26 1106.42 1606.88 2833.62 2978.18 1923.8
533.99 890.04 905.06 3950.25 1677.51 1002.95
577.64 892.06 1102.26 2977.94 1903.32 1229.86
359.41 640.78 670.02 4405.7 1738.58 949.31
89.75 151.01 80.84 2056.06 386.19 178.69
91.58 221.73 89.54 4768.08 975.13 397.96
569.08 844.95 1105.33 2745.05 1618.73 950.5
607.94 920.32 1103.52 3479.31 1762.37 1060.26
731.59 1097.88 1517.61 3690.39 2816.62 1744.18
669.25 955.95 1261.74 2012.74 2080.57 1684.49
355.59 598.16 567.0 3923.05 1558.89 1006.92
841.92 1180.02 1500.19 2459.36 2619.89 2290.33
807.96 1229.26 1657.05 3507.47 3002.1 2029.1
514.15 781.17 954.18 3403.66 1825.55 1284.36
149.83 302.43 215.74 4050.31 1124.75 538.57
85.29 177.22 75.96 3516.14 715.34 293.75
325.3 562.69 565.26 4103.15 1654.59 959.04
321.95 571.41 548.96 4569.32 1606.43 821.38
491.2 773.29 983.51 3874.02 1900.46 1044.89
304.55 498.93 496.47 3273.77 1361.39 893.55
332.44 584.96 601.27 4265.6 1444.94 725.86
722.11 1062.14 1310.44 3154.93 2278.03 1761.22
143.57 351.05 135.98 4741.01 1008.04 404.14
642.97 992.18 1295.09 3764.49 1803.47 1003.95
281.72 385.62 469.04 1098.8 849.23 668.81
185.61 347.97 280.69 4540.2 1215.26 633.54
245.73 467.63 334.01 4721.16 1342.83 761.91
71.07 199.29 86.19 4369.71 900.62 344.56
489.3 764.47 788.39 3866.77 1865.13 1341.7
577.77 838.61 1192.88 2494.21 1915.48 1197.81
313.8 521.75 599.06 4512.32 1565.62 778.75
407.95 571.82 678.87 1790.41 1253.27 1046.97
136.52 295.08 172.63 4413.04 917.98 449.05
393.47 642.58 637.4 3369.37 1272.36 670.24
351.29 613.44 634.8 4653.93 1746.34 937.68
465.13 653.03 961.45 1621.65 1319.43 775.57
553.22 835.79 985.16 3114.48 2081.93 1591.2
72.02 203.73 71.82 4228.82 956.94 341.34
301.85 527.98 499.76 3621.09 1437.96 860.05
108.15 192.24 139.6 1774.08 550.48 283.89
696.27 1006.73 1206.51 2998.39 2290.0 1896.98
180.14 310.17 153.62 2366.11 543.72 243.19
691.62 1063.7 1305.48 4025.36 2133.1 1249.07
291.84 514.78 488.5 4004.5 1514.73 910.9
419.61 648.06 724.69 3477.11 1734.34 1270.19
97.44 299.83 170.14 4278.39 1150.28 458.15
90.07 136.79 90.0 1564.49 403.96 185.6
134.88 235.29 101.37 1635.85 413.62 203.67
276.46 552.82 247.04 5547.35 1179.74 463.52
230.56 417.13 368.39 4154.01 1339.27 723.58
560.04 858.72 1077.58 3413.81 1986.44 1356.76
345.08 650.6 422.13 4061.56 1390.88 840.27
242.52 525.12 369.37 4866.17 1321.3 573.65
601.76 883.77 1092.0 2714.32 2172.72 1738.87
768.38 1128.76 1632.9 3423.35 2701.53 1553.86
122.01 299.01 89.02 4631.96 914.02 354.03
416.82 665.12 719.65 3430.5 1761.65 1252.3
134.47 290.44 239.0 4319.43 1065.52 467.54
151.16 349.29 121.39 4809.58 1082.29 422.78
621.88 973.72 1253.89 3762.67 2173.92 1363.1
278.75 540.6 585.08 4053.42 1559.21 805.73
146.8 328.06 119.57 4408.42 998.62 395.28
773.25 1101.15 1389.6 2351.97 2504.95 2159.96
281.51 507.68 394.85 4458.71 1378.42 790.03
461.95 801.12 647.5 4860.34 1645.56 941.07
309.42 656.63 312.89 4916.65 1409.86 740.3
544.49 770.69 946.07 1838.78 1732.02 1468.87
249.48 410.62 424.3 2743.84 949.5 479.17
203.93 386.74 346.26 4458.37 1117.72 515.67
311.61 531.98 619.59 4221.21 1328.95 650.0
565.16 870.73 907.85 3661.15 1934.56 1439.02
160.55 317.32 245.63 4049.43 1148.03 543.53
100.79 254.37 118.38 4556.87 1060.73 397.3
304.28 497.18 458.22 3392.41 1233.26 807.18
200.38 381.27 392.93 3128.07 1096.57 505.81
147.5 226.67 135.12 1685.68 402.57 194.14
504.52 720.28 881.14 2013.66 1680.56 1387.78
58.2 249.48 84.47 4312.16 1060.45 386.25
496.13 780.41 845.15 3060.28 1855.55 1415.53
328.15 530.44 566.18 3494.16 1500.79 1035.47
402.96 633.58 687.6 3532.71 1713.39 1204.69
393.03 659.3 803.92 3870.08 1607.01 849.85
290.12 522.85 454.69 3908.88 1504.0 921.82
467.24 778.97 942.39 3950.09 1746.57 896.64
204.61 372.95 321.84 3865.44 1250.36 686.62
116.3 247.47 91.85 3458.58 703.24 288.23
587.58 903.91 1147.15 3670.13 2116.26 1357.39
279.22 515.44 377.09 4601.01 1427.46 791.14
72.91 267.83 117.86 4273.29 1085.11 407.8
221.82 424.72 308.51 4410.04 1146.5 559.69
474.91 861.81 814.19 4566.78 1758.38 922.1
82.86 229.31 77.76 4528.17 1014.0 368.62
292.19 469.38 517.72 3154.1 1253.95 692.69
301.04 412.02 571.1 1137.53 806.89 482.01
147.96 339.73 219.06 4648.89 1206.12 501.24
73.18 202.63 87.23 4388.66 902.85 347.59
515.47 848.0 878.32 4796.65 2080.52 1146.37
248.52 440.94 452.01 4031.67 1361.03 659.01
96.18 226.72 111.09 4550.22 991.71 417.6
643.56 919.82 1155.45 1872.31 2108.9 1811.74
401.0 623.53 742.93 3242.5 1504.92 1003.4
108.8 157.75 119.16 1680.19 432.55 235.33
177.77 388.92 331.19 3925.21 1339.37 649.48
420.69 673.39 734.86 3771.18 1630.79 1048.84
737.34 1081.37 1463.35 3341.68 2394.61 1631.55
179.05 274.4 248.69 2141.08 655.27 431.11
701.45 1091.41 1512.05 3801.19 2322.79 1373.15
179.6 251.04 257.0 1259.0 591.13 416.0
789.41 1181.48 1762.77 3910.97 3400.99 1956.84
185.13 267.89 323.15 1101.09 570.61 345.47
175.85 364.88 198.51 4396.47 1045.39 506.5
505.99 793.18 767.67 3986.23 1742.35 1216.52
656.25 990.93 1357.65 3862.53 2747.86 1700.89
346.19 619.65 456.17 4875.87 1280.74 583.1
140.21 335.78 119.93 4904.04 1058.27 408.09
227.9 375.06 310.14 2028.58 709.97 372.41
190.99 355.96 320.59 4081.36 1195.2 645.81
738.73 1101.23 1475.7 3566.45 2116.02 1233.15
341.83 556.74 571.11 3733.47 1582.1 1045.87
191.37 362.85 266.57 4190.47 1098.56 588.83
495.64 799.9 1051.7 4035.53 2273.72 1326.84
309.01 562.92 472.31 4779.36 1408.52 652.98
542.57 845.18 936.84 3103.16 2008.27 1557.27
303.62 587.21 331.72 5460.36 1247.53 496.27
516.43 825.5 1091.84 3841.12 2153.61 1153.17
630.04 920.82 1109.46 2160.96 2097.07 1761.66
799.84 1177.63 1681.34 3671.76 2790.27 1635.16
841.3 1234.81 1803.28 3323.64 2730.24 1729.94
211.85 384.66 395.47 4100.39 1341.12 678.88
935.56 1362.98 1981.94 3402.48 3640.55 2354.98
124.34 250.53 108.97 3215.64 716.85 296.65
315.08 586.64 434.15 3663.9 1335.47 700.63
165.86 429.01 174.57 4975.37 1155.65 471.06
716.16 1086.89 1418.01 3983.59 2830.19 1732.89
709.77 1022.93 1285.88 2219.9 2373.84 2029.12
818.01 1257.34 1876.73 3559.66 2768.16 1726.38
178.6 346.93 303.37 4680.19 1197.77 557.84
94.71 165.76 83.22 2315.46 469.47 201.62
167.67 345.76 229.35 3641.53 1080.07 518.65
379.85 691.4 488.06 4920.83 1362.29 624.48
555.09 896.72 982.13 4668.31 2227.55 1260.15
401.02 606.76 810.19 3255.72 1472.52 789.83
185.91 288.76 205.12 1919.89 553.52 310.18
223.03 423.68 307.68 4195.76 1179.87 590.19
148.68 377.89 143.87 4396.75 992.51 401.08
82.41 223.12 76.23 4367.47 977.55 356.23
699.28 1035.43 1175.26 2993.91 2254.91 1857.71
644.49 947.6 1141.06 2917.61 2227.43 1815.64
500.61 724.63 1025.84 1913.57 1719.77 1104.59
90.45 166.85 87.09 2417.06 576.47 239.12
400.1 655.33 681.8 3879.7 1727.91 1150.7
598.91 907.64 1008.23 3169.46 2063.22 1606.34
849.1 1221.93 1713.72 2807.51 2835.83 1975.82
857.8 1199.99 1524.67 2413.02 2647.45 2331.36
544.32 846.79 1070.38 3919.8 1822.39 1068.3
461.48 775.92 791.65 4450.91 1577.11 811.71
221.41 457.62 432.67 4124.8 1404.48 645.99
833.14 1171.18 1479.02 2489.94 2603.66 2271.87
834.66 1236.48 1765.01 3556.67 2841.65 1779.25
623.86 887.4 1316.63 2229.83 1831.45 1086.34
181.66 380.4 223.79 4571.31 1112.54 472.09
142.13 205.15 166.86 1113.57 397.66 261.38
390.5 618.82 571.25 2608.63 1295.93 953.41
257.83 520.88 216.7 5368.64 1105.33 412.79
129.79 297.14 161.28 4770.54 987.24 391.67
510.39 812.71 780.41 4075.63 1797.17 1252.29
94.28 191.78 92.83 2716.69 638.21 257.46
287.95 592.91 225.76 5414.72 1140.65 435.83
419.93 672.81 826.26 4192.36 1472.52 761.83
161.82 336.31 260.98 4475.27 1280.32 555.41
633.36 972.6 1322.05 3849.5 2369.22 1394.44
442.47 716.37 774.09 3863.62 1768.1 1135.79
125.54 186.73 158.31 1387.5 475.12 259.56
443.9 669.69 741.5 2543.87 1527.43 1159.96
710.36 1035.36 1295.92 2842.89 2379.62 1897.02
165.09 380.85 295.82 4098.38 1313.77 638.57
459.64 741.07 878.55 4083.98 1662.07 866.67
253.23 512.75 452.54 4624.17 1500.4 704.63
440.88 737.98 824.14 4085.84 2029.33 1263.35
373.0 506.54 638.09 1155.69 1048.61 871.06
196.06 338.72 262.34 2933.38 908.73 542.55
157.3 289.97 162.02 3052.54 786.75 373.58
896.43 1300.27 1917.69 3456.88 3032.76 1777.35
698.69 1012.76 1240.13 2621.13 2326.44 1957.11
397.65 645.1 669.44 3781.4 1763.52 1197.06
487.39 726.08 836.52 3465.57 1839.94 1399.19
760.41 1076.44 1363.44 2157.72 2422.91 2106.08
699.88 1052.08 1375.51 4023.58 2154.05 1190.51
374.21 552.74 735.01 2133.65 1349.66 829.84
641.16 941.4 1152.45 2594.98 2182.81 1778.43
312.25 528.81 538.82 3692.16 1125.05 558.47
96.9 116.26 94.94 819.43 229.59 140.8
195.32 363.67 370.41 3930.42 1114.97 529.33
523.12 799.42 887.09 3379.03 1936.5 1469.92
156.93 383.49 214.83 4799.9 1322.37 563.72
557.89 844.12 1038.18 3687.81 2032.35 1402.82
313.69 500.95 536.14 2505.14 1302.62 921.97
635.0 969.16 1311.47 3791.21 2721.3 1678.26
320.71 588.05 404.16 5032.79 1314.25 555.67
107.92 168.59 98.95 1275.15 329.86 172.08
725.55 1034.22 1286.02 2235.68 2312.69 1988.71
335.61 463.92 553.94 1213.67 1025.66 850.93
433.1 663.82 793.66 3249.79 1637.15 1119.07
522.99 843.79 906.31 4668.06 1746.05 879.94
494.88 805.43 846.76 4449.95 1914.9 1064.86
426.32 643.73 723.79 2463.27 1158.28 680.85
715.67 1031.14 1284.41 2523.11 2402.35 2023.42
464.08 660.96 919.25 1576.11 1064.3 655.63
142.34 249.49 163.58 1991.9 532.72 259.61
222.92 382.09 345.87 3301.53 1166.17 689.75
274.66 560.19 408.87 4720.82 1429.84 736.74
545.54 788.87 1011.6 2292.9 1530.81 1048.55
773.28 1128.99 1691.87 3071.17 2401.75 1366.06
593.47 861.85 1035.42 3168.7 2070.7 1662.35
605.47 929.73 1221.54 3865.67 2545.01 1554.89
565.97 832.71 1006.43 2913.44 2031.95 1634.62
511.43 820.4 999.68 3889.52 2043.72 1249.47
598.56 910.43 1199.31 3954.84 2031.06 1155.44
376.14 622.18 592.05 3983.92 1603.14 1064.27
145.83 366.07 171.8 4771.17 1284.03 574.04
90.27 245.33 67.54 4914.74 909.26 325.29
331.77 615.83 349.69 4668.61 1210.29 603.63
114.34 224.24 98.1 2228.66 516.37 230.56
234.34 311.13 353.37 675.71 613.1 520.93
144.3 352.02 128.94 4745.11 1026.98 437.52
259.99 425.97 372.11 2859.09 1082.08 683.15
116.28 285.75 83.72 4045.21 826.96 326.9
243.6 450.55 386.12 4094.23 1377.21 781.06
649.42 981.78 1322.89 3692.02 2171.77 1274.97
94.04 295.7 163.5 4286.46 1143.27 450.49
496.36 709.33 840.59 1706.61 1546.17 1305.55
208.54 277.21 313.63 777.81 571.77 465.06
605.17 959.43 1312.07 3876.72 2151.67 1231.81
656.01 948.26 1158.68 2455.07 2170.07 1825.34
131.84 375.81 95.79 4825.71 1024.35 389.85
275.77 491.43 442.53 4105.38 1454.84 866.76
112.47 232.34 153.16 3607.59 872.93 420.72
579.24 902.36 1209.12 3990.48 2342.73 1392.8
671.42 1011.21 1142.08 2975.62 2259.65 1837.01
406.4 607.85 855.38 1897.6 1308.29 812.34
122.82 295.62 91.96 4512.5 896.51 351.23
658.92 965.52 1195.34 2363.53 2290.38 1909.9
497.35 700.63 1010.9 1840.91 1587.68 945.28
213.68 408.89 183.89 4122.97 876.14 332.84
315.28 683.69 361.41 5224.02 1510.5 706.81
628.9 952.03 1155.34 3306.59 2161.27 1540.01
392.74 635.83 765.61 4251.29 1432.45 730.89
97.66 247.95 110.28 4475.78 1039.42 390.21
352.79 581.79 538.72 3937.5 1455.86 973.09
679.37 1018.94 1160.43 2931.29 2278.42 1861.32
109.55 208.97 90.45 2414.57 526.49 233.12
297.34 481.09 483.07 3931.6 1411.82 915.45
238.22 462.48 192.48 4008.33 865.27 346.96
808.22 1184.76 1665.78 3445.81 2253.49 1355.09
111.18 313.14 180.18 4177.38 1173.35 523.96
299.31 622.71 233.36 5736.01 1203.56 456.13
692.28 1022.71 1462.25 3327.34 2315.41 1443.31
110.77 243.41 167.88 4089.19 936.52 391.5
655.08 1007.23 1305.99 3845.29 2517.51 1595.14
141.2 245.1 171.31 2161.87 678.63 366.22
372.39 546.39 607.09 2483.37 1282.92 982.67
84.72 206.97 79.35 3807.61 862.42 322.61
231.23 469.7 462.91 4134.59 1585.18 784.74
530.98 788.59 944.07 2844.63 1967.92 1559.07
136.87 330.78 221.01 3874.33 1154.26 557.61
172.05 222.04 242.64 725.13 456.06 357.93
650.55 1050.59 1322.32 4410.92 2239.54 1287.42
747.61 1121.38 1618.41 2816.73 2203.06 1371.97
411.72 650.69 731.41 3762.19 1519.04 1001.71
458.9 804.37 651.35 4160.9 1757.77 1187.07
373.25 654.15 519.35 4859.71 1338.45 598.98
430.17 659.17 825.91 2874.33 1380.43 776.82
325.48 594.9 414.69 4998.91 1359.06 607.35
94.42 169.38 82.29 2437.47 489.82 207.22
222.39 404.86 392.56 3981.18 1079.04 567.02
272.16 441.11 455.85 3015.01 1043.6 560.03
98.86 106.01 98.13 365.87 147.89 115.08
791.61 1152.77 1633.13 3422.07 2157.54 1307.09
739.17 1101.54 1479.84 3367.1 2565.23 1717.13
682.06 988.68 1198.17 2937.95 2312.21 1899.02
314.22 523.5 559.27 4378.4 1459.88 806.4
131.16 326.86 148.01 4289.98 1142.63 501.16
500.83 725.38 1056.58 2063.57 1499.8 857.17
881.41 1288.02 1880.26 3527.38 3004.22 1752.74
704.46 1053.76 1492.02 3551.44 2422.76 1484.92
720.19 1028.23 1400.48 2538.25 2242.2 1680.93
177.77 352.82 207.1 4000.45 986.41 495.9
284.25 528.38 543.3 3871.18 1537.83 860.26
376.48 595.37 595.34 3457.59 1481.4 1053.71
114.93 275.15 89.36 4249.08 892.03 373.85
627.78 959.09 1316.19 3873.28 2428.8 1335.44
710.9 1033.23 1322.2 2796.8 2123.96 1538.39
695.77 1044.28 1425.76 3204.55 2334.46 1618.51
597.02 994.2 1040.79 4323.43 1998.48 1157.77
85.68 171.29 73.23 2833.52 499.94 209.97
592.16 878.42 1016.3 2940.23 1952.57 1504.39
130.66 365.53 95.94 4649.63 989.91 379.05
340.98 516.98 678.09 2435.36 1148.23 668.05
272.13 479.98 500.79 4344.39 1293.67 663.95
90.04 223.85 68.39 4272.9 795.92 291.41
502.65 770.45 885.64 3079.0 1945.67 1480.98
339.84 530.12 662.83 3137.0 1363.99 727.97
107.64 147.25 102.82 1078.07 293.64 161.73
161.74 363.84 163.29 4857.01 1120.01 473.43
76.92 214.92 56.84 4506.68 744.74 277.28
334.28 665.57 309.81 5649.45 1310.66 571.9
200.44 383.62 283.56 4435.4 1169.59 628.8
331.17 636.32 575.08 4663.53 1612.09 817.19
115.59 275.09 85.36 3810.61 784.46 313.91
181.56 453.24 210.77 5038.16 1223.63 514.0
469.6 739.12 913.25 3855.58 1823.9 981.23
674.82 1011.84 1391.86 3566.33 2283.71 1342.97
403.97 618.88 729.16 2881.13 1248.26 690.96
156.07 250.5 143.04 2036.84 477.71 216.14
304.25 584.97 320.01 5389.05 1253.37 536.22
358.67 615.4 593.73 3787.25 1705.3 1128.88
91.0 126.57 88.09 1422.23 341.01 171.43
503.05 853.23 728.57 4145.39 1837.06 1284.6
652.91 1047.38 1220.97 4227.51 2098.01 1267.09
291.18 552.32 381.07 3590.91 1153.31 574.86
442.91 701.53 774.92 3285.37 1868.5 1348.34
538.36 802.36 960.63 2741.98 2001.98 1578.58
152.32 309.34 276.96 4271.17 1085.0 465.87
488.68 759.99 835.81 3356.78 1895.29 1435.32
133.35 306.23 112.29 4368.44 945.09 369.41
661.81 925.4 1143.62 2048.28 2000.49 1736.98
246.19 368.6 427.08 1852.39 889.16 530.02
834.48 1171.25 1472.04 2456.87 2567.54 2247.01
807.89 1191.77 1811.95 3280.26 2542.45 1431.9
257.93 472.19 492.84 4321.3 1400.47 660.33
813.16 1185.71 1582.92 2940.92 2607.53 2023.38
98.95 110.22 99.04 385.93 165.46 119.86
331.31 479.47 672.77 1463.22 1008.05 639.56
253.88 508.94 215.22 5200.3 1076.9 406.35
501.45 781.35 915.12 3703.86 1853.65 1190.19
210.51 426.68 274.32 4813.14 1280.38 674.36
626.92 907.02 1098.09 2939.55 2149.99 1746.63
846.01 1206.07 1555.93 2720.48 2612.16 2128.19
171.99 264.21 219.71 1517.73 550.43 358.02
176.49 383.57 202.58 4878.03 1129.48 460.41
781.97 1109.37 1383.91 2641.67 2504.96 2145.6
189.97 396.03 323.61 4515.52 1250.53 539.71
177.91 318.39 284.38 3413.04 865.42 426.0
157.12 267.65 199.43 2849.89 738.48 403.24
106.28 287.39 138.92 4485.11 1157.65 439.31
80.99 135.56 79.31 1998.3 440.46 199.03
142.06 222.55 201.74 2319.22 646.13 327.6
180.58 331.78 278.07 3726.6 849.77 393.73
251.75 417.89 414.9 3824.34 1219.78 697.32
417.27 647.64 736.68 3372.1 1689.84 1163.12
320.98 577.84 404.82 4723.25 1200.41 513.1
175.7 305.69 155.86 2778.97 616.84 255.05
425.03 806.89 653.95 4805.35 1667.94 868.46
583.15 848.43 1014.48 3193.68 2048.21 1640.24
867.19 1212.45 1541.17 2399.59 2666.58 2354.6
228.08 425.12 352.49 4148.69 1113.39 505.7
341.94 548.14 606.87 3242.98 1302.99 755.47
451.25 634.69 891.15 1861.06 1269.1 753.63
182.6 394.49 230.35 4480.89 1104.43 499.15
527.02 753.73 929.54 2236.84 1670.36 1327.22
779.51 1143.0 1711.04 3516.18 2485.27 1398.58
132.58 294.85 150.63 3550.46 971.2 446.7
414.84 749.92 795.19 4508.57 1703.95 887.95
520.29 773.71 1020.25 2732.38 1894.01 1275.49
223.67 424.33 182.75 3596.96 784.72 320.97
183.94 379.32 269.26 4384.27 1262.33 631.81
267.71 499.57 470.91 3641.45 1493.13 921.59
445.02 698.21 909.01 4008.62 1802.68 1019.76
152.8 306.19 255.52 4148.52 1045.54 468.45
892.05 1312.52 1916.2 3365.9 2999.82 1883.02
391.28 611.1 719.39 3057.13 1245.91 689.43
684.21 1026.97 1445.69 3579.08 2472.14 1487.2
803.64 1183.63 1752.63 3206.8 2545.83 1535.34
442.44 722.57 800.65 3739.82 1915.92 1231.02
485.46 789.19 812.77 4521.23 1559.29 784.88
427.14 678.63 854.05 3693.12 1680.3 866.24
388.1 681.21 472.08 4484.42 1367.36 784.42
529.23 864.17 1098.29 4263.87 1965.29 1105.92
514.85 819.13 1111.09 3742.07 1927.08 1077.72
74.04 176.63 65.66 3913.54 795.12 306.02
105.38 226.84 139.94 3773.09 880.57 410.06
328.75 541.84 551.75 3655.53 1560.4 1024.33
388.73 676.23 513.34 4704.39 1489.02 864.01
543.29 827.57 929.0 3212.64 1962.72 1531.77
130.24 290.44 166.02 4451.91 1125.0 492.68
131.9 268.94 123.84 3431.72 774.89 319.92
246.94 377.99 323.5 2140.17 779.15 497.85
307.22 514.65 510.24 3736.76 1513.62 967.32
488.93 733.96 849.39 3398.28 1876.88 1432.67
106.64 258.73 120.72 4592.55 823.71 325.53
466.96 653.09 806.91 1557.15 1470.56 1246.57
606.89 885.77 1042.01 2266.08 1964.35 1641.53
97.92 106.15 97.24 406.19 155.81 116.54
424.14 655.76 742.94 3106.78 1746.18 1275.6
103.82 134.56 98.09 887.14 241.38 144.12
332.25 521.35 646.62 3216.09 1462.82 842.68
249.16 468.75 331.53 4572.63 1307.31 703.67
532.66 814.33 887.55 3481.45 1906.82 1466.79
672.36 1027.6 1429.39 3556.72 2720.4 1663.88
789.97 1132.96 1485.08 2567.22 2659.42 2133.12
379.53 626.17 748.35 3742.49 1915.34 1064.93
339.89 620.02 384.3 4432.54 1245.62 659.81
107.03 160.89 99.07 1143.27 304.06 163.99
256.46 514.01 220.44 5236.71 1087.39 410.03
452.85 663.97 777.07 2112.73 1559.95 1259.87
162.67 201.97 239.4 542.42 399.2 279.33
145.55 252.9 213.89 2705.78 782.6 363.61
104.3 195.26 85.43 2496.19 544.57 245.7
103.88 124.02 101.43 597.11 198.42 131.38
658.41 1023.07 1441.3 3714.76 2257.3 1320.5
777.74 1182.12 1549.09 3953.93 2859.82 1757.15
618.08 938.21 1251.5 3822.56 2024.49 1123.05
88.03 143.38 92.21 1940.28 448.73 214.17
343.33 585.09 500.51 4269.96 1526.49 944.85
431.99 727.4 682.9 4029.83 1728.86 1199.55
531.17 843.21 1022.41 3708.44 2051.81 1210.7
170.3 407.15 195.78 4394.17 1082.7 468.12
527.32 835.7 1084.73 3945.46 2340.78 1352.53
164.96 274.27 229.85 2978.89 856.08 489.82
84.76 198.08 100.74 3761.15 818.53 351.19
675.3 983.4 1220.7 2362.61 2328.22 1947.43
359.57 704.13 432.52 4592.21 1531.2 899.61
156.33 321.81 217.49 4291.73 1172.62 560.26
447.26 656.61 816.91 2403.54 1193.93 696.4
237.96 422.78 365.82 4104.22 1166.38 719.06
102.44 309.67 89.77 4790.34 1172.52 457.57
109.9 207.62 134.72 2391.03 668.22 292.34
108.39 255.52 115.99 4449.37 825.5 361.47
156.85 369.21 128.21 5127.11 1155.83 449.71
336.04 580.61 584.29 3660.45 1616.36 1066.61
780.26 1110.14 1402.03 2334.13 2522.45 2179.29
111.55 231.84 88.45 2900.25 615.99 261.05
353.5 612.76 611.43 4281.76 1539.98 863.96
465.51 702.65 785.15 2908.54 1691.92 1309.18
618.55 914.5 1078.65 2986.29 2152.95 1733.31
555.96 860.26 1105.9 3741.42 2292.41 1435.08
254.24 448.33 469.49 4014.76 1363.23 643.42
93.43 205.55 91.75 3109.28 718.96 281.08
716.62 1128.98 1600.17 3942.09 2530.52 1536.81
242.29 463.68 336.51 4607.37 1324.81 676.14
97.34 118.61 96.41 744.89 232.61 138.72
597.61 898.97 1290.85 2617.14 1848.93 1129.4
572.9 841.77 1201.04 2005.39 1691.76 1116.96
393.53 689.03 583.94 4851.92 1548.4 766.08
89.14 176.04 85.32 2735.53 641.96 258.24
150.05 343.86 120.93 4706.89 1060.87 415.74
85.72 142.15 81.11 2197.56 482.34 213.32
742.49 1064.96 1327.82 2454.41 2428.95 2076.99
788.7 1202.85 1602.36 3736.3 2958.07 1840.6
201.34 273.32 300.61 1141.45 609.65 468.25
172.31 348.04 286.18 4536.82 1117.37 508.12
124.48 251.42 109.02 3234.06 720.5 297.81
372.8 601.95 724.09 4149.83 1613.46 846.09
820.24 1154.56 1449.61 2530.83 2553.36 2227.02
964.28 1398.32 2061.65 3308.54 3758.56 2446.57
178.71 420.21 214.01 4446.02 1111.51 480.29
865.84 1209.96 1539.51 2391.25 2659.62 2350.3
189.52 281.53 280.71 1967.07 751.26 498.88
245.09 479.23 353.88 4502.22 1214.16 588.37
328.27 591.58 549.82 4442.54 1416.23 718.16
722.6 1041.26 1288.0 2530.12 2382.4 2022.55
543.88 919.37 942.43 5075.37 2241.51 1152.28
530.01 802.36 1058.97 3500.66 1945.04 1192.3
102.48 313.14 89.6 4867.98 1190.28 463.49
495.19 784.16 945.4 3871.33 1920.0 1140.37
641.99 941.42 1100.28 3189.51 2170.7 1752.11
242.89 478.75 335.37 4965.79 1379.8 604.99
625.79 966.8 1036.72 3230.1 2151.9 1697.47
97.66 122.7 97.87 734.8 245.34 144.09
563.2 857.72 1104.88 3309.23 2243.97 1552.6
285.45 577.45 455.41 4717.58 1481.07 739.44
104.92 156.16 95.08 1292.91 319.81 168.61
101.75 138.8 94.07 1075.86 281.05 159.34
235.23 450.31 355.01 4491.11 1223.93 586.67
474.35 754.66 809.62 3739.17 1952.56 1379.55
481.6 783.12 965.4 4418.52 2279.56 1281.43
269.48 503.87 357.17 4645.08 1406.18 764.16
185.39 353.38 318.65 4022.24 1193.26 524.13
83.96 255.66 85.38 4453.17 1096.67 402.35
621.62 896.13 1146.21 2049.07 2049.77 1689.38
218.94 429.62 371.54 4223.15 1384.15 654.76
324.82 493.5 589.0 2395.35 1242.0 730.8
192.93 460.34 211.67 4925.26 1213.94 565.75
614.92 937.88 1228.68 3725.91 2090.47 1256.65
594.05 903.63 1168.54 3787.91 1798.66 1026.64
105.67 164.65 94.33 1473.07 353.01 178.97
769.97 1183.05 1682.37 3621.83 2435.86 1481.13
291.7 433.09 474.59 1882.9 1056.12 781.76
98.14 105.5 97.53 373.91 149.93 114.8
921.0 1342.95 1973.89 3243.33 2898.09 1861.94
445.98 640.79 922.97 1400.55 1229.11 790.2
216.71 439.44 270.14 4821.87 1258.93 546.03
449.4 680.05 759.49 3738.41 1767.02 1304.8
162.44 299.35 238.84 3405.95 1026.66 532.23
260.32 479.18 419.86 3865.12 1386.64 761.67
264.63 427.07 391.87 2298.7 977.17 672.55
335.67 610.02 611.45 4464.8 1665.59 893.0
90.74 127.34 87.75 1460.55 348.0 173.5
569.72 859.13 997.02 2855.1 2045.63 1634.43
790.63 1141.96 1523.55 2978.21 2530.35 1838.48
72.29 192.46 64.72 4533.69 914.89 346.17
89.53 201.63 90.45 2942.2 750.73 297.41
258.53 422.35 316.36 2834.43 868.61 503.32
95.6 233.96 104.22 3534.4 909.41 361.73
200.19 372.23 173.93 3645.58 784.04 305.21
343.78 563.8 633.93 4105.46 1557.48 943.41
804.65 1139.72 1452.1 2222.42 2575.46 2247.11
879.63 1227.38 1565.27 2353.31 2693.09 2386.33
447.4 723.49 900.94 4190.41 1941.9 1002.63
824.66 1222.7 1696.54 3187.17 2122.8 1333.81
724.67 1068.07 1207.26 3301.8 2298.68 1868.33
218.64 428.63 307.24 4598.83 1194.89 518.41
601.56 905.18 999.23 3319.68 2034.14 1572.78
517.21 831.03 1096.36 3721.32 2048.49 1179.19
513.02 737.21 1007.93 2256.89 1371.98 835.88
233.24 462.94 382.54 4338.68 1326.77 608.63
297.54 445.37 534.86 1874.71 993.83 561.89
317.79 446.72 564.14 1351.66 930.83 685.08
268.17 626.41 228.84 5343.71 1339.59 572.85
300.17 528.38 438.26 4256.63 1395.46 779.63
346.09 630.7 399.19 5178.84 1354.39 685.42
613.43 919.82 1213.97 3504.33 1811.99 1046.28
183.09 422.32 103.26 3759.04 847.17 346.97
169.31 284.82 151.24 2413.58 541.46 237.35
430.9 723.63 879.99 3855.56 1838.55 976.95
639.95 951.25 1313.51 3329.02 2627.62 1678.28
97.27 143.78 96.58 1348.2 356.73 175.11
95.92 112.05 94.6 699.52 209.28 132.39
544.69 808.43 970.53 3531.66 2022.7 1513.43
755.13 1141.67 1499.2 3768.77 2356.85 1430.77
533.55 845.74 1073.51 3924.37 2070.16 1135.79
367.39 557.0 762.33 2122.21 1255.67 754.55
157.17 372.6 173.02 4762.89 1091.87 462.62
378.54 592.58 638.33 3811.22 1632.6 1147.44
224.61 336.27 389.9 1957.36 845.32 470.83
289.08 468.67 423.94 2921.89 872.36 420.91
174.28 301.85 154.82 2728.92 607.19 252.16
294.52 508.72 520.01 4243.09 1265.9 685.05
228.69 449.69 194.97 4654.42 978.67 363.6
615.72 966.32 1137.21 3806.16 2087.11 1374.43
94.28 191.84 92.82 2718.34 638.55 257.56
269.27 523.57 461.1 4536.48 1347.22 657.54
578.93 883.01 1150.63 3793.41 1969.87 1164.77
593.31 888.88 1211.87 3655.59 1829.79 1051.02
69.95 156.21 67.31 3100.13 638.07 256.52
652.78 948.64 1158.17 2790.18 2220.15 1838.98
132.11 185.63 123.74 1171.98 304.55 163.64
886.0 1309.3 1812.62 3399.91 2633.92 1654.92
386.93 649.07 629.69 3976.48 1747.09 1169.59
506.93 839.97 858.65 4679.17 1542.54 761.73
431.06 642.6 759.87 2810.68 1394.29 1016.31
543.51 912.19 913.89 4955.84 2167.47 1171.52
465.45 740.97 762.02 4019.34 1838.02 1250.97
112.23 210.62 93.89 2619.17 552.47 241.19
291.96 470.46 474.49 3213.47 1326.32 867.26
319.09 643.91 282.34 5620.74 1251.32 511.99
101.91 264.53 91.97 3780.41 941.59 380.58
99.03 103.05 99.47 189.29 120.16 105.92
462.2 698.83 818.31 3456.33 1769.11 1292.85
93.15 147.98 90.74 1763.0 441.97 199.85
326.31 506.95 515.55 2744.93 1248.93 899.1
504.48 793.87 762.27 4055.07 1745.23 1210.12
562.93 846.17 994.72 3052.17 2101.56 1636.43
145.5 222.5 184.53 1472.47 546.78 335.07
486.2 787.36 1014.01 4115.38 1784.43 990.75
708.96 1074.77 1492.96 3615.88 2463.0 1507.67
702.55 1009.72 1429.02 2604.58 1838.84 1133.9
93.33 146.66 90.99 1717.22 432.56 197.1
102.77 123.97 99.63 510.69 180.33 125.19
221.54 418.74 181.32 3536.7 772.92 317.16
302.59 546.7 437.9 3785.77 1321.41 825.57
818.86 1224.25 1754.38 3575.33 2557.06 1436.32
260.46 462.05 479.37 3787.78 1331.75 620.34
158.0 362.47 250.95 4570.77 1250.71 502.05
90.04 152.28 83.72 2413.07 516.65 231.19
670.77 971.14 1193.08 2722.33 2262.13 1887.38
89.62 243.97 65.69 4901.53 903.76 323.13
612.02 920.39 1105.07 3583.44 2127.46 1505.82
96.57 142.68 89.1 1538.15 339.84 165.97
502.51 769.32 870.27 3540.45 1933.3 1418.65
309.54 501.07 514.87 3855.73 1467.99 968.05
239.11 470.95 202.85 4743.64 986.07 375.68
95.1 125.74 91.99 1238.76 305.12 164.59
107.11 267.02 104.76 4844.9 942.87 359.64
431.55 691.35 720.35 3638.95 1768.34 1281.27
325.78 659.64 297.77 5782.41 1283.4 505.35
669.61 996.94 1336.84 2932.81 2033.28 1260.04
758.07 1121.76 1489.31 2941.42 2452.68 1834.09
105.89 281.55 126.91 4360.93 1135.96 456.61
195.99 361.84 328.4 4440.02 1150.3 513.85
238.87 407.49 441.6 3060.17 1133.75 537.53
928.38 1387.77 2049.58 3167.73 2838.82 1836.16
796.75 1194.9 1675.8 3289.39 2044.65 1195.57
222.07 425.52 190.26 4174.93 877.55 341.92
395.42 739.72 517.44 4533.24 1526.56 874.44
477.08 724.77 824.56 3306.56 1760.03 1364.0
421.77 715.35 564.55 4778.34 1544.2 926.58
290.44 469.11 476.17 3096.81 1323.82 872.17
429.91 632.75 702.62 2542.17 1444.05 1130.62
99.71 256.24 88.63 4847.84 921.34 337.78
148.87 344.94 231.67 4677.6 1200.6 490.05
333.77 473.35 530.82 1405.93 1008.08 810.87
929.17 1382.19 2007.15 3223.1 3455.66 2357.05
567.79 887.7 1257.26 3325.8 2070.11 1242.3
140.71 297.41 247.49 4296.36 1055.63 460.98
428.73 605.18 708.33 1837.79 1331.97 1096.44
547.35 874.53 851.7 3793.72 1909.63 1378.71
829.35 1181.63 1600.17 2953.43 2532.38 1866.15
202.61 397.22 253.06 4268.81 1108.93 581.84
78.48 213.12 59.83 4387.46 730.26 275.27
161.91 358.89 164.5 4718.16 1095.18 469.45
837.47 1177.91 1485.33 2491.47 2612.4 2282.48
890.82 1340.21 1957.33 3089.82 2925.36 2002.91
340.21 672.29 325.73 5618.17 1329.93 590.94
463.93 804.61 662.0 4777.43 1699.16 987.62
76.18 188.3 76.01 3614.7 829.48 305.45
550.99 833.45 1034.74 3459.87 1869.22 1274.59
397.04 653.61 710.4 3218.98 1756.69 1248.32
940.46 1340.98 1879.48 2872.91 3344.41 2451.76
106.53 225.12 140.35 4042.67 901.83 368.61
293.34 500.32 466.21 4034.87 1390.43 884.26
511.85 827.74 893.15 3803.99 1892.12 1313.79
102.55 311.38 89.91 4825.48 1180.73 460.37
345.87 569.95 717.22 4344.8 1887.32 970.71
660.61 1020.06 1445.26 3831.02 2245.13 1327.06
99.86 102.17 99.83 161.99 112.75 103.73
560.73 767.29 964.81 1457.94 1634.61 1449.93
201.38 397.02 286.61 3704.85 1219.69 664.63
185.86 275.46 273.64 1937.35 714.07 477.79
432.14 677.64 753.26 3062.86 1783.6 1299.32
346.0 548.59 584.59 3688.3 1512.98 1049.57
339.5 581.31 444.99 4139.56 1274.84 711.77
692.56 1015.15 1194.94 2938.08 2276.86 1864.95
494.06 742.33 873.54 3038.47 1894.96 1465.76
544.63 871.31 1102.26 4088.39 2517.11 1484.97
427.75 723.45 599.5 4640.14 1559.12 934.49
400.13 572.36 756.58 1787.85 1145.14 719.91
506.34 866.99 764.39 5033.65 1613.74 790.97
289.08 489.01 462.65 4006.77 1457.38 894.11
844.66 1185.76 1502.4 2435.52 2624.0 2301.75
819.76 1225.51 1770.6 3535.91 3048.1 1918.1
897.19 1315.7 1875.61 3256.29 2804.71 1713.61
301.95 565.85 355.7 5037.61 1263.08 542.51
129.76 324.6 144.8 4281.59 1138.09 499.15
338.54 670.55 316.19 5657.79 1317.27 579.75
766.88 1096.32 1397.89 2443.8 2520.85 2133.45
94.38 129.53 90.81 1406.38 335.32 174.09
672.08 1011.91 1314.5 3423.49 1908.56 1232.12
647.68 950.45 1155.02 2550.5 2239.77 1850.27
294.67 495.88 479.76 3807.99 1319.63 884.97
119.26 277.2 147.81 4446.02 1105.07 469.51
124.44 288.47 176.26 4518.64 1111.52 438.87
637.95 940.52 1147.54 2682.69 2239.66 1834.5
922.15 1376.56 2021.46 3217.9 2807.37 1821.16
288.68 454.56 506.9 3363.01 1276.55 746.41
169.74 228.1 225.76 987.66 456.72 340.87
109.94 126.51 107.35 431.89 163.33 119.7
652.1 980.58 1147.52 3291.9 2236.9 1744.25
378.14 587.95 595.91 3195.82 1405.04 1012.86
623.69 888.27 1117.19 1778.25 2030.66 1747.32
279.38 531.3 396.64 4011.62 1321.8 786.99
391.34 560.2 759.59 1726.52 1188.39 753.28
885.18 1311.46 1925.52 3411.84 3248.53 2067.66
592.94 902.29 1088.75 3601.34 1980.34 1340.57
202.15 268.5 314.65 839.96 448.3 288.49
373.83 639.34 672.72 4167.27 1595.08 874.31
93.85 289.63 148.09 4150.8 1123.75 476.67
766.97 1189.57 1613.43 3933.7 2411.39 1427.07
289.62 444.06 537.35 2138.58 1122.06 680.62
125.15 329.65 93.23 4812.4 982.32 381.01
310.2 430.61 486.71 1420.21 917.25 746.65
295.84 557.97 337.66 5096.86 1277.76 541.14
301.15 582.28 324.05 5441.27 1237.23 491.48
473.51 641.34 801.67 1203.4 1346.53 1196.39
167.81 363.04 102.66 3086.13 709.77 301.55
357.48 518.09 717.73 1469.55 1040.47 646.62
134.59 161.45 166.01 481.2 282.19 223.78
343.43 512.38 551.91 2639.08 1228.12 910.29
809.53 1141.42 1428.72 2563.08 2528.19 2198.27
449.91 677.91 774.92 3340.05 1724.59 1302.96
116.93 253.1 91.54 3586.63 726.24 295.41
186.79 327.62 158.08 2554.26 580.56 255.08
635.52 936.69 1119.7 2973.34 2215.16 1798.7
597.41 890.64 1055.57 2819.73 2136.9 1728.51
865.23 1272.69 1734.46 3213.29 2592.65 1726.32
516.13 768.8 923.49 2556.15 1757.99 1358.4
270.34 494.6 379.67 4419.33 1363.18 772.27
225.76 356.3 377.06 2965.03 1000.71 567.53
456.8 628.24 766.69 1455.68 1343.83 1159.72
414.59 664.81 843.01 3900.21 1867.07 1096.71
769.31 1096.93 1381.53 2352.3 2491.74 2150.42
92.69 217.32 90.83 3444.69 787.95 301.26
661.91 984.7 1446.05 3517.1 2203.9 1218.6
284.57 403.98 472.1 1412.59 744.65 458.81
334.0 606.08 574.35 4742.66 1544.24 751.57
729.55 1047.94 1310.72 2475.06 2429.66 2058.56
108.53 289.21 71.06 4859.29 983.0 389.39
719.56 1102.58 1510.27 4201.12 3021.27 1691.85
622.72 996.52 1165.23 4523.87 2033.36 1050.84
86.43 195.0 81.66 3392.88 777.14 297.71
185.54 372.24 217.48 4275.11 1046.72 524.67
371.7 527.93 634.63 1347.56 1202.62 994.14
96.93 129.81 97.2 933.6 290.86 157.9
90.46 129.9 94.8 975.6 297.66 158.07
155.43 322.63 219.58 4567.62 1014.72 414.98
962.0 1398.0 2014.0 3173.0 2939.0 1816.0
69.0 191.5 59.0 4653.5 930.0 346.0
134.0 394.5 95.5 5146.0 1087.0 409.5
969.0 1403.0 2079.0 3181.0 3518.0 2279.0
155.0 368.0 123.0 5163.0 1156.0 447.0
89.8 263.8 87.2 4769.8 1060.5 381.0
971.0 1390.0 2115.5 3245.0 2879.5 1707.0
122.0 299.0 89.0 4632.0 914.0 354.0
72.0 203.8 71.8 4231.5 957.5 341.5
907.5 1325.5 2047.5 3151.5 2757.0 1579.5
948.0 1357.0 1978.0 3155.0 2462.0 1531.0
56.8 180.8 53.0 4412.8 873.5 325.0
119.5 322.5 80.5 4825.8 970.8 371.8
948.0 1376.0 2046.0 3146.0 2970.0 1921.0
911.0 1341.0 1922.0 3127.8 2196.5 1320.8
985.0 1493.5 2276.8 3372.5 3183.8 2033.8
76.2 218.5 55.5 4643.8 764.8 282.8
962.5 1390.0 1954.5 3151.5 2480.0 1527.0
959.5 1435.2 2145.2 3160.2 2832.8 1787.8
88.5 243.0 63.5 4918.0 903.5 321.0
978.0 1422.0 2105.0 3266.0 3199.0 2037.0
79.2 209.2 66.0 4931.0 970.2 374.0
222.2 574.0 104.8 5481.0 1198.8 463.2
992.0 1434.0 2127.0 3253.0 3849.0 2515.0
980.5 1432.2 2016.0 3245.2 2807.8 1800.2
966.0 1422.0 2112.0 3259.5 3477.0 2237.5
109.2 304.0 68.8 5231.2 1052.0 412.0
978.0 1434.0 2220.0 3640.0 4073.0 2397.0
81.5 229.5 75.0 4588.5 1023.0 369.5
937.0 1353.0 2081.0 3198.0 2826.0 1629.0
924.0 1316.0 1970.0 3207.0 2671.0 1584.0
102.5 315.2 89.5 4914.0 1200.8 467.0
980.0 1467.0 2194.0 3388.8 3736.5 2446.5
955.0 1376.0 2056.0 3368.0 3193.0 1885.0
977.5 1462.0 2197.0 3231.5 2940.0 1846.5
939.0 1381.8 2053.5 3176.2 3230.8 2074.0
265.0 540.0 222.0 5608.0 1151.0 427.0
83.0 265.0 84.5 4714.5 1156.5 420.5
245.0 494.0 207.0 5231.5 1090.0 397.0
304.0 635.0 236.5 5868.5 1229.5 464.5
138.0 335.0 114.0 4964.0 1063.0 407.0
53.8 244.8 74.8 4340.2 1057.2 381.2
750.0 1074.0 1364.0 2066.0 2476.0 2140.0
813.0 1149.0 1469.0 2186.0 2594.0 2270.0
881.0 1229.0 1568.0 2348.0 2696.0 2390.0
100.0 100.0 100.0 100.0 100.0 100.0
