0.7842
0.0764
0.62
0.3102
0.4863
0.7183
0.0912
0.466
0.1687
0.157
0.996
0.3483
0.5886
0.1553
0.4273
0.1807
0.0312
0.1059
0.1448
0.7106
0.7697
0.5794
0.2866
0.0139
0.2193
0.0397
0.9243
0.0222
0.2336
0.3711
0.8901
0.9173
0.5103
0.6221
0.4023
0.3823
0.3821
0.6667
0.3173
0.2217
0.3024
0.9017
0.7077
0.7575
0.0956
0.8671
0.2139
0.2936
0.4754
0.5891
0.5018
0.5277
0.6876
0.545
0.5179
0.0536
0.6729
0.9439
0.5999
0.7323
0.4351
0.5287
0.091
0.2819
0.6451
0.0258
0.7922
0.6851
0.1922
0.5392
0.8691
0.448
0.0587
0.5578
0.1578
0.6824
0.5453
0.295
0.9324
0.2071
0.6904
0.0385
0.5127
0.5401
0.7833
0.0694
0.716
0.7789
0.9981
0.9074
0.932
0.7911
0.9955
0.1787
0.5634
0.017
0.9145
0.146
0.7225
0.8285
0.9448
0.3469
0.9855
0.2951
0.026
0.5742
0.3372
0.7732
0.4654
0.6188
0.5659
0.2738
0.7262
0.3385
0.1742
0.5154
0.2643
0.9507
0.5789
0.3133
0.2941
0.4233
0.9739
0.5805
0.0203
0.4818
0.579
0.3326
0.8201
0.2999
0.1206
0.8521
0.1356
0.2763
0.0219
0.8385
0.7033
0.6995
0.4352
0.9034
0.7055
0.6989
0.7782
0.6715
0.0494
0.3683
0.8954
0.5535
0.1824
0.2443
0.1835
0.6441
0.6886
0.7427
0.1531
0.7349
0.8866
0.9423
0.8317
0.5186
0.5541
0.2695
0.9259
0.5709
0.3905
0.4642
0.3157
0.4596
0.2468
0.8579
0.3077
0.1393
0.6982
0.4386
0.8449
0.2954
0.8773
0.7744
0.8452
0.3774
0.2407
0.65
0.3108
0.7671
0.5713
0.1087
0.1615
0.3052
0.5259
0.9027
0.6206
0.0466
0.6307
0.2703
0.6913
0.7078
0.0057
0.6881
0.4593
0.5011
0.5776
0.9176
0.1494
0.0042
0.8943
0.3688
0.3773
0.5207
0.8305
0.3551
0.4276
0.3846
0.1114
0.8736
0.3012
0.1814
0.9098
0.4097
0.1818
0.3699
0.3798
0.5628
0.2734
0.8113
0.9
0.8775
0.6824
0.5131
0.4227
0.5651
0.6433
0.1928
0.7929
0.2395
0.8978
0.5763
0.7601
0.2761
0.5277
0.5
0.6552
0.3772
0.5478
0.8162
0.0078
0.0714
0.3488
0.6609
0.5986
0.6407
0.8425
0.117
0.3724
0.4992
0.7492
0.6521
0.4183
0.2556
0.9357
0.6223
0.995
0.3493
0.4604
0.6198
0.6714
0.3711
0.5695
0.6183
0.0735
0.2861
0.2828
0.9403
0.4178
0.3246
0.7594
0.7951
0.0807
0.1761
0.8042
0.6914
0.843
0.7785
0.7046
0.8064
0.7055
0.6609
0.1539
0.5609
0.0329
0.6819
0.1889
0.3652
0.8244
0.6107
0.0368
0.5867
0.7719
0.8959
0.4535
0.7122
0.606
0.8218
0.8206
0.8533
0.3847
0.4032
0.8162
0.7991
0.5653
0.8772
0.2909
0.7913
0.934
0.5556
0.828
0.3452
0.4659
0.7306
0.7025
0.0652
0.1064
0.3511
0.0429
0.0788
0.9674
0.8232
0.5115
0.457
0.6685
0.7772
0.7743
0.7317
0.7721
0.7028
0.7192
0.5571
0.0576
0.4169
0.5677
0.8574
0.6222
0.9278
0.0776
0.3185
0.534
0.0888
0.0692
0.6024
0.2804
0.2423
0.2601
0.6201
0.738
0.9052
0.193
0.2556
0.2583
0.4021
0.4813
0.6861
0.1425
0.5765
0.1059
0.2611
0.8857
0.0459
0.6033
0.1255
0.6939
0.3071
0.6883
0.9274
0.1134
0.2323
0.6305
0.4489
0.5083
0.6174
0.725
0.1295
0.8581
0.887
0.2071
0.7814
0.8581
0.0907
0.8228
0.9199
0.5727
0.3137
0.9843
0.172
0.3198
0.4431
0.4793
0.3828
0.5407
0.4488
0.6053
0.1405
0.7479
0.3773
0.7055
0.559
0.4882
0.1658
0.7617
0.591
0.9586
0.6066
0.0646
0.9593
0.5907
0.3407
0.6508
0.4455
0.3852
0.9949
0.034
0.7874
0.4066
0.5651
0.3305
0.5445
0.0352
0.0295
0.1074
0.0288
0.6559
0.7761
0.242
0.5488
0.1376
0.5987
0.2428
0.6458
0.7072
0.6155
0.1169
0.3191
0.8006
0.8818
0.5322
0.0014
0.3705
0.8485
0.9277
0.55
0.4377
0.192
0.4527
0.3983
0.4664
0.3768
0.2183
0.2194
0.091
0.7031
0.7669
0.2033
0.2895
0.975
0.4948
0.5351
0.4126
0.8211
0.4162
0.9589
0.7357
0.5141
0.0987
0.1282
0.4657
0.3505
0.3203
0.1951
0.8024
0.2783
0.0177
0.6957
0.9312
0.2476
0.4045
0.7118
0.4949
0.7493
0.2912
0.0712
0.1656
0.5496
0.3053
0.961
0.2798
0.101
0.7808
0.779
0.8277
0.8344
0.9729
0.2139
0.2053
0.8561
0.9094
0.4471
0.6387
0.4108
0.165
0.7122
0.2222
0.1381
0.2111
0.9662
0.449
0.1725
0.3868
0.8977
0.5301
0.1115
0.8853
0.8334
0.7101
0.9296
0.0194
0.304
0.0081
0.2287
0.6408
0.2248
0.9151
0.7892
0.1408
0.7286
0.8531
0.4456
0.5911
0.1517
0.6638
0.105
0.5009
0.6816
0.6893
0.7302
0.5612
0.9552
0.1519
0.6655
0.117
0.9031
0.8774
0.9447
0.9809
0.7682
0.1823
0.8018
0.82
0.9398
0.873
0.7969
0.9641
0.1267
0.321
0.1266
0.3242
0.6495
0.9678
0.8595
0.8248
0.4833
0.007
0.856
0.4456
0.6012
0.4554
0.8647
0.2678
0.1099
0.5231
0.9823
0.056
0.7813
0.0088
0.0121
0.2021
0.6269
0.2193
0.3884
0.4553
0.7764
0.8038
0.6894
0.3337
0.2153
0.2277
0.6349
0.3141
0.4441
0.1021
0.4892
0.7564
0.8459
0.1324
0.2471
0.3432
0.5049
0.6943
0.9959
0.6085
0.015
0.2807
0.0428
0.0892
0.7387
0.3185
0.4937
0.3979
0.954
0.2434
0.1037
0.3049
0.5958
0.721
0.0657
0.6313
0.5969
0.209
0.9503
0.7187
0.8448
0.2601
0.6138
0.0607
0.9379
0.8606
0.9452
0.2266
0.9259
0.2784
0.5827
0.3711
0.5354
0.3648
0.6269
0.9464
0.5308
0.0937
0.6935
0.135
0.6924
0.189
0.6535
0.4468
0.8007
0.8901
0.1634
0.3179
0.4338
0.0434
0.6502
0.7773
0.0273
0.8664
0.136
0.9246
0.0153
0.9406
0.4697
0.478
0.3316
0.5654
0.5893
0.8034
0.4301
0.8287
0.4382
0.6705
0.6152
0.6848
0.1031
0.33
0.8968
0.2249
0.3077
0.7087
0.7341
0.101
0.3926
0.2318
0.7462
0.2168
0.9591
0.3647
0.5074
0.6898
0.9645
0.878
0.3767
0.2433
0.5032
0.1746
0.1087
0.9804
0.0213
0.7477
0.6553
0.0424
0.9079
0.0618
0.2711
0.2801
0.3024
0.64
0.561
0.923
0.2017
0.1051
0.1202
0.2353
0.3347
0.1878
0.7099
0.0307
0.0715
0.5281
0.5117
0.7429
0.1393
0.7123
0.9767
0.8227
0.7799
0.6636
0.0566
0.9804
0.9496
0.4076
0.7014
0.1557
0.7274
0.1889
0.4776
0.9493
0.8584
0.2203
0.2169
0.9117
0.2297
0.1112
0.8037
0.3322
0.9213
0.0406
0.1581
0.2348
0.704
0.9013
0.023
0.9699
0.4904
0.3966
0.6726
0.7799
0.4977
0.0464
0.1544
0.3322
0.0299
0.6626
0.115
0.6308
0.6846
0.2519
0.5894
0.4894
0.2882
0.3824
0.3758
0.033
0.2288
0.1631
0.0961
0.4729
0.4129
0.7259
0.7925
0.9387
0.828
0.4764
0.3684
0.6125
0.6525
0.944
0.5686
0.2193
0.4967
0.6537
0.0325
0.5736
0.2699
0.1338
0.6845
0.7953
0.0142
0.4508
0.2979
0.2511
0.1993
0.1832
0.302
0.9609
0.1882
0.5279
0.3039
0.8814
0.5568
0.7903
0.8145
0.8699
0.3462
0.3415
0.4057
0.2999
0.34
0.0653
0.4953
0.6715
0.1118
0.8206
0.0895
0.6159
0.9036
0.3745
0.6389
0.3745
0.3181
0.7934
0.9925
0.2002
0.4464
0.7867
0.9
0.4683
0.1477
0.9173
0.5644
0.708
0.242
0.7095
0.0651
0.382
0.6467
0.3286
0.0593
0.0865
0.4261
0.8082
0.3171
0.1025
0.4258
0.7277
0.9398
0.8812
0.0688
0.0889
0.9353
0.5658
0.3016
0.6925
0.6804
0.3573
0.6878
0.2365
0.6482
0.5432
0.9109
0.7678
0.9504
0.6604
0.5926
0.9805
0.1062
0.1591
0.963
0.8687
0.4855
0.8851
0.1276
0.7189
0.4992
0.9556
0.0226
0.5504
0.0294
0.8002
0.8072
0.3807
0.658
0.1477
0.5541
0.2504
0.9401
0.9055
0.1863
0.3381
0.2229
0.8297
0.2967
0.1516
0.2735
0.351
0.2391
0.7089
0.3895
0.8079
0.2182
0.2862
0.6193
0.8414
0.4334
0.2509
0.869
0.8749
0.0695
0.83
0.8246
0.6398
0.7601
0.8302
0.4766
0.5975
0.3766
0.5034
0.8623
0.6019
0.2655
0.5035
0.0185
0.5234
0.5612
0.8151
0.2836
0.2179
0.0459
0.0321
0.8172
0.8821
0.6933
0.0307
0.6729
0.3705
0.2898
0.6538
0.389
0.6579
0.9446
0.3898
0.4478
0.4739
0.1741
0.6357
0.8236
0.1339
0.1262
0.3961
0.2195
0.6865
0.8701
0.5738
0.0863
0.3784
0.3001
0.5216
0.2333
0.846
0.4791
0.0615
0.5849
0.8228
0.1846
0.4169
0.8833
0.7431
0.4509
0.0501
0.4416
0.3911
0.0063
0.2874
0.3499
0.1185
0.0027
0.8612
0.5811
0.5208
0.22
0.6419
0.8905
0.7612
0.7578
0.1809
0.5542
0.0
0.0
0.0
0.0
0.0
0.0
0.0
0.0
0.0
0.0
0.0
0.0
0.0
0.0
0.0
0.0
0.0
0.0
0.0
0.0
0.0
0.0
0.0
0.0
0.0
0.0
0.0
0.0
0.0
0.0
0.0
0.0
0.0
0.0
0.0
0.0
0.0
0.0
0.0
0.0
0.0
0.0
1.0
1.0
1.0
0.0
