542.45 694.09 833.38 1399.21 1462.87 1202.95
610.17 775.36 903.66 1549.85 1689.76 1429.55
399.39 662.91 742.3 4189.34 1654.47 899.39
421.99 654.47 753.87 3215.93 1831.47 1156.54
624.57 909.48 1282.0 2561.16 2267.0 1441.18
922.87 1327.98 2030.16 3126.66 2777.48 1620.71
856.2 1229.02 1764.18 2766.06 2848.77 1916.38
549.41 770.71 1048.01 1709.81 1339.66 897.67
981.35 1418.07 2102.8 3215.35 3804.23 2486.16
737.24 1075.12 1531.64 2479.1 1747.33 1059.24
740.56 1019.03 1363.44 2143.33 2142.41 1585.26
328.11 449.05 612.47 951.63 689.68 443.37
620.79 959.76 1258.34 3988.07 2290.68 1343.85
852.84 1283.64 1889.41 3228.9 2596.32 1615.72
783.92 1103.59 1521.86 2348.27 2264.66 1613.3
876.28 1262.82 1842.95 2926.53 3356.68 2203.73
664.69 915.78 1250.33 2013.39 2225.95 1563.41
605.48 862.04 1260.3 1963.92 1820.44 1188.71
885.89 1302.54 1906.1 2840.01 2595.69 1696.23
911.04 1302.22 1896.15 3021.86 2359.06 1468.64
904.71 1321.19 1940.47 3014.21 3219.92 2097.23
656.08 991.16 1358.83 3894.87 2192.77 1215.53
948.94 1369.73 1925.35 3103.54 2442.6 1504.57
430.54 572.8 763.51 1208.87 1056.95 756.83
296.43 538.61 488.62 4624.08 1531.04 763.89
266.2 333.94 373.11 876.6 699.4 556.56
476.46 693.62 899.04 2859.79 1895.94 1228.97
718.02 1092.63 1462.78 3647.31 1930.9 1097.75
641.13 966.29 1333.48 3201.89 2186.32 1412.94
601.94 891.55 1210.53 3462.01 2230.18 1294.59
749.88 1110.02 1570.23 3357.9 2827.46 1783.6
740.09 1113.17 1523.86 3827.85 3038.5 1892.6
482.5 675.97 949.31 1463.61 1359.77 861.45
136.29 156.38 186.36 235.64 249.98 196.77
618.39 927.79 1305.24 3750.41 2321.84 1299.73
534.3 737.85 946.68 2151.25 1719.07 1155.26
877.89 1249.1 1871.67 2903.23 2623.56 1591.01
611.48 947.99 1267.67 2866.15 1889.22 1140.84
438.97 660.0 728.56 3266.09 1600.86 986.3
418.44 706.21 834.49 4664.83 2127.29 1118.54
381.78 598.38 623.21 3689.77 1498.68 876.34
682.06 960.31 1333.12 2133.63 2301.24 1596.12
181.84 349.07 311.99 4783.56 1324.55 605.03
538.61 729.24 989.35 1542.23 1786.31 1279.67
948.96 1426.93 2119.47 3290.14 2870.46 1793.59
808.89 1117.56 1539.66 2433.25 2828.78 2006.77
153.23 180.78 228.38 301.15 275.15 197.53
632.16 898.76 1278.49 2542.65 1845.11 1105.01
611.9 912.58 1322.62 2513.45 2330.3 1502.3
616.03 786.38 923.5 1580.6 1699.64 1427.43
633.56 945.5 1242.32 3422.74 2230.84 1393.51
452.64 707.08 905.14 3571.89 1823.06 1092.45
864.6 1286.4 1874.15 3005.54 2561.35 1633.41
229.52 415.53 331.14 3961.78 1320.91 682.95
760.03 1135.89 1511.53 3910.9 2289.76 1287.92
637.46 822.78 1003.57 1686.01 1797.74 1453.3
662.67 1013.04 1413.43 3715.27 2635.43 1596.89
741.52 1123.38 1679.11 2866.09 2398.97 1521.74
623.29 847.41 1132.38 1848.74 2133.07 1530.69
703.31 1021.73 1408.71 2793.07 2497.94 1643.77
205.45 252.77 312.01 460.18 490.75 372.74
755.09 1101.22 1556.85 3483.86 2125.78 1270.94
824.97 1157.49 1686.94 2653.68 2445.77 1558.07
869.67 1313.42 1992.94 2985.28 2791.36 1785.13
716.85 1033.3 1442.29 2303.44 1997.01 1291.11
714.18 995.71 1435.82 2282.8 2119.62 1352.74
597.52 848.63 1241.71 1887.08 1783.82 1168.38
264.55 347.61 477.62 691.08 656.93 453.37
964.03 1388.13 2041.96 3161.83 3705.49 2439.1
617.64 870.38 1246.55 2057.47 1556.45 977.98
676.12 963.49 1351.37 2116.21 2092.17 1462.07
597.93 923.66 1179.34 3799.4 1931.38 1068.33
747.85 1060.51 1460.72 2361.36 1925.58 1237.49
422.12 580.73 836.92 1331.21 1265.28 772.5
966.99 1444.53 2155.17 3331.35 3673.36 2411.68
687.07 959.03 1297.79 2048.6 2053.06 1481.85
751.66 1065.96 1543.18 2447.66 1915.11 1199.67
480.51 726.81 995.43 2481.87 1844.52 1168.75
562.06 802.5 1202.06 2025.23 2188.72 1315.34
612.56 877.89 1336.18 2036.95 1786.54 1039.12
58.76 251.1 85.4 4333.82 1067.49 389.04
867.77 1266.23 1752.79 3256.32 2322.44 1403.08
746.9 1104.07 1645.91 2408.55 2193.65 1387.52
710.19 1032.0 1491.71 2332.36 2570.43 1734.61
623.62 800.42 952.06 1606.29 1748.77 1456.34
688.16 1081.81 1393.04 3992.76 2259.54 1223.16
771.87 1089.25 1526.11 2421.16 2504.41 1734.46
208.27 436.12 311.61 5003.05 1267.41 575.67
674.44 923.83 1283.71 2151.07 1936.18 1288.88
339.84 500.49 558.57 2782.94 1204.47 758.29
402.55 684.01 711.62 4262.59 1568.9 846.05
678.98 905.39 1149.3 1862.99 1925.1 1509.01
240.48 314.46 426.39 612.54 647.82 446.75
261.02 329.67 409.18 640.34 673.9 512.86
654.16 923.89 1213.91 2359.76 1929.38 1315.37
573.6 813.15 1151.59 1788.36 1659.8 1042.8
807.69 1198.43 1791.2 2625.51 2390.42 1508.53
321.16 491.9 525.94 2320.71 849.79 455.34
511.28 668.01 825.0 1434.18 1407.42 1081.88
516.23 750.39 867.53 2597.03 1567.29 1078.4
494.32 667.73 826.98 1652.03 1472.28 1094.18
858.46 1226.01 1777.98 2756.85 3048.64 2019.05
593.88 955.8 1213.48 3790.72 2027.9 1196.29
704.45 964.77 1318.93 2264.16 2467.6 1698.28
484.93 756.67 986.43 4179.4 1976.31 1124.7
650.01 945.82 1344.44 2854.52 2204.87 1279.47
832.93 1260.02 1870.16 3262.34 2752.32 1765.0
125.44 139.51 160.53 195.06 205.11 167.82
745.21 1079.21 1656.1 2538.23 2223.01 1282.16
344.5 506.38 606.53 1854.0 839.43 481.57
211.81 275.03 354.68 873.88 515.95 323.71
939.34 1355.14 1903.87 3068.76 2417.08 1490.39
760.49 1149.58 1534.42 3603.23 1946.44 1112.02
315.21 582.07 581.71 4469.21 1645.89 832.79
434.57 666.96 808.54 2760.77 1384.14 819.74
677.63 995.57 1443.91 2515.45 2323.06 1481.4
159.64 191.12 238.87 318.67 322.56 240.32
591.74 918.33 1227.51 3919.96 2269.02 1316.85
626.87 1014.98 1191.42 4272.62 2107.08 1135.37
858.01 1244.39 1809.78 2827.34 3024.07 1990.37
658.21 999.53 1203.38 3974.14 2023.17 1156.22
857.66 1201.46 1744.62 2856.77 2466.01 1552.79
462.48 593.26 706.17 1249.83 1280.85 1016.16
865.65 1271.98 1713.94 3492.59 2295.47 1374.26
541.15 797.03 1036.74 3002.85 2004.16 1290.83
475.34 672.99 972.05 1469.4 1563.67 1026.44
968.42 1447.91 2175.31 3199.11 2910.62 1828.44
586.46 903.02 1206.37 3993.18 2188.56 1281.65
921.14 1317.19 1918.52 3058.24 2387.19 1485.68
184.49 229.29 289.82 415.45 318.42 227.19
718.74 978.36 1283.06 2088.19 2312.38 1745.67
300.73 406.43 566.36 832.34 882.76 595.45
591.03 880.92 1239.52 2952.53 1889.17 1080.43
160.86 191.25 238.59 315.77 339.37 252.6
758.23 1085.38 1657.89 2536.31 2243.77 1302.43
714.82 987.28 1394.75 2321.91 2055.07 1336.63
949.96 1372.51 2027.14 3107.92 3437.14 2234.21
580.03 767.62 997.85 1621.06 1634.19 1226.25
730.85 1106.51 1591.15 3339.78 2839.82 1829.6
647.25 1021.55 1244.63 4028.08 2283.04 1343.36
458.36 623.85 893.82 1368.97 1252.67 802.27
731.99 1098.5 1541.58 3772.42 2671.86 1514.06
682.92 961.79 1380.82 2289.58 2047.92 1302.27
761.49 1085.98 1616.32 2652.59 2964.24 1834.12
712.15 965.62 1281.21 2071.47 2146.05 1582.14
941.1 1357.92 1908.23 3075.59 2421.21 1492.05
594.68 934.82 1131.26 4141.53 2035.79 1167.75
357.44 636.36 498.16 4929.99 1413.52 648.58
278.27 498.7 398.75 4286.93 1331.33 671.99
658.33 926.92 1391.99 2116.03 1881.73 1130.13
709.15 961.47 1238.72 2069.04 1856.49 1393.77
817.51 1185.44 1667.24 2736.84 2004.29 1257.43
179.38 218.38 281.13 403.34 387.1 266.16
917.82 1326.47 1971.53 3434.35 3098.65 1820.86
914.65 1336.25 1962.41 3362.7 3040.87 1919.15
453.33 582.9 669.08 1264.84 1337.41 1096.8
451.13 756.15 737.81 4580.39 1432.47 682.92
737.12 1017.4 1385.72 2275.37 2002.24 1398.49
542.42 828.15 1072.25 3741.98 1864.45 1045.73
600.9 868.19 1168.88 2413.63 1888.89 1260.29
361.68 632.83 545.76 4493.48 1337.35 627.12
982.51 1419.78 2105.3 3219.38 3808.98 2489.33
661.85 898.19 1182.57 1933.77 2255.78 1660.55
357.89 467.44 619.29 1009.19 928.76 649.32
782.61 1124.85 1617.27 3123.44 2664.71 1609.28
637.14 872.57 1143.22 1845.26 1900.59 1419.16
529.26 702.18 904.34 1576.84 1752.09 1263.89
267.51 555.48 415.41 4817.97 1395.84 657.41
835.82 1190.9 1767.87 3006.93 2419.57 1431.89
635.3 913.32 1392.53 2258.28 2522.27 1500.44
205.53 396.94 362.8 4441.14 1076.94 507.19
311.78 431.61 578.41 1202.34 906.89 583.21
568.33 938.07 926.13 4777.86 1731.47 891.0
404.19 548.96 734.32 1129.88 1089.63 781.11
813.89 1189.89 1735.86 2605.78 2423.3 1583.61
554.37 748.2 967.22 1656.33 1723.27 1269.08
948.13 1416.26 2126.22 3126.34 2845.06 1788.58
428.38 688.7 825.33 3607.94 1598.85 925.78
910.65 1348.45 1972.37 3296.41 3141.44 2002.13
388.99 609.31 758.83 3498.75 1426.05 748.51
318.06 457.6 591.58 1811.33 1158.05 715.24
300.25 491.14 574.1 3568.63 1330.91 652.46
718.84 1127.28 1480.01 4094.25 2290.53 1331.17
851.83 1225.28 1788.07 2790.1 2748.72 1779.91
134.44 219.85 137.24 1942.9 517.63 276.06
509.95 847.36 1061.49 4173.82 2366.0 1384.11
340.63 619.71 604.69 4762.56 1609.51 801.88
758.43 1084.78 1515.72 2429.51 1916.89 1189.37
363.9 551.79 697.69 2053.88 1257.15 766.9
598.95 851.49 1177.36 1914.69 1444.92 936.77
897.55 1312.42 1918.76 3051.22 3207.87 2092.96
323.76 515.45 592.41 3233.06 1402.82 825.33
431.53 651.15 890.61 3245.42 1546.35 827.57
674.78 998.51 1429.47 3551.72 2439.84 1388.31
511.76 678.38 849.48 1429.51 1475.52 1129.3
937.17 1373.63 2119.07 3519.04 3891.44 2289.39
664.47 949.93 1389.03 2135.45 2092.38 1345.32
700.02 927.35 1205.26 1968.68 1995.7 1505.42
539.94 707.65 859.63 1532.45 1616.59 1271.39
588.35 836.25 1151.26 1912.39 1426.4 926.2
634.2 958.81 1320.18 3729.56 2485.53 1530.41
595.06 933.11 1154.6 4123.76 2031.07 1186.09
399.84 553.65 752.46 1171.04 1022.09 678.97
107.3 321.29 100.39 4903.39 1206.72 472.07
551.32 787.49 947.44 2787.34 1928.14 1264.36
545.79 689.39 803.93 1365.68 1501.65 1268.36
338.37 527.23 688.68 2713.54 1451.57 866.58
801.6 1143.79 1697.1 2767.85 2416.13 1455.75
680.83 898.22 1134.55 1867.99 2071.99 1614.28
456.83 707.51 853.96 3373.84 1753.51 1013.55
488.42 702.88 1028.22 1486.14 1357.11 873.08
852.18 1205.4 1721.98 2692.09 2611.63 1785.71
739.67 1107.21 1673.37 2465.33 2328.94 1497.73
533.54 759.49 1090.63 1926.37 1866.32 1208.68
347.45 478.05 676.16 1007.28 1023.39 682.2
367.03 664.34 475.44 5248.65 1345.41 587.91
532.77 713.9 908.21 1540.54 1700.4 1281.7
290.63 380.81 500.11 752.47 824.03 607.53
460.76 730.11 948.13 4008.27 1842.35 1083.77
825.51 1191.68 1764.9 2706.01 2555.43 1657.96
854.38 1292.06 1956.68 3010.72 2755.99 1757.04
852.82 1209.61 1772.55 2929.87 3274.97 2075.89
402.82 570.02 823.67 1180.67 1080.07 702.71
961.93 1375.47 2088.61 3207.29 2852.59 1698.16
593.75 931.2 1252.89 3412.62 1939.93 1147.54
670.05 1018.59 1324.38 4068.45 2137.71 1163.97
679.94 980.14 1498.67 2291.56 2008.23 1162.56
675.53 995.38 1390.76 2770.85 2212.18 1481.97
312.84 508.61 424.34 3718.72 1393.17 813.12
297.58 456.56 560.73 2263.35 1115.06 635.28
900.02 1309.63 1937.98 3152.19 2844.36 1830.66
271.17 426.64 412.25 2799.88 1238.53 749.4
729.45 1017.98 1365.75 2259.25 1924.55 1295.45
617.88 910.66 1343.7 2739.39 1950.15 1100.04
715.25 1030.72 1495.27 2319.26 2478.01 1631.51
119.37 264.65 191.77 4335.2 1072.59 471.53
826.25 1162.95 1709.65 2668.53 2449.67 1536.78
635.63 1056.91 1248.93 4179.64 2115.04 1205.95
688.55 1063.12 1506.33 3600.98 2274.29 1350.11
625.79 925.58 1241.52 3431.16 2235.38 1318.28
578.06 795.22 1057.56 1717.36 1745.6 1280.56
519.72 684.91 860.12 1465.73 1523.74 1164.21
748.71 1115.83 1609.55 3671.13 2423.9 1344.4
700.99 1044.47 1525.1 2748.99 2151.58 1345.48
703.95 1017.63 1558.3 2535.08 2832.93 1680.05
876.62 1272.17 1870.49 3076.57 3205.66 2063.79
583.67 914.84 1274.87 3828.4 2507.42 1535.75
840.15 1245.58 1892.29 3793.7 3596.37 2085.97
313.22 505.75 590.27 2700.37 1308.76 738.34
880.65 1268.64 1947.63 2989.42 2642.47 1526.06
966.01 1402.27 2070.25 3216.36 3155.88 2017.15
931.63 1345.48 2067.34 3196.35 2812.67 1621.48
917.89 1316.09 1927.08 2970.74 3504.09 2317.15
570.04 787.45 1110.96 1859.55 2071.9 1351.54
615.19 873.44 1266.75 1950.66 1916.75 1243.77
759.04 1108.47 1580.6 2560.47 1803.67 1092.05
619.94 916.26 1344.71 2264.5 1844.4 1155.22
689.28 1025.94 1476.27 3329.61 2911.96 1730.42
565.27 768.41 1004.29 1636.54 1643.77 1211.7
848.18 1207.25 1792.83 2971.02 2540.15 1539.09
845.61 1208.5 1652.23 2695.38 2435.87 1645.01
577.23 876.79 1139.95 3618.76 1821.29 1014.1
591.5 911.95 1277.72 3139.87 1962.18 1160.56
819.76 1177.04 1672.44 2567.65 2533.28 1774.38
610.29 872.07 1210.41 1922.78 1669.29 1085.34
744.72 1111.81 1592.78 2999.91 2855.39 1870.7
545.61 892.89 1204.74 3749.88 2059.68 1161.38
825.71 1168.49 1663.6 2602.28 2894.29 1962.52
744.26 1037.37 1427.46 2298.01 2358.23 1649.9
177.74 356.28 280.33 4431.51 1182.17 495.95
748.59 1019.49 1403.3 2246.97 2179.23 1518.49
696.91 964.54 1330.98 2129.13 2475.7 1727.23
832.19 1232.75 1745.66 3202.68 2050.65 1219.59
631.35 861.37 1117.92 1883.65 1690.72 1197.98
684.02 905.19 1171.03 1921.02 1957.56 1480.61
668.64 1013.48 1377.41 3688.02 2361.36 1425.46
348.66 614.24 588.36 4691.45 1717.96 882.86
389.99 514.34 670.6 1069.42 1177.63 858.56
89.37 238.82 65.92 4753.77 877.47 314.42
867.17 1272.06 1886.25 2912.82 2962.75 1904.99
896.1 1318.36 1888.58 3077.1 2158.96 1298.69
593.35 886.23 1200.87 3044.97 2327.72 1506.64
658.04 863.73 1090.89 1808.65 1874.29 1459.46
666.27 947.61 1275.57 2732.21 2249.58 1543.56
744.88 1138.39 1425.22 4023.29 2262.2 1347.99
768.14 1160.95 1617.71 4064.0 3171.04 1820.81
388.38 528.73 753.84 1155.78 1053.82 672.06
829.24 1200.58 1682.75 2761.23 2055.38 1306.98
114.33 121.56 132.88 151.47 148.49 130.77
816.54 1157.9 1606.53 2579.11 2480.08 1636.88
423.15 583.92 787.63 1264.12 983.86 661.87
814.4 1169.46 1790.83 2744.21 2426.7 1405.04
920.02 1363.05 2009.66 3125.98 3453.94 2295.99
828.88 1174.49 1686.97 2631.74 3089.85 2079.53
532.11 772.29 1105.17 1960.14 1775.1 1137.39
682.32 985.44 1429.96 2776.55 2111.33 1272.84
598.67 800.18 1028.38 1769.74 2009.07 1480.68
944.28 1350.43 2053.68 3148.53 2794.24 1657.71
527.29 708.11 928.3 1498.52 1744.78 1285.78
855.49 1242.59 1745.96 3406.52 2278.69 1381.53
549.48 743.34 867.87 2181.9 1575.02 1193.31
501.44 773.32 1005.77 4072.35 1777.07 945.23
814.32 1200.46 1639.44 3414.83 2257.02 1340.58
257.52 337.19 449.76 661.55 618.79 413.57
793.58 1117.51 1633.86 2570.35 2384.82 1504.13
434.58 562.3 696.33 1127.17 1168.48 910.27
159.26 189.93 242.92 323.93 294.98 208.57
854.44 1270.67 1751.93 3394.16 2569.66 1607.17
731.99 1008.95 1351.43 2140.15 2187.74 1636.58
512.74 683.14 861.87 1451.71 1514.77 1159.67
200.29 316.69 312.36 2837.4 832.19 436.86
802.12 1120.41 1610.46 2654.49 2329.45 1487.66
514.7 744.76 1078.68 2072.77 1509.92 862.58
562.39 787.34 1124.4 1735.26 1665.53 1122.39
928.28 1344.06 1992.2 3425.87 3124.46 1836.98
107.99 134.28 109.52 716.75 233.19 146.87
669.32 957.23 1400.1 2152.93 2109.49 1356.01
705.98 1129.58 1562.91 3880.79 2483.39 1497.73
362.07 516.25 616.51 1946.6 1117.84 732.53
897.84 1296.3 1916.94 2928.69 3238.1 2100.56
551.8 748.27 1025.01 1677.68 1664.44 1126.17
763.35 1090.53 1600.62 2440.41 2880.8 1896.56
167.13 201.09 249.06 339.32 321.1 233.64
699.09 956.17 1278.92 2116.76 1919.33 1374.59
953.5 1443.91 2199.33 3256.03 3074.05 1964.98
632.66 886.71 1251.03 1973.22 1968.85 1323.36
551.0 827.7 1037.71 3365.22 1679.7 927.31
707.88 1098.01 1397.5 3857.35 2253.62 1352.32
866.57 1273.97 1945.03 3211.07 2660.46 1515.28
755.6 1117.58 1666.71 2439.61 2221.82 1404.85
751.91 1081.65 1547.51 2424.04 2247.07 1397.77
507.06 790.36 1030.09 3989.47 2215.83 1332.99
347.34 558.75 581.41 2555.44 1196.58 649.59
644.6 903.34 1233.95 1942.8 1872.17 1320.97
882.67 1251.68 1822.13 2997.56 2887.26 1786.23
919.11 1349.67 2000.15 3097.92 3153.7 2030.86
680.13 956.85 1292.88 2162.35 1721.84 1164.32
826.95 1201.15 1692.97 2776.33 2023.7 1263.83
646.67 877.03 1149.22 1894.6 2120.81 1565.74
859.08 1242.2 1841.94 2826.6 2669.05 1730.05
909.94 1339.01 1918.42 3122.25 2194.72 1321.18
963.9 1440.91 2158.09 3209.53 2903.0 1827.07
888.62 1269.53 1848.12 2859.26 3367.87 2239.01
481.2 766.28 991.52 4013.73 1999.27 1172.49
615.72 942.82 1174.9 3459.65 2227.74 1348.54
657.94 981.01 1346.13 3243.75 2495.58 1549.09
915.64 1315.19 2004.17 3090.18 2752.67 1616.47
431.69 596.09 813.18 1273.5 1015.26 648.77
614.03 871.95 1299.17 2126.58 2373.49 1452.19
296.01 424.78 462.12 1757.68 927.87 585.86
509.45 797.89 1024.9 4142.27 2275.82 1343.2
152.02 267.31 185.71 2106.78 574.62 280.95
917.29 1303.97 1956.27 3021.66 2720.16 1654.67
851.43 1223.78 1807.57 2756.13 3258.21 2134.43
691.81 1002.97 1473.62 2265.09 2305.1 1494.06
600.09 804.78 1044.53 1743.22 1794.79 1329.99
925.13 1352.62 1919.21 3301.8 2844.43 1742.53
341.27 600.59 615.84 4654.28 1582.66 829.5
423.2 630.4 747.85 2977.91 1442.1 887.68
775.46 1089.51 1542.88 2428.3 2841.26 1936.93
930.85 1370.72 2034.16 3189.6 3207.85 2057.18
789.04 1105.11 1529.54 2433.45 2538.95 1788.55
613.87 828.65 1117.14 1894.79 1757.84 1217.26
982.54 1422.11 2105.34 3270.66 3820.85 2493.23
918.0 1333.36 1856.16 3259.96 2405.53 1468.85
709.13 1018.74 1480.86 2847.16 2103.03 1231.0
358.31 612.9 749.92 3644.88 1617.83 862.44
389.61 530.75 716.49 1124.37 1235.15 881.33
630.84 981.4 1164.24 3399.48 1947.37 1181.97
708.93 1021.32 1425.06 2275.14 1972.65 1275.82
334.75 692.99 403.92 5116.32 1434.9 642.94
887.03 1277.11 1816.2 2882.73 2696.66 1701.47
636.42 897.59 1297.61 1979.36 2331.9 1556.62
386.04 527.29 718.85 1257.65 1230.66 841.95
253.32 331.97 433.62 647.66 571.5 396.05
506.65 666.51 826.5 1421.26 1550.43 1186.3
870.41 1252.54 1919.51 2948.55 2609.78 1511.69
406.08 555.79 795.13 1375.28 1114.58 692.03
964.65 1442.05 2166.29 3185.64 2898.41 1820.92
151.96 364.96 203.53 4572.64 1235.05 516.25
432.64 667.53 778.22 3127.99 1741.57 1106.66
677.92 926.63 1235.19 2005.42 2251.03 1636.12
770.02 1079.19 1541.6 2506.16 2292.16 1500.45
888.97 1263.87 1822.15 2922.4 2319.45 1470.29
652.33 846.97 1037.43 1732.31 1956.41 1572.19
922.11 1333.38 2045.6 3223.91 2791.52 1605.83
569.17 776.31 1090.31 1726.81 1621.69 1076.28
654.22 983.28 1441.67 3571.07 2813.76 1615.25
471.72 783.98 998.41 4025.18 1899.93 1026.89
863.18 1231.45 1703.59 2771.24 2243.28 1428.32
559.66 781.35 1117.97 1755.96 1380.32 875.67
810.19 1202.88 1710.2 3681.61 2821.54 1624.75
738.12 1030.72 1459.67 2439.19 2380.02 1521.05
600.21 807.24 1084.9 1784.39 1740.55 1223.16
817.05 1189.14 1694.03 2931.23 2523.42 1547.12
550.59 744.15 903.63 2348.34 1723.86 1286.27
599.86 863.16 1144.58 2440.68 1912.18 1231.48
469.0 761.49 1003.51 3982.76 1905.8 963.11
217.82 351.88 327.77 2481.58 862.52 450.69
855.57 1248.32 1817.57 3271.83 3178.36 2032.93
100.34 100.51 100.77 101.2 101.43 100.92
846.29 1259.33 1875.8 2757.11 2472.83 1565.48
877.17 1324.29 1942.41 3336.46 2656.69 1655.11
778.55 1116.45 1629.31 2524.78 2484.32 1609.28
515.91 688.58 871.36 1464.59 1525.96 1165.53
605.41 766.06 886.28 1522.67 1686.2 1435.81
616.35 815.59 1054.12 1767.84 1969.77 1463.73
285.96 421.83 507.68 1704.08 865.96 536.37
656.42 971.45 1342.56 3336.53 2171.78 1268.61
226.55 293.64 384.3 572.45 427.13 290.49
485.0 780.96 941.66 4185.18 1879.95 1055.59
783.96 1159.06 1708.99 3573.9 2498.02 1404.0
177.57 309.76 294.35 3470.23 937.26 450.92
497.06 653.92 820.3 1342.45 1279.55 977.69
510.82 752.0 1036.63 3254.47 1687.59 941.72
708.72 997.45 1370.83 2645.97 2333.85 1510.44
421.84 581.81 861.74 1291.25 1148.21 687.93
878.21 1277.84 1956.75 3046.04 2668.34 1550.71
501.31 784.6 1022.94 3922.72 2203.2 1272.74
459.45 796.92 729.47 4051.17 1656.24 948.07
153.04 304.63 247.63 4516.0 1171.67 526.5
714.81 1047.06 1500.88 3350.96 2519.93 1454.72
184.98 449.97 210.28 4913.05 1215.58 530.24
748.84 1096.16 1614.3 3528.78 2392.03 1371.16
222.62 272.86 322.63 508.25 475.41 375.97
603.72 926.55 1276.17 3942.34 2452.92 1476.22
910.89 1314.14 1952.9 3303.01 3051.73 1797.87
698.47 1013.21 1340.47 3301.89 1998.47 1242.87
441.41 629.92 915.88 1318.38 1204.97 779.52
719.48 1088.06 1477.06 3492.93 1885.19 1086.12
528.48 768.63 927.93 2868.84 1758.7 1153.93
135.87 154.44 186.52 235.56 218.04 165.73
729.43 1102.01 1552.81 3710.57 2308.94 1261.67
896.1 1351.28 1985.64 3486.79 3454.74 2241.59
787.28 1122.68 1627.27 3126.24 2353.22 1414.13
572.13 869.06 1085.03 3555.01 2045.13 1272.67
213.04 339.13 343.39 2346.46 912.22 474.64
535.22 764.92 1113.35 1695.74 1724.06 1123.99
406.2 510.03 602.86 988.2 1093.35 906.85
541.87 855.84 999.06 4164.99 1786.28 966.29
808.58 1167.86 1690.97 3214.97 2749.94 1640.4
575.09 759.34 930.13 1593.24 1718.28 1339.54
745.04 1096.62 1587.79 3612.23 2650.81 1520.34
856.6 1222.35 1815.12 3092.47 2485.0 1469.71
916.65 1368.59 2043.25 3152.03 3474.7 2277.57
521.05 690.19 866.79 1478.88 1610.81 1219.25
877.46 1276.3 1791.79 2877.15 2490.93 1601.24
816.68 1193.32 1818.49 3187.55 3370.12 1990.6
210.07 355.55 341.5 3147.97 836.56 394.97
782.76 1155.72 1629.47 2941.66 1918.57 1143.24
499.09 716.64 1036.99 1544.98 1486.51 999.85
764.62 1059.43 1503.64 2386.77 2267.2 1505.92
686.44 965.43 1430.88 2311.25 1929.78 1156.16
583.87 785.59 997.98 1701.89 1577.57 1150.81
442.94 623.59 770.3 2285.37 1487.62 1032.19
731.6 1054.13 1601.94 2466.68 2182.25 1282.82
650.31 952.6 1262.55 2992.02 1770.42 1114.4
827.21 1273.41 1887.26 3644.51 2782.46 1732.34
420.06 565.12 760.46 1187.61 1189.89 858.4
886.41 1281.97 1789.07 3021.33 2294.44 1408.27
753.75 1062.19 1464.57 2366.72 2265.85 1497.87
296.36 404.77 569.24 800.72 735.5 490.81
744.09 1086.63 1532.83 3502.62 2106.61 1256.1
668.29 1008.22 1232.61 3371.85 2524.29 1641.25
697.35 1042.09 1473.31 3694.38 2498.46 1514.92
353.0 493.01 702.02 1045.52 1145.49 774.61
829.85 1189.66 1769.52 2901.5 2742.21 1624.27
376.51 513.52 728.34 1077.38 1262.13 848.61
693.03 951.0 1266.08 2430.76 2416.4 1676.65
496.03 706.93 995.07 2138.19 1646.83 976.94
492.51 693.87 954.12 1502.08 1307.1 857.92
425.29 701.32 646.95 4357.38 1525.38 792.13
101.82 102.74 104.04 106.48 105.99 103.62
830.45 1159.23 1559.45 2549.12 2185.49 1492.38
330.43 454.24 625.59 1221.94 1065.53 698.08
520.77 714.12 1005.8 1686.69 1462.64 952.44
763.99 1094.01 1671.53 2557.65 2262.54 1312.96
873.86 1272.89 1845.83 3164.11 3169.97 2034.8
704.77 1063.32 1479.81 3450.26 2539.51 1581.21
725.63 1038.66 1462.69 2337.58 2578.45 1784.01
528.58 837.32 1087.56 3943.28 2344.13 1355.17
766.59 1163.94 1683.33 3208.87 2395.29 1470.74
640.22 876.6 1183.69 1919.49 2122.04 1505.86
669.07 954.31 1323.76 2196.68 1687.82 1046.8
309.91 472.97 493.8 2687.23 1047.3 621.32
601.67 932.88 1165.76 3092.02 1574.76 895.9
168.02 209.34 251.28 535.09 391.34 276.35
340.93 462.54 652.9 965.43 915.42 617.38
763.51 1055.84 1441.11 2369.89 2305.81 1655.53
449.44 632.75 878.0 1397.99 1011.13 638.21
166.39 289.8 240.06 2689.89 883.71 432.02
885.21 1269.96 1931.04 2985.29 2661.82 1564.79
383.47 518.33 743.32 1168.88 984.48 610.53
206.19 481.69 266.99 4976.11 1297.18 571.14
321.3 532.18 605.5 3820.22 1489.74 757.46
794.54 1162.49 1698.18 3554.65 2778.64 1606.32
933.71 1339.4 1960.26 3020.09 3567.71 2364.14
583.54 795.48 1047.03 1698.04 1492.56 1053.32
602.38 760.72 877.35 1508.76 1677.29 1432.92
144.4 168.97 205.64 265.92 283.46 218.38
594.79 928.26 1289.12 3955.55 2100.8 1219.16
674.62 990.22 1478.83 2759.07 2072.02 1176.24
431.25 710.46 824.95 4095.61 1680.56 858.63
790.98 1185.03 1655.64 3357.8 2045.75 1190.3
882.08 1261.62 1751.33 2843.6 2288.32 1447.1
946.12 1409.96 2096.66 3248.83 3582.31 2358.24
979.49 1466.07 2192.26 3386.51 3733.8 2445.14
319.33 423.67 597.75 927.01 784.34 495.01
228.94 290.96 398.36 565.56 511.46 337.89
521.05 708.57 865.58 2066.2 1740.6 1291.29
802.47 1198.78 1764.48 3465.92 3338.3 1942.53
214.33 264.97 324.1 478.57 475.53 369.37
397.19 548.43 764.51 1119.1 1056.6 727.48
484.39 659.15 798.44 2152.8 1572.89 1138.85
706.74 986.79 1347.36 2176.02 2303.45 1635.1
290.89 406.61 542.85 1347.37 872.45 549.96
210.43 393.46 248.32 4148.94 1123.17 547.59
470.71 704.83 945.64 2628.07 1284.66 732.2
657.11 935.34 1368.72 2075.2 2291.25 1496.94
501.21 704.14 990.85 1530.3 1421.38 898.69
265.96 399.83 488.16 2433.22 1157.2 672.9
495.14 699.68 1052.98 1593.2 1400.16 823.97
693.8 1047.69 1384.41 3358.24 1774.58 1011.71
130.56 310.63 110.08 4617.99 934.26 368.93
424.54 605.74 771.83 2092.82 1548.31 1043.6
661.36 971.31 1361.59 2654.17 2142.29 1428.6
247.87 326.28 432.21 652.07 482.26 322.59
248.61 389.65 385.24 3456.2 1166.46 651.01
403.32 748.64 534.54 5421.36 1480.88 648.0
366.19 604.66 750.38 4123.23 1459.75 735.14
308.19 405.75 535.18 823.47 881.76 632.2
755.84 1064.86 1584.39 2444.65 2201.4 1348.56
398.78 633.85 758.6 4099.14 1502.08 781.89
791.88 1167.04 1668.07 3348.42 2577.88 1638.13
719.68 1086.43 1578.66 3550.58 2331.25 1291.64
959.83 1438.35 2155.27 3260.8 2904.77 1818.33
404.45 540.53 733.8 1168.54 1113.66 763.15
726.62 1027.19 1426.07 2529.54 2290.09 1572.67
438.63 750.59 954.5 3838.83 1811.64 978.86
487.65 674.61 958.49 1496.54 1179.74 754.15
383.52 506.91 573.34 1505.08 1141.73 854.99
850.61 1242.26 1804.14 2714.7 2552.5 1687.19
409.87 580.96 840.5 1205.81 1102.87 716.73
724.12 1037.65 1464.07 2250.23 2114.76 1438.86
844.76 1252.58 1772.34 3271.96 2092.38 1240.29
930.69 1333.57 1974.72 3239.81 3088.51 1853.83
765.32 1135.74 1550.09 3491.49 2339.34 1449.7
521.9 717.32 986.95 1565.72 1575.97 1087.21
756.41 1063.75 1523.9 2547.47 2867.34 1861.72
311.53 531.88 619.42 4221.34 1328.77 649.88
370.75 682.73 659.19 4618.64 1679.44 866.03
202.39 378.86 380.14 4062.95 1238.34 534.71
986.13 1426.62 2111.92 3268.53 3827.34 2498.37
676.49 1016.33 1479.05 2721.5 2084.9 1283.52
743.59 1008.08 1340.14 2152.86 2386.67 1759.09
562.86 761.72 973.31 1671.94 1480.73 1084.83
794.02 1124.19 1675.03 2716.91 2265.45 1349.92
727.61 1050.98 1419.51 2932.45 2311.77 1477.16
553.25 852.45 1091.63 4044.33 1936.71 1124.13
804.38 1210.36 1570.51 3450.11 2398.61 1504.14
780.07 1146.91 1713.02 3453.07 2495.26 1397.96
798.75 1151.66 1688.48 3032.9 3192.2 1972.83
435.12 600.13 866.66 1380.9 1312.31 799.63
857.22 1223.02 1830.59 2993.72 2561.7 1536.12
172.85 213.08 274.1 359.99 335.79 245.0
540.98 763.56 1111.97 1684.01 1592.48 1046.97
830.13 1161.65 1621.66 2574.22 2600.03 1799.26
887.24 1313.8 1937.96 2877.77 2614.75 1684.23
768.3 1047.4 1409.44 2251.51 2602.59 1894.09
433.17 601.02 858.14 1299.43 1275.49 837.0
319.0 562.82 528.31 4387.34 1467.06 734.98
675.73 995.67 1398.44 2696.78 1676.81 995.64
509.19 730.78 1044.94 2253.64 1995.67 1206.3
901.4 1291.71 1777.75 2881.93 2571.26 1723.35
326.78 516.45 569.96 2679.14 1105.5 626.87
831.6 1152.0 1647.24 2588.42 2424.84 1603.3
932.46 1353.52 1948.41 3067.7 2841.72 1757.2
473.39 777.47 765.73 4458.94 1646.25 858.64
769.28 1159.15 1640.9 2974.39 2486.78 1619.91
862.27 1327.74 1933.53 3680.81 2836.55 1762.34
717.32 985.52 1330.12 2192.79 1959.07 1386.04
134.33 328.15 250.77 3871.14 1126.85 464.73
669.46 1023.57 1419.73 3819.97 2607.31 1589.84
385.67 506.51 663.54 1029.16 1036.72 775.72
164.05 195.59 246.53 344.81 331.7 233.72
653.86 921.63 1318.95 2138.3 1664.0 1054.02
975.45 1478.98 2249.32 3366.79 3153.59 2014.22
340.44 478.59 691.4 989.08 937.81 625.38
876.63 1259.73 1747.89 2953.44 2284.59 1429.76
103.25 254.13 117.07 4604.53 839.53 332.11
358.98 615.37 540.57 4189.88 1291.4 629.87
849.7 1199.9 1622.04 2644.51 2416.67 1673.13
608.66 890.16 1310.38 2001.01 2201.99 1456.33
665.74 1032.23 1326.45 3985.47 2387.87 1413.69
400.19 510.68 609.2 1054.28 1129.21 892.35
535.95 696.87 824.48 1446.23 1549.14 1257.4
627.63 908.37 1291.5 2365.17 1922.81 1230.99
481.49 671.46 916.1 1686.32 1595.86 1079.94
639.44 925.54 1255.99 2419.1 1927.18 1296.07
270.89 426.12 522.16 2970.93 1105.0 568.98
943.91 1414.81 2126.52 3172.37 3022.04 1969.29
849.82 1298.91 1909.16 3488.26 2824.4 1783.15
470.34 624.66 807.97 1331.09 1355.63 1009.08
549.43 765.63 1139.98 1722.79 1534.2 929.2
834.76 1176.5 1740.05 2710.6 2460.18 1525.47
326.88 434.82 614.89 955.49 807.91 508.61
894.27 1336.45 2003.75 2988.15 2848.81 1861.17
347.08 455.44 594.51 921.91 1025.83 752.32
552.0 746.09 965.9 1585.2 1602.05 1191.26
522.04 743.7 923.05 2876.03 1987.58 1339.35
865.35 1287.58 1857.54 3394.32 3003.61 1896.03
247.02 389.12 449.08 3109.91 1045.96 523.47
525.56 759.34 1024.58 2470.85 1749.22 1123.85
566.52 762.28 999.17 1647.27 1820.46 1326.9
797.39 1142.96 1684.77 2565.11 3031.08 1988.12
864.3 1275.93 1876.2 3209.59 3145.08 2009.4
568.87 820.1 1073.75 2405.77 1743.22 1177.85
223.93 386.69 252.47 3094.98 794.51 364.29
834.25 1190.66 1713.16 2701.42 2680.66 1766.75
541.94 710.37 882.42 1519.25 1581.88 1223.35
876.45 1299.45 1908.67 3293.58 3070.94 1949.3
451.03 599.79 758.42 1250.18 1181.82 876.82
723.53 1036.11 1485.35 2327.78 2492.22 1662.97
378.35 517.61 712.06 1087.91 1017.62 660.76
958.61 1432.24 2137.26 3304.2 3643.16 2390.21
499.63 697.65 1008.13 1512.59 1779.61 1181.96
179.54 322.19 291.99 4027.58 1085.41 500.29
664.68 869.82 1081.47 1792.91 1990.6 1577.08
810.04 1162.7 1707.79 3282.99 2424.63 1427.76
330.4 410.33 465.75 791.63 893.9 749.93
321.83 515.29 590.76 2758.36 1244.12 711.47
472.45 657.56 981.5 1478.54 1313.01 780.37
863.3 1315.7 1872.15 3751.0 3314.52 2116.89
857.25 1235.44 1824.51 2784.8 3078.47 1998.8
948.41 1358.67 1987.19 3057.87 3606.15 2394.02
388.28 650.78 798.34 4089.45 1655.35 865.06
905.31 1338.42 1968.01 3233.94 3134.57 2004.89
574.59 757.91 951.08 1611.92 1711.14 1313.46
374.42 532.1 774.98 1114.74 1056.23 699.63
784.65 1137.03 1652.02 3492.38 2376.2 1373.34
210.19 252.33 273.34 552.36 492.39 402.69
403.45 710.43 577.96 5124.32 1506.16 702.91
507.34 801.72 991.67 4021.21 2213.97 1311.15
283.31 374.42 533.86 778.5 697.03 434.87
794.57 1160.85 1713.4 2648.52 2811.01 1815.0
290.67 453.21 430.43 3351.46 1178.76 699.48
409.15 557.87 815.38 1216.28 1086.55 670.39
726.64 1034.81 1466.2 2307.22 2490.71 1691.83
85.27 213.12 96.1 4628.09 965.17 370.55
443.41 574.9 719.27 1241.48 1230.0 924.44
630.18 954.32 1330.1 3589.62 2126.11 1177.88
937.61 1372.64 2122.49 3477.17 3890.25 2291.34
489.46 721.47 956.58 3260.55 1684.92 979.51
641.14 896.63 1265.44 1965.48 2183.29 1489.07
594.03 846.02 1066.05 2492.89 1793.57 1214.42
630.71 880.72 1092.22 2592.51 1849.27 1290.05
679.62 943.13 1297.11 2147.76 2307.7 1601.32
852.38 1232.44 1804.42 2969.3 3296.9 2149.58
917.94 1313.54 1911.63 2948.11 3261.74 2161.23
779.07 1122.54 1607.81 2520.85 2336.51 1451.83
844.23 1260.56 1822.87 3175.67 2609.07 1659.1
762.34 1068.02 1516.79 2517.06 2473.4 1586.41
421.13 599.26 824.89 1845.92 1581.34 1016.62
413.07 689.71 863.46 4358.59 2156.94 1114.75
606.84 944.26 1254.87 3557.84 2149.41 1316.99
907.91 1292.44 1865.4 2987.77 2374.59 1505.81
497.88 702.63 879.15 2357.63 1456.97 992.14
748.79 1115.32 1642.5 2803.9 2833.28 1848.86
543.17 726.5 953.76 1599.26 1583.66 1137.44
921.22 1333.65 1975.26 3440.81 2756.35 1614.26
571.75 827.9 1105.46 3019.85 2156.03 1394.31
613.44 956.45 1332.26 3795.33 2188.53 1173.11
925.02 1391.51 2062.6 3483.11 3561.78 2315.41
618.79 949.35 1274.37 3451.48 2064.77 1264.9
398.28 514.82 644.89 1054.7 1101.96 844.79
136.07 231.53 184.9 2488.45 617.05 293.0
711.16 1121.28 1400.08 4025.43 2489.77 1480.94
592.51 848.31 1289.21 2085.76 2328.65 1388.5
544.08 710.14 812.07 2025.35 1621.66 1296.49
536.49 733.1 901.81 2036.71 1564.09 1091.44
856.5 1239.48 1823.5 3308.58 3403.63 2077.89
921.75 1354.37 2009.0 3109.66 3164.66 2035.67
537.43 767.76 1116.28 1695.9 1805.76 1179.67
544.34 914.54 903.88 4783.32 1612.38 803.55
732.41 1008.54 1404.81 2338.45 2134.09 1432.55
418.83 583.54 678.36 2277.98 1384.25 935.23
845.83 1196.86 1790.07 2755.39 2477.64 1513.75
362.74 557.7 560.75 2849.88 1086.7 603.29
883.5 1268.76 1873.9 3306.4 2589.8 1523.79
248.35 383.02 427.5 2672.14 945.14 517.25
751.95 1073.96 1440.19 2673.79 2460.16 1700.1
292.5 392.15 564.27 827.46 733.42 452.71
523.28 903.51 906.46 4612.86 2018.13 1047.36
834.49 1206.6 1782.39 3262.72 2828.72 1657.28
896.15 1315.13 1857.5 3507.02 3460.55 2232.07
920.93 1353.7 2004.49 3128.18 3163.34 2034.87
841.32 1234.64 1782.58 2905.48 3118.9 2102.45
288.0 415.28 466.71 1569.6 711.99 420.43
326.59 534.95 366.12 3832.2 1168.72 649.18
544.54 826.2 992.42 3611.3 1903.62 1146.62
659.2 930.48 1274.3 2078.83 1610.45 1076.23
615.04 894.71 1097.03 3035.03 2017.56 1332.77
386.61 489.31 560.42 1108.08 1021.08 841.44
114.13 297.23 146.72 4731.82 1118.21 425.93
760.05 1102.86 1693.75 2761.26 3086.78 1826.81
905.85 1285.65 1922.35 2974.07 2686.21 1643.52
640.44 1043.26 1211.66 4255.28 2305.66 1334.1
868.43 1272.85 1954.04 3235.43 2672.72 1522.64
439.49 753.32 717.76 4940.88 1587.15 739.99
938.07 1381.19 2041.32 3250.71 3380.63 2176.71
676.13 897.22 1160.26 1906.04 1938.3 1468.17
569.41 819.95 1153.34 2392.89 2158.54 1404.46
443.91 626.26 872.63 1383.96 989.04 617.69
291.62 386.6 512.02 777.95 628.77 417.04
862.28 1252.52 1736.03 3187.75 2273.34 1384.71
613.37 940.6 1313.42 3706.8 2467.24 1495.74
617.65 960.15 1343.35 3912.29 2150.93 1256.64
934.92 1428.66 2138.05 3435.15 3043.14 1929.65
161.18 372.47 198.29 4536.95 1285.53 584.65
732.63 1061.22 1514.54 3413.86 2246.85 1314.99
504.39 727.9 999.96 1765.93 1170.21 714.42
723.76 1030.9 1526.98 2484.14 2356.47 1402.23
620.0 791.06 933.33 1592.74 1716.89 1437.62
784.05 1132.79 1564.75 3119.07 2584.17 1689.88
823.34 1174.4 1648.16 2636.14 2490.78 1604.17
893.24 1313.97 1877.76 3096.48 2164.75 1305.48
371.67 502.35 728.64 1080.93 966.93 601.23
764.4 1113.9 1620.75 2431.06 2262.58 1482.31
610.3 879.63 1288.17 1971.03 2004.24 1300.64
491.34 638.39 790.57 1367.51 1413.16 1076.45
899.69 1295.97 1891.54 2958.44 2916.63 1889.78
926.88 1386.19 2057.24 3214.81 2811.53 1769.79
431.55 808.89 658.84 4867.47 1752.84 899.13
837.79 1193.52 1717.73 2687.38 2668.64 1768.45
540.97 861.4 1008.52 4361.76 1832.5 923.93
536.04 776.79 1142.02 1656.07 1511.22 967.85
235.28 349.76 400.46 1636.72 783.24 468.8
550.01 764.09 1121.25 1796.81 1504.08 910.45
780.63 1102.1 1529.33 2377.06 2379.23 1712.94
847.07 1250.63 1850.2 2740.99 2526.96 1623.44
804.26 1194.04 1775.8 2607.48 2339.21 1482.96
903.07 1318.46 2033.07 3143.89 2744.16 1575.3
880.16 1247.35 1787.78 2775.77 3072.1 2074.08
675.98 977.21 1330.07 2685.2 2462.29 1696.48
821.44 1227.07 1761.52 3567.07 2562.94 1440.53
790.7 1162.79 1687.3 3660.54 2497.16 1436.07
197.96 413.09 249.36 4841.67 1187.18 506.15
421.44 588.38 876.14 1396.0 1554.52 940.94
892.7 1287.19 1856.95 3254.7 2378.54 1460.01
965.92 1408.02 1976.68 3185.77 2767.6 1783.43
398.05 545.95 595.14 2031.12 1281.68 935.28
582.88 780.97 1014.03 1716.31 1580.32 1155.51
749.32 1105.72 1460.27 3096.09 2244.05 1441.57
561.65 788.96 1156.12 1864.52 1770.03 1063.79
855.4 1208.56 1787.49 2786.11 2545.89 1581.14
233.11 310.41 403.09 935.36 584.04 362.6
346.83 511.54 663.89 2199.68 1121.29 687.35
556.36 938.17 1028.65 4413.72 1959.5 1008.2
730.62 1068.12 1497.68 2915.07 2300.82 1398.81
518.57 839.16 1076.35 3682.84 1674.93 890.65
728.0 1082.66 1587.7 2677.14 2343.98 1531.37
240.85 311.94 423.22 605.92 576.69 402.46
302.07 407.02 587.92 914.74 1014.4 628.66
860.63 1263.6 1933.79 3381.64 3579.72 2102.27
572.36 780.56 1022.03 1704.15 1880.64 1384.81
513.53 732.29 1050.44 2033.3 1547.5 917.18
835.03 1184.73 1738.91 2998.59 2436.95 1471.65
634.59 964.37 1342.57 2609.67 1915.79 1178.61
734.0 1012.81 1358.8 2149.96 2195.68 1639.74
184.97 374.92 205.25 4585.27 1155.82 569.6
764.73 1157.96 1663.95 3405.36 2802.88 1740.74
477.55 621.2 750.54 1296.99 1362.56 1073.32
582.46 858.11 1151.87 3016.58 1907.24 1132.55
861.5 1245.68 1846.86 2834.62 2677.04 1735.68
822.42 1188.82 1803.52 2968.08 3317.94 1997.17
951.13 1385.83 2123.95 3487.56 3901.69 2328.07
102.64 307.83 183.87 4282.34 1186.75 480.58
603.14 845.76 1097.18 2600.14 1866.57 1241.82
454.48 724.86 849.35 4037.48 1537.09 827.76
187.06 397.54 366.06 3899.1 1251.28 550.38
434.94 698.47 919.02 3973.62 1764.97 887.25
811.08 1234.41 1663.1 3751.02 2756.69 1689.67
789.25 1173.28 1668.48 3330.86 2904.17 1852.51
821.55 1185.28 1659.77 2712.48 2013.71 1286.59
877.34 1291.34 1825.27 3595.92 3417.79 2186.13
353.24 473.71 674.7 1054.87 890.14 556.07
788.42 1161.86 1676.93 3637.9 2782.41 1595.42
311.57 558.07 528.0 4574.43 1471.64 731.43
228.06 292.84 384.36 556.55 521.78 354.94
841.24 1206.23 1795.75 2933.19 2781.48 1647.51
172.43 354.15 267.04 4760.31 1196.03 514.96
785.25 1151.86 1620.01 2997.72 2460.28 1498.4
227.86 375.51 318.42 3485.67 1079.53 606.05
969.51 1415.75 1985.24 3230.6 2779.07 1785.76
718.78 1057.39 1504.13 3149.42 2458.72 1425.03
340.11 547.33 617.85 2200.15 1102.19 648.32
513.28 731.4 1062.27 1615.3 1642.2 1072.37
662.36 959.31 1356.83 2215.32 1565.45 959.49
560.71 788.06 1104.9 1656.93 1580.03 1092.56
186.1 229.65 291.19 406.96 383.58 271.41
335.02 601.19 543.74 4176.63 1439.45 750.15
610.62 790.94 942.89 1779.94 1744.36 1407.75
610.8 775.18 904.03 1548.92 1695.99 1435.01
359.87 523.75 657.85 2081.84 1179.28 716.81
349.44 451.15 567.17 922.43 945.87 720.07
726.36 1112.07 1616.03 3558.94 2506.16 1564.86
849.13 1256.61 1783.59 3166.67 2093.13 1244.66
299.43 376.74 463.7 754.99 767.28 584.54
149.29 335.04 152.4 4579.97 958.36 387.44
607.43 908.61 1279.96 3932.35 2101.11 1163.56
540.47 790.81 1160.07 1809.34 1647.87 1081.29
293.87 389.96 516.84 785.9 634.96 420.75
883.16 1252.6 1797.61 2789.44 3087.15 2081.0
481.21 627.38 761.12 1311.13 1373.72 1078.74
782.54 1089.84 1570.74 2568.97 2231.71 1421.5
805.14 1136.72 1680.82 2740.19 2307.23 1394.92
577.21 903.61 1205.37 3543.97 2265.63 1350.13
752.12 1095.51 1615.1 2479.2 2642.98 1709.6
437.73 706.07 844.12 4056.22 1730.23 936.41
642.46 959.52 1274.27 3363.65 2247.96 1391.29
227.81 300.46 388.41 845.86 607.37 379.24
585.41 935.63 1224.12 4040.68 2063.33 1174.17
360.97 513.34 697.95 1802.47 1357.45 861.73
707.38 1029.44 1431.17 2554.85 1742.45 1075.99
175.73 213.26 272.1 367.7 418.3 305.04
663.21 880.31 1104.74 1910.43 1985.22 1547.67
470.58 675.09 778.31 3077.24 1615.28 1101.92
832.92 1236.65 1846.17 2724.58 2473.97 1563.61
726.49 978.11 1284.06 2074.82 2300.81 1719.63
399.84 520.83 636.6 1079.07 1078.25 826.36
515.52 841.62 893.91 4769.49 1764.36 881.21
270.44 357.88 470.89 708.83 624.16 429.11
748.98 1038.95 1461.45 2407.43 2227.04 1480.36
302.0 398.1 558.42 861.67 730.27 463.8
633.89 934.27 1373.87 2119.33 1848.22 1168.21
606.56 873.29 1276.89 1948.11 2075.33 1350.3
928.44 1364.66 2024.73 3122.45 3330.52 2144.78
726.97 1073.15 1598.3 2337.45 2129.18 1347.87
497.88 681.77 952.32 1553.41 1526.03 991.62
975.12 1459.07 2181.04 3369.31 3715.21 2433.8
796.39 1152.76 1655.72 2588.98 2857.03 1955.44
612.41 878.44 1185.98 2287.96 1868.73 1266.79
354.17 634.52 659.93 4357.98 1510.75 732.78
736.85 1082.28 1568.29 3515.87 2607.66 1498.66
512.9 785.78 978.69 3558.58 1858.27 1068.3
887.59 1303.29 1905.01 3123.15 3186.71 2059.2
320.53 436.92 613.47 908.57 922.92 618.86
940.35 1367.52 2025.56 3170.16 2951.27 1905.63
377.85 743.63 535.12 4983.87 1553.13 717.06
268.38 514.17 383.0 4899.59 1382.87 632.86
522.44 800.22 1107.18 4035.53 1929.12 1022.48
902.64 1326.65 1897.55 3090.34 2182.08 1319.39
866.79 1228.72 1828.46 2843.61 2584.99 1587.82
848.14 1231.4 1776.25 2705.89 2645.01 1818.94
632.22 970.55 1340.57 3778.77 2459.61 1504.26
677.8 1019.66 1425.22 3817.12 2509.77 1403.13
708.49 1059.7 1596.04 2393.18 2227.44 1431.59
778.49 1131.42 1590.82 2792.8 2313.74 1555.01
138.27 152.0 163.88 222.55 231.7 200.88
253.26 496.4 420.38 4926.4 1496.11 748.58
218.31 276.93 368.85 518.2 597.25 420.31
432.81 544.51 618.89 1123.66 1241.4 1018.13
559.13 715.52 849.42 1435.13 1516.45 1253.04
906.11 1320.89 1932.98 3005.88 3219.94 2109.75
903.4 1314.31 1998.27 3364.46 3698.56 2219.45
622.63 896.44 1233.39 2810.01 2441.87 1519.97
576.5 766.51 943.14 1628.03 1619.13 1264.25
870.82 1248.02 1897.77 2923.94 2606.64 1534.9
896.48 1304.64 1904.2 2965.11 3178.62 2089.21
283.3 447.1 365.5 3280.0 1170.39 732.27
692.03 965.41 1324.42 2421.05 1876.57 1252.2
213.62 442.13 263.65 5015.4 1342.27 591.28
604.68 980.97 1081.34 4597.39 2042.13 1144.53
623.7 920.87 1210.81 3125.43 2166.95 1307.53
951.38 1379.73 2034.59 3161.63 3103.97 1986.85
644.89 969.07 1326.18 3685.99 2131.78 1187.01
609.75 930.8 1208.53 3950.13 1885.75 1077.3
337.91 582.14 438.72 4385.02 1319.9 657.4
726.83 1003.64 1368.44 2193.41 2569.34 1828.71
519.33 714.43 912.91 2068.41 1671.38 1177.24
387.82 586.07 717.82 2332.12 1447.14 816.34
573.1 747.15 920.08 1526.28 1605.55 1268.49
749.85 1046.56 1443.64 2321.13 2378.32 1659.15
664.88 923.78 1205.13 2642.8 1898.47 1312.82
858.22 1256.49 1816.54 3039.87 2932.51 1906.55
359.55 470.43 586.19 964.73 936.29 701.16
787.19 1167.52 1735.18 2546.7 2284.94 1449.43
904.93 1351.49 2001.66 3024.25 2671.02 1691.57
878.91 1285.88 1889.78 3001.29 3009.57 1949.53
415.25 574.67 819.9 1236.77 1212.71 795.49
622.38 836.8 1074.15 1793.25 1919.82 1448.05
607.98 872.36 1169.95 2816.2 2241.48 1495.14
894.57 1313.2 1915.46 3407.26 2998.12 1881.44
124.36 136.69 154.1 186.85 180.24 148.5
476.79 691.32 873.06 3035.61 1914.8 1239.74
837.6 1209.88 1792.66 2749.46 2596.37 1683.93
378.1 507.03 688.42 1064.16 1042.01 737.13
494.21 646.89 810.23 1425.15 1581.64 1173.87
828.65 1213.22 1796.57 2771.62 2819.03 1814.38
771.36 1157.11 1751.32 2582.51 2439.36 1566.98
677.2 988.37 1360.48 2980.3 2311.41 1477.34
741.18 1083.63 1578.55 2354.87 2150.48 1403.23
416.46 591.19 856.25 1229.33 1124.21 729.85
317.33 431.77 604.93 892.9 947.48 636.42
216.95 281.52 379.48 517.35 478.5 332.76
647.07 991.19 1369.42 3285.85 2148.82 1306.3
805.39 1147.96 1733.39 2671.34 2392.2 1425.0
916.98 1346.12 1993.83 3087.92 3145.56 2027.66
629.41 811.27 971.58 1643.46 1825.42 1506.03
725.32 1033.79 1442.26 2255.22 2271.51 1611.72
826.19 1142.77 1629.08 2562.95 2407.2 1599.28
857.84 1282.71 1901.49 2976.82 2570.83 1608.28
854.73 1259.42 1793.75 3038.65 2073.18 1242.49
491.62 689.28 998.69 1506.69 1425.41 940.96
246.82 440.73 407.8 3859.67 1356.29 672.84
968.79 1415.18 1990.65 3227.0 2776.47 1779.13
211.89 269.81 369.86 522.84 468.17 305.01
299.12 399.81 554.71 818.01 802.81 539.29
752.81 1118.24 1630.07 2820.18 2843.67 1867.48
617.96 868.39 1232.22 1923.69 1922.65 1287.93
881.68 1287.95 1799.27 2998.84 2523.01 1614.67
828.87 1178.6 1668.7 2630.71 2722.69 1864.36
837.58 1208.45 1713.45 2949.45 3181.78 2102.94
371.46 539.88 748.13 1638.47 1336.67 860.49
499.73 672.14 867.14 1710.81 1504.04 1079.68
540.06 797.91 1180.56 1829.45 1651.43 1066.45
370.92 737.93 476.39 5013.02 1456.18 676.91
717.42 1046.24 1438.86 2627.21 2056.34 1308.11
934.85 1336.25 1943.28 3103.18 2430.24 1517.48
745.78 1071.71 1581.93 2419.61 2285.58 1486.74
493.35 691.88 1002.66 1512.91 1431.27 944.68
739.02 1099.53 1562.85 3708.7 2606.39 1594.83
915.86 1321.99 1935.61 3021.94 2974.93 1920.18
887.33 1280.55 1893.02 2891.46 3196.79 2074.22
574.76 765.88 966.42 1592.42 1576.99 1208.06
714.48 1076.13 1467.2 3626.15 2405.91 1408.77
398.07 672.38 846.47 4162.43 1780.11 952.64
759.75 1136.81 1460.7 3739.26 2087.22 1207.69
866.02 1289.98 1922.77 2827.37 2535.58 1604.24
160.61 363.81 167.75 4919.83 1121.95 447.91
685.73 943.38 1221.09 2043.74 1995.07 1461.08
770.15 1084.38 1564.93 2773.09 2243.5 1389.17
516.82 662.99 768.18 1354.79 1549.82 1280.32
223.45 350.58 286.62 3108.06 948.58 559.45
793.02 1092.25 1493.74 2393.43 2753.29 1964.9
824.19 1149.78 1661.7 2651.56 2415.59 1560.38
931.65 1346.58 1999.59 3420.39 3133.55 1843.03
663.55 958.07 1308.83 2486.49 2151.25 1492.6
407.36 669.56 754.07 4328.1 1760.51 933.72
463.09 654.27 943.57 1424.68 1515.87 996.19
804.57 1239.88 1760.52 3532.89 2505.15 1529.12
610.47 884.82 1245.33 2104.44 1437.67 873.63
529.03 682.63 802.61 1403.03 1614.8 1316.79
320.02 404.28 509.43 789.59 795.41 610.98
699.46 1027.44 1465.17 2929.25 2248.13 1419.51
682.1 928.81 1231.2 2045.89 1882.29 1363.91
942.49 1426.83 2147.19 3329.77 3051.26 1959.06
651.33 922.8 1361.28 2207.3 2094.45 1251.02
624.99 896.74 1366.14 2083.9 1827.42 1061.88
623.82 901.56 1276.82 2055.65 1454.12 888.51
782.42 1142.22 1603.55 3547.05 2325.16 1334.36
343.81 565.89 524.65 3431.46 1039.33 505.92
648.93 991.24 1397.87 2858.28 2018.92 1231.79
681.45 1007.53 1482.33 2934.3 2165.23 1235.95
929.23 1405.68 2139.61 3166.26 2989.45 1911.93
712.11 974.3 1315.81 2330.64 2098.25 1460.89
348.37 579.12 504.49 3522.03 1391.85 850.69
401.82 679.39 736.26 4524.97 1699.49 893.76
719.38 1077.32 1484.49 3709.22 2260.73 1279.79
571.87 870.06 1086.89 3444.79 2101.4 1260.31
918.62 1355.48 1993.83 3238.29 3304.82 2118.06
369.72 503.41 679.93 1054.26 844.27 546.25
278.58 477.98 557.25 4419.82 1654.67 818.89
933.18 1348.2 2004.14 3410.62 3136.12 1845.53
573.29 767.86 997.5 1658.3 1900.37 1397.21
914.24 1379.95 2013.41 3347.2 2722.1 1696.43
511.08 670.58 832.27 1432.22 1515.42 1159.23
906.89 1352.41 2028.27 2979.53 2711.48 1705.97
780.83 1175.09 1670.51 3529.24 2802.72 1744.82
416.15 701.68 790.08 4261.46 1668.67 861.71
392.83 552.84 747.73 1592.24 1218.6 742.39
870.21 1287.5 1830.87 3209.36 2140.08 1274.12
927.81 1344.8 1876.06 3213.39 2419.38 1481.62
578.54 813.35 1054.71 2492.67 2150.36 1484.69
643.63 1037.7 1430.7 3968.79 2416.72 1427.72
348.1 485.08 692.89 985.37 902.96 593.79
418.58 647.7 803.0 3479.03 1582.24 956.26
579.12 847.77 1148.31 2965.97 1881.45 1118.72
106.03 251.14 151.33 4199.92 1061.64 420.39
625.64 895.47 1295.43 2144.82 1987.65 1274.17
372.53 666.25 563.71 4911.12 1450.84 679.09
851.11 1201.57 1782.27 2772.73 2511.24 1550.56
655.78 861.12 1058.05 1789.09 1766.59 1413.06
847.12 1225.52 1707.0 2767.29 2409.77 1567.59
943.46 1410.29 2107.04 3103.1 2781.81 1756.31
309.97 514.56 527.27 3465.53 1255.24 646.03
471.58 820.39 814.59 4085.02 1880.52 1049.95
685.9 994.41 1461.24 2237.59 2384.74 1546.15
543.55 740.83 1043.76 1643.27 1536.63 1014.2
835.02 1215.2 1871.26 2876.44 2518.69 1448.22
962.0 1398.0 2014.0 3173.0 2939.0 1816.0
69.0 191.5 59.0 4653.5 930.0 346.0
134.0 394.5 95.5 5146.0 1087.0 409.5
969.0 1403.0 2079.0 3181.0 3518.0 2279.0
155.0 368.0 123.0 5163.0 1156.0 447.0
89.8 263.8 87.2 4769.8 1060.5 381.0
971.0 1390.0 2115.5 3245.0 2879.5 1707.0
122.0 299.0 89.0 4632.0 914.0 354.0
72.0 203.8 71.8 4231.5 957.5 341.5
907.5 1325.5 2047.5 3151.5 2757.0 1579.5
948.0 1357.0 1978.0 3155.0 2462.0 1531.0
56.8 180.8 53.0 4412.8 873.5 325.0
119.5 322.5 80.5 4825.8 970.8 371.8
948.0 1376.0 2046.0 3146.0 2970.0 1921.0
911.0 1341.0 1922.0 3127.8 2196.5 1320.8
985.0 1493.5 2276.8 3372.5 3183.8 2033.8
76.2 218.5 55.5 4643.8 764.8 282.8
962.5 1390.0 1954.5 3151.5 2480.0 1527.0
959.5 1435.2 2145.2 3160.2 2832.8 1787.8
88.5 243.0 63.5 4918.0 903.5 321.0
978.0 1422.0 2105.0 3266.0 3199.0 2037.0
79.2 209.2 66.0 4931.0 970.2 374.0
222.2 574.0 104.8 5481.0 1198.8 463.2
992.0 1434.0 2127.0 3253.0 3849.0 2515.0
980.5 1432.2 2016.0 3245.2 2807.8 1800.2
966.0 1422.0 2112.0 3259.5 3477.0 2237.5
109.2 304.0 68.8 5231.2 1052.0 412.0
978.0 1434.0 2220.0 3640.0 4073.0 2397.0
81.5 229.5 75.0 4588.5 1023.0 369.5
937.0 1353.0 2081.0 3198.0 2826.0 1629.0
924.0 1316.0 1970.0 3207.0 2671.0 1584.0
102.5 315.2 89.5 4914.0 1200.8 467.0
980.0 1467.0 2194.0 3388.8 3736.5 2446.5
955.0 1376.0 2056.0 3368.0 3193.0 1885.0
977.5 1462.0 2197.0 3231.5 2940.0 1846.5
939.0 1381.8 2053.5 3176.2 3230.8 2074.0
265.0 540.0 222.0 5608.0 1151.0 427.0
83.0 265.0 84.5 4714.5 1156.5 420.5
245.0 494.0 207.0 5231.5 1090.0 397.0
304.0 635.0 236.5 5868.5 1229.5 464.5
138.0 335.0 114.0 4964.0 1063.0 407.0
53.8 244.8 74.8 4340.2 1057.2 381.2
420.0 524.0 584.0 1074.5 1187.0 988.0
504.0 642.0 731.0 1303.0 1494.0 1252.0
602.0 760.0 876.0 1507.0 1676.0 1432.5
100.0 100.0 100.0 100.0 100.0 100.0
