0.3177
0.9884
0.5674
0.2996
0.9735
0.2658
0.7528
0.0966
0.9532
0.8457
0.619
0.9052
0.795
0.6958
0.3588
0.425
0.6757
0.1873
0.6632
0.4379
0.2099
0.4463
0.5827
0.1201
0.9399
0.4204
0.0767
0.9535
0.6776
0.6111
0.3476
0.6741
0.5198
0.3714
0.4682
0.8843
0.3649
0.8637
0.7822
0.3973
0.5421
0.8436
0.9148
0.4794
0.2306
0.8893
0.5273
0.4818
0.9454
0.9204
0.4795
0.5742
0.9314
0.2137
0.567
0.1898
0.5707
0.3767
0.8898
0.3078
0.396
0.1347
0.0827
0.5556
0.2082
0.9473
0.4936
0.8081
0.5286
0.2419
0.3936
0.2325
0.2498
0.2292
0.3968
0.4968
0.593
0.4277
0.0976
0.4724
0.7662
0.8541
0.5431
0.5183
0.1952
0.7432
0.4243
0.9713
0.8516
0.6598
0.7771
0.2498
0.0916
0.4909
0.3137
0.6916
0.3805
0.1777
0.6263
0.2273
0.9982
0.1355
0.6727
0.7156
0.0436
0.9762
0.8709
0.1184
0.1839
0.888
0.5479
0.9547
0.3595
0.489
0.5896
0.7597
0.3437
0.4972
0.1619
0.8202
0.0862
0.8665
0.5256
0.3861
0.7778
0.6372
0.722
0.9798
0.1035
0.9054
0.6855
0.5695
0.9673
0.5314
0.1299
0.1172
0.9568
0.9796
0.4211
0.6104
0.712
0.5281
0.1973
0.5642
0.8734
0.8269
0.3342
0.8259
0.5004
0.1661
0.1854
0.8095
0.3092
0.7291
0.0999
0.9342
0.9529
0.6921
0.7941
0.19
0.6696
0.1934
0.4398
0.53
0.0374
0.8794
0.7885
0.8296
0.7956
0.9899
0.6168
0.8543
0.0967
0.4285
0.822
0.592
0.1018
0.2642
0.8849
0.3238
0.2405
0.9481
0.7093
0.2974
0.0634
0.6702
0.8134
0.3149
0.0043
0.2204
0.553
0.0114
0.6259
0.2263
0.0055
0.8359
0.5555
0.7402
0.5882
0.4426
0.7203
0.0772
0.0135
0.8477
0.9404
0.1339
0.1175
0.2062
0.911
0.2566
0.6808
0.0775
0.3082
0.6479
0.9672
0.9179
0.4251
0.6509
0.3954
0.3791
0.4065
0.2408
0.5341
0.265
0.9479
0.9945
0.0359
0.2397
0.7091
0.789
0.0653
0.4543
0.2531
0.4844
0.8828
0.5389
0.8037
0.3398
0.5101
0.2569
0.7376
0.1153
0.637
0.1522
0.4907
0.4318
0.3941
0.1305
0.6272
0.6282
0.9825
0.8065
0.9941
0.3254
0.5843
0.1203
0.4399
0.5439
0.1378
0.8575
0.5389
0.6678
0.7574
0.3822
0.8501
0.6716
0.9693
0.9309
0.5889
0.2142
0.491
0.9176
0.7189
0.8105
0.6549
0.49
0.0902
0.4856
0.7043
0.2768
0.3147
0.2947
0.0161
0.6796
0.4369
0.8419
0.1332
0.5151
0.0467
0.5689
0.2577
0.0499
0.9762
0.1085
0.7218
0.2237
0.4003
0.8612
0.9269
0.1205
0.4347
0.7011
0.782
0.3305
0.089
0.2759
0.6047
0.5169
0.1737
0.418
0.2724
0.9095
0.1792
0.2776
0.1955
0.6146
0.1517
0.3969
0.7001
0.6568
0.5681
0.9776
0.3302
0.1474
0.168
0.3373
0.6598
0.5276
0.5613
0.4441
0.6843
0.9747
0.9273
0.4871
0.1918
0.6978
0.5328
0.99
0.9544
0.0399
0.2783
0.1792
0.9798
0.2532
0.4561
0.8952
0.4455
0.706
0.045
0.8659
0.0472
0.6126
0.9644
0.9164
0.5286
0.5513
0.8268
0.0728
0.8354
0.8348
0.4726
0.582
0.7606
0.7566
0.5809
0.7348
0.6044
0.8341
0.7415
0.766
0.0683
0.2999
0.8234
0.8325
0.8225
0.8139
0.4924
0.6302
0.4777
0.1105
0.3367
0.916
0.178
0.7216
0.1152
0.0292
0.7251
0.054
0.37
0.7078
0.3049
0.1617
0.7844
0.3756
0.9986
0.4346
0.5752
0.7214
0.4517
0.619
0.4901
0.6921
0.0616
0.8473
0.0129
0.7715
0.8543
0.8915
0.611
0.9269
0.7247
0.9762
0.1252
0.1804
0.3555
0.73
0.2521
0.1497
0.9548
0.1151
0.6487
0.3465
0.1018
0.0609
0.4653
0.0887
0.3939
0.4642
0.169
0.3585
0.5756
0.6413
0.7991
0.1333
0.0636
0.5793
0.468
0.0051
0.357
0.0596
0.599
0.8438
0.436
0.6907
0.0311
0.7578
0.0345
0.8799
0.5364
0.1614
0.3817
0.8482
0.1069
0.8974
0.6141
0.7466
0.5162
0.3887
0.934
0.6364
0.3537
0.4471
0.7769
0.1307
0.1045
0.4547
0.0467
0.4509
0.8044
0.0965
0.7433
0.5456
0.6963
0.2625
0.7289
0.3221
0.81
0.6641
0.1615
0.3665
0.2039
0.8543
0.6419
0.3037
0.7728
0.0944
0.0616
0.6808
0.5478
0.6874
0.0129
0.4142
0.6451
0.8089
0.9916
0.5384
0.4676
0.7147
0.98
0.6377
0.4711
0.1588
0.927
0.787
0.1051
0.2326
0.9489
0.6744
0.9618
0.6557
0.2656
0.8925
0.9294
0.8863
0.048
0.0672
0.638
0.2625
0.4098
0.0766
0.6288
0.3339
0.2169
0.3157
0.4889
0.9829
0.3688
0.603
0.6744
0.8575
0.3009
0.1734
0.8232
0.4792
0.2299
0.5109
0.0192
0.4774
0.5888
0.9794
0.9516
0.9772
0.984
0.326
0.4347
0.5966
0.3646
0.1994
0.365
0.9237
0.4753
0.2196
0.7036
0.2834
0.4699
0.2096
0.3473
0.6474
0.0724
0.489
0.2609
0.6286
0.1129
0.2594
0.2413
0.6129
0.9026
0.9271
0.5364
0.1228
0.4516
0.3469
0.3714
0.5182
0.7698
0.5637
0.9985
0.8847
0.4639
0.3263
0.5353
0.6555
0.2849
0.7303
0.4136
0.3591
0.7912
0.0426
0.5412
0.2887
0.1125
0.7615
0.5407
0.254
0.7118
0.0595
0.7824
0.0198
0.8237
0.0797
0.4737
0.8902
0.0103
0.5235
0.1326
0.501
0.5969
0.6232
0.3099
0.7765
0.7174
0.3729
0.8124
0.4323
0.9855
0.7493
0.0768
0.8641
0.0967
0.94
0.0462
0.41
0.4376
0.9221
0.3584
0.0645
0.6426
0.4041
0.147
0.4529
0.3271
0.2967
0.6349
0.0598
0.6155
0.0847
0.3288
0.8791
0.1073
0.2386
0.1009
0.6891
0.1195
0.6942
0.0586
0.3368
0.1314
0.7633
0.6532
0.51
0.1876
0.6626
0.8837
0.2467
0.1447
0.5087
0.3972
0.7427
0.0931
0.8931
0.3226
0.6342
0.9621
0.3433
0.3405
0.7381
0.6682
0.0047
0.5112
0.6074
0.1482
0.1722
0.1381
0.2154
0.2314
0.7336
0.692
0.8387
0.4432
0.8378
0.1547
0.0773
0.2594
0.1884
0.5668
0.4787
0.1467
0.508
0.1482
0.6886
0.9213
0.2571
0.3352
0.8159
0.5253
0.6567
0.7943
0.3128
0.2555
0.5908
0.484
0.0896
0.2213
0.742
0.2322
0.9161
0.1813
0.7021
0.221
0.9883
0.6068
0.9118
0.8775
0.8738
0.7104
0.9472
0.15
0.8066
0.219
0.2181
0.5814
0.6423
0.5808
0.8756
0.273
0.6471
0.1665
0.0498
0.0057
0.6433
0.3677
0.4508
0.8018
0.4356
0.6239
0.243
0.9819
0.4263
0.0563
0.1716
0.3986
0.5455
0.5028
0.9039
0.9368
0.5015
0.4566
0.652
0.1107
0.505
0.7851
0.8233
0.127
0.2571
0.4817
0.1989
0.9341
0.519
0.3614
0.5528
0.7432
0.8696
0.7362
0.3536
0.7655
0.2449
0.3555
0.1527
0.5975
0.5872
0.9404
0.0822
0.0244
0.3034
0.0705
0.576
0.0302
0.2984
0.7286
0.8338
0.0335
0.1082
0.9706
0.8931
0.5502
0.8308
0.5065
0.2219
0.5267
0.4423
0.4822
0.3295
0.9557
0.7292
0.4563
0.6591
0.6847
0.3416
0.5356
0.7341
0.0385
0.6041
0.0793
0.0176
0.8944
0.81
0.7306
0.1491
0.5624
0.6715
0.0761
0.6042
0.3819
0.1442
0.3123
0.9399
0.4018
0.289
0.8898
0.0261
0.3581
0.8089
0.8175
0.9055
0.89
0.1204
0.9012
0.2118
0.9243
0.2569
0.089
0.1462
0.0615
0.3405
0.1995
0.7272
0.9865
0.0863
0.1544
0.7893
0.5844
0.41
0.063
0.9395
0.4367
0.3537
0.4723
0.7576
0.9025
0.0744
0.1773
0.6225
0.1555
0.1177
0.6485
0.9846
0.1339
0.3708
0.7281
0.0988
0.9865
0.22
0.5144
0.1474
0.2609
0.2247
0.1201
0.8052
0.4453
0.5089
0.521
0.8551
0.3131
0.894
0.6893
0.3544
0.544
0.8962
0.8485
0.3714
0.6892
0.9107
0.8663
0.9249
0.7252
0.4306
0.3928
0.2759
0.8662
0.1934
0.2643
0.2783
0.0514
0.8957
0.4134
0.4195
0.1537
0.4416
0.691
0.9963
0.5618
0.5038
0.0585
0.6353
0.0046
0.8235
0.9967
0.0209
0.0906
0.6828
0.8006
0.6626
0.6701
0.7681
0.4723
0.6244
0.6972
0.3607
0.6332
0.4035
0.7175
0.276
0.7644
0.7729
0.2565
0.1012
0.171
0.0495
0.7031
0.5006
0.3628
0.3754
0.5939
0.3795
0.2502
0.8672
0.7055
0.2992
0.4793
0.5223
0.3585
0.8464
0.1028
0.5472
0.9803
0.1327
0.3751
0.8143
0.6505
0.1314
0.59
0.3996
0.9928
0.0411
0.228
0.3714
0.0962
0.724
0.4675
0.8256
0.8758
0.9677
0.8933
0.6357
0.9902
0.9239
0.7087
0.8165
0.3073
0.2653
0.0824
0.8316
0.8051
0.5161
0.2372
0.4906
0.772
0.9227
0.9832
0.0569
0.6074
0.5839
0.7825
0.2425
0.5192
0.589
0.2773
0.0963
0.2141
0.1914
0.4989
0.4409
0.6997
0.9802
0.7833
0.8732
0.2756
0.3237
0.2538
0.2729
0.0
1.0
1.0
0.0
1.0
1.0
0.0
1.0
1.0
0.0
0.0
1.0
1.0
0.0
0.0
0.0
1.0
0.0
0.0
1.0
0.0
1.0
1.0
0.0
0.0
0.0
1.0
0.0
1.0
0.0
0.0
1.0
0.0
0.0
0.0
0.0
1.0
1.0
1.0
1.0
1.0
1.0
0.0
0.0
0.0
0.0
