0.442
0.5461
0.6935
0.2624
0.3386
0.3266
0.4394
0.9165
0.669
0.1721
0.6377
0.6855
0.7843
0.7749
0.8541
0.237
0.3487
0.095
0.7807
0.5163
0.9997
0.7461
0.6569
0.3878
0.6482
0.7413
0.7326
0.7548
0.4227
0.1614
0.2885
0.5247
0.062
0.8009
0.447
0.0356
0.428
0.3639
0.1253
0.5986
0.932
0.3354
0.0967
0.1758
0.9919
0.3037
0.2613
0.6653
0.921
0.1591
0.0929
0.4089
0.3582
0.796
0.9391
0.2417
0.4439
0.626
0.6103
0.5529
0.3769
0.3214
0.4726
0.9281
0.3095
0.152
0.4355
0.345
0.047
0.4597
0.7351
0.8886
0.3447
0.8771
0.4941
0.9494
0.5431
0.6347
0.535
0.8206
0.9231
0.9755
0.4319
0.3773
0.3254
0.7851
0.0685
0.493
0.0266
0.6942
0.0008
0.3083
0.9595
0.3439
0.8946
0.9422
0.3065
0.6064
0.6659
0.3038
0.223
0.4178
0.7644
0.2334
0.63
0.4285
0.0857
0.8569
0.6624
0.0386
0.0074
0.9959
0.8175
0.0549
0.677
0.6805
0.6067
0.7162
0.4845
0.7728
0.5265
0.2092
0.5957
0.6416
0.7433
0.6743
0.9404
0.5605
0.4734
0.9547
0.4564
0.3441
0.2706
0.7214
0.5593
0.749
0.3877
0.9424
0.1481
0.6095
0.6007
0.4378
0.3269
0.2277
0.0939
0.3075
0.9444
0.6969
0.6543
0.9076
0.9685
0.2782
0.492
0.4318
0.4237
0.4077
0.7532
0.0479
0.6775
0.7768
0.9447
0.0129
0.1192
0.9585
0.7309
0.1123
0.8102
0.4764
0.3395
0.9252
0.4636
0.4217
0.0333
0.941
0.5886
0.4533
0.8373
0.1395
0.1966
0.1126
0.7912
0.7265
0.5414
0.1445
0.517
0.8452
0.8151
0.0122
0.6107
0.3174
0.9196
0.4679
0.9747
0.7391
0.9489
0.5937
0.9114
0.0489
0.2198
0.0073
0.8313
0.4804
0.9154
0.38
0.1088
0.1911
0.2141
0.7517
0.5815
0.2979
0.9697
0.1534
0.2933
0.6245
0.2494
0.8839
0.2948
0.3381
0.5685
0.6968
0.8739
0.2965
0.0668
0.8397
0.9382
0.0758
0.8184
0.962
0.6524
0.9933
0.9589
0.8945
0.9021
0.2857
0.7233
0.5372
0.1772
0.6468
0.2874
0.931
0.1024
0.3585
0.426
0.5263
0.3404
0.4985
0.7424
0.1634
0.6256
0.7118
0.7401
0.723
0.8518
0.3207
0.7746
0.6837
0.1349
0.4897
0.5692
0.5861
0.9351
0.8834
0.3528
0.6186
0.7079
0.2084
0.8319
0.4723
0.3167
0.045
0.2414
0.0883
0.3091
0.1849
0.192
0.0836
0.1854
0.1938
0.8725
0.0154
0.4296
0.5064
0.3734
0.3792
0.9143
0.5722
0.6132
0.565
0.3277
0.0964
0.9758
0.4085
0.6768
0.8105
0.0527
0.6877
0.1939
0.0371
0.9717
0.2017
0.5896
0.2623
0.1368
0.1167
0.9044
0.7093
0.6426
0.7221
0.8135
0.1248
0.3256
0.3653
0.2099
0.7444
0.0815
0.4422
0.8313
0.3468
0.0575
0.7591
0.0644
0.5488
0.8965
0.757
0.1339
0.0177
0.5732
0.0212
0.244
0.8731
0.461
0.1489
0.8121
0.4286
0.7578
0.4705
0.8472
0.9783
0.1448
0.8869
0.046
0.6286
0.0723
0.6772
0.8103
0.7006
0.7977
0.3229
0.1274
0.6841
0.7529
0.8456
0.5611
0.9437
0.3884
0.1475
0.8237
0.7902
0.5551
0.8367
0.4829
0.3798
0.5075
0.131
0.7824
0.8679
0.5563
0.1591
0.2705
0.3469
0.6163
0.4674
0.8825
0.4995
0.716
0.2848
0.4892
0.8609
0.6899
0.4027
0.9936
0.5894
0.5995
0.7154
0.6896
0.8644
0.4491
0.3222
0.2005
0.8332
0.5801
0.3839
0.4321
0.6764
0.5331
0.403
0.8533
0.1191
0.251
0.0284
0.3308
0.7113
0.4667
0.4672
0.7372
0.7668
0.2587
0.4684
0.6562
0.516
0.96
0.8424
0.3581
0.5928
0.5653
0.1722
0.3949
0.428
0.7659
0.3066
0.2272
0.7796
0.4941
0.7218
0.4954
0.4296
0.6457
0.5772
0.5254
0.011
0.0721
0.5719
0.6373
0.4346
0.3624
0.4085
0.8894
0.684
0.6625
0.2099
0.1368
0.7352
0.6652
0.1901
0.35
0.6198
0.4181
0.9664
0.9219
0.8376
0.8609
0.1592
0.5881
0.0824
0.8675
1.0
0.8749
0.4516
0.1291
0.5248
0.575
0.7615
0.6524
0.8188
0.4655
0.9279
0.2133
0.5048
0.5564
0.4849
0.2435
0.2751
0.9188
0.6682
0.9921
0.8539
0.9569
0.9117
0.3267
0.5671
0.2879
0.7098
0.6615
0.8292
0.4608
0.7877
0.7157
0.5044
0.1504
0.4136
0.2097
0.4589
0.3037
0.1357
0.6728
0.883
0.0823
0.9733
0.6042
0.6917
0.4932
0.4897
0.1627
0.0633
0.6133
0.4622
0.1033
0.9496
0.8422
0.1102
0.7938
0.7567
0.0035
0.1046
0.5373
0.3869
0.1425
0.2269
0.1529
0.6588
0.5272
0.2642
0.9295
0.5728
0.6948
0.5786
0.8563
0.5671
0.5932
0.0289
0.4182
0.4192
0.5279
0.345
0.4238
0.2664
0.3308
0.225
0.6718
0.2078
0.1699
0.7491
0.9552
0.2652
0.8034
0.3773
0.1036
0.7924
0.3434
0.9509
0.9979
0.5199
0.5728
0.1827
0.238
0.5529
0.1032
0.2718
0.405
0.7117
0.4171
0.6325
0.3883
0.3529
0.5759
0.2882
0.8279
0.09
0.218
0.3147
0.0942
0.0306
0.6537
0.0421
0.5786
0.6754
0.406
0.2572
0.3655
0.9518
0.0282
0.2597
0.156
0.0857
0.7719
0.0501
0.8159
0.6833
0.3541
0.3713
0.7917
0.4864
0.2371
0.6548
0.4047
0.4511
0.6054
0.7708
0.2394
0.6291
0.5329
0.3016
0.9097
0.3952
0.6857
0.0126
0.236
0.7014
0.6024
0.9238
0.057
0.678
0.0985
0.9115
0.4942
0.7881
0.895
0.9243
0.7839
0.4866
0.4353
0.0243
0.8797
0.5578
0.1082
0.6187
0.1837
0.3585
0.751
0.7896
0.1119
0.9622
0.1551
0.4346
0.0189
0.7813
0.2569
0.6711
0.6666
0.6145
0.6636
0.0389
0.4156
0.2768
0.8699
0.9022
0.904
0.0315
0.8991
0.0689
0.5025
0.7223
0.7681
0.3576
0.665
0.0969
0.5842
0.7404
0.6447
0.1996
0.0499
0.4762
0.3555
0.5318
0.2862
0.5904
0.812
0.4476
0.1859
0.6639
0.242
0.4302
0.0106
0.6603
0.0733
0.3745
0.5351
0.1098
0.2878
0.307
0.9007
0.7533
0.7207
0.687
0.2174
0.1269
0.2907
0.6219
0.5902
0.3427
0.1478
0.0387
0.6239
0.9193
0.5172
0.6463
0.9238
0.5982
0.4971
0.9378
0.2446
0.8074
0.8578
0.9801
0.7351
0.454
0.9757
0.9087
0.4084
0.191
0.5359
0.0111
0.375
0.4299
0.6323
0.5658
0.4896
0.392
0.9653
0.5118
0.5612
0.0098
0.5183
0.1367
0.6201
0.745
0.4384
0.9542
0.0229
0.9547
0.9142
0.9729
0.0678
0.4026
0.8569
0.3259
0.9854
0.6146
0.5621
0.2682
0.0876
0.607
0.2864
0.1369
0.2185
0.4591
0.5991
0.8645
0.5692
0.3008
0.1033
0.9898
0.9547
0.5064
0.1587
0.8598
0.9793
0.7327
0.7666
0.2825
0.0517
0.6844
0.9982
0.7232
0.5868
0.5614
0.0323
0.9091
0.729
0.6072
0.6851
0.4526
0.8685
0.417
0.5874
0.5898
0.5046
0.7622
0.7894
0.7118
0.8365
0.1902
0.505
0.8217
0.5519
0.2064
0.9916
0.1632
0.1341
0.882
0.4683
0.4629
0.4103
0.0256
0.5552
0.3146
0.5157
0.5216
0.5811
0.6027
0.0305
0.904
0.733
0.4982
0.9108
0.3981
0.8809
0.7987
0.7063
0.3214
0.5217
0.3013
0.5677
0.9592
0.3118
0.4118
0.6683
0.5632
0.0111
0.3943
0.3758
0.9894
0.8124
0.9519
0.6943
0.4544
0.4634
0.2471
0.1584
0.1271
0.2716
0.249
0.356
0.4342
0.7026
0.8451
0.2008
0.1762
0.4117
0.8392
0.1429
0.438
0.8721
0.4262
0.7467
0.1001
0.2244
0.5115
0.5166
0.7755
0.1693
0.9609
0.2382
0.6579
0.5085
0.591
0.1639
0.8321
0.4597
0.4344
0.5127
0.3346
0.6687
0.0869
0.7943
0.5696
0.1003
0.8222
0.7935
0.4212
0.2638
0.6647
0.4579
0.331
0.6501
0.8635
0.0459
0.7425
0.9999
0.1082
0.0695
0.5539
0.1243
0.8359
0.7944
0.1299
0.153
0.1364
0.7119
0.028
0.8604
0.6656
0.51
0.3778
0.0057
0.5076
0.5717
0.7759
0.1335
0.1391
0.9234
0.3592
0.8024
0.3275
0.3905
0.9855
0.3824
0.8151
0.9494
0.5313
0.3739
0.9028
0.4598
0.7406
0.6567
0.416
0.0079
0.297
0.8415
0.0487
0.6995
0.7531
0.2907
0.813
0.4996
0.6689
0.5702
0.9187
0.3578
0.9375
0.2127
0.4038
0.6973
0.4924
0.424
0.5549
0.6317
0.6637
0.841
0.5179
0.919
0.8855
0.1344
0.323
0.762
0.6627
0.7444
0.7032
0.0815
0.7381
0.8764
0.5174
0.2185
0.5833
0.4475
0.1202
0.5943
0.929
0.7224
0.3549
0.1269
0.9206
0.4872
0.4167
0.9805
0.6796
0.8775
0.8351
0.9086
0.4743
0.2839
0.7404
0.9359
0.2053
0.6708
0.9526
0.7388
0.7084
0.686
0.9654
0.5109
0.171
0.9821
0.2092
0.1862
0.5345
0.4851
0.812
0.3728
0.0163
0.2305
0.1086
0.5076
0.4871
0.5014
0.3583
0.4887
0.3429
0.0136
0.1019
1.0
0.0
0.0
1.0
0.0
0.0
1.0
0.0
0.0
1.0
1.0
0.0
0.0
1.0
1.0
1.0
0.0
1.0
1.0
0.0
1.0
0.0
0.0
1.0
1.0
1.0
0.0
1.0
0.0
1.0
1.0
0.0
1.0
1.0
1.0
1.0
0.0
0.0
0.0
0.0
0.0
0.0
0.0
0.0
0.0
0.0
0.0
0.0
0.0
0.0
0.0
0.0
0.0
0.0
0.0
0.0
0.0
0.0
0.0
0.0
0.0
0.0
0.0
0.0
0.0
0.0
0.0
0.0
0.0
0.0
0.0
0.0
0.0
0.0
0.0
0.0
0.0
0.0
0.0
0.0
0.0
0.0
0.0
0.0
0.0
0.0
0.0
0.0
0.0
0.0
0.0
0.0
0.0
0.0
0.0
0.0
0.0
0.0
0.0
0.0
0.0
0.0
0.0
0.0
0.0
0.0
0.0
0.0
0.0
0.0
0.0
0.0
0.0
0.0
0.0
0.0
0.0
0.0
0.0
0.0
0.0
0.0
0.0
0.0
0.0
0.0
0.0
0.0
0.0
0.0
0.0
0.0
0.0
0.0
0.0
0.0
0.0
0.0
0.0
0.0
0.0
0.0
0.0
0.0
0.0
0.0
0.0
0.0
0.0
0.0
0.0
0.0
0.0
0.0
0.0
0.0
0.0
0.0
0.0
0.0
0.0
0.0
0.0
0.0
0.0
0.0
0.0
0.0
0.0
0.0
0.0
0.0
0.0
0.0
0.0
0.0
0.0
0.0
0.0
0.0
0.0
0.0
0.0
0.0
0.0
0.0
0.0
0.0
0.0
0.0
0.0
0.0
0.0
0.0
0.0
0.0
0.0
0.0
0.0
0.0
0.0
0.0
0.0
0.0
0.0
0.0
0.0
0.0
0.0
0.0
0.0
0.0
0.0
0.0
0.0
0.0
0.0
0.0
0.0
0.0
0.0
0.0
0.0
0.0
0.0
0.0
0.0
0.0
0.0
0.0
0.0
0.0
0.0
0.0
0.0
0.0
0.0
0.0
0.0
0.0
0.0
0.0
0.0
0.0
