0.7434
0.0095
0.1627
0.3345
0.6374
0.0555
0.2538
0.273
0.1369
0.1206
0.3776
0.2195
0.7541
0.5416
0.3377
0.3222
0.9617
0.6251
0.2131
0.0246
0.4409
0.5797
0.8483
0.7514
0.2944
0.8254
0.4196
0.2778
0.1897
0.3098
0.6551
0.6348
0.6658
0.8981
0.514
0.9031
0.865
0.6046
0.2793
0.3492
0.5526
0.2379
0.9021
0.0714
0.882
0.5294
0.6032
0.9332
0.5162
0.9436
0.0448
0.2933
0.3705
0.1009
0.5001
0.5661
0.0944
0.6237
0.5636
0.7908
0.3338
0.7371
0.286
0.3577
0.0948
0.6759
0.122
0.8616
0.9616
0.1632
0.4139
0.1641
0.9941
0.0688
0.2754
0.3504
0.3874
0.0559
0.327
0.6701
0.2284
0.0434
0.5451
0.5092
0.2016
0.9232
0.4292
0.2252
0.2396
0.7403
0.4371
0.2142
0.3045
0.1317
0.9764
0.7372
0.2138
0.6741
0.82
0.134
0.2684
0.2856
0.7851
0.7544
0.1808
0.5394
0.1364
0.4248
0.3832
0.4198
0.8078
0.6077
0.611
0.1008
0.9906
0.7957
0.1498
0.3356
0.572
0.3208
0.8762
0.2936
0.4057
0.2573
0.8798
0.8964
0.949
0.479
0.7482
0.5943
0.4292
0.8294
0.8567
0.7759
0.8795
0.2444
0.4603
0.0079
0.9682
0.1485
0.2533
0.4025
0.814
0.4878
0.2432
0.0547
0.371
0.1625
0.1414
0.98
0.0731
0.881
0.1023
0.9775
0.7979
0.3027
0.153
0.4608
0.0245
0.7702
0.0806
0.644
0.9539
0.5556
0.1095
0.2047
0.1459
0.2337
0.2204
0.4538
0.6153
0.8658
0.1449
0.4668
0.8957
0.3165
0.4957
0.5343
0.2493
0.5567
0.8984
0.5109
0.5283
0.7772
0.2875
0.8888
0.4501
0.9351
0.7711
0.0148
0.2
0.791
0.5668
0.0611
0.0968
0.5155
0.2367
0.6737
0.702
0.6644
0.1216
0.3324
0.5881
0.5456
0.0151
0.5764
0.4021
0.2062
0.4598
0.6877
0.9188
0.4545
0.6565
0.1434
0.5196
0.1612
0.4706
0.9254
0.2153
0.7311
0.1153
0.1497
0.8241
0.3893
0.5212
0.9497
0.2799
0.4758
0.7895
0.9769
0.6568
0.8091
0.6471
0.5728
0.3445
0.2562
0.0651
0.8475
0.1493
0.2476
0.8882
0.0812
0.7204
0.9854
0.4845
0.7293
0.8403
0.6618
0.9513
0.8881
0.0134
0.9629
0.9176
0.0132
0.9999
0.4014
0.0249
0.0889
0.8253
0.2352
0.6746
0.438
0.3419
0.7028
0.0268
0.2608
0.5907
0.1605
0.4377
0.9894
0.0225
0.1126
0.2535
0.7469
0.1249
0.4575
0.1523
0.9068
0.9751
0.2294
0.9602
0.0529
0.2937
0.2317
0.9546
0.6645
0.4778
0.5875
0.2994
0.8233
0.1065
0.9354
0.3752
0.8611
0.3312
0.3442
0.8596
0.6991
0.5291
0.1993
0.7664
0.8299
0.6754
0.9494
0.1504
0.0256
0.8847
0.0572
0.9315
0.6813
0.3898
0.8562
0.4584
0.8332
0.1008
0.2046
0.6011
0.3849
0.4109
0.3459
0.0289
0.6892
0.5845
0.3744
0.0453
0.1779
0.4111
0.8608
0.7812
0.7035
0.055
0.2951
0.2083
0.7034
0.4715
0.9059
0.3986
0.0347
0.8381
0.568
0.4422
0.7332
0.01
0.4632
0.5795
0.5937
0.6749
0.5761
0.0513
0.357
0.4257
0.2098
0.3898
0.6059
0.6041
0.9711
0.8957
0.6491
0.6292
0.7825
0.0177
0.9603
0.3939
0.1148
0.6308
0.6595
0.367
0.9953
0.944
0.8752
0.1393
0.3524
0.0592
0.6003
0.1014
0.3722
0.5616
0.2027
0.8933
0.9573
0.6134
0.8249
0.7652
0.2908
0.6236
0.3858
0.2499
0.6261
0.818
0.809
0.5994
0.801
0.6294
0.7064
0.6551
0.4185
0.427
0.5627
0.0267
0.2385
0.3047
0.7944
0.2161
0.933
0.2023
0.4585
0.0207
0.3584
0.4493
0.5627
0.5351
0.5821
0.2445
0.8368
0.2806
0.5194
0.0681
0.4454
0.0183
0.8371
0.2978
0.5584
0.9351
0.0009
0.5072
0.1667
0.4332
0.9317
0.535
0.0311
0.281
0.1252
0.7942
0.4935
0.147
0.0906
0.6435
0.019
0.3887
0.3737
0.9257
0.97
0.8522
0.6738
0.1207
0.2512
0.5148
0.5459
0.9187
0.2766
0.7878
0.5451
0.6661
0.482
0.6683
0.9694
0.3445
0.7513
0.7565
0.8191
0.9118
0.5272
0.5019
0.2875
0.9929
0.3076
0.151
0.0192
0.1119
0.6011
0.9604
0.196
0.8018
0.1491
0.512
0.4921
0.0974
0.0351
0.9965
0.8277
0.1751
0.0876
0.9835
0.987
0.2327
0.0163
0.0684
0.355
0.4067
0.1071
0.7701
0.88
0.0772
0.947
0.3633
0.0992
0.5005
0.8995
0.1591
0.401
0.1188
0.3745
0.7201
0.2231
0.8713
0.7473
0.3032
0.6329
0.0515
0.2225
0.5612
0.2668
0.9757
0.3438
0.3392
0.5774
0.2089
0.9932
0.3777
0.4813
0.2724
0.5173
0.7301
0.3042
0.827
0.8429
0.6462
0.76
0.3692
0.2075
0.9185
0.3966
0.129
0.545
0.5191
0.0676
0.1738
0.1356
0.1618
0.1851
0.6181
0.6426
0.1631
0.5182
0.4231
0.7032
0.1731
0.399
0.8201
0.4667
0.821
0.7019
0.2868
0.7067
0.2852
0.2646
0.4222
0.3682
0.0909
0.9092
0.4923
0.0696
0.9561
0.8833
0.6549
0.6055
0.4189
0.3606
0.5447
0.7555
0.8612
0.6771
0.91
0.6876
0.1707
0.8909
0.799
0.1787
0.4744
0.0095
0.4375
0.6634
0.2164
0.6021
0.6062
0.3962
0.1146
0.2399
0.9553
0.485
0.3471
0.6076
0.6943
0.6921
0.538
0.4351
0.5846
0.9093
0.3785
0.2081
0.8858
0.8245
0.3096
0.1128
0.3416
0.8154
0.088
0.7218
0.0389
0.42
0.9373
0.0784
0.6903
0.4959
0.3778
0.093
0.1177
0.2478
0.5407
0.8138
0.8821
0.6205
0.7508
0.7538
0.0007
0.8918
0.401
0.8315
0.8676
0.293
0.7536
0.2841
0.3982
0.0325
0.8082
0.1393
0.5542
0.1095
0.5412
0.6412
0.9786
0.5904
0.0507
0.2022
0.3516
0.9565
0.6197
0.5834
0.0571
0.3141
0.6975
0.6397
0.8145
0.8947
0.6053
0.8342
0.8136
0.0272
0.6563
0.4443
0.6355
0.5459
0.9285
0.9894
0.2186
0.1658
0.4082
0.9187
0.8207
0.9629
0.2429
0.4374
0.941
0.1544
0.2382
0.4249
0.1851
0.6046
0.9004
0.1243
0.9996
0.7576
0.9035
0.2689
0.4018
0.8066
0.3137
0.1397
0.6064
0.0713
0.2451
0.7477
0.487
0.1429
0.7701
0.5082
0.6858
0.0782
0.5113
0.4741
0.6902
0.4799
0.7333
0.0991
0.3175
0.0293
0.199
0.7661
0.7305
0.9637
0.4557
0.9081
0.7517
0.0714
0.8563
0.9013
0.4005
0.0971
0.24
0.7952
0.4041
0.5011
0.0385
0.2177
0.7546
0.4915
0.8906
0.0369
0.4915
0.6986
0.1968
0.731
0.9152
0.0679
0.7537
0.6679
0.521
0.9796
0.6419
0.8897
0.0708
0.5275
0.8038
0.7183
0.2312
0.9368
0.7631
0.5688
0.7598
0.161
0.5859
0.5179
0.2697
0.1326
0.3832
0.0852
0.6203
0.2038
0.2337
0.3142
0.0633
0.9387
0.8535
0.4498
0.0101
0.1008
0.9803
0.3448
0.2059
0.3084
0.2106
0.5568
0.4084
0.1545
0.9943
0.8375
0.7652
0.3301
0.1077
0.1672
0.9597
0.9327
0.9925
0.1743
0.7034
0.9142
0.4466
0.5145
0.5657
0.8563
0.5141
0.467
0.8431
0.6905
0.7639
0.6858
0.8306
0.4914
0.2781
0.701
0.0764
0.7907
0.9897
0.111
0.3604
0.4368
0.5087
0.2307
0.121
0.8873
0.8773
0.2466
0.1421
0.196
0.0082
0.2139
0.5316
0.4121
0.6207
0.9198
0.4465
0.6262
0.997
0.2354
0.4802
0.0519
0.8168
0.205
0.4092
0.9784
0.7403
0.9388
0.398
0.4704
0.3759
0.9356
0.9476
0.0775
0.1259
0.7966
0.3837
0.1528
0.1399
0.3121
0.5216
0.7755
0.8031
0.4371
0.8025
0.7655
0.0136
0.765
0.9297
0.7336
0.1894
0.2239
0.2337
0.9828
0.4513
0.34
0.7964
0.9276
0.216
0.2347
0.5518
0.2474
0.2305
0.0571
0.4821
0.1863
0.1172
0.362
0.4375
0.7237
0.9122
0.9803
0.7907
0.7685
0.8441
0.4534
0.04
0.2893
0.2204
0.081
0.6535
0.6331
0.7847
0.1082
0.7451
0.4853
0.4153
0.1454
0.8623
0.7526
0.9309
0.6846
0.4647
0.1527
0.7916
0.3459
0.5997
0.4759
0.0281
0.8753
0.9576
0.8474
0.2394
0.1443
0.5692
0.1192
0.8573
0.9018
0.2713
0.068
0.7667
0.1526
0.9218
0.2831
0.7186
0.1646
0.3381
0.5345
0.1026
0.3509
0.9316
0.2864
0.8769
0.6004
0.2574
0.8856
0.4344
0.1823
0.2519
0.8084
0.7705
0.276
0.6872
0.3473
0.1713
0.6311
0.085
0.9276
0.8595
0.6583
0.1139
0.3643
0.7544
0.6034
0.2265
0.2697
0.8469
0.9653
0.8032
0.4354
0.7915
0.1192
0.8013
0.0
0.3952
0.7048
0.3716
0.2283
0.8678
0.9386
0.3481
0.4715
0.8692
0.8409
0.9842
0.8022
0.5087
0.8842
0.2877
0.6379
0.5745
0.0565
0.5731
0.829
0.2863
0.145
0.5829
0.8954
0.2566
0.7757
0.6488
0.5539
0.1896
0.2455
0.0302
0.5474
0.4285
0.5972
0.866
0.3563
0.9946
0.1414
0.8639
0.5628
0.2236
0.5224
1.0
0.0
0.0
1.0
0.0
0.0
1.0
0.0
0.0
1.0
1.0
0.0
0.0
1.0
1.0
1.0
0.0
1.0
1.0
0.0
1.0
0.0
0.0
1.0
1.0
1.0
0.0
1.0
0.0
1.0
1.0
0.0
1.0
1.0
1.0
1.0
0.0
0.0
0.0
0.0
0.0
0.0
0.0
0.0
0.0
0.0
