0.3337
0.3439
0.3407
0.4511
0.4618
0.9547
0.9209
0.913
0.7251
0.9909
0.8694
0.2256
0.0672
0.5102
0.0874
0.837
0.1635
0.1287
0.2203
0.1752
0.1796
0.9745
0.8459
0.1235
0.9388
0.2402
0.1288
0.0234
0.6416
0.4506
0.767
0.6371
0.3658
0.2188
0.9133
0.5382
0.2516
0.5881
0.1176
0.0183
0.0024
0.7016
0.6422
0.7749
0.5669
0.6086
0.5957
0.9562
0.5339
0.565
0.5359
0.5178
0.5419
0.983
0.8227
0.6594
0.1732
0.5758
0.0054
0.4475
0.7529
0.0651
0.5824
0.7913
0.2535
0.9419
0.439
0.4069
0.4238
0.199
0.9447
0.1466
0.9246
0.8548
0.6737
0.5296
0.4443
0.1873
0.1556
0.3132
0.9242
0.4406
0.0826
0.4711
0.8631
0.6604
0.9042
0.3989
0.0469
0.8836
0.8846
0.4092
0.4399
0.844
0.4487
0.2693
0.2638
0.0025
0.5529
0.1348
0.2005
0.5963
0.0208
0.502
0.7529
0.2615
0.7336
0.9189
0.0073
0.7906
0.3105
0.5585
0.7032
0.2616
0.6619
0.548
0.9039
0.9556
0.9546
0.4657
0.8286
0.9455
0.827
0.8313
0.334
0.2163
0.2336
0.4076
0.0102
0.0258
0.1498
0.9675
0.3298
0.453
0.8316
0.7357
0.1754
0.1178
0.0409
0.0268
0.6534
0.9268
0.8304
0.2924
0.103
0.7196
0.6255
0.9867
0.0922
0.2161
0.0995
0.9774
0.5036
0.2573
0.6549
0.6764
0.513
0.4607
0.1394
0.1117
0.4077
0.2646
0.6313
0.4905
0.1072
0.9661
0.7114
0.5005
0.2399
0.0705
0.9829
0.2962
0.238
0.9688
0.7524
0.1291
0.7353
0.2564
0.9375
0.3853
0.4442
0.9547
0.2122
0.45
0.785
0.1362
0.4536
0.5624
0.0617
0.5551
0.7057
0.6143
0.5248
0.7746
0.632
0.9062
0.5289
0.1289
0.8436
0.8279
0.8229
0.8797
0.3864
0.8012
0.9054
0.4804
0.5561
0.8545
0.7791
0.6952
0.3095
0.2881
0.2404
0.2055
0.7722
0.9562
0.1079
0.8594
0.1851
0.1327
0.7478
0.2155
0.0492
0.6346
0.5805
0.0403
0.1761
0.9387
0.7843
0.1256
0.1872
0.3023
0.1253
0.4086
0.1624
0.074
0.0769
0.7207
0.8011
0.3848
0.9138
0.6974
0.5104
0.8099
0.0652
0.796
0.0582
0.532
0.9873
0.1714
0.5231
0.4061
0.7552
0.9489
0.4478
0.1369
0.034
0.8023
0.9699
0.8837
0.9547
0.7347
0.5319
0.5857
0.271
0.7388
0.1161
0.675
0.5838
0.2625
0.4005
0.4677
0.2521
0.0135
0.6826
0.4317
0.9362
0.6295
0.592
0.9629
0.5461
0.6799
0.9901
0.4158
0.5253
0.5922
0.867
0.7797
0.6517
0.2519
0.2179
0.8627
0.978
0.0963
0.9282
0.381
0.0993
0.6476
0.7316
0.0537
0.0483
0.843
0.2184
0.9055
0.1811
0.9007
0.3691
0.7253
0.1492
0.9625
0.6604
0.4212
0.1449
0.2154
0.3515
0.1913
0.3877
0.6027
0.3902
0.0167
0.3029
0.6735
0.1256
0.7575
0.0652
0.1663
0.0288
0.2971
0.8155
0.7846
0.2562
0.4332
0.0474
0.8905
0.6417
0.0339
0.8835
0.4018
0.1605
0.842
0.8589
0.8592
0.4412
0.6092
0.2307
0.3458
0.1503
0.1696
0.7108
0.8899
0.3311
0.7984
0.7217
0.6202
0.0701
0.6557
0.0183
0.0543
0.7276
0.5744
0.8108
0.0146
0.1461
0.6956
0.3768
0.7777
0.5936
0.1218
0.52
0.7202
0.9914
0.1388
0.1856
0.245
0.5992
0.7343
0.4392
0.7957
0.849
0.542
0.107
0.7302
0.6849
0.668
0.6016
0.9397
0.1471
0.7281
0.2211
0.4477
0.5683
0.4619
0.1582
0.3676
0.4729
0.0819
0.0386
0.4317
0.948
0.368
0.8922
0.762
0.7457
0.6283
0.879
0.3936
0.596
0.0345
0.0767
0.8614
0.4858
0.3078
0.3256
0.3553
0.8181
0.7388
0.1371
0.695
0.7208
0.7972
0.7991
0.2078
0.8011
0.897
0.3607
0.1048
0.7592
0.9858
0.5181
0.6307
0.5164
0.7466
0.5374
0.0978
0.246
0.9969
0.957
0.1429
0.7546
0.1029
0.6706
0.997
0.3833
0.5721
0.108
0.9416
0.0065
0.0359
0.0855
0.3431
0.9745
0.2216
0.8237
0.3227
0.0249
0.181
0.9893
0.6951
0.1719
0.7829
0.2354
0.0838
0.7574
0.3633
0.4088
0.0397
0.7516
0.7854
0.7125
0.8443
0.6639
0.708
0.1797
0.7792
0.3883
0.3691
0.2049
0.4385
0.306
0.9125
0.3344
0.5249
0.1495
0.2967
0.7558
0.259
0.2031
0.0792
0.1816
0.8248
0.8848
0.7612
0.7791
0.9179
0.2721
0.3306
0.8376
0.3799
0.4792
0.7559
0.5944
0.0002
0.1957
0.4803
0.8244
0.1858
0.2189
0.2884
0.4671
0.1225
0.3359
0.1215
0.9902
0.6139
0.4376
0.2391
0.612
0.6555
0.4105
0.8407
0.4672
0.7135
0.8525
0.9324
0.3382
0.0004
0.9909
0.467
0.2664
0.9242
0.418
0.7066
0.6458
0.249
0.7888
0.8224
0.0561
0.0925
0.0992
0.9862
0.8462
0.9692
0.3778
0.6627
0.5467
0.4904
0.2934
0.1609
0.0024
0.4789
0.4709
0.7624
0.1626
0.4763
0.2043
0.9248
0.0321
0.2728
0.1155
0.3933
0.5029
0.3688
0.4766
0.2822
0.8722
0.0147
0.169
0.4793
0.8101
0.7006
0.984
0.8877
0.7724
0.2851
0.7567
0.2889
0.1249
0.0645
0.3954
0.5683
0.2788
0.6771
0.3329
0.3081
0.334
0.2486
0.857
0.8296
0.533
0.3699
0.8875
0.7907
0.7583
0.5762
0.66
0.2083
0.5466
0.2181
0.6871
0.2279
0.502
0.4262
0.5177
0.1724
0.1758
0.4231
0.9233
0.6986
0.1586
0.0544
0.6933
0.4898
0.7061
0.3867
0.5611
0.7498
0.5293
0.0488
0.1725
0.4155
0.2325
0.8271
0.889
0.1793
0.8674
0.2815
0.963
0.702
0.3514
0.9147
0.6431
0.8977
0.4471
0.3802
0.7606
0.5411
0.9915
0.7908
0.687
0.6904
0.2385
0.4157
0.8184
0.4287
0.3581
0.6309
0.2114
0.2146
0.9147
0.057
0.9169
0.8683
0.0602
0.0396
0.3242
0.4476
0.3964
0.2889
0.0939
0.9524
0.7359
0.5882
0.604
0.9181
0.1486
0.1478
0.4981
0.4542
0.5865
0.9472
0.3833
0.6386
0.95
0.2066
0.0094
0.6492
0.2485
0.843
0.6996
0.3078
0.4683
0.9182
0.3745
0.6378
0.948
0.2276
0.2931
0.6911
0.9305
0.2961
0.7652
0.8945
0.2248
0.7172
0.3409
0.6664
0.0745
0.5714
0.3986
0.982
0.1393
0.7337
0.115
0.8487
0.8413
0.3018
0.9644
0.4339
0.3577
0.5731
0.8828
0.3201
0.8531
0.555
0.8393
0.1138
0.5818
0.7767
0.0648
0.1582
0.7943
0.6882
0.6593
0.6212
0.9436
0.8151
0.6504
0.5666
0.4619
0.9735
0.2507
0.2088
0.2526
0.9367
0.5584
0.3656
0.6924
0.9204
0.5277
0.0497
0.2096
0.6318
0.5237
0.6248
0.5336
0.2194
0.7915
0.6526
0.2786
0.0443
0.2861
0.518
0.2102
0.0389
0.4226
0.2123
0.0806
0.3767
0.3986
0.1143
0.6547
0.2143
0.5364
0.2461
0.012
0.7099
0.8473
0.3752
0.7527
0.1507
0.5911
0.9116
0.4136
0.3345
0.2409
0.6164
0.1664
0.5015
0.6706
0.1457
0.614
0.9119
0.8527
0.9557
0.2872
0.766
0.4166
0.9546
0.3398
0.9525
0.1601
0.2452
0.9395
0.1468
0.666
0.2141
0.4198
0.7724
0.4537
0.497
0.1354
0.3155
0.1541
0.0342
0.6617
0.4462
0.8477
0.9565
0.4725
0.4819
0.2681
0.4442
0.2149
0.0421
0.5654
0.2995
0.663
0.1026
0.6586
0.5054
0.7323
0.0827
0.6082
0.724
0.8358
0.9178
0.1197
0.2954
0.9798
0.7942
0.7749
0.0276
0.0614
0.8658
0.5765
0.8981
0.8668
0.4979
0.947
0.8042
0.9884
0.4478
0.2622
0.6114
0.4871
0.4062
0.7515
0.211
0.767
0.9223
0.4886
0.3957
0.497
0.5623
0.8919
0.7845
0.1429
0.3853
0.6818
0.3328
0.6861
0.678
0.3232
0.2177
0.2153
0.4009
0.8768
0.9247
0.2922
0.1635
0.7517
0.2433
0.9882
0.6875
0.3982
0.7419
0.8368
0.0984
0.977
0.8446
0.519
0.3316
0.7447
0.3786
0.6941
0.7616
0.3378
0.2537
0.2541
0.5333
0.5146
0.3951
0.1241
0.8524
0.3307
0.4336
0.3423
0.6114
0.4427
0.1388
0.7429
0.0043
0.1781
0.775
0.9377
0.4195
0.7036
0.5868
0.3598
0.8897
0.0614
0.2384
0.4031
0.6815
0.5713
0.9952
0.0219
0.4894
0.5687
0.9741
0.1054
0.1577
0.8336
0.2648
0.5732
0.4086
0.8801
0.7711
0.7144
0.4161
0.044
0.6552
0.0637
0.3365
0.397
0.3121
0.8314
0.8371
0.7824
0.6167
0.6744
0.2686
0.6241
0.3561
0.9368
0.6636
0.6093
0.0643
0.5604
0.285
0.2917
0.5292
0.1376
0.5261
0.3247
0.6169
0.82
0.0411
0.0574
0.1192
0.7961
0.292
0.7776
0.5785
0.1736
0.0089
0.5076
0.4131
0.7357
0.9307
0.2721
0.8433
0.0237
0.3475
0.0631
0.9027
0.0788
0.4155
0.8594
0.0251
0.684
0.1444
0.9901
0.6933
0.588
0.6382
0.0196
0.2842
0.7446
0.5189
0.1001
0.5304
0.3003
0.5606
0.9824
0.6406
0.8567
0.1789
0.1545
0.4271
1.0
0.0
0.0
1.0
0.0
0.0
1.0
0.0
0.0
1.0
1.0
0.0
0.0
1.0
1.0
1.0
0.0
1.0
1.0
0.0
1.0
0.0
0.0
1.0
1.0
1.0
0.0
1.0
0.0
1.0
1.0
0.0
1.0
1.0
1.0
1.0
0.0
0.0
0.0
0.0
0.0
0.0
0.0
0.0
0.0
0.0
