116.01 238.71 97.88 2476.62 564.87 245.77
232.75 392.28 409.34 3221.13 1098.49 541.21
140.12 205.21 126.84 1234.38 322.12 171.68
114.5 138.66 110.72 583.98 192.35 128.73
738.97 1056.13 1362.76 2596.96 2408.44 1933.89
490.02 815.42 822.92 4796.89 1750.27 919.2
764.15 1109.86 1473.51 2499.63 2588.14 2028.41
390.0 616.42 749.02 3646.11 1476.66 873.75
135.02 327.02 220.81 3777.93 1146.36 557.48
58.11 231.3 77.15 3944.91 967.97 354.99
91.01 128.18 95.1 925.26 286.3 154.73
767.58 1103.73 1443.68 2270.67 2522.13 2074.73
370.66 596.19 640.03 3701.51 1666.08 1103.66
513.76 780.33 1013.91 3677.36 2026.0 1244.96
241.97 450.26 247.16 4186.19 958.68 387.33
573.78 885.79 962.4 3498.75 2034.26 1575.47
158.32 391.22 154.1 4426.72 1033.19 448.89
156.52 376.73 304.4 4205.13 1309.42 577.63
488.42 790.44 794.15 3818.45 1850.41 1349.17
234.22 585.01 142.67 5386.91 1221.76 486.75
248.39 475.04 373.02 4714.05 1354.75 710.14
730.2 1061.87 1354.96 3107.11 2396.88 1854.7
149.24 280.48 204.4 3425.95 788.97 412.1
420.97 688.41 716.36 3513.23 1828.0 1289.86
160.38 329.51 252.23 4409.34 1166.58 479.9
238.26 420.06 422.99 3619.58 1233.73 580.67
165.69 228.06 209.35 1150.43 471.69 325.23
630.28 962.87 1337.44 3892.28 2527.99 1532.03
390.6 687.86 528.25 5014.1 1477.02 754.56
261.98 472.57 313.31 2898.61 962.79 555.32
145.25 335.45 223.47 4373.6 1266.39 532.96
851.19 1191.06 1511.61 2379.24 2623.53 2311.36
107.94 190.63 92.06 2025.0 454.71 210.71
756.28 1094.89 1450.68 2985.02 2591.4 1972.03
173.35 368.59 258.23 4530.56 1246.73 575.67
471.06 710.78 926.72 2983.68 1572.7 916.29
94.04 131.29 90.26 1484.09 349.31 178.5
198.25 306.71 271.04 1983.93 734.47 471.07
488.12 752.4 842.71 3576.79 1889.19 1380.29
701.22 1015.86 1264.7 2279.52 2359.55 2003.2
754.77 1108.92 1441.13 3211.57 2434.76 1727.36
390.2 617.35 742.19 3413.57 1543.84 889.08
640.8 967.57 1335.15 3718.73 2505.91 1545.19
150.0 354.04 154.91 4606.27 1023.31 418.78
169.98 323.23 239.47 4513.24 1156.01 603.16
153.26 359.52 122.27 5002.76 1122.58 436.02
109.13 124.35 106.75 404.81 158.16 118.1
271.1 453.28 425.49 4312.79 1383.25 856.51
220.12 407.39 201.57 3780.53 834.07 349.52
73.45 149.65 71.12 2750.11 575.3 238.26
109.12 302.18 69.08 5185.33 1043.49 409.21
135.48 319.43 113.07 4641.67 999.18 386.66
153.82 319.24 210.28 4551.73 1004.09 416.52
482.46 689.51 818.95 2305.82 1549.5 1281.94
737.08 1080.49 1387.38 2882.02 2287.64 1687.22
639.83 944.89 1147.14 2550.6 2259.02 1855.33
363.11 577.43 626.62 3301.72 1609.48 1113.7
373.66 607.99 722.85 4227.83 1392.1 705.13
718.73 1088.66 1518.93 3452.64 2355.74 1421.9
254.92 528.86 340.09 4618.89 1355.36 740.81
62.93 169.34 59.66 3801.26 763.82 293.1
124.31 250.35 108.96 3211.93 716.12 296.42
150.0 293.94 101.96 2301.71 549.59 248.61
434.88 636.46 791.75 2313.62 1154.01 675.07
803.57 1236.93 1714.88 3811.64 2503.28 1499.98
121.07 256.34 158.12 4406.14 1030.79 473.25
75.66 190.21 75.49 3690.74 845.26 309.89
798.63 1139.89 1400.76 2835.86 2513.45 2111.85
135.18 271.42 114.71 3338.45 775.45 321.95
79.73 209.52 67.0 4916.41 968.95 374.51
192.32 383.65 213.79 4213.37 1106.9 526.28
91.69 158.17 88.77 2116.13 514.59 221.05
211.58 365.45 372.71 3261.8 1013.26 543.44
302.22 663.78 316.57 5246.49 1410.57 629.82
309.89 544.96 468.08 4362.84 1491.71 941.82
377.57 608.63 736.05 4133.06 1442.4 745.34
347.52 561.62 695.7 4201.76 1514.92 754.66
333.23 611.81 375.31 5134.23 1310.89 647.95
585.71 867.41 1166.59 3054.43 1748.72 1060.07
433.23 691.5 717.01 3565.98 1744.64 1243.02
636.51 942.15 1143.45 2660.3 2203.01 1777.7
222.97 432.19 326.41 4469.74 1241.91 633.71
332.88 595.34 402.26 4760.3 1322.7 686.79
676.78 1013.64 1344.96 3617.53 2007.48 1151.61
592.8 900.96 1213.77 3945.18 2228.54 1257.73
193.23 461.63 103.66 4205.35 938.31 377.1
337.52 590.62 552.1 3880.27 1663.65 1074.24
103.8 262.94 99.26 4870.23 945.09 353.45
468.55 749.43 739.17 3896.03 1583.96 1011.86
96.13 148.16 87.71 1722.7 370.62 174.43
509.86 789.63 864.88 3326.97 1942.71 1451.92
185.58 384.78 208.66 4508.7 1144.72 490.92
689.67 1024.45 1170.36 3078.29 2263.37 1832.52
244.87 479.94 196.94 4196.62 902.14 358.86
454.58 664.06 806.56 2234.7 1605.35 1179.01
739.06 1070.88 1454.49 2668.92 2425.65 1798.29
249.5 455.84 343.63 4180.68 1223.99 707.53
486.9 788.2 706.87 4433.65 1707.55 1134.13
224.21 364.65 309.75 2173.66 816.0 536.98
94.13 172.96 81.38 2558.25 509.96 212.76
622.33 877.42 1103.29 1940.83 1987.33 1711.27
158.27 326.02 102.29 2665.81 623.94 273.18
584.87 866.55 1039.35 2777.96 2083.45 1685.91
105.66 164.63 94.34 1472.64 352.93 178.95
378.53 589.92 626.73 3966.7 1614.48 1126.62
113.8 167.26 105.77 1370.65 365.02 187.09
97.5 113.14 95.91 681.45 204.74 132.98
485.18 713.6 837.57 2967.46 1743.84 1368.81
231.4 507.08 297.81 4833.21 1292.59 632.75
112.19 210.29 93.9 2611.76 551.14 240.77
764.19 1129.24 1604.49 3461.52 2652.28 1683.8
463.4 742.69 956.15 3959.51 2006.28 1128.62
228.59 383.09 323.2 2671.76 944.01 602.08
368.63 518.23 716.81 1467.59 1138.3 721.22
920.46 1311.71 1960.81 3217.56 2662.76 1577.81
595.96 877.59 1047.95 3004.44 2087.57 1686.13
294.71 426.58 468.81 1971.89 1031.48 764.4
422.18 670.56 855.16 3571.66 1946.18 1065.7
360.6 619.31 668.73 3670.68 1617.98 983.21
120.23 225.08 107.45 2688.86 612.55 263.4
378.28 579.69 550.78 2834.81 1218.07 855.7
361.23 628.04 465.25 4608.28 1397.77 780.28
226.36 335.85 391.62 1858.74 797.13 463.42
209.88 400.45 327.43 4646.06 1264.8 622.03
710.43 1035.01 1235.59 2826.51 2323.91 1925.04
688.6 1044.59 1423.43 3849.61 2713.79 1670.13
106.32 172.15 93.68 1632.49 382.38 188.14
173.15 329.62 200.86 3502.27 914.25 406.98
149.3 401.48 129.32 4876.37 1085.36 442.98
702.43 1052.42 1377.28 3609.6 1995.45 1164.05
395.73 652.05 707.97 3223.27 1754.02 1245.0
282.72 531.53 455.89 4289.7 1555.12 890.4
91.78 232.05 89.68 3864.61 874.32 326.53
76.85 168.32 69.39 3499.73 719.69 283.67
745.1 1068.61 1352.47 2101.77 2462.62 2122.7
773.07 1091.09 1367.42 2654.45 2461.26 2118.31
397.44 669.08 556.25 4275.97 1508.37 923.14
599.75 908.51 1287.42 3764.45 2018.44 1101.57
765.59 1141.56 1610.91 3555.42 2540.54 1580.04
864.53 1288.0 1956.62 3725.97 3702.74 2149.51
82.85 220.07 76.82 4261.77 955.81 349.88
97.0 146.67 104.48 1824.6 435.96 207.24
209.84 374.68 320.97 4353.73 1237.84 693.0
865.79 1284.78 1877.48 3306.64 3023.21 1919.88
406.16 749.35 503.11 5393.95 1514.43 738.74
126.21 201.66 101.03 1254.13 335.67 177.9
389.69 603.27 664.69 3551.25 1603.9 1156.86
94.15 267.67 152.62 3709.3 1015.74 412.59
284.02 508.42 465.74 4018.24 1552.34 929.79
442.73 655.28 848.25 2266.98 1392.5 829.56
158.96 240.52 252.66 1907.97 669.66 367.17
320.71 555.33 480.76 4212.07 1477.4 911.27
146.44 326.31 119.42 4375.33 991.71 393.02
152.94 282.3 183.63 2787.56 685.35 317.46
247.73 396.97 405.69 2628.4 1025.9 560.18
467.29 669.38 809.33 1720.95 1534.37 1281.02
292.7 489.4 438.89 3214.62 1212.55 802.56
95.48 172.54 94.33 2167.93 525.34 224.44
133.83 284.32 210.35 4125.66 1103.76 446.36
522.45 824.0 1090.51 3925.95 2246.39 1300.76
91.29 239.8 89.08 4085.48 919.75 339.82
281.8 431.13 507.89 2353.37 955.73 508.04
617.57 948.6 1290.08 3426.64 2519.09 1650.33
213.86 429.66 277.03 4778.34 1281.31 688.31
576.17 861.58 1134.43 3298.96 1996.29 1269.17
109.57 182.9 98.73 1520.49 377.85 187.13
238.15 466.61 288.49 4840.6 1332.38 669.53
732.39 1067.6 1273.81 2769.19 2377.91 1984.07
206.97 382.69 301.26 4270.77 1078.59 625.19
274.09 450.17 450.84 3342.27 1328.66 841.75
349.97 474.22 580.82 1049.97 1018.54 876.79
90.97 233.31 69.49 4519.85 841.86 307.26
113.4 295.08 140.44 4460.91 1176.15 482.56
623.73 923.61 1130.18 2478.47 2218.67 1821.01
309.7 476.65 470.55 2489.48 948.91 560.52
231.32 405.67 383.06 3821.97 1276.95 781.95
676.21 1010.87 1137.78 3175.62 2227.31 1784.8
714.69 1021.08 1257.42 2814.07 2347.98 1969.69
60.24 185.21 59.44 4402.67 881.33 333.85
432.33 761.32 560.93 4774.35 1588.17 946.62
295.94 523.53 422.25 4120.64 1414.75 837.02
436.55 722.64 827.97 4455.51 1757.27 872.57
878.91 1260.5 1899.83 3096.95 2616.43 1545.93
116.29 227.44 123.79 2498.99 691.19 325.38
243.95 465.32 398.98 4647.32 1295.03 595.46
85.47 201.71 80.37 3625.15 824.9 311.66
665.55 1018.98 1414.47 3565.35 2702.08 1649.75
292.41 524.95 513.23 4434.52 1542.87 760.71
542.4 826.71 972.06 2953.83 2046.23 1596.77
320.47 481.2 574.18 2209.89 1196.26 709.87
262.68 460.21 432.25 3827.36 1157.99 570.58
230.56 450.56 321.71 4684.24 1208.23 528.8
399.53 620.27 778.97 2694.32 1349.84 798.02
87.78 218.61 88.86 3417.22 859.49 330.4
89.28 175.07 85.51 2702.1 635.09 256.24
80.75 156.82 74.54 2927.79 615.44 252.77
76.33 272.21 118.28 4283.76 1102.87 433.13
210.88 395.67 181.98 3801.24 806.25 319.74
744.04 1116.64 1562.12 3559.54 2477.83 1539.61
434.53 643.86 767.54 2492.95 1555.78 1165.64
271.01 548.47 214.42 4935.56 1046.83 405.55
229.07 444.2 195.44 4408.71 922.16 355.8
481.0 752.88 948.17 3908.56 2191.81 1322.89
198.51 482.1 103.87 4437.71 985.76 392.78
216.21 359.84 303.86 2750.98 938.59 592.29
165.77 369.14 171.75 4866.87 1121.07 471.1
601.72 932.38 1284.59 4011.02 2717.1 1559.14
94.31 139.81 92.31 1479.93 383.77 182.85
122.36 238.3 108.24 2962.41 666.72 280.67
219.96 356.35 335.7 2765.71 1022.92 631.12
196.88 412.07 237.06 4501.24 1136.23 567.43
332.51 601.33 397.88 4218.39 1220.77 630.11
616.17 901.47 1105.04 2637.59 2175.58 1787.67
894.11 1298.89 1865.63 3112.75 3435.12 2323.92
482.16 723.17 764.84 2396.21 1535.03 1221.72
506.09 790.93 1005.99 3930.0 1819.97 1026.88
584.58 913.05 1259.67 3914.38 2039.52 1185.66
656.74 979.15 1219.43 3078.2 2335.58 1762.31
716.76 1128.9 1413.65 4031.59 2507.65 1493.03
218.54 324.15 337.74 2089.42 842.26 568.74
149.59 209.07 180.71 1167.16 441.41 288.31
500.9 755.47 892.69 3505.28 1889.24 1382.33
228.76 411.17 348.18 4134.88 1143.56 694.28
317.0 548.82 533.38 3785.35 1619.41 1023.74
502.71 839.57 695.05 4656.08 1734.55 1127.62
406.0 597.24 735.77 2389.36 1179.38 658.03
372.42 615.47 633.4 3712.05 1726.41 1153.75
753.81 1074.25 1355.45 2383.44 2447.06 2110.37
397.76 587.42 731.33 2242.83 1436.93 1001.63
123.16 321.84 101.7 5196.5 1083.91 437.11
656.56 939.99 1175.68 2357.59 2144.75 1811.53
82.56 151.47 76.94 2661.3 566.87 238.37
809.25 1144.5 1461.54 2202.22 2585.79 2260.1
793.72 1187.27 1700.19 3480.19 2771.93 1706.84
212.47 374.44 337.79 3503.46 1208.52 692.31
805.67 1160.74 1505.77 2914.3 2542.9 1957.65
447.68 701.5 765.2 3520.87 1767.7 1259.47
162.23 332.78 185.01 4031.56 1001.11 502.99
266.99 492.05 360.57 4347.18 1363.77 757.35
490.62 743.86 859.07 3280.19 1806.62 1359.89
358.16 606.61 546.7 4049.23 1511.49 1004.32
834.99 1190.52 1569.56 2822.93 2493.57 1954.12
244.62 463.74 331.77 4459.13 1309.16 708.91
299.78 504.22 421.56 3555.37 1166.19 584.01
677.43 993.75 1132.38 3270.92 2181.97 1752.1
471.68 744.2 756.89 3948.87 1822.89 1281.13
134.53 193.83 125.48 1322.02 335.76 170.73
101.88 109.16 100.79 273.12 136.11 111.87
802.2 1192.67 1655.97 3349.24 2976.74 1953.87
733.2 1050.15 1545.73 2654.99 2414.42 1428.39
228.65 581.2 121.73 5462.35 1220.99 480.38
126.45 329.09 96.5 4025.26 867.78 340.76
558.24 820.14 1144.95 2863.9 1747.63 998.63
772.27 1111.65 1405.06 2980.87 2610.51 2071.77
603.84 882.83 1169.53 2673.94 1764.19 1136.45
128.08 271.81 159.47 4748.13 1078.38 500.31
159.02 337.36 166.54 4283.67 973.71 451.12
376.95 586.62 698.61 3254.4 1207.44 662.6
202.2 387.11 251.2 4028.25 1091.33 557.15
107.77 188.66 92.23 1983.0 446.97 208.3
272.84 468.56 447.02 4053.76 1248.55 772.05
792.31 1185.3 1656.8 3365.13 2032.31 1184.96
199.08 484.31 103.89 4462.79 990.88 394.47
249.58 367.13 471.21 1345.2 762.83 457.97
409.95 695.79 631.66 4722.38 1500.61 727.49
242.41 473.47 195.29 4126.88 888.48 354.45
577.64 956.57 1017.41 4705.91 2152.94 1199.72
508.17 780.69 900.1 3026.25 1997.6 1516.57
77.67 210.92 82.47 4212.71 969.31 356.01
313.84 448.2 508.56 1856.32 1068.25 814.66
476.66 748.44 857.84 2958.89 1918.95 1449.46
235.97 329.88 417.5 1589.87 724.58 414.46
109.57 182.93 98.73 1520.9 377.93 187.15
317.86 523.14 536.31 3407.18 1198.97 655.42
582.81 912.03 1047.5 4388.39 1891.58 1038.52
189.67 447.82 103.52 4048.51 906.29 366.51
90.92 145.22 83.02 1834.09 353.71 169.76
112.29 206.47 98.37 1924.2 456.81 211.89
847.17 1204.41 1581.35 2726.84 2828.54 2267.86
92.82 169.69 93.45 2048.99 546.22 235.37
217.22 366.12 245.96 2819.45 723.52 332.67
267.92 496.47 332.34 3163.45 943.39 458.17
271.83 515.4 419.13 4523.25 1243.51 580.55
57.52 181.59 54.46 4406.66 874.3 326.13
526.37 783.73 901.52 3359.63 1845.03 1461.47
537.81 863.14 960.72 4561.6 1804.68 921.0
112.93 216.92 93.54 2762.74 578.26 249.24
324.58 607.4 471.17 4432.17 1497.49 914.77
324.73 658.67 293.78 5765.14 1297.03 525.11
135.41 248.86 195.26 3009.59 814.85 349.62
183.95 276.17 211.29 1662.89 523.92 313.61
505.3 804.08 860.1 3289.5 1924.23 1452.58
220.59 407.35 314.27 4489.63 1202.27 665.86
202.46 419.62 269.83 4861.56 1280.21 643.95
493.54 709.37 958.46 2168.79 1617.05 1108.68
367.34 539.46 599.75 1993.55 1226.18 964.21
357.16 551.54 616.91 2898.85 1463.66 1071.09
443.77 687.27 752.7 3578.33 1732.46 1276.72
641.41 933.28 1155.91 2478.6 2229.48 1853.93
510.92 781.93 880.01 3445.49 1982.04 1476.62
88.07 137.39 93.49 1195.04 347.2 172.62
160.53 320.64 230.35 4211.7 958.21 482.88
85.6 207.65 77.93 4562.15 918.53 367.17
276.69 516.24 475.93 4819.82 1410.93 658.24
97.97 219.25 114.87 4208.37 925.41 392.69
540.84 871.82 841.99 3643.26 1873.35 1362.99
117.74 186.45 107.42 1733.1 440.62 211.93
596.61 930.48 945.02 3751.55 2013.91 1502.42
103.15 108.56 102.32 211.5 121.51 106.45
100.14 112.1 99.41 370.67 161.89 120.64
416.8 687.09 879.11 3972.56 2161.68 1131.07
263.14 461.7 520.9 4123.57 1424.85 734.08
296.82 575.42 424.85 4436.22 1448.37 855.63
83.55 259.67 85.0 4565.33 1122.35 410.14
667.64 983.15 1194.4 2477.8 2290.29 1908.63
99.48 105.06 99.52 241.52 132.4 109.83
264.53 458.31 416.79 4075.59 1405.99 832.05
466.54 720.03 911.31 2943.89 1542.27 969.15
791.69 1175.05 1677.39 3612.03 2718.19 1677.57
100.0 100.02 99.99 100.82 100.12 100.03
75.37 177.2 86.56 2360.69 610.34 249.92
539.54 844.24 1048.31 4166.01 1775.4 986.1
84.32 209.77 78.81 3904.72 882.39 328.44
352.94 567.57 706.64 3001.75 1561.9 902.52
144.14 315.07 118.46 4163.13 947.46 378.47
101.82 257.09 92.34 3614.09 903.56 367.9
311.99 457.06 500.31 2487.67 1146.02 843.32
395.11 654.86 790.13 3778.59 1619.26 897.28
336.91 612.98 507.95 4119.92 1512.51 959.59
115.16 199.2 104.29 2209.35 492.87 232.04
168.89 338.07 227.86 3870.16 960.46 440.13
107.4 145.75 102.73 1046.98 287.49 159.77
270.47 462.8 514.53 4111.23 1254.35 614.15
482.17 799.31 980.93 4125.24 2122.19 1196.39
459.26 728.3 999.73 4075.18 2271.31 1230.22
98.2 122.38 94.29 854.2 225.78 134.59
78.35 207.79 59.52 4233.16 704.72 266.28
101.32 213.5 94.46 2638.89 680.56 293.55
347.96 565.55 579.93 3473.09 1528.57 1030.47
430.05 769.8 655.35 4841.06 1544.03 764.14
704.8 1103.69 1309.1 3743.18 2249.45 1440.52
93.38 164.26 93.96 1897.05 511.44 224.81
414.72 692.73 712.18 4316.1 1730.52 974.19
104.99 156.96 95.01 1309.72 322.91 169.58
218.7 404.59 369.7 4400.09 1042.32 487.05
189.11 349.97 276.15 4519.85 1213.42 657.99
94.19 193.28 92.71 2759.22 646.96 260.02
822.25 1186.48 1568.84 2441.47 2579.55 2031.06
73.77 197.24 73.58 3970.46 903.32 326.24
96.24 146.81 88.05 1676.97 362.99 172.34
58.88 183.41 57.8 4404.57 879.31 329.18
110.26 217.02 89.74 2585.5 557.99 242.95
149.84 277.27 201.63 3827.72 973.78 504.39
583.78 886.42 1034.37 3406.43 2150.02 1587.54
199.89 379.06 303.27 4141.78 1280.32 683.04
546.19 913.85 901.78 4747.08 2015.54 1157.18
366.9 637.8 487.94 4612.12 1305.01 654.32
303.81 532.34 520.86 4324.63 1335.54 650.14
609.66 949.67 941.85 4003.54 2006.37 1484.52
542.8 829.29 1165.37 3668.98 1974.49 1042.26
90.2 168.6 86.76 2477.68 588.94 242.76
801.14 1127.8 1420.31 2533.92 2524.39 2187.79
103.98 110.63 102.95 233.01 125.38 107.9
645.23 981.59 1336.94 3849.79 2149.26 1196.17
280.35 482.92 435.69 4194.55 1351.16 837.11
181.37 385.61 277.26 4366.72 1341.86 648.33
354.14 686.61 352.2 5562.59 1356.93 631.81
206.46 485.0 129.88 4311.19 990.15 404.86
310.93 596.81 343.29 5457.14 1282.92 530.71
351.31 607.26 562.04 4093.89 1678.67 1081.6
357.26 719.3 452.34 5039.07 1436.25 667.99
854.9 1295.55 1899.28 3345.68 2632.76 1624.63
930.98 1421.96 2122.63 3540.23 3031.28 1913.24
653.32 958.77 1167.2 2489.17 2245.2 1868.88
165.46 244.55 240.09 1283.43 582.62 394.86
542.24 818.25 943.48 2779.2 1946.41 1548.5
450.35 690.84 803.75 3258.47 1750.65 1171.61
476.19 779.32 921.63 4177.74 1896.56 1063.65
302.47 446.59 482.57 1871.61 1048.7 799.74
147.22 358.5 175.09 4557.66 1239.2 561.83
243.31 460.89 340.97 4454.33 1329.44 767.3
119.51 252.91 173.0 2733.83 819.56 402.79
397.32 587.14 683.25 2498.57 1458.36 1127.59
436.66 645.46 742.51 2107.85 1500.17 1201.26
605.48 915.37 1254.28 3963.54 2629.99 1608.41
872.6 1277.79 1820.33 3295.44 2735.01 1668.75
336.38 599.6 402.54 4817.21 1320.74 683.34
55.21 244.58 76.83 4296.76 1050.08 380.98
410.68 669.12 649.28 3878.35 1630.48 1143.51
388.29 593.47 654.87 3169.72 1563.75 1117.38
136.82 327.7 113.57 4812.9 1033.08 397.46
131.75 276.41 159.87 4128.45 840.53 408.69
507.5 840.33 1019.02 4239.92 1895.86 976.73
195.51 365.25 329.13 4702.25 1303.23 623.01
549.15 835.93 1064.53 3877.5 1772.09 1060.85
791.31 1144.27 1517.74 2609.55 2715.2 2157.12
426.57 694.73 869.69 4070.02 1980.37 1098.26
118.41 185.22 119.98 1716.6 413.35 206.58
403.58 669.62 755.68 4499.88 1636.92 835.43
297.62 604.63 251.73 5387.88 1174.68 461.85
903.83 1339.28 1962.99 3360.6 3288.21 2098.77
863.2 1251.13 1782.78 3310.95 2915.7 1853.94
667.58 1000.13 1380.12 3701.21 2192.13 1225.52
191.33 355.02 292.49 3953.68 1213.93 643.66
347.6 576.51 539.54 3833.43 1462.49 979.54
159.33 349.89 164.63 4586.24 1051.72 437.46
592.69 857.48 1061.55 2145.45 2027.39 1689.67
233.65 456.41 198.82 4561.55 951.32 364.87
640.19 985.78 1335.01 3708.64 2383.46 1444.93
603.61 891.16 1193.82 2893.87 2260.62 1570.63
498.03 883.48 834.77 4672.63 1928.77 1037.56
96.44 235.39 119.77 4184.07 1010.67 396.1
359.9 645.12 692.38 4420.82 1879.3 994.76
571.3 847.0 989.61 2563.55 1938.9 1579.56
608.96 896.82 1086.72 2674.08 2140.72 1752.17
415.26 681.29 742.26 3329.36 1662.97 1074.55
454.01 731.92 955.13 4221.9 1792.08 988.38
818.0 1251.53 1796.11 3659.33 3215.82 2055.91
149.69 342.11 120.78 4673.91 1053.99 413.48
300.6 507.1 489.4 3629.82 1425.48 905.91
136.47 329.85 187.07 4502.19 1262.27 558.34
229.28 477.22 398.03 4729.51 1616.74 746.49
123.3 261.87 163.06 4447.17 1053.28 489.06
87.45 139.33 93.16 1251.64 359.98 176.37
184.05 302.52 277.12 3082.85 905.89 511.62
184.83 360.63 305.28 3088.86 1112.55 632.1
517.62 814.88 802.64 3881.1 1802.12 1281.81
181.98 318.61 160.61 2836.58 622.18 262.47
96.03 149.43 87.38 1765.27 377.72 176.39
104.7 112.53 103.47 256.82 129.92 109.31
107.29 257.67 115.87 4515.73 842.26 367.98
108.27 174.84 95.86 1804.39 406.13 195.52
551.48 850.52 1162.64 3808.05 2280.5 1356.8
144.19 291.12 129.43 3529.16 836.92 356.05
230.34 373.09 323.47 2741.56 942.34 608.72
445.93 634.46 760.24 1806.56 1430.4 1182.04
420.01 693.23 742.22 3729.46 1856.25 1211.89
386.18 642.17 583.13 4266.62 1646.38 1065.71
336.97 504.82 668.05 2618.08 1195.24 650.56
557.77 857.07 1071.91 3937.66 1761.91 1000.63
219.65 357.84 248.93 2534.35 715.04 391.48
285.06 520.23 499.49 3684.0 1525.33 956.55
425.73 682.94 809.37 4027.03 1592.29 821.77
833.7 1198.67 1583.5 2960.96 2427.28 1794.17
585.36 856.95 1010.2 2234.11 1923.82 1587.64
162.29 269.27 145.97 2304.58 525.32 227.6
613.64 945.7 1271.36 4010.53 2135.45 1140.24
800.23 1183.33 1695.91 3411.84 2602.19 1640.67
154.37 300.58 217.65 4411.11 1115.67 560.9
93.14 217.09 98.3 3763.89 876.07 336.15
264.65 505.49 404.33 4291.41 1518.76 878.49
599.72 941.43 976.53 3375.49 2090.33 1617.75
83.32 261.93 84.79 4628.54 1136.82 414.53
118.95 334.27 120.76 4854.39 1231.17 507.24
825.56 1219.96 1753.02 3520.6 3356.0 2131.5
623.71 910.43 1128.62 2478.36 2162.96 1780.89
263.78 458.59 517.26 4002.36 1371.76 626.95
591.96 885.63 1042.29 2757.75 2098.72 1696.8
690.71 1056.22 1406.55 3722.53 2390.35 1390.2
730.88 1079.27 1438.17 2767.51 2652.94 2002.41
76.87 215.16 56.75 4515.81 746.07 277.65
112.88 246.97 87.12 3221.6 675.2 279.54
97.24 273.44 104.17 4755.73 1077.04 394.34
397.56 626.28 609.72 3147.9 1382.6 918.98
476.24 748.15 1027.14 4199.45 2338.08 1264.86
366.38 576.87 621.06 2945.46 1506.7 1071.85
89.86 170.98 86.3 2560.28 605.92 247.72
348.72 605.84 545.07 3554.42 1480.78 991.46
750.3 1137.89 1599.2 3556.04 2710.41 1682.05
570.11 881.27 888.69 3993.29 1916.25 1399.29
190.68 274.32 281.32 1554.19 686.77 468.16
709.17 1065.41 1460.25 3734.29 2240.25 1264.61
442.86 746.99 653.84 4716.89 1637.09 943.2
275.1 469.76 503.26 3885.87 1433.43 844.99
471.39 720.44 824.52 3405.65 1719.37 1285.94
618.38 903.21 1095.63 2835.22 2110.82 1745.09
486.64 741.02 965.35 3037.93 1355.66 755.28
450.19 618.96 768.31 1206.96 1331.55 1161.7
95.7 141.7 96.08 1266.08 366.98 180.99
104.08 125.23 101.5 622.21 203.39 132.96
661.7 1014.11 1406.05 3570.23 2691.74 1641.77
83.52 186.54 73.05 3928.65 789.65 317.15
231.06 390.6 368.03 3670.33 1223.32 745.78
685.52 1032.64 1415.46 3894.42 2490.45 1397.5
377.23 668.03 744.53 4662.37 1704.41 908.33
179.53 394.55 305.69 3983.44 1311.71 694.01
202.53 424.4 222.13 4915.61 1261.44 582.24
558.76 770.53 962.56 1614.03 1665.84 1457.95
853.91 1195.14 1517.42 2423.91 2639.32 2321.55
600.45 871.27 1261.08 2960.95 1898.21 1090.44
138.64 297.77 176.75 4404.93 923.37 454.9
694.76 1087.03 1477.96 4002.22 2844.3 1755.18
168.82 358.79 217.69 4475.54 1099.1 496.79
384.19 654.86 504.87 4600.42 1441.49 833.18
815.16 1204.31 1649.71 3344.24 2249.3 1341.21
90.6 146.8 82.42 1894.61 362.57 172.2
147.95 313.5 208.45 4453.69 991.84 419.54
231.35 454.0 431.31 4451.07 1446.51 630.43
119.41 268.09 97.43 2980.05 663.34 276.65
789.94 1154.0 1590.44 3219.34 2139.44 1286.54
124.38 250.79 108.98 3221.05 717.92 296.99
473.04 769.06 711.87 4088.63 1719.37 1161.8
402.08 663.98 679.97 4068.97 1590.02 948.37
95.12 125.61 92.03 1232.86 304.06 164.25
276.95 393.77 502.05 1058.75 709.83 455.67
179.66 306.25 291.86 2940.06 938.7 437.66
832.35 1242.42 1795.27 3414.24 2942.17 1852.05
81.54 229.22 75.05 4578.84 1021.01 368.92
546.94 838.13 1149.09 3716.1 2026.52 1202.76
113.64 166.46 105.7 1355.53 361.87 186.05
395.66 628.22 795.28 4179.54 1764.36 913.42
713.42 1027.37 1240.07 2938.01 2327.7 1942.76
167.81 334.81 233.4 4293.32 997.45 535.3
671.75 963.75 1400.21 2372.64 2558.33 1665.62
392.07 758.03 515.05 4872.16 1568.25 832.12
365.47 617.71 670.72 4211.12 1522.55 778.9
547.85 837.84 954.19 3204.05 2074.08 1597.14
244.21 353.89 384.82 1732.7 877.0 629.88
172.28 404.64 252.93 4780.3 1384.73 610.07
665.34 970.1 1200.27 2412.73 2294.48 1914.43
457.52 743.45 884.76 4407.27 1923.82 1023.32
95.72 168.76 94.63 2060.18 503.18 217.95
177.35 385.14 207.53 4887.13 1165.59 478.19
840.91 1218.1 1784.68 2992.85 2620.69 1682.37
189.31 334.21 159.76 2625.31 594.47 259.57
229.47 441.84 348.7 4398.19 1249.42 617.1
688.86 1000.18 1239.13 2355.5 2334.85 1966.88
399.56 659.73 721.48 3916.96 1676.59 1015.93
313.08 561.14 505.98 4587.7 1628.26 828.84
111.75 291.05 129.79 4709.52 1105.33 431.89
661.21 970.87 1174.29 2768.79 2296.37 1884.82
821.55 1227.76 1793.35 3371.99 2564.97 1475.63
225.08 576.92 112.67 5467.48 1207.17 470.15
87.58 220.59 88.67 3472.48 872.14 334.24
147.62 308.56 132.71 3873.39 903.16 369.28
300.05 653.33 293.27 5111.8 1402.01 684.98
122.72 296.76 96.99 3471.28 759.42 306.78
587.71 877.16 1052.67 2710.43 2154.94 1721.62
95.75 129.74 94.26 1130.69 311.95 161.88
214.06 378.19 333.91 4172.41 1254.43 721.13
382.93 584.46 711.64 2818.57 1264.96 731.81
124.48 194.97 100.96 1178.08 320.14 172.77
186.65 260.76 259.57 1428.04 575.18 410.71
97.76 115.67 96.98 642.99 211.66 132.6
295.36 532.51 522.12 3551.11 1549.49 991.46
92.09 257.1 100.04 4218.84 1063.35 406.5
229.8 444.17 281.57 4494.33 1261.27 642.12
204.57 387.59 347.73 4457.43 1119.51 516.85
573.54 906.35 1119.73 4199.99 1916.69 983.42
132.28 315.67 119.8 4225.06 903.48 369.82
536.78 820.46 1090.16 3937.2 2016.58 1222.52
154.61 367.48 278.65 4091.61 1261.21 590.33
99.89 101.73 99.86 149.29 110.14 102.97
113.13 208.95 126.86 2850.72 633.89 273.6
114.03 226.86 92.99 2989.19 618.93 261.93
102.14 284.1 91.02 4218.31 1041.72 413.96
917.52 1335.43 1903.26 3126.75 2840.62 1791.56
214.47 435.7 273.83 4410.1 1197.52 638.14
354.13 571.96 724.33 3610.07 1798.29 938.0
305.2 647.11 323.48 4892.1 1333.71 627.26
152.5 355.98 154.94 5043.86 1146.86 526.31
288.95 471.42 473.6 3223.3 1346.94 876.94
224.5 573.55 112.94 5422.34 1197.65 468.63
454.49 650.34 785.71 1974.15 1529.77 1243.78
219.35 562.95 104.69 5355.52 1173.18 454.73
118.93 316.04 81.07 4688.53 945.51 363.91
84.9 144.56 80.03 2317.45 504.19 219.8
299.76 542.16 543.36 4622.46 1668.19 832.7
104.49 199.61 84.76 2605.58 564.86 252.35
534.01 863.8 835.47 3508.62 1903.97 1417.19
567.86 882.83 1175.99 3881.05 2206.45 1325.84
450.34 815.11 660.27 5331.69 1772.22 893.57
464.02 662.83 788.86 2394.69 1560.56 1257.83
724.95 1030.54 1281.16 2738.93 2350.94 1999.03
144.08 188.33 199.51 1060.48 400.61 247.78
498.66 774.37 839.63 3382.55 1858.25 1409.6
320.08 585.9 402.69 4884.09 1233.45 524.13
227.26 412.95 369.75 4273.18 1268.21 649.73
138.66 285.07 187.51 4653.8 1108.52 520.71
570.83 874.03 1099.97 3887.45 1790.37 1028.24
214.7 326.74 328.07 2399.39 898.04 593.02
341.86 578.5 574.56 4078.41 1567.37 927.2
83.23 149.5 77.82 2563.36 549.01 233.08
381.04 597.63 683.53 3032.93 1309.49 737.99
723.91 1093.2 1502.75 3779.62 2552.89 1543.94
505.74 787.76 883.22 3140.35 1994.96 1508.9
135.92 194.21 124.04 1115.77 298.89 164.18
201.13 323.16 223.63 2333.47 652.49 348.4
281.5 466.22 444.95 4269.57 1403.76 881.98
377.68 589.11 646.71 2728.6 1543.87 1114.81
211.74 294.7 310.07 1422.3 632.8 482.42
247.76 400.89 420.26 3032.1 1121.32 709.83
792.7 1196.37 1711.11 4042.33 3318.9 1891.4
588.09 882.28 1171.97 3460.77 2326.56 1538.13
425.64 706.83 831.36 4018.52 1612.13 844.89
244.52 453.67 386.41 4136.17 1392.22 793.22
577.55 864.11 1238.77 2571.92 1765.67 1087.29
284.15 488.71 539.76 4512.71 1509.05 779.22
706.74 1102.01 1324.45 4218.67 2275.83 1291.71
191.91 369.11 279.45 4395.53 1125.55 565.6
177.15 351.0 341.33 4277.92 1173.04 546.56
260.72 438.12 371.52 3104.91 1073.02 688.1
595.3 862.99 1144.06 2638.31 1962.19 1391.58
649.4 973.23 1281.95 2913.25 1942.01 1202.99
222.93 432.97 378.09 4505.28 1281.95 569.94
418.97 711.11 572.36 4646.55 1556.43 944.81
315.88 579.37 571.4 4367.11 1795.52 967.85
295.0 486.72 491.07 4278.8 1434.89 874.16
108.08 257.81 176.42 3134.17 880.69 363.74
550.9 837.52 910.99 3627.92 1995.79 1506.56
160.67 328.92 176.86 4024.27 915.27 414.05
578.82 884.86 1166.0 3485.42 1629.27 958.31
380.39 647.72 705.96 4633.8 1738.47 884.29
313.22 609.46 533.08 4609.29 1547.12 775.49
610.63 920.59 1274.65 3767.34 2487.47 1509.29
145.12 340.35 203.66 4467.84 1279.39 580.64
97.58 271.14 101.68 4689.47 1064.62 397.01
118.86 270.59 90.57 3984.9 797.77 317.73
131.89 297.21 111.75 4181.92 908.16 357.64
191.38 368.33 305.85 4195.45 1252.36 607.42
266.27 444.16 380.36 3109.5 1145.45 711.11
324.69 517.56 510.73 2954.78 1278.66 895.27
422.8 601.18 865.94 1922.44 1271.26 729.58
292.48 448.68 485.88 2676.94 1192.73 847.53
657.58 989.43 1394.08 3787.34 2232.52 1235.37
93.56 180.04 79.57 2796.67 549.73 223.7
629.52 869.91 1091.96 1699.29 1870.46 1652.71
159.29 323.28 255.89 3030.55 1024.06 553.78
539.63 843.17 990.95 3972.06 1894.44 1009.97
901.74 1288.0 1785.75 2896.53 3186.43 2349.15
450.99 737.17 903.67 3637.43 1928.41 1141.04
287.36 505.61 464.67 4063.98 1479.41 897.02
542.29 801.61 915.52 3039.12 1870.88 1489.89
588.93 846.8 1236.03 1898.12 2009.51 1307.78
335.78 580.64 592.64 3540.08 1628.0 1082.74
206.99 373.95 313.27 4385.21 1257.06 710.42
224.46 556.84 125.65 5133.8 1161.0 471.73
617.02 905.55 1053.61 3142.37 2076.23 1681.89
370.97 634.37 630.5 4225.07 1695.39 1009.21
764.78 1151.74 1556.7 3806.45 2482.04 1520.22
641.49 936.82 1119.74 3081.12 2200.9 1781.84
770.36 1095.14 1387.19 2328.25 2488.13 2154.98
138.43 234.97 158.74 2263.78 603.6 290.45
315.41 609.01 515.05 4702.27 1393.44 659.45
561.64 858.26 1055.71 3535.64 2144.78 1447.14
114.13 187.41 105.21 1909.21 458.2 214.19
109.02 202.94 90.98 2286.4 502.88 225.75
517.45 775.75 902.0 3171.9 1860.25 1472.87
536.64 818.9 960.6 3116.4 2065.65 1530.49
501.42 754.04 921.21 2364.65 1854.81 1430.07
684.78 987.07 1223.02 2613.71 2275.68 1924.18
642.2 944.52 1332.36 2738.78 2395.28 1513.35
501.99 771.48 946.92 2907.54 1761.29 1243.08
226.22 395.64 424.99 3811.27 1285.91 660.09
188.89 337.04 165.72 3067.29 666.2 276.16
212.59 391.67 320.37 4121.99 1111.19 658.74
380.27 665.77 479.6 4222.87 1368.52 804.32
650.07 959.22 1135.04 2692.42 2201.73 1795.08
100.83 171.73 96.5 1704.61 466.92 222.33
101.05 190.08 95.6 2115.03 560.77 253.62
250.3 406.83 355.37 2707.75 1025.36 648.41
271.29 631.36 239.2 5328.15 1323.72 571.74
83.48 130.91 82.02 1749.61 395.86 186.06
356.01 696.65 389.56 5696.54 1448.92 613.62
622.23 922.4 1097.51 2731.04 2192.55 1776.45
322.12 523.91 567.8 4294.82 1491.81 872.64
135.5 174.49 172.26 919.77 366.32 260.97
146.84 328.22 119.59 4411.54 999.27 395.5
481.1 766.88 1008.09 4043.82 1875.95 957.43
305.7 521.87 477.7 3520.81 1426.65 914.8
461.21 732.84 820.71 3865.12 1600.12 958.57
610.07 1005.9 1128.08 4155.89 1760.61 946.12
94.83 115.25 93.17 858.88 238.33 141.0
348.42 595.76 634.4 4243.9 1494.48 755.63
387.81 658.02 534.18 4336.34 1481.94 889.9
82.12 210.35 71.53 4827.39 959.14 375.37
108.23 268.85 107.55 4859.36 945.61 359.6
801.66 1221.38 1773.42 3626.92 3197.92 2034.25
108.93 177.38 98.82 1425.86 359.34 181.32
588.61 850.21 1159.73 2109.13 1648.56 1056.75
88.18 203.46 82.58 4288.75 873.6 355.78
619.94 955.2 1250.0 3998.43 2635.22 1596.61
76.99 214.55 56.98 4492.45 742.66 276.71
659.51 1014.43 1094.86 3481.97 2209.15 1704.98
101.83 116.54 99.09 476.6 167.64 121.11
360.8 568.23 624.66 3703.56 1572.14 1055.45
524.75 794.42 893.33 3206.35 1893.19 1470.74
434.82 673.57 823.8 3325.17 1480.0 848.09
618.96 924.15 1235.64 2840.59 2035.95 1354.14
386.66 673.21 615.8 3882.68 1656.73 1119.3
815.57 1236.95 1804.7 3401.94 2495.83 1542.57
389.34 613.94 670.06 2944.05 1629.69 1165.84
282.99 415.35 504.67 1719.76 911.23 550.87
211.37 406.88 322.07 4111.53 1287.1 694.22
471.55 672.03 939.83 1852.23 1740.21 1130.64
230.23 411.67 391.04 4086.72 1173.55 626.2
163.56 344.37 175.29 4303.15 991.24 465.6
159.99 265.73 225.65 2899.72 840.1 474.89
149.44 178.78 196.8 407.55 312.8 266.84
551.6 857.17 1057.41 3826.12 1946.7 1145.92
179.39 381.45 263.7 4428.64 1342.46 658.4
185.38 310.07 172.17 2209.55 548.22 267.66
394.25 726.13 455.03 5215.58 1471.43 784.62
818.7 1208.39 1840.42 3178.51 2555.92 1446.85
245.54 458.97 236.4 4215.84 957.04 414.33
466.66 700.04 791.69 2997.88 1708.66 1297.0
103.2 108.53 102.37 206.84 120.39 106.34
171.44 375.28 200.86 4436.97 1039.13 455.33
129.33 331.29 100.54 4723.93 981.01 394.64
77.68 165.89 70.48 3378.91 697.67 277.14
330.53 464.99 606.01 1283.23 923.47 576.67
465.39 712.64 811.29 3154.87 1753.19 1355.52
447.9 713.7 786.21 3391.05 1837.98 1338.26
264.79 498.98 421.0 4636.92 1421.27 684.33
762.11 1224.82 1642.14 3988.6 2603.78 1574.87
729.17 1090.74 1481.57 3533.29 2275.49 1396.77
393.92 590.19 791.63 2624.4 1397.07 835.62
354.11 603.97 624.08 3634.55 1652.99 1098.21
145.57 223.84 133.63 1712.86 411.16 193.35
301.16 488.16 513.23 3356.56 1390.4 946.22
138.44 305.25 125.38 4211.25 891.04 382.36
98.75 103.68 98.35 283.02 133.36 109.89
496.35 760.98 849.03 3102.4 1845.11 1418.64
81.11 155.76 75.01 2875.06 605.83 249.92
560.93 830.78 960.37 3385.95 1972.06 1554.39
720.4 1022.13 1337.33 2225.21 2043.84 1640.35
325.45 516.68 592.22 3200.93 1214.76 624.79
204.34 504.71 104.1 4694.38 1038.17 410.11
549.94 895.01 1137.73 4106.97 2354.28 1409.62
796.61 1151.72 1683.48 3415.88 2421.82 1400.37
111.23 304.77 74.25 5177.77 1047.6 412.18
406.86 653.9 710.33 3185.75 1649.79 1114.51
422.29 635.59 674.61 2472.83 1415.12 1064.41
89.77 132.06 94.42 1038.88 311.95 162.26
370.56 726.75 459.81 4872.71 1534.42 827.66
474.66 825.0 665.51 4280.42 1772.54 1201.56
931.14 1344.22 2001.79 3410.58 3132.45 1843.84
963.03 1414.53 2182.94 3667.41 4020.95 2362.8
105.39 175.45 126.29 2211.17 551.07 281.9
205.66 391.27 349.72 4446.01 1114.24 534.62
120.71 228.07 107.63 2750.87 624.83 267.31
175.8 390.1 298.84 3994.03 1304.15 684.72
917.15 1326.46 1918.79 3197.74 3507.75 2356.26
850.58 1256.02 1794.4 3417.19 2861.75 1816.97
86.89 191.8 82.28 3281.83 754.3 291.04
156.58 365.22 263.34 4605.03 1321.88 552.11
669.91 1061.93 1343.28 4180.87 2131.54 1220.38
403.74 624.85 686.51 3716.96 1688.37 1212.55
483.95 731.67 857.14 2596.71 1794.2 1400.95
109.95 195.53 111.13 2594.69 560.96 258.66
136.57 278.21 115.29 3466.77 802.21 330.75
90.71 165.01 87.45 2353.26 563.35 235.29
265.72 489.45 369.38 4532.06 1343.51 734.38
106.73 249.22 77.18 3853.31 796.36 328.22
100.49 104.28 99.93 173.34 114.34 104.5
76.02 188.91 75.85 3638.71 834.46 306.85
336.56 532.2 471.09 2936.2 1129.64 745.23
299.05 489.62 499.84 3779.41 1452.26 952.03
161.44 263.83 145.43 2150.91 491.34 221.76
727.23 1099.48 1523.89 3664.54 2871.45 1773.41
114.77 227.95 98.04 2292.38 528.83 234.47
805.24 1153.16 1511.59 2573.48 2742.84 2205.79
464.19 680.1 925.9 2491.75 1453.93 825.89
349.96 650.15 456.32 5344.31 1458.21 666.96
824.61 1208.04 1677.48 3108.2 2798.36 1961.02
121.31 203.83 108.91 2061.6 509.14 234.44
127.18 171.28 118.19 868.55 250.49 148.56
268.71 452.11 449.8 3788.79 1355.63 870.04
101.34 129.63 95.47 845.24 238.27 145.31
167.5 259.37 170.27 1827.74 480.39 252.08
504.41 735.9 876.73 2127.54 1710.41 1402.54
482.23 802.84 835.28 4533.11 1689.13 898.88
741.41 1149.42 1488.11 4013.96 2608.06 1573.17
157.38 344.2 165.93 4519.15 1011.66 449.75
741.98 1104.65 1575.33 3517.52 2615.07 1595.31
490.23 703.47 950.41 1871.53 1381.3 878.81
281.99 505.64 547.83 4320.8 1628.49 832.96
144.87 341.47 131.89 4888.16 1067.39 414.46
746.93 1077.95 1485.66 2660.74 1935.65 1184.63
526.15 807.19 908.31 3045.84 1941.6 1512.22
165.34 292.36 226.39 3726.4 977.54 527.08
752.08 1099.63 1511.65 2844.32 2851.05 2026.92
697.08 1025.62 1399.87 3354.83 2738.42 1867.31
184.01 372.1 360.86 3412.95 1263.77 589.93
575.81 936.41 1278.18 3721.85 2232.55 1343.84
253.76 503.25 202.89 4447.95 951.35 374.74
113.97 192.27 108.75 2056.24 495.48 250.02
293.78 393.3 472.63 904.66 829.52 706.82
382.27 650.37 627.65 3349.85 1320.86 682.99
242.67 474.15 195.46 4134.17 889.91 354.91
121.45 232.67 107.9 2845.98 643.66 273.32
91.59 235.02 89.45 3949.19 891.71 331.62
94.39 242.53 77.09 4649.95 874.51 321.87
349.34 635.26 429.66 5073.84 1376.16 686.53
396.75 679.35 775.92 4348.54 1769.55 887.12
76.28 170.03 68.62 3584.8 735.2 288.26
120.85 280.62 97.24 3194.77 705.34 289.82
471.3 722.89 939.11 2951.85 1806.07 1084.01
405.22 663.05 662.13 3575.17 1652.9 1173.08
534.04 748.96 928.79 1641.94 1666.15 1430.95
95.94 226.75 115.6 3945.01 960.38 386.71
440.5 680.76 759.13 3409.43 1794.0 1302.21
579.3 876.74 1063.35 3541.52 1973.75 1349.54
708.97 1034.26 1252.82 3154.77 2320.27 1836.35
353.68 613.24 486.76 3160.54 1325.7 886.86
413.46 674.78 651.71 3993.63 1720.85 1163.08
342.17 589.13 437.17 4329.1 1283.79 703.69
254.44 486.03 326.42 4713.09 1373.32 722.51
799.83 1131.33 1409.15 2633.8 2517.59 2173.35
675.0 975.53 1206.02 2639.24 2297.62 1911.46
113.18 248.63 164.55 2777.34 826.26 398.0
147.15 241.46 216.83 2654.45 742.56 376.98
709.01 1043.52 1311.84 3237.53 2254.32 1662.33
730.45 1048.67 1326.54 2140.27 2431.62 2088.5
283.55 383.83 451.18 1055.17 814.76 680.7
538.96 819.17 932.96 3065.32 1988.75 1542.41
90.9 163.73 87.7 2309.07 554.26 232.64
558.52 790.13 1151.04 2032.55 1796.08 1069.93
733.78 1071.23 1386.1 2984.46 2633.95 2004.56
935.11 1376.58 2116.02 3701.62 3920.18 2296.91
458.62 787.19 627.38 4550.25 1661.64 1045.36
220.57 399.51 373.51 4589.35 1277.94 654.56
147.16 346.75 229.56 4615.42 1306.35 528.26
115.15 272.83 84.85 3770.75 776.39 311.12
432.07 672.64 730.02 3622.43 1705.17 1245.26
309.43 665.36 325.3 5100.24 1462.42 714.06
223.72 424.45 182.78 3598.31 784.99 321.05
258.77 523.39 217.39 5400.07 1111.32 414.66
630.64 927.53 1133.17 2554.82 2220.09 1821.99
415.58 622.48 795.8 2080.87 1062.52 617.2
548.67 821.08 968.18 2934.03 1997.4 1586.37
142.3 286.93 215.55 4393.7 1051.94 453.34
137.62 351.94 166.2 4679.39 1216.02 498.01
136.95 304.05 123.69 4210.42 891.96 381.59
93.47 120.46 96.44 699.14 235.25 139.73
229.23 444.6 195.55 4413.81 923.13 356.1
623.97 927.65 1147.3 2876.54 2137.81 1626.72
425.07 672.77 668.29 3457.68 1346.53 803.7
165.1 380.54 194.32 4728.92 1074.16 441.68
524.89 831.83 866.53 4145.5 1861.87 1190.61
237.15 440.56 399.57 4526.62 1241.6 618.68
255.03 445.45 469.18 4136.74 1225.11 588.08
98.56 181.39 112.24 2512.63 644.97 284.29
96.58 133.2 96.88 1028.45 312.57 164.49
915.62 1335.04 1974.62 3189.24 2900.74 1865.24
92.78 189.8 77.08 3125.63 604.58 238.78
671.35 988.44 1465.59 2178.7 1958.61 1240.18
97.88 169.65 89.36 2301.74 476.55 210.04
180.3 365.8 207.22 4222.99 1066.83 505.4
352.98 553.83 569.19 2830.04 1395.89 991.57
725.22 1069.94 1504.3 3373.91 2890.27 1862.69
706.01 1067.53 1355.83 4024.13 1997.5 1139.84
336.63 570.74 657.39 4238.64 1558.6 854.9
358.09 635.99 539.54 4648.83 1378.5 648.44
140.37 213.21 184.79 2040.83 609.53 356.45
289.67 513.67 523.93 4480.03 1504.62 814.46
214.73 545.03 104.51 5152.13 1131.64 441.0
369.06 589.94 717.19 4154.51 1679.02 902.97
583.98 913.29 1173.23 3926.47 2363.54 1414.61
421.01 662.18 805.28 3920.02 1559.97 910.76
851.24 1194.61 1504.33 2482.9 2620.86 2296.76
415.42 787.51 621.59 4859.38 1670.33 851.29
194.62 348.15 163.31 2775.64 623.9 269.07
127.5 270.04 110.13 3619.45 796.8 322.14
454.18 819.84 671.38 5317.6 1786.46 904.83
491.8 737.09 889.14 2731.68 1556.76 1094.2
334.83 584.18 631.0 4254.27 1408.75 679.98
115.41 233.44 97.96 2386.37 547.22 240.24
148.76 299.09 239.49 4209.14 1070.93 511.44
282.06 551.48 266.38 5327.79 1174.84 487.29
120.4 155.44 115.06 822.03 239.3 141.79
176.83 353.46 234.86 4584.91 1109.61 558.62
152.08 309.91 220.04 4124.39 1121.8 505.33
88.22 219.18 101.44 4032.49 958.34 371.75
94.54 167.84 82.68 2385.67 481.18 204.84
135.15 271.27 114.7 3335.52 774.84 321.75
377.3 631.23 748.94 4272.33 1653.96 813.61
324.32 630.13 326.54 5166.22 1198.66 493.98
977.6 1483.5 2256.09 3391.1 3162.85 2017.43
526.89 863.48 1066.97 4192.88 1937.86 1006.18
684.11 1000.78 1259.83 2372.82 2376.69 1961.42
339.79 575.97 571.53 3825.04 1662.17 1071.11
620.74 928.23 1011.06 3527.98 2038.8 1574.43
440.08 742.7 684.4 4324.83 1559.79 773.98
705.87 1053.03 1426.88 3754.33 2054.98 1207.98
243.06 482.46 214.34 4998.79 1064.7 395.99
219.1 495.11 165.07 4200.94 1003.71 424.56
437.17 732.54 727.41 4666.8 1572.08 739.12
863.18 1207.47 1534.87 2400.85 2661.62 2346.01
132.05 219.11 186.72 1949.11 616.32 288.6
925.46 1377.32 2008.8 3189.69 2822.0 1862.51
195.48 313.87 261.77 2147.28 737.91 471.06
166.91 316.98 243.49 4384.39 1139.56 583.31
147.55 336.99 148.44 4715.44 1072.97 493.77
163.07 323.21 288.68 4281.0 1211.63 573.87
97.59 138.74 96.97 1204.37 327.15 166.45
191.06 462.61 236.58 5007.58 1210.57 496.15
143.4 351.52 240.72 4047.52 1239.79 607.55
472.67 688.76 825.62 2434.92 1662.79 1334.15
247.52 397.77 411.8 2455.34 934.8 515.06
120.22 241.71 158.57 3412.37 908.44 413.81
489.38 819.36 944.14 4376.36 1998.62 1048.19
270.42 546.07 233.85 5579.3 1164.6 444.28
272.51 462.47 439.54 3350.84 1309.86 823.13
456.99 748.66 953.68 3954.05 2263.04 1215.14
757.48 1082.05 1357.56 2414.48 2468.08 2116.77
280.58 506.18 343.56 4200.08 1129.05 499.54
162.31 361.05 234.93 4439.78 1312.69 621.45
528.8 797.19 871.83 2624.76 1758.89 1380.04
300.81 541.26 449.81 3556.03 1331.21 847.11
69.23 190.83 59.3 4620.4 923.97 344.21
431.58 752.67 846.46 4378.69 1729.47 859.61
775.32 1150.44 1534.04 3775.17 2130.55 1251.88
113.94 246.98 136.94 3455.34 839.54 338.12
617.16 904.58 1235.93 2319.21 2194.24 1566.73
297.43 489.47 488.71 3706.67 1441.93 912.31
794.13 1181.92 1662.87 3609.7 3196.25 2028.94
130.44 242.03 162.13 2745.22 748.29 362.35
187.53 350.92 317.24 3805.53 1163.55 538.47
352.2 570.45 718.7 4178.63 1548.59 764.59
81.24 193.38 64.93 3680.78 623.9 244.06
579.02 866.38 1147.38 3017.62 1879.13 1110.71
828.23 1221.41 1780.11 3588.07 2554.89 1434.45
385.35 613.35 660.89 3441.95 1683.43 1174.24
380.22 639.28 722.55 4020.66 1512.87 758.24
224.61 441.8 298.61 4711.37 1301.18 715.55
118.18 188.58 107.6 1773.52 449.05 214.7
164.89 232.33 226.17 1579.5 575.59 386.43
88.42 157.67 78.34 2311.17 423.51 188.96
896.05 1300.29 1790.31 3160.56 2887.87 2034.89
705.87 1021.85 1249.86 2670.68 2359.88 1973.2
765.41 1087.36 1342.75 2695.85 2424.6 2079.92
465.77 710.87 793.07 2480.6 1659.41 1300.22
139.85 401.54 110.26 5130.92 1099.63 418.35
364.65 578.17 738.02 3364.08 1652.52 973.18
132.0 328.0 188.02 4615.02 1247.79 504.42
839.65 1208.48 1605.46 3130.06 2397.34 1738.19
70.73 186.39 61.29 4399.17 883.64 332.26
264.05 477.08 420.13 4147.26 1429.98 836.14
335.67 485.86 643.06 2069.2 1045.39 590.54
410.43 596.6 697.74 2403.67 1454.84 1141.01
186.26 360.46 270.62 4294.94 1242.21 634.24
223.27 384.74 335.5 3259.0 1103.13 646.97
373.28 598.09 637.6 3487.52 1657.18 1142.26
120.85 278.96 107.23 4131.88 885.29 371.59
437.34 799.28 624.62 5339.5 1606.74 788.85
314.69 565.54 535.44 4623.18 1681.28 815.12
751.2 1086.6 1319.37 2633.08 2428.34 2050.8
653.84 1000.27 1232.71 3953.69 2402.71 1497.4
603.12 856.57 1046.76 2575.89 1969.73 1645.62
527.06 786.58 932.61 3018.18 1975.55 1553.07
152.86 418.28 142.33 5100.63 1126.89 440.99
549.22 887.44 802.37 4372.33 1852.75 1282.82
140.45 317.06 127.98 4429.89 939.07 401.22
382.59 603.22 651.86 3213.75 1581.1 1074.24
219.77 436.95 313.35 4166.38 1343.95 729.64
876.78 1271.06 1774.23 2913.7 3243.7 2299.34
102.33 300.27 90.23 4580.1 1124.45 441.54
86.49 213.84 91.49 4603.85 968.03 390.02
110.68 221.87 89.32 2688.41 576.95 248.87
750.15 1139.14 1510.56 3683.03 2386.18 1450.42
478.91 724.14 812.34 3495.01 1731.15 1337.22
921.36 1327.12 2001.97 3327.14 2783.19 1635.09
127.85 196.31 148.46 1661.18 472.22 252.7
240.77 389.99 382.26 2642.0 990.08 557.88
435.42 678.45 646.47 3457.71 1472.74 1018.48
729.38 1042.34 1311.34 2416.82 2409.34 2052.39
200.81 385.77 260.37 3693.07 997.64 524.01
187.23 406.24 190.22 4995.24 1227.5 538.71
148.99 281.56 248.94 2465.71 759.22 347.25
210.16 338.06 372.06 2131.82 846.13 443.45
212.69 425.19 266.56 4610.3 1235.45 618.51
90.13 129.12 86.95 1549.22 364.16 178.29
615.45 1016.25 1329.56 4142.65 2273.26 1328.44
876.53 1301.79 1903.13 3428.6 3214.6 2042.09
568.15 851.07 986.41 3275.77 2092.45 1617.87
140.59 329.09 202.77 4687.52 1185.68 469.28
420.51 712.29 625.42 4711.36 1430.96 719.37
517.59 822.05 1112.79 3693.63 1899.03 1067.64
99.81 102.34 99.4 179.0 113.17 103.62
500.98 787.08 915.35 3798.24 1685.99 981.72
88.93 237.6 64.88 4735.91 873.13 312.65
219.69 404.25 391.92 4047.28 1333.52 638.26
805.3 1141.23 1464.62 2260.93 2596.86 2236.94
635.09 960.29 1319.68 3795.03 2647.01 1645.06
425.54 691.55 830.89 4097.93 1626.1 828.86
810.91 1204.28 1812.56 3362.98 2570.28 1446.01
424.41 683.77 822.62 3956.75 1389.62 768.09
114.42 209.41 103.5 1927.24 462.89 215.54
797.24 1129.67 1401.29 2672.76 2518.33 2165.84
153.25 184.26 202.11 381.09 314.38 272.11
260.76 506.62 531.04 4063.8 1499.92 737.59
346.36 607.32 597.9 4299.54 1620.42 904.01
637.0 1054.79 1234.17 4648.0 2185.12 1231.86
465.95 711.4 796.06 3385.21 1765.17 1330.6
524.18 789.98 893.4 3107.93 1875.25 1464.97
171.18 372.29 253.97 4466.77 1326.92 625.95
367.24 594.99 625.81 3995.82 1514.91 974.71
424.11 610.11 702.55 1629.3 1325.66 1087.83
372.13 564.34 678.73 2693.15 1150.43 642.08
962.0 1398.0 2014.0 3173.0 2939.0 1816.0
69.0 191.5 59.0 4653.5 930.0 346.0
134.0 394.5 95.5 5146.0 1087.0 409.5
969.0 1403.0 2079.0 3181.0 3518.0 2279.0
155.0 368.0 123.0 5163.0 1156.0 447.0
89.8 263.8 87.2 4769.8 1060.5 381.0
971.0 1390.0 2115.5 3245.0 2879.5 1707.0
122.0 299.0 89.0 4632.0 914.0 354.0
72.0 203.8 71.8 4231.5 957.5 341.5
907.5 1325.5 2047.5 3151.5 2757.0 1579.5
948.0 1357.0 1978.0 3155.0 2462.0 1531.0
56.8 180.8 53.0 4412.8 873.5 325.0
119.5 322.5 80.5 4825.8 970.8 371.8
948.0 1376.0 2046.0 3146.0 2970.0 1921.0
911.0 1341.0 1922.0 3127.8 2196.5 1320.8
985.0 1493.5 2276.8 3372.5 3183.8 2033.8
76.2 218.5 55.5 4643.8 764.8 282.8
962.5 1390.0 1954.5 3151.5 2480.0 1527.0
959.5 1435.2 2145.2 3160.2 2832.8 1787.8
88.5 243.0 63.5 4918.0 903.5 321.0
978.0 1422.0 2105.0 3266.0 3199.0 2037.0
79.2 209.2 66.0 4931.0 970.2 374.0
222.2 574.0 104.8 5481.0 1198.8 463.2
992.0 1434.0 2127.0 3253.0 3849.0 2515.0
980.5 1432.2 2016.0 3245.2 2807.8 1800.2
966.0 1422.0 2112.0 3259.5 3477.0 2237.5
109.2 304.0 68.8 5231.2 1052.0 412.0
978.0 1434.0 2220.0 3640.0 4073.0 2397.0
81.5 229.5 75.0 4588.5 1023.0 369.5
937.0 1353.0 2081.0 3198.0 2826.0 1629.0
924.0 1316.0 1970.0 3207.0 2671.0 1584.0
102.5 315.2 89.5 4914.0 1200.8 467.0
980.0 1467.0 2194.0 3388.8 3736.5 2446.5
955.0 1376.0 2056.0 3368.0 3193.0 1885.0
977.5 1462.0 2197.0 3231.5 2940.0 1846.5
939.0 1381.8 2053.5 3176.2 3230.8 2074.0
265.0 540.0 222.0 5608.0 1151.0 427.0
83.0 265.0 84.5 4714.5 1156.5 420.5
245.0 494.0 207.0 5231.5 1090.0 397.0
304.0 635.0 236.5 5868.5 1229.5 464.5
138.0 335.0 114.0 4964.0 1063.0 407.0
53.8 244.8 74.8 4340.2 1057.2 381.2
750.0 1074.0 1364.0 2066.0 2476.0 2140.0
813.0 1149.0 1469.0 2186.0 2594.0 2270.0
881.0 1229.0 1568.0 2348.0 2696.0 2390.0
100.0 100.0 100.0 100.0 100.0 100.0
