759.76 1042.51 1446.53 2314.47 2890.86 2322.3
806.55 1203.49 1677.35 3599.29 3245.08 2089.34
806.41 1204.13 1750.59 3461.94 3020.01 1901.8
503.59 803.78 1027.48 4262.52 1897.19 991.82
885.75 1272.59 1870.91 2891.64 2833.57 1923.79
786.45 1160.18 1663.73 3452.36 3005.13 1896.08
818.8 1149.37 1584.33 2597.77 2447.68 1788.01
673.45 955.5 1359.39 2695.81 2118.33 1381.16
137.25 200.78 172.47 1146.99 383.24 213.76
607.77 886.03 1263.29 2197.18 2096.34 1346.54
412.25 700.42 646.68 4773.85 1502.26 698.8
467.15 796.87 886.88 4362.0 2056.93 1155.4
949.91 1367.25 2040.47 3344.23 3184.42 1893.69
836.05 1206.09 1772.82 3364.65 2512.61 1462.32
839.37 1248.55 1859.37 2863.24 3155.37 2071.52
934.48 1332.39 1943.84 3003.61 3642.75 2529.57
311.27 537.35 569.96 3755.23 1528.09 785.91
898.72 1320.26 1959.72 3028.52 3080.5 1979.23
692.92 1063.76 1389.04 3580.83 2499.69 1527.0
892.8 1282.64 1858.24 2893.42 3147.29 2242.12
759.41 1114.42 1538.09 3019.29 2239.73 1410.25
696.64 1042.66 1493.3 3347.53 2644.79 1646.65
187.22 235.38 308.43 411.26 382.28 273.59
645.57 922.78 1337.99 2069.56 2281.74 1562.78
801.0 1110.39 1546.36 2473.36 3050.84 2447.91
721.67 1045.42 1600.76 2627.7 2916.65 1727.39
662.1 976.22 1424.85 3475.45 2232.25 1280.82
617.17 924.7 1185.99 3373.53 2143.87 1356.88
785.2 1094.04 1535.76 2774.04 2627.22 1945.51
818.55 1149.31 1643.42 2580.32 2774.95 2089.71
536.76 818.23 1061.45 3690.96 1810.52 984.85
721.66 972.86 1310.15 2108.91 2713.49 2388.98
769.36 1015.38 1323.81 2126.78 2894.51 2684.06
819.77 1195.75 1707.81 3092.31 3048.85 2091.48
769.47 1128.95 1621.61 3311.23 3053.82 1961.8
189.2 406.36 267.08 5022.8 1222.86 528.99
640.49 836.64 1090.5 1885.91 2637.75 2418.9
498.15 785.24 994.07 3621.72 1911.58 1051.95
403.02 685.64 771.56 4503.55 1823.49 1000.5
660.65 1001.67 1369.92 3457.13 1826.8 1028.59
659.34 1013.12 1259.19 4074.39 2229.0 1367.55
462.68 637.61 903.2 1406.59 1110.2 712.02
329.5 576.37 631.76 4363.96 1637.63 827.92
790.06 1055.42 1406.56 2241.62 2945.87 2632.16
617.26 902.86 1336.12 1945.92 1774.09 1129.51
563.2 764.07 1055.85 1624.35 2060.16 1623.08
834.38 1208.19 1731.18 2786.52 2534.06 1566.76
908.15 1308.71 1837.64 2959.21 2330.03 1437.08
651.04 1017.54 1241.51 4339.97 2259.85 1298.7
974.45 1411.24 2087.32 3282.5 3794.76 2473.49
885.78 1253.14 1806.53 2811.98 3293.21 2371.7
972.32 1410.91 2083.88 3235.02 3191.34 2055.0
129.98 233.56 172.29 3282.87 777.94 354.88
620.6 883.91 1255.94 1955.91 1814.59 1136.36
937.55 1363.19 1941.21 3198.81 2894.29 1816.86
324.0 585.58 577.37 3965.06 1370.95 663.24
879.73 1275.71 1773.19 3113.69 2294.73 1402.51
869.7 1277.08 1799.95 3130.88 2199.73 1383.53
564.81 788.27 987.99 2801.96 2325.06 1900.98
673.81 990.03 1460.46 3156.23 2118.25 1193.76
853.12 1267.71 1879.67 3656.98 3529.72 2055.64
267.85 356.85 477.09 726.65 533.9 352.66
355.04 555.23 586.82 2746.99 975.65 511.15
910.12 1296.5 1879.94 3002.02 2416.01 1554.49
120.86 131.56 145.4 174.52 164.16 140.28
478.89 757.31 957.11 4147.86 2062.69 1189.12
905.11 1281.35 1843.53 2941.54 2483.3 1680.46
789.59 1110.35 1588.59 2539.36 2182.83 1501.68
215.07 272.26 372.35 525.92 474.78 310.21
680.95 1025.46 1384.58 3908.32 2504.22 1435.96
700.49 1016.69 1495.14 2290.83 2441.64 1582.16
912.6 1299.17 1944.1 3163.99 2635.51 1563.6
732.82 1066.8 1573.43 2420.23 2461.42 1588.9
751.39 1150.68 1525.79 3900.79 2386.57 1342.21
104.29 263.8 99.64 4886.85 950.38 356.11
731.14 1003.36 1378.72 2414.37 2694.45 2211.76
239.04 492.14 348.65 4295.12 1215.24 558.45
601.19 864.51 1231.94 2166.03 1895.86 1204.42
116.03 192.04 155.95 2247.0 562.1 265.3
825.04 1200.86 1643.51 3205.3 2553.92 1743.34
664.78 883.67 1180.78 1982.82 2666.97 2379.9
224.42 456.26 289.8 4993.98 1357.43 603.23
109.79 114.88 123.65 139.48 144.31 125.62
844.55 1219.59 1728.77 3211.25 2921.2 2020.3
302.34 576.09 333.31 5256.44 1240.05 506.72
235.72 439.53 396.16 4597.57 1134.94 499.96
743.19 1088.98 1481.87 3332.9 2007.97 1195.77
835.58 1203.51 1777.49 2735.52 2620.84 1730.13
907.06 1296.62 1869.16 3128.82 2450.56 1579.15
523.71 786.69 1032.61 3447.63 2122.67 1382.61
826.73 1186.94 1662.58 2671.15 2105.35 1302.37
529.14 775.72 1155.54 1686.86 1595.35 1037.71
482.71 774.41 918.44 4257.91 1960.46 1027.94
750.79 1084.64 1516.13 2424.64 2101.36 1356.63
937.27 1338.02 1944.2 3104.65 2474.26 1574.79
881.19 1296.46 1969.28 3571.38 3684.95 2186.39
832.84 1224.57 1735.15 3525.88 3331.89 2158.94
811.98 1190.12 1665.41 3365.81 2210.15 1337.36
695.02 910.92 1184.51 1966.69 2760.91 2571.2
792.95 1099.7 1533.0 2453.97 2956.27 2375.42
342.52 471.11 644.85 1005.43 726.93 465.07
557.65 768.71 920.31 2743.69 2356.43 2058.83
800.72 1093.37 1539.99 2456.79 2807.0 2239.49
876.17 1268.68 1872.47 2898.82 2839.59 1812.36
740.8 1005.46 1406.58 2361.87 2644.57 2108.98
399.06 553.87 821.26 1230.13 1084.03 647.94
866.07 1265.29 1868.11 2892.67 2982.01 1958.11
732.6 1120.32 1609.1 3581.67 2580.13 1682.04
376.64 560.51 741.22 2582.27 1375.41 810.37
511.02 718.47 1043.21 1576.38 1491.07 982.63
828.61 1183.78 1754.7 2871.41 2766.69 1681.79
679.85 1020.67 1426.08 3639.57 2705.11 1656.87
427.09 624.16 803.56 2303.94 1201.4 705.55
556.86 774.84 977.44 2698.35 2232.08 1847.64
160.8 192.82 241.27 321.83 337.11 250.08
509.3 814.01 963.66 3695.49 1646.45 909.42
719.23 957.96 1269.69 2090.48 2863.54 2576.44
712.48 1072.31 1392.81 3713.38 2671.64 1770.74
445.02 616.5 916.6 1377.04 1223.69 730.27
714.46 1066.51 1510.62 3401.6 2443.81 1632.02
708.1 1020.81 1501.2 2714.14 2329.5 1509.32
806.2 1145.92 1734.15 2649.93 2353.59 1402.94
635.47 860.95 1188.95 1912.8 2218.16 1756.8
823.68 1140.56 1626.19 2640.58 3282.46 2499.09
387.93 559.62 755.52 1730.96 1250.98 779.81
901.86 1303.12 1998.04 3149.62 2724.65 1568.8
553.56 818.16 964.97 3209.73 2281.65 1783.1
352.2 478.16 674.35 994.17 1091.98 732.39
429.6 768.59 831.95 4475.08 1736.36 913.08
580.03 836.57 1092.23 3050.01 2064.44 1472.6
694.1 971.84 1383.78 2168.98 2346.88 1717.64
146.48 169.59 210.02 272.05 251.39 184.91
714.86 949.43 1255.32 2055.31 2775.8 2522.82
614.09 896.72 1335.91 2549.56 2489.73 1462.84
292.4 440.53 540.15 2532.51 972.6 529.65
234.2 417.5 414.2 3966.3 1219.68 552.77
389.09 634.42 724.98 3557.2 1651.85 941.32
203.85 391.87 344.44 4391.81 1289.24 570.5
630.18 922.9 1366.98 1992.02 1815.89 1155.21
936.09 1397.72 2098.04 3083.72 2805.97 1764.08
701.22 1013.47 1551.7 2524.06 2820.56 1672.9
607.58 850.74 1079.49 2496.84 2241.15 1846.83
900.78 1311.88 2015.59 3301.99 3723.5 2242.47
897.29 1349.67 1992.91 3238.74 2685.14 1679.85
666.58 1037.81 1426.04 3674.97 2161.69 1286.32
354.82 489.0 692.03 1029.68 1093.68 728.96
615.38 883.05 1344.42 2177.95 2432.12 1448.32
871.27 1222.38 1788.8 2922.8 2690.66 1809.21
332.21 452.42 660.04 977.52 864.07 525.46
839.1 1153.06 1552.44 2496.2 2865.87 2392.12
543.99 728.53 989.59 1564.58 2046.87 1689.6
188.46 234.41 313.6 456.68 500.3 331.44
500.43 755.66 1044.82 2224.36 1519.81 931.13
882.8 1253.89 1871.35 3043.02 2555.05 1534.19
916.42 1300.8 1881.76 2903.28 3365.44 2392.8
915.0 1366.89 2036.53 3053.69 2708.32 1715.0
363.83 494.59 667.27 1033.41 828.01 536.5
752.3 1012.78 1369.52 2220.11 2932.68 2520.38
619.55 872.32 1147.77 3013.18 2317.81 1824.76
501.44 745.51 920.72 3176.06 2140.1 1597.41
801.99 1171.2 1724.4 2578.91 2518.08 1725.7
434.96 641.14 787.17 3295.11 1754.27 1255.07
829.33 1212.94 1657.9 3081.46 2521.36 1684.87
131.28 311.04 109.59 4615.66 931.28 366.95
160.08 347.29 178.32 4564.33 997.43 412.41
788.87 1139.58 1671.8 2645.78 2542.39 1622.62
746.78 1032.19 1481.77 2398.59 2684.58 2068.9
780.87 1160.02 1622.29 3089.76 1944.12 1155.39
919.16 1309.49 1958.79 3205.61 2658.72 1576.1
808.84 1141.79 1644.56 2567.8 2688.17 1969.76
622.08 905.73 1229.99 2660.44 2431.54 1668.71
800.87 1166.77 1713.06 2571.54 2673.62 1939.9
394.98 549.27 741.68 1265.25 1033.42 682.78
646.47 845.59 1110.99 1913.14 2613.22 2380.6
904.27 1321.61 2039.35 3159.82 2750.03 1574.62
750.37 1043.56 1343.25 2756.73 2835.47 2369.16
445.6 674.62 851.49 3572.35 1948.17 1370.73
809.57 1108.78 1569.89 2497.75 2810.76 2211.82
918.29 1314.94 1949.65 3189.24 3090.0 1897.0
885.07 1307.92 1800.56 3439.89 2610.17 1642.39
870.21 1263.91 1861.08 3482.74 2962.63 1730.24
669.45 953.84 1396.82 2118.95 2339.79 1527.88
483.34 727.74 993.29 3030.95 1773.95 1056.71
459.91 592.15 761.59 1191.42 1614.62 1495.26
913.16 1297.41 1935.25 3149.11 2661.97 1612.48
710.37 1079.25 1460.47 3882.88 2534.64 1519.95
908.19 1336.82 1966.07 3208.01 3293.75 2137.83
522.2 796.88 1065.24 3894.45 2361.76 1439.98
845.72 1230.63 1810.98 3475.15 2603.26 1510.31
695.33 911.53 1185.63 1968.08 2760.99 2570.29
312.09 545.14 557.49 4247.64 1368.27 672.25
573.4 888.88 1167.44 3935.51 2043.55 1107.29
680.14 909.75 1222.26 1984.35 2545.1 2230.93
267.54 355.96 490.09 714.28 725.19 494.19
87.21 214.69 118.12 4161.46 917.24 374.45
258.72 337.39 441.27 661.54 537.97 362.6
805.61 1232.76 1775.7 3627.37 2566.25 1562.52
398.0 546.83 778.64 1156.54 1272.11 847.23
304.48 421.97 602.96 856.13 812.53 546.81
428.34 591.52 877.1 1315.27 1169.35 699.79
796.01 1163.39 1643.12 3440.99 2213.78 1327.33
798.4 1183.52 1646.24 3272.28 2096.84 1298.99
844.51 1164.73 1595.38 2535.94 2916.76 2342.99
902.63 1292.41 1891.21 2934.67 2933.18 2038.09
950.6 1374.16 1928.17 3161.43 2456.6 1510.0
859.17 1215.78 1749.82 2780.73 3009.66 2176.36
390.05 556.7 813.41 1172.51 1110.67 733.77
384.39 631.52 720.51 3351.45 1404.5 736.21
647.58 864.7 1160.59 1875.19 2484.27 2150.45
460.89 657.25 909.12 1745.76 1470.89 1051.2
659.01 976.59 1404.16 2800.93 2327.79 1459.98
925.39 1350.71 1981.25 2954.93 2930.59 2056.72
295.79 535.26 517.23 4347.5 1325.57 657.19
715.27 1025.8 1511.92 2310.03 2182.33 1421.23
787.83 1123.05 1610.37 2453.17 2617.41 1978.24
895.48 1310.93 1915.82 3020.79 2858.79 1991.57
755.4 1124.64 1653.49 3231.49 3120.34 1819.0
614.18 955.37 1154.12 3524.69 1773.54 1017.64
629.02 945.73 1330.5 2810.91 2501.95 1684.78
930.44 1334.84 1933.29 3197.81 2430.87 1508.35
947.74 1398.15 2068.46 3301.05 3425.23 2198.56
427.94 718.28 894.13 3866.31 2063.19 1157.03
826.44 1201.35 1727.03 3115.15 2783.62 1830.26
929.69 1390.51 2083.39 3151.65 2803.37 1757.33
946.29 1362.05 2032.69 3328.89 3166.0 1880.22
453.56 625.3 865.29 1339.49 1322.3 909.68
899.26 1287.25 1956.5 3032.08 2802.38 1727.39
807.88 1169.36 1705.41 2793.26 2649.73 1712.98
810.14 1154.25 1635.27 3096.98 3314.21 2370.1
918.77 1325.22 2036.0 3129.14 2771.87 1604.53
703.92 1053.34 1532.47 3630.43 2340.28 1285.65
116.52 124.76 137.61 158.56 164.96 141.41
577.95 853.26 1101.85 3181.94 2002.83 1410.54
831.83 1187.4 1781.14 2797.01 2722.9 1809.93
569.22 815.42 1177.17 1811.66 2065.51 1458.09
707.34 926.33 1203.01 1924.48 2676.28 2504.69
579.04 914.55 1131.9 3886.34 2395.01 1498.63
607.59 945.73 1211.83 3843.39 1753.77 965.89
412.63 561.36 809.49 1278.81 1075.45 663.04
550.81 763.98 966.44 2553.5 2242.38 1856.59
634.88 1016.77 1246.27 4304.34 2046.7 1151.74
265.92 369.99 478.4 1342.89 905.83 584.28
694.11 960.45 1273.02 2506.65 2816.35 2367.03
578.75 832.32 1056.29 2844.49 2345.11 1834.73
835.63 1238.41 1837.5 2719.5 2477.9 1602.29
693.97 969.86 1366.77 2363.18 2038.74 1453.9
622.78 870.88 1268.5 2043.49 2022.11 1429.63
732.48 1113.96 1462.29 3691.71 1899.9 1073.17
533.54 761.82 1107.25 1681.71 1790.59 1170.07
874.5 1293.55 1905.63 3285.72 3060.23 1945.89
720.18 1088.92 1409.7 3757.01 2303.16 1337.23
130.84 146.12 166.3 209.1 185.09 151.02
134.15 314.88 119.3 4609.1 942.51 372.96
614.78 1032.55 1191.22 4245.28 2068.83 1168.49
700.34 1014.4 1549.88 2576.03 2830.03 1674.93
779.0 1103.99 1609.77 2779.28 2650.58 1877.65
762.06 1089.94 1502.58 2876.67 2684.17 2078.83
127.33 333.09 100.36 4812.66 990.81 386.83
602.92 785.44 1018.03 1683.77 2322.76 2155.8
386.57 545.15 781.9 1170.97 1284.2 864.12
757.53 1061.86 1503.14 2395.17 2837.74 2297.45
565.17 763.46 1067.88 1785.68 2291.22 1800.61
578.62 859.67 1192.87 3291.92 2052.62 1291.25
770.98 1149.18 1579.04 3914.47 2389.79 1344.36
719.94 970.84 1328.32 2193.2 2957.69 2473.43
795.02 1067.21 1445.21 2334.39 3106.15 2679.72
595.08 774.91 1014.69 1736.02 2460.7 2240.9
805.15 1176.45 1738.29 2672.66 2849.76 1840.48
927.76 1348.78 1892.59 3043.28 2672.92 1746.3
392.46 589.89 670.99 3401.95 1791.37 1269.25
833.86 1169.78 1674.73 2647.76 3173.96 2348.12
853.17 1269.51 1903.21 2841.8 2802.14 1899.5
270.75 359.2 467.35 821.21 644.84 471.91
329.46 618.23 652.02 4517.56 1710.78 869.94
583.72 861.66 1289.79 1888.68 1785.54 1156.97
781.06 1039.4 1390.9 2214.11 2889.75 2586.18
458.6 727.41 998.18 4075.73 2269.03 1228.74
297.96 407.26 573.07 806.45 740.69 494.0
816.5 1171.35 1633.17 2719.73 2138.36 1353.72
505.03 780.58 1027.47 4148.2 2313.18 1372.79
955.19 1378.95 2043.35 3122.88 3694.29 2415.34
392.84 606.35 735.4 2877.77 1399.66 810.04
786.78 1214.39 1625.15 3760.74 2930.17 1826.05
145.06 183.63 193.21 655.88 289.41 188.92
851.77 1252.56 1818.06 3307.32 3202.74 2048.3
282.02 483.73 546.56 4322.45 1534.87 795.2
234.52 335.86 405.6 1018.47 626.22 402.15
738.98 1045.5 1568.0 2408.91 2260.03 1438.8
439.7 692.86 881.56 4221.99 2002.43 1145.8
782.57 1097.35 1585.57 2578.36 2670.33 1825.89
847.49 1191.38 1728.35 2866.29 3011.9 2068.34
923.42 1363.68 2014.15 2997.39 2822.99 1894.67
852.72 1282.73 1883.2 3137.45 2558.01 1595.67
895.83 1290.28 1811.14 2915.61 2296.02 1416.69
686.97 977.9 1362.07 2176.68 1719.69 1071.14
189.57 241.04 320.31 431.21 412.11 295.72
689.4 899.6 1164.13 1943.24 2765.35 2591.06
711.31 1062.55 1603.61 2360.46 2230.12 1435.76
819.52 1199.28 1654.34 3534.5 2211.26 1323.75
706.73 1016.16 1266.06 3011.49 2593.76 2078.83
416.03 590.92 852.0 1281.08 1405.95 942.68
521.6 834.57 980.01 4181.4 1857.43 1041.35
550.29 826.99 1047.84 3113.83 1600.31 918.33
97.22 254.71 83.85 4901.52 929.07 340.04
875.42 1292.1 1972.43 3693.87 3711.65 2180.27
573.12 941.48 1089.61 4106.9 1961.64 1028.34
766.71 1041.28 1409.89 2231.86 2919.85 2524.48
797.83 1155.91 1748.49 2984.14 2427.24 1392.22
770.49 1165.31 1556.98 3947.61 2602.96 1568.43
940.21 1363.39 1896.93 3201.14 2450.56 1512.71
393.58 539.06 767.14 1137.74 1333.9 894.84
305.57 411.13 569.62 887.64 835.64 556.68
554.53 857.33 1127.87 4059.18 2422.81 1452.68
333.86 563.06 681.69 3447.02 1440.09 770.92
560.07 780.91 1114.35 1734.41 1823.42 1288.71
760.2 1046.86 1458.22 2323.34 2309.29 1797.78
847.02 1210.57 1769.77 3239.82 2560.92 1569.12
908.91 1337.87 1916.96 3124.31 2193.1 1319.52
903.96 1323.79 1945.97 3085.17 3137.28 2068.46
293.29 416.33 538.84 1412.37 790.18 476.38
874.24 1278.19 1968.51 3122.77 2667.38 1525.14
868.44 1228.17 1701.91 2781.44 2520.25 1781.92
883.79 1248.64 1726.41 2802.69 2560.0 1832.37
679.05 1006.19 1314.33 3476.83 1916.64 1145.12
657.17 981.26 1354.32 3178.41 1728.23 1000.79
741.76 1100.44 1505.74 3244.96 2020.1 1276.44
948.76 1418.45 2119.46 3121.87 2799.21 1767.56
743.4 1138.44 1635.67 3511.74 2387.36 1438.72
897.81 1283.54 1874.78 2912.23 2929.27 2050.53
813.61 1151.34 1625.11 2598.52 2814.69 2205.27
803.39 1147.4 1700.83 2774.19 2655.65 1601.51
225.09 415.26 443.28 4226.14 1395.4 711.73
731.83 1004.49 1392.18 2285.25 2839.9 2322.6
668.08 1061.6 1339.3 4263.56 2163.08 1230.04
582.06 806.39 1142.32 1816.93 1568.34 1085.66
892.17 1273.05 1848.46 2915.49 3062.24 2137.66
495.2 697.02 1018.98 1768.82 1421.77 849.26
201.65 373.47 362.61 4447.35 1306.66 625.72
218.37 269.82 345.38 506.1 612.55 499.02
736.38 1039.94 1537.24 2377.96 2349.58 1614.87
464.37 666.04 967.03 1397.33 1258.53 815.52
852.41 1217.9 1767.01 3084.72 2743.54 1829.64
406.04 564.98 838.95 1333.9 1484.83 900.64
687.84 967.49 1434.05 2316.52 1934.14 1158.68
213.54 434.72 324.41 4303.72 1148.42 534.44
579.17 843.91 1189.29 2376.63 2115.88 1344.89
352.61 512.79 677.09 1580.47 884.13 522.97
692.71 996.88 1460.35 2745.21 2323.01 1364.14
646.67 1018.0 1395.46 3707.3 2714.06 1674.99
470.95 663.61 995.69 1595.64 1778.58 1070.47
305.99 407.42 571.25 887.34 845.18 530.05
784.26 1165.2 1660.34 3625.82 2699.02 1663.24
915.02 1288.85 1850.73 2862.56 3539.46 2588.39
192.49 243.56 321.04 430.08 399.36 284.09
988.19 1428.25 2118.15 3239.36 3833.13 2505.34
296.25 478.03 472.75 3076.37 1498.99 1032.68
889.78 1314.22 1820.77 3393.71 2640.89 1660.74
550.77 843.13 1131.37 3252.59 2298.39 1507.1
819.72 1199.0 1783.84 3231.45 2618.22 1590.54
909.65 1342.17 1993.21 3007.8 3076.03 2175.42
780.38 1165.01 1599.73 3611.34 2537.12 1516.99
552.51 767.79 1126.94 1806.26 1511.91 914.96
671.31 894.27 1198.98 2024.97 2725.7 2395.23
618.06 893.27 1198.64 3059.49 2456.15 1810.07
394.44 536.84 720.04 1119.41 1070.9 783.32
929.95 1340.73 2057.76 3167.03 2821.59 1647.37
713.46 1009.33 1458.58 2310.04 1808.71 1135.21
953.05 1358.57 2054.15 3155.99 2863.61 1757.65
468.97 715.88 970.54 2451.15 1547.36 941.86
617.4 989.87 1312.31 4283.44 2797.23 1547.84
592.92 837.23 1159.84 1843.92 1460.16 915.52
736.51 984.83 1317.26 2157.66 2832.61 2499.15
304.73 558.32 552.95 4873.08 1731.91 858.75
925.63 1360.86 2001.27 3118.09 3554.48 2473.59
691.82 903.98 1170.91 1952.25 2761.51 2581.19
549.6 866.43 1108.74 3896.22 2102.71 1161.28
794.01 1081.68 1517.31 2425.73 2804.14 2260.47
840.07 1230.66 1823.16 2813.48 2861.64 1841.24
93.32 245.73 102.87 4569.27 1047.36 388.59
871.47 1241.52 1811.95 2790.81 3370.3 2322.34
448.72 740.33 971.87 3829.47 1848.12 939.15
265.71 349.51 478.41 697.53 684.88 465.58
792.65 1147.98 1607.23 2574.19 2230.11 1437.47
657.69 995.86 1399.22 3632.48 2171.04 1193.29
861.28 1261.89 1724.92 3403.65 2314.03 1391.62
187.37 235.73 307.91 411.09 377.8 271.57
614.3 903.19 1287.52 3216.94 1959.04 1111.68
860.91 1235.58 1840.75 3008.36 2852.62 1688.57
557.46 810.64 1188.53 1728.75 1554.49 998.31
278.29 366.08 507.88 781.47 744.98 472.22
859.12 1285.57 1937.95 2881.43 2791.2 1849.82
535.43 766.3 1078.24 1725.64 1225.62 755.45
132.16 328.13 195.97 4625.37 1259.56 505.77
486.36 762.1 984.19 3790.57 2123.91 1383.58
445.36 620.02 845.52 1326.44 1185.22 803.77
685.95 915.64 1252.85 2094.33 2668.9 2283.46
947.61 1416.69 2116.94 3267.77 3602.67 2360.15
888.11 1271.43 1886.27 3296.15 2599.7 1532.38
809.8 1130.11 1602.27 2579.14 2931.0 2234.25
472.07 786.26 806.95 4610.45 1841.75 976.64
937.93 1380.23 2051.03 3174.35 3227.23 2071.63
715.27 945.42 1252.72 2082.0 2748.83 2475.51
711.76 1096.55 1385.19 4264.68 2238.19 1224.07
143.25 290.16 228.29 4537.55 1090.48 458.04
407.29 719.03 605.64 5131.29 1623.14 794.5
592.32 923.41 1234.3 3890.2 2318.82 1340.4
880.25 1280.47 1968.52 3037.68 2701.32 1587.94
408.46 568.35 764.78 1394.54 996.08 624.17
677.41 937.83 1248.84 2331.17 2598.93 2179.88
739.55 1055.66 1473.03 2361.15 1877.24 1175.19
531.38 879.76 1125.68 4134.2 2023.93 1162.72
315.75 422.69 563.9 863.33 695.35 456.96
721.21 1042.77 1598.2 2447.5 2144.02 1238.17
220.73 285.2 354.0 645.19 447.42 301.04
520.36 775.53 953.15 2688.94 1748.86 1169.45
388.17 759.42 540.8 5000.63 1770.2 905.58
763.71 1139.49 1686.7 2712.7 2299.62 1436.62
613.8 813.87 1049.97 2050.78 2526.08 2266.64
227.48 306.32 389.5 920.53 557.36 335.88
671.9 947.02 1423.38 2165.01 1925.03 1155.16
968.58 1408.66 1976.92 3182.05 2812.7 1850.11
901.96 1311.88 1824.97 3263.76 2381.53 1447.5
461.47 657.52 906.53 1710.95 1354.82 880.02
719.02 981.17 1351.3 2230.17 2815.73 2337.97
914.06 1345.28 1990.74 3157.94 3157.95 2033.68
575.05 804.48 1070.98 2457.56 1983.2 1509.58
750.18 1078.32 1554.53 3050.18 2535.8 1679.0
360.23 491.83 694.27 1038.38 1018.52 674.11
869.02 1224.7 1749.49 2765.81 3033.65 2245.57
534.14 742.99 1104.61 1667.59 1485.41 900.99
887.49 1279.52 1889.18 2911.5 2806.56 1867.07
607.22 958.88 1135.93 4374.4 2062.42 1175.58
249.4 482.34 481.53 4514.73 1698.73 787.96
227.33 425.31 346.47 3779.42 1104.15 539.15
910.6 1300.55 1975.74 3026.92 2686.76 1595.57
455.15 714.64 927.92 4051.4 1660.39 885.96
827.0 1211.5 1852.71 3216.95 3419.58 2010.17
97.71 300.73 171.26 4289.16 1158.96 459.87
150.82 177.59 218.08 285.43 298.19 225.45
609.3 885.73 1245.72 2186.0 1457.1 879.01
866.77 1270.35 1763.16 3108.36 2507.13 1593.92
233.14 448.89 411.05 4318.95 1579.46 793.66
386.11 519.4 694.89 1097.23 1010.27 738.76
557.05 800.37 1102.19 2507.22 1883.6 1288.67
688.45 1006.57 1400.83 3261.42 1918.13 1144.54
892.59 1287.28 1917.29 3337.12 2720.65 1630.16
415.59 725.38 609.18 5081.89 1537.32 727.11
562.25 834.93 1040.88 3605.44 2448.57 1722.03
724.46 1019.67 1450.52 2841.94 2550.7 1852.47
810.24 1116.3 1569.66 2591.06 2957.69 2268.32
530.95 757.87 1101.24 1672.27 1780.51 1163.69
923.56 1372.24 2039.68 3162.04 3528.54 2360.37
673.39 1011.56 1416.09 3463.42 2653.53 1692.54
958.55 1387.29 2055.08 3143.8 3476.97 2253.16
742.13 1154.86 1470.62 3976.18 2988.79 1849.02
824.1 1189.57 1761.67 2700.96 2550.67 1654.94
823.34 1124.42 1578.0 2480.87 2872.47 2326.66
499.48 693.76 1008.16 1694.27 1368.38 826.71
586.95 970.83 1078.24 4389.42 2186.09 1170.02
354.94 587.1 642.07 3724.03 1359.02 694.6
468.48 651.63 972.12 1463.88 1300.11 773.13
497.88 819.34 1017.81 4092.61 2160.31 1226.57
894.94 1294.51 1906.54 3028.2 3253.12 2114.06
837.93 1211.18 1738.52 2730.7 2530.38 1569.01
602.52 939.9 1311.22 3591.1 2078.51 1206.06
804.79 1202.5 1779.05 2828.91 2390.0 1499.37
99.71 254.27 119.4 3898.54 1002.25 385.04
303.24 461.23 575.74 2366.16 1141.98 681.17
770.79 1139.09 1711.86 3200.02 2409.37 1361.74
603.32 881.86 1297.66 1981.03 2179.9 1442.08
642.18 1028.33 1175.54 4341.58 1768.24 941.57
909.21 1331.37 1937.01 3309.98 2865.17 1833.27
802.96 1119.54 1531.71 2595.98 3091.26 2538.64
313.39 421.09 589.69 866.49 822.2 558.23
389.08 582.63 790.01 2008.48 1204.64 723.9
410.15 647.61 768.34 4107.81 1786.74 1047.69
881.42 1247.15 1789.94 2822.72 3052.46 2221.84
348.46 455.39 626.34 965.69 1050.2 811.44
403.99 683.13 687.73 4542.77 1564.25 780.01
809.71 1104.28 1507.01 2384.75 2997.08 2544.54
621.34 948.74 1310.08 3530.78 2152.13 1388.74
267.92 558.67 399.33 4845.29 1359.24 629.51
682.41 908.09 1202.28 2049.47 2599.87 2286.15
295.58 392.5 544.45 791.34 922.03 629.53
367.55 592.87 714.92 3868.31 1465.09 742.82
761.28 999.43 1297.32 2083.98 2897.83 2717.89
860.42 1244.79 1843.74 2851.6 2681.26 1739.7
164.93 371.89 272.96 4567.26 1355.04 578.76
824.98 1175.87 1760.55 2767.79 2710.78 1815.27
859.76 1201.95 1749.25 2860.77 2694.95 1858.37
718.31 993.39 1385.78 2211.87 2628.33 2155.09
697.67 916.25 1192.08 1986.71 2734.61 2536.89
251.77 452.03 438.9 4493.3 1312.66 610.54
854.89 1221.8 1780.25 2786.06 2753.3 1917.7
416.53 701.23 802.2 3938.44 1523.36 777.32
402.22 656.54 780.0 4339.87 1926.25 1082.81
880.62 1234.76 1763.64 2730.55 3396.1 2520.03
826.42 1199.58 1703.65 3057.25 3087.35 2149.44
933.08 1420.16 2151.41 3421.35 3057.2 1937.57
345.78 468.53 659.72 971.4 1066.72 716.29
574.4 825.94 1165.8 1871.15 1326.37 814.12
520.26 808.9 1093.53 3887.24 2123.41 1242.3
566.22 798.75 1160.69 1751.73 1934.5 1272.36
535.17 754.81 1098.64 1663.14 1572.82 1034.5
961.47 1446.25 2188.25 3258.63 3150.15 2078.02
818.64 1124.58 1600.55 2539.73 2814.63 2183.46
591.32 905.79 1197.22 3919.86 2198.0 1216.57
684.17 987.57 1510.53 2455.32 2743.42 1628.3
814.93 1206.9 1800.2 2645.03 2431.97 1554.62
137.64 398.96 103.76 5137.83 1094.4 415.48
848.98 1175.37 1673.69 2719.41 3391.27 2596.35
804.52 1153.47 1700.45 2589.7 3061.11 2008.86
820.75 1162.17 1626.03 2997.04 3316.26 2434.57
741.86 992.28 1328.65 2187.71 2697.48 2372.22
891.88 1272.92 1881.58 3093.39 3041.01 1903.04
176.55 247.96 259.34 1161.1 488.65 291.82
325.48 444.48 625.0 926.72 941.39 630.51
729.16 1077.34 1597.12 2451.34 2699.93 1777.64
676.71 1048.67 1465.93 3602.23 2709.59 1648.8
805.16 1156.1 1625.53 2634.14 2143.46 1491.58
849.67 1260.77 1822.73 3195.13 2714.65 1827.89
276.06 510.01 517.63 4448.74 1574.2 775.65
521.46 685.41 915.62 1473.31 1879.35 1645.05
929.83 1326.69 1926.66 3088.42 2468.14 1576.64
612.3 940.95 1279.79 3781.17 2223.07 1318.61
946.76 1373.72 2041.77 3140.23 2968.99 1924.2
642.26 929.32 1260.85 3269.97 2680.82 1913.56
783.21 1114.36 1595.9 2464.65 2771.4 2168.15
130.97 146.62 170.69 211.65 209.37 168.43
231.05 295.58 399.81 600.92 574.09 373.6
843.64 1240.05 1822.73 3532.82 2593.29 1462.0
815.09 1149.95 1677.65 2768.48 2835.1 1883.77
681.32 1028.48 1514.7 3970.78 3047.2 1727.6
584.29 840.02 1227.44 1879.11 1907.52 1239.41
442.16 782.66 605.14 5186.97 1528.02 757.32
906.87 1296.97 1877.22 3094.19 3544.98 2457.99
808.62 1092.89 1452.52 2334.75 2878.39 2519.71
918.91 1342.27 1970.96 3375.45 3052.48 1927.68
245.65 436.04 276.54 3697.14 895.54 379.08
693.92 907.51 1179.35 1966.91 2756.79 2566.71
877.23 1274.81 1938.88 3319.16 2690.57 1536.86
544.52 867.4 1210.31 3988.5 2100.0 1222.18
853.63 1225.81 1704.15 2852.89 2284.94 1471.96
686.58 1027.27 1257.22 3452.87 1974.51 1247.15
562.3 803.53 981.4 2871.43 2325.87 1925.77
908.37 1295.93 1913.89 3150.4 3114.45 1964.52
910.42 1310.09 1930.18 2992.25 2930.82 1982.34
491.32 812.21 1001.96 4365.47 2219.72 1301.53
203.15 433.02 383.73 4144.83 1291.04 569.52
832.67 1214.5 1761.63 3128.34 2795.93 1794.2
896.27 1271.05 1762.57 2857.99 2547.32 1783.96
465.67 658.67 951.42 1440.75 1464.54 960.36
765.4 1097.73 1481.53 2995.67 2612.13 1842.46
706.5 992.77 1422.77 2261.21 1875.03 1249.32
172.65 209.91 258.08 359.5 323.41 240.28
731.24 1068.59 1500.79 3526.62 2076.28 1237.83
461.21 746.84 968.69 4042.89 1895.87 955.71
866.47 1296.6 1843.39 3591.05 3146.87 1981.48
737.54 1153.3 1594.34 3712.52 2418.2 1459.99
740.34 992.71 1322.33 2171.5 2793.39 2443.76
522.37 704.16 892.45 1893.87 1940.45 1709.11
335.8 436.4 533.12 1356.16 1269.02 1119.01
747.13 1065.73 1558.5 2399.15 2351.36 1602.09
367.79 618.04 634.53 4199.05 1371.95 697.02
879.21 1228.49 1742.2 2706.78 3257.49 2473.33
931.6 1371.15 1886.87 3385.37 2701.81 1724.06
682.15 985.55 1506.07 2468.81 2739.97 1624.97
517.32 748.27 1093.03 1659.64 1824.53 1212.78
736.45 1039.23 1544.38 2499.83 2085.83 1246.24
848.96 1164.29 1613.63 2527.5 3273.81 2651.37
777.44 1151.92 1643.92 3459.09 2970.05 1865.1
402.17 587.75 813.09 2002.99 1393.78 869.03
828.32 1265.4 1744.58 3679.31 2595.98 1630.32
249.68 502.92 524.84 4105.08 1456.47 691.94
277.21 365.04 481.02 726.96 588.99 393.19
768.49 1118.47 1686.33 3174.7 2396.92 1360.09
868.02 1264.91 1949.74 2999.57 2632.22 1517.18
780.7 1037.08 1381.46 2225.25 2866.33 2570.01
773.34 1125.62 1601.1 2602.05 1899.63 1192.05
476.87 667.08 964.85 1453.71 1375.49 909.29
754.42 1128.98 1579.07 3778.52 2365.71 1306.27
831.58 1203.78 1753.14 2889.2 2998.92 1942.58
871.75 1235.21 1819.71 3098.65 2633.08 1666.36
181.55 221.7 286.56 411.69 395.0 270.25
539.14 748.05 1096.6 1755.84 1470.19 890.88
693.32 1084.13 1494.36 3995.34 2852.74 1776.72
205.44 258.77 334.12 475.89 447.27 309.9
815.47 1172.76 1696.55 2540.8 2613.28 1913.73
663.69 876.85 1179.42 1996.46 2654.97 2341.5
779.34 1075.43 1529.19 2441.71 2757.23 2168.84
435.3 613.07 853.28 1351.8 966.77 604.72
872.55 1252.67 1857.96 3273.99 2575.59 1512.89
606.08 918.46 1275.42 3569.7 2184.47 1304.48
767.42 1114.05 1711.53 2790.96 3120.1 1846.08
197.63 249.39 319.34 464.49 352.38 246.96
728.44 1076.22 1595.39 2448.64 2696.94 1775.71
93.05 240.86 93.61 4618.21 821.54 323.87
852.21 1235.67 1750.61 2842.33 2192.23 1453.36
99.46 109.7 101.02 453.26 170.88 123.67
435.29 693.74 869.87 4260.56 1680.01 865.65
172.32 208.15 264.33 355.62 403.94 295.79
773.82 1154.03 1607.91 3280.93 2011.58 1198.35
841.38 1232.65 1826.2 2818.26 2866.51 1844.31
593.38 856.18 1158.19 3233.15 2173.8 1462.82
811.45 1131.77 1559.12 2738.98 2540.87 1943.47
273.56 392.16 502.99 1766.53 922.16 553.04
389.66 543.24 750.75 1181.42 848.8 536.03
696.77 1040.44 1388.13 3353.08 2233.6 1411.9
938.11 1356.99 1946.85 3068.32 2892.96 1836.52
752.56 1073.88 1592.88 2594.23 2460.67 1462.36
233.65 433.54 367.63 3714.08 1134.4 566.1
708.5 1010.1 1408.36 2252.86 1779.11 1106.76
750.95 1008.76 1375.33 2274.29 2735.53 2323.13
723.3 1038.5 1523.37 2347.58 2300.01 1475.1
462.34 706.08 688.01 3812.86 1953.82 1434.31
781.37 1037.62 1372.23 2201.21 2842.13 2580.25
325.41 444.38 624.84 926.48 941.15 630.35
797.1 1147.45 1595.02 2914.67 2273.19 1609.7
129.66 273.16 194.91 4561.46 1121.84 488.55
628.75 826.77 1093.44 1789.41 2384.29 2148.92
345.77 548.19 617.54 3073.16 1258.62 688.24
400.71 686.67 836.85 3936.99 1861.14 1002.72
267.12 462.55 513.18 4317.09 1453.94 739.5
505.91 916.0 912.65 4696.77 1937.1 1047.37
725.39 990.01 1363.13 2247.48 2887.61 2390.4
793.24 1062.95 1412.71 2257.95 2907.05 2572.94
862.14 1236.94 1776.26 2802.02 3341.97 2505.23
927.01 1373.95 2036.52 3157.32 3538.69 2390.5
608.82 880.54 1160.26 3140.67 2266.24 1621.34
859.1 1254.99 1811.05 3268.45 3217.09 2098.5
745.51 1051.0 1480.29 2395.04 2612.68 2054.83
764.5 1050.64 1446.91 2305.26 2868.42 2448.22
265.52 540.65 223.41 5606.12 1152.6 428.27
827.52 1152.65 1631.56 2658.78 2522.42 1870.48
822.41 1120.86 1516.64 2416.11 2912.57 2442.11
801.13 1076.64 1427.41 2295.42 2808.21 2474.9
280.03 472.02 466.17 3383.31 1672.37 1173.4
755.08 1146.03 1666.65 3407.36 2629.23 1746.18
958.51 1385.69 2049.87 3139.14 3483.25 2271.79
622.42 878.65 1274.26 1938.43 2173.92 1466.12
983.18 1420.82 2106.97 3221.84 3811.95 2491.13
370.71 505.92 716.51 1059.8 1164.79 778.81
703.76 928.38 1212.93 2019.31 2719.24 2502.15
780.74 1118.53 1703.6 2638.71 2333.54 1369.97
630.88 954.94 1408.25 2609.42 2068.27 1297.18
655.05 909.4 1235.15 1968.96 2036.73 1575.0
160.02 190.31 237.73 315.58 303.12 228.88
748.86 1022.43 1380.76 2310.94 2571.43 2106.03
753.94 1118.17 1591.43 3407.42 2882.39 1804.17
944.47 1340.51 2012.39 3098.26 2882.03 1834.49
438.49 698.81 927.05 4414.93 2210.53 1182.69
590.01 892.05 1158.12 3901.92 1843.32 1040.78
657.05 957.23 1392.68 3046.31 2079.2 1190.08
388.35 599.28 763.83 2506.38 1262.54 734.03
267.29 401.73 475.77 2435.7 983.83 544.87
861.12 1222.49 1812.54 2816.13 2800.78 1934.77
372.62 612.05 614.43 3662.83 1260.48 612.3
876.66 1261.5 1864.89 2845.28 3364.22 2202.72
648.67 982.63 1363.22 3734.34 2176.3 1183.64
386.48 618.86 771.56 4134.07 1842.93 1027.87
912.27 1334.49 1944.25 3314.49 3352.85 2152.0
583.3 815.8 1127.39 1845.05 1645.25 1221.09
932.71 1372.2 2038.86 3153.15 3207.34 2059.21
876.39 1230.31 1752.44 2819.0 2543.8 1823.21
635.6 940.7 1409.69 2075.6 1982.34 1297.65
681.13 905.7 1221.36 2089.96 2731.67 2352.04
838.97 1246.93 1821.86 3346.34 2944.91 1866.34
816.23 1121.69 1542.18 2402.27 2974.65 2554.25
738.95 993.22 1333.67 2177.75 2890.59 2527.03
682.72 980.69 1390.89 2725.26 1859.09 1145.57
578.37 777.9 993.3 2278.34 2493.71 2182.26
805.26 1110.52 1563.77 2538.38 2850.47 2165.15
786.58 1128.66 1698.19 2678.62 2481.57 1583.5
404.4 631.36 742.9 3094.76 1685.05 1124.39
733.33 980.5 1313.63 2146.11 2795.78 2475.02
630.36 928.99 1244.06 3380.37 2519.65 1771.38
586.22 827.88 1250.78 1899.65 1683.56 988.21
406.64 582.82 854.22 1233.86 1168.48 770.03
945.67 1371.31 2036.72 3132.8 2969.15 1930.92
781.27 1116.72 1658.54 2703.95 2564.51 1522.29
679.95 961.86 1413.75 2297.94 2222.18 1368.27
649.81 963.76 1216.39 3753.11 2134.47 1342.85
854.55 1180.65 1664.3 2705.74 3045.1 2316.58
488.46 710.9 1007.02 2033.98 1732.81 1096.73
747.53 1056.08 1469.26 2430.67 2206.97 1650.78
622.36 951.12 1131.33 3481.7 1713.57 972.43
813.22 1149.47 1666.82 3032.7 2559.42 1689.71
248.51 325.38 458.16 661.2 588.65 372.09
912.88 1303.67 1927.64 3171.45 3122.05 1956.83
595.55 852.92 1296.54 2098.0 2342.38 1396.44
468.09 751.25 983.77 4372.63 2256.06 1206.91
937.89 1368.46 2105.93 3452.71 3891.41 2337.58
505.45 706.41 971.77 1534.47 1218.8 770.81
714.01 1058.75 1434.43 3300.02 2071.25 1351.5
420.61 621.14 704.63 3482.2 1761.53 1372.27
733.25 992.66 1383.37 2327.05 2643.48 2130.61
148.58 321.59 206.35 4796.21 1039.62 413.61
294.93 393.25 538.92 782.35 804.82 603.61
836.77 1164.63 1702.32 2693.96 2783.21 1993.39
883.21 1267.7 1862.59 2865.04 3221.41 2152.77
754.19 1018.94 1384.8 2243.28 2812.71 2421.19
361.5 615.78 531.49 4309.59 1364.19 690.84
388.24 757.02 519.66 4958.53 1486.15 701.79
856.59 1237.63 1776.42 3311.1 2284.04 1400.12
359.9 484.93 701.42 1038.46 929.39 579.52
950.0 1380.5 2040.17 3181.98 3101.78 1975.09
922.84 1324.51 2018.31 3108.63 2831.79 1715.95
597.91 894.72 1172.74 3364.09 1711.08 995.91
382.9 618.04 645.01 3942.96 1616.15 1013.22
136.27 348.28 262.14 4233.54 1222.37 497.72
797.39 1102.7 1555.7 2494.92 3211.44 2485.26
710.19 965.08 1323.1 2192.18 2799.07 2348.57
562.25 883.1 1204.34 3649.55 1988.97 1149.71
687.38 984.41 1441.33 2218.04 2173.21 1395.84
452.36 734.8 849.88 4381.8 1628.85 869.8
820.5 1217.43 1720.04 3308.75 2060.22 1216.85
901.09 1287.47 1874.12 2986.01 2331.35 1451.84
781.9 1109.94 1677.93 2562.21 2276.06 1358.11
967.93 1441.24 2144.74 3316.97 3691.42 2462.32
236.33 311.6 425.79 586.52 541.23 371.34
543.81 744.19 999.88 1950.61 1954.99 1582.78
865.14 1239.14 1790.28 2810.95 3091.96 2226.43
378.85 525.68 747.86 1117.36 1187.39 788.27
871.57 1232.73 1801.75 2978.68 3052.47 2027.27
640.9 958.62 1272.25 3692.12 1922.11 1101.92
871.56 1259.22 1747.58 2950.11 2277.49 1420.76
352.89 482.62 650.3 1003.34 877.71 588.32
960.48 1396.09 2010.18 3177.36 2935.09 1813.0
774.06 1049.8 1454.76 2398.88 2726.91 2224.4
982.98 1489.07 2268.07 3361.16 3181.23 2039.83
672.4 973.8 1429.87 2188.33 2332.09 1512.82
383.54 540.09 777.59 1111.85 1017.66 664.33
507.74 796.66 1019.43 3585.2 2016.75 1196.0
584.65 801.87 1008.53 2708.32 2402.32 2039.29
804.56 1176.4 1740.47 2683.27 2729.12 1757.69
701.1 987.07 1464.16 2366.54 1975.53 1182.57
434.57 668.51 886.23 2731.47 1684.87 995.46
528.08 705.13 949.48 1541.6 1950.64 1688.11
407.9 701.77 865.6 3920.69 1996.52 1101.78
768.82 1076.22 1514.23 2459.36 3087.45 2453.23
712.16 948.38 1266.16 2136.26 2744.07 2433.27
904.88 1304.66 1978.02 3265.22 3778.47 2409.42
782.78 1120.27 1527.53 3076.32 2954.54 2143.86
711.22 939.53 1244.98 2052.78 2765.25 2502.19
811.73 1178.35 1772.33 3302.43 2579.48 1514.89
539.78 726.0 1008.29 1607.79 1691.11 1316.02
403.45 652.43 694.39 3841.35 1873.19 1279.7
430.1 569.15 746.22 1192.38 1393.26 1180.89
367.22 623.62 714.41 4303.4 1917.93 1037.18
343.35 537.56 624.57 2893.5 1389.28 796.62
867.45 1228.22 1751.07 2738.21 3101.46 2334.4
134.52 151.97 176.64 223.05 213.68 168.71
850.6 1173.14 1668.55 2704.15 2771.05 2089.03
804.17 1081.32 1455.1 2331.7 2790.12 2436.71
757.12 1023.47 1361.52 2244.62 2770.53 2404.89
566.78 798.14 1103.64 1751.45 1388.04 872.28
293.09 522.66 464.08 4513.61 1474.67 762.55
601.82 822.33 1148.0 1836.85 2106.5 1674.9
817.62 1191.4 1831.0 2892.21 2476.63 1419.93
729.21 1117.52 1569.21 3499.64 2485.91 1571.17
933.85 1334.36 1860.9 2999.49 2538.28 1695.32
609.72 902.59 1353.73 1984.8 1876.12 1213.77
738.23 1068.61 1639.27 2511.85 2200.04 1269.37
666.3 882.49 1178.89 1864.86 2409.9 2145.98
772.04 1089.41 1552.52 2457.54 2859.83 2280.62
883.28 1241.95 1780.81 2781.64 3459.18 2542.54
863.48 1214.69 1731.44 2740.41 3025.25 2256.16
832.02 1137.26 1562.49 2470.32 3002.38 2499.28
759.72 1066.8 1531.7 2399.38 2832.25 2053.16
619.45 963.99 1133.3 4334.98 1831.36 999.94
730.51 972.21 1292.91 2134.48 2710.44 2418.52
664.72 989.04 1387.17 3548.2 2137.49 1209.44
857.86 1264.09 1852.46 3098.59 2978.63 1919.07
698.46 936.13 1269.7 2113.53 2829.29 2417.36
944.51 1383.22 1938.74 3300.8 2733.66 1742.79
777.28 1076.59 1519.82 2447.54 2792.01 2199.66
738.15 993.86 1337.72 2182.99 2853.26 2488.5
560.99 854.98 1208.91 3851.16 2022.12 1110.52
434.89 707.2 821.96 4136.04 1969.57 1131.2
935.96 1347.59 2012.44 3295.23 3124.13 1845.25
867.85 1245.34 1737.36 2849.73 2295.18 1473.18
969.7 1450.11 2178.38 3209.17 2916.06 1831.39
903.21 1317.68 2032.41 3131.42 2755.07 1592.55
491.94 686.15 990.65 1485.4 1747.28 1161.13
291.95 384.3 544.19 793.11 712.56 454.16
888.48 1255.79 1860.76 3043.14 2665.88 1685.78
279.37 490.08 568.85 4103.96 1356.58 685.67
823.97 1212.89 1820.94 3597.07 3528.13 2129.61
470.5 619.2 827.8 1362.35 1593.13 1357.3
372.4 503.45 730.35 1083.6 969.29 602.59
709.56 1069.73 1456.33 3635.16 2395.31 1400.67
230.98 363.84 384.56 2603.94 783.5 414.66
724.31 1054.38 1519.95 3614.51 2268.98 1297.99
209.17 410.0 341.8 4299.02 1474.28 752.65
756.59 1076.17 1628.32 2511.09 2310.97 1421.68
305.76 669.08 338.66 5277.45 1516.58 677.01
452.51 592.08 774.68 1242.26 1577.52 1380.73
239.47 312.91 424.03 608.83 643.86 444.24
709.84 1109.68 1597.47 3846.86 2483.9 1508.09
772.56 1150.12 1711.53 3743.21 3362.5 1977.26
684.63 987.31 1396.48 2929.79 1997.46 1157.79
618.21 905.0 1333.11 2036.71 2241.46 1481.81
417.32 718.62 811.99 4328.45 1928.02 1089.86
917.38 1336.54 1976.55 3198.31 2905.04 1867.64
654.72 921.57 1383.62 2102.97 1870.19 1123.46
875.66 1236.73 1771.16 2796.3 3043.73 2232.86
914.43 1353.34 2003.24 2998.2 2793.71 1854.66
806.19 1162.64 1665.77 3095.3 3076.8 2094.26
733.85 1133.6 1460.04 3961.83 2595.89 1596.16
548.28 820.49 868.47 3791.08 2129.55 1616.18
590.14 801.37 1056.09 2055.25 2234.35 1891.7
624.86 877.35 1314.53 1995.16 1774.91 1068.37
936.96 1358.01 2069.86 3398.73 3887.06 2424.59
636.43 847.43 1133.37 1838.24 2370.88 2088.76
331.83 637.13 576.67 4661.93 1613.83 818.55
923.88 1350.08 2083.01 3412.41 3828.06 2272.07
888.49 1258.62 1863.46 3097.8 2649.93 1659.72
598.84 787.12 1037.44 1712.98 2283.27 2041.71
934.63 1333.35 1935.89 3092.27 2477.27 1585.56
356.67 489.98 719.76 1134.88 1261.46 771.5
390.71 621.59 784.11 4186.73 1751.7 904.81
562.45 934.64 1159.33 4115.33 1993.1 1124.86
860.86 1294.52 1911.28 3137.85 2588.55 1615.13
756.77 1121.76 1647.55 3226.44 2328.07 1306.58
401.47 630.27 810.4 3908.54 1596.95 846.51
887.78 1281.09 1849.49 2780.22 2839.19 2090.67
340.1 496.31 600.06 1735.77 980.04 604.3
634.17 911.6 1389.8 2253.72 2517.15 1497.48
601.42 832.07 1136.73 1848.58 1786.44 1405.33
309.49 417.93 605.23 891.64 789.3 483.82
684.26 957.94 1302.66 2774.49 2329.94 1765.81
527.47 819.14 1066.22 3959.23 1631.07 884.24
692.39 999.98 1440.11 2588.88 2222.44 1473.3
754.96 1099.83 1621.68 2489.54 2654.03 1716.6
796.91 1154.42 1616.49 2589.39 2243.2 1445.69
906.13 1323.18 2042.96 3147.13 2755.9 1582.39
686.33 1057.26 1488.71 3508.44 2610.38 1590.82
861.85 1244.89 1788.79 3297.53 2318.92 1415.51
906.08 1314.05 2003.58 3275.7 2759.96 1582.26
887.48 1272.55 1838.06 3087.88 2365.14 1491.56
201.56 407.46 341.51 4588.73 1335.95 575.27
910.54 1335.31 1864.48 3307.65 2652.14 1685.12
603.73 857.97 1255.96 1909.39 1804.84 1181.71
799.19 1174.88 1606.1 3417.87 2209.92 1312.44
555.07 771.57 1132.76 1815.92 1519.9 919.58
559.27 877.38 1099.82 4255.91 2185.38 1173.68
614.23 851.87 1236.08 2044.29 2485.62 1774.13
890.39 1311.3 1875.79 3099.09 2153.33 1292.81
270.53 358.81 511.29 744.43 661.12 412.45
708.04 983.69 1364.88 2209.57 2418.82 1822.79
715.65 1011.82 1524.63 2323.0 2064.65 1235.88
535.31 751.08 1035.99 1640.12 1301.21 820.22
895.72 1308.82 1905.73 3338.22 3301.52 2113.93
574.02 919.57 1193.9 4010.55 2443.73 1433.79
261.01 506.47 440.9 4881.57 1382.1 662.81
486.01 713.33 1027.06 2619.47 1580.11 879.26
512.95 718.19 1077.36 1628.45 1444.92 854.36
900.22 1306.9 1915.3 2984.44 3157.91 2154.03
226.16 287.01 379.4 554.51 451.41 312.9
819.39 1211.03 1745.86 3499.97 2814.03 1741.99
351.86 573.06 708.0 3924.4 1555.82 766.58
250.06 325.8 444.36 639.02 607.87 422.24
875.9 1274.98 1847.25 2976.84 3396.06 2450.07
820.3 1166.36 1740.56 2743.01 2717.71 1845.03
661.34 872.06 1158.65 1967.05 2734.78 2436.35
571.92 852.1 1197.47 3056.94 1852.0 1022.95
952.61 1367.86 2066.19 3306.54 2834.48 1673.66
485.74 691.21 996.78 1575.49 1619.76 1057.09
662.48 985.1 1444.44 2442.87 2178.24 1457.82
812.29 1206.48 1794.92 2762.02 3043.45 1999.3
489.34 682.26 984.74 1476.21 1736.36 1154.09
647.66 942.53 1298.67 3264.22 2813.18 1917.21
784.19 1086.78 1576.92 2526.21 2730.37 2027.36
171.5 212.01 260.63 511.96 383.13 255.9
174.6 405.89 254.66 4779.36 1415.46 633.01
623.29 945.99 1223.66 3654.72 2152.34 1304.4
861.33 1299.58 1921.37 3437.35 2682.59 1655.17
959.09 1389.92 1945.79 3131.76 2816.59 1889.85
662.28 892.19 1204.66 1949.92 2504.79 2154.14
820.89 1178.11 1738.17 2648.18 3129.85 2051.75
862.56 1254.89 1740.96 3301.65 2310.65 1404.42
896.73 1308.59 1914.77 3095.73 3271.71 2195.06
622.68 897.9 1314.35 2006.93 2138.2 1390.1
767.64 1070.26 1555.2 2496.31 2693.98 2005.39
428.08 743.68 665.14 5019.62 1654.22 825.5
916.93 1301.4 1887.97 2927.54 3579.84 2534.01
804.24 1082.69 1437.58 2311.94 2801.87 2456.6
274.92 367.24 507.28 741.35 752.73 511.55
299.04 417.63 570.74 1012.74 768.31 501.1
378.17 640.19 758.67 4368.48 1567.06 818.06
823.72 1142.73 1662.17 2640.42 2773.85 2021.22
820.83 1192.24 1788.62 3052.64 2636.03 1636.92
644.32 898.84 1199.08 2599.54 2269.12 1815.65
270.19 357.7 487.73 702.26 741.65 568.1
375.64 574.99 663.15 3527.86 1669.07 1117.67
927.79 1341.42 1978.05 3078.13 3369.54 2195.6
834.95 1165.05 1696.13 2796.19 2658.15 1839.19
702.07 924.46 1215.94 2012.96 2758.87 2527.11
819.7 1129.34 1557.29 2422.23 2978.95 2543.55
601.12 889.05 1332.58 1953.01 1846.16 1194.99
771.36 1105.04 1688.97 2584.92 2286.54 1326.42
182.31 378.12 231.03 4535.77 1074.98 472.57
879.52 1235.32 1768.85 2765.36 3445.71 2543.49
707.57 1047.92 1447.75 3738.93 2250.1 1277.46
741.06 1086.75 1521.66 3508.4 2059.14 1234.71
879.75 1267.03 1824.79 3095.71 3261.33 2211.23
515.93 708.63 980.16 1709.42 1493.92 1092.35
892.45 1313.67 1878.52 3102.44 2169.66 1309.98
388.98 667.63 715.98 4336.18 1670.23 894.5
506.35 721.46 886.53 3052.58 2192.49 1728.84
806.67 1199.63 1768.62 2912.34 3064.91 2029.62
734.67 1048.95 1498.55 2961.18 2545.55 1747.67
516.79 716.12 1019.99 1551.69 1775.4 1251.08
403.31 567.38 656.96 2340.65 1637.05 1341.53
699.82 926.08 1215.71 2016.3 2708.51 2450.64
888.27 1251.33 1789.86 2874.74 2530.23 1774.73
330.82 515.37 597.61 2224.14 928.14 514.75
751.23 1105.88 1563.08 3258.23 3156.52 2035.03
524.21 821.55 830.11 3960.69 2132.75 1514.18
917.88 1384.4 2101.45 3115.32 2966.08 1919.11
934.43 1336.62 2018.16 3181.2 2813.31 1702.85
915.4 1308.96 1828.01 2966.19 2500.16 1654.65
757.03 1112.26 1619.69 2675.9 2893.6 1992.87
319.2 429.83 603.02 887.35 841.86 570.7
660.7 931.13 1341.74 2119.98 1661.76 1046.18
445.65 731.85 917.09 4197.22 1694.6 922.45
528.54 814.29 1085.2 3987.12 2014.65 1107.49
381.17 536.42 771.93 1103.42 1010.01 659.63
691.63 923.97 1227.06 2085.77 2595.92 2261.14
914.97 1360.61 2038.61 3071.6 3077.26 2114.97
766.11 1085.87 1596.77 2734.89 2225.32 1350.02
631.11 905.96 1254.79 2096.22 1758.19 1140.53
766.23 1134.08 1692.12 2477.55 2256.23 1426.0
619.69 977.83 1305.84 3726.7 2217.77 1352.59
406.56 685.62 785.52 4282.2 1744.96 880.43
868.98 1287.14 1817.1 3624.08 2885.87 1790.84
551.69 786.27 1190.63 1921.15 2143.9 1281.69
883.94 1292.9 1897.96 3218.19 2821.91 1806.18
348.09 559.33 702.61 2799.49 1334.24 731.27
445.88 716.0 922.81 3355.38 2085.2 1223.98
585.1 818.85 1203.2 1954.72 2294.78 1549.16
579.32 889.21 1148.99 4057.36 2258.67 1325.62
955.32 1441.33 2187.93 3252.67 3113.49 2025.34
869.64 1303.38 1931.86 3044.05 2590.07 1624.37
646.53 987.14 1324.35 3794.95 2314.18 1385.3
625.9 890.06 1262.56 1969.36 1847.19 1174.59
827.24 1180.97 1647.66 2661.1 2202.14 1433.82
812.82 1233.73 1799.37 3524.95 3212.53 2053.96
944.47 1436.65 2177.75 3429.19 3075.93 1955.72
617.57 841.24 1111.18 2481.82 2522.04 2109.49
515.36 818.72 1053.98 4049.29 2085.11 1174.43
548.43 817.48 1039.38 3515.95 2112.2 1532.86
961.05 1413.12 2096.6 3238.69 3464.88 2240.64
731.95 1052.62 1443.7 2676.84 2056.28 1458.37
589.75 871.68 1241.74 2511.18 2058.11 1292.16
754.3 1118.33 1545.35 3557.98 2173.06 1287.24
491.73 741.28 977.04 2740.12 1717.96 973.27
534.63 740.32 1092.64 1660.89 1529.37 970.08
583.74 915.13 1145.91 3915.07 2055.33 1167.59
791.32 1121.95 1604.91 2526.34 2836.76 2101.03
634.63 979.26 1306.17 3718.15 2473.41 1492.04
190.9 237.53 297.8 424.71 379.55 275.53
664.21 1043.49 1402.95 3895.33 2217.33 1295.66
459.46 637.62 872.88 1371.75 1091.89 694.72
877.89 1264.71 1865.96 2851.43 3163.53 2068.15
354.24 475.19 676.98 1058.66 893.28 557.89
889.33 1305.92 1937.85 2994.09 3045.45 1957.14
470.26 773.09 943.42 4127.39 2059.65 1203.34
641.3 935.0 1252.81 3126.2 2530.29 1842.52
825.68 1179.71 1646.84 2657.46 2182.72 1410.54
519.5 753.72 1051.58 2944.69 1769.95 1079.46
906.58 1285.07 1910.13 3113.1 2677.5 1658.41
548.3 780.37 1181.2 1794.11 1575.1 921.38
947.02 1397.08 2066.2 3298.58 3421.66 2195.54
746.08 1002.15 1348.48 2201.59 2847.13 2480.84
93.58 279.16 109.5 4696.95 1177.6 437.37
774.99 1131.91 1671.56 2590.48 2622.32 1689.28
572.23 790.27 922.04 2607.38 2403.51 2087.34
210.99 266.15 362.69 510.81 461.48 302.75
229.14 455.13 284.57 4882.46 1307.88 619.59
948.13 1368.95 2005.91 3239.33 3694.99 2455.83
835.46 1184.86 1755.89 2752.24 2757.66 1911.81
137.91 197.38 170.66 1327.66 415.21 224.6
943.07 1388.19 2043.3 3169.06 3598.58 2494.89
864.86 1309.84 1912.58 3347.85 2623.02 1628.27
949.39 1390.93 2055.92 3176.67 3424.52 2248.38
898.94 1325.57 1952.82 2957.84 2784.6 1881.69
865.97 1248.37 1848.87 3182.56 2919.9 1732.54
766.16 1033.16 1423.16 2296.79 2792.28 2347.58
409.55 690.44 794.47 4215.35 1859.93 1055.28
840.98 1181.99 1631.98 2643.62 2514.3 1961.92
862.26 1244.29 1791.33 3151.46 3444.9 2344.53
869.08 1243.31 1889.79 2923.89 2690.75 1649.78
424.2 643.85 849.74 3548.22 1553.21 827.73
570.47 771.23 1056.37 1667.19 1715.48 1374.63
488.6 790.95 1008.79 4082.39 2160.37 1225.99
742.84 1119.71 1546.04 3454.67 2484.89 1469.76
341.52 623.94 735.84 3994.86 1643.67 837.62
843.41 1209.99 1679.74 2961.8 2776.2 1910.25
149.63 358.91 170.73 5145.39 1150.42 486.87
962.0 1398.0 2014.0 3173.0 2939.0 1816.0
69.0 191.5 59.0 4653.5 930.0 346.0
134.0 394.5 95.5 5146.0 1087.0 409.5
969.0 1403.0 2079.0 3181.0 3518.0 2279.0
155.0 368.0 123.0 5163.0 1156.0 447.0
89.8 263.8 87.2 4769.8 1060.5 381.0
971.0 1390.0 2115.5 3245.0 2879.5 1707.0
122.0 299.0 89.0 4632.0 914.0 354.0
72.0 203.8 71.8 4231.5 957.5 341.5
907.5 1325.5 2047.5 3151.5 2757.0 1579.5
948.0 1357.0 1978.0 3155.0 2462.0 1531.0
56.8 180.8 53.0 4412.8 873.5 325.0
119.5 322.5 80.5 4825.8 970.8 371.8
948.0 1376.0 2046.0 3146.0 2970.0 1921.0
911.0 1341.0 1922.0 3127.8 2196.5 1320.8
985.0 1493.5 2276.8 3372.5 3183.8 2033.8
76.2 218.5 55.5 4643.8 764.8 282.8
962.5 1390.0 1954.5 3151.5 2480.0 1527.0
959.5 1435.2 2145.2 3160.2 2832.8 1787.8
88.5 243.0 63.5 4918.0 903.5 321.0
978.0 1422.0 2105.0 3266.0 3199.0 2037.0
79.2 209.2 66.0 4931.0 970.2 374.0
222.2 574.0 104.8 5481.0 1198.8 463.2
992.0 1434.0 2127.0 3253.0 3849.0 2515.0
980.5 1432.2 2016.0 3245.2 2807.8 1800.2
966.0 1422.0 2112.0 3259.5 3477.0 2237.5
109.2 304.0 68.8 5231.2 1052.0 412.0
978.0 1434.0 2220.0 3640.0 4073.0 2397.0
81.5 229.5 75.0 4588.5 1023.0 369.5
937.0 1353.0 2081.0 3198.0 2826.0 1629.0
924.0 1316.0 1970.0 3207.0 2671.0 1584.0
102.5 315.2 89.5 4914.0 1200.8 467.0
980.0 1467.0 2194.0 3388.8 3736.5 2446.5
955.0 1376.0 2056.0 3368.0 3193.0 1885.0
977.5 1462.0 2197.0 3231.5 2940.0 1846.5
939.0 1381.8 2053.5 3176.2 3230.8 2074.0
265.0 540.0 222.0 5608.0 1151.0 427.0
83.0 265.0 84.5 4714.5 1156.5 420.5
245.0 494.0 207.0 5231.5 1090.0 397.0
304.0 635.0 236.5 5868.5 1229.5 464.5
138.0 335.0 114.0 4964.0 1063.0 407.0
53.8 244.8 74.8 4340.2 1057.2 381.2
619.0 799.0 1032.0 1800.0 2627.0 2458.0
688.0 897.0 1159.0 1935.0 2759.0 2592.0
756.0 989.0 1280.0 2056.0 2900.0 2740.0
100.0 100.0 100.0 100.0 100.0 100.0
