545.44 786.83 967.35 3249.46 2053.31 1558.75
168.36 295.15 228.48 2756.99 772.74 387.71
388.79 639.55 754.65 3523.61 1619.86 899.74
794.31 1138.35 1677.77 2554.22 3018.13 1979.78
373.26 560.4 703.6 2658.45 1254.28 731.42
801.15 1107.75 1499.35 2452.47 2743.82 2231.39
840.85 1275.83 1856.51 3550.44 3331.18 2153.36
851.3 1268.96 1905.71 2832.35 2768.03 1859.23
931.13 1344.16 1974.55 3066.84 3069.24 2021.41
430.69 620.69 789.46 2156.27 1372.79 918.62
610.46 949.04 1243.6 4097.36 2290.73 1349.56
660.47 1047.69 1281.75 3889.07 2317.14 1369.99
422.91 648.15 768.52 3380.82 1559.91 993.29
523.29 734.69 1063.97 1600.75 1764.91 1161.39
725.39 1027.02 1485.0 2353.03 1841.95 1155.35
847.15 1212.75 1695.22 2735.05 2228.76 1427.99
928.25 1329.05 1844.7 2968.42 2829.26 2018.93
324.79 453.96 652.92 931.23 883.3 591.2
185.35 226.49 286.64 396.57 441.05 345.3
295.48 394.33 546.39 804.87 789.95 531.25
125.97 138.5 157.52 193.56 172.34 143.83
748.87 1075.19 1451.74 3042.64 2292.46 1582.3
551.57 801.48 1174.54 1787.65 1966.07 1304.11
568.66 885.02 1138.32 3345.54 1794.32 1035.64
920.88 1348.79 1995.64 3098.25 3196.6 2095.75
176.83 219.35 282.82 387.13 417.49 304.86
974.08 1428.25 2209.81 3635.16 4056.97 2389.11
843.82 1208.45 1749.67 2766.86 3051.21 2188.22
693.84 1050.64 1487.64 3530.59 2588.83 1583.28
718.33 967.38 1337.49 2258.23 2641.33 2173.36
904.25 1301.64 1826.3 2943.23 2336.86 1454.72
944.29 1363.5 2004.24 3128.33 3145.28 2076.54
543.48 791.73 1026.65 3350.72 1954.66 1385.86
551.37 842.76 1132.11 4063.01 2459.33 1481.49
824.36 1219.72 1834.88 3373.73 2580.12 1454.38
753.41 1026.83 1445.35 2420.03 2646.39 2072.85
380.58 529.34 730.35 1147.51 825.31 522.35
261.13 501.68 388.73 4896.32 1382.64 607.41
679.74 977.14 1361.52 2170.85 1882.86 1219.44
514.34 793.02 1006.99 3695.03 1713.77 930.37
675.76 927.64 1206.5 2713.68 2553.56 2140.27
757.52 1146.08 1619.44 3625.63 2754.29 1710.52
595.12 931.01 1186.62 3876.11 2098.74 1207.76
458.71 785.32 914.93 4308.73 1788.05 900.65
177.01 217.56 278.92 380.97 400.31 290.08
314.24 443.4 602.89 1350.47 1005.08 637.81
628.27 907.07 1330.0 2036.89 2071.27 1342.9
893.14 1293.14 1896.14 3106.15 3501.83 2304.97
943.43 1361.63 2025.87 3398.37 3158.73 1860.75
540.5 756.55 979.15 2776.28 2384.08 1926.81
409.12 635.29 814.44 2928.26 1600.24 913.16
747.58 1033.31 1463.73 2405.47 2661.47 1972.19
319.4 425.22 585.89 890.41 711.11 470.24
507.21 792.56 1038.5 3735.24 1571.1 850.07
266.84 351.05 482.87 699.29 664.67 458.28
657.4 870.02 1156.79 1953.34 2660.53 2392.5
676.21 1021.61 1402.05 3634.97 2293.48 1405.38
420.11 633.78 729.43 3026.33 1822.7 1327.47
867.94 1235.03 1867.5 2863.78 2575.33 1561.27
615.69 990.03 1150.6 4205.99 2024.25 1091.62
724.09 1046.43 1582.66 2561.63 2210.88 1326.63
867.21 1304.48 1921.27 3274.31 3322.56 2160.26
271.7 360.88 514.59 792.29 876.97 549.21
846.83 1176.29 1639.87 2576.56 3149.57 2522.65
559.01 818.18 1149.84 2795.49 2250.15 1418.64
900.86 1279.29 1775.86 2878.31 2542.65 1766.16
103.89 175.03 118.02 2116.87 559.11 249.6
589.39 892.94 1250.33 2720.84 1812.48 1104.19
758.41 1027.38 1416.6 2348.96 3078.03 2544.66
613.66 937.93 1259.6 3851.86 2115.6 1162.03
582.97 808.69 1063.02 2692.15 2215.31 1774.71
837.43 1152.75 1640.34 2569.75 2866.71 2240.2
586.64 828.5 1251.76 1901.19 1684.91 988.97
611.63 934.75 1341.99 4166.23 2808.25 1572.39
413.16 571.55 795.34 1216.4 1131.39 723.41
168.32 391.25 321.58 4178.23 1209.41 506.73
542.92 758.83 1088.52 1997.58 1578.21 993.8
851.7 1213.18 1742.38 2744.49 3066.7 2254.17
879.91 1307.63 1946.94 2920.72 2667.92 1715.75
649.49 893.98 1286.19 2016.51 2145.26 1591.02
652.11 917.77 1306.02 2016.81 2306.9 1690.32
206.09 446.99 316.79 4717.11 1390.4 624.29
363.82 503.7 692.7 1084.96 782.0 497.13
642.12 919.69 1180.04 3042.07 2237.46 1669.63
590.98 850.1 1243.18 1900.18 1932.13 1255.18
442.59 630.29 888.48 1889.88 1341.45 803.41
388.21 611.59 777.55 4089.59 1636.58 869.71
708.77 1066.81 1525.69 3567.14 2621.93 1616.71
792.51 1061.08 1399.7 2249.4 2885.01 2587.16
835.57 1168.87 1662.44 2622.33 2878.76 2211.16
622.86 836.44 1085.92 2271.62 2509.32 2186.51
356.8 548.29 711.85 2729.18 1290.73 675.97
810.76 1157.29 1658.93 2566.04 2742.9 2080.56
589.87 843.46 1281.46 1951.21 1711.89 997.55
786.41 1048.18 1404.88 2264.31 2858.55 2530.78
366.53 523.81 716.9 1469.08 1186.68 764.2
269.21 461.33 512.15 4085.43 1420.78 766.99
582.95 853.71 1268.25 1873.34 1823.86 1225.12
425.47 712.39 807.67 4372.23 1901.1 1042.52
932.03 1345.15 2002.91 3360.04 3134.82 1853.22
731.18 1058.99 1624.03 2644.84 2956.12 1751.27
946.5 1370.56 1968.15 3105.63 2921.43 1846.4
807.86 1109.8 1570.89 2581.03 2714.31 2080.05
600.11 935.27 1264.67 3535.96 2434.1 1501.78
534.68 797.96 938.36 3318.42 2360.38 1792.54
750.25 1113.52 1576.48 3763.87 2413.25 1366.14
775.15 1053.92 1444.32 2321.42 2994.39 2494.93
485.68 787.79 898.91 4254.69 1783.04 981.94
393.03 547.69 782.29 1174.41 1193.48 789.45
867.69 1277.67 1825.3 3065.24 2103.86 1261.82
570.43 850.1 1137.17 3325.71 1832.27 1021.38
330.17 606.55 438.39 4998.95 1305.11 565.54
627.94 853.83 1202.35 1955.38 2275.13 1819.53
898.73 1278.71 1912.65 3111.72 2592.16 1538.49
658.26 935.84 1376.94 2294.99 2133.44 1270.1
635.76 872.65 1254.44 1930.35 1988.07 1449.38
360.1 528.84 628.3 2406.99 1326.29 943.09
773.06 1020.82 1346.3 2150.35 2898.37 2658.03
967.14 1461.99 2222.68 3297.53 3137.62 2026.53
307.65 413.15 569.75 827.96 844.83 627.11
373.69 622.3 787.91 4061.31 1856.24 1053.22
680.16 949.95 1343.68 2148.51 2493.74 1905.7
820.75 1163.62 1658.62 2577.52 2948.87 2342.5
215.62 276.51 368.63 521.84 550.88 385.39
308.28 411.52 547.83 836.89 674.73 444.6
750.83 1035.68 1442.3 2354.47 2949.92 2374.23
628.7 890.76 1236.79 1970.54 1558.92 974.74
468.98 664.62 928.96 1477.56 1053.85 655.43
260.42 342.72 449.09 673.04 593.35 409.77
123.89 137.11 156.84 189.27 198.71 163.69
601.43 824.82 1178.89 1888.28 2084.14 1592.77
662.07 1009.68 1384.97 3536.63 2439.01 1492.22
885.35 1282.76 1815.78 2950.46 2312.9 1555.61
186.09 227.04 295.37 424.6 368.6 255.04
660.26 877.29 1172.33 1977.27 2689.77 2410.18
666.22 1002.1 1464.34 2533.45 2163.06 1415.42
935.91 1355.45 1993.29 3135.9 3081.01 2003.43
780.06 1092.93 1598.92 2554.5 2699.57 1967.56
338.87 444.44 600.8 927.97 1049.3 840.3
349.56 557.77 681.79 2760.83 1570.08 981.53
731.83 1042.95 1545.46 2515.01 2385.68 1419.09
816.99 1139.65 1563.72 2579.0 2542.27 1921.38
733.22 1029.18 1391.94 2690.97 2784.41 2139.19
649.81 936.55 1259.11 2998.27 2696.19 2053.23
675.78 1001.19 1394.97 2945.84 2658.87 1694.66
788.1 1123.6 1616.57 2506.09 2841.02 2042.03
812.0 1190.41 1797.21 3220.05 2584.78 1521.06
822.04 1177.57 1751.82 2859.8 2712.01 1607.42
291.84 528.83 538.63 4365.81 1340.0 612.22
432.7 616.82 891.67 1343.38 1474.84 987.13
730.99 1096.13 1546.88 3197.97 2966.78 2048.0
714.18 1016.15 1381.0 2964.63 2946.37 2174.67
220.55 356.54 393.11 2558.63 869.41 465.34
777.95 1104.08 1668.78 2547.94 2263.45 1350.82
708.01 1039.95 1449.85 3645.58 2049.92 1211.4
676.39 1011.97 1389.98 3654.43 2423.76 1367.99
846.78 1165.29 1576.52 2537.6 2715.36 2206.75
827.07 1213.23 1784.61 2839.06 2942.42 1893.17
190.4 426.73 288.74 4719.8 1309.06 559.83
214.22 271.87 362.12 510.28 486.58 345.28
640.49 939.35 1325.43 2826.0 2171.25 1260.41
369.2 635.93 564.71 4432.0 1522.21 734.11
540.87 757.96 1108.6 1785.12 1694.88 1020.42
873.6 1269.75 1857.51 2833.3 3024.46 2243.18
184.91 225.31 292.7 420.18 364.94 252.93
838.16 1207.31 1752.1 3330.36 2452.23 1432.14
781.08 1073.74 1530.46 2547.69 2650.38 1993.55
855.1 1281.75 1903.74 3015.99 2594.19 1619.56
677.57 962.37 1338.2 2139.05 1712.21 1082.64
249.48 308.77 383.87 584.12 719.37 643.27
853.78 1230.97 1773.03 2736.31 2786.95 2059.64
515.44 827.68 956.88 3940.18 2033.73 1319.98
124.68 271.41 170.94 4845.27 1098.78 469.58
479.12 726.56 816.77 3522.68 2030.22 1525.84
876.18 1252.1 1708.17 3045.4 2485.26 1714.6
826.4 1136.28 1591.47 2583.65 2954.5 2291.22
941.87 1381.46 2132.91 3556.29 3922.74 2306.52
457.75 761.03 798.05 4563.54 1625.33 776.74
404.2 630.42 776.74 3772.44 2072.82 1285.95
235.66 358.79 323.18 2490.54 1026.44 742.21
598.96 831.92 1169.33 1819.88 2053.04 1621.96
957.84 1397.91 1966.69 3164.25 2738.11 1756.44
626.77 812.54 1057.65 1834.18 2631.87 2437.73
759.66 1040.93 1428.71 2281.85 2861.5 2457.31
267.86 481.86 487.78 3865.14 1406.39 674.17
685.49 1058.29 1487.24 3723.96 2277.68 1243.69
200.34 335.94 351.72 3427.14 1010.53 477.81
683.46 1044.33 1502.58 3642.01 2323.9 1269.88
143.85 266.09 177.31 2890.79 718.43 339.02
872.8 1234.9 1735.66 2769.97 2880.4 2068.62
430.42 688.03 877.85 4208.46 1892.52 1068.05
701.77 1031.7 1436.12 3658.34 2039.21 1203.09
448.87 823.84 671.15 4767.75 1591.08 788.92
120.14 130.2 145.86 171.4 179.21 150.5
203.58 252.85 335.06 490.56 423.18 286.54
417.97 593.93 856.61 1288.33 1413.96 947.85
879.87 1271.41 1869.57 3389.56 3608.37 2352.81
896.76 1279.31 1932.0 2993.9 2815.17 1784.62
745.14 1032.41 1438.02 2355.15 3014.68 2453.98
921.64 1314.22 1920.44 2978.91 3618.49 2504.25
829.72 1213.59 1801.15 3413.7 2598.8 1502.78
160.84 322.44 288.93 4266.96 1151.51 531.27
815.83 1207.69 1758.97 3112.27 2963.41 1889.58
530.7 720.79 997.85 1535.69 1719.01 1367.48
445.51 695.49 886.09 3884.57 1781.24 1045.98
779.17 1111.01 1553.51 2514.23 2127.55 1529.19
829.62 1243.34 1826.36 3259.14 2851.44 1937.36
665.22 978.02 1444.97 2212.39 2435.72 1607.15
233.61 298.06 395.9 581.36 472.16 325.47
676.13 954.01 1375.92 2175.57 1704.75 1072.22
699.78 1093.34 1579.65 3771.49 2424.6 1484.25
886.19 1290.2 1984.95 3056.46 2704.68 1580.35
791.42 1187.37 1593.43 3676.19 2426.77 1498.94
178.73 337.78 285.72 3597.59 1020.25 445.31
415.2 596.31 875.29 1265.54 1198.33 788.74
811.02 1171.67 1723.25 2692.78 2614.71 1669.99
938.84 1345.63 1959.48 3052.58 3146.26 2161.0
364.89 566.93 710.74 2218.44 1388.84 856.54
847.12 1213.09 1846.82 2838.14 2571.45 1547.78
787.03 1051.54 1403.78 2232.14 2911.31 2607.65
879.59 1225.88 1729.3 2763.42 2618.06 1961.77
701.32 920.92 1197.6 1994.03 2745.46 2540.32
745.54 1012.56 1375.56 2213.5 2841.3 2483.86
621.44 849.56 1180.33 1822.51 2225.99 1747.19
539.38 760.13 1088.94 1675.71 1790.7 1255.68
288.33 388.18 523.1 803.12 586.85 383.49
567.95 803.02 1161.18 2242.62 1625.38 961.57
550.0 904.95 1172.93 4102.93 2071.54 1198.47
475.09 654.44 939.11 1506.31 1492.23 967.03
977.05 1425.89 2005.9 3229.75 2807.22 1809.53
196.4 369.92 349.66 4236.34 1165.82 547.94
545.19 754.81 1058.81 1631.75 1840.09 1392.91
905.11 1310.98 1914.85 2987.55 3167.02 2183.6
584.36 841.63 1079.09 3083.42 2279.08 1743.99
175.23 233.82 263.22 931.24 430.05 263.34
691.57 990.79 1413.53 2208.93 2048.34 1277.65
649.54 919.16 1303.21 2794.24 2059.54 1350.48
376.09 541.64 729.72 1525.82 1155.0 789.09
885.19 1298.63 1924.24 2964.66 3161.86 2038.03
670.02 1011.57 1356.18 3637.66 2157.63 1304.35
685.54 1000.36 1432.77 3362.06 2153.79 1224.58
743.87 1137.41 1529.12 3561.92 1957.84 1124.78
545.79 779.09 1071.54 1833.12 1499.5 970.52
852.66 1195.42 1680.18 2568.99 2917.46 2350.07
714.57 1019.1 1496.56 2272.35 2682.98 1763.88
362.42 488.99 681.16 1045.4 830.94 542.84
705.16 1006.86 1476.37 2243.47 2481.5 1623.08
874.76 1259.96 1750.66 2886.98 2611.05 1798.08
816.62 1138.56 1659.26 2612.04 2739.95 1992.28
634.92 941.53 1409.43 2099.94 1980.64 1290.8
591.3 863.19 1269.07 1936.12 2130.24 1410.04
927.44 1347.48 1983.82 3333.07 3643.58 2363.81
253.31 356.14 458.45 1135.49 682.95 429.04
902.53 1330.68 1902.08 3149.81 2184.4 1310.86
175.01 396.33 216.84 4733.1 1149.22 505.64
889.23 1300.6 1855.66 3028.83 2228.59 1405.56
407.78 584.62 857.04 1238.09 1172.47 772.53
863.76 1250.37 1781.0 3205.92 3189.58 2145.01
657.11 892.55 1121.84 2480.82 2583.52 2258.56
574.89 811.97 1181.2 1783.36 1968.04 1291.63
711.13 1083.78 1527.88 3577.87 2679.25 1638.48
812.17 1216.83 1739.71 3458.89 3074.41 1963.92
638.77 894.36 1229.91 1972.07 1730.68 1202.43
434.35 714.79 867.7 3702.8 1685.95 941.03
870.13 1317.17 1932.91 3376.87 2684.18 1659.24
436.57 558.18 711.73 1111.59 1532.16 1435.78
966.28 1457.98 2213.14 3292.08 3155.32 2055.5
761.62 1007.09 1325.45 2114.02 2919.12 2664.38
910.65 1319.79 1960.28 3011.82 2843.58 1840.78
322.34 625.38 522.79 4723.09 1469.86 718.91
883.44 1285.22 1804.49 2898.02 2510.32 1614.54
561.45 917.61 1190.19 4116.29 2527.02 1502.31
214.18 412.08 392.76 4450.78 1132.08 548.66
660.39 954.33 1387.9 2471.65 2075.12 1337.81
486.01 837.97 768.66 4399.52 1744.11 1017.26
536.19 754.04 1093.36 1646.5 1815.66 1193.74
813.75 1173.99 1737.92 2663.78 2515.64 1632.71
432.89 724.36 910.47 3833.93 1868.12 1033.99
289.19 457.04 467.05 4040.08 1555.57 1046.47
596.0 947.06 1290.29 3892.6 2132.27 1216.69
360.54 727.57 470.51 5054.94 1628.42 799.57
876.25 1230.58 1803.22 2929.04 2664.53 1773.99
849.97 1202.41 1669.24 2705.82 2473.48 1879.56
142.31 344.37 224.58 4616.17 1274.76 515.05
784.83 1176.27 1610.23 3734.19 2535.43 1564.07
578.74 815.96 1187.9 1792.23 2112.1 1396.14
926.93 1311.3 1893.46 2922.95 3587.33 2577.04
761.39 999.85 1301.48 2086.57 2901.96 2717.03
865.93 1258.85 1766.69 2835.95 2455.46 1578.97
252.86 335.13 448.95 1001.5 641.46 396.31
696.83 1039.75 1568.0 2306.92 2179.66 1404.12
818.51 1131.4 1537.23 2513.39 2626.35 2085.64
195.49 376.88 327.86 4438.86 1066.54 506.95
869.76 1274.92 1858.98 3211.35 2771.67 1777.64
471.97 664.54 884.53 2175.94 1819.59 1330.82
876.22 1255.08 1818.7 2998.16 2285.24 1417.56
709.66 1016.71 1468.22 2187.57 2228.07 1618.8
550.82 727.28 959.34 1542.92 2028.63 1824.23
415.51 631.21 734.53 2162.69 1217.0 748.5
811.33 1100.52 1500.74 2370.11 2920.17 2503.99
942.81 1365.54 2025.29 3116.53 2968.11 1943.14
442.93 613.37 911.64 1369.29 1216.88 726.45
776.74 1034.69 1370.28 2175.24 2925.7 2676.04
823.62 1210.34 1650.0 3257.61 2493.06 1625.03
789.62 1156.87 1527.34 3041.81 2441.2 1691.92
592.58 795.48 1077.43 1705.17 1876.63 1568.84
753.67 1134.23 1581.08 3698.04 3139.45 1966.27
252.93 330.28 439.56 645.18 603.67 404.44
601.84 977.33 1039.52 4134.14 1923.64 1140.44
829.48 1160.95 1617.45 2547.99 2844.1 2312.93
871.98 1323.54 1901.52 3653.65 3348.0 2147.72
905.65 1313.49 1921.03 3128.15 3288.95 2133.94
648.36 849.94 1119.74 1919.87 2673.77 2423.57
772.91 1129.7 1611.77 2612.26 1839.53 1112.94
914.11 1319.84 2025.86 3148.74 2762.06 1594.49
225.27 437.95 395.47 4550.31 1394.4 616.49
311.54 413.57 568.49 862.1 689.23 456.98
327.13 616.49 381.75 5390.93 1310.39 550.82
205.78 261.87 337.65 494.92 373.45 259.23
416.54 576.61 822.85 1241.42 1217.26 798.33
856.4 1225.74 1755.91 2773.45 3322.75 2508.09
734.83 1015.43 1410.69 2262.72 2697.01 2230.01
668.21 994.68 1497.59 2201.08 2079.92 1341.58
604.67 954.06 1191.35 3959.54 2119.91 1229.51
259.89 501.47 391.26 4882.61 1379.17 604.86
619.28 907.71 1169.49 3152.96 2305.73 1652.15
761.77 1058.84 1490.51 2364.94 2684.01 2068.17
880.95 1281.66 1888.59 3482.34 3020.07 1760.64
624.68 910.8 1301.27 3117.59 2089.44 1253.43
653.14 886.1 1232.27 2066.25 2439.7 1919.42
948.31 1350.48 2038.82 3139.98 2869.84 1777.95
612.4 895.52 1101.87 3334.29 2153.33 1616.86
763.6 1077.48 1599.3 2595.21 2195.27 1333.91
720.21 961.14 1269.21 2107.3 2677.75 2408.38
849.44 1221.45 1795.12 3339.48 2507.65 1469.65
796.91 1162.41 1740.39 3163.0 2553.28 1564.33
950.59 1376.26 1974.92 3121.36 2934.22 1859.16
548.68 712.28 919.48 1453.97 2012.19 1876.66
583.44 810.57 1150.95 1818.7 1529.15 1037.11
419.34 685.18 868.33 3396.86 1772.52 991.02
657.03 954.18 1101.1 3413.96 2546.82 2009.82
484.89 734.51 1042.74 3093.8 2176.02 1213.88
798.21 1133.09 1711.59 2617.21 2338.66 1407.18
429.69 733.37 815.66 4517.93 1751.81 914.4
786.24 1155.22 1610.37 3179.95 2771.3 1875.87
691.77 976.45 1469.36 2236.76 1988.43 1191.82
877.48 1248.77 1864.56 3081.34 2535.32 1503.37
795.44 1107.12 1537.13 2506.26 2787.49 2127.76
646.96 980.91 1387.48 3494.99 2527.78 1553.85
780.34 1164.25 1655.95 3600.66 2723.09 1668.47
815.2 1131.34 1592.94 2527.45 2862.23 2263.73
822.98 1167.94 1678.51 2763.2 3110.28 2213.78
737.15 1057.75 1471.57 2358.02 2116.83 1421.85
366.17 624.18 715.06 4301.88 1725.91 896.28
529.13 752.0 1136.16 1830.2 2041.83 1222.67
901.53 1306.87 1930.38 2990.27 2929.1 1868.3
706.55 1059.47 1518.65 3359.62 2578.74 1768.15
786.1 1128.57 1661.89 2532.21 2799.74 1822.85
961.79 1397.7 2013.54 3172.57 2938.38 1815.61
727.56 1155.1 1469.46 4210.09 2305.23 1333.64
717.07 1028.51 1516.05 2316.49 2188.42 1425.09
762.6 1098.7 1526.11 2704.06 1979.4 1212.83
873.52 1277.07 1817.29 3304.18 2744.46 1683.78
700.54 941.83 1253.96 2125.99 2667.78 2309.62
108.07 243.9 141.88 4587.83 997.77 397.64
810.66 1124.07 1583.11 2589.38 2530.88 1917.96
748.37 1119.03 1689.1 2492.55 2368.22 1534.45
939.73 1387.57 2051.67 3302.79 3407.95 2183.44
786.92 1162.25 1563.61 3064.38 2263.36 1423.42
714.99 1081.56 1496.34 3453.59 2399.96 1591.34
673.09 960.16 1405.92 2162.67 2066.75 1372.53
678.58 970.61 1365.95 3295.32 2292.78 1498.94
753.56 1067.96 1506.75 3121.32 2480.35 1696.22
917.91 1298.03 1938.14 3001.23 2851.55 1863.39
440.42 696.34 896.21 3800.03 2009.16 1137.28
271.63 359.67 473.46 713.06 627.8 431.4
827.37 1190.18 1730.64 2711.83 3045.32 2128.47
886.05 1241.91 1787.12 2913.4 3091.48 2181.25
102.21 226.17 151.07 2633.29 749.78 324.43
846.76 1243.2 1762.48 3304.91 2681.28 1624.72
196.98 250.66 330.78 462.46 500.78 358.61
685.87 1026.94 1304.69 3795.08 2706.9 1778.89
798.4 1116.82 1536.75 2525.54 2480.52 1962.65
473.73 658.24 904.84 1447.46 1217.32 875.89
569.95 919.8 1096.64 4268.77 2037.29 1197.22
763.5 1004.09 1313.21 2103.35 2896.93 2693.94
662.43 1021.82 1467.04 4018.86 3044.66 1700.1
224.38 379.21 365.59 2315.0 915.18 509.52
799.99 1113.31 1558.11 2488.8 2969.51 2360.88
138.85 346.89 127.85 4787.27 1014.71 401.56
914.32 1306.14 1932.02 3178.15 3124.47 1954.38
723.96 961.52 1279.82 2128.02 2817.46 2496.77
637.06 830.34 1085.97 1873.74 2655.77 2436.82
392.77 578.64 727.46 2102.86 1173.75 720.56
906.19 1361.11 2012.09 3238.95 2736.73 1704.49
772.34 1019.47 1343.48 2146.34 2898.44 2661.51
733.98 977.1 1314.41 2147.84 2778.58 2448.21
509.17 750.25 788.22 3472.09 2022.93 1573.29
728.34 1069.17 1410.81 3529.47 2128.47 1348.55
541.56 859.87 1111.61 4129.7 1978.43 1028.76
335.35 505.14 666.73 1808.79 1064.75 655.56
529.39 821.46 1002.72 3646.36 2103.15 1483.94
923.98 1346.6 1885.47 3121.93 2672.75 1736.29
634.56 868.66 1219.45 1994.08 2226.13 1673.21
707.24 930.52 1224.03 2024.06 2767.19 2531.83
831.75 1203.14 1736.74 3203.85 3129.13 2092.6
903.76 1300.43 1888.18 3186.76 3547.68 2406.12
924.32 1353.41 2090.03 3443.3 3833.44 2257.45
475.53 651.96 940.01 1532.52 1836.4 1290.32
623.95 830.92 1105.09 1724.46 2227.06 1993.08
386.5 651.62 725.77 4414.74 1611.32 787.06
85.32 217.5 79.23 4919.56 982.67 383.68
823.14 1169.92 1690.62 2646.52 2777.35 1951.14
961.79 1397.65 2013.44 3172.15 2938.58 1816.08
688.59 939.01 1276.78 2413.51 2862.3 2337.69
732.45 983.78 1338.94 2181.37 2758.59 2386.95
869.36 1255.83 1867.68 3374.82 3601.35 2334.09
693.31 972.1 1369.87 2724.4 2888.26 2135.04
632.28 896.84 1359.8 2070.15 1833.58 1072.36
924.44 1351.4 2086.29 3418.69 3833.07 2270.53
457.24 675.06 929.53 2075.31 1584.25 990.53
767.83 1063.8 1498.19 2442.83 2362.16 1777.95
579.88 802.18 1003.51 2626.67 2456.9 2088.4
962.93 1449.18 2193.74 3265.69 3152.24 2075.28
764.51 1149.84 1705.08 3686.34 3361.35 1977.47
869.21 1274.89 1770.27 3071.95 2505.75 1596.42
786.9 1049.07 1395.93 2219.23 2989.66 2673.11
697.37 1038.2 1284.24 3611.7 2501.62 1753.08
929.65 1366.37 2094.02 3573.24 3859.55 2266.12
351.04 550.96 709.13 3074.05 1466.09 840.68
628.78 1025.34 1179.62 4228.8 2461.45 1451.78
629.26 896.01 1238.32 2127.01 1589.67 985.37
669.92 887.92 1177.77 2003.81 2673.31 2362.7
856.93 1270.5 1850.52 3268.97 3038.22 1954.37
423.61 582.91 772.26 1305.88 1213.67 896.55
964.54 1409.21 2171.24 3561.59 4012.01 2404.75
347.02 473.74 637.52 982.36 859.65 576.98
446.38 586.89 781.37 1232.27 1595.23 1358.93
901.04 1307.5 1819.82 3186.6 2356.29 1440.01
202.28 390.47 323.43 3622.12 1181.54 549.32
686.86 996.58 1466.41 2251.71 2289.9 1480.75
893.94 1303.55 2001.82 3125.34 2744.05 1605.1
699.55 986.87 1351.97 2706.81 2612.94 2013.54
408.53 555.31 800.19 1263.37 1062.67 655.66
201.28 253.3 331.12 463.06 490.42 385.2
667.59 917.47 1284.23 2013.58 2557.05 1979.55
606.43 886.7 1305.08 1992.68 2192.78 1450.4
896.95 1315.09 1927.46 3131.84 3130.77 2061.58
745.78 1093.38 1572.88 3345.79 2484.1 1537.73
904.67 1330.06 1970.87 3073.65 3106.74 1997.07
491.46 692.27 951.82 1498.3 1303.84 855.88
446.56 618.78 920.16 1382.67 1228.86 733.36
754.12 1145.46 1531.72 3661.25 2475.5 1466.85
740.19 1019.71 1418.85 2321.18 2855.66 2312.58
910.8 1335.97 1841.97 3320.25 2667.52 1718.05
864.96 1250.09 1842.26 2905.09 3124.01 2022.99
741.23 1065.5 1564.32 2412.24 2363.3 1514.66
452.24 757.41 610.7 4614.73 1795.24 1165.58
437.78 728.87 863.72 4174.45 1952.79 1124.12
696.66 946.89 1203.51 2491.71 2682.46 2385.9
341.85 462.64 650.78 957.48 1051.28 706.45
902.79 1287.26 1794.14 2916.56 2505.55 1688.84
677.04 921.9 1248.69 2226.99 2801.02 2372.5
572.8 855.52 1118.01 3191.92 2451.65 1731.91
155.9 185.4 230.15 304.95 308.59 231.52
384.87 712.54 717.78 4624.93 1872.67 1013.55
697.66 942.56 1308.89 2168.51 2662.45 2218.46
514.84 713.64 1018.26 1555.97 1783.11 1252.11
731.85 991.16 1376.74 2214.23 2646.94 2186.38
286.88 381.4 514.95 766.22 715.49 472.02
559.4 793.59 1024.81 2930.09 2218.54 1666.2
837.6 1202.68 1737.18 3010.4 3162.51 2164.6
951.59 1377.33 1976.9 3116.55 2937.03 1862.7
909.56 1357.58 2026.39 3125.56 3445.43 2258.68
902.17 1288.88 1786.51 2894.35 2794.73 2012.23
258.61 434.85 469.47 4234.85 1268.55 610.04
818.5 1114.29 1544.66 2501.98 3230.26 2643.43
620.26 857.78 1183.7 1878.99 2022.97 1518.87
619.36 939.46 1222.32 3516.23 2254.55 1497.35
152.09 178.43 218.95 287.82 283.85 214.91
949.45 1366.04 2037.35 3338.21 3183.98 1899.7
872.02 1258.23 1789.62 2909.65 2725.38 1765.55
390.36 741.95 556.49 4791.06 1829.94 994.62
274.04 480.91 484.27 4244.18 1196.84 610.15
254.19 371.53 460.98 1817.15 974.17 572.86
778.24 1058.89 1462.17 2419.33 2905.69 2353.05
392.09 537.96 765.17 1135.58 1248.85 832.4
895.0 1297.73 1984.16 3061.09 2768.8 1675.27
515.92 713.98 1002.38 1552.85 1798.12 1343.27
580.99 830.79 1261.38 2039.29 2276.49 1358.35
902.38 1306.33 1999.73 3196.59 2743.37 1575.28
424.71 703.13 812.45 4196.54 1717.5 914.63
149.81 174.57 217.89 284.36 262.23 190.99
542.27 819.52 1042.46 3727.44 1899.72 1152.48
273.09 370.57 450.32 1439.01 995.81 761.34
468.04 629.36 877.03 1418.12 1764.85 1357.92
895.2 1295.67 1885.92 2856.26 3072.51 2310.72
889.99 1298.93 2005.28 3085.35 2699.4 1547.43
842.62 1255.59 1783.21 3535.25 2854.54 1774.4
530.59 705.98 966.43 1496.1 1745.79 1444.18
818.22 1181.49 1694.74 2660.41 2465.45 1529.77
880.3 1286.75 1771.48 3258.8 2325.37 1411.47
886.79 1284.66 1896.71 2937.09 2877.05 1835.77
153.57 175.96 207.52 272.87 320.82 280.18
634.75 932.9 1344.48 2456.77 2282.7 1451.34
264.87 486.81 472.92 4440.38 1346.41 615.6
494.27 717.26 956.39 1979.41 1419.66 896.82
521.05 734.02 1034.91 1601.03 1486.74 938.2
240.83 429.12 426.64 4580.62 1208.48 557.97
461.21 746.98 877.05 3985.31 1465.38 769.65
254.02 457.14 416.55 3821.6 1162.0 561.76
482.21 697.35 806.43 2863.09 1945.87 1560.57
222.23 454.37 344.82 4955.9 1288.72 594.89
346.33 444.38 569.76 899.95 1082.07 950.7
760.99 1065.84 1537.13 2781.22 3221.15 2340.36
479.65 670.61 881.34 2350.47 1691.4 1278.03
802.21 1141.32 1630.98 2531.89 2737.74 2097.38
493.09 694.75 955.38 1504.14 1308.87 859.03
512.3 822.84 1090.99 4013.28 2324.03 1365.35
832.29 1257.55 1626.14 3819.92 2462.02 1507.57
710.12 941.04 1234.68 2053.32 2703.2 2465.91
744.84 1056.98 1415.26 2900.87 2638.73 1971.28
899.73 1286.18 1871.07 2946.39 3074.3 2128.78
785.31 1215.6 1712.7 3579.22 2464.42 1496.97
215.59 273.04 373.57 527.83 476.46 311.15
932.48 1371.43 2037.12 3151.4 3209.0 2063.55
456.55 632.11 915.68 1462.8 1389.82 844.37
600.83 863.59 1260.77 1925.23 2058.22 1347.32
289.84 517.77 560.88 4387.82 1383.84 696.39
802.05 1078.56 1459.59 2359.64 2967.81 2542.13
730.38 973.03 1301.37 2162.45 2827.88 2479.78
186.67 229.96 297.38 407.29 440.9 317.33
946.16 1440.95 2178.24 3437.72 3084.49 1959.22
679.27 972.27 1386.23 2165.09 2007.84 1253.17
293.59 657.94 302.56 5268.37 1363.38 593.95
749.47 1110.49 1507.07 3842.87 2268.45 1277.59
776.21 1026.69 1358.53 2167.76 2898.07 2642.9
893.65 1298.17 1818.62 2957.78 2580.37 1687.44
738.26 1052.19 1525.17 2406.15 2427.72 1647.44
555.49 884.35 1070.75 3846.85 2136.58 1267.34
418.01 603.81 882.59 1364.27 1227.26 800.89
856.01 1222.46 1829.36 2834.72 2737.5 1821.23
420.03 588.54 843.53 1267.59 1347.96 889.91
788.06 1138.55 1667.14 3370.46 2397.61 1385.76
822.64 1118.98 1527.65 2419.22 2989.76 2528.97
675.65 1010.63 1482.12 3242.69 2246.13 1269.87
857.03 1185.37 1658.98 2589.61 3193.13 2521.34
612.2 827.6 1052.14 2231.89 2452.38 2134.07
655.77 963.76 1425.78 2908.93 2712.11 1603.87
889.61 1301.3 1856.81 3030.54 2228.03 1404.09
858.14 1234.28 1777.03 2702.81 2805.25 2088.02
361.22 483.82 690.77 1046.36 1028.3 707.87
793.17 1126.63 1704.01 2602.91 2312.03 1378.91
144.52 407.25 119.87 5120.94 1110.53 427.37
255.49 344.82 482.44 674.95 641.79 439.75
472.83 698.05 927.84 2365.1 1735.7 1122.9
929.72 1339.97 1881.49 3031.53 2400.45 1489.88
395.74 619.28 702.2 2846.87 1666.05 1159.77
890.61 1294.67 1988.03 3072.35 2749.39 1630.95
112.57 118.8 128.56 144.43 152.83 134.03
754.7 1126.0 1618.62 3431.58 2879.19 1841.03
942.23 1339.87 2018.25 3111.8 2867.25 1796.98
372.22 542.36 714.29 1861.47 962.45 558.39
845.88 1175.42 1684.03 2737.31 3384.7 2547.52
556.5 882.89 1199.94 3869.11 2039.27 1152.51
639.51 998.37 1159.49 4158.87 2198.26 1382.04
376.99 626.71 685.41 4040.95 1698.47 927.01
439.74 751.71 686.44 5040.74 1668.12 796.23
134.26 150.56 177.75 229.18 206.9 161.7
322.93 430.47 608.03 903.91 880.75 614.34
866.67 1238.31 1875.63 2927.38 2712.6 1688.96
506.7 705.39 999.5 1551.72 1769.41 1282.47
305.6 448.8 533.99 1848.22 902.19 545.16
902.71 1311.75 1881.16 3042.09 2758.0 1701.92
786.42 1101.17 1565.51 2599.03 2774.45 2113.9
606.39 1004.15 1117.02 4619.11 1969.13 1074.96
884.87 1344.77 1966.23 3441.74 2736.52 1688.7
970.32 1389.08 2113.86 3244.99 2878.03 1706.18
731.29 1089.72 1526.9 2942.6 1850.44 1088.89
652.32 995.62 1372.1 3857.41 2263.53 1252.0
816.97 1232.93 1775.84 3275.95 2539.79 1623.19
710.81 1019.69 1494.84 2302.52 2255.91 1447.53
951.72 1383.09 1991.12 3153.82 2908.15 1796.4
600.74 846.49 1233.64 2189.15 1696.07 1011.51
441.45 714.79 903.97 4047.66 2021.66 1129.69
198.79 332.76 217.11 1983.91 709.82 445.48
207.15 433.05 245.0 5030.94 1241.89 518.29
165.05 329.62 270.94 4130.48 1147.02 490.91
702.26 1043.89 1434.2 3287.32 2796.33 1906.23
744.66 1006.44 1360.93 2215.2 2865.51 2475.06
735.63 1096.46 1636.75 3423.45 2390.93 1326.86
443.44 727.6 979.31 3979.47 1835.84 1036.79
655.24 946.69 1222.22 3280.86 2458.23 1712.36
245.64 403.6 427.21 3265.64 922.71 472.95
540.38 737.94 1056.92 1621.83 1686.28 1234.78
575.0 756.9 1010.99 1720.33 2265.21 1968.56
207.96 260.55 330.7 486.77 430.53 335.1
622.94 881.95 1139.31 2724.82 2454.76 1967.38
196.92 324.17 303.65 3463.87 1114.0 663.23
872.73 1291.42 1900.31 3311.45 3056.56 1942.97
826.02 1151.28 1629.87 2577.87 2871.01 2235.79
659.88 869.33 1141.79 1960.84 2609.51 2347.2
693.22 1066.44 1350.29 3799.75 2027.25 1163.79
848.46 1184.25 1738.29 2741.94 2791.6 1968.45
878.54 1257.68 1800.97 2720.88 2859.54 2166.64
443.45 722.04 760.55 3888.71 2004.33 1363.68
674.82 954.14 1315.2 2125.51 2035.79 1454.7
668.31 955.59 1384.51 2143.63 2278.71 1575.51
605.74 874.63 1271.31 1955.86 2211.57 1535.84
378.2 598.67 730.53 3108.42 1349.32 708.63
481.15 628.15 831.18 1374.66 1865.04 1634.19
745.75 1033.4 1443.88 2306.1 2737.66 2241.81
643.04 928.98 1361.65 2081.2 2217.59 1440.35
818.14 1201.57 1803.13 3409.07 2593.64 1460.8
392.53 701.96 709.61 4567.27 1752.53 887.24
762.97 1003.87 1308.43 2097.46 2926.02 2730.87
833.6 1159.96 1617.79 2502.12 2996.17 2500.69
395.47 620.45 813.75 3844.02 1971.98 1101.87
675.67 980.9 1393.31 2249.23 1588.16 966.56
916.2 1300.81 1937.96 3153.55 2681.64 1637.69
372.23 640.97 751.78 3763.16 1674.74 870.06
137.22 156.55 189.87 250.07 268.43 197.38
283.27 371.67 505.88 760.27 610.49 409.28
224.56 286.76 383.66 541.61 589.91 412.32
926.2 1336.36 2053.56 3156.1 2795.05 1617.32
881.35 1271.57 1879.38 2870.23 3173.23 2059.21
627.09 813.04 1056.18 1833.04 2639.89 2448.51
800.16 1155.84 1666.69 3360.86 2803.87 1754.78
215.04 390.09 304.22 3611.17 1031.41 466.67
904.96 1300.0 1911.14 2941.6 3308.88 2211.49
440.02 738.92 864.46 4238.96 2103.4 1172.82
798.75 1141.55 1583.25 2551.13 2392.55 1678.4
833.0 1176.64 1743.7 2830.71 2435.37 1513.63
210.77 373.17 343.65 3317.07 999.19 462.1
263.81 348.89 495.53 760.46 841.25 528.55
834.09 1162.44 1675.59 2620.65 2826.29 2141.85
675.62 1069.28 1359.08 4160.75 2145.35 1231.56
112.8 119.37 127.86 145.73 139.37 124.72
419.4 571.34 824.84 1304.32 1096.56 675.22
498.25 791.01 1064.62 3933.68 1847.22 1041.0
358.43 488.81 687.4 1083.42 1197.7 803.4
522.94 856.19 902.38 4718.78 2018.23 1105.55
801.19 1104.3 1578.14 2509.16 2789.46 2154.22
508.56 747.42 944.51 2902.26 2012.74 1456.33
807.4 1161.6 1695.03 3155.63 2630.78 1694.1
375.88 641.27 776.25 3920.78 1654.5 826.38
839.77 1178.04 1714.28 2827.32 3446.69 2489.95
265.67 357.37 494.23 689.88 626.77 425.34
647.91 851.76 1133.76 1935.43 2640.03 2369.97
675.42 953.29 1400.46 2385.65 1938.31 1171.58
170.88 346.87 284.57 4443.23 1211.36 501.08
774.5 1108.15 1602.59 3320.56 2431.53 1516.88
161.04 322.72 289.39 4266.68 1152.05 531.67
882.43 1266.01 1833.41 3098.95 2317.9 1432.24
492.1 690.42 970.62 1497.82 1391.38 880.56
351.18 572.76 705.73 3859.54 1661.05 953.57
283.97 518.42 533.33 3998.33 1648.34 818.14
942.04 1359.39 1910.5 3079.1 2423.53 1493.14
599.15 972.4 1148.25 4493.46 1990.02 1092.73
848.36 1233.0 1811.05 2810.76 3069.0 2055.78
551.93 789.9 1149.98 1748.82 1862.33 1215.48
849.68 1228.7 1820.02 2809.64 2640.26 1710.66
822.16 1130.18 1549.96 2449.66 3147.07 2653.31
874.65 1289.78 1914.83 2846.5 2707.08 1798.11
594.03 888.54 1179.98 3369.28 2210.17 1541.44
531.49 726.67 1003.48 1576.14 1828.68 1492.04
672.28 973.61 1429.58 2187.88 2331.61 1512.52
610.76 815.6 1104.63 1822.01 2416.99 2050.94
742.15 1103.51 1656.5 3365.24 2400.87 1334.49
965.06 1443.79 2158.45 3332.97 3674.76 2406.66
835.92 1185.69 1689.37 2597.45 2851.48 2211.08
847.03 1266.04 1860.32 3924.37 3540.0 2039.64
517.21 703.56 889.63 2324.98 2235.93 1922.14
933.45 1377.57 2108.41 3688.06 3910.05 2290.68
647.77 852.76 1126.07 1914.94 2644.39 2401.36
904.95 1287.57 1910.69 3118.78 3687.02 2509.87
785.12 1195.89 1738.53 3569.66 3140.06 1994.72
852.07 1248.46 1734.01 3138.31 2481.46 1588.8
920.46 1351.31 1995.86 3001.46 3103.81 2232.83
947.37 1379.32 1979.71 3209.08 2906.67 1791.18
824.5 1154.78 1626.94 2585.35 3111.55 2417.93
464.91 659.85 777.96 3054.69 2006.34 1666.73
797.85 1218.71 1745.52 3515.14 2484.55 1516.1
767.95 1136.69 1585.81 3559.42 2506.24 1499.03
677.82 966.39 1415.88 2148.63 2372.71 1548.87
753.29 1077.09 1504.66 2411.3 1902.69 1180.86
554.67 811.69 1114.76 2667.4 1999.6 1364.85
881.83 1292.13 1839.74 3079.36 2210.58 1386.1
836.46 1220.4 1835.53 3431.47 3555.58 2202.88
323.31 552.27 513.97 4446.96 1534.79 934.29
285.11 505.58 522.89 3853.62 1298.94 680.24
463.68 641.22 870.72 1382.97 1315.82 944.1
607.46 829.71 1150.21 1818.24 1776.05 1370.13
253.12 323.54 429.69 636.25 682.78 532.98
571.35 794.2 1118.21 1728.7 1922.89 1503.19
786.72 1048.71 1395.24 2218.27 2989.14 2673.51
823.76 1208.78 1744.04 3624.38 2850.84 1647.58
715.07 1019.41 1465.06 2214.23 2418.52 1855.35
266.39 376.4 480.61 1497.92 886.85 559.55
311.32 501.08 629.79 3652.57 1616.31 841.66
539.46 764.9 1056.28 1669.78 1451.47 948.57
720.03 1073.24 1607.97 3429.45 2341.93 1303.05
559.66 918.02 1197.44 4086.71 2096.24 1217.02
324.67 438.06 615.57 907.01 860.38 582.46
261.88 475.15 483.84 4668.89 1521.29 725.65
532.98 757.86 1145.47 1845.74 2059.27 1232.76
483.77 733.49 893.59 3687.83 2286.61 1570.32
153.0 180.98 223.41 294.33 297.78 224.7
781.21 1134.93 1635.09 3460.72 2358.17 1365.0
437.54 786.5 873.55 4513.41 1834.91 988.87
575.37 744.84 954.2 1715.04 2405.42 2238.07
540.13 774.08 1014.11 2147.14 1426.73 905.08
693.25 985.36 1457.19 2367.53 2246.11 1338.54
971.86 1404.92 2075.86 3255.87 3778.41 2480.17
939.95 1359.78 2013.9 3100.32 2967.07 1955.32
950.3 1376.42 2032.32 3190.15 3465.16 2251.66
482.09 719.85 973.91 2918.88 1619.0 891.55
905.42 1321.52 1922.77 3422.83 3574.27 2317.54
495.32 728.03 1032.82 2386.47 1574.72 884.25
885.19 1244.03 1703.52 2740.31 2846.94 2199.2
394.86 542.52 792.43 1194.1 1107.9 713.88
710.2 1012.64 1412.01 2258.85 1783.79 1109.56
316.46 480.54 577.9 2514.8 1061.66 570.32
472.02 634.23 761.16 2036.03 1911.39 1700.3
220.44 323.44 313.02 1690.0 582.48 316.36
530.48 745.48 1080.35 1626.26 1793.2 1179.43
738.51 1091.9 1619.35 2373.38 2130.16 1353.85
919.04 1323.67 1927.55 3097.87 3077.63 2074.8
957.29 1386.39 1939.92 3122.27 2817.33 1897.35
799.28 1197.38 1716.34 3296.25 2609.7 1712.04
708.71 975.32 1336.67 2441.68 2842.9 2278.58
649.53 991.07 1331.4 3790.17 2322.18 1391.18
425.17 657.47 792.31 3916.19 2034.58 1319.64
617.27 863.35 1273.9 2050.44 1713.96 1031.59
662.74 932.05 1250.78 2701.71 2253.91 1760.91
730.2 998.65 1378.1 2267.72 2899.4 2387.34
400.88 573.77 840.07 1212.59 1148.44 757.46
757.09 1106.54 1646.5 3145.11 2342.3 1329.79
691.55 967.49 1255.41 2952.05 2435.74 1968.54
518.26 804.98 915.87 3866.48 1852.41 1064.94
806.17 1227.07 1785.82 3556.53 2547.52 1552.5
915.0 1304.24 1921.61 3153.31 3127.98 1990.92
794.97 1166.6 1681.11 2952.46 2597.78 1803.88
682.75 994.57 1371.1 3450.29 2696.84 1840.6
564.09 752.75 1040.36 1689.33 2013.3 1651.53
496.76 697.39 1006.03 1530.67 1500.4 975.3
892.79 1282.86 1902.42 3180.53 2993.45 1798.91
301.14 437.1 475.14 1805.87 890.1 567.09
384.12 547.36 798.83 1150.59 1090.01 720.82
975.03 1418.53 2096.76 3277.48 3190.31 2030.06
758.25 1023.03 1395.01 2312.04 2873.19 2405.98
804.48 1106.75 1540.37 2451.51 3073.63 2462.25
743.79 1064.21 1529.08 2725.26 1954.39 1206.79
799.43 1100.38 1519.27 2393.87 2922.09 2406.19
814.25 1174.21 1659.25 3177.38 3272.53 2256.4
464.75 651.86 893.7 1402.9 1221.7 804.31
817.36 1185.02 1693.72 3315.55 2237.62 1353.6
870.88 1248.47 1843.3 3130.57 2945.21 1805.67
308.06 582.7 487.49 4406.8 1542.11 893.37
395.21 548.53 812.81 1290.25 1435.84 872.32
523.81 734.45 1103.07 1668.66 1480.3 874.2
245.26 305.31 395.15 576.02 659.7 553.55
773.76 1159.38 1567.84 3560.56 2396.1 1471.13
715.85 972.88 1333.43 2207.35 2864.24 2396.46
716.71 1005.33 1407.85 2833.44 3011.09 2244.16
805.55 1152.77 1616.35 2618.72 2182.24 1548.69
930.52 1328.21 1934.66 2977.77 3406.36 2362.28
926.72 1337.64 1864.94 3148.15 2456.82 1548.84
791.36 1099.98 1511.55 2629.88 2993.31 2409.63
913.61 1295.35 1871.24 2888.47 3357.3 2398.87
808.26 1139.95 1604.28 2998.89 2913.49 2076.04
884.99 1311.34 1929.27 3273.25 3099.93 1969.68
940.81 1353.08 2041.26 3300.36 2817.8 1667.83
843.37 1223.62 1873.07 3059.92 3454.66 2094.72
543.02 761.16 1113.51 1793.32 1702.65 1024.9
836.39 1161.92 1674.31 2745.36 2688.16 1930.42
722.27 1120.95 1562.09 3630.59 2306.94 1387.9
651.52 855.66 1139.29 1942.98 2647.35 2373.21
95.15 187.07 98.9 3362.63 711.17 301.23
695.71 1097.36 1415.91 4171.38 2232.47 1285.1
732.86 1044.48 1547.8 2518.93 2389.39 1421.23
472.89 769.88 798.71 4552.03 1620.62 795.39
112.46 217.79 136.9 3582.84 779.03 332.49
908.53 1334.45 1972.87 2956.1 2879.78 1964.14
822.48 1234.6 1868.03 2763.63 2631.73 1706.84
934.17 1374.42 2042.26 3158.5 3212.78 2062.64
687.78 980.08 1415.11 2208.75 2484.84 1749.38
337.7 445.41 618.47 961.13 892.79 627.12
685.55 1063.55 1472.62 3641.63 2205.16 1318.8
822.87 1152.22 1581.88 2542.87 2405.62 1784.32
795.35 1132.19 1572.0 3188.04 2613.04 1819.85
690.32 1001.16 1471.51 2253.71 2401.98 1557.05
846.65 1224.29 1799.39 2944.63 2687.53 1770.12
369.67 605.36 752.22 3746.97 1719.17 1010.87
833.36 1196.85 1676.83 2694.61 2123.65 1313.34
748.03 1038.9 1435.96 2301.17 2535.86 1941.68
290.67 556.93 619.01 4055.89 1540.02 756.96
457.63 642.75 962.51 1451.45 1276.73 755.24
828.45 1190.34 1716.75 2636.69 2753.59 2045.75
678.94 1027.16 1516.51 3890.88 3034.32 1724.35
354.1 641.36 512.16 4957.42 1398.7 638.32
499.27 688.21 931.02 1480.71 1473.71 1103.54
884.4 1280.6 1811.83 2943.88 2317.22 1564.33
777.81 1121.08 1583.17 2590.33 2052.86 1387.23
955.99 1390.25 2000.8 3183.54 2926.81 1806.45
420.94 632.13 821.63 2385.73 1544.46 940.59
558.05 850.4 1084.58 3327.55 1895.22 1089.66
418.55 575.4 828.75 1317.57 1252.37 765.04
652.71 927.41 1408.14 2145.75 1900.1 1109.67
902.34 1329.76 1959.87 3199.25 3133.43 2019.79
658.61 961.93 1287.85 2578.33 1984.36 1324.44
645.39 969.9 1265.73 3395.86 2181.04 1343.01
422.93 589.45 800.1 1315.36 1122.03 749.32
734.08 1072.95 1519.51 3361.13 2634.75 1733.1
760.76 1031.04 1407.21 2273.88 2818.05 2404.23
309.35 403.19 525.86 896.41 830.1 663.15
706.6 1026.74 1512.38 2324.09 2363.57 1527.2
310.2 415.78 541.63 1222.81 996.83 751.93
815.77 1124.75 1527.58 2469.33 2628.7 2192.7
665.7 992.57 1395.95 3674.07 2274.85 1319.86
808.32 1152.45 1644.82 2740.92 3085.3 2266.05
840.51 1219.56 1826.6 3198.42 2672.21 1616.2
800.24 1086.47 1472.58 2310.34 2954.83 2603.57
467.74 680.7 905.66 2117.45 1387.87 859.25
855.65 1198.11 1644.86 2677.99 2588.6 1941.54
909.16 1289.0 1933.98 2985.0 2781.86 1772.17
667.17 953.99 1395.19 2145.18 2101.9 1351.27
638.95 992.41 1256.48 4266.9 2083.09 1095.88
534.06 866.53 926.62 4640.35 2057.76 1156.83
514.05 812.08 1028.95 3473.53 1761.55 1069.24
696.36 980.77 1469.86 2243.67 2029.34 1247.5
519.19 891.95 1082.83 4343.25 2036.09 1144.72
787.17 1132.76 1655.33 2662.11 2486.06 1654.52
738.28 988.59 1285.79 2354.39 2850.3 2556.66
914.65 1382.73 2103.76 3112.36 2938.66 1880.08
359.4 555.02 706.26 3211.31 1453.73 818.91
862.24 1196.22 1674.83 2635.08 3043.09 2403.56
627.14 870.41 1272.79 1974.32 1984.17 1381.89
818.87 1194.5 1803.83 3194.86 2607.23 1566.54
486.96 767.5 1043.25 3883.11 1874.18 963.46
568.78 827.93 1220.78 2305.49 1720.68 980.9
726.91 1082.09 1591.33 3356.37 2343.74 1340.86
727.85 1089.31 1579.4 2745.05 2177.65 1350.35
791.19 1205.19 1746.72 3508.36 3132.0 1997.06
818.42 1194.96 1610.28 3363.93 2653.46 1755.6
466.79 617.92 828.94 1278.75 1542.31 1314.37
297.2 415.82 570.48 1069.02 970.79 643.97
679.09 1027.67 1362.55 3711.36 2126.85 1294.44
854.37 1230.71 1761.08 2779.81 2636.23 1685.52
542.44 862.51 1073.26 3962.34 2001.82 1126.79
780.0 1107.92 1631.08 2663.7 2605.62 1628.25
722.17 1041.9 1407.57 2823.4 2062.89 1398.05
271.12 360.57 493.03 906.38 679.65 425.17
732.41 1131.78 1393.8 4113.51 2342.52 1344.44
182.02 227.41 295.16 406.52 438.93 318.7
875.31 1270.93 1767.6 3141.06 2302.02 1401.61
120.8 313.16 172.88 4647.37 1230.4 474.0
854.17 1203.13 1725.88 2708.95 2893.85 2163.16
576.63 799.51 1043.32 2255.14 2152.2 1796.25
608.66 887.98 1129.78 3056.73 2285.79 1668.79
266.71 517.54 456.29 4572.36 1445.75 673.65
735.9 1029.51 1427.79 2516.98 2595.2 1989.96
275.28 365.2 481.42 726.12 639.04 438.46
638.59 948.05 1424.75 2091.57 1976.73 1276.87
954.81 1370.44 2015.76 3098.07 3710.79 2501.09
911.77 1329.75 1828.3 3185.4 2731.04 1836.96
712.87 956.6 1320.93 2185.33 2694.33 2257.74
621.06 993.89 1129.69 4621.4 2013.84 1055.13
903.18 1284.98 1931.32 2984.6 2839.83 1836.6
153.86 357.84 247.2 4597.74 1342.71 566.31
955.01 1452.47 2200.21 3428.86 3108.7 1976.19
564.94 828.22 1143.43 2343.1 1388.87 824.75
829.03 1234.23 1730.3 3320.15 2075.86 1223.77
844.74 1187.24 1732.46 2856.54 3469.2 2486.6
724.03 980.24 1346.18 2214.4 2894.37 2404.29
174.44 356.29 259.78 4759.62 1183.68 529.7
218.94 399.62 400.89 4730.28 1452.6 688.52
894.62 1272.64 1903.32 3096.21 2579.32 1531.08
619.17 915.83 1201.36 2980.65 1722.01 1012.85
737.1 1087.41 1616.68 3436.29 2394.07 1331.43
380.52 663.4 726.49 4619.63 1888.49 1059.54
656.17 980.24 1244.12 3444.22 2239.27 1536.17
915.09 1298.66 1933.4 3145.95 2683.15 1645.31
863.38 1268.59 1838.0 3459.79 3468.03 2218.64
506.96 717.62 1081.49 1637.88 1439.07 845.63
882.88 1280.31 1836.35 2948.1 2698.54 1674.8
834.28 1164.09 1616.56 2867.89 2971.49 2220.01
656.94 909.03 1253.75 1970.8 2125.89 1608.48
540.58 836.21 1081.1 3801.28 1886.57 1097.62
907.89 1393.91 2079.14 3533.21 2993.8 1886.61
339.95 571.55 659.25 4115.97 1435.21 822.05
740.79 1026.57 1437.74 2336.23 2820.59 2242.1
768.35 1013.83 1334.64 2133.9 2894.95 2664.21
834.04 1140.55 1534.92 2470.03 2741.27 2281.57
770.41 1047.79 1400.45 2304.13 2772.75 2368.92
892.7 1264.94 1835.48 2866.17 3523.67 2499.82
787.69 1135.19 1667.52 2662.67 2831.15 1833.65
479.62 680.9 952.86 1517.29 1081.35 671.45
732.35 1064.18 1547.64 2711.11 2301.51 1477.39
710.15 968.18 1309.81 2214.47 2492.62 2103.03
735.54 1026.4 1504.0 2325.4 2348.28 1648.63
447.41 723.14 853.53 4074.54 1914.42 1093.56
951.6 1393.35 2058.13 3181.02 3435.18 2262.49
65.16 259.17 99.67 4325.82 1087.74 404.75
688.38 1028.65 1358.97 3684.16 1994.89 1166.19
417.09 553.79 767.64 1241.31 1281.2 971.9
905.79 1303.77 1829.05 2945.29 2338.62 1456.9
732.95 1109.45 1501.14 3636.96 2475.79 1456.51
885.48 1258.08 1775.21 2827.24 2888.73 2032.73
489.14 676.33 1000.47 1505.09 1341.8 817.96
549.03 841.17 1108.66 3291.84 1892.66 1142.23
870.1 1220.3 1784.77 2916.49 2691.1 1814.22
798.06 1190.3 1731.35 3347.75 2861.25 1792.36
662.68 934.07 1346.13 2127.12 1667.28 1049.53
328.31 535.39 652.32 3674.46 1578.68 900.64
824.36 1207.07 1674.47 3127.81 2951.68 2079.29
252.85 324.18 421.95 782.88 732.26 569.82
867.23 1221.47 1743.67 2757.61 3030.94 2248.99
650.14 927.81 1362.47 2076.1 1961.92 1281.38
746.94 1057.38 1500.31 2297.66 2479.78 1917.27
856.54 1284.28 1816.89 3626.21 3113.81 1954.8
378.25 653.15 772.77 4269.94 1671.24 857.21
195.19 278.95 294.73 1378.59 550.03 328.39
463.05 706.98 947.36 2981.06 1994.56 1281.9
491.46 709.65 1049.22 2109.75 1971.42 1156.12
876.41 1225.22 1795.8 2807.14 2839.22 2002.8
823.59 1179.91 1669.44 3021.96 2878.18 2041.05
944.88 1369.71 2033.56 3128.3 2968.86 1934.3
828.28 1159.07 1594.05 2623.42 2537.44 1890.78
293.26 392.59 519.81 802.68 700.02 478.64
405.23 675.03 682.99 3936.62 1852.9 1229.9
481.03 869.09 803.27 4707.96 1991.57 1080.62
823.43 1298.73 1816.73 3819.12 2763.34 1701.12
622.51 931.51 1165.66 3252.67 1708.39 980.62
831.48 1141.14 1581.14 2484.52 2927.52 2418.02
317.94 604.9 361.64 5425.5 1328.99 566.27
766.06 1129.0 1562.28 3079.8 2147.94 1416.17
444.33 716.41 906.31 4071.09 1886.89 1091.5
724.85 1091.57 1507.51 3455.6 1933.15 1107.32
283.08 354.69 448.81 685.85 883.64 800.91
186.47 228.18 291.5 411.52 340.85 245.92
98.7 285.57 120.55 4688.63 1197.76 452.81
535.79 758.89 952.96 3183.95 2269.65 1788.54
711.79 943.44 1243.32 2053.45 2838.64 2580.15
770.59 1102.06 1617.07 2861.65 2517.71 1644.98
231.45 298.88 386.04 569.54 504.24 353.82
355.48 622.52 638.02 4585.12 1403.54 691.14
660.71 959.3 1350.42 2406.77 2024.24 1242.3
677.59 997.27 1474.4 2156.49 1936.47 1234.22
966.97 1399.95 2074.37 3173.8 3510.01 2273.91
899.95 1295.93 1952.22 3379.32 2727.39 1600.8
220.17 452.25 306.81 4640.99 1185.59 538.82
438.4 739.47 696.91 4777.64 1639.27 794.37
591.4 791.09 1000.9 2249.1 2525.61 2230.57
237.1 305.04 411.55 584.62 676.23 471.19
224.77 400.22 322.69 3501.13 1063.27 512.17
575.31 742.5 961.96 1667.18 2409.6 2233.31
553.07 765.5 1127.07 1722.14 1614.92 1047.05
215.82 274.41 357.18 512.91 481.47 330.57
588.39 858.05 1267.13 1842.9 1680.66 1072.05
475.42 763.55 1014.29 3744.53 1809.94 998.93
810.21 1162.13 1713.9 2610.42 3084.95 2022.82
332.73 564.99 626.06 4351.56 1580.68 858.43
724.11 964.87 1301.34 2121.54 2721.69 2384.35
330.19 446.16 592.27 1002.08 815.68 602.15
161.61 417.93 149.33 4959.8 1173.76 523.79
601.47 945.91 1081.38 4232.49 1933.53 1100.43
725.0 1062.32 1562.09 2306.18 2145.46 1426.01
570.96 820.66 1158.05 1858.27 1317.46 808.93
799.71 1127.58 1504.06 2823.69 2715.12 2132.09
643.32 922.05 1282.29 2040.79 1770.88 1149.13
918.93 1338.21 1955.57 3130.46 3344.26 2265.63
872.24 1279.2 1768.52 3310.18 2596.84 1680.97
804.05 1194.3 1752.27 3520.52 2538.08 1427.09
301.25 398.31 545.69 825.02 660.56 439.61
896.03 1281.62 1945.84 3017.87 2800.36 1735.81
405.65 566.97 811.67 1220.67 1240.56 819.14
195.64 248.58 327.58 440.53 404.1 287.81
426.35 626.08 637.39 2742.51 1688.53 1318.83
744.11 1011.19 1391.73 2315.26 2564.26 2105.49
928.76 1316.38 1902.06 2949.16 3595.91 2567.6
948.91 1364.15 2032.24 3327.82 3184.03 1911.18
641.61 902.16 1353.3 2055.65 1828.37 1099.28
726.23 1069.5 1479.08 3221.27 2164.75 1249.93
770.99 1164.76 1675.74 3384.28 2819.54 1759.82
626.3 905.12 1215.41 2962.7 2272.51 1544.96
725.31 1109.77 1602.42 3485.16 2324.5 1408.3
513.56 698.47 960.56 1483.96 1747.0 1396.17
319.01 428.39 598.76 876.49 961.43 649.17
505.5 772.97 965.51 3774.08 2197.51 1521.79
935.7 1391.27 2069.04 3207.78 3578.1 2391.22
261.65 454.72 479.58 3944.82 1498.75 767.37
283.98 365.1 464.81 768.81 828.96 686.87
178.49 341.93 278.29 4730.97 1139.92 503.61
657.97 867.93 1160.96 1999.74 2783.97 2451.38
719.89 1063.5 1570.99 3636.63 2356.29 1311.35
434.38 597.28 858.76 1367.41 1317.88 822.66
444.05 718.25 913.91 3855.69 1631.45 902.47
510.88 693.56 950.08 1489.02 1745.29 1404.74
673.45 893.86 1211.62 2039.38 2661.07 2316.05
962.0 1398.0 2014.0 3173.0 2939.0 1816.0
69.0 191.5 59.0 4653.5 930.0 346.0
134.0 394.5 95.5 5146.0 1087.0 409.5
969.0 1403.0 2079.0 3181.0 3518.0 2279.0
155.0 368.0 123.0 5163.0 1156.0 447.0
89.8 263.8 87.2 4769.8 1060.5 381.0
971.0 1390.0 2115.5 3245.0 2879.5 1707.0
122.0 299.0 89.0 4632.0 914.0 354.0
72.0 203.8 71.8 4231.5 957.5 341.5
907.5 1325.5 2047.5 3151.5 2757.0 1579.5
948.0 1357.0 1978.0 3155.0 2462.0 1531.0
56.8 180.8 53.0 4412.8 873.5 325.0
119.5 322.5 80.5 4825.8 970.8 371.8
948.0 1376.0 2046.0 3146.0 2970.0 1921.0
911.0 1341.0 1922.0 3127.8 2196.5 1320.8
985.0 1493.5 2276.8 3372.5 3183.8 2033.8
76.2 218.5 55.5 4643.8 764.8 282.8
962.5 1390.0 1954.5 3151.5 2480.0 1527.0
959.5 1435.2 2145.2 3160.2 2832.8 1787.8
88.5 243.0 63.5 4918.0 903.5 321.0
978.0 1422.0 2105.0 3266.0 3199.0 2037.0
79.2 209.2 66.0 4931.0 970.2 374.0
222.2 574.0 104.8 5481.0 1198.8 463.2
992.0 1434.0 2127.0 3253.0 3849.0 2515.0
980.5 1432.2 2016.0 3245.2 2807.8 1800.2
966.0 1422.0 2112.0 3259.5 3477.0 2237.5
109.2 304.0 68.8 5231.2 1052.0 412.0
978.0 1434.0 2220.0 3640.0 4073.0 2397.0
81.5 229.5 75.0 4588.5 1023.0 369.5
937.0 1353.0 2081.0 3198.0 2826.0 1629.0
924.0 1316.0 1970.0 3207.0 2671.0 1584.0
102.5 315.2 89.5 4914.0 1200.8 467.0
980.0 1467.0 2194.0 3388.8 3736.5 2446.5
955.0 1376.0 2056.0 3368.0 3193.0 1885.0
977.5 1462.0 2197.0 3231.5 2940.0 1846.5
939.0 1381.8 2053.5 3176.2 3230.8 2074.0
265.0 540.0 222.0 5608.0 1151.0 427.0
83.0 265.0 84.5 4714.5 1156.5 420.5
245.0 494.0 207.0 5231.5 1090.0 397.0
304.0 635.0 236.5 5868.5 1229.5 464.5
138.0 335.0 114.0 4964.0 1063.0 407.0
53.8 244.8 74.8 4340.2 1057.2 381.2
619.0 799.0 1032.0 1800.0 2627.0 2458.0
688.0 897.0 1159.0 1935.0 2759.0 2592.0
756.0 989.0 1280.0 2056.0 2900.0 2740.0
100.0 100.0 100.0 100.0 100.0 100.0
