711.13 1038.99 1365.94 3323.91 2357.47 1655.91
146.35 170.76 207.69 269.1 280.74 214.4
335.57 542.81 633.4 2504.92 1128.51 639.79
331.94 454.35 640.04 950.4 965.5 645.71
961.37 1407.75 2157.57 3525.21 3956.53 2378.26
511.28 889.52 839.88 5056.91 1755.94 889.84
648.94 967.69 1355.03 3430.49 2153.22 1318.14
928.66 1339.68 1860.47 2978.65 2479.36 1624.61
856.26 1239.42 1749.0 3258.83 2881.33 1877.61
724.07 1091.32 1491.73 3590.25 2456.52 1438.27
604.64 896.26 1160.15 2866.37 2146.76 1424.2
398.21 697.48 862.12 3891.48 1732.41 916.09
874.27 1286.33 1812.44 2780.69 3157.03 2305.6
277.9 473.11 513.53 3934.04 1411.43 808.14
569.07 816.64 1192.17 1819.86 1850.38 1203.63
911.27 1323.89 1844.89 3246.49 2396.68 1459.73
514.29 773.6 1032.11 2935.86 1725.98 1052.23
804.68 1162.24 1608.15 2800.21 2718.23 1914.02
879.2 1253.69 1813.97 2913.22 2620.79 1727.16
869.74 1253.07 1861.21 3155.61 2908.61 1714.29
647.2 1043.99 1374.1 3981.18 2214.41 1283.8
984.02 1491.97 2274.4 3369.17 3180.45 2031.68
489.23 727.6 969.86 2599.08 1614.16 987.63
786.14 1194.06 1681.56 3545.27 2822.78 1758.05
451.23 620.97 805.11 1182.66 1359.18 1125.15
751.59 1076.43 1369.48 2074.68 2479.97 2138.24
831.62 1221.13 1764.22 3496.57 3308.86 2124.07
718.3 1063.82 1566.56 3040.82 2255.82 1308.49
553.29 856.15 1154.03 3967.8 2017.24 1078.44
229.01 460.69 303.72 4989.04 1312.32 561.28
494.9 691.17 1034.64 1561.65 1386.14 821.39
889.46 1296.69 1969.21 3027.17 2724.81 1643.7
133.01 259.27 188.85 3506.63 794.39 359.26
210.97 385.55 396.5 4495.21 1420.87 666.32
275.51 519.6 455.18 4680.23 1370.44 642.78
921.78 1338.07 1919.26 2941.97 3187.8 2222.44
795.44 1179.11 1603.78 3304.08 2375.73 1496.46
359.15 625.23 714.7 4077.57 1634.53 800.99
483.0 750.96 979.52 4136.84 2126.41 1238.5
912.94 1305.81 1887.15 3000.43 2406.86 1542.75
739.35 1075.13 1505.88 2415.4 1860.81 1227.28
908.88 1290.74 1823.44 2771.25 2760.73 2011.07
905.3 1308.43 1889.12 2999.39 3421.38 2341.05
466.43 692.6 911.57 2326.24 1193.27 694.19
866.69 1231.43 1839.94 2990.91 2492.19 1480.79
416.19 657.03 749.68 3666.97 1811.23 1192.33
805.24 1184.29 1697.39 3403.83 3035.85 1938.06
637.84 977.1 1358.64 3672.21 2455.41 1475.37
856.04 1259.66 1919.96 3285.55 2647.1 1504.25
678.25 1075.72 1531.26 3828.88 2494.37 1485.16
917.87 1303.29 1894.41 2887.65 2739.95 1854.62
846.91 1220.26 1800.53 2756.82 3038.56 1972.72
185.65 228.97 290.18 405.34 382.09 270.5
361.59 618.69 661.05 4028.91 1682.68 951.12
165.31 201.46 255.42 344.1 369.9 274.16
521.44 762.54 986.65 2380.51 1628.94 1096.86
159.98 217.22 234.91 927.79 450.68 278.33
868.27 1249.06 1751.89 2818.11 2219.97 1371.09
859.15 1220.1 1643.0 2517.24 2548.88 2017.38
914.37 1341.88 1917.62 2830.27 2807.22 2009.03
756.25 1087.45 1518.58 2307.64 2486.23 1829.08
559.19 871.21 1147.58 3573.52 2068.77 1223.35
813.21 1204.67 1719.15 3488.83 2661.67 1670.46
643.49 954.9 1377.62 2319.18 1858.43 1167.42
419.65 787.01 614.39 4848.23 1542.44 753.69
460.72 671.93 938.27 1896.25 1553.64 984.29
627.65 917.82 1292.49 2979.47 1991.05 1247.82
498.26 690.34 981.99 1534.76 1209.3 772.06
863.94 1255.6 1781.35 2631.01 2597.19 1886.82
972.05 1425.38 2205.68 3628.5 4048.17 2382.1
642.3 964.59 1387.55 3692.98 2120.33 1168.12
435.08 664.04 774.74 3617.48 1746.67 1217.22
527.21 828.27 1023.12 3958.69 1771.97 955.39
914.71 1301.46 1912.66 3123.82 2664.58 1668.42
878.57 1309.86 1905.18 3063.09 2727.4 1818.68
270.33 439.99 362.2 2555.14 828.73 423.83
646.52 941.39 1290.96 2532.58 1953.76 1188.85
883.73 1305.26 1806.44 3410.84 2617.96 1646.01
779.34 1158.65 1571.53 3187.13 2655.35 1819.59
191.3 241.83 317.25 425.06 390.29 279.28
937.85 1341.36 1939.73 3082.14 2471.93 1586.57
965.55 1397.63 2067.05 3172.43 3500.46 2275.6
978.14 1413.38 2083.3 3185.02 3770.37 2493.52
192.11 274.2 307.61 1239.17 608.51 363.92
809.78 1191.61 1696.36 3342.58 3011.24 1916.23
527.5 739.33 1071.45 1611.1 1896.73 1257.41
165.35 199.84 252.15 339.6 343.85 253.75
951.96 1383.95 1922.8 3064.73 2771.37 1880.25
929.98 1337.29 2017.59 3312.01 2784.54 1641.63
675.59 1031.06 1422.29 3755.43 2508.86 1490.8
242.13 424.46 424.58 4597.93 1249.97 590.98
463.47 665.08 824.36 2185.64 1557.88 1216.85
255.21 344.39 481.76 673.92 640.82 439.14
929.45 1336.74 1955.62 2983.03 3520.67 2362.4
607.87 859.59 1191.99 1896.82 1501.42 940.26
803.09 1121.74 1445.16 2178.98 2417.23 2081.83
934.19 1334.18 1876.88 2851.51 3192.86 2322.91
884.04 1280.26 1798.55 2744.29 2953.04 2159.49
544.2 801.99 1061.59 2381.44 1529.41 1009.71
796.55 1131.92 1488.88 2231.25 2565.91 2132.88
381.56 734.78 514.5 4651.77 1574.82 867.72
173.78 259.06 222.46 1185.75 493.15 294.45
866.35 1253.98 1801.63 2832.02 2623.99 1625.6
431.35 594.51 858.04 1366.5 1298.68 791.77
427.91 678.5 882.92 3885.28 1746.52 989.6
957.34 1382.25 2038.82 3115.83 3687.6 2433.56
886.23 1275.49 1802.3 2831.3 3250.39 2326.36
785.28 1124.84 1657.24 2522.28 2980.16 1955.32
823.61 1165.9 1508.01 2249.26 2668.41 2284.53
908.02 1316.6 1902.38 3173.01 3484.58 2325.38
962.33 1377.6 2086.01 3198.73 2863.67 1723.99
919.53 1334.86 1978.21 3081.12 2876.91 1859.32
866.84 1307.46 1920.17 3402.58 3347.17 2169.38
793.28 1174.08 1505.22 3575.86 2216.0 1416.15
463.22 639.0 880.53 1313.6 1321.58 980.16
592.25 841.23 1193.0 1854.85 1721.23 1079.93
573.87 886.24 1125.84 3310.77 2188.06 1489.59
876.3 1258.34 1757.12 2743.82 3161.41 2318.72
874.74 1275.78 1968.49 3027.7 2649.21 1519.48
859.13 1238.21 1813.37 2767.32 3072.97 2032.75
772.16 1105.67 1432.7 2187.86 2474.43 2071.85
245.45 317.74 444.25 638.36 573.72 365.71
894.92 1315.08 1860.39 2777.58 2877.59 2147.33
582.45 901.36 1084.18 3705.11 1879.95 1211.75
231.36 306.83 423.09 585.72 557.71 387.02
772.15 1108.34 1595.76 2450.44 2469.0 1673.03
142.76 192.06 185.32 832.44 323.92 201.77
944.46 1374.2 2018.1 3341.78 3707.46 2405.54
799.84 1138.2 1636.27 2592.09 2093.22 1354.18
769.94 1125.77 1495.36 3263.08 2401.28 1683.26
896.63 1317.78 1884.38 3061.73 2170.08 1319.89
633.58 919.51 1295.45 1908.35 1877.72 1348.23
102.08 103.22 104.96 107.41 106.72 104.13
618.4 937.13 1374.03 2646.38 2015.63 1264.63
264.46 346.19 489.23 708.7 635.61 400.42
755.2 1162.9 1688.52 3317.0 2523.14 1589.55
240.92 308.71 426.09 608.83 549.69 360.0
630.01 881.04 1168.57 1739.19 1914.27 1558.16
298.84 543.14 495.23 4638.87 1472.0 719.11
864.0 1282.35 1852.57 3325.08 3144.85 2034.84
374.83 677.17 520.44 5211.75 1489.9 695.37
603.64 876.5 1236.43 2433.95 1781.16 1043.6
561.23 788.34 1155.17 1862.93 1768.53 1062.92
836.58 1245.65 1816.66 3400.21 3112.28 1963.03
117.1 125.57 138.85 160.43 171.85 146.28
271.27 362.09 484.79 739.44 542.76 357.82
893.38 1255.17 1651.23 2512.93 2871.78 2390.89
839.21 1210.06 1671.27 2552.59 2698.57 2041.33
386.25 642.44 827.12 4209.83 1710.59 930.56
913.63 1311.98 1790.36 2669.4 2849.03 2278.25
479.31 755.76 971.54 4005.01 2257.71 1306.89
719.38 1032.66 1475.28 2308.06 2139.93 1333.01
652.24 945.61 1317.03 1946.66 1962.02 1446.52
653.66 907.06 1170.15 1762.6 1915.61 1623.87
551.59 782.04 1075.58 1695.17 1345.88 931.33
313.15 420.96 573.28 859.87 802.01 524.32
946.84 1363.46 1864.45 2941.69 2769.98 1999.72
894.41 1308.18 1852.5 2990.76 2218.52 1421.16
273.81 425.83 445.07 1772.85 908.75 541.96
886.23 1327.76 1968.6 3029.34 2623.04 1650.33
869.46 1275.3 1916.12 3244.76 2662.22 1560.74
120.9 193.77 112.95 1811.62 462.58 221.35
893.71 1293.44 1835.31 2829.65 2930.15 2063.42
900.85 1281.7 1907.54 3095.73 2609.47 1577.55
729.54 1054.45 1357.55 2421.6 2396.33 1936.64
792.46 1230.31 1743.0 3769.17 2629.85 1608.31
773.26 1093.36 1613.17 2602.97 2216.62 1364.96
218.07 393.71 221.69 3581.46 826.37 337.38
744.99 1154.34 1486.83 3870.9 2822.34 1734.34
352.99 487.99 660.41 1236.6 1177.95 781.44
945.14 1375.07 1976.34 3195.14 2901.12 1790.92
127.46 171.25 157.51 873.35 338.05 203.91
873.38 1286.03 1754.66 3277.16 2596.55 1712.58
830.11 1192.99 1825.83 2798.87 2479.94 1440.53
779.82 1184.82 1570.16 3740.43 3067.14 1950.26
818.88 1194.76 1582.25 2726.35 2550.32 1908.05
355.29 482.8 630.47 902.56 965.05 782.27
469.77 751.96 1002.15 4026.21 1816.68 1007.92
837.17 1203.67 1638.83 2493.56 2970.55 2275.08
768.06 1110.01 1565.29 3168.36 2341.4 1468.82
134.08 265.58 225.8 2514.13 786.28 362.04
445.74 610.22 884.63 1403.65 1178.76 722.67
900.93 1303.42 1803.21 2866.12 2364.12 1679.59
698.39 1013.47 1297.81 2584.54 2330.9 1837.54
883.73 1268.59 1699.98 2633.27 2684.28 2071.62
958.4 1400.15 2130.81 3467.32 3897.35 2381.92
813.7 1150.25 1471.95 2190.92 2598.05 2269.85
374.98 633.88 663.04 3850.26 1802.18 1109.3
444.13 735.38 773.44 4433.01 1873.5 946.97
932.41 1352.77 1923.26 3018.47 2874.37 1861.23
445.53 616.74 885.18 1321.35 1552.22 1035.48
794.01 1144.87 1680.22 2594.63 2551.29 1643.78
930.93 1342.28 1949.65 3148.18 3515.61 2367.38
321.99 474.7 642.36 1505.49 972.54 593.78
878.81 1281.52 1810.05 2777.72 3072.92 2198.14
393.6 677.4 597.65 4824.88 1456.29 665.14
963.78 1458.99 2196.2 3337.96 3116.83 2022.53
692.09 1030.38 1402.07 3146.47 2212.14 1325.51
567.14 867.41 1148.76 3708.31 2345.28 1443.3
713.54 1014.06 1372.5 2145.13 2039.33 1496.13
779.47 1162.26 1677.91 3497.94 2438.13 1388.78
103.21 255.77 119.68 4601.48 829.99 329.66
654.83 995.31 1282.8 3616.03 2360.84 1537.02
892.49 1307.58 1889.55 3548.26 3022.88 1763.71
905.72 1280.59 1704.14 2599.82 2770.17 2214.79
263.89 494.1 281.34 4557.32 1074.78 450.79
688.11 1034.5 1481.06 2924.88 2638.82 1722.08
113.27 268.48 141.34 4580.75 870.75 359.76
831.84 1217.78 1693.17 3048.67 2422.35 1546.64
281.9 529.82 453.21 4507.2 1350.2 650.19
910.86 1331.9 1841.42 3155.68 2640.1 1728.21
971.3 1419.84 2174.97 3550.77 3977.9 2396.52
378.1 581.21 735.58 2439.83 1239.14 673.92
544.36 875.31 952.47 4606.44 1967.46 1056.77
754.58 1114.84 1552.51 3573.39 2991.46 1953.72
595.36 845.41 1181.17 1829.24 1756.03 1164.05
910.19 1314.65 1886.99 2881.58 3238.18 2241.67
581.26 893.08 1239.97 3291.26 2490.02 1415.25
480.35 704.35 1010.13 1861.8 1392.44 875.16
782.9 1137.5 1610.46 3133.43 2132.63 1295.68
508.24 801.87 943.77 3790.91 1732.94 1065.1
742.92 1107.55 1637.48 2729.1 2244.76 1401.13
481.73 667.55 923.24 1389.18 1422.67 1029.27
930.4 1394.54 2072.73 3180.07 2762.86 1737.63
865.29 1245.44 1684.36 2654.91 2478.17 1807.43
550.72 758.24 996.59 1480.94 1595.06 1319.47
861.68 1233.3 1860.81 2975.29 2552.37 1511.64
425.78 717.11 682.22 4736.86 1535.59 723.19
681.8 988.85 1454.64 2233.16 2271.03 1468.85
559.12 788.42 1145.58 1727.81 1905.86 1251.25
889.72 1260.76 1725.83 2612.47 2716.08 2123.23
750.84 1088.86 1671.5 2724.11 3045.08 1802.71
122.66 134.39 154.65 185.63 174.56 141.52
704.42 1051.7 1586.67 2334.99 2206.11 1420.71
873.76 1221.79 1557.78 2398.83 2677.77 2355.06
834.87 1255.56 1843.28 3093.73 2499.57 1560.93
915.87 1346.46 1999.64 3091.38 3144.47 2019.57
929.02 1355.14 1921.09 2844.85 2779.69 2021.61
255.12 332.01 433.54 648.82 528.05 356.65
954.08 1394.92 2035.68 3131.62 3367.43 2258.89
866.1 1260.65 1842.53 3240.41 3414.9 2204.5
891.53 1302.59 1879.7 3279.22 3455.02 2261.01
399.66 609.76 751.16 2883.04 1382.65 792.76
372.42 513.9 757.78 1198.37 1332.72 812.7
775.98 1137.73 1645.57 3232.8 2619.67 1636.64
197.13 247.44 312.89 420.3 425.04 336.4
943.53 1352.53 1864.55 2964.51 2530.27 1727.84
487.47 701.01 1006.54 2336.76 1507.32 872.01
913.18 1341.37 1989.29 3066.8 3271.04 2107.14
730.5 1042.48 1476.95 2240.42 2255.05 1621.13
531.62 745.55 1028.04 1627.04 1291.01 814.1
662.01 1009.97 1335.73 3410.19 2416.22 1598.2
948.67 1401.42 2052.33 3026.07 2859.68 1929.01
907.49 1308.76 1777.57 2783.51 2714.61 2004.98
892.06 1299.55 1812.24 2755.45 3134.9 2353.56
371.3 521.45 745.55 1065.93 962.59 632.74
720.5 1077.03 1626.23 2394.46 2262.16 1455.85
978.25 1408.61 2057.77 3140.93 3706.21 2499.52
345.92 467.81 628.76 970.05 778.59 506.87
416.84 664.97 805.82 4116.07 1646.6 900.95
845.66 1203.53 1791.75 2733.79 2505.79 1578.33
806.37 1197.32 1780.82 2614.99 2345.92 1487.1
855.76 1246.45 1794.3 3182.52 2746.86 1831.63
823.84 1176.14 1542.23 2343.13 2607.24 2183.9
951.1 1376.02 2012.6 3154.84 3420.57 2256.6
904.61 1348.76 1993.64 3017.68 2678.16 1721.11
645.03 918.91 1242.56 1910.5 1983.82 1466.49
547.37 902.06 915.17 4817.19 1796.12 909.52
614.08 871.78 1206.26 2007.51 1536.3 956.43
480.43 778.33 986.64 3631.56 1803.55 1030.45
908.41 1301.21 1797.45 2739.42 2948.75 2240.66
852.18 1213.82 1620.0 2442.42 2737.64 2214.68
433.0 696.72 732.91 3759.56 1743.54 1214.2
830.9 1214.16 1749.47 2576.81 2482.22 1734.2
593.14 896.17 1282.3 3608.84 2083.23 1117.19
902.21 1315.62 2015.13 3097.47 2747.88 1618.14
650.29 960.31 1416.52 2270.59 1922.24 1208.89
815.15 1173.28 1721.3 2634.72 2517.49 1673.21
133.08 149.48 171.13 217.04 191.28 154.73
383.17 547.04 773.24 1270.72 1037.3 668.3
932.34 1336.12 1850.69 2870.9 2850.02 2026.18
946.57 1350.1 1898.22 2882.61 3377.11 2463.84
826.39 1170.58 1512.48 2272.47 2583.79 2203.46
846.79 1246.77 1739.94 2604.09 2767.51 2096.26
729.74 1115.13 1545.01 3696.65 2777.53 1716.79
596.85 892.32 1095.37 2813.95 2052.72 1531.02
477.68 720.69 975.11 2829.14 1561.0 857.5
562.14 844.39 1135.59 3160.89 2298.01 1431.56
124.18 227.36 150.54 2228.05 641.29 301.35
441.45 622.02 815.32 1440.07 1489.42 1131.36
663.86 992.46 1273.59 3047.77 2375.71 1751.03
888.66 1273.47 1842.41 2803.47 2735.55 1878.9
846.93 1222.58 1708.89 2627.38 2772.28 2014.05
932.9 1360.85 1902.89 3105.93 2679.27 1740.2
584.22 831.44 1245.68 2090.99 1711.44 994.46
938.39 1365.58 2039.72 3290.96 3717.95 2366.51
271.55 548.12 239.23 5582.86 1161.6 436.06
551.41 839.36 1139.95 3731.08 2146.78 1171.22
804.08 1196.8 1744.68 3292.05 2866.04 1800.88
764.32 1090.46 1521.98 2303.97 2379.39 1771.68
405.55 777.53 589.5 4916.31 1768.21 909.01
954.65 1404.66 2085.46 3217.81 3432.63 2209.79
939.36 1352.34 1960.28 3125.33 3524.47 2394.21
561.85 856.34 1181.16 3258.82 2142.49 1287.31
913.11 1293.96 1868.15 2989.36 2677.33 1788.21
901.24 1309.36 1952.31 3146.3 3554.61 2267.34
773.06 1143.57 1597.09 3549.25 2517.64 1507.38
493.14 694.82 955.49 1504.32 1309.02 859.13
911.04 1301.23 1757.97 2663.85 3011.76 2407.15
190.52 248.42 297.71 747.53 456.86 298.92
849.79 1227.74 1799.44 2779.77 2745.35 1783.57
975.44 1430.51 2213.97 3642.15 4064.1 2391.24
312.77 509.89 637.08 3470.02 1645.32 842.94
453.12 621.11 901.38 1431.48 1201.78 735.96
492.77 679.62 991.36 1580.99 1325.5 807.37
647.28 995.07 1332.77 3655.11 1831.69 1018.99
942.75 1367.36 1902.98 3232.97 2442.5 1495.14
854.44 1229.82 1764.43 2698.2 2671.47 1854.61
815.38 1153.02 1476.77 2201.05 2597.04 2263.33
838.04 1225.4 1797.76 2764.75 2967.09 1951.64
814.37 1170.62 1515.92 3049.73 2611.65 1970.88
428.03 696.57 758.43 4168.99 1606.25 916.84
642.15 951.71 1116.89 3354.59 2228.28 1726.12
584.21 834.49 1258.87 1915.38 1700.23 1012.15
862.13 1292.71 1704.64 3704.2 2531.64 1566.49
365.71 497.37 703.81 1039.22 1216.76 819.38
969.7 1410.13 2082.05 3249.89 3175.72 2031.29
594.05 920.23 1179.86 3736.52 2110.74 1321.13
347.7 634.43 423.46 5088.24 1349.86 666.86
882.57 1285.69 1939.3 2979.66 2712.52 1668.23
869.17 1263.75 1773.74 2847.51 2465.42 1585.22
327.16 525.25 533.89 2847.6 1029.66 547.25
132.13 338.55 110.45 4800.2 1001.27 395.41
315.71 579.8 572.78 4794.29 1688.61 894.47
903.19 1328.67 2041.61 3580.14 3790.55 2219.22
856.77 1260.15 1782.39 3037.26 2113.5 1304.43
542.97 788.12 1154.08 1755.52 1930.54 1281.18
506.76 767.12 899.76 2812.28 1790.07 1337.2
890.8 1248.49 1622.24 2440.71 2746.8 2354.35
872.05 1263.47 1749.91 3059.5 2259.54 1380.17
881.91 1282.28 1859.23 2976.63 3399.93 2288.69
880.77 1313.68 1957.93 2903.03 2586.19 1634.35
716.3 1019.97 1408.1 2235.1 1855.35 1222.57
926.23 1375.79 2000.8 2967.1 2982.28 2114.5
892.51 1270.9 1776.18 2696.84 2722.48 2038.12
804.55 1164.16 1653.64 2943.92 3036.6 2049.78
598.77 993.32 1098.26 4194.51 1744.24 932.05
778.56 1144.24 1733.29 3191.95 3227.77 1890.97
885.51 1328.59 1956.45 3194.75 2679.82 1701.52
545.9 760.96 1087.49 1706.39 1341.99 852.45
319.28 546.05 664.22 4076.03 1462.63 758.76
823.04 1178.82 1749.27 2668.53 2488.29 1589.69
327.38 533.44 589.05 3115.17 1280.73 709.52
782.75 1122.08 1715.92 2627.07 2323.62 1347.22
782.07 1222.02 1628.11 3996.7 2443.65 1445.47
637.94 986.79 1392.06 3820.37 2673.85 1654.77
768.83 1083.26 1431.53 2299.69 2359.75 1921.54
315.74 490.98 601.16 2927.1 1315.25 685.74
913.94 1350.41 1991.53 3276.5 3317.97 2122.47
621.89 949.95 1324.42 3794.27 2499.91 1511.88
506.91 790.83 1009.96 3989.6 2221.94 1347.46
711.26 1021.37 1331.64 2019.25 2381.52 1971.75
755.55 1082.33 1382.11 2094.24 2502.39 2143.52
449.32 617.36 908.33 1361.32 1214.73 744.5
969.54 1422.53 2196.24 3642.36 4035.73 2378.5
885.48 1299.09 1924.93 2965.74 3163.02 2038.76
812.7 1206.21 1803.18 2643.4 2406.64 1518.5
673.32 1008.57 1388.85 3268.08 2308.25 1485.78
509.99 732.92 1021.74 1766.66 1191.84 727.22
544.84 870.17 1113.07 3989.05 2126.38 1227.68
980.58 1417.94 2095.1 3229.84 3795.85 2492.57
958.83 1431.85 2132.8 3170.44 2899.78 1856.19
911.6 1310.62 1896.82 3195.75 2399.75 1482.56
310.17 641.77 253.74 5842.03 1243.84 475.63
897.82 1322.77 1891.37 3147.73 2180.24 1311.94
467.09 672.31 973.67 1533.49 1627.1 1082.11
392.87 647.18 806.99 4393.99 1933.45 1095.66
275.24 489.85 522.02 4269.41 1521.83 754.61
238.2 441.44 338.72 4194.35 1182.04 531.37
892.0 1250.75 1631.88 2452.14 2798.76 2376.12
388.55 548.24 786.62 1178.4 1292.41 869.42
776.16 1175.48 1701.93 3301.89 3015.19 1941.04
773.7 1110.16 1634.24 2488.58 2749.84 1789.29
905.07 1306.94 1940.27 3323.19 3038.7 1789.15
833.35 1196.19 1758.57 2678.54 3166.38 2093.01
892.57 1271.14 1777.41 2698.91 2722.64 2036.04
872.72 1272.71 1963.61 3020.05 2642.55 1515.77
213.14 494.33 146.56 4323.49 1014.85 421.9
888.85 1288.87 1970.06 3264.46 2719.19 1557.66
184.66 226.34 293.67 423.57 406.25 276.74
677.68 966.57 1275.63 1931.94 2171.21 1765.11
940.18 1357.25 2008.32 3089.13 3632.81 2374.31
285.26 573.82 435.17 4628.44 1437.96 772.14
203.63 259.19 332.38 464.0 512.65 391.77
649.59 930.52 1351.42 2834.75 1946.25 1132.61
882.86 1232.93 1580.48 2372.74 2722.37 2390.13
557.59 873.47 1171.1 3021.06 1810.36 1074.01
828.46 1256.99 1844.03 3457.22 2621.13 1600.82
843.37 1274.37 1867.83 3490.84 3295.61 2139.49
881.12 1274.13 1790.13 2756.09 2891.78 2080.77
762.29 1095.4 1363.25 2567.04 2461.21 2070.78
347.08 462.09 609.24 908.09 849.2 657.91
901.86 1307.55 1842.43 2809.45 3106.82 2251.13
321.23 429.39 612.1 959.63 817.59 512.04
189.21 256.66 280.18 1088.57 561.98 397.24
348.65 486.27 691.68 985.32 890.6 588.28
950.79 1380.31 2035.33 3153.78 3102.3 1994.32
890.96 1294.79 1847.55 3023.34 2743.52 1725.05
162.14 372.13 192.88 5111.44 1182.83 511.02
298.45 512.63 542.57 4488.05 1347.65 638.37
774.56 1151.92 1576.9 3579.22 2169.03 1292.05
243.96 318.72 447.59 680.41 751.41 476.61
710.59 1011.24 1496.85 2433.8 2308.83 1374.74
822.32 1164.34 1515.01 2262.08 2611.44 2221.81
156.14 183.78 228.43 314.57 303.08 217.2
958.34 1409.67 2085.49 3217.2 3441.52 2234.04
959.48 1410.37 2084.62 3213.78 3439.4 2238.88
407.19 678.08 747.05 4493.62 1552.91 809.53
702.25 974.82 1268.86 1918.71 2128.34 1789.61
826.15 1200.69 1795.14 2903.0 3278.15 2064.41
897.54 1305.19 1861.16 2850.35 3021.25 2138.5
127.94 347.64 149.23 4861.15 1262.54 515.88
393.09 543.44 737.77 1146.93 1001.33 665.94
728.53 1117.16 1606.26 3622.18 2966.86 1863.52
942.62 1365.18 2019.09 3148.06 3426.0 2216.88
831.59 1196.57 1630.37 2481.38 2864.19 2191.78
753.92 1129.65 1708.43 2518.03 2378.6 1528.87
731.82 1108.88 1381.51 3963.94 2040.46 1163.2
442.79 632.09 827.53 1643.23 1196.25 859.77
306.64 414.73 559.62 1063.1 786.83 503.63
457.48 620.36 789.14 1152.24 1285.3 1116.42
899.37 1278.94 1858.83 2980.44 2653.91 1736.23
810.05 1169.89 1624.6 2479.87 2583.14 1926.3
600.71 853.97 1211.79 1885.01 1749.09 1096.77
405.58 627.53 834.71 2462.43 1558.47 928.8
624.72 886.21 1127.0 1697.39 2029.12 1738.1
538.71 824.43 1079.12 3832.11 1782.29 982.37
871.74 1245.88 1815.0 3106.39 2575.77 1619.77
893.41 1259.9 1709.56 2639.34 2547.16 1987.09
112.51 197.17 137.27 2426.0 639.9 280.08
897.77 1309.34 1900.22 3199.96 2979.99 1946.8
695.36 1024.84 1516.69 2325.02 2560.26 1687.51
710.58 991.23 1311.05 1964.73 2125.54 1759.31
921.04 1402.75 2123.53 3338.03 3012.14 1911.54
795.35 1145.6 1534.26 2379.07 2793.65 2191.12
890.84 1358.31 2050.4 3417.21 2936.86 1856.1
328.48 455.84 593.26 1186.3 851.0 554.54
693.48 993.58 1364.72 2172.19 2479.16 1829.69
886.63 1299.49 1989.99 3188.11 2712.52 1559.79
679.66 1066.68 1488.08 3761.45 2375.31 1461.98
818.79 1176.64 1627.77 2482.44 2604.76 1952.01
910.68 1283.82 1717.47 2589.99 3004.3 2423.42
115.3 260.74 160.34 4158.65 1038.08 415.85
895.56 1290.53 1822.93 2779.96 3301.84 2365.56
288.81 451.78 455.74 2147.8 957.06 555.36
672.04 1010.57 1349.89 3838.05 1998.12 1162.86
912.61 1341.89 1926.37 3438.84 3000.61 1889.85
933.69 1348.63 1905.2 2913.0 3180.11 2295.47
174.95 212.08 270.31 364.92 415.0 302.91
874.4 1263.67 1844.85 2813.28 2699.9 1821.38
639.34 952.19 1186.21 3091.49 2317.34 1752.97
821.02 1203.63 1723.73 3312.72 3241.54 2079.93
860.55 1262.9 1762.94 2701.81 3081.87 2287.32
942.56 1408.89 2104.9 3099.9 2778.95 1754.54
888.59 1257.33 1657.54 2545.23 2569.66 2119.57
307.64 667.32 328.72 5151.99 1446.85 683.78
893.62 1280.36 1741.36 2968.72 3130.56 2324.86
154.95 283.78 245.5 3278.69 911.89 396.08
813.08 1204.02 1822.47 3329.7 2573.74 1447.34
196.75 374.55 327.72 4439.5 1035.84 467.82
304.38 401.6 563.82 870.63 737.69 468.08
569.57 817.39 1193.33 1821.68 1852.23 1204.8
688.24 1052.84 1460.43 2975.4 2612.47 1673.66
420.71 604.98 888.83 1285.89 1217.51 800.77
507.61 790.79 984.05 3893.47 1727.7 929.34
851.38 1252.35 1903.77 3505.5 3556.35 2105.76
882.66 1298.61 1816.1 3444.35 3384.6 2225.98
615.27 947.55 1045.05 2966.74 2148.51 1699.35
962.56 1408.2 1973.62 3256.23 2776.51 1785.09
624.0 877.67 1154.8 1721.4 1960.77 1612.41
472.34 747.17 955.8 4038.56 1834.09 1053.38
264.67 502.02 502.39 4388.02 1596.74 771.43
791.42 1159.93 1589.08 3293.88 2167.83 1293.22
784.31 1125.55 1476.03 2240.71 2639.27 2161.78
833.65 1183.73 1557.28 2332.87 2651.52 2216.61
439.0 707.43 845.05 3357.27 1617.13 949.01
902.9 1300.43 1870.65 3262.08 2390.23 1476.28
789.96 1174.14 1660.4 3607.93 3004.48 1890.22
545.84 813.68 1108.17 3475.04 1783.57 987.17
748.48 1070.78 1634.82 2500.23 2212.02 1284.62
919.54 1318.63 1860.63 2821.06 3340.96 2415.82
265.89 520.22 265.03 5165.92 1142.56 434.28
975.17 1407.21 2065.14 3152.69 3731.02 2491.97
865.02 1250.72 1788.24 3303.37 2306.49 1412.76
848.09 1220.35 1740.11 2659.81 2659.6 1871.95
919.13 1306.14 1924.44 3109.66 2673.83 1675.34
900.28 1265.83 1685.98 2580.21 2628.67 2142.83
372.36 508.22 723.27 1191.81 1096.29 672.04
766.48 1108.39 1550.28 2480.71 2149.62 1386.94
205.79 260.74 355.45 526.55 578.73 376.78
748.93 1110.15 1588.1 3756.81 2408.58 1373.3
505.2 700.13 1037.65 1563.11 1393.07 847.61
130.35 328.45 195.86 4644.52 1292.7 527.45
914.49 1317.68 1947.72 2973.77 3516.21 2306.94
433.42 691.04 853.38 3936.73 1662.18 926.49
749.71 1092.26 1376.83 2421.99 2445.33 1996.92
742.86 1082.31 1561.48 3496.79 2317.41 1326.97
920.64 1353.88 2081.96 3593.62 3852.94 2259.01
158.02 315.28 277.29 4290.16 1133.53 503.61
305.2 487.92 452.47 2651.75 981.04 506.66
793.44 1149.08 1618.85 2965.85 2497.66 1677.46
812.75 1216.29 1823.2 3850.2 3512.53 2021.93
482.6 671.0 975.29 1562.39 1484.08 898.77
858.02 1236.27 1716.66 2615.95 2989.95 2208.56
413.17 655.28 837.0 4063.25 1728.75 962.68
941.01 1369.19 2012.51 3246.87 3436.5 2216.33
721.83 1033.02 1366.9 2079.71 2351.62 1892.94
614.49 874.46 1273.54 1927.45 1821.26 1208.39
396.82 694.0 618.85 4791.37 1460.33 692.53
740.2 1071.09 1640.28 2512.97 2206.74 1280.66
942.88 1386.71 2058.29 3175.17 3386.86 2180.44
926.5 1381.04 2029.35 3077.59 2836.77 1868.61
227.12 464.71 306.61 4992.12 1330.54 590.43
470.36 743.94 954.42 3236.78 1949.7 1148.24
821.13 1180.86 1596.24 2428.16 2814.45 2185.15
925.35 1320.36 1928.69 2939.0 2797.01 1869.68
695.04 1007.39 1463.24 2244.53 2316.04 1545.55
321.79 431.72 576.88 884.68 712.01 466.95
817.96 1156.89 1487.23 2215.56 2628.76 2276.79
621.5 910.43 1166.44 2876.11 2148.56 1620.31
661.37 994.31 1470.45 3516.42 2212.06 1216.55
539.95 801.74 1116.3 3313.1 2000.39 1120.35
323.76 442.39 602.69 935.37 678.43 436.82
899.41 1279.61 1905.87 3094.14 2603.29 1569.34
776.75 1123.93 1572.64 2517.4 2181.22 1406.77
886.01 1271.76 1781.03 2705.15 2797.34 2081.27
892.82 1252.91 1678.47 2584.06 2689.13 2168.51
895.94 1282.5 1860.03 3032.71 2343.4 1465.51
612.51 884.25 1251.41 2013.42 1424.89 871.49
875.31 1268.73 1718.46 2707.07 2656.38 1955.27
976.66 1478.6 2244.39 3326.11 3158.67 2037.57
922.7 1317.12 1848.26 2903.37 3287.91 2393.01
515.05 744.74 1087.63 1651.15 1815.15 1206.72
946.21 1376.77 1979.8 3194.62 2902.98 1790.0
533.4 752.61 1062.32 1645.04 1527.39 962.77
950.51 1366.52 1898.75 3036.02 2509.47 1648.73
727.2 1088.29 1546.78 3713.51 2408.27 1358.92
542.72 951.7 988.45 4596.08 2272.15 1302.06
851.98 1266.07 1848.94 3474.41 3154.7 1997.91
927.67 1367.44 1896.15 3363.82 2700.41 1713.41
680.76 1003.74 1395.38 3458.86 2209.72 1394.63
226.77 292.62 406.11 611.14 673.66 431.66
752.03 1077.39 1543.71 2340.42 2299.79 1611.99
970.24 1414.86 1982.5 3180.34 2794.71 1828.97
146.07 330.12 145.84 4595.47 979.85 398.24
918.14 1348.94 2000.81 3084.89 3290.37 2119.37
565.47 879.64 1166.37 4019.17 2006.22 1060.78
554.9 910.58 938.01 4791.46 1812.84 917.53
144.02 168.32 205.19 257.08 242.46 187.61
912.44 1320.01 1947.78 3027.18 3299.33 2136.34
940.99 1365.78 2005.76 3177.39 3417.39 2225.16
194.17 241.8 315.05 439.58 432.39 307.76
961.6 1391.91 2062.15 3154.77 3488.9 2260.45
965.1 1384.32 1991.53 3033.68 3569.57 2484.71
699.31 976.56 1301.92 1951.56 2207.64 1776.71
768.4 1121.62 1596.54 2583.54 1838.15 1125.99
736.81 1064.74 1463.16 2419.3 2421.72 1767.05
497.37 703.75 1059.48 1702.15 1898.12 1139.59
123.4 267.66 186.48 4577.99 1097.57 471.42
959.18 1392.12 1998.47 3144.27 2930.54 1835.99
660.41 957.76 1194.41 2652.33 2262.71 1854.31
679.25 953.96 1242.52 1868.64 2136.02 1784.09
539.7 760.35 1066.37 1647.47 1549.06 1002.84
633.89 882.78 1207.69 1812.7 1860.27 1429.07
618.36 924.08 1193.68 3566.34 1957.86 1241.59
872.0 1284.2 1774.17 3291.82 2546.9 1611.32
980.05 1414.97 2083.06 3181.75 3765.2 2498.64
771.63 1130.02 1593.48 2952.45 2421.03 1471.75
825.18 1201.82 1851.01 3023.86 3381.5 1997.2
720.08 1089.23 1447.12 3769.56 2404.5 1405.61
507.86 787.61 1038.45 4136.92 2033.17 1167.12
829.75 1174.21 1544.62 2340.12 2605.62 2166.45
792.08 1165.89 1693.54 3413.4 2608.14 1641.63
262.17 510.21 532.53 4098.01 1540.09 754.52
675.13 1017.94 1397.15 3440.67 2231.59 1479.13
904.45 1301.53 1885.37 3046.96 3016.21 1947.88
574.25 873.71 1230.41 2647.53 1829.35 1108.33
919.9 1330.45 2041.73 3197.52 2786.09 1602.97
610.73 857.12 1230.73 1940.2 1523.7 963.54
759.94 1098.49 1536.04 2457.33 2129.5 1374.3
183.04 289.53 278.63 1961.52 732.85 389.78
840.27 1205.05 1671.54 2665.43 2207.4 1446.43
745.83 1152.18 1615.52 3826.88 2992.96 1879.29
355.02 513.41 625.01 1955.81 1024.12 655.34
572.06 810.82 1148.16 1782.87 1654.72 1039.73
899.78 1387.91 2029.26 3566.77 2959.87 1870.32
887.12 1267.02 1741.47 2627.84 3113.69 2371.45
962.06 1378.78 2093.59 3258.85 2862.19 1696.76
897.8 1341.53 1970.78 3138.51 2767.36 1804.48
653.36 977.8 1314.84 3609.67 2246.57 1376.52
846.38 1215.86 1625.79 2416.29 2708.48 2224.16
767.84 1183.13 1668.32 3723.85 2485.25 1489.76
532.25 875.09 970.89 4870.36 2246.22 1165.39
815.75 1211.86 1803.16 2774.96 3057.76 2008.54
891.3 1249.84 1664.28 2553.74 2690.01 2196.95
513.03 720.15 919.88 1376.75 1620.54 1366.73
601.16 945.23 1300.56 3894.63 2592.39 1570.76
844.75 1202.06 1585.13 2396.3 2667.51 2173.26
955.18 1429.06 2133.71 3161.04 2824.75 1784.22
855.32 1245.67 1700.87 3183.44 2687.52 1810.41
414.48 712.1 774.04 4321.03 1771.81 940.72
905.71 1291.76 1922.52 3217.68 2637.49 1575.67
929.36 1352.9 1978.15 3252.8 3064.91 1981.97
810.83 1184.33 1608.0 2900.83 2843.83 2017.77
612.4 923.92 1281.68 3924.81 2076.57 1143.81
668.19 991.91 1189.21 3149.44 2175.92 1616.04
552.88 776.97 1135.77 1860.16 1743.57 1047.16
763.13 1121.1 1590.36 2797.95 1856.06 1112.03
600.61 934.84 1286.01 3832.92 2221.45 1404.18
596.66 904.0 1189.61 3539.37 2153.73 1494.42
854.73 1279.66 1897.6 3027.79 2547.6 1597.9
864.1 1232.21 1668.83 2511.95 2896.69 2272.95
580.04 819.78 1193.21 1801.96 1988.12 1303.69
447.79 824.42 701.15 4786.24 1899.36 1011.7
127.67 220.43 184.04 2876.85 723.47 323.93
914.01 1308.7 1783.16 2650.21 2779.46 2204.09
643.15 981.26 1326.29 3521.09 2690.96 1722.47
826.89 1212.3 1733.04 2813.79 1979.07 1194.19
648.55 896.05 1170.82 1769.9 1902.57 1593.08
541.26 861.92 1163.84 3892.2 2006.65 1127.38
809.22 1213.67 1775.72 2969.12 2487.77 1578.97
302.07 503.9 425.46 2981.48 1030.53 539.43
777.52 1123.9 1555.31 2475.21 2231.21 1507.4
957.3 1411.01 2085.2 3284.91 3443.97 2216.91
456.81 781.66 744.64 3849.41 1785.83 1065.69
756.69 1137.21 1563.5 3421.99 1945.67 1131.71
853.93 1222.03 1641.02 2473.19 2830.23 2261.31
827.75 1206.6 1648.67 2464.3 2634.57 2039.7
321.4 624.34 551.32 4687.44 1586.07 796.99
865.91 1270.07 1940.08 3197.04 2660.06 1524.08
518.13 832.93 875.69 4361.39 1791.58 997.23
857.01 1234.43 1727.53 2844.97 2200.38 1355.77
962.49 1391.14 2019.12 3119.19 3118.56 2093.45
366.95 598.2 696.67 4147.27 1330.83 699.09
766.98 1115.23 1474.65 2831.14 2505.42 1914.93
945.97 1357.46 1945.27 2963.0 3302.87 2308.05
587.65 829.35 1148.51 1825.28 1445.62 906.81
231.47 458.56 338.97 4820.15 1318.93 677.19
735.93 1049.4 1528.19 2743.56 2148.36 1297.63
825.36 1198.97 1625.17 2562.97 2345.18 1756.58
916.0 1321.67 2000.49 3070.89 2786.7 1686.38
445.13 616.2 842.09 1321.07 1052.37 671.02
296.88 516.27 599.58 3983.16 1449.84 715.26
332.81 572.29 578.47 3794.12 1658.45 1041.75
436.4 603.6 896.19 1345.13 1195.62 714.53
950.88 1382.22 1989.25 3162.58 2907.44 1795.33
666.12 937.99 1342.97 2116.2 1694.21 1095.4
896.26 1292.82 1847.98 2919.74 3340.35 2334.09
271.31 527.01 275.83 5153.44 1160.37 454.04
856.52 1239.16 1779.78 2796.95 2591.59 1606.01
388.19 527.19 738.24 1138.25 902.73 586.33
616.1 929.66 1166.59 3614.94 2003.68 1343.25
396.87 660.21 814.14 4105.2 1515.56 829.17
381.14 613.82 733.94 3961.12 1448.8 755.45
860.74 1225.95 1624.02 2494.29 2557.6 2032.76
355.74 482.47 681.15 1003.99 1174.86 792.4
263.6 454.01 467.48 3908.6 1444.34 787.03
632.71 898.36 1228.4 1850.08 2023.79 1542.72
821.93 1170.99 1649.27 2508.51 2527.66 1853.3
928.83 1362.18 1900.92 3226.08 2678.54 1708.61
395.99 536.81 771.74 1216.09 1023.55 633.08
841.2 1194.91 1579.26 2365.85 2761.01 2271.63
565.21 847.34 1116.49 2705.28 1928.7 1359.4
428.54 601.93 864.96 1304.6 1325.98 872.99
673.76 958.1 1399.69 2121.67 2504.56 1658.81
234.49 416.79 398.0 4618.16 1235.63 576.7
938.58 1371.76 2072.0 3367.85 3796.88 2352.56
826.8 1191.22 1613.6 2470.21 2719.54 2105.31
830.68 1194.03 1618.39 2461.75 2933.77 2265.03
803.56 1142.9 1658.13 2634.65 2059.69 1287.26
861.52 1250.46 1787.07 2932.97 2631.19 1636.5
266.05 351.16 468.64 826.24 634.71 408.94
772.56 1106.99 1498.04 2274.56 2709.08 2092.22
626.62 914.15 1321.98 1936.65 1808.46 1218.2
197.36 271.92 319.23 1042.3 644.91 408.43
644.98 924.53 1272.26 2005.76 1654.48 1165.81
917.66 1340.23 1987.62 3433.04 3657.29 2306.53
460.94 695.17 824.44 2912.48 1287.36 724.03
873.26 1300.78 1936.41 2848.74 2562.51 1628.11
440.14 758.29 815.62 4303.6 1949.02 1103.41
370.46 543.39 689.66 2061.62 1330.49 826.99
146.3 169.72 202.81 265.07 252.5 192.18
760.54 1110.76 1583.97 2566.07 1807.55 1094.31
528.39 742.4 1058.3 1594.71 1557.37 1079.19
466.05 710.79 859.06 3417.46 1864.34 1287.83
559.14 797.6 1208.62 1951.19 2177.62 1301.18
957.08 1397.86 2124.77 3455.62 3885.45 2380.9
702.2 1013.53 1279.39 2258.37 2371.04 2005.05
926.83 1329.55 1894.97 2893.86 2883.43 2069.19
899.96 1265.94 1678.54 2527.75 2926.64 2402.75
146.3 169.42 205.43 264.14 282.1 216.09
200.99 386.76 344.49 4431.53 1121.48 541.87
588.87 849.76 1226.74 2346.29 1802.51 1099.5
430.67 601.85 897.51 1349.6 1188.05 705.86
589.32 897.66 1121.88 3650.74 2107.89 1392.18
808.91 1180.35 1719.07 3444.15 2508.87 1482.17
778.59 1121.09 1657.25 2537.5 2396.66 1557.22
230.46 429.54 414.52 4354.14 1430.75 687.46
907.16 1303.96 1969.04 3017.73 2734.5 1668.26
942.14 1356.81 2026.58 3318.85 3146.48 1858.15
753.9 1114.94 1662.65 2433.54 2216.32 1401.46
275.46 368.06 508.53 743.31 754.73 512.81
926.65 1353.71 2049.64 3457.42 3756.57 2296.86
888.66 1272.26 1835.5 2805.72 2729.16 1868.33
605.54 871.74 1274.54 1944.41 2071.38 1347.8
640.29 950.86 1233.28 3057.91 2237.12 1635.64
170.9 346.19 274.81 4482.71 1035.48 479.41
473.19 772.45 894.59 4353.69 1883.85 1038.43
933.27 1324.89 1915.13 2918.12 2793.67 1920.39
872.52 1260.17 1833.37 2794.12 2696.66 1835.09
765.96 1126.08 1598.53 3400.97 2619.56 1675.45
233.53 352.24 423.14 1889.65 934.83 546.35
617.76 957.99 1325.56 3905.9 2732.27 1536.2
888.29 1256.23 1654.07 2537.6 2574.56 2130.04
293.85 391.9 530.42 791.06 738.44 485.9
931.61 1319.54 1875.89 2852.43 2799.19 2005.91
914.9 1357.84 1976.05 2957.32 2812.66 1908.33
336.28 575.15 588.84 4148.58 1581.68 836.21
589.95 866.2 1223.83 2549.53 1787.53 1054.82
634.88 904.84 1327.45 2021.27 1910.26 1248.6
940.96 1356.24 1893.73 3036.83 2466.92 1578.56
747.31 1098.02 1424.53 2637.33 2434.3 1899.92
943.26 1354.67 1877.71 2997.05 2500.86 1662.52
941.99 1387.6 2045.9 3234.07 3393.49 2202.0
126.26 239.15 172.31 3057.09 827.38 362.75
249.92 326.83 426.23 635.52 561.04 389.48
811.9 1176.58 1706.93 2748.03 2522.24 1685.2
954.47 1381.21 2044.46 3127.21 3459.64 2245.33
693.73 1034.99 1477.36 3507.44 2371.83 1465.63
482.88 673.78 862.74 1286.53 1514.76 1267.15
697.11 1003.43 1399.33 2232.91 1936.29 1252.99
482.65 712.39 861.49 2671.51 1735.99 1355.27
677.74 1025.61 1419.17 3707.33 2703.9 1650.24
918.46 1327.3 1813.4 2852.88 2728.61 1974.21
548.98 789.26 1121.45 2729.32 1679.25 968.01
589.16 840.35 1260.34 2027.43 2266.82 1392.02
823.27 1156.23 1517.77 2284.19 2557.06 2145.51
419.74 660.41 849.56 4144.61 1825.86 955.25
656.36 980.02 1215.36 3349.03 2090.14 1458.72
766.87 1134.79 1680.31 2465.35 2224.86 1424.88
925.28 1368.86 2014.89 3353.22 3361.74 2150.73
279.68 370.37 512.34 745.41 708.12 485.85
964.67 1441.78 2138.22 3172.19 3088.43 2103.44
759.86 1124.19 1676.9 2454.82 2235.62 1413.33
621.74 897.09 1314.77 2012.9 2046.89 1327.6
934.97 1335.71 1881.39 2858.86 3200.12 2321.93
932.03 1369.16 1911.68 3324.55 2718.62 1725.69
104.43 106.89 110.55 116.57 118.32 111.82
850.85 1292.44 1888.34 3589.16 3348.26 2146.83
851.74 1225.25 1714.8 2758.62 2838.9 1995.24
819.02 1159.4 1496.4 2239.05 2647.96 2274.63
956.01 1379.55 1933.44 3109.62 2484.95 1559.23
391.52 542.92 803.9 1275.38 1419.14 862.67
883.46 1275.83 1935.52 3092.2 2688.69 1595.26
182.3 263.58 285.41 1360.54 628.79 359.43
550.1 864.37 1083.56 3815.84 1609.86 878.57
597.69 856.16 1301.7 2106.61 2352.06 1402.03
608.5 865.7 1229.08 1912.78 1774.74 1112.28
724.65 1050.03 1471.12 2352.36 1804.88 1192.12
725.94 1076.72 1591.15 2417.03 2112.36 1336.63
911.01 1316.05 1946.94 2975.4 3289.91 2133.59
971.2 1408.47 2067.35 3201.63 3163.73 2061.75
189.11 406.13 257.16 5032.55 1234.72 555.76
933.54 1334.83 1926.36 3057.83 2469.18 1596.91
904.39 1276.33 1786.7 2815.33 2682.4 1951.5
380.44 531.11 752.76 1188.83 1160.24 764.37
249.16 478.45 464.31 4474.86 1385.26 638.78
720.12 1029.77 1509.31 2354.29 2719.6 1783.0
457.36 652.56 815.87 1958.59 1294.94 930.16
586.58 827.75 1146.21 1821.49 1442.67 905.04
272.97 360.28 496.94 721.32 685.42 471.44
936.63 1385.89 2038.68 3003.57 2818.11 1877.12
360.53 724.76 487.25 5039.18 1513.71 688.81
850.62 1215.63 1777.26 2876.64 2786.65 1749.72
688.92 986.27 1434.56 2278.89 2583.3 1716.25
766.9 1144.34 1710.75 3409.07 2484.23 1386.92
695.25 1025.06 1359.26 3010.05 2324.67 1734.19
857.96 1264.91 1817.66 3494.91 3443.72 2207.36
820.9 1200.56 1639.38 2460.16 2689.54 2107.96
881.98 1318.46 1865.55 3523.25 3177.15 2030.25
324.15 547.47 617.48 4237.54 1529.43 837.2
969.95 1388.12 2109.11 3234.53 2877.36 1714.97
745.15 1104.58 1472.08 3435.56 2071.3 1221.75
793.31 1168.85 1527.22 3268.19 2518.47 1725.97
959.7 1391.72 2034.46 3146.22 3131.9 2062.84
424.5 659.28 770.55 3506.03 1658.71 1131.5
621.85 967.62 1274.89 3872.32 2372.67 1411.03
467.93 723.4 941.04 3832.55 1606.31 881.35
473.95 828.09 840.53 4250.61 1718.15 862.66
905.2 1300.2 1867.77 2854.73 2813.47 1980.3
888.03 1288.0 1772.9 3153.49 2329.44 1448.75
354.78 635.29 661.31 4356.64 1511.49 733.42
116.72 280.3 131.87 4857.13 967.37 364.37
474.28 681.43 990.62 1432.61 1290.04 834.98
432.39 683.15 845.63 3561.26 1956.66 1159.94
902.59 1318.11 1923.73 3339.36 3327.52 2134.79
273.02 372.49 491.08 1104.82 785.0 478.28
848.34 1259.46 1758.71 3204.59 2145.65 1323.77
927.42 1333.45 1840.58 2924.94 2506.75 1701.35
885.41 1309.61 1797.94 3466.12 2617.52 1644.32
724.1 1071.34 1554.62 2633.01 2685.02 1800.74
136.98 281.53 192.48 4008.47 841.12 373.46
897.03 1301.14 1842.41 3020.17 2739.46 1745.41
847.8 1237.65 1862.99 3354.94 2616.75 1489.46
382.61 523.06 768.87 1146.01 1020.41 616.25
778.42 1105.63 1602.45 2544.08 1989.66 1244.84
784.76 1123.33 1587.25 2532.98 2585.88 1772.38
768.14 1101.69 1422.95 2161.47 2533.52 2131.81
157.85 185.76 228.12 308.42 261.14 197.63
750.81 1075.16 1366.52 2070.48 2475.94 2137.5
94.51 233.05 124.81 4178.84 1026.09 389.75
451.42 626.08 931.74 1400.72 1244.54 741.96
489.76 774.59 980.17 3892.77 1474.07 797.03
964.5 1416.19 2183.63 3656.28 4017.12 2360.41
980.97 1417.59 2092.21 3198.88 3786.4 2497.9
811.03 1202.17 1732.85 3122.01 2789.92 1768.49
227.9 312.56 399.33 990.73 700.57 448.56
615.36 870.3 1264.84 1910.83 2253.47 1501.26
748.46 1093.27 1398.86 3091.2 2416.77 1817.55
838.64 1244.28 1746.02 3414.66 2828.79 1829.86
902.04 1307.62 1931.53 2992.08 2930.88 1869.41
346.12 467.31 663.05 1040.72 990.35 613.83
880.91 1296.83 1891.08 3036.9 3029.27 1994.3
880.95 1258.54 1689.68 2624.85 2542.18 1932.28
603.35 851.19 1251.52 2023.9 1920.88 1150.85
563.88 803.31 1186.5 1898.36 2136.96 1350.89
482.53 672.13 922.49 1453.37 1155.55 732.89
911.73 1341.87 1924.7 2842.52 2754.93 1945.04
225.29 385.99 367.93 2955.37 957.21 487.19
589.52 835.28 1141.61 1793.36 1625.22 1124.95
805.82 1157.01 1519.11 2351.14 2477.05 1978.98
967.83 1437.74 2117.04 3260.84 3608.58 2439.55
906.67 1296.9 1867.02 2964.47 2409.54 1565.76
799.59 1245.95 1817.26 3696.36 2767.18 1704.63
146.13 170.6 203.65 272.24 219.26 169.45
176.53 352.4 283.53 4490.51 1035.63 477.97
543.46 787.35 1051.42 2367.64 1638.29 1049.15
642.18 953.7 1433.57 2104.83 1989.23 1284.7
789.63 1181.8 1704.0 3482.11 2822.07 1766.13
754.1 1143.14 1644.71 3154.94 2309.04 1420.14
888.9 1253.98 1649.41 2558.21 2728.52 2234.29
790.33 1141.79 1550.72 2583.29 2697.52 2067.3
721.51 1031.62 1477.87 2335.98 2505.52 1701.05
915.08 1324.45 1957.06 3425.61 3087.08 1828.31
308.43 556.88 392.95 4556.66 1131.79 476.84
319.44 429.8 581.16 852.28 891.8 654.72
905.46 1293.95 1883.8 3001.76 2343.52 1459.22
897.01 1295.5 1891.24 2902.48 3217.47 2143.85
709.92 1010.24 1495.32 2431.24 2306.41 1373.34
724.8 1061.01 1449.31 2669.55 2353.81 1681.08
825.61 1170.79 1526.41 2297.16 2707.07 2279.71
226.63 289.02 366.15 536.31 593.06 466.32
167.11 200.63 252.83 337.94 363.96 268.28
908.33 1293.0 1934.48 3150.52 2622.76 1555.99
974.88 1428.73 2208.64 3619.18 4050.3 2391.08
875.02 1267.03 1820.87 2862.93 2652.54 1642.85
131.43 147.06 174.4 216.35 202.38 157.42
961.67 1439.58 2146.37 3351.95 3661.12 2399.05
774.73 1138.17 1635.63 3124.78 2491.06 1577.21
576.28 791.27 1007.4 1499.37 1672.94 1455.46
408.21 757.8 510.62 5464.4 1472.63 670.25
954.68 1360.81 2016.24 3082.38 2846.23 1830.83
639.47 907.28 1228.58 1930.32 1725.27 1218.89
891.32 1294.21 1891.96 3016.34 2823.19 1878.02
310.92 421.97 590.03 869.5 922.47 620.59
917.98 1337.44 1953.61 3370.32 3599.3 2331.15
432.64 592.65 869.72 1301.08 1161.49 713.71
531.07 837.02 1002.71 4210.73 1775.35 961.07
924.43 1322.07 1925.81 3070.09 2396.35 1491.23
256.91 550.06 401.73 4867.02 1357.02 618.9
417.08 574.19 820.53 1220.78 1432.64 958.45
171.25 294.16 272.23 2871.99 897.16 428.52
876.89 1267.67 1776.39 2733.84 2878.38 2082.68
482.74 737.89 982.38 3334.09 1694.72 1015.85
664.51 964.75 1188.84 2784.05 2267.6 1864.72
715.02 1039.04 1434.0 2130.25 2197.12 1657.39
890.25 1302.56 1846.36 2982.7 2201.32 1402.45
888.34 1271.73 1793.0 2826.87 2466.22 1714.5
882.18 1319.33 1969.9 3020.26 2662.15 1666.55
338.97 470.54 663.29 984.33 1081.64 742.99
922.03 1337.81 1925.25 3030.51 2807.36 1736.43
878.17 1273.18 1726.56 2721.72 2660.5 1951.05
275.36 393.2 492.84 1564.2 901.91 594.64
920.74 1354.16 1936.75 2962.01 3331.11 2383.87
879.32 1288.15 1981.71 3156.44 2692.27 1537.1
951.4 1418.13 2090.78 3224.3 3579.75 2408.38
816.98 1197.19 1734.91 3415.18 3070.14 1949.23
833.88 1181.17 1547.71 2335.85 2573.59 2155.72
660.99 1001.36 1435.74 3688.12 2286.43 1238.42
249.96 345.26 435.91 1178.57 788.06 507.01
723.21 1047.27 1306.74 2343.47 2405.66 2019.44
347.78 581.52 583.45 3973.71 1441.65 846.17
923.97 1345.6 1993.02 3178.09 2918.59 1879.62
743.25 1076.61 1517.38 2324.1 2484.4 1777.94
669.25 1029.27 1400.34 3778.27 2500.76 1512.61
759.99 1125.27 1670.46 2449.85 2198.45 1396.02
860.47 1288.0 1918.19 3078.67 2611.86 1630.61
792.74 1170.07 1640.5 3510.07 2561.51 1539.52
705.87 1016.87 1497.13 2286.07 2143.64 1389.3
271.15 419.49 494.45 2340.41 1047.77 582.25
506.41 851.01 845.32 4514.98 1830.85 995.74
939.56 1363.13 2016.94 3099.98 2948.95 1930.33
457.87 635.63 865.28 1290.35 1524.0 1131.96
666.63 1005.56 1368.89 3332.08 2582.75 1786.75
721.36 1074.39 1507.82 3541.45 2422.09 1533.9
790.53 1181.9 1642.13 3357.47 2000.68 1173.18
963.69 1403.48 2071.08 3294.93 3162.61 2009.23
754.27 1078.56 1506.78 2414.8 1905.41 1182.49
680.95 985.25 1428.08 2183.86 2351.47 1572.24
792.23 1182.09 1633.07 2925.82 2566.88 1823.72
560.46 858.0 1207.29 3633.28 1925.44 1032.95
890.1 1246.97 1611.14 2437.69 2671.89 2293.67
718.63 1043.26 1359.98 2524.19 2438.47 1932.93
790.06 1190.31 1695.3 3418.76 2496.26 1454.71
606.71 847.76 1249.93 2010.61 1681.0 1012.56
683.15 986.98 1406.11 2151.68 2265.82 1577.86
853.88 1271.67 1888.42 2827.42 2509.61 1594.81
856.5 1221.17 1770.23 2813.58 2219.53 1400.19
342.57 468.62 614.25 885.68 946.67 751.6
656.21 941.54 1310.32 2086.8 1810.5 1174.0
698.57 1027.93 1377.27 3190.91 2530.65 1792.05
90.53 249.96 99.13 4095.05 1033.29 389.55
945.81 1352.82 1964.61 3128.64 2469.64 1559.06
279.42 378.49 528.77 740.29 680.69 457.1
861.18 1234.96 1671.47 2524.03 2872.04 2259.77
977.69 1427.7 2008.33 3231.24 2801.73 1801.53
846.35 1200.86 1575.3 2682.1 2733.66 2234.14
832.89 1261.62 1821.23 3870.14 3507.41 2024.63
126.66 139.49 161.7 196.28 185.09 149.2
599.33 905.1 1262.89 3806.37 2103.78 1148.14
827.6 1192.59 1601.92 2471.19 2645.47 2021.41
821.67 1226.72 1616.8 3315.44 2515.8 1786.79
785.51 1122.61 1548.79 2458.37 2072.33 1386.01
933.88 1348.5 2073.27 3191.3 2817.24 1624.7
524.36 734.64 1064.33 1600.02 1883.57 1248.92
725.98 1013.47 1381.5 2078.64 2148.67 1672.99
949.73 1378.85 2013.12 3117.2 3109.35 2049.77
865.18 1252.99 1689.79 2655.23 2641.79 1970.21
964.27 1437.04 2125.69 3275.48 3628.86 2429.87
806.29 1257.79 1756.61 3547.37 2689.62 1712.68
974.68 1410.07 2087.86 3248.7 3788.72 2472.11
719.9 1001.75 1338.07 2051.12 2122.41 1706.15
960.93 1406.34 2153.03 3536.07 3947.15 2376.51
877.1 1308.08 1948.77 2891.02 2574.84 1627.13
935.12 1325.81 1897.22 2887.38 2806.34 1979.3
612.53 955.49 1260.54 3893.94 2564.73 1533.56
874.95 1249.87 1711.26 2581.16 2960.96 2273.57
555.67 849.21 1187.32 3519.86 2002.45 1124.18
898.79 1297.76 1959.91 3182.88 2741.9 1643.31
121.92 154.82 142.22 764.69 271.51 174.28
890.9 1280.0 1784.78 2859.73 2315.35 1483.04
160.56 425.91 156.92 5081.04 1131.86 446.09
822.89 1165.8 1578.55 2372.43 2558.07 2024.59
586.43 830.93 1229.45 2180.38 1718.36 1019.56
319.42 533.93 621.92 4053.11 1472.74 757.57
517.11 779.17 1010.98 3158.7 1825.11 1151.4
902.63 1278.12 1706.45 2579.97 2894.76 2351.19
958.08 1372.65 2086.21 3253.55 2849.56 1687.05
939.21 1359.92 1930.64 3022.04 2886.23 1885.44
460.55 814.12 706.28 5163.69 1625.74 753.74
845.7 1201.06 1589.19 2380.91 2823.25 2314.75
344.35 483.03 663.99 1096.92 920.86 631.29
821.5 1201.71 1659.32 3528.65 2215.12 1326.95
739.31 1084.24 1428.44 3118.73 2635.71 1977.01
839.58 1179.18 1544.46 2361.22 2444.99 2012.04
757.62 1135.47 1717.52 2531.71 2391.49 1536.96
88.87 243.51 64.39 4917.25 904.33 321.63
547.55 760.46 1115.68 1787.55 1496.43 906.03
382.62 724.0 457.99 5559.25 1424.0 610.96
771.84 1111.59 1634.22 2522.61 2471.35 1582.19
385.55 533.73 730.48 1144.29 1191.35 853.28
903.84 1293.63 1802.92 2727.48 3230.88 2394.33
302.74 409.49 571.03 839.66 890.58 600.41
554.13 853.7 1147.69 3508.77 2195.37 1349.9
262.49 452.27 497.3 4122.49 1240.13 603.35
784.32 1119.11 1587.01 2431.26 2476.83 1745.74
588.75 837.52 1188.5 1801.53 1944.89 1355.52
433.97 716.74 832.06 4241.99 1675.71 864.91
900.26 1351.24 2005.21 3181.48 2694.51 1687.07
575.16 821.13 1245.98 1895.61 1663.47 970.59
550.71 809.68 1208.59 1766.61 1670.51 1084.84
886.97 1307.59 1865.5 2767.68 2755.35 1963.3
694.3 1019.57 1370.59 3093.64 2411.23 1666.31
815.69 1226.95 1860.35 2747.33 2594.0 1663.89
902.96 1306.48 1795.8 2838.26 2654.29 1874.13
933.33 1344.11 2006.53 3298.47 3117.6 1840.69
787.33 1135.98 1622.9 3241.15 2425.78 1520.57
380.49 692.21 681.02 4565.94 1804.62 961.37
644.44 907.23 1313.05 2163.11 1850.8 1179.76
154.35 299.91 230.88 3855.08 917.24 437.48
962.0 1398.0 2014.0 3173.0 2939.0 1816.0
69.0 191.5 59.0 4653.5 930.0 346.0
134.0 394.5 95.5 5146.0 1087.0 409.5
969.0 1403.0 2079.0 3181.0 3518.0 2279.0
155.0 368.0 123.0 5163.0 1156.0 447.0
89.8 263.8 87.2 4769.8 1060.5 381.0
971.0 1390.0 2115.5 3245.0 2879.5 1707.0
122.0 299.0 89.0 4632.0 914.0 354.0
72.0 203.8 71.8 4231.5 957.5 341.5
907.5 1325.5 2047.5 3151.5 2757.0 1579.5
948.0 1357.0 1978.0 3155.0 2462.0 1531.0
56.8 180.8 53.0 4412.8 873.5 325.0
119.5 322.5 80.5 4825.8 970.8 371.8
948.0 1376.0 2046.0 3146.0 2970.0 1921.0
911.0 1341.0 1922.0 3127.8 2196.5 1320.8
985.0 1493.5 2276.8 3372.5 3183.8 2033.8
76.2 218.5 55.5 4643.8 764.8 282.8
962.5 1390.0 1954.5 3151.5 2480.0 1527.0
959.5 1435.2 2145.2 3160.2 2832.8 1787.8
88.5 243.0 63.5 4918.0 903.5 321.0
978.0 1422.0 2105.0 3266.0 3199.0 2037.0
79.2 209.2 66.0 4931.0 970.2 374.0
222.2 574.0 104.8 5481.0 1198.8 463.2
992.0 1434.0 2127.0 3253.0 3849.0 2515.0
980.5 1432.2 2016.0 3245.2 2807.8 1800.2
966.0 1422.0 2112.0 3259.5 3477.0 2237.5
109.2 304.0 68.8 5231.2 1052.0 412.0
978.0 1434.0 2220.0 3640.0 4073.0 2397.0
81.5 229.5 75.0 4588.5 1023.0 369.5
937.0 1353.0 2081.0 3198.0 2826.0 1629.0
924.0 1316.0 1970.0 3207.0 2671.0 1584.0
102.5 315.2 89.5 4914.0 1200.8 467.0
980.0 1467.0 2194.0 3388.8 3736.5 2446.5
955.0 1376.0 2056.0 3368.0 3193.0 1885.0
977.5 1462.0 2197.0 3231.5 2940.0 1846.5
939.0 1381.8 2053.5 3176.2 3230.8 2074.0
265.0 540.0 222.0 5608.0 1151.0 427.0
83.0 265.0 84.5 4714.5 1156.5 420.5
245.0 494.0 207.0 5231.5 1090.0 397.0
304.0 635.0 236.5 5868.5 1229.5 464.5
138.0 335.0 114.0 4964.0 1063.0 407.0
53.8 244.8 74.8 4340.2 1057.2 381.2
750.0 1074.0 1364.0 2066.0 2476.0 2140.0
813.0 1149.0 1469.0 2186.0 2594.0 2270.0
881.0 1229.0 1568.0 2348.0 2696.0 2390.0
100.0 100.0 100.0 100.0 100.0 100.0
