0.8648
0.909
0.347
0.6833
0.0822
0.7871
0.4943
0.2529
0.5117
0.7607
0.14
0.7829
0.3069
0.8472
0.1183
0.289
0.009
0.7452
0.127
0.6914
0.0598
0.5068
0.1122
0.2674
0.116
0.8279
0.493
0.0514
0.4513
0.2433
0.2151
0.8695
0.164
0.3796
0.5882
0.1012
0.2996
0.466
0.3494
0.4136
0.283
0.5923
0.3764
0.3605
0.1429
0.8514
0.3948
0.9134
0.1661
0.4732
0.0127
0.9701
0.7576
0.3558
0.2419
0.8524
0.8924
0.4951
0.4428
0.5108
0.8085
0.1211
0.1496
0.7317
0.8636
0.1044
0.7723
0.8063
0.4799
0.9316
0.7205
0.3184
0.25
0.5408
0.6833
0.517
0.4274
0.7568
0.396
0.9349
0.7425
0.2455
0.7001
0.2157
0.0171
0.7191
0.5583
0.244
0.4753
0.1735
0.8409
0.3328
0.6636
0.3298
0.6385
0.1865
0.9614
0.9813
0.5798
0.6211
0.8505
0.2694
0.2217
0.0322
0.3677
0.2424
0.3249
0.0654
0.9445
0.3215
0.2785
0.9362
0.1155
0.0095
0.9469
0.1895
0.1715
0.3547
0.9511
0.7032
0.5337
0.3347
0.3617
0.0985
0.7588
0.79
0.689
0.9348
0.4572
0.413
0.7296
0.3055
0.9341
0.6616
0.7683
0.978
0.9857
0.539
0.0969
0.9046
0.8938
0.7304
0.3806
0.3879
0.0508
0.4287
0.315
0.7433
0.4925
0.1588
0.2188
0.5037
0.2497
0.5661
0.8516
0.6252
0.2869
0.4075
0.3217
0.9602
0.5235
0.8507
0.151
0.5399
0.3893
0.5787
0.1727
0.8211
0.5961
0.8984
0.9528
0.0085
0.5274
0.5093
0.3934
0.5485
0.5047
0.9161
0.7363
0.8198
0.2708
0.1776
0.7761
0.8369
0.104
0.3353
0.7528
0.9876
0.3072
0.6798
0.3718
0.7177
0.4741
0.4648
0.0694
0.1454
0.0865
0.5381
0.4183
0.9895
0.3209
0.1349
0.5845
0.6065
0.1525
0.0676
0.9602
0.6108
0.4811
0.0019
0.8837
0.8549
0.7103
0.2277
0.5918
0.9368
0.3407
0.9915
0.9247
0.1993
0.1528
0.441
0.7309
0.0546
0.4145
0.3192
0.6477
0.6086
0.7446
0.6828
0.5544
0.1607
0.2892
0.2502
0.4743
0.7258
0.7299
0.3017
0.0609
0.3149
0.6407
0.6417
0.071
0.3901
0.3122
0.1618
0.5228
0.809
0.7801
0.0837
0.6927
0.3578
0.3797
0.8499
0.819
0.2419
0.027
0.3235
0.1161
0.2554
0.7711
0.6576
0.3794
0.9128
0.2959
0.2926
0.2573
0.0751
0.1507
0.6563
0.8313
0.9046
0.8615
0.1462
0.1332
0.8257
0.8278
0.5708
0.6721
0.4749
0.9686
0.2692
0.5076
0.4726
0.1692
0.9191
0.2379
0.5241
0.0852
0.6402
0.3968
0.0281
0.6558
0.2114
0.1668
0.8384
0.1727
0.8443
0.7495
0.6834
0.1944
0.672
0.3421
0.4087
0.4082
0.7573
0.0488
0.0844
0.5247
0.8792
0.5746
0.0207
0.4713
0.5087
0.3011
0.4942
0.2568
0.792
0.8917
0.9465
0.5921
0.2823
0.4796
0.8175
0.5413
0.0688
0.7898
0.3961
0.4275
0.7676
0.4835
0.9174
0.1942
0.0918
0.6225
0.49
0.4274
0.1753
0.9182
0.0413
0.7486
0.8601
0.6972
0.7504
0.9456
0.1896
0.202
0.8775
0.3359
0.9182
0.3835
0.3905
0.058
0.9807
0.3643
0.253
0.3746
0.6089
0.4748
0.2178
0.7235
0.6338
0.7179
0.6274
0.1246
0.4127
0.7453
0.8905
0.3946
0.1273
0.4469
0.9557
0.7694
0.3049
0.4204
0.498
0.8392
0.7494
0.1652
0.0862
0.9506
0.8397
0.7944
0.1589
0.6093
0.9488
0.8576
0.4089
0.0969
0.0964
0.5482
0.756
0.3756
0.2218
0.5924
0.6701
0.0632
0.1384
0.9169
0.9205
0.8382
0.2464
0.1865
0.3712
0.4516
0.0931
0.2655
0.2933
0.5925
0.4914
0.9723
0.0439
0.5861
0.7005
0.3971
0.2182
0.7728
0.7997
0.9675
0.5951
0.758
0.5339
0.649
0.2793
0.241
0.333
0.5926
0.0251
0.5119
0.5061
0.9836
0.6799
0.3977
0.7725
0.4811
0.6822
0.8191
0.9151
0.2165
0.0406
0.7769
0.6937
0.4725
0.851
0.0618
0.0354
0.8727
0.1291
0.6092
0.062
0.5558
0.2452
0.3847
0.5469
0.2964
0.1901
0.4323
0.1253
0.1031
0.079
0.9064
0.6627
0.5863
0.276
0.969
0.2458
0.0465
0.0705
0.9962
0.039
0.3716
0.0312
0.1355
0.1453
0.5481
0.417
0.3704
0.6861
0.4842
0.9907
0.0896
0.7978
0.9091
0.3605
0.493
0.9377
0.6784
0.5876
0.1819
0.5735
0.4228
0.552
0.2034
0.7458
0.4065
0.8121
0.0992
0.1933
0.1227
0.1036
0.2726
0.7846
0.925
0.166
0.1997
0.5008
0.0169
0.3166
0.1023
0.2714
0.802
0.4863
0.048
0.3845
0.6108
0.8969
0.1633
0.7879
0.7949
0.3022
0.6363
0.5667
0.4402
0.8183
0.0112
0.5708
0.6493
0.5507
0.954
0.967
0.4528
0.124
0.8123
0.2416
0.2459
0.4792
0.3076
0.3389
0.7142
0.6713
0.3252
0.5436
0.9848
0.6768
0.8941
0.9705
0.3069
0.5592
0.8168
0.3927
0.4182
0.7087
0.0063
0.2407
0.706
0.5612
0.2072
0.644
0.9505
0.8301
0.3443
0.1793
0.7663
0.352
0.8013
0.0511
0.2429
0.2684
0.0811
0.4094
0.3267
0.5992
0.911
0.1982
0.6207
0.9383
0.4665
0.5863
0.8806
0.922
0.6555
0.5844
0.5431
0.5287
0.0407
0.9796
0.1352
0.5425
0.1457
0.6067
0.0316
0.3959
0.6065
0.1509
0.3837
0.4411
0.878
0.2982
0.0719
0.1625
0.2104
0.9381
0.5189
0.7983
0.4732
0.694
0.5039
0.2851
0.5436
0.2066
0.9627
0.1176
0.4105
0.3246
0.76
0.0314
0.4621
0.6629
0.2985
0.1502
0.6874
0.3569
0.7603
0.7368
0.1377
0.2156
0.667
0.9706
0.6812
0.9623
0.6886
0.1224
0.5655
0.6201
0.2473
0.6137
0.5383
0.1196
0.5903
0.5194
0.0949
0.7579
0.6657
0.0127
0.539
0.2063
0.7525
0.3052
0.168
0.1162
0.6962
0.3896
0.0196
0.4148
0.2357
0.0278
0.5265
0.9748
0.2693
0.7709
0.3896
0.1972
0.1375
0.7743
0.2244
0.0878
0.6813
0.3794
0.0028
0.5037
0.4878
0.6092
0.1681
0.4316
0.2009
0.3219
0.0644
0.2725
0.5544
0.8485
0.926
0.9103
0.672
0.7675
0.803
0.7935
0.0428
0.1532
0.0182
0.0824
0.8165
0.0453
0.9172
0.5506
0.8953
0.5646
0.1549
0.0697
0.9948
0.6202
0.5997
0.6561
0.8124
0.6012
0.2917
0.449
0.2783
0.1865
0.6849
0.482
0.541
0.4371
0.5212
0.3359
0.3894
0.6002
0.9293
0.7812
0.0694
0.1492
0.3741
0.1544
0.4172
0.3975
0.3041
0.146
0.7667
0.9741
0.312
0.9211
0.3077
0.397
0.0068
0.6826
0.6663
0.8832
0.9763
0.4907
0.3709
0.2484
0.1666
0.8254
0.1722
0.3039
0.5503
0.8933
0.647
0.7774
0.7932
0.9779
0.858
0.0172
0.309
0.7634
0.5593
0.5902
0.2809
0.5198
0.3047
0.2601
0.0236
0.8638
0.8504
0.075
0.9882
0.1172
0.931
0.0362
0.0807
0.1416
0.7738
0.0935
0.7532
0.855
0.9774
0.5825
0.8922
0.4251
0.1646
0.3054
0.8431
0.505
0.0388
0.6398
0.5579
0.0761
0.497
0.2756
0.7871
0.1007
0.1481
0.402
0.7165
0.5111
0.1004
0.8854
0.0659
0.0414
0.6785
0.8424
0.1863
0.1442
0.8383
0.6753
0.701
0.3661
0.2666
0.4049
0.5184
0.5612
0.8027
0.3882
0.6267
0.4241
0.222
0.1766
0.5205
0.1006
0.346
0.8949
0.9005
0.9047
0.7637
0.1383
0.6794
0.163
0.3221
0.8374
0.5788
0.8438
0.8774
0.4594
0.1605
0.8917
0.5199
0.9949
0.6418
0.4192
0.557
0.9493
0.4992
0.0617
0.6641
0.8287
0.6001
0.2665
0.9013
0.4438
0.5103
0.7922
0.4047
0.8483
0.6287
0.3277
0.9682
0.9022
0.8611
0.3695
0.304
0.3608
0.839
0.8794
0.9
0.3277
0.3859
0.9454
0.1742
0.0094
0.1583
0.2968
0.2718
0.0135
0.0554
0.9899
0.5286
0.9418
0.8214
0.5741
0.0991
0.579
0.4846
0.6769
0.6959
0.5156
0.7548
0.0252
0.591
0.2684
0.8176
0.7589
0.9779
0.4934
0.5709
0.9472
0.1654
0.5686
0.961
0.1601
0.7579
0.9447
0.7464
0.5542
0.9908
0.0524
0.883
0.5677
0.4489
0.699
0.5476
0.8637
0.9952
0.7939
0.0523
0.5525
0.8862
0.4772
0.1847
0.6662
0.7254
0.1434
0.1238
0.2549
0.1703
0.9106
0.3202
0.4265
0.5838
0.5867
0.5671
0.4487
0.0491
0.4246
0.7536
0.4739
0.7294
0.0318
0.3761
0.0671
0.8808
0.5374
0.4333
0.3269
0.0864
0.8826
0.8977
0.444
0.7958
0.6368
0.2479
0.1555
0.8788
0.0688
0.895
0.8356
0.8457
0.8917
0.278
0.8041
0.4599
0.7563
0.969
0.543
0.2614
0.7105
0.6789
0.4772
0.3227
0.0451
0.6878
0.642
0.5676
0.7555
0.7045
0.8028
0.8943
0.5529
0.1726
0.0781
0.0742
0.4846
0.4901
0.5227
0.2547
0.8977
0.883
0.4056
0.4762
0.6944
0.3724
0.8829
0.9351
0.5903
0.612
0.2723
0.7429
0.1722
0.0845
0.5842
0.2542
0.8304
1.0
0.0
0.0
1.0
0.0
0.0
1.0
0.0
0.0
1.0
1.0
0.0
0.0
1.0
1.0
1.0
0.0
1.0
1.0
0.0
1.0
0.0
0.0
1.0
1.0
1.0
0.0
1.0
0.0
1.0
1.0
0.0
1.0
1.0
1.0
1.0
0.0
0.0
0.0
0.0
0.0
0.0
0.0
0.0
0.0
0.0
