0.1202
0.024
0.7841
0.4341
0.4674
0.5828
0.4252
0.9756
0.3036
0.5424
0.8809
0.0402
0.622
0.9932
0.7899
0.9799
0.0902
0.2767
0.0097
0.5576
0.8218
0.2518
0.9864
0.9091
0.4247
0.9286
0.7039
0.2888
0.6537
0.9851
0.3796
0.8649
0.9929
0.8556
0.5596
0.6839
0.2318
0.7064
0.6099
0.0602
0.2973
0.4731
0.6216
0.3036
0.0794
0.1492
0.3384
0.4778
0.317
0.5528
0.4793
0.01
0.6237
0.8407
0.2624
0.6921
0.6528
0.8256
0.8016
0.5957
0.8244
0.4292
0.5905
0.328
0.5312
0.5146
0.0322
0.5068
0.6513
0.3859
0.869
0.2122
0.4303
0.2965
0.3828
0.8866
0.8391
0.5833
0.3732
0.1469
0.3886
0.2802
0.4312
0.7205
0.2488
0.2598
0.3263
0.4379
0.8216
0.2993
0.1001
0.3254
0.0594
0.2015
0.1666
0.7667
0.2641
0.6528
0.6896
0.3772
0.8826
0.425
0.6483
0.2708
0.9272
0.1598
0.305
0.5754
0.8108
0.674
0.6346
0.2443
0.5035
0.6516
0.7562
0.2953
0.6555
0.2227
0.1222
0.7849
0.3147
0.7325
0.374
0.0656
0.7535
0.8612
0.8239
0.3574
0.8419
0.9004
0.1324
0.3388
0.0183
0.1499
0.1528
0.0162
0.6349
0.0554
0.3704
0.9785
0.8331
0.2074
0.577
0.9175
0.7883
0.3896
0.5889
0.3758
0.3925
0.1047
0.3684
0.4368
0.7563
0.9787
0.4173
0.1295
0.3554
0.0175
0.4364
0.8541
0.8849
0.1881
0.0693
0.2116
0.0107
0.0341
0.9681
0.6292
0.1684
0.9486
0.8086
0.2807
0.5772
0.1642
0.8295
0.5191
0.6124
0.2604
0.8532
0.6663
0.4165
0.7872
0.8655
0.73
0.1584
0.5272
0.9693
0.1889
0.8292
0.7949
0.9996
0.4505
0.6718
0.8997
0.5279
0.3566
0.9432
0.2953
0.1194
0.0238
0.5897
0.9501
0.6486
0.5282
0.3424
0.8712
0.1104
0.0867
0.8281
0.1276
0.2407
0.9343
0.1821
0.7796
0.7286
0.4914
0.6832
0.2446
0.3967
0.8796
0.042
0.2211
0.7961
0.3575
0.4123
0.9423
0.7233
0.2063
0.2303
0.682
0.673
0.4952
0.5803
0.9374
0.2758
0.9541
0.6028
0.8044
0.7175
0.1164
0.0176
0.5521
0.2684
0.1114
0.4221
0.2082
0.1742
0.6707
0.5483
0.0012
0.8232
0.3493
0.6582
0.3568
0.6282
0.9764
0.7946
0.6023
0.9531
0.3294
0.7514
0.7073
0.8544
0.4164
0.7431
0.4213
0.4201
0.5368
0.3558
0.3882
0.6015
0.4949
0.329
0.7071
0.7151
0.5561
0.8707
0.6972
0.6741
0.3219
0.594
0.0224
0.6966
0.5764
0.2172
0.1812
0.2462
0.3916
0.6887
0.6663
0.5311
0.3725
0.9571
0.2075
0.5064
0.1224
0.9522
0.6331
0.344
0.7003
0.098
0.1012
0.6335
0.9883
0.1598
0.2687
0.8751
0.343
0.4817
0.3662
0.5775
0.9064
0.1438
0.7791
0.03
0.5492
0.964
0.4524
0.9029
0.3427
0.891
0.1044
0.8618
0.9542
0.886
0.8064
0.0674
0.9787
0.3677
0.816
0.1803
0.5841
0.0833
0.8125
0.216
0.1355
0.1997
0.6388
0.4931
0.6931
0.3741
0.1668
0.1946
0.5953
0.8136
0.464
0.8613
0.3467
0.4007
0.1539
0.6079
0.0463
0.6193
0.6644
0.7824
0.4571
0.4743
0.276
0.7337
0.3287
0.0438
0.4862
0.0354
0.0607
0.756
0.6052
0.4525
0.314
0.5329
0.7874
0.0725
0.6405
0.6264
0.618
0.4415
0.7518
0.0816
0.8604
0.6039
0.646
0.2588
0.9828
0.089
0.3407
0.0215
0.7207
0.1695
0.6174
0.769
0.8751
0.2239
0.3854
0.858
0.9841
0.4204
0.6134
0.5708
0.2429
0.1439
0.5463
0.3469
0.8265
0.7757
0.7101
0.3613
0.0994
0.9702
0.3606
0.0239
0.4105
0.8851
0.527
0.3101
0.5787
0.5276
0.8253
0.8752
0.9178
0.32
0.1206
0.4285
0.6082
0.8097
0.7222
0.2984
0.2126
0.8902
0.5072
0.9809
0.2364
0.0602
0.0326
0.1154
0.2946
0.3718
0.1004
0.8583
0.2915
0.3896
0.1405
0.6906
0.572
0.011
0.2375
0.4189
0.9143
0.9572
0.3827
0.1951
0.3494
0.928
0.1299
0.4317
0.4582
0.3941
0.0458
0.3953
0.736
0.2275
0.8049
0.5203
0.5143
0.249
0.2333
0.0421
0.102
0.3601
0.7188
0.2438
0.8749
0.2292
0.4482
0.1992
0.7147
0.3263
0.0495
0.0214
0.3855
0.414
0.4986
0.5624
0.0393
0.843
0.9792
0.957
0.8613
0.7719
0.6434
0.9557
0.8362
0.7372
0.2349
0.1965
0.3812
0.7194
0.1831
0.2668
0.6292
0.3665
0.0656
0.2811
0.9357
0.428
0.4456
0.3251
0.862
0.3752
0.036
0.1727
0.252
0.0654
0.9812
0.3048
0.4029
0.6358
0.3918
0.5289
0.7816
0.96
0.3547
0.2672
0.6807
0.2273
0.7434
0.9073
0.8581
0.1236
0.6668
0.4304
0.3784
0.3276
0.8376
0.0704
0.811
0.4918
0.2669
0.5134
0.7941
0.892
0.739
0.4658
0.3532
0.2938
0.8036
0.1861
0.9771
0.6615
0.0253
0.5634
0.8362
0.7229
0.1651
0.3306
0.2453
0.4457
0.9074
0.5234
0.7348
0.9746
0.0529
0.4162
0.087
0.6615
0.2628
0.7903
0.4539
0.8636
0.4847
0.383
0.0026
0.8835
0.7424
0.1401
0.1957
0.4914
0.5251
0.6518
0.4014
0.041
0.2405
0.2182
0.2188
0.513
0.9694
0.8884
0.309
0.2304
0.0853
0.2986
0.0328
0.2439
0.3898
0.9641
0.273
0.3265
0.895
0.1879
0.6612
0.2122
0.4086
0.703
0.2382
0.5535
0.929
0.1673
0.4693
0.203
0.1605
0.1935
0.0701
0.6249
0.6054
0.4578
0.266
0.4715
0.53
0.0723
0.4543
0.8208
0.0726
0.9537
0.9851
0.66
0.1021
0.6813
0.7842
0.6189
0.8129
0.3968
0.6457
0.3112
0.0459
0.9294
0.9395
0.2889
0.7098
0.7812
0.0784
0.879
0.6306
0.7305
0.2333
0.5323
0.781
0.2969
0.419
0.9402
0.0976
0.9024
0.6079
0.4087
0.6477
0.6013
0.6677
0.9408
0.6263
0.6883
0.8362
0.1303
0.734
0.0847
0.2386
0.5233
0.143
0.0756
0.5473
0.5707
0.8858
0.6559
0.1652
0.8299
0.4133
0.5161
0.3672
0.3834
0.3085
0.9146
0.5808
0.4072
0.9421
0.0205
0.7203
0.1122
0.8712
0.7462
0.4648
0.2846
0.6825
0.4945
0.6439
0.5686
0.1515
0.701
0.0739
0.7748
0.8992
0.3191
0.7497
0.2196
0.4766
0.9494
0.7115
0.3452
0.4369
0.655
0.1713
0.3734
0.2951
0.3558
0.4627
0.6078
0.4023
0.9349
0.7499
0.7671
0.841
0.2365
0.6695
0.168
0.1377
0.5405
0.4417
0.7145
0.9979
0.672
0.2386
0.4012
0.9061
0.1491
0.5816
0.4041
0.3718
0.4671
0.9426
0.4695
0.7722
0.0657
0.4804
0.8049
0.8821
0.6362
0.5631
0.8069
0.8957
0.4172
0.2829
0.5487
0.6418
0.1447
0.5459
0.4575
0.5973
0.166
0.1573
0.1089
0.94
0.5741
0.0828
0.3283
0.9762
0.8769
0.0724
0.5095
0.9018
0.0432
0.7781
0.2751
0.4579
0.1663
0.7062
0.675
0.4092
0.0643
0.2638
0.2263
0.016
0.3796
0.661
0.2893
0.1016
0.7688
0.4017
0.1237
0.5495
0.4915
0.9172
0.5572
0.2296
0.9034
0.683
0.8498
0.6446
0.9951
0.9022
0.4306
0.4457
0.7002
0.4595
0.3213
0.2874
0.364
0.3356
0.6123
0.6831
0.5525
0.7284
0.2075
0.4817
0.2518
0.4
0.1531
0.0591
0.3304
0.6633
0.6225
0.9919
0.2839
0.7166
0.6438
0.1576
0.0388
0.3014
0.9998
0.1721
0.3642
0.0789
0.1718
0.1727
0.5882
0.8
0.5315
0.3456
0.4791
0.3961
0.2806
0.1234
0.6041
0.9431
0.6665
0.1311
0.7536
0.0598
0.5572
0.031
0.6516
0.5914
0.1931
0.6772
0.4302
0.2119
0.9023
0.4482
0.0498
0.2765
0.1613
0.7981
0.0282
0.5377
0.9886
0.9912
0.7878
0.4275
0.1271
0.2948
0.9316
0.4744
0.5133
0.8624
0.5026
0.1951
0.0066
0.5472
0.5445
0.5689
0.4578
0.3886
0.8668
0.2592
0.0856
0.2288
0.537
0.1259
0.9207
0.8551
0.6285
0.4356
0.2232
0.2276
0.5021
0.2177
0.1775
0.8985
0.4895
0.9788
0.214
0.7581
0.3821
0.3184
0.9649
0.0205
0.9257
0.7836
0.9942
0.0853
0.1002
0.0759
0.8026
0.644
0.3331
0.5881
0.58
0.6037
0.4103
0.8275
0.642
0.734
0.3128
0.2257
0.1794
0.6897
0.4866
0.9297
0.7272
0.9942
0.3021
0.2787
0.2219
0.3788
0.0881
0.5354
0.4692
0.6487
0.2496
0.9945
0.1909
0.8728
0.8016
0.5388
0.1533
0.9755
0.9981
0.7339
0.0415
0.8343
0.3174
0.6376
0.3086
0.4239
0.5225
0.1002
0.5189
0.9268
0.4149
0.5229
0.145
0.1656
0.218
0.8466
0.5501
0.1948
0.2707
0.8447
0.7386
0.3782
0.2272
0.283
0.8677
0.7256
0.4877
0.8302
0.8433
0.0211
0.834
0.5692
0.1768
0.0296
0.1126
0.2262
0.9997
0.3071
0.4082
0.6472
0.3676
0.2653
0.6027
0.0904
0.5435
0.5499
0.1883
0.0423
0.5339
0.8192
0.1453
0.1141
0.5135
0.4647
0.3988
0.7927
0.2667
0.6604
0.0
0.0
0.0
0.0
0.0
0.0
0.0
0.0
0.0
0.0
0.0
0.0
0.0
0.0
0.0
0.0
0.0
0.0
0.0
0.0
0.0
0.0
0.0
0.0
0.0
0.0
0.0
0.0
0.0
0.0
0.0
0.0
0.0
0.0
0.0
0.0
0.0
0.0
0.0
0.0
0.0
0.0
1.0
1.0
1.0
1.0
1.0
1.0
1.0
1.0
1.0
1.0
1.0
1.0
1.0
1.0
1.0
1.0
1.0
1.0
1.0
1.0
1.0
1.0
1.0
1.0
1.0
1.0
1.0
1.0
1.0
1.0
1.0
1.0
1.0
1.0
1.0
1.0
1.0
1.0
1.0
1.0
1.0
1.0
1.0
1.0
1.0
1.0
1.0
1.0
1.0
1.0
1.0
1.0
1.0
1.0
1.0
1.0
1.0
1.0
1.0
1.0
1.0
1.0
1.0
1.0
1.0
1.0
1.0
1.0
1.0
1.0
1.0
1.0
1.0
1.0
1.0
1.0
1.0
1.0
1.0
1.0
1.0
1.0
1.0
1.0
1.0
1.0
1.0
1.0
1.0
1.0
1.0
1.0
1.0
1.0
1.0
1.0
1.0
1.0
1.0
1.0
1.0
1.0
1.0
1.0
1.0
1.0
1.0
1.0
1.0
1.0
1.0
1.0
1.0
1.0
1.0
1.0
1.0
1.0
1.0
1.0
1.0
1.0
1.0
1.0
1.0
1.0
1.0
1.0
1.0
1.0
1.0
1.0
1.0
1.0
1.0
1.0
1.0
1.0
1.0
1.0
1.0
1.0
1.0
1.0
1.0
1.0
1.0
1.0
1.0
1.0
1.0
1.0
1.0
1.0
1.0
1.0
1.0
1.0
1.0
1.0
1.0
1.0
1.0
1.0
1.0
1.0
1.0
1.0
1.0
1.0
1.0
1.0
1.0
1.0
1.0
1.0
1.0
1.0
1.0
1.0
1.0
1.0
1.0
1.0
1.0
1.0
1.0
1.0
1.0
1.0
1.0
1.0
1.0
1.0
1.0
1.0
1.0
1.0
1.0
1.0
1.0
0.0
