0.1398
0.2129
0.4944
0.3689
0.6926
0.112
0.9774
0.9857
0.4664
0.568
0.4889
0.4415
0.5457
0.8371
0.6154
0.462
0.9803
0.4408
0.8363
0.4906
0.5072
0.2005
0.8322
0.7537
0.7289
0.6905
0.6244
0.7592
0.9101
0.8831
0.0967
0.1423
0.7906
0.508
0.2586
0.7728
0.5618
0.5794
0.6737
0.8518
0.2728
0.7196
0.0416
0.6278
0.9625
0.7832
0.7682
0.3248
0.1642
0.7633
0.3335
0.3523
0.6578
0.6712
0.4327
0.737
0.8653
0.9535
0.5671
0.3283
0.3096
0.8799
0.0198
0.6333
0.2341
0.7275
0.7725
0.1645
0.7756
0.7325
0.3297
0.4663
0.3535
0.9671
0.4448
0.1612
0.411
0.7145
0.032
0.2947
0.6628
0.2708
0.9622
0.271
0.7331
0.7691
0.5391
0.9947
0.305
0.9045
0.7254
0.7609
0.1841
0.3493
0.5586
0.054
0.6756
0.505
0.0315
0.4482
0.1192
0.9358
0.7661
0.5949
0.4911
0.8842
0.3644
0.0317
0.3302
0.6113
0.4828
0.4839
0.511
0.1223
0.4279
0.489
0.571
0.0242
0.4362
0.884
0.505
0.4663
0.6921
0.442
0.3284
0.3576
0.7493
0.4103
0.3615
0.9631
0.1873
0.8261
0.3735
0.8616
0.3633
0.6305
0.1543
0.03
0.4379
0.8413
0.1136
0.2052
0.5255
0.8858
0.8708
0.6138
0.635
0.9011
0.6185
0.9188
0.8553
0.0558
0.7783
0.7141
0.456
0.773
0.579
0.4418
0.5147
0.9174
0.6183
0.04
0.6282
0.0593
0.8403
0.7485
0.4634
0.5897
0.5164
0.221
0.1295
0.7655
0.5213
0.3634
0.7804
0.2273
0.1216
0.3247
0.7487
0.871
0.2236
0.7957
0.8766
0.9043
0.4681
0.39
0.7785
0.5038
0.904
0.4016
0.1602
0.2241
0.9072
0.4645
0.606
0.9036
0.3905
0.5831
0.4962
0.8878
0.0178
0.7509
0.1291
0.7111
0.9474
0.9407
0.3159
0.8109
0.647
0.2809
0.6133
0.0354
0.0912
0.0407
0.9568
0.1501
0.2661
0.2023
0.2741
0.0118
0.5654
0.1152
0.3606
0.8137
0.0255
0.0622
0.9252
0.1902
0.0489
0.2799
0.0952
0.2613
0.608
0.7641
0.663
0.4837
0.3953
0.1576
0.253
0.9623
0.7334
0.855
0.7786
0.7289
0.7344
0.3515
0.1156
0.2578
0.5534
0.6896
0.8811
0.312
0.8717
0.2638
0.2357
0.7847
0.0926
0.4293
0.1562
0.7767
0.7126
0.2874
0.9223
0.1691
0.1813
0.2858
0.2184
0.6602
0.6943
0.1708
0.0338
0.363
0.2852
0.1957
0.3866
0.0626
0.6523
0.8837
0.6736
0.0648
0.9588
0.1518
0.4522
0.2869
0.4141
0.0415
0.2389
0.0195
0.5234
0.2431
0.3536
0.6925
0.2937
0.0833
0.6945
0.4367
0.4769
0.4093
0.0385
0.5299
0.6211
0.2958
0.1993
0.4964
0.2447
0.7784
0.2324
0.1005
0.0233
0.4886
0.6264
0.3943
0.5315
0.331
0.1909
0.3215
0.0206
0.9142
0.4352
0.762
0.3369
0.9927
0.5668
0.1346
0.2891
0.8487
0.8625
0.8377
0.0384
0.6781
0.8236
0.2383
0.9734
0.5123
0.6759
0.8192
0.3189
0.7973
0.127
0.5458
0.9151
0.1911
0.523
0.7187
0.3384
0.0907
0.2155
0.1973
0.9551
0.8593
0.3366
0.0293
0.3282
0.6101
0.7718
0.6806
0.9475
0.1228
0.8053
0.615
0.6983
0.8132
0.1841
0.8797
0.805
0.5854
0.539
0.1779
0.9665
0.124
0.7406
0.2261
0.0202
0.0531
0.2407
0.2832
0.6343
0.3575
0.1925
0.9887
0.8834
0.7963
0.7594
0.7788
0.1145
0.6679
0.319
0.8839
0.191
0.083
0.0832
0.5836
0.6501
0.54
0.3656
0.0551
0.3819
0.7728
0.1741
0.6633
0.3583
0.8323
0.4517
0.5891
0.9427
0.5548
0.4418
0.6587
0.0299
0.4114
0.0899
0.867
0.5742
0.5415
0.3825
0.8609
0.392
0.2764
0.596
0.8643
0.3544
0.5373
0.8768
0.3307
0.5607
0.0668
0.3991
0.028
0.9874
0.9056
0.9457
0.5537
0.5522
0.0141
0.6454
0.6581
0.4857
0.3309
0.7465
0.4935
0.7833
0.2316
0.6966
0.7979
0.9577
0.2863
0.4612
0.4004
0.2503
0.8942
0.9874
0.4374
0.1969
0.0688
0.6863
0.916
0.2465
0.1763
0.8857
0.097
0.2168
0.564
0.2326
0.0556
0.5707
0.1141
0.1276
0.7113
0.7568
0.587
0.8406
0.0727
0.6843
0.4766
0.7591
0.4925
0.6975
0.8471
0.1097
0.3993
0.6021
0.0465
0.886
0.862
0.0193
0.2391
0.4442
0.0093
0.3075
0.2971
0.1371
0.4349
0.1416
0.2524
0.4654
0.0286
0.4663
0.87
0.1536
0.0219
0.0163
0.8163
0.8129
0.4314
0.3031
0.551
0.383
0.8647
0.7706
0.3599
0.4733
0.1544
0.5485
0.9582
0.3267
0.7877
0.103
0.8181
0.8102
0.3202
0.7262
0.4919
0.1656
0.1422
0.4562
0.6074
0.0158
0.0597
0.8592
0.8583
0.8112
0.6394
0.0047
0.7987
0.3663
0.5334
0.5992
0.4562
0.6434
0.5132
0.7721
0.4336
0.3015
0.3252
0.6316
0.8169
0.8027
0.5111
0.7168
0.9356
0.3308
0.0245
0.3643
0.2937
0.7254
0.5064
0.8657
0.6102
0.2851
0.602
0.211
0.8935
0.1715
0.0842
0.7937
0.9747
0.0505
0.9627
0.8882
0.918
0.2737
0.6894
0.5899
0.5387
0.334
0.9248
0.7167
0.3798
0.6108
0.6523
0.6078
0.2374
0.24
0.7859
0.2646
0.6937
0.3398
0.4587
0.2969
0.2532
0.2934
0.3588
0.2328
0.8684
0.022
0.8752
0.0795
0.4303
0.2331
0.2169
0.0369
0.091
0.2148
0.3836
0.3016
0.6767
0.2311
0.1051
0.651
0.852
0.074
0.6169
0.6946
0.9048
0.9472
0.5712
0.2099
0.6497
0.789
0.1174
0.4875
0.5192
0.2563
0.9526
0.675
0.481
0.1617
0.7457
0.8849
0.1359
0.4003
0.2002
0.8936
0.2531
0.7806
0.4107
0.6001
0.3334
0.2409
0.0512
0.0779
0.2144
0.4203
0.8399
0.0356
0.4483
0.8346
0.1819
0.4845
0.4388
0.6833
0.4081
0.4216
0.2285
0.2822
0.615
0.0828
0.0675
0.8941
0.1988
0.3458
0.173
0.606
0.6577
0.7125
0.0464
0.8683
0.9441
0.676
0.0201
0.5343
0.1017
0.6122
0.3889
0.4297
0.6291
0.3571
0.1143
0.6814
0.2751
0.2217
0.6275
0.7137
0.6698
0.7673
0.3398
0.6897
0.477
0.5144
0.782
0.7256
0.7275
0.6956
0.0232
0.9911
0.2497
0.2174
0.0205
0.0109
0.6361
0.5422
0.7406
0.0097
0.2303
0.4556
0.0247
0.5239
0.0546
0.6776
0.8336
0.9937
0.2514
0.7376
0.7378
0.2175
0.0491
0.9023
0.0432
0.8316
0.4613
0.8049
0.0193
0.2092
0.5526
0.9272
0.5905
0.3061
0.9713
0.9137
0.6661
0.9205
0.9385
0.8286
0.0957
0.9503
0.523
0.8967
0.9721
0.1667
0.8381
0.2086
0.8745
0.7098
0.2504
0.2163
0.0383
0.0831
0.8584
0.6274
0.8366
0.4821
0.9061
0.1467
0.9056
0.2895
0.769
0.6452
0.9508
0.3104
0.887
0.354
0.13
0.676
0.2087
0.4947
0.9851
0.5792
0.122
0.9383
0.6683
0.1589
0.0329
0.2359
0.1168
0.303
0.1103
0.1563
0.8166
0.6191
0.9187
0.0809
0.2946
0.3301
0.2018
0.5644
0.5867
0.3899
0.4952
0.1434
0.4402
0.5405
0.9688
0.6211
0.4254
0.9838
0.3523
0.7098
0.3295
0.496
0.4277
0.4521
0.366
0.5419
0.764
0.501
0.3752
0.572
0.1583
0.0893
0.8916
0.8889
0.3793
0.1067
0.2904
0.7182
0.5971
0.5321
0.6886
0.8091
0.2744
0.3688
0.9376
0.4306
0.1496
0.2409
0.3122
0.1863
0.5663
0.2068
0.2761
0.6623
0.586
0.074
0.2655
0.7173
0.8852
0.8465
0.1701
0.899
0.2982
0.9186
0.855
0.6118
0.0791
0.3333
0.0634
0.3912
0.5027
0.3417
0.8245
0.8095
0.7705
0.7376
0.8944
0.6145
0.5487
0.3765
0.1329
0.9579
0.4158
0.8191
0.8029
0.1545
0.5849
0.7351
0.9153
0.89
0.2424
0.9701
0.9879
0.3056
0.3155
0.7907
0.9235
0.915
0.9766
0.6957
0.0789
0.8211
0.7996
0.0203
0.8239
0.7295
0.0645
0.6627
0.8243
0.8855
0.7499
0.4822
0.2988
0.6464
0.7654
0.371
0.9103
0.3824
0.3295
0.0907
0.0926
0.0816
0.5401
0.8277
0.5233
0.067
0.0632
0.3508
0.8593
0.9298
0.7911
0.8707
0.5616
0.0664
0.4706
0.1821
0.2235
0.672
0.3875
0.9135
0.5156
0.9404
0.0872
0.3186
0.8834
0.6493
0.1105
0.275
0.9721
0.2731
0.3967
0.9111
0.3857
0.4878
0.5633
0.208
0.81
0.6426
0.44
0.7836
0.0806
0.8828
0.9256
0.5053
0.176
0.3586
0.8907
0.113
0.0917
0.3875
0.0265
0.4102
0.927
0.1709
0.6875
0.747
0.8531
0.7128
0.7087
0.1229
0.4252
0.2062
0.2829
0.4826
0.1254
0.4923
0.2449
0.8849
0.7688
0.1952
0.1668
0.6309
0.0838
0.1285
0.5971
0.3679
0.8553
0.44
0.9714
0.5642
0.4522
0.6382
0.9664
0.9382
0.0156
0.4556
0.4243
0.9311
0.9613
0.5044
0.5876
0.3703
0.8069
0.3925
0.919
0.3745
0.0967
0.3934
0.3891
0.3352
0.8958
0.0996
0.6682
0.0
1.0
1.0
0.0
1.0
1.0
0.0
1.0
1.0
0.0
0.0
1.0
1.0
0.0
0.0
0.0
1.0
0.0
0.0
1.0
0.0
1.0
1.0
0.0
0.0
0.0
1.0
0.0
1.0
0.0
0.0
1.0
0.0
0.0
0.0
0.0
1.0
1.0
1.0
1.0
1.0
1.0
0.0
0.0
0.0
0.0
