680.49 933.23 1317.3 1925.61 2168.75 1628.64
843.15 1175.84 1675.72 2518.73 2721.73 2115.35
681.87 1070.3 1510.55 3521.91 2288.52 1356.63
855.13 1075.69 1440.49 2127.99 2499.59 2157.38
485.58 675.54 968.37 1418.57 1603.85 1171.76
436.33 620.56 836.56 1758.09 1333.65 888.74
854.17 1172.44 1639.34 2419.06 2812.63 2227.58
899.0 1280.38 1887.51 3231.53 2624.66 1598.17
909.87 1296.79 1865.97 2812.33 3103.09 2300.26
459.62 702.41 909.09 3359.27 1829.84 1298.18
621.65 905.76 1357.79 2544.74 1921.56 1109.28
701.9 1006.28 1474.5 2270.4 2224.47 1427.88
759.02 1108.22 1566.77 3387.24 2137.43 1274.39
840.05 1214.04 1862.83 2820.5 2565.63 1639.34
929.74 1315.4 1912.18 2911.32 2855.18 1944.92
306.45 405.77 577.73 845.46 758.82 480.91
482.63 863.1 793.27 4678.92 2007.58 1096.43
180.57 221.23 284.89 389.39 372.67 273.01
943.21 1359.21 1891.36 2993.57 2735.78 1922.43
907.6 1265.15 1830.62 2786.74 2904.64 2181.0
947.79 1375.68 2045.51 3145.23 2969.28 1920.54
772.29 1140.45 1634.92 3527.33 2682.09 1683.57
882.46 1256.25 1703.27 2983.64 2583.38 1857.71
840.31 1179.3 1662.74 2388.97 2787.79 2224.68
698.63 1043.62 1331.33 3476.77 1912.65 1105.99
728.61 1045.88 1542.55 2357.96 2227.5 1449.89
721.24 1034.79 1525.64 2331.49 2202.56 1434.06
901.82 1290.65 1899.97 2850.85 3194.09 2234.75
568.91 873.4 1178.14 3469.16 2267.2 1454.86
237.11 308.78 405.28 605.32 461.45 319.39
451.03 824.47 693.28 4698.31 1733.41 906.17
576.05 809.8 1113.23 1783.27 1426.68 919.48
285.98 470.15 381.69 2761.07 956.44 562.0
804.8 1194.84 1777.1 2734.03 3012.51 1979.33
679.84 928.31 1233.67 2708.3 2087.51 1466.07
130.57 147.5 172.75 208.86 197.21 160.04
911.54 1291.53 1807.24 2613.78 2975.22 2432.09
794.39 1086.9 1599.93 2390.34 2528.29 1995.36
658.55 907.44 1230.88 2178.79 2168.69 1904.34
658.32 1000.88 1340.44 3807.98 2586.12 1598.57
937.43 1365.34 1911.32 3109.69 2684.47 1737.77
367.71 608.69 758.8 4152.58 1568.28 829.64
772.76 1014.41 1341.85 1930.85 2456.63 2259.22
305.18 401.43 526.13 779.97 751.28 567.4
970.43 1451.03 2180.11 3206.28 2917.13 1832.43
723.5 1022.13 1452.67 2142.94 2632.34 2062.77
376.17 673.02 611.42 3767.29 1380.29 680.29
923.28 1325.64 1922.02 2880.12 3202.81 2347.41
902.18 1288.08 1956.26 2996.52 2659.9 1580.04
386.45 693.29 556.21 5142.89 1460.94 692.27
738.45 975.95 1305.96 1892.33 2473.79 2309.44
466.22 690.0 958.95 2030.55 1709.21 1099.68
698.44 980.55 1389.75 2065.15 2275.92 1848.65
887.26 1260.72 1863.28 3160.78 2691.53 1704.92
896.39 1280.49 1863.7 2969.06 2318.24 1443.9
729.65 1006.32 1351.17 3216.47 2697.94 2102.66
491.06 795.18 977.07 4180.29 2098.98 1119.2
702.99 1090.35 1345.01 3928.82 1885.56 1087.81
704.76 988.89 1465.62 2209.69 2039.12 1313.94
648.4 989.12 1220.71 3908.6 1988.46 1114.38
525.3 849.6 903.28 4427.6 1794.78 956.22
747.23 1079.96 1418.0 3035.96 2704.52 2120.63
488.05 681.4 981.19 1826.97 1352.85 811.72
891.92 1308.13 1865.9 3007.01 2141.22 1324.76
384.81 609.63 680.58 3328.31 1288.82 685.84
228.89 293.94 395.78 562.97 536.22 376.78
480.32 773.04 906.89 4098.14 1620.24 876.65
807.61 1082.82 1517.79 2245.93 2518.44 2069.78
615.42 778.47 916.05 2679.33 2016.59 1737.93
485.3 749.14 1011.36 3777.97 1841.11 969.27
962.51 1344.53 1927.28 2949.09 3126.56 2252.34
930.03 1349.79 1981.92 3043.16 3160.64 2123.3
437.49 691.39 863.27 4143.41 1713.56 952.24
920.98 1330.54 1937.3 3148.39 3337.29 2216.66
541.69 849.37 1073.57 4175.4 2115.46 1137.3
925.91 1330.97 1983.65 3241.02 3091.25 1847.77
635.9 886.95 1310.51 1966.53 1816.1 1171.97
650.23 952.61 1374.86 2447.11 2306.68 1477.37
713.51 1025.53 1303.85 3153.64 2040.69 1379.07
925.95 1345.59 1929.98 3228.33 3013.89 2011.74
927.85 1348.85 1934.81 3118.89 2842.65 1789.81
934.47 1335.74 1944.59 3098.23 2428.61 1519.57
462.65 727.33 904.18 4045.29 1740.97 974.03
411.29 671.71 850.38 4262.96 1672.87 907.36
643.41 954.74 1158.59 3560.77 1962.57 1380.72
741.82 1080.16 1558.6 3515.75 2261.38 1304.39
563.27 745.06 992.05 1393.66 1828.49 1692.4
665.54 927.78 1360.21 2047.67 2043.54 1442.44
123.09 134.62 152.58 181.86 190.81 157.89
761.33 1183.49 1590.89 4067.51 2945.76 1828.86
100.66 101.0 101.59 102.66 102.99 101.73
354.05 474.91 676.54 1057.92 892.67 557.53
879.63 1297.97 1848.82 3141.91 2140.1 1280.72
753.48 1044.62 1437.61 2192.29 2478.55 2078.93
861.95 1252.47 1846.9 3459.0 2957.42 1722.34
910.03 1362.05 2026.44 3083.69 2693.53 1696.39
749.71 1052.93 1509.1 2155.15 2373.83 1993.22
683.09 1048.6 1371.94 3326.65 2497.48 1572.97
689.28 1027.87 1549.43 2279.01 2153.36 1387.63
761.87 1073.14 1477.35 2158.12 2316.64 1958.72
280.06 373.26 534.25 780.42 692.46 429.9
711.9 971.08 1342.19 2024.41 2002.68 1579.4
741.34 1079.82 1593.27 2451.48 2493.21 1608.95
509.9 707.54 984.68 1392.45 1494.35 1199.33
678.67 1009.68 1401.18 3684.32 2195.15 1262.03
561.34 872.29 1169.55 3712.16 2264.89 1490.95
173.18 320.39 262.01 2836.66 933.79 457.69
791.01 1152.73 1767.54 2846.7 2400.73 1374.85
813.43 1177.79 1717.46 2621.88 2841.51 2046.41
169.29 375.21 188.63 4893.78 1136.66 465.48
106.47 109.74 114.77 123.32 122.82 114.27
945.15 1352.94 1971.72 3150.67 2455.63 1527.62
817.75 1190.53 1833.07 2993.9 3347.87 1977.77
627.45 822.28 1059.64 1437.29 1810.49 1673.56
681.85 1003.89 1484.54 2171.66 1950.02 1242.59
670.93 972.24 1429.33 2193.3 2230.46 1443.28
860.43 1219.49 1739.05 2706.93 2918.75 2175.71
753.54 1066.75 1539.23 2414.27 1954.86 1279.68
514.28 812.8 1047.76 3626.95 1783.99 1013.18
873.97 1257.86 1780.71 2842.08 2318.37 1615.7
558.37 858.46 1146.14 3911.55 2388.62 1458.04
283.67 376.56 519.44 762.31 748.3 505.21
618.55 909.87 1286.02 2842.55 2071.43 1288.36
863.22 1230.58 1771.49 2691.98 3050.71 2229.37
750.59 1105.99 1591.47 3207.85 2283.81 1287.34
835.92 1207.0 1741.29 2642.74 2457.27 1689.81
936.24 1333.97 1935.2 3073.5 2456.94 1575.84
781.41 1106.96 1668.29 2564.31 2538.87 1779.78
942.72 1342.64 1940.39 2896.21 3445.85 2590.25
932.56 1373.52 2028.34 3217.04 3352.14 2155.75
901.41 1237.12 1725.18 2770.28 2575.04 2067.02
563.32 838.74 1089.25 3201.35 2109.17 1475.12
337.45 468.56 667.45 947.38 868.5 572.6
914.7 1331.91 1932.31 3010.03 2795.11 1995.3
583.86 931.92 1223.13 3928.57 2054.58 1115.55
907.87 1284.46 1865.89 2818.47 3387.7 2373.49
673.98 943.7 1396.83 2171.41 1984.52 1497.14
912.79 1315.64 1847.61 2975.61 2342.82 1444.75
231.04 306.33 422.32 584.56 556.62 386.34
641.93 937.57 1270.03 2500.03 1851.19 1169.41
627.43 894.14 1304.43 2001.86 1961.61 1263.58
576.08 937.35 1079.53 4070.44 1852.29 1028.84
377.24 510.95 713.97 1098.77 872.21 567.83
303.09 403.73 561.51 817.89 953.59 649.86
663.11 943.09 1297.88 1846.48 2074.86 1874.76
436.68 715.91 811.89 4190.37 1831.73 1063.67
933.33 1398.78 2083.86 3219.79 2813.51 1758.85
946.77 1389.96 2033.83 3027.61 3402.1 2471.41
696.85 1029.38 1448.79 3189.78 2651.74 1692.7
833.64 1227.08 1870.3 3211.34 2595.35 1472.67
957.8 1403.81 2167.37 3584.24 3985.2 2355.51
325.66 445.3 606.97 942.48 683.35 439.68
544.95 827.42 1067.28 3086.55 1810.22 1090.4
898.34 1266.04 1845.64 2689.21 2915.6 2344.37
681.33 1006.78 1372.22 2960.65 2200.52 1507.19
732.71 1045.33 1513.73 2217.85 2479.46 1969.39
744.62 1114.21 1570.7 3749.52 2701.36 1535.06
561.21 664.39 820.99 1360.83 1812.65 1673.46
756.86 1117.03 1532.16 3075.08 2008.56 1304.53
912.13 1372.67 2040.98 3173.1 2973.99 2032.07
878.91 1289.77 1847.48 2997.02 2123.92 1294.75
68.55 196.54 79.1 4396.93 907.57 350.17
379.45 720.59 456.37 5550.17 1419.81 603.31
927.68 1337.51 2048.76 3138.42 2801.49 1650.22
886.85 1275.74 1856.12 2771.61 3209.94 2223.02
209.48 345.86 324.82 2183.39 750.59 386.6
805.65 1145.11 1732.88 2647.96 2351.85 1401.93
505.33 804.15 1005.15 4009.06 1955.44 1064.65
409.16 557.08 812.94 1207.51 1090.67 690.74
965.01 1377.58 2078.65 3166.29 2872.35 1781.3
876.86 1186.88 1623.63 2786.53 2816.99 2251.24
433.31 652.78 907.77 2766.31 1422.31 779.42
112.0 229.6 134.52 3488.83 683.47 296.51
970.46 1405.21 2073.83 3200.01 3162.15 2062.9
645.68 942.3 1383.31 2111.15 2345.08 1582.34
763.84 1057.06 1467.87 2218.33 2377.1 1837.87
789.91 1118.12 1665.7 2701.41 2252.63 1342.51
562.3 726.0 906.4 1362.11 1936.3 1752.27
260.99 380.9 473.22 2027.74 903.6 533.37
329.89 493.36 554.8 2969.11 1309.1 846.37
794.75 1152.77 1635.57 3337.54 2168.94 1349.2
757.79 1123.32 1654.84 3377.78 3122.48 1809.57
553.15 778.36 1172.5 1777.23 1575.83 927.79
212.47 357.82 349.27 3315.27 932.86 441.34
554.15 810.14 1195.01 2388.3 2258.75 1322.44
862.89 1239.57 1829.73 2789.1 3303.39 2174.52
852.25 1231.82 1855.91 3032.95 2636.25 1637.67
129.98 336.42 106.35 4806.33 994.85 389.81
592.16 879.94 1208.51 2712.25 1537.32 891.4
361.51 485.92 693.48 1086.06 915.95 570.97
893.17 1286.3 1805.42 2906.2 2288.68 1412.29
485.53 668.94 974.94 1553.71 1302.92 794.34
957.76 1432.46 2141.09 3305.7 3644.61 2387.21
938.99 1334.88 1916.06 2905.75 3331.21 2352.2
921.74 1328.4 2033.88 3117.24 2789.84 1649.85
622.47 911.62 1343.25 2052.63 2259.07 1493.17
952.48 1356.94 2050.66 3125.61 2837.27 1760.98
424.39 503.52 608.21 875.04 1351.63 1262.21
423.29 749.63 673.75 5116.53 1597.91 780.25
105.9 109.02 113.25 122.02 115.25 108.88
884.51 1289.27 1857.91 3194.09 2794.99 1861.23
941.63 1300.21 1803.45 2705.75 2986.03 2389.15
898.74 1301.08 1922.52 3421.37 3049.23 1807.98
403.9 602.01 830.71 2484.47 1313.87 718.35
689.38 961.78 1455.57 2009.81 2166.55 1967.23
374.76 651.08 543.91 4844.62 1392.13 623.83
639.9 923.67 1327.22 1830.79 1847.71 1559.07
755.53 1141.36 1537.7 3535.38 2454.15 1458.91
941.37 1333.99 1913.16 2815.7 3433.88 2615.43
670.21 957.41 1306.11 2936.92 2335.43 1826.68
950.69 1423.44 2133.44 3240.14 2874.36 1800.8
787.15 1021.12 1378.29 2008.48 2494.97 2243.66
340.19 550.82 677.61 3268.11 1233.72 686.37
644.57 1001.07 1328.51 3922.33 2451.62 1462.99
659.81 950.97 1352.52 1890.21 1967.66 1643.94
904.54 1321.07 1949.51 2994.91 3223.71 2123.87
378.7 639.76 763.21 3824.35 1671.55 911.67
394.07 564.9 811.57 1828.67 1521.08 898.01
781.46 1095.57 1509.84 2356.14 2290.66 1697.78
745.7 1082.46 1594.03 2512.71 2580.67 1701.02
820.13 1162.71 1734.26 2815.33 2346.9 1396.92
856.29 1226.46 1718.39 2515.08 3012.1 2432.18
157.59 186.73 227.88 305.32 289.69 214.65
781.02 1142.1 1629.99 2642.53 1860.49 1125.14
930.28 1356.73 1992.92 3323.55 3082.53 1957.92
166.75 203.68 258.83 349.45 375.82 277.98
854.07 1224.71 1798.24 2738.19 3059.25 2039.83
945.87 1361.86 2032.76 3316.15 3166.14 1904.61
879.93 1256.05 1790.24 2604.32 2613.78 1874.66
983.71 1490.09 2269.56 3360.6 3177.14 2034.39
975.11 1452.3 2173.8 3190.42 2935.52 1882.51
892.98 1351.08 1975.55 3575.94 3464.31 2235.6
924.8 1348.52 1986.27 3051.72 3167.46 2115.52
430.54 629.08 813.64 2020.76 1287.35 827.39
693.44 1028.63 1519.82 3534.15 2285.71 1268.16
536.34 830.9 1130.4 3859.93 2165.94 1274.24
324.09 507.16 576.75 2774.88 1271.2 793.75
665.67 951.09 1353.95 2109.82 1965.35 1237.96
918.71 1307.72 1819.33 2522.12 2842.38 2450.42
945.45 1360.35 2008.35 3075.94 2961.79 1979.68
650.17 883.22 1237.42 1755.43 2128.66 1937.75
873.38 1231.44 1743.83 2454.81 2708.57 2239.85
670.03 1019.91 1222.5 3859.9 2114.72 1393.01
760.95 1106.22 1572.21 2452.19 2374.17 1726.56
929.04 1242.31 1732.47 2553.08 2956.09 2494.05
844.28 1176.99 1667.42 2697.97 2452.96 1920.19
759.35 1132.62 1662.6 2704.8 2262.38 1412.77
713.32 969.02 1276.98 2470.77 2340.95 2017.97
640.97 968.99 1339.59 3705.9 2221.33 1363.39
720.31 1064.91 1533.64 2842.81 2601.64 1652.72
690.39 1034.02 1534.1 3432.15 2289.39 1257.8
723.13 1077.89 1523.81 3570.94 2826.78 1749.99
964.19 1380.66 2015.5 3124.27 3154.8 2148.18
396.65 581.92 771.35 2220.26 1274.49 766.06
781.72 1216.64 1782.74 3674.94 2726.92 1670.22
649.35 951.66 1426.4 2713.67 1993.82 1132.79
429.88 579.63 735.86 1019.74 1151.92 983.61
659.94 907.02 1267.68 1951.38 1730.21 1271.39
688.7 1008.29 1425.17 3352.06 2867.78 1776.61
618.67 943.06 1191.22 3746.38 1840.75 1053.54
914.44 1306.23 1984.61 3040.77 2699.0 1602.64
876.18 1280.05 1790.83 3046.06 2522.2 1610.75
503.59 694.07 1007.85 1572.85 1800.22 1200.0
618.99 892.9 1308.4 2002.88 2036.65 1321.08
731.46 1044.35 1534.93 2332.04 2753.95 1809.6
267.65 406.73 479.88 1845.66 846.51 470.98
937.16 1364.25 2093.28 3365.46 3780.31 2371.71
489.16 674.3 983.17 1567.38 1314.24 800.87
529.41 787.19 990.73 2891.42 1772.71 1229.72
928.26 1245.31 1669.81 2244.65 2746.68 2577.18
895.65 1211.89 1655.78 2355.9 2729.27 2372.47
477.21 638.79 891.47 1254.23 1472.02 1320.26
350.68 483.6 663.19 1035.9 748.04 477.35
591.5 839.55 940.58 3177.03 2002.26 1527.32
281.73 396.22 511.54 1075.14 718.57 459.01
168.63 236.78 259.99 1324.41 584.46 340.14
414.75 695.86 649.21 4588.16 1531.19 797.93
828.3 1065.91 1380.65 1926.06 2329.27 2040.77
818.97 1161.0 1731.63 2810.95 2343.28 1394.84
155.99 217.63 208.31 1690.93 572.08 374.74
879.04 1175.39 1610.3 2314.94 2481.94 1926.61
564.66 890.65 1077.21 4093.56 1946.61 1112.55
885.98 1142.21 1543.58 2292.99 2822.48 2331.63
483.47 743.14 867.65 3154.66 1537.08 862.88
891.54 1289.58 1832.98 3239.74 2356.4 1460.03
673.09 1061.17 1354.03 4159.48 2610.78 1587.26
632.84 898.95 1313.45 1989.15 2195.78 1436.08
601.94 880.07 1245.3 2242.01 2078.0 1330.32
415.0 680.83 757.16 4096.88 1618.43 884.62
138.85 291.2 245.36 4291.15 1055.16 445.99
902.6 1316.94 2029.89 3118.58 2744.45 1593.53
528.92 867.25 916.53 4594.72 1578.14 792.16
952.63 1333.1 1864.52 2847.2 2921.87 2132.81
957.73 1378.99 2012.35 3065.55 3134.2 2173.03
116.9 256.34 166.81 4580.39 1049.56 435.11
688.02 977.56 1445.22 2347.53 2227.18 1327.62
268.86 350.1 490.75 709.73 638.87 411.55
137.92 278.13 154.82 3465.15 827.78 376.72
923.68 1326.01 1924.41 3200.77 2422.28 1498.4
253.47 451.99 459.04 4386.45 1254.61 605.99
754.29 1096.08 1618.23 2372.29 2395.21 1702.49
336.85 638.66 607.42 4622.94 1524.96 716.34
220.44 282.23 362.09 530.23 470.4 332.57
312.14 546.6 417.53 3579.64 1130.41 569.35
876.6 1282.62 1827.05 3314.58 2746.88 1675.43
918.39 1328.82 2012.51 3309.21 3629.77 2391.13
654.26 928.98 1291.75 2060.97 1629.45 1017.02
782.67 1130.37 1555.67 3328.71 2182.9 1379.52
781.01 1131.25 1710.9 2888.02 2378.78 1364.22
211.34 266.51 353.01 493.56 567.96 401.44
380.71 522.69 723.29 1100.72 1024.52 658.81
828.67 1159.6 1609.86 2396.51 2533.72 2130.81
238.81 419.06 455.34 4159.73 1250.76 589.24
753.57 1084.07 1592.49 2456.72 2406.84 1541.87
328.33 409.71 515.7 740.77 1010.15 892.15
772.73 1100.96 1536.3 2532.88 2353.27 1809.13
784.97 1110.83 1654.49 2682.78 2237.21 1333.62
406.94 583.3 854.97 1234.98 1169.54 770.69
147.35 169.88 207.46 278.55 247.75 185.28
765.89 1150.68 1551.27 3612.54 2386.8 1458.26
621.4 826.45 1126.73 1557.88 1892.85 1769.68
814.17 1161.94 1751.05 2719.97 3099.12 2140.91
909.04 1283.83 1849.99 2939.85 2428.99 1592.01
763.61 1147.37 1680.39 3071.84 2923.32 1895.65
196.92 379.61 329.87 4459.35 1090.67 517.63
157.08 326.86 151.3 4007.07 953.72 394.36
668.16 972.57 1328.52 3349.87 2028.11 1295.71
402.74 532.92 792.01 1055.09 1163.76 1100.98
729.1 958.19 1306.22 1901.45 2442.73 2059.01
868.67 1262.4 1874.55 3420.49 2680.25 1571.02
904.38 1262.29 1757.29 2611.14 2934.44 2348.79
934.51 1238.16 1649.85 2349.25 3056.56 2777.52
892.08 1309.28 1922.23 2934.02 3276.72 2221.52
495.78 698.18 1000.74 1505.9 1558.31 1056.97
743.98 1100.81 1540.34 3348.34 2416.25 1448.31
495.01 761.95 1033.44 3767.31 1861.87 984.02
814.27 1188.92 1782.68 3266.24 2513.65 1433.31
952.22 1385.57 1984.65 3205.95 2915.36 1804.96
227.09 297.26 403.71 553.54 511.32 352.95
821.31 1210.48 1716.84 2970.43 1998.04 1195.45
801.81 1117.14 1740.04 2312.87 2535.82 2402.84
939.48 1301.43 1869.01 2940.54 3110.92 2252.6
272.75 502.58 391.51 4590.99 1465.58 795.69
830.82 1228.81 1762.28 3040.9 3057.15 2119.21
758.03 1122.95 1685.81 3461.58 2436.75 1374.45
731.61 1114.87 1592.21 4095.95 3199.72 1813.22
813.72 1216.4 1803.39 3785.67 3466.11 2021.66
372.42 544.14 745.97 1924.3 1180.05 672.51
454.76 613.62 856.55 1212.16 1361.91 1183.86
748.01 1121.53 1517.44 3991.35 2333.55 1302.71
738.43 1046.36 1513.89 2400.01 1878.27 1177.35
840.63 1268.87 1867.16 3396.0 3281.9 2114.29
593.73 866.96 1274.84 1945.19 2140.26 1416.51
876.85 1301.28 1827.16 3282.01 2142.09 1272.62
540.45 803.67 1091.13 3187.98 2030.06 1277.55
221.52 279.34 375.79 558.22 479.17 318.86
813.78 1181.83 1754.18 3542.23 2542.9 1472.0
853.46 1261.02 1764.98 3559.87 2833.35 1795.64
905.03 1295.04 1883.67 2766.45 3240.42 2479.65
956.12 1378.72 1994.76 3034.09 3088.11 2097.27
525.08 740.01 1070.31 1633.08 1600.73 1039.33
564.87 882.4 955.86 3506.0 1729.79 1112.79
605.93 932.77 1288.64 3737.79 2178.19 1283.88
948.0 1263.14 1682.52 2365.04 2861.76 2650.33
876.99 1247.87 1811.65 2745.82 3086.46 2105.73
844.06 1238.66 1755.8 3368.53 2673.67 1621.85
597.4 857.4 1246.97 1897.38 2028.84 1337.1
254.94 339.1 460.91 662.17 736.19 528.15
421.64 806.95 656.72 4853.23 1640.79 821.5
695.47 998.2 1346.31 2454.72 2128.72 1641.7
632.61 934.24 1360.48 2115.51 1810.57 1148.86
506.72 815.54 1022.53 4222.81 1904.32 976.34
874.82 1277.23 1970.87 3224.0 3606.11 2127.07
680.16 920.86 1270.65 1953.42 1749.91 1262.94
865.04 1232.86 1790.3 2815.54 2854.24 1987.35
332.41 560.02 610.29 4179.23 1437.96 699.16
527.65 775.0 1123.21 2015.53 1558.49 976.19
867.96 1248.49 1845.12 2814.53 3327.65 2179.16
849.17 1217.2 1772.86 2688.82 2795.36 1971.51
441.53 606.25 856.36 1330.4 1051.29 676.33
961.64 1415.19 2101.27 3245.31 3459.8 2227.8
598.26 939.22 1238.51 4020.05 2336.11 1391.52
627.92 916.36 1312.62 2304.68 2184.36 1399.36
902.44 1304.79 1959.45 3105.86 3550.13 2323.86
677.18 964.05 1466.07 2236.33 1979.81 1154.38
872.94 1257.18 1855.03 2836.84 2723.73 1812.0
484.01 673.09 978.5 1567.76 1489.16 901.7
389.13 664.22 724.86 4598.01 1743.76 935.57
268.21 356.98 491.64 716.73 727.67 495.75
939.14 1380.45 2034.57 3120.67 3530.79 2442.91
870.56 1208.53 1767.41 2652.37 2704.52 1975.87
646.83 909.86 1307.5 1955.16 1783.04 1385.86
695.61 1041.38 1468.28 2958.76 2403.15 1755.46
631.28 975.83 1409.21 3536.11 2207.01 1191.78
558.24 811.86 1190.4 1731.55 1556.99 999.85
828.02 1132.66 1548.18 2362.49 2354.4 1961.47
909.49 1303.38 1942.27 3130.47 3025.75 1901.99
391.06 704.8 496.17 4879.17 1396.59 684.96
834.59 1110.08 1514.13 2280.87 2808.55 2403.85
97.73 238.73 132.8 4214.7 1045.97 399.87
567.84 771.58 1062.73 1530.52 1696.04 1317.56
917.82 1345.54 1990.89 2913.03 2960.29 2119.62
920.47 1286.61 1839.53 2657.88 2792.4 2172.32
720.81 1034.9 1462.78 2505.18 2373.06 1749.14
891.67 1281.2 1862.16 2863.23 2850.56 2045.28
750.25 1078.44 1592.2 2435.68 2300.72 1496.35
336.81 610.35 614.64 4394.91 1452.5 738.12
783.37 1043.93 1408.47 2179.9 2521.13 1985.59
679.93 1068.71 1418.66 3908.14 2655.24 1608.97
558.54 876.29 1133.39 4148.99 2017.78 1056.95
963.87 1397.81 2063.07 3193.6 3145.29 2027.46
856.48 1248.38 1809.67 3221.11 3355.17 2166.28
408.69 564.82 785.42 1200.47 1116.67 714.51
583.57 880.06 1257.69 3790.65 2053.99 1106.59
600.85 877.81 1241.27 2704.3 2388.3 1514.53
910.87 1164.95 1566.56 2257.12 2880.85 2569.64
430.76 705.7 934.88 4147.59 1820.1 1012.57
451.04 711.99 931.19 3922.01 1868.74 1057.68
754.85 1077.29 1598.11 2602.97 2468.94 1467.14
349.85 590.7 738.98 4260.74 1621.02 863.49
307.85 486.07 572.22 2556.31 1058.66 594.61
761.13 1094.81 1617.16 2474.75 2337.54 1519.71
704.06 1057.33 1363.08 3492.04 2296.33 1563.27
734.06 1055.84 1547.31 2416.36 2343.3 1500.22
698.22 1059.82 1472.23 3055.29 2617.17 1883.4
782.24 1108.27 1514.88 3119.26 2472.49 1812.48
666.96 953.67 1394.71 2144.41 2101.14 1350.8
624.3 915.89 1273.96 2786.7 2444.78 1553.39
531.9 755.42 1081.2 2203.88 1547.77 908.06
109.69 115.06 123.07 136.23 140.06 125.85
591.8 852.18 1188.03 1590.45 1643.01 1536.72
787.1 1160.11 1715.99 2544.81 2633.0 1939.98
810.19 1174.72 1731.94 2601.28 2658.47 1954.36
716.79 1032.58 1492.71 2412.82 2681.52 1893.97
418.95 595.46 858.96 1292.0 1418.03 950.47
458.5 656.44 956.72 1379.35 1260.26 813.52
868.42 1253.35 1789.95 3281.26 2321.87 1433.66
852.31 1218.99 1731.97 3100.72 2836.88 1967.87
672.38 960.45 1329.04 2241.0 1700.47 1052.98
494.11 760.26 789.21 3026.64 1692.9 1196.97
236.05 405.92 409.73 4224.31 1243.06 649.49
794.37 1190.06 1617.91 3939.74 2442.55 1377.97
802.03 1150.18 1614.17 2569.96 2119.84 1518.72
268.13 373.1 477.01 1084.77 699.12 417.43
774.98 1124.04 1526.45 2905.42 2471.97 1893.82
625.11 897.27 1304.57 2202.47 1914.69 1238.55
467.1 652.74 938.31 1423.74 1395.73 909.88
945.6 1367.6 2023.98 3093.26 3423.4 2225.28
860.0 1259.93 1919.47 3197.63 2643.72 1524.02
878.71 1282.75 1817.33 2893.56 2196.15 1448.44
926.57 1305.66 1870.31 2939.9 2425.13 1613.09
238.35 307.44 415.06 590.51 644.16 446.91
673.22 1029.47 1400.2 3296.86 2090.75 1268.51
203.49 482.44 268.62 4988.29 1239.65 527.88
969.1 1394.83 2052.07 3092.17 3665.11 2495.26
977.98 1421.98 2104.96 3265.94 3198.94 2036.96
891.97 1308.06 1892.41 3393.27 2975.02 1896.42
889.96 1213.9 1628.24 2767.98 2560.84 1924.04
209.44 264.67 351.14 493.1 470.38 335.01
641.95 1010.4 1252.03 4115.28 2094.66 1163.94
583.53 844.11 1173.2 2800.77 1628.21 976.37
822.38 1198.88 1724.67 3451.45 2523.45 1508.74
680.58 972.7 1420.88 2288.15 2569.21 1682.28
825.81 1206.77 1754.8 3503.55 2859.63 1689.26
511.95 748.65 1113.26 1623.29 1535.46 1000.15
966.42 1394.49 2041.66 3231.68 3721.81 2465.02
944.61 1222.07 1558.23 2146.55 2732.13 2403.29
523.55 823.57 1095.5 3701.65 1941.99 1027.15
564.37 912.5 1181.57 4036.28 2016.17 1060.47
629.14 892.91 1243.42 1921.11 1793.78 1286.47
313.53 535.35 584.95 3576.65 1396.78 698.03
345.36 466.95 657.57 967.3 1131.25 764.3
899.93 1303.24 1872.72 2942.47 2733.39 1700.61
641.92 929.25 1317.49 2123.22 1500.91 915.76
971.09 1423.51 2203.32 3612.16 4041.75 2378.93
861.7 1239.14 1830.91 2792.43 3301.37 2162.23
939.85 1354.49 2014.26 3357.23 3146.0 1883.48
900.0 1341.71 2011.8 2954.93 2689.18 1692.25
377.9 576.46 738.33 2842.69 1362.42 801.57
614.33 952.88 1241.15 3933.8 2603.14 1587.3
348.18 525.88 720.09 2023.02 1191.49 714.14
775.76 1113.91 1518.21 2771.66 2051.74 1319.69
857.42 1217.1 1750.93 2632.25 2650.93 1930.38
874.73 1278.08 1903.01 2914.23 2986.84 2015.91
497.2 698.11 981.96 1516.02 1408.19 890.72
785.72 1118.02 1611.5 2661.72 2049.95 1298.94
727.72 1088.61 1594.74 2848.43 2760.27 1795.19
699.43 1033.23 1355.3 2963.19 1975.22 1391.09
281.05 467.46 504.51 3986.87 1378.22 802.16
704.89 1034.13 1350.8 3502.93 2457.89 1777.5
508.36 648.47 831.22 1650.28 1652.15 1296.46
584.56 952.64 1156.76 4378.47 2050.77 1148.07
529.71 880.86 875.6 4750.49 1801.51 955.58
180.56 346.62 327.87 4245.68 1232.28 590.1
824.72 1156.93 1661.97 2492.26 2998.81 2087.62
883.88 1307.64 1794.43 3469.68 2614.46 1641.81
173.8 404.71 253.21 4771.4 1391.47 616.1
972.0 1423.24 2203.41 3600.07 4028.75 2394.91
626.29 879.46 1317.83 2000.32 1779.47 1071.0
701.83 994.9 1493.53 2376.82 2043.73 1217.56
522.7 830.75 1067.16 4022.96 1885.79 991.86
753.77 1053.11 1525.45 2436.02 2351.79 1723.35
209.3 354.19 393.09 3288.96 1025.1 488.87
154.1 213.42 221.69 1021.93 448.5 270.93
773.46 1103.13 1615.24 2412.44 2431.72 1760.26
468.75 733.27 974.25 3827.23 1842.59 1062.74
230.55 343.46 338.19 1859.7 664.02 349.1
924.23 1367.16 2011.2 3345.49 3355.22 2145.15
827.46 1225.4 1707.11 3497.71 2641.3 1594.5
180.32 362.27 311.43 4483.95 1359.19 592.98
754.1 1065.27 1584.42 2566.37 2140.88 1278.01
787.66 1218.93 1685.28 3548.79 3047.66 1940.3
103.25 108.35 107.06 199.19 127.04 112.08
189.47 233.52 304.68 441.96 423.65 286.78
572.86 834.54 1225.19 1867.21 2054.04 1360.87
473.83 700.49 879.2 2229.78 1282.81 798.69
223.42 288.42 386.76 550.3 581.3 404.64
412.77 674.1 811.26 3372.95 1596.08 1016.04
234.92 315.07 432.18 689.44 587.53 400.71
698.15 1057.7 1518.8 3388.27 2263.43 1396.84
860.28 1218.46 1778.07 2650.43 2749.38 2090.66
327.9 445.92 589.63 1021.42 755.07 485.75
937.22 1347.82 1890.09 3031.13 2443.83 1553.48
671.27 1080.83 1356.56 3810.94 2196.42 1313.8
689.92 1039.0 1401.55 3691.92 2077.03 1206.22
940.75 1334.82 1906.61 2755.08 2877.55 2237.0
924.98 1322.57 2000.13 3028.77 2782.67 1742.86
832.86 1182.07 1676.83 2722.7 2344.99 1747.21
617.57 907.29 1284.99 2776.63 2102.62 1297.04
124.11 141.29 153.8 335.46 203.4 155.42
506.15 743.31 973.14 2344.54 1341.79 852.1
801.44 1136.83 1560.79 2297.23 2686.16 2135.74
584.69 914.35 1155.52 4116.75 2402.84 1414.07
498.42 796.0 930.64 4145.78 2087.15 1260.82
852.62 1195.4 1666.75 2436.13 2698.78 2210.36
407.34 591.79 724.94 1986.04 1351.6 889.52
374.13 624.04 748.94 4148.8 1834.9 987.52
645.65 842.25 1136.31 1677.56 1862.99 1603.23
643.43 946.98 1342.89 3681.32 2099.61 1177.72
565.66 784.17 1073.71 1493.46 1732.06 1443.7
331.39 535.24 527.82 3881.18 1426.04 839.81
834.2 1201.05 1805.18 2706.29 2534.48 1631.49
886.62 1305.06 1863.71 3136.42 2165.44 1313.94
339.6 600.49 608.79 4710.04 1621.37 842.94
907.95 1365.14 1985.39 3312.91 2922.63 1934.08
432.17 602.58 822.82 1286.55 1121.53 741.41
220.34 419.75 330.51 4223.7 1255.52 575.15
818.15 1175.66 1679.29 2619.22 2459.97 1565.73
376.24 625.09 733.69 4233.18 1613.5 794.07
918.06 1305.16 1947.17 3147.47 2670.56 1632.2
923.52 1315.16 1968.36 3203.57 2669.71 1584.9
556.21 808.11 1190.23 1728.07 1576.52 1008.01
874.52 1257.7 1811.44 2684.49 3074.23 2301.87
266.87 451.74 455.15 2675.85 1065.95 584.21
461.2 705.89 815.91 3511.6 1566.84 1041.76
790.82 1161.36 1732.04 2627.01 2868.6 2125.5
187.39 239.46 301.23 580.58 452.43 312.88
342.49 462.64 651.04 957.14 1119.16 756.51
715.92 995.59 1425.76 2146.0 2287.27 1777.33
713.34 1093.06 1483.71 3722.56 2427.17 1485.27
890.29 1248.34 1691.08 2480.77 2800.68 2188.71
655.64 945.68 1441.0 2379.05 2620.82 1555.36
693.9 964.11 1338.73 1986.43 1915.08 1525.5
404.4 555.27 754.5 1176.95 939.96 603.62
832.07 1219.8 1800.44 2585.21 2648.81 1953.22
353.03 484.45 710.97 1120.21 1245.0 761.98
948.96 1355.9 1936.07 2989.0 2893.65 1945.81
600.81 810.64 1107.13 1490.55 1844.46 1664.66
572.09 791.64 1140.99 1670.2 1778.26 1454.86
687.53 936.21 1303.71 1966.78 2237.39 1788.67
164.07 324.37 249.63 4772.25 1143.24 508.3
373.07 509.78 643.98 1358.21 1119.27 996.74
753.65 1071.36 1560.07 2350.66 2642.69 1823.08
124.69 290.7 146.97 4843.39 990.5 388.36
615.37 988.98 1262.18 4054.53 2469.78 1467.12
704.41 1062.41 1487.1 3460.47 2739.64 1710.46
605.94 861.26 1224.83 1741.44 1726.38 1265.43
611.84 829.12 1136.44 1678.83 1756.22 1437.37
428.13 714.32 840.61 4094.01 1615.39 878.1
918.04 1370.79 2046.54 3012.58 2700.98 1706.38
947.44 1217.02 1609.03 2336.66 3138.87 2994.39
328.04 443.36 620.76 922.3 904.9 603.1
236.91 312.51 427.19 588.6 543.12 372.5
174.24 213.33 272.48 370.84 389.49 283.23
779.63 1128.28 1578.9 2527.68 2190.06 1412.33
151.24 304.2 240.21 4073.61 1160.75 538.09
886.17 1308.6 1940.81 3749.18 3630.32 2170.91
854.31 1261.34 1817.53 3177.55 3167.16 2200.71
385.93 533.94 789.6 1180.52 1040.83 623.88
444.25 733.13 854.2 4362.45 1920.73 1107.28
796.72 1182.28 1757.87 2703.82 2979.1 1957.78
635.26 1052.6 1228.96 4654.37 2180.13 1227.85
295.19 539.31 563.54 4371.08 1640.75 803.75
889.7 1227.34 1805.51 2709.85 2746.94 1930.73
834.61 1146.21 1588.99 2397.38 2816.38 2293.99
732.63 1027.24 1570.62 2416.99 2509.1 1730.6
743.52 1076.46 1554.28 2988.49 2403.32 1559.25
762.49 1129.16 1676.41 2458.76 2206.41 1400.94
297.26 391.11 547.67 843.81 715.49 455.27
891.58 1267.33 1823.11 2719.28 2666.38 1920.91
575.35 810.89 1180.2 1780.25 2097.86 1386.96
403.78 699.41 747.52 4627.98 1934.16 1049.96
937.93 1323.57 1909.95 3029.36 2457.12 1606.14
810.38 1125.08 1540.49 2332.25 2427.98 1995.75
702.07 1006.53 1474.88 2271.01 2225.06 1428.25
911.47 1172.35 1546.5 2199.18 2996.98 2893.43
304.41 412.04 574.91 845.76 897.1 604.53
934.36 1309.53 1879.51 2829.2 3289.24 2392.18
853.78 1207.43 1737.49 2609.68 2741.0 2072.47
883.37 1261.2 1834.87 2922.16 2281.98 1421.94
592.95 837.04 1138.76 1585.45 1857.76 1709.17
905.17 1242.03 1729.7 2662.43 2393.08 1734.53
582.68 748.82 997.86 1462.99 1843.27 1657.5
889.32 1304.94 1933.84 2979.74 3177.98 2048.23
640.83 893.39 1289.18 2015.49 2007.25 1342.22
955.33 1359.91 1977.48 3009.98 3109.62 2169.44
946.96 1363.21 2011.7 3065.42 3653.57 2452.4
938.61 1396.74 2080.18 3205.09 3552.03 2356.93
764.76 1100.27 1625.49 2487.79 2349.83 1527.5
618.92 997.92 1147.98 3908.76 1811.71 1085.45
705.64 1046.74 1343.59 3346.44 2297.4 1633.5
121.66 132.39 149.22 176.56 191.04 158.64
893.62 1298.99 1822.16 2917.2 2546.66 1658.26
599.95 916.11 1316.59 2728.21 1979.15 1229.39
187.39 232.62 310.76 430.23 387.54 260.11
766.78 1080.11 1603.51 2418.26 2348.98 1586.67
271.83 458.24 433.92 3422.93 1033.32 516.93
618.43 913.01 1157.82 3108.67 2047.43 1443.57
759.83 1165.17 1502.23 3810.36 1955.67 1107.54
771.38 1095.62 1587.03 2527.43 1973.76 1236.99
233.54 316.12 391.77 1037.34 591.89 386.88
958.41 1385.1 2044.12 3170.1 3478.84 2276.44
381.88 618.62 661.27 3285.9 1506.54 991.15
777.11 1142.45 1589.55 2402.32 2523.52 2035.96
764.86 1056.77 1451.61 1910.42 2369.12 2247.16
943.22 1382.93 2042.14 2986.76 2967.95 2052.87
520.62 756.97 962.88 2369.13 1679.14 1230.48
927.35 1323.82 1984.5 3119.67 3589.18 2438.44
857.66 1169.98 1662.29 2634.25 2584.32 1840.04
639.19 936.9 1388.54 2024.2 1845.09 1173.17
670.33 985.98 1457.11 2130.62 1913.38 1219.96
831.92 1144.24 1666.81 2288.09 2672.06 2526.8
811.94 1108.99 1496.26 2253.35 2164.36 1764.48
631.21 954.67 1136.05 3752.9 2112.86 1502.0
865.94 1258.87 1766.72 2835.99 2455.5 1578.99
899.75 1314.31 2027.15 3312.59 3710.55 2197.3
913.29 1346.44 1925.6 3515.87 3009.9 1886.02
379.91 569.39 618.38 3535.53 1603.97 1216.37
906.76 1327.23 1854.6 3174.43 2624.26 1689.16
295.02 555.74 338.5 5094.63 1213.3 487.26
544.91 793.84 1114.11 2497.58 2151.21 1362.44
811.3 1198.1 1697.38 3362.77 2972.51 1964.97
816.33 1214.92 1679.77 3853.38 2496.87 1418.87
774.66 1091.26 1580.02 2902.62 2457.1 1946.07
761.02 1124.23 1665.56 2409.92 2237.47 1502.57
183.3 229.4 298.2 396.57 364.84 263.57
851.12 1194.01 1704.57 2563.4 2753.82 2046.32
705.29 1033.94 1478.06 3565.64 2243.18 1268.71
876.86 1186.08 1719.92 2602.34 2671.14 1884.27
330.47 511.86 522.86 2555.27 989.13 547.81
193.34 415.26 215.08 5065.49 1231.53 503.68
519.28 734.37 1012.36 1597.69 1389.4 909.6
669.78 892.57 1214.63 1823.9 1974.52 1483.52
587.84 921.5 1136.41 3341.87 1957.58 1177.96
621.54 871.16 1181.83 2167.84 2131.34 1704.87
631.6 960.07 1303.01 3985.51 2159.32 1216.46
890.29 1287.83 1892.04 2872.67 2789.35 1919.68
466.3 653.52 934.45 1859.59 1327.3 785.77
308.14 499.23 559.05 3872.8 1441.93 842.0
784.1 1115.74 1696.97 2698.82 2281.89 1451.46
890.77 1201.21 1626.08 2310.79 2853.82 2485.33
468.83 677.29 978.66 1557.6 1301.46 833.77
699.21 874.23 1036.79 1446.06 2008.59 1923.86
667.53 981.63 1450.45 2120.65 1904.47 1214.46
478.45 714.38 784.98 3522.14 1818.79 1368.83
488.07 809.14 861.2 3660.0 1989.78 1164.97
569.82 813.83 1234.41 1994.26 2225.96 1329.13
220.59 379.61 326.32 3062.23 991.03 496.53
317.46 528.81 600.25 4049.8 1335.85 670.93
369.51 505.8 715.45 1071.83 1051.27 694.58
853.48 1233.16 1883.03 3046.38 2581.24 1484.27
929.5 1331.11 1933.77 2902.55 2912.33 2096.33
932.45 1300.48 1896.93 2862.74 2761.62 1892.61
676.05 1062.65 1497.25 3529.49 2277.11 1347.59
307.07 451.19 590.86 1774.74 983.73 603.61
207.64 291.4 346.34 1309.11 597.23 343.59
350.57 477.31 656.37 993.27 925.25 598.81
646.06 929.67 1418.51 2301.66 2570.96 1528.59
633.16 954.5 1297.49 3716.31 2107.52 1169.05
450.74 641.48 848.04 1796.87 1570.89 1036.45
405.4 635.91 784.75 3611.95 1587.81 1106.63
834.6 1135.55 1618.32 2243.88 2668.65 2522.22
658.49 946.99 1442.57 2335.73 2612.62 1565.88
905.71 1327.46 1965.0 3020.9 3097.76 2029.16
555.39 789.01 1090.95 1726.69 1500.47 979.34
656.51 935.51 1297.58 2165.88 1655.03 1027.18
906.71 1310.83 1935.89 3017.09 3282.73 2130.36
576.31 898.91 1258.91 3764.43 2110.56 1112.83
528.18 844.71 1128.44 3992.08 2371.99 1402.06
972.63 1415.03 1988.58 3178.29 2801.84 1851.05
749.81 1098.56 1423.74 3374.03 2695.54 2043.08
778.72 1147.88 1663.33 3436.32 2577.13 1617.68
793.03 1182.92 1659.32 3335.54 2029.61 1185.51
950.57 1371.32 1927.13 3104.08 2450.81 1515.98
974.78 1374.13 1997.18 2976.15 3573.47 2563.48
498.65 700.24 1010.35 1537.49 1507.07 979.48
963.48 1459.62 2223.88 3292.94 3108.83 1986.79
870.59 1259.51 1868.35 2867.93 2708.0 1754.76
736.85 994.94 1387.42 2178.54 2236.02 1756.48
268.07 361.08 499.92 728.11 794.52 548.15
549.65 786.97 1146.96 1748.65 1777.92 1157.94
183.62 308.52 173.0 2227.62 553.09 257.51
444.42 614.73 879.68 1309.01 1450.7 983.18
791.21 1071.25 1532.33 2277.76 2469.97 1921.83
656.45 964.39 1424.1 2179.6 2399.46 1583.76
589.12 942.29 1279.79 3875.39 2165.64 1227.36
580.55 856.82 1208.12 2353.19 1774.44 1161.04
863.1 1155.93 1562.05 2362.35 2507.97 2074.18
949.49 1419.61 2121.4 3274.78 3610.42 2365.15
556.55 782.78 1137.48 1713.8 2018.85 1336.07
576.62 876.07 1130.74 3617.96 1806.97 1009.27
620.74 860.53 1297.69 1754.99 1956.58 1871.04
830.12 1151.03 1676.47 2472.81 2559.07 1902.22
236.48 454.3 370.06 4430.82 1176.28 549.98
651.58 1029.15 1393.02 3837.12 2191.97 1286.31
752.42 1081.59 1546.46 2419.6 2256.73 1418.53
482.4 675.54 948.24 1459.33 1359.4 866.5
908.68 1325.04 1956.25 3220.4 2882.5 1850.44
122.84 340.79 136.1 4876.01 1261.36 513.84
934.7 1371.62 2025.25 3115.94 3198.6 2089.04
898.73 1331.72 1950.67 3357.63 3276.17 2098.09
953.99 1376.64 1929.0 3136.32 2466.14 1532.26
530.24 776.64 893.14 3089.7 1942.49 1561.3
729.93 1054.74 1539.52 2398.97 2079.84 1677.86
903.97 1276.65 1885.03 3026.29 2672.72 1726.99
386.98 536.42 724.31 1175.62 994.04 657.95
953.76 1406.0 2082.63 3269.33 3438.72 2209.78
623.55 956.44 1233.82 3753.86 1969.94 1100.57
749.94 1083.86 1549.52 2954.19 2493.46 1715.26
335.4 603.42 632.8 4466.44 1650.96 799.52
769.48 1061.27 1637.72 2233.33 2485.55 2297.36
614.78 874.59 1281.32 1949.07 1842.23 1205.44
339.61 588.65 639.06 4312.45 1598.53 792.0
250.25 421.97 351.03 2240.62 739.53 383.67
287.62 495.03 514.47 3468.7 1178.52 578.73
613.21 1014.69 1136.6 4657.81 2014.82 1099.0
717.32 1078.78 1538.83 3248.69 2298.46 1507.47
805.32 1178.84 1683.27 2728.59 1926.24 1168.62
779.49 1169.71 1600.05 3310.98 2480.92 1688.08
351.81 476.96 695.98 1032.03 920.11 560.0
198.25 416.22 280.29 5025.96 1240.84 545.82
941.4 1368.41 2027.47 3173.88 2952.18 1906.08
908.2 1322.36 1956.03 3214.26 2877.63 1849.68
614.45 937.32 1254.36 3528.86 2497.02 1599.47
492.28 716.4 871.78 3444.43 1960.46 1412.09
864.72 1246.91 1893.84 2889.22 2607.45 1587.05
944.76 1364.9 1915.97 3127.26 2438.04 1499.89
770.85 1134.64 1515.39 3440.86 2141.65 1313.26
802.95 1143.33 1732.17 2642.39 2438.85 1510.44
331.98 527.52 695.38 2828.63 1294.86 740.5
167.0 357.71 194.42 4560.67 1065.83 465.79
739.48 1162.59 1552.47 4221.0 3165.93 1786.71
976.38 1431.54 2216.09 3633.48 4065.68 2392.77
732.0 1051.77 1486.55 2837.19 1956.59 1221.07
620.76 881.67 1250.28 1942.79 1819.58 1158.86
831.02 1157.66 1695.83 2512.15 2785.76 2025.05
501.46 740.2 886.79 3543.76 1924.6 1559.24
953.27 1376.01 1969.65 3076.52 2934.64 1905.16
728.65 1064.92 1489.64 2588.48 1780.03 1111.24
627.05 968.31 1249.99 3981.39 2197.85 1264.56
664.54 933.1 1381.17 2228.66 1861.43 1116.71
881.99 1152.56 1612.19 2412.98 2597.21 2030.76
825.42 1207.03 1815.69 3424.19 2573.18 1456.99
458.43 656.81 952.89 1376.17 1239.64 803.85
598.13 942.27 1215.04 3697.01 2085.49 1214.71
609.35 931.63 1336.51 4169.52 2800.35 1567.24
526.5 836.66 1058.04 3936.73 2055.87 1124.61
759.42 1136.29 1588.7 3625.65 2538.62 1570.48
886.32 1283.68 1802.2 2975.86 2259.92 1537.3
834.81 1241.18 1830.22 3053.24 2712.0 1845.03
832.36 1266.09 1852.05 3483.01 2632.7 1606.89
324.93 509.5 506.82 2731.5 1007.3 541.06
838.27 1145.13 1618.66 2504.62 2525.57 1929.99
837.69 1244.98 1694.4 3607.28 2620.11 1568.28
605.38 916.91 1216.36 3154.56 2103.06 1282.7
384.13 516.83 689.32 1014.48 996.33 775.66
960.12 1413.09 2097.76 3242.28 3454.39 2224.41
227.01 418.78 426.77 4676.68 1331.42 644.85
771.6 1008.08 1316.63 1849.74 2320.53 2101.11
875.83 1275.9 1884.24 3446.14 2674.17 1564.03
609.64 858.46 1235.44 1819.72 2037.79 1443.97
506.46 717.56 1081.43 1738.8 1939.25 1163.37
892.08 1253.5 1750.54 2516.51 2980.2 2425.65
122.1 133.05 147.51 178.17 160.97 136.56
608.25 857.83 1211.61 1876.64 1780.83 1152.46
637.62 884.32 1173.82 2251.25 2043.58 1533.47
950.59 1288.8 1764.98 2548.58 3167.82 2441.63
557.61 856.3 1115.09 3725.45 1926.63 1152.55
899.7 1248.98 1784.01 2748.11 2763.16 2092.11
638.76 942.23 1258.2 2737.68 1886.82 1175.61
455.91 687.07 791.46 3317.06 1800.33 1402.23
926.12 1362.05 2021.52 3232.66 3333.02 2189.34
870.04 1241.02 1809.29 2726.19 3084.78 2161.65
517.74 866.93 1171.88 3858.07 2116.72 1204.56
860.6 1234.42 1810.72 3265.88 2505.88 1471.64
896.78 1277.22 1836.03 2622.35 2867.34 2354.16
863.14 1290.16 1871.09 3456.57 3205.87 2026.61
847.84 1222.8 1785.76 3217.07 2900.88 1796.58
779.5 1127.82 1704.98 2807.34 3104.53 1905.9
339.62 560.95 657.78 4163.13 1337.06 659.3
648.54 918.63 1274.33 2004.47 1860.84 1318.81
658.34 905.46 1228.82 2302.63 2087.81 1622.05
956.56 1377.79 1998.08 2879.08 3031.21 2331.92
935.44 1337.33 2033.21 3116.59 2766.01 1641.39
346.01 567.93 730.87 3976.53 1836.18 960.93
633.2 931.56 1253.13 3375.14 2194.19 1450.25
883.14 1282.9 1886.88 2774.29 2765.87 1998.9
567.01 836.17 1209.75 2902.55 1852.73 1024.6
343.16 540.42 405.24 3095.76 1058.37 678.43
447.17 625.27 855.45 1340.11 1167.65 770.36
411.19 691.27 796.13 4272.57 1753.25 886.73
907.51 1335.5 1911.68 3129.9 2197.34 1327.1
875.49 1273.7 1857.05 3240.51 3399.9 2251.45
908.93 1290.01 1922.84 3130.9 2636.6 1597.35
704.76 1007.24 1479.7 2256.43 2151.19 1420.86
493.91 691.58 973.09 1685.22 1245.43 795.72
724.16 1048.02 1542.62 2301.27 1933.83 1498.95
841.68 1179.07 1662.84 2281.83 2704.21 2374.06
226.33 349.88 386.14 2530.76 881.22 473.75
168.34 388.57 326.6 4216.64 1328.65 572.33
327.34 440.33 638.06 941.45 840.41 515.29
308.49 561.97 631.17 4131.55 1604.29 804.89
401.92 547.54 768.65 1187.71 940.97 609.5
533.42 924.73 950.9 4480.29 2081.06 1162.58
819.75 1169.86 1637.62 2990.2 2270.35 1547.42
942.94 1366.28 1909.5 3019.53 2723.7 1861.67
762.49 1044.68 1403.87 2617.81 2514.32 2172.53
556.6 796.49 1026.97 3060.15 2053.64 1569.29
481.41 755.96 991.47 3694.84 2092.01 1250.36
844.06 1255.26 1868.7 2877.05 3175.32 2091.74
434.46 562.86 742.24 1336.86 1312.23 1092.18
453.65 636.72 952.93 1436.44 1263.66 747.96
940.4 1359.33 2003.71 3081.71 3088.12 2063.35
688.99 1019.04 1307.56 2839.68 2108.56 1548.9
733.17 1038.55 1502.23 2381.04 1863.61 1168.47
692.96 976.35 1282.97 2683.28 2311.84 1990.41
312.22 569.58 573.77 4235.45 1693.8 897.56
616.72 868.73 1193.9 1856.54 1575.81 1077.51
703.76 1041.9 1472.25 3523.39 2870.62 1837.23
920.75 1337.14 1926.98 2900.28 3204.08 2219.97
882.93 1201.03 1625.21 2305.86 2990.21 2702.28
942.93 1386.89 2136.1 3677.1 3953.7 2317.7
663.12 937.26 1225.34 3125.8 2164.94 1700.41
719.38 1104.57 1460.39 3934.03 2660.52 1607.95
877.78 1233.55 1752.57 2630.47 3109.64 2420.7
920.12 1275.8 1789.1 2641.19 3090.5 2323.66
408.07 757.39 534.29 5427.25 1557.5 728.28
851.45 1255.0 1790.49 3573.72 3396.8 2167.75
504.77 712.43 980.8 1545.88 1344.8 881.6
563.21 893.35 1016.92 4172.28 1647.66 903.74
737.27 1043.64 1421.9 2470.11 2206.11 1639.12
814.18 1116.09 1522.09 2282.86 2358.53 2007.63
878.82 1221.56 1766.8 2768.39 2644.1 1891.04
165.77 346.47 250.84 4806.98 1178.85 501.35
783.14 1173.68 1689.32 3514.09 2914.75 1834.25
572.33 884.16 1222.78 3874.58 2066.05 1091.8
588.5 895.2 973.46 3790.53 2073.14 1548.55
866.81 1249.94 1838.23 2793.17 2718.21 1843.88
901.9 1332.3 1971.07 2884.74 2752.77 1904.7
764.67 1094.81 1335.42 3375.63 2246.33 1605.84
323.74 436.66 613.44 903.67 857.23 580.46
737.81 1085.85 1490.07 3346.85 2225.07 1428.56
752.39 1098.34 1610.4 2483.45 2745.45 1950.64
629.27 879.9 1222.77 1896.41 1914.56 1527.24
620.91 946.7 1353.25 3769.65 2108.41 1139.12
841.51 1230.08 1695.27 3355.21 2245.86 1357.15
140.34 161.29 197.4 262.64 282.53 205.53
702.16 1021.43 1452.81 2348.11 1656.63 1006.43
965.98 1421.97 2111.94 3259.48 3476.93 2237.48
828.4 1099.79 1474.04 2079.56 2793.6 2576.77
662.01 904.04 1104.47 2557.21 2152.97 1847.17
645.98 965.8 1257.97 3482.1 1911.78 1194.52
234.07 517.23 338.9 4901.14 1353.49 616.41
808.85 1166.61 1726.67 2646.16 2499.04 1622.18
785.14 1124.74 1573.16 2524.02 1990.6 1233.57
210.18 265.79 352.84 495.77 472.9 336.6
246.29 480.82 370.89 4570.11 1199.01 549.2
876.57 1164.86 1508.69 2629.57 2648.23 2382.72
720.08 1018.37 1534.87 2338.98 2078.78 1244.05
277.54 370.04 391.8 1495.32 1005.45 835.35
854.99 1271.85 1904.23 2794.3 2543.5 1602.67
680.65 1084.5 1314.29 3914.76 1862.85 1034.0
510.02 773.63 1036.97 4051.82 1837.55 991.06
519.71 705.29 961.37 1499.89 1247.17 909.4
425.8 513.64 576.18 1212.64 1424.86 1331.37
779.24 1122.74 1556.49 2380.11 2294.17 1741.89
788.33 1130.8 1609.47 2898.75 2242.37 1487.86
774.28 1146.23 1646.46 3576.96 2690.48 1658.02
238.96 468.78 349.93 4540.41 1184.38 551.68
222.16 285.61 394.97 592.54 652.79 419.59
893.72 1298.79 1907.93 3505.5 3036.97 1774.85
408.13 641.99 770.12 3018.29 1376.05 743.61
789.81 1143.71 1749.37 2673.02 2401.17 1449.78
537.52 783.54 1037.32 2668.47 2147.54 1512.46
431.18 590.91 833.44 1293.11 1022.46 658.87
968.43 1450.57 2165.94 3406.32 3699.51 2420.41
426.97 587.97 848.02 1349.76 1282.83 782.62
806.96 1166.63 1737.25 3242.36 2450.36 1433.22
984.87 1418.38 2094.64 3193.54 3798.24 2527.26
545.1 796.43 1088.88 2987.68 1582.71 932.01
543.72 736.78 1044.59 1607.35 1540.02 1117.97
896.12 1290.74 1957.8 3145.47 2726.72 1621.29
522.06 872.45 1072.32 4453.56 2459.92 1323.32
783.41 1235.34 1652.03 3931.55 3078.18 1932.0
824.18 1155.23 1670.78 2572.52 2239.21 1603.14
473.51 798.81 987.28 4458.02 1938.78 1086.63
164.61 301.81 236.35 4118.45 1103.43 606.09
867.23 1203.6 1649.38 2731.58 2862.53 2423.53
857.4 1266.2 1784.63 3565.73 3142.79 1985.42
324.57 399.47 511.99 707.9 911.2 820.61
758.88 1134.61 1546.58 3954.99 2360.15 1322.41
715.58 1089.53 1467.34 3547.03 1893.88 1086.49
600.62 807.99 1134.64 1657.0 1795.53 1427.16
829.98 1260.39 1876.76 3056.73 2665.14 1690.9
519.13 740.33 1075.88 1636.73 1664.0 1086.12
807.28 1095.47 1563.04 2501.37 2496.16 1761.65
600.33 876.59 1295.67 1885.52 1719.31 1095.82
926.73 1384.41 2051.92 3323.84 3531.97 2325.2
405.9 556.52 799.81 1269.21 1206.6 738.63
937.24 1398.85 2092.38 3136.82 2821.26 1787.72
285.33 391.35 527.42 1003.01 859.82 567.62
466.91 686.62 956.6 2073.49 1815.48 1064.31
886.55 1250.45 1786.39 2742.41 2250.41 1589.42
821.22 1154.43 1692.93 2457.91 2568.69 1937.33
547.67 796.5 1157.8 1667.95 1624.31 1147.92
583.33 815.84 1218.43 1845.2 1642.38 991.75
785.74 1092.18 1574.27 2838.0 2486.35 1676.2
771.18 1119.12 1502.56 3358.79 2189.14 1427.76
823.15 1197.19 1708.69 2847.87 2524.49 1553.99
616.63 958.08 1112.11 4154.18 1809.94 982.28
949.21 1384.25 2126.85 3460.85 3893.04 2345.91
906.69 1343.91 1993.99 2927.35 2681.35 1750.48
207.28 295.57 357.71 1720.1 683.13 373.72
887.93 1254.01 1738.3 2361.49 2750.09 2315.36
762.16 1092.86 1607.96 2447.66 2704.44 1760.35
793.81 1149.07 1581.81 3500.85 2451.69 1582.89
738.92 1093.29 1562.61 3557.43 2856.4 1784.85
712.54 1067.07 1479.68 3841.64 2560.89 1446.38
171.54 211.04 270.96 355.31 331.54 242.39
748.22 1114.28 1487.08 3336.39 2043.87 1222.51
866.12 1308.33 1932.36 3406.03 2671.19 1653.26
638.45 944.4 1224.14 2706.21 2010.06 1308.5
293.45 527.32 556.67 3911.33 1662.86 833.56
849.33 1192.54 1680.33 3057.85 3187.34 2306.58
573.74 813.27 1163.43 1736.66 1834.54 1306.45
199.07 246.2 324.83 473.55 409.11 278.42
630.12 892.81 1304.67 1973.86 2328.07 1535.26
915.64 1339.26 2069.44 3388.59 3790.83 2233.87
735.71 1087.52 1612.71 2475.82 2727.01 1795.13
432.56 717.61 817.97 4465.55 1748.74 866.54
570.66 806.68 933.51 2987.37 1890.81 1464.89
880.69 1274.72 1891.55 2904.24 2742.21 1776.47
512.84 812.93 1099.18 4037.34 2297.33 1369.37
459.43 637.58 872.83 1371.65 1091.82 694.67
942.19 1410.97 2105.06 3152.6 2791.31 1758.37
894.7 1264.6 1796.8 2754.06 2446.29 1790.39
870.41 1270.52 1960.2 3206.19 3586.13 2115.51
774.72 1158.85 1724.53 3442.22 2500.31 1395.99
910.45 1312.04 1941.68 2964.74 3506.25 2294.21
553.58 875.91 1015.0 3975.91 1565.03 820.21
689.04 942.4 1306.76 1907.93 2260.74 1922.0
738.21 1061.02 1517.09 2375.19 2201.94 1370.5
885.37 1285.17 1954.76 3258.0 2702.46 1547.31
292.78 484.94 505.29 3336.43 1200.71 642.57
863.75 1237.94 1871.29 2804.43 2713.9 1883.32
945.54 1374.27 2028.56 3203.48 3097.45 1980.15
830.44 1222.56 1821.45 3602.65 3508.17 2149.16
717.03 1013.85 1527.8 2327.95 2069.03 1238.42
916.56 1272.72 1807.36 2699.57 3286.61 2347.18
889.73 1302.1 1993.42 3199.23 2710.7 1555.11
489.91 796.88 1082.55 3732.95 1925.54 993.35
243.83 375.66 458.2 2092.5 836.97 488.32
896.77 1310.82 2019.96 3164.75 2734.74 1569.45
258.75 451.45 477.31 3939.07 1222.41 641.46
640.02 919.2 1397.86 1893.63 1936.6 1688.87
531.78 810.19 1087.79 3850.15 1903.78 1018.6
507.0 721.8 1047.64 1592.25 1618.74 1057.58
842.2 1255.79 1675.85 3618.69 2484.79 1536.35
427.13 607.74 881.75 1267.4 1158.73 751.08
349.88 464.15 658.72 969.09 1006.75 947.33
529.9 691.43 912.15 1398.22 1723.61 1442.3
796.15 1062.76 1400.61 2051.45 2665.22 2468.62
814.96 1178.48 1744.38 2581.43 2907.61 2227.05
774.13 1109.62 1667.18 3140.83 2465.49 1773.41
532.49 746.86 1029.92 1630.14 1293.43 815.55
407.94 578.38 832.76 1196.42 1079.12 704.71
831.29 1154.85 1554.11 2658.76 2397.48 1865.15
397.87 566.33 733.86 1655.21 1009.91 618.62
111.03 116.87 124.77 141.16 128.5 116.6
206.89 263.57 348.52 468.89 452.24 342.77
962.0 1398.0 2014.0 3173.0 2939.0 1816.0
69.0 191.5 59.0 4653.5 930.0 346.0
134.0 394.5 95.5 5146.0 1087.0 409.5
969.0 1403.0 2079.0 3181.0 3518.0 2279.0
155.0 368.0 123.0 5163.0 1156.0 447.0
89.8 263.8 87.2 4769.8 1060.5 381.0
971.0 1390.0 2115.5 3245.0 2879.5 1707.0
122.0 299.0 89.0 4632.0 914.0 354.0
72.0 203.8 71.8 4231.5 957.5 341.5
907.5 1325.5 2047.5 3151.5 2757.0 1579.5
948.0 1357.0 1978.0 3155.0 2462.0 1531.0
56.8 180.8 53.0 4412.8 873.5 325.0
119.5 322.5 80.5 4825.8 970.8 371.8
948.0 1376.0 2046.0 3146.0 2970.0 1921.0
911.0 1341.0 1922.0 3127.8 2196.5 1320.8
985.0 1493.5 2276.8 3372.5 3183.8 2033.8
76.2 218.5 55.5 4643.8 764.8 282.8
962.5 1390.0 1954.5 3151.5 2480.0 1527.0
959.5 1435.2 2145.2 3160.2 2832.8 1787.8
88.5 243.0 63.5 4918.0 903.5 321.0
978.0 1422.0 2105.0 3266.0 3199.0 2037.0
79.2 209.2 66.0 4931.0 970.2 374.0
222.2 574.0 104.8 5481.0 1198.8 463.2
992.0 1434.0 2127.0 3253.0 3849.0 2515.0
980.5 1432.2 2016.0 3245.2 2807.8 1800.2
966.0 1422.0 2112.0 3259.5 3477.0 2237.5
109.2 304.0 68.8 5231.2 1052.0 412.0
978.0 1434.0 2220.0 3640.0 4073.0 2397.0
81.5 229.5 75.0 4588.5 1023.0 369.5
937.0 1353.0 2081.0 3198.0 2826.0 1629.0
924.0 1316.0 1970.0 3207.0 2671.0 1584.0
102.5 315.2 89.5 4914.0 1200.8 467.0
980.0 1467.0 2194.0 3388.8 3736.5 2446.5
955.0 1376.0 2056.0 3368.0 3193.0 1885.0
977.5 1462.0 2197.0 3231.5 2940.0 1846.5
939.0 1381.8 2053.5 3176.2 3230.8 2074.0
265.0 540.0 222.0 5608.0 1151.0 427.0
83.0 265.0 84.5 4714.5 1156.5 420.5
245.0 494.0 207.0 5231.5 1090.0 397.0
304.0 635.0 236.5 5868.5 1229.5 464.5
138.0 335.0 114.0 4964.0 1063.0 407.0
53.8 244.8 74.8 4340.2 1057.2 381.2
768.0 937.0 1202.0 1687.0 2456.0 2347.0
839.5 1125.5 1473.5 1964.5 2431.0 2337.0
851.0 1125.0 1487.0 2077.0 2845.0 2757.5
674.0 931.0 1168.0 1598.0 2316.0 2207.0
802.0 1081.5 1471.5 1917.5 2488.0 2377.0
925.8 1236.5 1653.5 2197.5 2743.8 2613.8
730.2 928.0 1240.5 1701.5 2120.2 2066.2
807.5 1039.5 1351.0 1892.0 2546.5 2477.5
913.2 1175.2 1552.5 2217.0 2972.0 2874.8
762.0 1017.0 1384.0 1898.0 2403.0 2316.0
768.8 1023.0 1344.0 1898.0 2593.0 2511.8
829.0 1082.5 1419.0 2036.5 2743.5 2651.0
854.0 1156.0 1575.0 2169.0 2712.0 2618.0
639.0 865.0 1188.0 1648.0 2076.0 2016.0
844.0 1157.0 1430.0 1846.0 2520.0 2406.0
716.0 963.0 1366.8 1791.0 2127.8 2035.2
641.0 907.0 1227.0 1692.0 2009.0 1914.0
822.0 1025.0 1317.0 1836.0 2480.0 2426.0
742.5 1032.0 1418.0 2073.0 2820.5 2703.0
703.5 879.5 1143.8 1618.8 2253.5 2180.0
842.5 1154.0 1648.2 2236.5 2825.8 2704.8
656.2 975.5 1340.8 1867.0 2455.0 2361.2
923.0 1214.2 1604.0 2234.0 3080.0 2985.5
734.8 963.5 1263.8 1827.2 2497.5 2417.8
800.0 989.0 1283.0 1784.0 2597.0 2503.0
706.0 816.0 1002.0 1436.0 2293.0 2206.0
725.0 878.0 1047.0 1489.0 2411.0 2352.0
878.5 1224.0 1682.0 2199.2 2656.0 2552.8
947.0 1212.0 1599.0 2313.0 3158.0 3037.0
589.2 813.2 1233.8 1730.8 1900.0 1827.2
729.0 991.5 1413.5 1964.0 2248.0 2150.5
904.8 1159.0 1500.8 2110.0 2816.5 2720.0
824.0 1099.0 1504.0 2058.0 2602.0 2523.0
836.5 986.8 1224.5 1763.8 2408.0 2363.0
894.0 1109.0 1450.0 2050.0 2679.5 2581.0
922.8 1209.8 1608.8 2273.8 3029.5 2919.0
761.0 1043.0 1428.0 1885.0 2397.0 2298.0
690.5 905.0 1162.8 1628.5 2187.8 2117.0
794.0 1033.0 1333.0 1871.5 2517.0 2421.0
944.0 1266.5 1688.8 2251.2 2816.2 2701.0
726.0 907.0 1139.0 1530.0 2019.0 1932.0
829.2 1124.8 1599.8 2206.2 2634.5 2532.0
921.0 1181.0 1557.0 2200.0 3037.0 2940.0
735.0 948.0 1238.0 1781.0 2503.0 2425.0
684.0 932.0 1313.0 1825.0 2332.0 2243.0
955.2 1228.0 1601.8 2260.2 2853.5 2766.5
806.0 1120.0 1498.0 2025.0 2566.0 2470.0
822.8 960.5 1128.5 1537.0 2182.8 2085.0
641.0 896.0 1266.0 1659.0 1887.5 1822.0
871.0 1129.0 1503.2 2057.8 2777.2 2662.0
833.0 1120.0 1439.0 1912.0 2418.0 2335.0
906.5 1134.2 1379.5 1798.5 2442.5 2363.5
612.5 842.5 1118.0 1490.0 2004.0 1917.0
741.5 944.0 1193.5 1631.5 2141.5 2080.0
882.5 1167.0 1520.5 2088.0 2698.5 2609.0
938.0 1173.0 1417.0 1866.0 2519.0 2437.0
927.0 1208.0 1637.0 2208.0 2809.0 2698.0
855.0 1101.0 1438.0 2028.0 2691.5 2610.0
705.0 972.0 1320.0 1791.5 2238.5 2159.0
837.0 1082.0 1417.0 2015.0 2798.0 2707.0
842.5 1173.5 1560.5 2028.5 2690.5 2567.5
604.0 697.5 845.0 1219.5 2055.5 2008.5
730.5 976.0 1293.0 1724.0 2096.5 2039.5
764.5 919.0 1087.0 1489.5 2095.0 2002.0
745.5 970.5 1232.5 1660.5 2177.5 2078.0
613.2 779.2 979.8 1360.5 1779.8 1769.5
793.0 1047.2 1363.0 1889.5 2419.2 2344.2
815.0 1000.0 1207.0 1625.5 2248.0 2163.0
843.0 1099.0 1451.5 2043.0 2738.0 2657.5
772.0 992.0 1295.8 1845.8 2461.0 2394.0
895.0 1245.5 1667.0 2236.0 2803.0 2694.0
765.5 1003.0 1321.0 1858.0 2440.0 2353.0
714.5 1003.5 1444.0 2002.5 2485.5 2401.5
494.5 611.5 726.5 1056.8 1795.0 1744.5
924.5 1207.0 1571.5 2078.0 2692.0 2588.5
696.8 869.5 1026.8 1427.2 2001.5 1927.5
721.0 985.0 1346.0 1933.0 2632.0 2539.0
849.5 1092.0 1370.2 1861.2 2472.8 2388.2
948.0 1249.0 1638.0 2246.0 2922.0 2819.0
694.8 840.8 1036.8 1393.8 1978.2 1915.8
760.0 991.0 1309.0 1853.0 2493.0 2420.0
928.0 1191.0 1564.0 2183.0 2886.0 2803.0
865.0 1153.0 1527.0 2115.5 2890.0 2785.0
662.8 884.0 1187.0 1705.0 2242.0 2151.8
603.2 862.0 1290.2 1790.5 2089.0 2029.2
682.8 802.2 949.2 1388.8 2317.5 2267.2
571.5 650.0 741.0 1076.0 2143.0 2120.5
811.2 1079.8 1420.5 1908.5 2484.0 2367.8
634.5 841.5 1134.5 1640.5 2306.0 2225.0
693.0 922.0 1262.0 1853.0 2415.0 2306.0
712.5 980.0 1304.5 1763.2 2235.8 2140.0
871.0 1195.0 1616.0 2208.0 2857.0 2755.0
915.0 1197.0 1579.0 2198.8 2939.0 2853.8
726.5 1001.0 1490.5 2050.5 2329.0 2253.0
784.0 1041.0 1376.2 1944.2 2683.0 2583.2
865.8 1136.8 1481.5 2033.0 2641.8 2551.2
837.8 1147.5 1648.5 2250.8 2700.2 2578.0
866.0 1156.0 1526.0 2111.5 2891.0 2797.0
833.0 1069.5 1333.0 1876.5 2457.5 2371.5
823.0 1116.5 1508.0 2131.5 2906.0 2777.0
585.5 771.0 1002.5 1461.5 1967.5 1912.0
873.0 1194.0 1591.0 2159.0 2736.2 2631.8
716.0 947.5 1257.0 1678.0 2192.0 2089.0
846.0 1104.0 1453.0 2038.0 2776.0 2693.0
623.0 879.0 1316.2 1827.2 2025.5 1961.5
935.0 1244.0 1643.0 2260.0 3095.0 2981.0
760.0 1046.0 1398.0 1960.0 2575.0 2476.0
655.0 909.5 1375.0 1859.0 2079.5 1999.0
781.0 1034.8 1371.5 1916.0 2624.0 2537.8
877.0 1167.5 1545.5 2071.5 2560.5 2478.0
755.0 955.0 1238.8 1769.0 2392.8 2328.0
928.0 1278.0 1695.5 2233.0 2786.0 2674.5
663.0 808.0 944.0 1365.0 2433.0 2344.0
655.2 879.8 1083.0 1511.2 1882.5 1803.5
759.0 987.0 1297.0 1832.0 2491.0 2412.0
826.5 1133.0 1648.8 2248.8 2639.5 2538.5
799.0 1081.5 1432.5 1982.0 2481.5 2404.5
657.0 884.0 1228.0 1711.0 2171.0 2084.0
562.8 795.0 1215.0 1587.5 1707.0 1652.8
940.0 1248.0 1642.0 2258.0 3106.2 3016.0
739.0 1000.2 1362.0 1855.0 2252.8 2174.0
911.0 1149.0 1500.0 2130.0 2851.0 2772.0
811.5 1080.5 1496.5 1990.0 2621.5 2521.0
794.0 988.0 1204.0 1609.0 2197.0 2121.0
853.0 1090.0 1411.0 2003.0 2752.0 2658.0
929.0 1206.0 1569.0 2190.0 2983.0 2872.0
864.0 1186.0 1576.0 2099.0 2608.0 2509.0
531.0 693.0 1037.0 1412.0 1224.0 1183.0
625.0 804.0 1144.0 1564.0 1425.0 1398.0
753.2 1030.5 1597.8 2142.8 2414.0 2318.8
715.0 985.0 1354.0 1781.0 2272.0 2160.0
819.0 1111.0 1495.2 2022.2 2530.8 2429.2
562.5 761.5 1033.8 1404.5 1897.2 1825.8
873.0 1144.0 1506.0 2092.0 2837.0 2744.0
680.5 936.8 1301.8 1826.0 2445.2 2354.0
925.0 1180.0 1542.0 2188.0 3006.0 2917.0
760.0 961.0 1251.0 1793.0 2435.0 2355.0
832.5 1056.0 1370.0 1954.0 2629.0 2571.0
761.5 1050.5 1440.0 1886.0 2352.5 2250.5
745.0 1005.0 1345.0 1792.0 1763.0 1724.0
891.0 1224.0 1623.0 2193.0 2784.0 2700.0
891.0 1224.0 1623.0 2193.0 2784.0 2700.0
568.0 821.0 1180.0 1644.0 2111.0 2013.0
866.0 1046.0 1340.0 1946.0 2723.0 2646.0
940.0 1228.0 1620.0 2241.0 3065.0 2968.0
794.0 1042.0 1367.0 1905.0 2584.0 2498.0
919.2 1225.8 1632.0 2231.0 2830.8 2723.5
681.5 912.5 1230.5 1707.5 2195.0 2129.5
626.0 732.0 875.0 1305.0 2153.0 2135.0
445.0 496.0 565.0 791.0 1386.0 1328.0
857.0 1146.8 1590.0 2166.2 2596.8 2497.0
791.0 1049.0 1494.0 2026.0 2529.0 2427.0
891.0 1224.0 1623.0 2193.0 2784.0 2700.0
735.0 1019.0 1466.0 2006.5 2331.5 2246.5
805.0 1139.0 1507.0 2041.0 2565.0 2447.0
773.5 936.5 1210.0 1756.5 2512.5 2418.5
812.0 1059.0 1431.0 2026.0 2822.0 2690.0
766.5 976.8 1268.8 1760.2 2291.8 2219.8
858.5 1094.5 1411.0 1982.0 2601.0 2516.5
720.0 969.0 1285.5 1726.5 2381.0 2285.5
706.0 970.5 1257.0 1597.0 1574.5 1517.0
717.0 935.0 1230.2 1764.0 2423.0 2349.2
829.0 1060.0 1392.0 1986.5 2724.5 2643.5
702.5 921.5 1339.0 1831.0 2148.0 2058.5
549.0 651.0 748.0 1104.0 1802.0 1762.0
644.8 881.0 1280.8 1749.0 2053.0 2000.8
878.0 1092.0 1327.0 1745.0 2368.0 2292.0
919.5 1129.5 1434.0 2069.5 2925.5 2850.0
711.0 952.0 1270.0 1797.0 2394.0 2302.0
933.0 1197.2 1551.5 2165.0 2886.0 2796.2
803.0 1095.0 1504.5 1993.5 2662.0 2566.5
911.0 1260.5 1689.0 2227.5 2882.0 2764.0
601.2 845.8 1120.2 1463.8 1473.8 1429.8
911.0 1170.0 1541.0 2187.0 3003.8 2910.8
832.0 1155.0 1508.0 1996.0 2604.0 2499.0
864.0 1157.0 1609.0 2201.0 2733.5 2620.0
747.2 1003.2 1281.5 1803.5 2383.5 2284.2
836.0 1061.5 1364.0 1938.0 2713.0 2601.5
799.0 1005.0 1309.0 1853.5 2526.0 2427.0
793.2 1096.8 1554.2 2108.2 2683.0 2555.8
874.0 1167.0 1554.0 2196.0 3091.0 3000.0
834.0 1087.0 1449.0 2076.0 2940.0 2831.0
640.0 932.0 1265.5 1641.5 1864.0 1819.0
911.2 1214.2 1595.2 2144.5 2765.5 2671.2
776.5 1048.8 1375.5 1702.0 1798.8 1734.2
811.0 1085.0 1446.0 1942.0 2443.0 2355.0
806.0 1048.0 1354.0 1876.0 2610.0 2516.0
874.0 1099.0 1454.0 2094.0 2880.0 2842.0
906.0 1228.5 1628.2 2185.2 2763.0 2647.8
845.2 1154.8 1519.5 1946.5 2659.5 2539.0
750.8 970.8 1260.2 1788.0 2377.2 2283.0
913.0 1204.0 1595.0 2261.0 3178.0 3049.0
748.0 975.0 1300.0 1870.0 2733.0 2619.0
567.0 814.2 1131.0 1471.0 1600.0 1553.5
586.2 808.0 1102.0 1514.0 2074.0 1984.8
682.0 908.0 1178.0 1613.2 2030.8 1954.5
950.0 1228.0 1561.0 2202.0 3162.0 3089.0
774.0 1019.0 1314.8 1903.5 2600.2 2521.2
853.5 1109.0 1470.0 2096.5 2805.0 2714.5
794.2 1101.8 1720.5 2272.0 2521.5 2432.5
691.5 970.0 1384.0 1883.0 2344.0 2263.0
100.0 100.0 100.0 100.0 100.0 100.0
