0.5799
0.964
0.9357
0.4839
0.3902
0.8404
0.2705
0.0998
0.9391
0.9994
0.1496
0.41
0.0302
0.3155
0.6253
0.129
0.2364
0.7909
0.8778
0.1939
0.6767
0.0015
0.7637
0.6012
0.8669
0.8652
0.7767
0.7617
0.4954
0.671
0.3079
0.667
0.1787
0.3126
0.0529
0.4191
0.4753
0.2099
0.7967
0.9418
0.0418
0.5648
0.1522
0.5675
0.8686
0.1819
0.9485
0.2439
0.2999
0.3681
0.3583
0.1655
0.0349
0.9309
0.5307
0.5849
0.1073
0.2222
0.9053
0.4029
0.2067
0.6228
0.7716
0.9136
0.3209
0.5665
0.254
0.6896
0.7959
0.3269
0.1254
0.1966
0.5246
0.4842
0.4086
0.5829
0.4513
0.0288
0.8427
0.4198
0.5588
0.3893
0.9787
0.272
0.0451
0.7115
0.1163
0.1895
0.0901
0.267
0.6702
0.8515
0.8523
0.2264
0.5077
0.2968
0.6788
0.2203
0.9628
0.1263
0.6034
0.4606
0.1604
0.393
0.398
0.2448
0.2394
0.791
0.4734
0.6093
0.3529
0.7426
0.2097
0.3512
0.8213
0.2305
0.2057
0.6857
0.4801
0.4499
0.7267
0.3391
0.7132
0.2039
0.8006
0.803
0.9487
0.2996
0.4095
0.1828
0.2148
0.0991
0.8575
0.631
0.5637
0.3501
0.2541
0.7349
0.6072
0.8917
0.2414
0.3161
0.2549
0.4693
0.7024
0.0877
0.1467
0.42
0.6852
0.6467
0.0046
0.8984
0.137
0.6938
0.2547
0.0462
0.0316
0.4471
0.3169
0.7047
0.8945
0.0206
0.9393
0.0476
0.1662
0.8618
0.2804
0.8776
0.3072
0.9634
0.7397
0.7609
0.3266
0.9511
0.8813
0.584
0.7575
0.6267
0.0673
0.2151
0.3274
0.2505
0.9612
0.0614
0.3996
0.2587
0.9035
0.3319
0.0071
0.1735
0.9395
0.4597
0.6654
0.0968
0.9341
0.2834
0.8445
0.4439
0.4109
0.3115
0.1102
0.3243
0.8497
0.5295
0.0375
0.2822
0.2816
0.6138
0.2062
0.7077
0.34
0.243
0.3504
0.1691
0.8169
0.1769
0.6041
0.727
0.9729
0.8152
0.3813
0.4959
0.9057
0.9612
0.2926
0.1321
0.3656
0.8827
0.9356
0.5405
0.8167
0.6945
0.8474
0.5819
0.6582
0.2882
0.3964
0.9947
0.3931
0.8064
0.8518
0.5179
0.5783
0.027
0.2258
0.2435
0.7671
0.0807
0.9781
0.8805
0.3964
0.3433
0.9919
0.7658
0.4748
0.2622
0.8396
0.5743
0.6118
0.4105
0.4558
0.6707
0.8594
0.1627
0.9078
0.8385
0.9053
0.0571
0.4057
0.2388
0.811
0.5951
0.3512
0.424
0.2466
0.9636
0.6745
0.6117
0.3765
0.4057
0.9326
0.4427
0.6048
0.1623
0.9732
0.4885
0.8365
0.9642
0.2536
0.0591
0.8767
0.9686
0.8973
0.4448
0.9039
0.3981
0.0819
0.7103
0.4517
0.3296
0.4765
0.3676
0.0094
0.8948
0.4394
0.3907
0.1548
0.7238
0.4329
0.3026
0.5857
0.8546
0.1903
0.9063
0.4352
0.0625
0.3447
0.9129
0.7488
0.5522
0.7215
0.562
0.168
0.421
0.4106
0.9266
0.9536
0.8696
0.0502
0.561
0.8946
0.7793
0.001
0.3187
0.5354
0.1028
0.5619
0.541
0.3459
0.515
0.9703
0.1608
0.2567
0.4042
0.6701
0.046
0.5181
0.2551
0.2378
0.7525
0.1779
0.1267
0.8857
0.6454
0.3944
0.6418
0.6596
0.0836
0.0199
0.648
0.1696
0.9718
0.4169
0.9998
0.6706
0.3633
0.0889
0.4952
0.1664
0.8928
0.5161
0.976
0.6437
0.6559
0.0797
0.9593
0.8426
0.0013
0.2208
0.8399
0.423
0.8247
0.4475
0.8019
0.8339
0.4452
0.9686
0.2039
0.609
0.4842
0.8631
0.6714
0.597
0.4205
0.3276
0.6213
0.5535
0.0813
0.9636
0.3498
0.4464
0.491
0.0829
0.873
0.58
0.5277
0.4555
0.6084
0.1862
0.4147
0.9812
0.1927
0.7545
0.386
0.278
0.4891
0.682
0.0159
0.5906
0.9603
0.4942
0.9918
0.8666
0.4326
0.6229
0.3668
0.6071
0.5006
0.2694
0.4299
0.8687
0.9521
0.5045
0.7383
0.6171
0.5251
0.7137
0.7581
0.9259
0.0275
0.491
0.7528
0.7639
0.8264
0.0523
0.8631
0.1055
0.483
0.3887
0.0108
0.7743
0.9684
0.8712
0.0914
0.91
0.883
0.374
0.218
0.8003
0.8937
0.5463
0.2353
0.741
0.1964
0.9303
0.7817
0.5954
0.2383
0.1789
0.0943
0.6103
0.0294
0.6341
0.8048
0.9124
0.2576
0.7312
0.0215
0.039
0.017
0.6102
0.2981
0.5807
0.9724
0.7223
0.6002
0.7946
0.537
0.8013
0.2929
0.9524
0.4606
0.7042
0.5538
0.7275
0.5242
0.8994
0.7664
0.6876
0.1625
0.9634
0.1692
0.3665
0.9165
0.6322
0.475
0.1746
0.2056
0.1636
0.7008
0.7966
0.8145
0.3821
0.6058
0.1235
0.3463
0.0465
0.626
0.0271
0.524
0.0572
0.1265
0.0565
0.6218
0.4745
0.3737
0.4035
0.6268
0.8746
0.5548
0.3736
0.2481
0.7043
0.7121
0.9438
0.827
0.2605
0.0619
0.0544
0.4734
0.9963
0.235
0.0377
0.4025
0.4411
0.1672
0.7777
0.2708
0.1433
0.85
0.3795
0.5481
0.8041
0.0461
0.5181
0.668
0.1243
0.5259
0.1361
0.2069
0.3336
0.3046
0.7388
0.6049
0.475
0.3989
0.2361
0.6192
0.5206
0.2592
0.0569
0.854
0.7829
0.3389
0.2269
0.0717
0.1441
0.6988
0.6909
0.0544
0.2613
0.4271
0.5687
0.9773
0.9576
0.1271
0.4462
0.4126
0.3575
0.531
0.9869
0.5543
0.9976
0.5948
0.435
0.8788
0.2804
0.0742
0.6081
0.882
0.5735
0.9276
0.9857
0.9787
0.7099
0.7352
0.1438
0.0849
0.4705
0.7086
0.9572
0.2334
0.6989
0.126
0.0287
0.609
0.6323
0.2987
0.7423
0.1717
0.7454
0.9163
0.3531
0.5701
0.049
0.2577
0.1317
0.7868
0.7031
0.0421
0.6737
0.1706
0.341
0.21
0.1858
0.2838
0.852
0.8354
0.1782
0.6757
0.8962
0.0375
0.83
0.4833
0.991
0.9703
0.3841
0.1913
0.8194
0.0764
0.5649
0.3122
0.7093
0.5827
0.8241
0.0702
0.9763
0.3163
0.2057
0.1983
0.5032
0.3468
0.3498
0.8303
0.9516
0.1685
0.7946
0.5387
0.4296
0.397
0.4608
0.8578
0.2506
0.1839
0.0802
0.2003
0.9092
0.5749
0.9637
0.3362
0.2708
0.3568
0.8964
0.0399
0.8684
0.5322
0.1717
0.2855
0.6567
0.9061
0.5012
0.2133
0.6665
0.5844
0.772
0.9887
0.4249
0.3887
0.6092
0.2294
0.0548
0.8776
0.3348
0.2089
0.0472
0.1856
0.9008
0.3134
0.746
0.2378
0.6115
0.5474
0.6284
0.4769
0.9617
0.1626
0.8617
0.5428
0.5493
0.818
0.7974
0.787
0.6076
0.5986
0.5131
0.9579
0.4999
0.2771
0.4962
0.1044
0.534
0.5087
0.5086
0.7216
0.924
0.5799
0.1833
0.98
0.0384
0.6711
0.739
0.6389
0.1722
0.8592
0.3289
0.4216
0.9712
0.8972
0.4562
0.0829
0.0585
0.2854
0.0577
0.4522
0.4468
0.3665
0.2622
0.7706
0.5844
0.0479
0.7691
0.1963
0.3695
0.1108
0.4469
0.4202
0.2939
0.5475
0.9022
0.8194
0.7268
0.2415
0.0341
0.9657
0.6862
0.2311
0.3444
0.0218
0.773
0.849
0.82
0.8468
0.0697
0.9433
0.6593
0.0741
0.7585
0.3124
0.9915
0.4582
0.8513
0.6874
0.0075
0.7236
0.5556
0.1598
0.9424
0.1927
0.5084
0.6134
0.36
0.2784
0.4045
0.842
0.8759
0.6228
0.1765
0.4214
0.6593
0.1553
0.8073
0.3421
0.8715
0.9006
0.2359
0.4056
0.1973
0.3178
0.7525
0.259
0.477
0.8405
0.7333
0.0674
0.1872
0.9085
0.8806
0.4984
0.8741
0.8833
0.5631
0.3704
0.2996
0.9844
0.3328
0.7127
0.9796
0.0249
0.7116
0.8263
0.9462
0.9659
0.0669
0.6831
0.3169
0.3197
0.2631
0.4317
0.6386
0.4043
0.1186
0.2005
0.1691
0.2922
0.9151
0.7928
0.4921
0.7237
0.451
0.3524
0.1209
0.536
0.3543
0.2757
0.3296
0.736
0.6791
0.3533
0.9887
0.4158
0.0654
0.3813
0.6474
0.3161
0.911
0.2405
0.2149
0.2225
0.8749
0.2979
0.562
0.1833
0.2304
0.8225
0.995
0.4856
0.5391
0.8547
0.9044
0.0727
0.2018
0.3334
0.9267
0.6465
0.8377
0.3986
0.6245
0.4496
0.9933
0.314
0.6897
0.0803
0.8242
0.8675
0.5743
0.9312
0.649
0.3878
0.81
0.907
0.8163
0.3539
0.4946
0.8037
0.1789
0.8992
0.6134
0.1013
0.9563
0.6562
0.406
0.5159
0.4
0.046
0.9731
0.4755
0.1256
0.3415
0.8722
0.1263
0.0001
0.1464
0.6445
0.164
0.5913
0.7564
0.3145
0.4417
0.6639
0.5534
0.9471
0.4161
0.673
0.6519
0.572
0.7175
0.2602
0.1289
0.9176
0.4859
0.0932
0.6722
0.5735
0.2948
0.2865
0.7514
0.7484
0.5173
0.0661
0.1827
0.0616
0.4398
0.1243
0.0811
0.4052
0.0135
0.1022
0.6233
0.8394
0.2918
0.2908
0.847
0.9527
0.3454
0.092
0.2104
0.3003
0.6818
0.7054
0.2736
0.6094
0.5645
0.6654
0.0234
0.5517
0.5242
0.0767
0.078
0.0926
0.6001
0.553
0.2726
0.8694
0.11
0.4424
0.7221
0.1937
0.1961
0.545
0.4212
0.0
1.0
1.0
0.0
1.0
1.0
0.0
1.0
1.0
0.0
0.0
1.0
1.0
0.0
0.0
0.0
1.0
0.0
0.0
1.0
0.0
1.0
1.0
0.0
0.0
0.0
1.0
0.0
1.0
0.0
0.0
1.0
0.0
0.0
0.0
0.0
1.0
1.0
1.0
1.0
1.0
1.0
0.0
0.0
0.0
0.0
