744.92 1051.72 1563.58 2531.74 2112.23 1261.47
807.23 1249.31 1701.81 3789.34 2460.35 1480.4
288.3 523.67 484.53 3615.89 1240.12 640.74
756.92 1087.33 1527.5 2212.02 2195.61 1636.04
449.42 642.1 845.67 2096.96 1231.52 767.93
933.12 1326.18 1864.49 2722.9 3175.86 2546.79
967.18 1413.75 2072.72 3154.13 3579.23 2526.82
618.33 891.27 1159.31 3193.24 1993.91 1317.39
413.85 797.85 635.16 4877.75 1623.53 807.5
205.73 367.43 358.18 3179.33 1006.45 480.52
753.57 1143.12 1599.39 3696.81 2857.67 1767.87
898.52 1321.9 1893.95 3081.19 2164.23 1302.01
520.22 815.91 1086.36 3310.73 1769.54 1034.93
518.43 833.28 1014.66 4157.64 1636.14 875.84
548.98 771.45 1120.27 1687.03 1987.02 1315.56
765.49 1141.44 1578.34 3514.57 2514.58 1501.62
856.77 1211.0 1714.42 2937.97 2597.52 1920.78
516.36 702.93 987.1 1451.55 1763.44 1324.01
927.61 1325.56 2012.28 3074.11 2823.64 1751.09
636.2 952.87 1363.27 3250.02 2115.36 1190.22
814.82 1186.07 1825.98 2982.06 3334.59 1970.08
559.23 796.95 1207.56 1835.41 1611.05 941.4
720.9 1034.27 1524.84 2330.25 2201.39 1433.32
781.06 1168.75 1696.9 3735.54 3247.14 1865.65
199.68 371.72 327.38 4191.06 967.0 447.95
569.57 839.38 1254.99 1836.36 1736.24 1126.06
832.42 1166.69 1679.88 2523.21 3048.17 2187.2
647.15 896.71 1200.82 1654.5 2051.13 1878.39
574.12 860.4 1234.4 2474.03 1760.92 1079.09
550.8 874.62 901.41 3819.02 2034.8 1414.9
407.49 651.98 731.88 3081.06 1620.77 1047.78
972.72 1457.21 2177.09 3394.12 3714.47 2430.61
841.51 1216.56 1746.45 2743.44 2542.15 1576.13
942.85 1399.27 2077.03 3022.89 2765.72 1804.45
291.45 501.64 521.1 3890.86 1281.09 628.24
806.68 1197.76 1781.57 2741.04 3020.26 1984.33
867.31 1209.9 1719.02 2697.92 2261.13 1524.17
529.9 739.79 1069.37 1919.83 1492.95 920.73
870.39 1243.26 1808.89 2701.1 2967.04 2160.74
184.1 238.74 295.02 641.48 466.78 315.39
958.84 1434.19 2143.63 3158.2 2830.77 1786.52
279.34 494.17 502.14 4292.89 1415.77 684.35
972.09 1410.61 1978.03 3169.08 2802.28 1846.86
890.82 1285.78 1929.06 3397.01 2699.96 1581.07
522.96 823.59 1007.87 3935.57 1880.61 1051.87
969.49 1448.28 2176.58 3197.41 2918.63 1850.29
341.05 468.86 641.55 999.95 723.14 462.86
434.98 619.09 874.53 1468.46 1487.65 1010.26
338.62 440.54 580.68 859.61 787.1 628.7
281.88 532.9 434.17 4865.2 1519.12 727.12
915.07 1237.55 1659.04 2288.22 2830.32 2588.01
400.98 567.55 816.2 1224.86 1343.78 902.57
367.57 509.43 701.11 1098.93 791.68 502.77
816.93 1230.6 1760.34 3364.64 2578.58 1696.33
373.1 523.88 752.63 1074.59 983.87 643.55
786.46 966.25 1269.4 1854.15 2536.58 2371.82
411.3 596.59 819.51 2259.75 1295.52 758.67
513.85 722.73 1049.71 1586.54 1500.65 988.7
928.86 1338.14 1866.97 3131.85 2439.66 1542.01
112.09 253.18 175.23 4335.92 988.11 405.28
669.59 858.76 1056.22 2342.86 2232.03 1979.03
891.54 1290.06 1896.59 3025.34 3448.6 2248.63
787.84 1066.72 1429.43 2070.84 2603.73 2356.27
715.19 1021.92 1481.2 2246.61 2202.14 1465.54
782.32 1166.66 1749.18 3904.18 3390.74 1959.4
853.61 1218.94 1825.73 2902.12 2528.49 1544.61
718.51 1001.97 1434.85 2073.49 2362.16 1910.39
927.0 1324.57 2012.93 3078.9 2807.14 1719.18
931.25 1391.28 2078.01 3206.63 3535.07 2316.52
422.1 612.85 880.66 2078.14 1707.42 990.0
403.45 689.62 566.06 4615.68 1559.35 917.1
806.71 1173.75 1806.42 2949.39 3297.92 1948.88
803.56 1201.18 1605.22 3617.89 2210.61 1318.5
846.08 1280.68 1884.74 3437.43 2622.83 1618.49
785.58 1066.69 1474.97 2139.65 2259.7 1891.74
823.38 1125.9 1550.69 2403.87 2245.28 1732.09
863.55 1279.3 1896.48 2778.99 2531.78 1645.28
565.9 879.09 1195.77 3795.35 1955.5 1046.55
564.98 691.37 781.24 2132.32 1657.5 1433.14
491.77 790.65 1040.35 3980.43 1768.72 1010.44
467.01 652.65 914.93 1408.39 1308.76 830.62
941.37 1356.23 1938.91 3018.44 2934.1 1958.61
850.19 1261.67 1872.33 2745.3 2491.26 1610.37
589.86 920.38 1281.31 3631.35 2086.94 1212.09
873.93 1208.2 1754.58 2642.85 2724.64 2002.32
134.64 151.86 181.99 228.22 212.83 163.28
390.27 528.35 758.74 1194.49 1005.67 622.76
695.62 1006.28 1525.94 2302.13 2162.03 1420.25
711.24 1079.42 1487.19 3696.51 2828.71 1739.99
199.21 265.35 330.69 942.77 518.83 313.91
523.69 734.16 1056.96 1542.92 1690.84 1291.01
847.2 1293.38 1835.81 3666.12 2612.83 1586.9
970.35 1422.37 2201.52 3609.14 4038.36 2376.98
779.94 1097.95 1600.99 2525.64 2537.99 1716.8
393.61 556.49 764.23 1816.12 1166.55 725.78
747.49 1066.31 1581.27 2574.85 2442.32 1451.77
617.87 942.43 1173.28 3591.05 1988.28 1133.92
826.57 1168.18 1621.36 2542.69 2210.99 1647.3
931.31 1251.65 1694.22 2386.68 3093.92 2857.87
917.82 1355.3 1973.05 2858.3 2760.56 1965.62
965.24 1412.72 2182.29 3572.57 4003.99 2371.47
112.9 119.52 128.08 146.1 139.68 124.92
815.81 1187.58 1828.39 2986.08 3339.09 1972.69
697.16 963.08 1369.02 2046.35 2506.36 1826.36
894.94 1124.04 1491.51 2126.53 2684.88 2511.42
642.25 1013.05 1252.28 3804.7 2128.2 1240.2
249.71 495.43 401.71 4583.84 1269.65 595.61
366.16 519.08 754.65 1084.17 1027.42 681.57
894.66 1315.42 1935.7 3221.56 3206.38 2079.0
698.7 1065.16 1441.31 3449.63 1901.52 1085.48
603.67 874.63 1114.38 3112.48 2067.8 1678.8
582.67 897.63 1090.64 3912.08 2004.04 1249.32
870.35 1235.09 1691.05 2984.96 2458.79 1737.4
853.35 1244.61 1919.02 3137.42 3508.95 2070.89
595.68 857.28 1254.12 1917.41 1949.67 1266.23
620.64 857.02 1189.63 1692.8 2010.29 1734.62
920.86 1382.79 2063.71 3320.16 2814.69 1752.95
520.75 802.13 1064.72 3685.44 1886.86 1007.78
957.66 1410.74 2091.97 3270.81 3454.23 2221.87
333.0 546.26 640.18 3744.43 1583.52 900.99
189.42 359.68 341.12 4451.56 1187.31 540.97
811.82 1093.33 1540.33 2328.67 2908.7 2329.01
83.41 210.9 91.34 4629.92 971.44 376.95
666.84 906.13 1210.02 1775.14 2191.38 2012.76
253.29 335.85 447.25 970.87 628.85 390.63
167.19 434.73 172.41 5066.9 1161.25 465.89
813.16 1192.43 1703.48 3454.51 2767.8 1757.78
846.45 1212.61 1696.35 2719.62 2175.81 1371.68
598.42 897.82 1307.61 2998.48 1981.33 1089.49
666.84 939.52 1411.66 2146.73 1908.87 1145.82
353.85 589.22 671.5 3302.31 1306.35 713.74
975.87 1430.99 2214.62 3635.28 4063.78 2391.45
432.2 617.71 803.52 1910.08 1246.44 805.83
258.92 338.29 461.92 663.45 725.08 498.49
416.93 777.37 574.85 5454.58 1553.59 724.74
126.8 174.04 169.17 1025.67 419.16 233.83
941.24 1351.88 1994.31 3019.18 3063.24 2158.69
617.5 939.8 1300.08 3760.17 2076.45 1129.17
660.82 928.13 1368.53 2006.49 2048.7 1572.18
866.32 1224.57 1833.07 2943.57 2458.64 1525.15
624.88 901.89 1322.11 2024.46 2058.62 1334.93
840.09 1217.1 1777.04 3417.79 2610.99 1578.4
565.9 801.34 1156.28 2170.07 1624.96 962.72
871.14 1243.06 1807.77 2878.09 2247.9 1401.29
926.6 1222.46 1681.58 2341.73 2790.53 2548.87
279.6 491.62 525.62 4258.71 1468.13 724.21
833.44 1161.64 1635.81 2385.79 2647.62 2145.58
882.9 1241.38 1753.71 2785.17 2902.09 2159.13
314.59 520.18 584.03 4449.81 1374.39 687.48
601.97 851.46 1288.06 1957.95 1734.85 1016.98
879.78 1228.5 1683.85 2893.46 2843.01 2266.7
599.15 959.46 980.85 4512.26 1831.76 1084.24
653.45 934.92 1368.89 2143.85 1983.11 1291.12
192.67 268.03 301.5 1456.47 550.25 318.0
862.34 1217.97 1759.03 3147.02 2604.62 1718.14
721.45 1042.51 1515.64 2402.77 2410.23 1610.13
349.89 482.38 661.4 1032.94 745.98 476.16
554.26 784.11 1175.04 1773.64 1608.1 995.33
794.1 1152.17 1587.58 2930.22 2103.87 1329.96
239.86 478.65 465.76 4481.12 1509.06 701.06
903.02 1300.28 1911.75 2898.24 3232.52 2171.93
633.49 888.58 1193.17 1759.22 2001.12 1588.81
952.28 1356.45 1924.07 2971.6 2939.0 2030.55
714.57 1025.35 1503.42 2316.08 2269.18 1455.83
279.95 392.62 427.04 2482.83 1116.71 842.08
952.94 1443.03 2197.95 3253.97 3072.1 1963.76
730.67 1073.56 1524.07 2193.0 2555.42 2206.43
816.09 1194.02 1767.32 2725.55 2772.15 1784.82
675.44 1004.55 1393.61 3555.06 2613.15 1737.62
549.52 776.84 1126.52 1720.94 1686.63 1091.71
451.16 621.91 847.68 1322.3 1088.2 721.96
331.39 518.31 598.64 3985.56 1525.15 926.03
323.12 569.48 528.17 4561.21 1691.25 916.14
481.75 770.77 965.59 3854.76 2002.65 1069.85
901.39 1306.63 1848.67 3027.36 2304.14 1545.86
936.97 1352.95 2080.93 3197.88 2825.9 1628.94
878.29 1254.83 1807.48 2822.82 2359.15 1617.96
159.42 322.01 258.89 4136.59 1135.55 481.87
841.32 1223.93 1880.39 3072.52 3435.38 2055.04
600.56 878.66 1215.98 2565.9 1866.42 1172.81
628.35 920.06 1088.3 3590.5 2206.82 1709.4
544.5 808.74 1082.98 2514.42 1391.08 810.16
661.07 981.91 1352.79 1888.33 2461.57 2351.08
890.81 1323.43 1964.73 2988.01 2701.23 1731.46
951.9 1315.64 1869.3 2823.43 3063.42 2323.35
849.29 1209.74 1833.86 2805.53 2491.11 1482.45
729.78 1043.33 1529.85 2320.68 2575.46 1733.65
722.59 1092.18 1484.3 3486.99 1890.25 1089.94
561.95 818.45 911.9 2618.69 1823.26 1531.35
907.79 1263.18 1814.78 2775.93 3394.13 2596.29
730.21 1103.87 1474.0 3673.62 2316.8 1401.4
873.31 1323.1 1934.01 3576.79 3400.82 2195.1
876.98 1262.09 1770.62 2848.93 2244.01 1385.5
717.08 923.02 1220.55 1793.91 2264.08 1915.05
905.05 1341.69 1977.81 2985.15 2707.78 1759.66
901.71 1309.81 1912.37 2918.2 3288.15 2371.4
297.05 527.25 503.74 4317.08 1349.72 686.09
881.02 1309.12 1959.31 2870.26 2636.08 1696.1
913.32 1306.56 1929.96 2915.68 2869.81 2006.88
419.76 595.4 829.14 1569.81 1300.63 829.28
182.55 222.36 282.81 397.38 329.92 239.3
870.32 1263.47 1790.08 2900.39 2152.17 1370.38
331.64 526.17 601.35 3734.43 1544.16 921.29
601.83 878.91 1299.24 1890.86 1724.16 1098.8
795.26 1138.21 1542.39 3138.13 2597.67 1988.3
894.35 1269.26 1894.81 2870.04 2740.59 1837.66
399.3 625.63 798.7 3831.6 1623.22 926.91
653.59 1006.4 1355.49 3569.36 2299.98 1328.77
566.0 797.6 1202.92 1824.8 1617.69 951.27
378.41 549.15 633.31 3171.9 1467.73 991.59
351.38 549.73 689.26 2698.52 1298.05 685.04
232.51 355.35 427.17 2199.86 957.33 546.98
592.51 875.29 1283.87 2898.54 2494.72 1463.45
712.65 973.33 1309.71 2489.91 2354.66 1948.44
887.03 1261.45 1886.1 3067.61 2555.65 1517.42
155.36 314.66 268.65 4264.54 1026.15 439.9
598.07 882.24 1188.84 2214.09 1938.21 1689.35
716.5 991.3 1389.52 2023.95 2438.92 2114.69
854.12 1228.78 1804.99 3363.21 2528.04 1479.36
624.05 961.9 1238.27 3655.39 2215.02 1317.31
262.04 423.79 446.85 2841.16 1126.51 629.08
853.11 1230.75 1859.98 2981.72 3443.73 2258.13
649.42 950.72 1242.32 3387.43 2186.46 1311.62
100.95 105.05 103.59 177.16 122.42 108.75
786.14 1215.69 1683.07 4107.33 3343.4 1906.11
687.81 967.45 1433.99 2316.42 1934.06 1158.63
628.69 825.87 1052.18 2570.63 1884.15 1410.95
849.49 1278.7 1939.5 2864.8 2712.5 1746.13
782.86 1146.67 1664.87 3675.2 2756.12 1588.02
485.41 772.86 960.35 4054.11 1527.46 803.47
658.02 954.29 1393.58 2219.35 2198.63 1436.86
890.04 1244.91 1822.74 2977.74 2620.29 1722.1
921.17 1328.18 1865.63 3005.27 2365.95 1458.62
580.89 938.12 1158.88 4143.91 2204.75 1273.6
632.6 901.41 1322.21 2013.08 1902.54 1243.7
514.53 767.14 1061.46 2811.48 1679.92 941.36
902.34 1323.49 1978.79 2882.73 2715.57 1842.81
622.96 947.1 1314.48 3249.38 2491.9 1528.08
540.51 798.04 1154.11 2555.91 1692.55 952.92
686.65 927.63 1351.78 1924.5 2263.0 1892.82
944.32 1354.71 2055.31 3279.08 2820.96 1666.67
429.87 648.99 821.81 3018.06 1445.77 848.39
421.63 663.08 862.67 2902.93 1795.02 1056.38
95.62 271.47 101.17 4762.4 1080.23 394.21
893.03 1320.95 1966.64 2881.46 2658.74 1708.67
822.01 1056.01 1381.45 2298.43 2438.8 2106.35
593.3 955.06 1189.99 4052.78 2025.82 1163.33
344.92 468.53 662.04 979.74 928.91 625.94
455.6 696.33 875.16 2903.52 1421.91 758.91
711.24 1062.1 1493.17 3569.62 2477.27 1512.66
953.41 1369.23 1967.96 2960.24 3379.72 2406.22
183.15 315.14 267.48 2147.98 677.02 349.63
696.79 1041.64 1406.23 3776.79 2039.73 1195.88
623.14 880.32 1114.32 3187.8 2127.22 1788.37
798.07 1185.94 1681.23 3553.14 2718.68 1683.23
220.22 283.52 379.31 538.61 568.8 396.73
862.1 1184.68 1670.57 2533.24 2645.93 2084.68
942.6 1367.97 2019.16 3224.26 3436.58 2219.97
395.2 665.06 818.33 3895.62 1690.33 853.09
943.68 1409.3 2115.59 3109.75 2831.01 1781.14
682.94 1024.78 1377.21 2864.49 2469.95 1931.69
695.88 1057.04 1305.13 3924.43 1963.47 1107.09
663.15 990.02 1385.18 3674.57 2201.26 1223.12
663.86 1057.12 1322.07 4370.03 2593.3 1553.56
653.66 933.11 1370.55 2088.75 1973.84 1288.94
320.27 555.67 504.2 4478.53 1517.38 853.31
936.39 1318.93 1896.36 2852.37 3039.01 2295.25
375.75 748.72 534.54 5106.97 1782.75 856.09
601.54 795.91 1059.81 1573.45 1837.02 1647.0
774.75 1015.47 1402.62 2051.95 2420.24 2054.01
885.67 1274.97 1885.36 2877.13 3402.08 2227.11
781.44 1141.18 1637.49 3417.98 2444.93 1498.77
941.37 1303.34 1840.57 2663.98 2974.67 2424.78
511.93 779.91 1089.79 3765.55 1868.54 991.28
577.0 860.22 1156.66 3129.43 1903.45 1319.2
604.14 919.07 1273.56 3574.07 2026.62 1138.8
353.19 625.72 719.72 4235.38 1673.23 841.98
680.27 1079.62 1508.54 4019.23 2442.05 1469.5
509.08 839.41 730.91 4573.74 1776.89 1222.19
659.44 969.39 1373.73 3746.9 2138.36 1205.07
511.56 825.02 1076.09 3809.74 2419.35 1422.3
634.96 951.44 1259.98 3804.47 2118.23 1277.31
674.1 971.38 1436.56 2609.2 2041.39 1195.49
583.82 882.16 1179.34 3749.04 1940.16 1077.12
704.03 1088.1 1534.48 3862.18 2859.51 1788.53
168.22 204.39 253.27 354.7 276.36 202.69
701.66 1017.26 1378.91 3080.21 2205.99 1686.76
962.46 1350.86 1984.99 2972.95 2941.99 2067.8
877.45 1296.7 1844.06 3191.76 2141.97 1279.69
954.76 1375.37 2054.0 3361.78 3191.31 1889.79
743.08 1062.17 1561.2 2384.74 2804.7 1841.59
906.95 1270.19 1760.19 2648.44 2598.79 2085.61
575.18 874.3 1146.41 3399.72 1918.65 1129.48
958.63 1401.78 2066.91 3023.91 2897.12 1974.61
479.26 702.97 845.52 3233.52 1927.54 1424.03
711.65 1010.34 1449.91 2006.92 2233.03 1912.32
604.94 855.9 1295.07 1968.93 1744.51 1022.4
790.37 1135.72 1546.74 3193.48 2472.86 1699.93
545.79 802.01 1091.16 3193.7 1913.1 1331.72
818.18 1197.77 1703.31 2870.28 2001.49 1227.25
940.36 1359.01 1906.75 3121.26 2429.86 1494.01
924.94 1274.43 1804.49 2679.09 2709.07 2122.52
646.87 917.85 1342.71 2033.04 2398.43 1580.59
560.29 885.29 1072.71 4163.57 2051.47 1134.54
286.73 433.93 502.14 2211.21 1131.29 668.19
893.86 1298.62 2000.35 3063.63 2716.48 1611.37
790.6 1132.39 1724.62 2636.38 2379.83 1431.28
916.97 1280.93 1806.93 2760.07 2624.36 2010.14
805.71 1051.65 1388.35 2048.65 2777.16 2327.85
272.16 478.52 455.96 3940.64 1229.88 575.62
461.3 719.35 948.81 3284.5 1801.9 1325.25
631.97 970.78 1318.89 3851.86 2365.86 1391.84
101.39 288.65 128.28 4679.64 1192.19 446.35
892.41 1315.57 1879.01 3139.16 2163.23 1297.08
716.0 1110.1 1572.71 3592.0 2367.1 1407.95
884.98 1274.69 1864.58 2738.43 2993.56 2280.76
700.94 1003.1 1487.7 2121.6 2110.54 1668.77
979.73 1478.22 2244.52 3321.77 3167.15 2053.87
293.38 448.1 539.31 2816.93 1212.66 727.68
578.95 817.0 1233.58 1872.76 1659.89 974.93
326.56 616.47 462.98 3940.9 1264.79 599.14
342.07 464.83 673.22 1066.92 903.69 546.92
396.57 692.12 778.26 4350.56 1975.96 1069.95
287.36 540.66 583.83 4043.41 1585.34 800.47
976.14 1459.67 2193.11 3225.47 2935.34 1844.46
723.56 1063.34 1438.44 3475.57 2086.69 1280.16
203.22 257.58 339.82 476.6 502.53 354.78
477.86 677.28 979.79 1485.42 1510.01 989.02
542.65 815.35 1059.51 2547.82 1950.81 1220.02
267.04 349.81 479.58 690.44 802.04 552.24
849.85 1201.41 1759.96 2682.92 3097.05 2277.43
489.93 683.74 1022.89 1543.27 1369.96 812.32
904.66 1298.26 1862.46 2836.61 2835.64 2008.49
539.19 835.99 1108.47 3687.13 1620.63 887.35
713.09 1100.64 1379.87 4297.19 2463.36 1357.14
883.3 1271.44 1880.0 2868.78 3392.16 2220.72
807.14 1112.08 1563.16 2407.7 2197.71 1633.61
751.08 1093.42 1510.17 3077.98 2790.37 2018.1
922.43 1346.0 1976.42 2893.99 2728.52 1861.08
809.2 1163.39 1715.08 2614.43 2889.46 1878.3
882.32 1304.83 1904.94 3331.18 3229.34 2085.13
451.24 645.62 935.8 1412.69 1551.47 1036.58
275.98 364.81 503.85 732.13 695.6 477.91
899.65 1312.49 1932.07 2956.37 3188.02 2113.5
519.7 731.98 1031.91 1596.21 1482.28 935.5
934.52 1334.25 1933.41 2921.26 3002.16 2119.8
912.75 1300.19 1814.2 2874.51 2456.02 1703.32
944.1 1371.82 1925.04 3074.4 2705.01 1781.47
384.52 525.93 773.4 1153.1 1026.65 619.75
601.29 848.96 1135.3 2215.07 2081.59 1554.71
300.65 499.56 577.22 4173.98 1636.24 881.31
678.26 954.16 1232.84 3208.05 2109.93 1412.82
456.6 815.91 685.59 5363.93 1873.31 902.05
615.72 840.86 1116.36 2383.79 2136.66 1607.38
958.14 1392.61 2004.21 3176.63 2929.56 1812.38
711.04 1097.72 1551.24 3850.15 2881.79 1805.24
395.89 582.9 830.12 1608.86 1229.96 778.25
625.78 937.37 1283.95 3277.54 2403.95 1492.82
689.69 1022.21 1402.64 3684.83 1993.62 1167.36
839.93 1152.04 1594.76 2458.74 2553.06 2044.43
755.0 1070.3 1571.52 2402.61 2908.89 2218.35
240.36 311.33 420.52 606.12 595.41 409.65
581.6 860.88 1246.79 2148.29 1701.64 1067.05
965.61 1396.31 2062.79 3217.21 3741.55 2443.72
359.17 635.83 504.34 4931.83 1428.18 636.28
454.89 618.33 848.13 1201.21 1347.59 1136.98
883.41 1278.8 1897.77 2913.98 2751.38 1782.29
913.7 1309.56 1858.56 2923.84 2448.78 1677.12
821.69 1165.01 1737.81 2821.21 2351.77 1399.74
437.96 724.53 806.7 4528.11 1876.48 955.62
353.45 487.21 690.13 1029.28 1045.77 696.32
937.03 1380.96 2117.9 3696.59 3924.96 2300.35
776.4 1001.29 1310.99 1875.32 2468.32 2381.47
876.46 1242.64 1794.96 2878.81 2299.22 1493.22
949.33 1381.2 1993.5 2820.64 3038.34 2385.74
826.83 1212.21 1732.91 2813.57 1978.92 1194.1
239.15 427.37 429.83 4031.87 1399.16 687.43
593.15 926.49 1113.65 4317.74 2121.2 1126.64
795.84 1088.3 1510.16 2157.76 2394.26 1971.61
808.46 1193.68 1711.98 3400.46 2635.73 1678.45
105.95 245.22 104.33 4242.14 821.6 310.94
940.73 1345.09 2044.85 3137.05 2783.74 1653.02
532.63 747.01 1083.12 1629.25 1918.31 1271.31
927.65 1217.36 1659.44 2260.15 2831.72 2664.39
644.63 931.41 1365.35 2087.01 2223.8 1444.27
292.07 387.99 537.4 780.97 855.45 581.61
882.16 1194.37 1616.35 2406.29 2653.45 2287.0
688.51 996.0 1445.0 2508.29 2239.29 1417.83
226.25 290.1 380.32 550.07 515.8 351.32
783.08 1091.11 1555.92 2416.8 2251.93 1705.71
864.4 1244.32 1909.18 2929.29 2589.56 1496.38
544.98 765.48 1111.19 1672.9 1970.22 1304.74
585.46 953.19 1004.2 4462.41 2037.3 1345.96
557.87 785.44 1183.68 1794.72 1591.22 936.42
639.29 1005.49 1393.18 3817.58 2223.92 1288.15
692.19 1007.58 1420.86 2376.38 1693.98 1074.74
711.5 1038.43 1578.8 2880.87 2932.48 1721.84
793.79 1135.4 1687.19 2751.8 2609.8 1548.43
441.95 606.45 891.27 1334.71 1191.22 730.9
892.29 1206.6 1614.99 2244.85 2597.03 2377.89
382.51 588.12 685.45 3705.73 1556.73 937.85
978.66 1464.97 2190.47 3386.38 3731.31 2443.58
576.66 903.21 1257.89 3691.43 2001.86 1167.42
544.7 890.06 1021.21 4413.2 1846.93 990.06
966.45 1402.28 2071.78 3209.66 3159.06 2030.01
760.75 1125.53 1629.46 2917.86 2746.14 1750.46
754.18 1126.64 1646.19 2609.97 2205.95 1389.13
619.57 916.46 1372.71 2010.97 1911.42 1248.71
196.65 245.53 314.6 444.54 418.31 292.4
535.33 786.75 1152.91 2654.17 1706.22 955.41
916.84 1305.19 1896.27 2903.55 2992.09 2089.62
941.12 1431.44 2171.67 3421.68 3074.58 1953.01
185.09 227.58 293.77 401.67 434.66 313.35
206.72 340.28 344.1 2518.24 799.28 387.79
632.65 919.47 1315.46 2820.95 1944.15 1123.0
773.61 1108.85 1662.94 2405.53 2759.07 2076.28
926.8 1312.02 1931.95 2864.61 2805.26 1964.37
907.0 1335.71 1912.7 3135.43 2189.99 1315.89
216.75 320.94 324.93 1290.35 602.04 366.44
593.27 828.25 1241.79 1853.48 1722.73 1177.97
535.48 775.93 1140.69 1654.09 1509.42 966.75
913.94 1334.42 1948.77 3296.11 3037.6 1938.72
597.64 829.71 1210.53 1774.93 1836.64 1412.94
315.61 534.58 649.42 4072.46 1795.21 894.19
755.34 1071.21 1538.33 2562.63 1982.9 1277.77
584.98 891.78 1166.97 3824.89 2447.78 1512.98
770.47 1057.16 1467.54 2195.86 2264.84 1819.05
118.22 331.19 227.14 4273.25 1204.32 495.53
827.32 1210.3 1789.81 2753.55 2936.22 1895.21
874.02 1199.43 1689.91 2448.01 2705.01 2157.11
810.72 1175.33 1801.78 2914.95 3270.71 1993.0
195.77 394.28 393.89 3363.44 1171.21 561.31
929.45 1337.96 1955.38 2942.79 3225.73 2164.41
953.52 1351.27 1920.84 2747.43 2771.94 2021.15
733.06 1143.33 1518.16 3958.28 2284.46 1344.12
611.97 925.82 1346.66 3680.88 2113.08 1144.76
237.39 307.86 398.96 590.75 522.5 365.28
262.59 344.65 473.11 684.01 650.27 449.14
241.45 311.56 404.14 600.46 490.33 334.03
770.56 1081.59 1533.09 2358.12 2429.74 2022.82
828.04 1177.99 1645.42 2863.03 2709.17 2064.59
952.69 1401.98 2075.06 3270.02 3433.01 2217.62
634.34 888.72 1232.02 1929.54 1575.37 1126.3
883.25 1297.28 1923.94 2991.63 3026.92 1944.28
671.36 982.23 1448.7 2133.19 2084.6 1444.76
290.69 492.76 393.5 3507.01 1073.04 530.04
674.12 946.01 1185.53 3146.25 1990.76 1362.01
742.08 1080.95 1595.0 2454.2 2495.98 1610.69
364.47 503.74 714.46 1064.9 1131.33 752.79
931.56 1403.87 2123.0 3223.76 3025.4 1977.26
521.42 665.97 882.12 1289.08 1564.96 1345.64
578.3 833.09 1253.15 2125.52 1711.53 987.2
660.35 917.23 1098.18 2618.12 2250.16 1737.72
818.41 1159.81 1634.95 2510.59 2469.79 1705.14
645.18 934.13 1357.32 2044.45 2277.89 1581.13
835.38 1186.14 1791.55 2573.76 2406.9 2040.5
895.41 1300.78 1920.65 2924.57 3026.79 2089.88
877.62 1268.64 1812.3 3325.51 2347.08 1439.01
891.82 1318.62 1943.1 3272.83 3101.69 1976.75
909.07 1299.07 1808.0 2693.82 2802.62 2094.06
439.51 611.2 875.3 1324.24 1298.33 849.01
881.5 1268.85 1780.34 2864.92 2256.49 1392.99
467.83 689.83 854.98 2559.76 1795.32 1497.44
928.11 1331.86 1925.18 3199.04 3541.75 2387.49
614.41 892.29 1226.1 1928.51 1787.48 1541.9
683.14 956.52 1430.47 2032.7 1795.21 1397.74
776.08 1152.23 1603.25 3368.71 2439.48 1493.07
870.17 1148.87 1566.71 2276.76 2820.16 2377.83
399.45 557.5 797.24 1197.95 1217.43 804.55
921.89 1238.99 1727.23 2524.01 2821.87 2319.15
861.21 1259.75 1790.71 3295.2 2707.94 1670.87
803.43 1142.7 1657.83 2634.16 2059.31 1287.03
866.26 1223.67 1794.67 2837.8 2512.19 1657.5
575.71 894.7 1252.08 3808.15 2068.62 1093.19
933.35 1323.78 1911.15 2788.02 2865.05 2050.1
750.72 1051.3 1563.05 2221.39 2445.16 2149.15
936.16 1378.04 2046.67 3181.26 3222.75 2068.02
118.93 253.92 101.17 3194.87 683.55 287.26
914.56 1263.01 1778.41 2749.48 2564.08 1927.72
886.18 1327.69 1945.86 3269.71 3356.31 2255.73
910.35 1301.2 1894.27 3024.66 2360.53 1472.84
787.09 1104.95 1567.99 2309.77 2619.75 2106.74
812.59 1144.73 1638.23 2609.43 2665.99 2056.79
519.01 750.36 1101.33 1595.31 1456.12 933.96
606.71 865.88 1154.2 2243.87 2190.68 1797.86
191.24 364.21 261.66 3477.22 1103.5 610.01
495.0 791.16 913.9 4265.79 1707.65 944.87
894.49 1305.09 2014.07 3090.95 2723.56 1596.96
472.27 649.38 944.85 1503.71 1261.55 770.46
930.59 1367.2 1903.32 3347.02 2704.44 1717.66
331.68 615.25 511.83 3590.29 1266.87 657.63
466.64 763.98 881.94 4049.24 1696.42 961.05
527.95 821.1 1029.81 3303.62 2165.62 1353.39
245.75 459.0 381.23 4444.21 1252.58 581.45
900.86 1310.2 1821.34 3240.7 2393.2 1467.59
295.44 391.79 559.48 816.92 736.86 464.56
92.2 166.4 90.71 2333.21 561.75 235.86
950.62 1367.35 1987.35 2918.11 2853.38 2023.56
877.48 1279.65 1881.31 2802.23 2704.45 1819.54
666.77 961.12 1468.5 2385.14 2664.65 1582.76
380.71 533.92 671.74 1883.14 1273.52 884.41
138.49 341.57 135.6 5160.52 1116.8 460.21
616.8 945.61 1322.7 3699.41 2074.94 1125.97
381.04 633.52 724.51 4281.29 1363.38 676.59
880.5 1202.46 1679.36 2580.73 2927.23 2337.91
970.05 1411.13 1988.15 3168.81 2809.16 1868.7
548.47 724.05 1026.35 1526.72 1590.85 1189.61
922.94 1343.13 1977.93 3037.65 3309.49 2248.3
386.96 540.76 768.67 1097.03 1025.02 705.35
316.02 420.21 578.41 878.24 701.7 464.54
433.56 597.8 863.09 1374.94 1306.67 796.38
483.43 766.19 917.07 3884.55 1767.68 990.89
970.31 1404.58 2062.74 3172.09 3162.44 2094.53
566.56 789.26 1094.03 2275.39 1705.44 1191.35
933.76 1347.28 1989.98 3026.2 2923.0 1965.47
855.08 1282.44 1812.94 3631.11 3108.95 1951.02
853.84 1202.37 1733.78 2620.35 2967.52 2027.41
882.15 1295.86 1921.49 2986.36 3023.44 1941.9
313.06 418.64 584.16 853.12 995.48 676.84
738.24 1064.9 1559.31 2315.55 2680.2 2003.78
467.13 834.14 711.51 5194.5 1628.5 793.82
258.14 507.18 449.9 4513.85 1509.49 729.03
757.06 998.62 1344.66 2008.28 2238.79 1958.24
846.21 1205.19 1826.74 2794.42 2481.29 1476.77
890.62 1301.03 1978.39 3192.96 2720.4 1595.69
836.19 1193.82 1661.53 2927.25 2523.99 1806.51
175.37 319.02 228.39 3242.95 795.33 367.04
668.43 1074.26 1373.33 4355.42 2290.01 1327.31
96.8 227.01 142.3 2811.08 781.66 326.17
369.31 521.24 671.55 1689.16 1262.54 909.1
553.03 824.12 1045.67 2965.6 1954.83 1466.75
696.89 956.8 1207.5 2169.46 2226.93 2030.47
714.65 1025.73 1481.04 2404.12 2292.31 1534.71
898.08 1259.77 1729.2 2652.95 2708.9 2108.57
285.61 462.98 470.79 3088.6 1189.82 782.64
272.68 496.14 434.31 4370.28 1277.25 616.26
408.01 664.18 793.23 4329.19 1945.14 1096.88
767.02 1066.08 1503.28 2276.79 2784.57 2051.48
361.1 732.36 479.62 5066.16 1624.23 794.53
729.4 1055.2 1617.96 2478.46 2170.97 1253.18
362.15 586.49 730.67 4359.35 1582.36 787.98
145.51 167.46 200.79 263.97 226.77 176.8
798.25 1145.66 1698.17 2890.76 2650.52 1565.85
861.74 1263.24 1758.08 3142.11 2493.78 1586.75
800.82 1131.72 1580.33 2545.59 2534.79 1838.95
739.88 1129.33 1626.46 3601.99 2368.1 1435.07
858.9 1236.08 1896.15 2908.92 2571.63 1486.33
690.01 902.78 1145.81 2584.41 2496.18 1942.73
853.93 1226.5 1789.41 2729.97 2765.8 1889.12
298.35 396.02 553.77 858.14 817.54 514.1
952.26 1373.22 1929.62 3108.41 2457.66 1523.49
622.63 817.69 1085.41 1534.77 1962.65 1816.68
626.74 887.75 1296.98 1961.91 2313.85 1526.1
378.48 523.11 772.41 1222.81 1360.14 828.55
362.82 542.81 682.02 2346.17 1199.79 698.81
577.35 952.45 987.62 4829.33 2270.26 1279.19
127.74 141.98 160.37 199.11 185.32 153.57
835.35 1133.49 1535.94 2193.5 2595.91 2262.79
604.8 979.16 1139.14 4514.29 1990.84 1020.24
910.65 1317.51 1928.49 3166.56 2997.53 1953.24
659.95 932.52 1320.83 2207.78 1748.76 1184.73
276.41 516.02 528.83 4480.31 1621.45 813.98
488.46 790.16 1046.74 3826.65 1899.91 1115.52
820.66 1156.29 1598.93 2503.56 2216.44 1573.13
202.68 300.32 352.02 1872.64 736.49 420.35
576.15 851.9 1015.56 3352.86 2039.14 1600.67
813.12 1155.26 1780.41 2609.02 2475.25 1752.06
931.39 1304.55 1846.8 2714.76 2904.34 2240.51
360.85 477.04 631.85 863.5 1025.69 886.43
722.43 1110.7 1566.71 3517.87 2455.72 1586.56
680.7 1006.96 1455.57 3563.55 2258.87 1266.07
651.35 883.68 1254.09 2248.95 1697.79 1361.43
716.29 1038.67 1408.88 3265.37 2734.19 1845.54
875.02 1182.22 1621.86 2381.83 2998.14 2568.61
649.77 926.34 1401.43 1939.09 2019.53 1733.28
793.54 1131.2 1671.36 2870.42 2291.77 1356.89
786.87 1051.52 1362.23 2098.54 2579.22 2131.84
768.54 1144.41 1460.15 3704.1 2724.32 1844.65
788.51 1170.59 1667.02 3325.03 2776.75 1819.51
294.75 474.76 555.86 2912.09 1298.52 663.88
389.93 631.99 759.33 4257.4 1428.3 727.69
677.25 949.57 1359.5 2106.24 1752.45 1186.72
634.17 902.61 1310.67 2357.22 1851.55 1116.33
378.89 615.49 769.44 4127.28 1749.55 961.52
471.63 654.62 950.18 1520.45 1444.38 875.86
852.37 1270.53 1859.86 3290.11 3018.09 1908.34
338.88 620.88 482.27 3700.28 1273.78 642.2
506.46 777.48 866.27 3741.18 1866.6 1416.7
588.14 846.96 1196.67 1922.44 1361.89 834.8
586.16 900.37 1261.77 3395.37 1944.39 1155.09
384.64 527.21 649.08 1615.63 1246.94 1035.44
852.78 1261.34 1848.21 3215.03 3099.84 1976.96
358.62 588.17 612.51 3902.36 1596.55 1080.06
980.32 1462.55 2195.94 3229.9 3150.66 2133.19
876.15 1248.47 1887.8 2881.34 2583.79 1567.09
874.21 1140.57 1510.52 2187.89 2576.6 2343.52
880.68 1189.27 1589.86 2229.38 2574.84 2218.03
358.14 554.37 695.95 2311.77 1145.29 671.73
804.29 1212.02 1797.29 3892.77 3503.13 2014.07
921.22 1371.7 2050.78 3003.71 2764.87 1771.48
331.93 464.06 635.41 1149.07 1039.64 681.76
677.67 958.13 1390.31 1923.05 2006.25 1700.28
207.22 263.35 356.83 531.77 458.9 301.63
777.9 1114.22 1648.81 2506.19 2493.77 1690.79
821.58 1189.46 1660.09 3004.87 2684.17 1880.51
883.76 1260.35 1806.21 2750.15 3019.7 2223.7
904.22 1338.12 1959.25 3344.36 3287.7 2106.15
265.86 496.37 415.08 4526.05 1225.9 551.05
495.49 805.56 1005.97 3972.07 1769.99 994.86
961.42 1390.05 2054.3 3136.72 3483.8 2286.14
835.44 1155.49 1571.92 2408.04 2624.61 2164.82
188.71 235.74 299.29 431.18 329.32 233.53
971.68 1416.9 2179.84 3557.21 4002.05 2407.94
925.53 1323.69 1928.23 3074.03 2399.4 1493.07
589.78 892.38 1171.98 3670.56 1818.88 1032.35
742.76 946.69 1198.67 1640.67 2149.02 2080.89
516.35 742.89 1106.82 2045.01 1544.11 886.93
751.63 1081.02 1595.35 2458.77 2309.08 1501.05
847.18 1155.42 1687.97 2406.44 2638.39 2202.29
238.92 433.88 475.11 4160.08 1268.8 620.13
960.24 1408.67 2081.73 3193.96 3427.93 2252.83
243.01 405.92 360.28 3018.23 942.66 463.45
244.42 474.71 370.8 4744.92 1373.27 642.27
789.98 1137.9 1670.19 2613.61 2825.52 1833.17
467.43 756.23 945.1 4130.43 1969.72 1085.08
517.22 828.24 1024.04 4019.41 1930.52 1115.5
436.22 785.5 606.04 5360.65 1628.29 753.0
863.76 1300.16 1886.08 3320.32 2667.75 1704.64
843.41 1270.56 1928.54 2848.94 2690.43 1724.42
862.46 1240.28 1832.64 2795.12 3304.57 2164.29
884.72 1253.82 1869.65 3035.25 2556.76 1542.85
105.76 108.64 113.13 120.44 122.67 114.45
602.0 706.87 841.54 1233.92 2266.76 2149.12
911.6 1369.67 2050.25 3265.84 2985.15 1953.05
693.1 986.99 1447.78 2196.47 2592.76 1705.76
869.84 1217.08 1761.63 2663.81 2666.97 2023.79
672.47 1057.88 1312.65 3804.06 2067.38 1288.78
151.17 415.31 135.29 5105.08 1125.41 438.67
750.47 1062.66 1504.47 3115.61 2339.71 1513.52
913.6 1309.81 1922.56 2847.22 3159.5 2376.67
841.47 1224.45 1878.69 2967.28 2587.97 1595.53
852.18 1116.94 1487.46 2179.05 2737.24 2514.49
129.22 145.4 169.54 209.21 220.76 177.92
283.87 375.0 495.34 750.51 607.36 404.21
839.02 1237.92 1829.96 2682.23 2443.72 1582.89
896.81 1309.04 1865.16 3167.76 2774.22 1727.68
885.08 1258.0 1809.66 2623.54 2732.49 2086.05
199.09 246.88 319.44 456.96 375.99 267.21
739.66 1148.94 1676.7 3708.76 2529.77 1561.48
916.86 1330.09 1971.23 3009.12 2858.04 1890.97
283.67 380.61 527.66 773.44 785.39 532.15
774.52 1138.66 1650.39 2690.41 2674.17 1888.15
780.83 1037.63 1387.56 1985.47 2442.76 2211.74
940.47 1357.94 1995.69 3080.12 3085.04 2050.67
935.02 1393.59 2094.22 3069.91 2808.23 1793.04
936.21 1361.15 1957.14 3148.04 2867.45 1769.08
379.77 586.67 652.23 2848.38 1360.07 776.2
889.68 1269.29 1890.66 3183.01 2581.57 1527.26
147.95 304.97 232.38 4139.38 1087.36 442.61
847.71 1227.11 1866.73 3075.68 2569.93 1475.9
750.79 1136.83 1644.79 3301.4 2327.98 1479.29
615.45 844.41 1150.62 1798.1 2071.12 1730.85
669.45 952.4 1432.44 2302.73 2602.1 1603.0
393.42 668.61 717.1 4545.24 1680.9 879.92
479.95 720.0 946.51 3078.38 1656.07 1071.57
538.74 769.71 1119.15 1700.22 1810.65 1183.3
859.98 1261.37 1754.34 3117.17 2500.91 1586.8
433.97 598.42 864.04 1376.52 1308.16 797.24
714.36 1062.0 1466.45 3405.71 2386.97 1436.75
892.75 1302.44 1874.96 3014.4 3150.01 2227.5
883.77 1234.09 1704.46 2271.73 2641.28 2475.26
904.29 1272.94 1747.68 2604.83 2486.38 1898.76
285.02 495.76 532.28 4285.03 1293.01 675.2
673.02 962.86 1372.35 2142.8 1987.25 1240.73
637.09 964.12 1389.59 2518.19 2007.6 1266.59
877.96 1282.01 1978.45 3236.66 3620.32 2135.28
800.1 1162.92 1725.85 3511.87 2510.12 1449.13
589.44 842.1 1164.53 1886.37 1611.8 1047.0
285.17 391.83 546.0 1126.98 765.92 455.57
546.91 778.25 1177.83 1788.84 1570.5 918.82
767.71 1039.08 1456.02 2032.78 2388.12 2125.18
585.98 803.76 1141.92 1652.37 1673.15 1256.85
257.53 489.72 484.12 4459.36 1402.31 652.32
680.05 880.53 1182.6 1686.25 2129.94 1924.15
943.17 1370.35 1999.82 2982.9 3262.82 2319.75
573.53 801.92 1148.69 1805.94 1418.96 899.08
742.21 1100.86 1630.35 2463.46 2189.06 1380.91
817.67 1152.15 1791.33 2513.01 2570.17 2200.12
562.86 749.0 1035.01 1426.67 1632.96 1490.8
364.88 662.82 483.72 5284.46 1521.66 713.86
349.21 577.85 662.95 4145.61 1467.59 728.35
944.63 1377.93 1937.95 3117.07 2697.49 1730.94
193.79 301.92 320.01 2557.47 838.67 445.1
956.6 1382.59 2015.59 3052.92 3347.21 2335.11
820.82 1188.46 1691.57 3456.62 2833.91 1721.9
919.58 1232.98 1658.9 2308.69 2818.08 2632.8
210.3 263.5 344.28 497.38 407.24 286.14
491.12 688.52 997.54 1504.89 1423.71 939.89
721.57 1066.09 1500.41 3176.94 2861.44 1824.21
937.42 1375.68 2038.35 3140.9 3361.11 2181.33
947.57 1310.12 1822.97 2752.72 2916.5 2235.0
249.75 383.91 416.52 2272.85 1017.14 645.44
376.44 522.34 743.65 1113.57 1131.56 750.41
401.51 557.58 827.17 1239.38 1092.08 652.42
827.82 1197.65 1715.63 3359.88 2252.54 1368.99
753.1 1077.0 1451.59 2554.84 2530.65 2161.31
337.15 488.1 655.09 1868.41 1160.56 727.81
804.7 1161.06 1709.25 2641.09 2587.31 1654.67
225.27 381.99 339.37 2954.95 1003.5 513.38
286.39 544.14 492.18 4515.69 1353.83 658.64
830.16 1176.43 1604.9 2287.55 2587.41 2264.52
808.14 1178.21 1760.21 2632.68 2705.97 1907.35
972.91 1448.08 2161.91 3162.15 2935.99 1909.88
868.08 1278.18 1765.66 3275.59 2534.46 1603.64
556.68 806.72 1140.02 2544.45 2181.48 1392.33
641.31 980.76 1298.06 4071.83 2394.28 1321.15
887.01 1294.4 1998.08 3074.06 2689.57 1541.95
917.37 1304.49 1946.86 3154.62 2637.39 1589.18
864.6 1163.62 1582.91 2330.27 2852.33 2504.29
309.96 526.91 585.44 4244.8 1592.43 791.85
675.13 955.48 1293.85 2491.9 2183.75 1862.56
264.51 343.65 480.68 694.02 624.99 403.53
410.84 551.68 728.97 992.49 1107.58 997.49
809.76 1202.61 1722.79 3550.85 2793.93 1723.32
203.69 257.55 350.37 518.08 569.21 371.28
199.75 326.29 339.29 2947.43 840.3 405.29
895.65 1295.65 1840.43 3116.66 2801.63 1982.96
424.44 721.62 802.52 4390.76 1699.22 891.08
457.93 741.29 919.52 4150.89 2198.32 1251.75
636.7 921.97 1322.59 2787.16 2564.9 1672.42
170.11 343.77 274.3 4443.21 1196.32 497.23
190.69 263.81 321.79 1081.44 535.68 324.24
948.9 1366.87 2035.95 3329.49 3170.29 1899.42
302.2 404.46 561.75 829.13 813.7 546.09
948.21 1336.01 1901.78 2835.13 3312.71 2547.04
250.67 337.24 470.59 657.12 625.0 429.22
463.84 724.95 923.4 3998.9 1818.28 995.96
798.4 1147.2 1690.48 2576.14 2846.98 1851.22
743.43 1094.48 1584.2 3614.1 2646.65 1517.55
832.59 1258.85 1720.17 3692.15 2814.17 1734.21
107.7 296.47 142.24 4670.64 1204.78 455.45
945.23 1325.6 1908.35 2774.96 2839.34 2130.32
720.6 1034.43 1517.2 2337.83 2290.47 1469.13
842.12 1237.31 1658.79 3447.56 2254.18 1366.31
932.31 1357.92 2000.09 3076.92 3178.44 2110.79
619.83 893.55 1307.73 1996.53 2127.09 1383.06
833.55 1181.66 1625.25 2852.4 2650.7 1910.19
562.16 857.99 976.83 4160.74 1884.84 1113.65
537.76 723.65 1103.79 1469.55 1650.84 1586.02
744.57 1005.07 1286.43 2891.66 2378.25 2029.59
640.54 1026.89 1257.76 4442.4 2509.0 1487.71
809.77 1139.1 1609.06 2401.24 2314.54 1841.71
408.65 681.04 872.23 3559.39 1728.46 951.68
287.33 642.84 287.41 5221.51 1346.16 590.15
816.29 1201.99 1742.33 3269.17 2783.03 1824.12
979.44 1465.4 2190.62 3382.77 3731.41 2445.53
536.48 760.4 1049.8 1659.14 1442.31 942.82
863.78 1237.43 1823.25 2776.74 3296.67 2180.92
903.84 1321.32 2040.93 3340.99 3737.42 2202.98
452.6 727.03 765.66 4263.67 1850.37 1163.08
565.05 782.75 998.04 2467.03 1912.92 1559.44
532.49 807.01 1076.34 3064.13 2166.07 1515.57
852.8 1231.47 1773.89 3004.01 3059.99 2143.4
728.09 1084.97 1491.01 3698.09 2974.87 1923.62
230.41 293.3 388.8 569.81 463.23 320.06
812.64 1108.68 1490.9 2743.08 2756.73 2269.04
289.62 509.12 572.96 4368.31 1731.05 840.18
930.41 1303.17 1831.47 2748.76 2588.09 1998.82
273.07 359.09 509.62 740.59 663.67 416.16
330.0 590.87 430.09 4787.76 1231.4 531.93
750.22 1022.44 1398.54 1938.05 2249.13 2118.33
905.28 1301.17 1930.64 3287.52 3041.57 1809.63
914.29 1312.89 2004.78 3072.82 2787.75 1692.01
797.48 1067.64 1374.74 2543.56 2693.53 2429.43
769.3 1037.79 1446.53 2109.64 2151.15 1783.64
352.08 482.56 707.95 1052.59 929.43 561.86
496.23 689.29 979.16 1452.57 1533.12 1122.18
947.09 1366.21 1991.85 3151.23 3117.61 2101.36
856.29 1223.75 1809.58 2926.97 2869.55 1813.59
960.54 1281.95 1713.38 2444.99 3074.19 2469.56
871.17 1166.92 1599.23 2343.43 3023.28 2636.57
120.04 130.17 144.49 171.44 166.0 139.89
425.26 632.46 835.73 2494.08 1349.79 761.89
706.48 998.24 1503.41 2289.89 2035.39 1218.97
900.51 1329.51 1965.53 3223.05 3129.89 1997.09
514.21 828.18 936.06 4440.39 1765.37 876.3
459.46 747.85 920.2 4370.91 1802.62 926.94
939.63 1378.12 1926.47 3275.6 2722.23 1734.57
453.16 708.64 851.55 4070.24 1600.36 945.47
102.18 103.28 104.83 107.76 107.17 104.33
856.54 1183.99 1709.99 2383.66 2817.01 2535.29
701.84 1000.06 1467.63 2227.35 2629.47 1729.42
900.01 1342.74 2003.66 3089.86 3405.95 2233.21
811.54 1181.75 1777.91 2846.05 2417.26 1500.48
899.83 1287.35 1918.31 3218.11 2721.42 1676.27
719.72 1062.65 1480.94 3003.87 2299.29 1615.75
807.36 1187.29 1769.03 2580.44 2560.9 1803.73
759.43 1011.98 1334.66 1948.85 2563.03 2163.11
266.78 348.25 474.38 682.99 668.59 481.35
713.23 1018.5 1445.21 2514.73 1831.0 1135.66
785.96 1100.42 1547.4 2260.54 2451.87 1906.7
796.87 1161.01 1701.86 3276.16 3248.02 2054.93
806.33 1092.02 1476.55 2103.13 2699.13 2473.84
282.99 543.43 482.32 4146.28 1299.13 603.92
775.62 1097.03 1633.25 2647.5 2208.02 1316.76
281.74 372.5 513.87 744.33 814.81 555.7
164.87 256.93 279.31 2133.51 679.3 340.38
894.54 1257.53 1728.38 2464.58 2777.56 2233.6
508.86 719.61 1004.82 1560.32 1219.52 837.39
548.96 760.61 1107.55 1827.96 1583.55 1031.0
775.95 1023.53 1359.74 1959.96 2505.72 2277.68
713.25 1038.27 1446.88 3477.57 2083.78 1291.95
960.34 1392.7 1947.28 3167.45 2779.36 1841.04
843.04 1221.16 1853.46 3003.59 2601.31 1549.71
466.81 669.81 972.85 1470.88 1615.81 1078.1
775.58 1096.97 1633.16 2647.35 2207.9 1316.69
200.59 354.47 357.9 3612.87 1077.99 519.87
555.72 712.46 807.11 2240.45 1863.92 1605.52
581.86 862.67 1028.2 3687.29 2164.69 1669.21
661.94 896.37 1139.73 2069.41 1977.0 1676.42
707.08 1039.82 1354.96 3382.91 2230.04 1468.92
906.26 1303.34 1826.81 2927.22 2339.28 1474.02
800.0 1180.81 1748.64 2564.42 2337.01 1517.05
277.47 363.06 493.02 739.34 594.31 399.47
348.85 550.81 557.35 3116.56 1104.5 560.86
296.98 509.01 599.63 4002.7 1401.77 751.78
191.83 363.43 325.16 4086.16 1162.38 501.03
757.33 1110.6 1548.09 3143.74 2734.07 1758.28
767.18 1097.65 1541.64 3045.67 2492.75 1776.26
968.83 1445.43 2154.9 3329.0 3683.06 2439.36
586.56 861.43 1147.64 2833.69 1602.4 953.61
932.82 1333.45 2027.15 3107.14 2757.66 1636.56
715.63 975.96 1359.74 2006.45 2656.18 2290.81
894.52 1301.79 2003.51 3070.61 2720.93 1609.49
839.7 1227.42 1710.64 3229.92 3241.83 2229.46
713.76 1009.78 1459.24 2311.12 1809.55 1135.72
952.37 1394.82 2140.78 3585.58 3936.44 2355.44
249.61 321.59 446.21 640.22 577.44 376.04
421.27 691.55 796.43 4155.14 1599.65 816.27
658.04 1001.36 1398.37 3753.45 2192.95 1200.01
899.24 1295.27 1923.07 3095.39 2964.08 1837.36
424.92 753.58 790.95 4471.57 1968.91 1148.46
797.9 1177.34 1658.5 3397.76 2564.56 1545.71
839.38 1212.32 1803.94 3339.11 2559.4 1527.45
716.09 1048.84 1531.3 2561.64 2434.24 1558.88
410.68 619.38 781.62 2660.94 1422.86 877.57
844.89 1217.06 1801.09 3129.61 2827.74 1672.24
912.13 1315.38 2020.84 3102.56 2745.9 1589.82
965.44 1384.94 2035.52 3100.59 3476.54 2330.66
347.53 493.9 619.35 1660.34 1070.0 803.16
239.38 420.92 421.99 3412.39 1151.68 545.08
744.35 1064.28 1623.92 2482.85 2199.05 1280.08
549.18 797.79 1168.84 1699.29 1528.19 982.06
744.83 1084.5 1408.18 3409.48 2329.32 1719.74
796.19 1136.91 1651.89 2368.72 2535.94 2057.63
877.73 1229.25 1823.65 2855.6 3282.81 2263.14
507.7 801.73 995.19 3971.26 2099.78 1230.59
637.84 920.75 1329.04 2566.61 2139.02 1253.79
736.16 1071.71 1508.8 2737.41 2262.0 1387.7
548.55 755.67 1077.89 1681.85 1732.82 1207.63
874.25 1154.56 1576.9 2308.27 2760.17 2348.09
356.69 620.29 652.17 4615.97 1617.9 857.23
895.35 1298.08 1840.85 3276.84 3206.91 2100.56
584.66 896.24 1226.24 3913.51 2082.0 1125.64
908.94 1263.09 1712.65 2473.82 2726.44 2416.81
936.73 1295.33 1812.35 2610.17 2954.86 2489.73
152.2 178.14 223.54 293.2 270.0 195.35
780.87 1148.85 1660.9 3299.45 2529.75 1583.91
519.27 770.18 1042.15 3484.72 1899.92 1199.41
248.59 322.22 437.67 625.24 724.53 502.3
461.17 715.5 964.2 3364.82 1853.42 1091.53
859.75 1244.04 1786.97 2808.49 2602.25 1612.46
937.17 1367.87 2015.59 3098.71 3186.46 2090.28
907.11 1295.38 1967.66 3014.31 2675.62 1589.13
695.04 841.29 1037.69 1395.46 1978.66 1915.44
811.54 1181.96 1749.7 3485.85 2546.68 1467.22
705.97 1062.19 1483.12 3656.31 2782.8 1711.19
882.66 1277.36 1868.58 3079.86 2898.38 1904.07
796.34 1109.1 1547.96 2350.05 2456.26 1841.28
927.04 1337.53 1878.2 3043.39 2385.12 1469.18
169.32 400.4 246.39 4775.18 1362.96 595.37
799.33 1162.54 1788.59 2919.62 3264.51 1929.57
937.71 1224.38 1606.52 2246.18 2606.62 2206.38
667.49 934.03 1259.06 2505.15 2211.58 1782.68
833.57 1147.7 1621.86 2515.37 2712.32 2064.93
933.35 1335.72 1936.09 3151.76 2441.87 1535.65
441.7 797.26 598.7 5334.55 1550.75 736.37
516.67 747.26 1036.97 1992.0 1240.45 748.14
885.29 1309.05 1929.0 3258.53 3075.81 1962.25
729.94 958.1 1344.0 2021.22 2346.6 1830.48
392.97 546.62 735.37 1502.16 1270.02 915.44
805.41 1156.06 1702.25 2593.18 2871.84 1874.53
935.73 1264.91 1723.03 2626.54 2741.39 2204.36
561.49 838.32 1130.04 2679.31 1908.68 1177.28
497.34 817.4 1005.61 4222.42 1866.43 1023.16
542.46 829.41 1044.87 3603.65 1682.71 979.93
946.93 1375.22 2034.06 3153.98 3089.35 1968.46
848.27 1200.72 1650.85 2614.76 2474.07 1740.79
744.57 1124.55 1503.03 3841.37 2522.14 1514.99
828.74 1178.32 1752.65 2924.2 2387.45 1416.3
577.97 773.87 1046.05 1468.96 1673.62 1418.5
522.35 735.93 1064.47 1622.95 1590.72 1031.76
829.81 1184.75 1681.67 2907.33 2211.03 1452.77
821.38 1185.48 1771.01 3302.94 2516.24 1469.04
950.23 1405.35 2080.9 3163.6 3540.97 2424.38
655.91 987.48 1388.72 3543.77 2243.41 1270.62
956.89 1406.88 2087.35 3216.26 3436.77 2222.33
273.62 362.28 496.01 884.75 697.15 458.58
968.11 1409.36 2065.62 3149.22 3595.53 2545.96
404.48 549.33 790.99 1248.09 1050.03 648.36
762.1 1100.91 1558.48 2470.3 1932.69 1322.35
469.99 653.88 975.68 1469.44 1305.0 775.88
742.9 1110.06 1500.75 3515.08 2255.46 1396.7
284.75 483.05 533.06 4564.16 1491.9 728.63
365.47 603.69 741.52 3912.43 1784.56 963.88
898.7 1302.6 1923.92 2980.06 2919.11 1862.06
887.07 1233.38 1692.51 2305.03 2765.94 2480.84
900.35 1297.04 1820.86 2931.6 2308.49 1424.17
791.19 1107.08 1603.03 2322.98 2539.04 2127.85
671.9 1062.59 1455.09 3924.32 2846.19 1751.47
904.95 1297.89 1911.2 2859.5 3193.21 2270.1
896.95 1299.96 1919.91 2973.73 2912.91 1858.18
899.35 1298.57 1920.39 2934.06 3244.05 2104.36
863.26 1249.64 1824.92 2779.16 3021.24 2054.21
966.4 1404.33 2071.92 3257.63 3169.7 2026.5
358.3 573.88 597.18 3329.92 1421.89 931.34
580.32 808.46 1144.71 1714.92 1935.15 1428.45
733.78 997.64 1406.23 2149.87 2212.81 1726.8
873.13 1266.7 1774.48 2565.75 3021.11 2446.81
520.02 732.46 1032.61 1597.35 1483.33 936.14
611.51 942.7 1284.49 3846.12 2087.34 1128.44
800.41 1184.36 1584.47 3226.35 2945.92 2156.86
957.9 1306.61 1836.77 2742.97 3336.33 2661.52
856.38 1237.96 1711.63 2978.38 2474.94 1634.88
719.64 977.14 1345.62 1939.07 2334.18 2095.4
287.94 569.75 285.28 5536.79 1233.96 491.8
677.92 989.54 1469.24 2681.69 2077.21 1208.51
891.24 1294.72 1900.5 2909.45 3176.62 2143.46
634.46 944.24 1230.88 3487.99 2293.33 1619.28
660.34 1010.53 1337.3 3932.56 2622.34 1584.32
931.58 1323.61 1914.28 2880.8 2901.95 2093.45
820.14 1196.62 1808.77 3393.96 2570.74 1456.27
858.39 1211.98 1682.88 2402.98 2758.8 2338.12
794.26 1161.33 1687.67 3274.32 3205.93 2131.13
942.05 1346.0 1956.21 3108.15 2462.78 1565.89
821.68 1196.82 1532.38 3259.34 2378.59 1786.14
702.1 1034.54 1538.86 2248.69 2048.67 1298.37
717.94 1018.93 1471.7 2132.64 2158.15 1580.69
794.59 1145.4 1683.91 2600.51 2550.44 1638.47
847.87 1218.6 1771.5 3329.03 2489.83 1465.45
295.46 507.38 530.59 4143.07 1234.38 642.72
740.34 1002.5 1366.06 1862.41 2261.26 2175.81
421.8 598.57 819.61 1463.7 962.42 593.24
948.65 1251.94 1712.65 2545.37 3296.83 2715.3
756.9 1098.07 1686.14 2748.55 3072.51 1818.56
761.04 1112.56 1639.36 3111.57 2474.77 1541.1
741.61 1057.54 1567.83 2552.38 2421.05 1439.5
971.84 1453.23 2182.73 3217.37 2923.79 1838.28
112.15 118.21 127.66 143.06 147.77 130.46
954.53 1375.29 2054.9 3366.2 3191.29 1884.07
679.23 954.0 1424.89 2157.23 2058.55 1342.29
374.07 643.5 682.42 4381.62 1647.89 832.86
714.31 1042.16 1524.48 2248.25 2552.61 2037.06
576.42 813.21 1227.6 1863.4 1651.65 970.32
848.0 1248.43 1806.72 3469.12 2856.86 1784.27
567.56 871.7 1100.01 3949.73 1767.63 982.04
207.6 308.02 372.49 1941.58 745.44 394.63
508.92 833.67 876.19 4791.61 1748.18 869.23
612.01 862.49 1190.56 1824.63 1709.21 1227.93
862.2 1270.46 1931.6 3265.43 2659.44 1514.35
712.08 995.71 1452.13 2132.77 2121.52 1537.99
312.39 550.43 531.3 4269.04 1223.47 587.29
774.31 1132.13 1665.87 3201.06 2432.76 1465.38
477.84 731.47 850.43 3621.04 1736.43 1135.24
763.32 1121.47 1664.01 2426.58 2257.12 1483.92
881.39 1223.43 1714.89 2568.26 3215.35 2518.15
138.81 154.42 173.2 217.03 235.12 210.04
185.02 229.03 305.05 421.28 379.75 255.77
734.17 1017.59 1420.11 2145.01 2433.97 1959.35
711.75 1006.04 1515.6 2308.92 2052.2 1228.69
747.22 1005.86 1368.05 2045.48 2564.97 2028.45
831.99 1214.27 1702.13 3196.98 2779.01 1883.6
847.97 1142.31 1535.38 2289.0 2616.94 2343.23
425.06 589.12 845.94 1267.6 1200.13 798.03
222.79 295.54 383.22 899.48 694.25 460.43
556.03 818.21 1076.04 2834.38 1947.05 1443.02
293.4 487.32 496.39 4162.76 1390.37 854.97
881.92 1232.95 1730.88 2528.07 3069.03 2451.97
947.0 1404.0 2090.6 3189.07 3535.41 2395.09
673.23 963.49 1405.26 2197.01 2130.28 1378.7
654.86 937.19 1184.92 2341.13 1661.06 1380.13
938.87 1275.08 1793.64 2601.45 2974.98 2463.67
779.92 1031.86 1375.47 1987.13 2526.03 2276.84
471.12 745.03 961.26 3939.88 1898.47 1067.13
923.49 1328.98 1983.92 3247.58 3079.03 1819.22
913.36 1305.44 1907.1 2896.29 3246.16 2199.32
744.11 1077.37 1599.22 2398.03 2494.84 1826.32
613.38 809.62 970.39 2342.46 1906.92 1631.76
670.61 1020.41 1369.44 3896.91 2800.53 1721.69
930.33 1331.05 1914.28 3010.48 3452.21 2471.21
962.0 1398.0 2014.0 3173.0 2939.0 1816.0
69.0 191.5 59.0 4653.5 930.0 346.0
134.0 394.5 95.5 5146.0 1087.0 409.5
969.0 1403.0 2079.0 3181.0 3518.0 2279.0
155.0 368.0 123.0 5163.0 1156.0 447.0
89.8 263.8 87.2 4769.8 1060.5 381.0
971.0 1390.0 2115.5 3245.0 2879.5 1707.0
122.0 299.0 89.0 4632.0 914.0 354.0
72.0 203.8 71.8 4231.5 957.5 341.5
907.5 1325.5 2047.5 3151.5 2757.0 1579.5
948.0 1357.0 1978.0 3155.0 2462.0 1531.0
56.8 180.8 53.0 4412.8 873.5 325.0
119.5 322.5 80.5 4825.8 970.8 371.8
948.0 1376.0 2046.0 3146.0 2970.0 1921.0
911.0 1341.0 1922.0 3127.8 2196.5 1320.8
985.0 1493.5 2276.8 3372.5 3183.8 2033.8
76.2 218.5 55.5 4643.8 764.8 282.8
962.5 1390.0 1954.5 3151.5 2480.0 1527.0
959.5 1435.2 2145.2 3160.2 2832.8 1787.8
88.5 243.0 63.5 4918.0 903.5 321.0
978.0 1422.0 2105.0 3266.0 3199.0 2037.0
79.2 209.2 66.0 4931.0 970.2 374.0
222.2 574.0 104.8 5481.0 1198.8 463.2
992.0 1434.0 2127.0 3253.0 3849.0 2515.0
980.5 1432.2 2016.0 3245.2 2807.8 1800.2
966.0 1422.0 2112.0 3259.5 3477.0 2237.5
109.2 304.0 68.8 5231.2 1052.0 412.0
978.0 1434.0 2220.0 3640.0 4073.0 2397.0
81.5 229.5 75.0 4588.5 1023.0 369.5
937.0 1353.0 2081.0 3198.0 2826.0 1629.0
924.0 1316.0 1970.0 3207.0 2671.0 1584.0
102.5 315.2 89.5 4914.0 1200.8 467.0
980.0 1467.0 2194.0 3388.8 3736.5 2446.5
955.0 1376.0 2056.0 3368.0 3193.0 1885.0
977.5 1462.0 2197.0 3231.5 2940.0 1846.5
939.0 1381.8 2053.5 3176.2 3230.8 2074.0
265.0 540.0 222.0 5608.0 1151.0 427.0
83.0 265.0 84.5 4714.5 1156.5 420.5
245.0 494.0 207.0 5231.5 1090.0 397.0
304.0 635.0 236.5 5868.5 1229.5 464.5
138.0 335.0 114.0 4964.0 1063.0 407.0
53.8 244.8 74.8 4340.2 1057.2 381.2
768.0 937.0 1202.0 1687.0 2456.0 2347.0
839.5 1125.5 1473.5 1964.5 2431.0 2337.0
851.0 1125.0 1487.0 2077.0 2845.0 2757.5
674.0 931.0 1168.0 1598.0 2316.0 2207.0
802.0 1081.5 1471.5 1917.5 2488.0 2377.0
925.8 1236.5 1653.5 2197.5 2743.8 2613.8
730.2 928.0 1240.5 1701.5 2120.2 2066.2
807.5 1039.5 1351.0 1892.0 2546.5 2477.5
913.2 1175.2 1552.5 2217.0 2972.0 2874.8
762.0 1017.0 1384.0 1898.0 2403.0 2316.0
768.8 1023.0 1344.0 1898.0 2593.0 2511.8
829.0 1082.5 1419.0 2036.5 2743.5 2651.0
854.0 1156.0 1575.0 2169.0 2712.0 2618.0
639.0 865.0 1188.0 1648.0 2076.0 2016.0
844.0 1157.0 1430.0 1846.0 2520.0 2406.0
716.0 963.0 1366.8 1791.0 2127.8 2035.2
641.0 907.0 1227.0 1692.0 2009.0 1914.0
822.0 1025.0 1317.0 1836.0 2480.0 2426.0
742.5 1032.0 1418.0 2073.0 2820.5 2703.0
703.5 879.5 1143.8 1618.8 2253.5 2180.0
842.5 1154.0 1648.2 2236.5 2825.8 2704.8
656.2 975.5 1340.8 1867.0 2455.0 2361.2
923.0 1214.2 1604.0 2234.0 3080.0 2985.5
734.8 963.5 1263.8 1827.2 2497.5 2417.8
800.0 989.0 1283.0 1784.0 2597.0 2503.0
706.0 816.0 1002.0 1436.0 2293.0 2206.0
725.0 878.0 1047.0 1489.0 2411.0 2352.0
878.5 1224.0 1682.0 2199.2 2656.0 2552.8
947.0 1212.0 1599.0 2313.0 3158.0 3037.0
589.2 813.2 1233.8 1730.8 1900.0 1827.2
729.0 991.5 1413.5 1964.0 2248.0 2150.5
904.8 1159.0 1500.8 2110.0 2816.5 2720.0
824.0 1099.0 1504.0 2058.0 2602.0 2523.0
836.5 986.8 1224.5 1763.8 2408.0 2363.0
894.0 1109.0 1450.0 2050.0 2679.5 2581.0
922.8 1209.8 1608.8 2273.8 3029.5 2919.0
761.0 1043.0 1428.0 1885.0 2397.0 2298.0
690.5 905.0 1162.8 1628.5 2187.8 2117.0
794.0 1033.0 1333.0 1871.5 2517.0 2421.0
944.0 1266.5 1688.8 2251.2 2816.2 2701.0
726.0 907.0 1139.0 1530.0 2019.0 1932.0
829.2 1124.8 1599.8 2206.2 2634.5 2532.0
921.0 1181.0 1557.0 2200.0 3037.0 2940.0
735.0 948.0 1238.0 1781.0 2503.0 2425.0
684.0 932.0 1313.0 1825.0 2332.0 2243.0
955.2 1228.0 1601.8 2260.2 2853.5 2766.5
806.0 1120.0 1498.0 2025.0 2566.0 2470.0
822.8 960.5 1128.5 1537.0 2182.8 2085.0
641.0 896.0 1266.0 1659.0 1887.5 1822.0
871.0 1129.0 1503.2 2057.8 2777.2 2662.0
833.0 1120.0 1439.0 1912.0 2418.0 2335.0
906.5 1134.2 1379.5 1798.5 2442.5 2363.5
612.5 842.5 1118.0 1490.0 2004.0 1917.0
741.5 944.0 1193.5 1631.5 2141.5 2080.0
882.5 1167.0 1520.5 2088.0 2698.5 2609.0
938.0 1173.0 1417.0 1866.0 2519.0 2437.0
927.0 1208.0 1637.0 2208.0 2809.0 2698.0
855.0 1101.0 1438.0 2028.0 2691.5 2610.0
705.0 972.0 1320.0 1791.5 2238.5 2159.0
837.0 1082.0 1417.0 2015.0 2798.0 2707.0
842.5 1173.5 1560.5 2028.5 2690.5 2567.5
604.0 697.5 845.0 1219.5 2055.5 2008.5
730.5 976.0 1293.0 1724.0 2096.5 2039.5
764.5 919.0 1087.0 1489.5 2095.0 2002.0
745.5 970.5 1232.5 1660.5 2177.5 2078.0
613.2 779.2 979.8 1360.5 1779.8 1769.5
793.0 1047.2 1363.0 1889.5 2419.2 2344.2
815.0 1000.0 1207.0 1625.5 2248.0 2163.0
843.0 1099.0 1451.5 2043.0 2738.0 2657.5
772.0 992.0 1295.8 1845.8 2461.0 2394.0
895.0 1245.5 1667.0 2236.0 2803.0 2694.0
765.5 1003.0 1321.0 1858.0 2440.0 2353.0
714.5 1003.5 1444.0 2002.5 2485.5 2401.5
494.5 611.5 726.5 1056.8 1795.0 1744.5
924.5 1207.0 1571.5 2078.0 2692.0 2588.5
696.8 869.5 1026.8 1427.2 2001.5 1927.5
721.0 985.0 1346.0 1933.0 2632.0 2539.0
849.5 1092.0 1370.2 1861.2 2472.8 2388.2
948.0 1249.0 1638.0 2246.0 2922.0 2819.0
694.8 840.8 1036.8 1393.8 1978.2 1915.8
760.0 991.0 1309.0 1853.0 2493.0 2420.0
928.0 1191.0 1564.0 2183.0 2886.0 2803.0
865.0 1153.0 1527.0 2115.5 2890.0 2785.0
662.8 884.0 1187.0 1705.0 2242.0 2151.8
603.2 862.0 1290.2 1790.5 2089.0 2029.2
682.8 802.2 949.2 1388.8 2317.5 2267.2
571.5 650.0 741.0 1076.0 2143.0 2120.5
811.2 1079.8 1420.5 1908.5 2484.0 2367.8
634.5 841.5 1134.5 1640.5 2306.0 2225.0
693.0 922.0 1262.0 1853.0 2415.0 2306.0
712.5 980.0 1304.5 1763.2 2235.8 2140.0
871.0 1195.0 1616.0 2208.0 2857.0 2755.0
915.0 1197.0 1579.0 2198.8 2939.0 2853.8
726.5 1001.0 1490.5 2050.5 2329.0 2253.0
784.0 1041.0 1376.2 1944.2 2683.0 2583.2
865.8 1136.8 1481.5 2033.0 2641.8 2551.2
837.8 1147.5 1648.5 2250.8 2700.2 2578.0
866.0 1156.0 1526.0 2111.5 2891.0 2797.0
833.0 1069.5 1333.0 1876.5 2457.5 2371.5
823.0 1116.5 1508.0 2131.5 2906.0 2777.0
585.5 771.0 1002.5 1461.5 1967.5 1912.0
873.0 1194.0 1591.0 2159.0 2736.2 2631.8
716.0 947.5 1257.0 1678.0 2192.0 2089.0
846.0 1104.0 1453.0 2038.0 2776.0 2693.0
623.0 879.0 1316.2 1827.2 2025.5 1961.5
935.0 1244.0 1643.0 2260.0 3095.0 2981.0
760.0 1046.0 1398.0 1960.0 2575.0 2476.0
655.0 909.5 1375.0 1859.0 2079.5 1999.0
781.0 1034.8 1371.5 1916.0 2624.0 2537.8
877.0 1167.5 1545.5 2071.5 2560.5 2478.0
755.0 955.0 1238.8 1769.0 2392.8 2328.0
928.0 1278.0 1695.5 2233.0 2786.0 2674.5
663.0 808.0 944.0 1365.0 2433.0 2344.0
655.2 879.8 1083.0 1511.2 1882.5 1803.5
759.0 987.0 1297.0 1832.0 2491.0 2412.0
826.5 1133.0 1648.8 2248.8 2639.5 2538.5
799.0 1081.5 1432.5 1982.0 2481.5 2404.5
657.0 884.0 1228.0 1711.0 2171.0 2084.0
562.8 795.0 1215.0 1587.5 1707.0 1652.8
940.0 1248.0 1642.0 2258.0 3106.2 3016.0
739.0 1000.2 1362.0 1855.0 2252.8 2174.0
911.0 1149.0 1500.0 2130.0 2851.0 2772.0
811.5 1080.5 1496.5 1990.0 2621.5 2521.0
794.0 988.0 1204.0 1609.0 2197.0 2121.0
853.0 1090.0 1411.0 2003.0 2752.0 2658.0
929.0 1206.0 1569.0 2190.0 2983.0 2872.0
864.0 1186.0 1576.0 2099.0 2608.0 2509.0
531.0 693.0 1037.0 1412.0 1224.0 1183.0
625.0 804.0 1144.0 1564.0 1425.0 1398.0
753.2 1030.5 1597.8 2142.8 2414.0 2318.8
715.0 985.0 1354.0 1781.0 2272.0 2160.0
819.0 1111.0 1495.2 2022.2 2530.8 2429.2
562.5 761.5 1033.8 1404.5 1897.2 1825.8
873.0 1144.0 1506.0 2092.0 2837.0 2744.0
680.5 936.8 1301.8 1826.0 2445.2 2354.0
925.0 1180.0 1542.0 2188.0 3006.0 2917.0
760.0 961.0 1251.0 1793.0 2435.0 2355.0
832.5 1056.0 1370.0 1954.0 2629.0 2571.0
761.5 1050.5 1440.0 1886.0 2352.5 2250.5
745.0 1005.0 1345.0 1792.0 1763.0 1724.0
891.0 1224.0 1623.0 2193.0 2784.0 2700.0
891.0 1224.0 1623.0 2193.0 2784.0 2700.0
568.0 821.0 1180.0 1644.0 2111.0 2013.0
866.0 1046.0 1340.0 1946.0 2723.0 2646.0
940.0 1228.0 1620.0 2241.0 3065.0 2968.0
794.0 1042.0 1367.0 1905.0 2584.0 2498.0
919.2 1225.8 1632.0 2231.0 2830.8 2723.5
681.5 912.5 1230.5 1707.5 2195.0 2129.5
626.0 732.0 875.0 1305.0 2153.0 2135.0
445.0 496.0 565.0 791.0 1386.0 1328.0
857.0 1146.8 1590.0 2166.2 2596.8 2497.0
791.0 1049.0 1494.0 2026.0 2529.0 2427.0
891.0 1224.0 1623.0 2193.0 2784.0 2700.0
735.0 1019.0 1466.0 2006.5 2331.5 2246.5
805.0 1139.0 1507.0 2041.0 2565.0 2447.0
773.5 936.5 1210.0 1756.5 2512.5 2418.5
812.0 1059.0 1431.0 2026.0 2822.0 2690.0
766.5 976.8 1268.8 1760.2 2291.8 2219.8
858.5 1094.5 1411.0 1982.0 2601.0 2516.5
720.0 969.0 1285.5 1726.5 2381.0 2285.5
706.0 970.5 1257.0 1597.0 1574.5 1517.0
717.0 935.0 1230.2 1764.0 2423.0 2349.2
829.0 1060.0 1392.0 1986.5 2724.5 2643.5
702.5 921.5 1339.0 1831.0 2148.0 2058.5
549.0 651.0 748.0 1104.0 1802.0 1762.0
644.8 881.0 1280.8 1749.0 2053.0 2000.8
878.0 1092.0 1327.0 1745.0 2368.0 2292.0
919.5 1129.5 1434.0 2069.5 2925.5 2850.0
711.0 952.0 1270.0 1797.0 2394.0 2302.0
933.0 1197.2 1551.5 2165.0 2886.0 2796.2
803.0 1095.0 1504.5 1993.5 2662.0 2566.5
911.0 1260.5 1689.0 2227.5 2882.0 2764.0
601.2 845.8 1120.2 1463.8 1473.8 1429.8
911.0 1170.0 1541.0 2187.0 3003.8 2910.8
832.0 1155.0 1508.0 1996.0 2604.0 2499.0
864.0 1157.0 1609.0 2201.0 2733.5 2620.0
747.2 1003.2 1281.5 1803.5 2383.5 2284.2
836.0 1061.5 1364.0 1938.0 2713.0 2601.5
799.0 1005.0 1309.0 1853.5 2526.0 2427.0
793.2 1096.8 1554.2 2108.2 2683.0 2555.8
874.0 1167.0 1554.0 2196.0 3091.0 3000.0
834.0 1087.0 1449.0 2076.0 2940.0 2831.0
640.0 932.0 1265.5 1641.5 1864.0 1819.0
911.2 1214.2 1595.2 2144.5 2765.5 2671.2
776.5 1048.8 1375.5 1702.0 1798.8 1734.2
811.0 1085.0 1446.0 1942.0 2443.0 2355.0
806.0 1048.0 1354.0 1876.0 2610.0 2516.0
874.0 1099.0 1454.0 2094.0 2880.0 2842.0
906.0 1228.5 1628.2 2185.2 2763.0 2647.8
845.2 1154.8 1519.5 1946.5 2659.5 2539.0
750.8 970.8 1260.2 1788.0 2377.2 2283.0
913.0 1204.0 1595.0 2261.0 3178.0 3049.0
748.0 975.0 1300.0 1870.0 2733.0 2619.0
567.0 814.2 1131.0 1471.0 1600.0 1553.5
586.2 808.0 1102.0 1514.0 2074.0 1984.8
682.0 908.0 1178.0 1613.2 2030.8 1954.5
950.0 1228.0 1561.0 2202.0 3162.0 3089.0
774.0 1019.0 1314.8 1903.5 2600.2 2521.2
853.5 1109.0 1470.0 2096.5 2805.0 2714.5
794.2 1101.8 1720.5 2272.0 2521.5 2432.5
691.5 970.0 1384.0 1883.0 2344.0 2263.0
100.0 100.0 100.0 100.0 100.0 100.0
