0.7867
0.8467
0.5311
0.4965
0.2304
0.5304
0.494
0.675
0.5988
0.1122
0.9488
0.4683
0.1935
0.9401
0.7857
0.5794
0.1163
0.8892
0.6117
0.2508
0.9596
0.8975
0.4205
0.4193
0.6249
0.673
0.3458
0.3642
0.372
0.2885
0.0624
0.1994
0.4799
0.1723
0.3066
0.5341
0.722
0.4687
0.2334
0.4753
0.0195
0.4851
0.9298
0.0762
0.2411
0.4639
0.0687
0.9217
0.1631
0.5274
0.3331
0.1965
0.182
0.5813
0.4173
0.5241
0.783
0.2532
0.8908
0.4393
0.2692
0.1248
0.8816
0.0351
0.013
0.5668
0.3433
0.7889
0.7795
0.6259
0.2288
0.2557
0.6803
0.9564
0.5388
0.1901
0.1295
0.0609
0.495
0.5177
0.9293
0.6837
0.5051
0.5822
0.1489
0.6493
0.9248
0.9668
0.6441
0.1335
0.1243
0.6123
0.2051
0.0687
0.4028
0.7806
0.4036
0.6491
0.9434
0.2352
0.9869
0.6541
0.176
0.3259
0.7373
0.6422
0.8974
0.0635
0.0763
0.1431
0.5641
0.0293
0.9806
0.3877
0.6268
0.5673
0.7385
0.9867
0.8825
0.1805
0.0406
0.6806
0.3952
0.1956
0.2309
0.4741
0.3086
0.0062
0.4675
0.0274
0.9327
0.4438
0.8404
0.8779
0.5729
0.5242
0.8433
0.6253
0.665
0.7135
0.714
0.9457
0.2027
0.6458
0.5527
0.0187
0.5451
0.1697
0.5748
0.0529
0.1536
0.4902
0.109
0.197
0.618
0.7889
0.5073
0.7477
0.3565
0.3173
0.9114
0.5795
0.4471
0.2045
0.9836
0.7428
0.7287
0.7516
0.9337
0.4448
0.4388
0.2027
0.4664
0.3937
0.9555
0.24
0.6297
0.5902
0.7893
0.4737
0.9585
0.4693
0.3881
0.7664
0.3285
0.0797
0.9675
0.2576
0.5592
0.3089
0.7584
0.6739
0.8812
0.2458
0.4027
0.0781
0.4221
0.3171
0.6912
0.5133
0.2193
0.4792
0.7169
0.7581
0.8674
0.8159
0.9037
0.1108
0.1311
0.8383
0.9949
0.7086
0.7645
0.9274
0.9565
0.7235
0.7321
0.5264
0.4955
0.8975
0.6363
0.8796
0.1409
0.0137
0.4489
0.2703
0.6752
0.1727
0.8669
0.9843
0.9268
0.087
0.643
0.8216
0.6935
0.848
0.6638
0.9536
0.3476
0.5791
0.2702
0.9543
0.4769
0.1822
0.023
0.3443
0.2483
0.4118
0.3689
0.0215
0.5907
0.2752
0.3131
0.9691
0.9185
0.5701
0.7115
0.0115
0.0893
0.1436
0.9186
0.7723
0.9792
0.3008
0.2541
0.0915
0.2497
0.8396
0.4539
0.0185
0.6471
0.909
0.537
0.7162
0.4567
0.6748
0.9333
0.2136
0.4544
0.3687
0.6881
0.4622
0.1053
0.0036
0.9648
0.1737
0.2104
0.574
0.3891
0.9319
0.1314
0.156
0.0451
0.8578
0.7587
0.6678
0.5885
0.5964
0.3658
0.0194
0.3268
0.5556
0.077
0.8952
0.4014
0.4612
0.8288
0.7166
0.9296
0.8123
0.5547
0.7444
0.0228
0.5436
0.927
0.3924
0.5705
0.9172
0.6353
0.1426
0.6107
0.4891
0.4883
0.5384
0.2117
0.8182
0.3289
0.4526
0.9231
0.7755
0.245
0.9378
0.6936
0.5296
0.915
0.8244
0.2671
0.0599
0.1555
0.9001
0.4926
0.2436
0.6996
0.1306
0.9025
0.3602
0.1012
0.3538
0.4499
0.7952
0.489
0.5317
0.0242
0.7633
0.6289
0.9812
0.2816
0.2908
0.2776
0.4968
0.2195
0.148
0.7432
0.5325
0.872
0.962
0.2394
0.6488
0.241
0.1382
0.3953
0.3024
0.5853
0.5421
0.0406
0.1412
0.3648
0.8386
0.1291
0.1533
0.2658
0.5808
0.8997
0.281
0.4748
0.5975
0.1396
0.0469
0.3357
0.2946
0.183
0.1798
0.7736
0.7744
0.6623
0.5609
0.9328
0.5418
0.372
0.1345
0.8439
0.3709
0.5328
0.4915
0.0962
0.3766
0.4856
0.8582
0.2606
0.7938
0.4788
0.0955
0.7141
0.5337
0.2136
0.259
0.7643
0.834
0.9986
0.4917
0.9627
0.3146
0.1974
0.6424
0.7995
0.1296
0.2581
0.011
0.2665
0.0829
0.5069
0.0887
0.6713
0.4137
0.551
0.6586
0.3491
0.3954
0.3388
0.7675
0.3596
0.6346
0.2134
0.12
0.7103
0.6696
0.5952
0.8928
0.6495
0.655
0.8643
0.5542
0.4068
0.0999
0.4385
0.7809
0.9782
0.9384
0.6204
0.5173
0.485
0.1048
0.5944
0.2069
0.8865
0.2541
0.2013
0.923
0.9264
0.3932
0.2594
0.6484
0.8963
0.7602
0.389
0.3448
0.7005
0.12
0.4368
0.2764
0.3055
0.9453
0.66
0.7274
0.9732
0.8679
0.8636
0.8561
0.3164
0.1126
0.6781
0.4042
0.1187
0.7406
0.3705
0.3942
0.7616
0.061
0.2559
0.5297
0.5329
0.9073
0.771
0.227
0.6159
0.9544
0.1817
0.8145
0.3149
0.0798
0.7687
0.4884
0.2018
0.6748
0.3442
0.2834
0.7106
0.4695
0.5922
0.5485
0.1183
0.4987
0.4182
0.7954
0.9654
0.3819
0.2389
0.8665
0.9698
0.5874
0.7027
0.9049
0.1407
0.8233
0.7692
0.2495
0.0809
0.1609
0.8644
0.6925
0.4601
0.9744
0.6815
0.1324
0.2196
0.4416
0.737
0.5327
0.2295
0.5384
0.3947
0.8749
0.0379
0.1398
0.9931
0.6292
0.9015
0.8159
0.5916
0.167
0.6896
0.047
0.4809
0.2272
0.1927
0.8885
0.7537
0.4029
0.5129
0.2863
0.8769
0.4812
0.6973
0.8532
0.324
0.8294
0.652
0.1179
0.0097
0.332
0.7707
0.8412
0.5664
0.0987
0.6594
0.8156
0.7891
0.5494
0.3243
0.6611
0.2902
0.4603
0.2819
0.1897
0.8977
0.759
0.587
0.7707
0.0332
0.0288
0.3436
0.8093
0.6442
0.514
0.2026
0.6404
0.0619
0.1259
0.9864
0.3044
0.7712
0.3464
0.8498
0.9202
0.6486
0.5648
0.88
0.9194
0.7592
0.3949
0.9987
0.1593
0.6878
0.9894
0.5152
0.5129
0.7316
0.603
0.6309
0.5679
0.4422
0.8003
0.8531
0.8745
0.6673
0.3273
0.5265
0.5136
0.2946
0.0793
0.5642
0.5976
0.9149
0.3785
0.7403
0.0367
0.1077
0.6451
0.8697
0.5722
0.9912
0.0579
0.5905
0.3617
0.2637
0.5367
0.1252
0.1956
0.6983
0.1621
0.0804
0.412
0.8666
0.1065
0.2886
0.0818
0.3908
0.2335
0.7083
0.8523
0.8024
0.6378
0.4652
0.8104
0.6805
0.2705
0.0497
0.3641
0.5437
0.2324
0.496
0.0573
0.2435
0.5661
0.9126
0.9787
0.485
0.7685
0.9676
0.658
0.0234
0.2328
0.0211
0.763
0.0497
0.3879
0.6841
0.5645
0.4817
0.9522
0.6974
0.6369
0.1877
0.0053
0.0349
0.8545
0.1293
0.5545
0.91
0.2547
0.6941
0.6298
0.4133
0.1088
0.009
0.2757
0.2333
0.8984
0.009
0.3415
0.049
0.2254
0.4187
0.9814
0.2753
0.2107
0.2015
0.9348
0.7311
0.5208
0.1095
0.6057
0.6498
0.7421
0.0828
0.9991
0.2046
0.9124
0.8039
0.7718
0.2724
0.2621
0.7832
0.1315
0.7398
0.7134
0.5938
0.1037
0.8365
0.2702
0.9572
0.6352
0.9922
0.2743
0.1901
0.0472
0.4276
0.8837
0.6315
0.092
0.1135
0.2133
0.1664
0.7584
0.2288
0.6276
0.9138
0.4984
0.4314
0.0091
0.4116
0.3951
0.6859
0.9048
0.7071
0.4662
0.538
0.0002
0.9345
0.6837
0.1709
0.3653
0.0707
0.014
0.6564
0.6055
0.7509
0.566
0.1444
0.9099
0.0904
0.5108
0.0554
0.4498
0.7191
0.1627
0.359
0.9361
0.6657
0.237
0.2928
0.5208
0.3104
0.7625
0.6451
0.8285
0.0383
0.6338
0.7594
0.939
0.2014
0.6899
0.2087
0.7725
0.0977
0.079
0.423
0.122
0.2025
0.3365
0.2443
0.1221
0.5433
0.1956
0.433
0.2367
0.2713
0.9844
0.3707
0.1676
0.8097
0.2205
0.5509
0.9129
0.036
0.699
0.2718
0.8026
0.1592
0.0743
0.8292
0.381
0.2882
0.2582
0.1747
0.6136
0.1924
0.8749
0.4546
0.5624
0.2332
0.3361
0.3245
0.0962
0.1791
0.1993
0.5584
0.6806
0.4912
0.6492
0.0334
0.7402
0.6193
0.6844
0.8351
0.8155
0.6047
0.8681
0.8482
0.6117
0.1093
0.8674
0.5966
0.1813
0.7917
0.7535
0.0187
0.8024
0.4981
0.4256
0.0575
0.5664
0.4062
0.9054
0.4545
0.1093
0.6415
0.308
0.5297
0.903
0.0645
0.4819
0.1902
0.0582
0.0202
0.5588
0.4093
0.5692
0.8857
0.4894
0.5121
0.146
0.5219
0.7831
0.5247
0.0436
0.9555
0.1106
0.2659
0.0873
0.8314
0.772
0.1078
0.6091
0.3333
0.2288
0.8553
0.1475
0.0309
0.778
0.7271
0.0656
0.9276
0.3069
0.3737
0.7871
0.2381
0.8616
0.524
0.6643
0.185
0.4064
0.5668
0.3199
0.6092
0.2703
0.6658
0.4918
0.0514
0.6549
0.2412
0.8348
0.5615
0.8446
0.8848
0.0801
0.1002
0.4668
0.5828
0.1606
0.5816
0.695
0.415
0.4432
0.5546
0.37
0.3361
0.7016
0.0888
0.5669
0.3768
0.3259
0.3314
0.3308
0.6536
0.1612
0.6957
0.9162
0.9555
0.4732
0.1519
0.5137
0.8574
0.1516
0.5548
0.0622
0.2337
0.2158
0.2124
0.5161
0.6519
0.7407
0.6904
0.8256
0.9873
0.7819
0.8219
0.3073
0.1787
0.3816
0.9329
0.7356
0.6266
0.3117
0.4376
0.0413
0.4558
0.1031
0.4357
0.5909
0.0
1.0
1.0
0.0
1.0
1.0
0.0
1.0
1.0
0.0
0.0
1.0
1.0
0.0
0.0
0.0
1.0
0.0
0.0
1.0
0.0
1.0
1.0
0.0
0.0
0.0
1.0
0.0
1.0
0.0
0.0
1.0
0.0
0.0
0.0
0.0
1.0
1.0
1.0
1.0
1.0
1.0
0.0
0.0
0.0
0.0
