0.5825
0.5896
0.7758
0.0119
0.345
0.013
0.7239
0.2933
0.1925
0.5359
0.2135
0.5758
0.8143
0.3632
0.5584
0.0942
0.6128
0.9492
0.6708
0.7764
0.8981
0.608
0.834
0.3163
0.6698
0.113
0.3297
0.729
0.3063
0.6724
0.8673
0.0935
0.7128
0.287
0.384
0.4009
0.5551
0.7436
0.1195
0.2264
0.3363
0.8694
0.2733
0.7621
0.7047
0.2471
0.3844
0.7096
0.1104
0.2656
0.3365
0.3992
0.5861
0.0593
0.4828
0.6925
0.1298
0.8529
0.7552
0.0814
0.1151
0.3783
0.9452
0.3197
0.5385
0.1341
0.2652
0.8607
0.5114
0.5081
0.2604
0.1914
0.2543
0.7822
0.3091
0.5269
0.4258
0.7472
0.9959
0.4805
0.7985
0.8341
0.3431
0.1158
0.3598
0.9158
0.4504
0.5219
0.1243
0.8269
0.5
0.3528
0.6012
0.2545
0.8802
0.2226
0.9358
0.1583
0.3329
0.2883
0.8951
0.5657
0.1529
0.0875
0.2596
0.7065
0.3888
0.5689
0.7374
0.9901
0.867
0.899
0.2262
0.5445
0.2608
0.8259
0.8289
0.666
0.1248
0.3554
0.3881
0.1907
0.249
0.9283
0.2114
0.8
0.7533
0.1233
0.2304
0.7502
0.8314
0.5961
0.5034
0.0684
0.4022
0.0309
0.8972
0.0471
0.756
0.2834
0.839
0.148
0.0503
0.2654
0.267
0.5817
0.5628
0.7916
0.297
0.6275
0.4461
0.1904
0.5901
0.4208
0.0374
0.7521
0.5489
0.9378
0.5451
0.4181
0.4134
0.961
0.4664
0.2111
0.5281
0.3717
0.6482
0.3322
0.4804
0.539
0.7403
0.692
0.5299
0.5389
0.5661
0.1532
0.4601
0.0624
0.8798
0.4804
0.6163
0.5992
0.632
0.7586
0.6033
0.9125
0.1356
0.8293
0.5754
0.6485
0.4372
0.3051
0.3417
0.3193
0.6171
0.8901
0.714
0.6388
0.3908
0.2603
0.301
0.5784
0.361
0.7181
0.4393
0.1463
0.5531
0.3112
0.4024
0.2462
0.9181
0.2527
0.2753
0.8693
0.5135
0.4977
0.1478
0.3434
0.7488
0.0728
0.5907
0.0208
0.9168
0.1079
0.0125
0.0755
0.7033
0.2053
0.4767
0.544
0.6189
0.5413
0.3679
0.0778
0.8489
0.6906
0.0441
0.5287
0.7499
0.951
0.3322
0.8389
0.9822
0.5579
0.03
0.0239
0.2256
0.3544
0.9107
0.4538
0.8621
0.1772
0.4512
0.5518
0.2452
0.6158
0.3222
0.94
0.5154
0.7752
0.9319
0.8543
0.1824
0.3949
0.3366
0.4179
0.5006
0.6359
0.7397
0.2708
0.5036
0.5542
0.744
0.7649
0.2286
0.1726
0.2898
0.5257
0.689
0.7523
0.1419
0.1394
0.2622
0.8702
0.3342
0.2924
0.6632
0.1623
0.7961
0.3347
0.72
0.487
0.4639
0.8619
0.2242
0.124
0.3078
0.345
0.8818
0.4066
0.3223
0.7017
0.043
0.3179
0.5271
0.9771
0.0873
0.4605
0.5075
0.1572
0.7097
0.7657
0.7971
0.331
0.8674
0.3053
0.393
0.3497
0.5037
0.0887
0.037
0.9265
0.4104
0.2412
0.2782
0.0328
0.5819
0.1714
0.4439
0.7485
0.5152
0.4241
0.4023
0.765
0.3711
0.871
0.8069
0.6097
0.5877
0.7222
0.4985
0.5658
0.2716
0.5231
0.9984
0.8354
0.9258
0.4641
0.1929
0.5631
0.2768
0.7807
0.8742
0.7376
0.4605
0.7113
0.965
0.6703
0.0202
0.6383
0.1985
0.7421
0.0576
0.813
0.1015
0.3006
0.541
0.4449
0.837
0.6816
0.9077
0.3642
0.0971
0.0324
0.9888
0.1544
0.3858
0.8294
0.8832
0.4019
0.5508
0.6282
0.7601
0.9431
0.0621
0.2305
0.6619
0.2201
0.0187
0.6093
0.3835
0.249
0.635
0.7994
0.8426
0.8761
0.8039
0.187
0.1374
0.7967
0.9846
0.3847
0.6575
0.4966
0.4314
0.0274
0.589
0.2554
0.8089
0.1731
0.6749
0.5554
0.7132
0.4088
0.5522
0.4316
0.1404
0.6159
0.4224
0.0135
0.7362
0.6586
0.2506
0.8106
0.0716
0.4476
0.6031
0.7939
0.6962
0.7733
0.6605
0.9816
0.767
0.9177
0.9452
0.6543
0.7991
0.0816
0.8799
0.2458
0.4217
0.6777
0.9539
0.3291
0.2861
0.851
0.8419
0.4319
0.7433
0.7774
0.012
0.4444
0.7392
0.8556
0.0934
0.4574
0.5259
0.9884
0.9258
0.1987
0.4594
0.699
0.2667
0.2597
0.4627
0.9256
0.3332
0.7041
0.7267
0.9104
0.2205
0.9498
0.2727
0.2065
0.3096
0.8509
0.3134
0.4981
0.7496
0.7639
0.0379
0.2937
0.8506
0.2334
0.4181
0.6225
0.3143
0.5879
0.4742
0.1052
0.3718
0.1861
0.2853
0.3793
0.524
0.8788
0.799
0.4032
0.7029
0.2494
0.0946
0.2331
0.1468
0.5182
0.1551
0.4687
0.5233
0.3633
0.3861
0.1887
0.2788
0.4982
0.515
0.669
0.8981
0.7451
0.4691
0.8637
0.9131
0.9352
0.6332
0.5861
0.0993
0.5609
0.5993
0.1606
0.1085
0.2857
0.287
0.4847
0.374
0.4917
0.829
0.2428
0.472
0.3958
0.0026
0.7452
0.2095
0.2051
0.0892
0.8192
0.878
0.2343
0.9248
0.3443
0.9329
0.6271
0.9683
0.2494
0.8553
0.0113
0.0847
0.9644
0.7914
0.4438
0.7288
0.003
0.0029
0.6672
0.3176
0.6099
0.6858
0.4263
0.0485
0.2466
0.2182
0.1044
0.2489
0.9127
0.0737
0.872
0.2864
0.6582
0.8378
0.9598
0.955
0.228
0.5117
0.8683
0.0276
0.0307
0.3377
0.721
0.8854
0.0623
0.0373
0.3408
0.8699
0.964
0.7692
0.2001
0.9708
0.3792
0.8287
0.5144
0.2861
0.4207
0.9023
0.6977
0.8634
0.7639
0.7388
0.1007
0.2931
0.2974
0.0422
0.7667
0.1194
0.8334
0.5293
0.2977
0.1449
0.0448
0.2442
0.607
0.4094
0.8185
0.8366
0.9781
0.1176
0.2943
0.7068
0.6921
0.658
0.6064
0.0807
0.0101
0.5364
0.3083
0.1211
0.1163
0.6999
0.1839
0.1875
0.1611
0.7804
0.6738
0.4481
0.9505
0.1458
0.4437
0.6465
0.4522
0.6772
0.4673
0.9674
0.1998
0.6587
0.7318
0.4553
0.1796
0.3495
0.4222
0.383
0.2731
0.4261
0.8127
0.8436
0.9664
0.5962
0.6398
0.0384
0.0094
0.7876
0.1024
0.3239
0.3782
0.5242
0.0379
0.0546
0.7584
0.9199
0.9769
0.3808
0.4937
0.3024
0.6755
0.427
0.5551
0.5915
0.0798
0.8861
0.4215
0.9103
0.3972
0.3869
0.0124
0.9301
0.5113
0.3797
0.9003
0.7668
0.5221
0.1996
0.6586
0.5072
0.4656
0.873
0.2869
0.0812
0.0877
0.1288
0.8939
0.6814
0.2945
0.6983
0.4974
0.803
0.1245
0.6183
0.6717
0.1999
0.0958
0.0072
0.5125
0.646
0.0493
0.9002
0.8917
0.1018
0.541
0.7816
0.7219
0.2522
0.6491
0.9936
0.3279
0.8609
0.4068
0.9329
0.8556
0.0512
0.6969
0.5293
0.5964
0.7164
0.2157
0.3211
0.9378
0.3347
0.712
0.0775
0.8478
0.7502
0.8789
0.4668
0.5964
0.1101
0.994
0.7531
0.8146
0.4889
0.791
0.62
0.5013
0.3116
0.6317
0.5721
0.9876
0.8126
0.3273
0.6676
0.7595
0.265
0.2587
0.4896
0.6665
0.1789
0.6351
0.9236
0.523
0.8004
0.3522
0.0378
0.3623
0.0962
0.4805
0.5682
0.1913
0.6323
0.3763
0.5978
0.921
0.3786
0.0099
0.3016
0.1545
0.0942
0.3989
0.5408
0.0719
0.9334
0.6872
0.9337
0.1778
0.7598
0.798
0.1166
0.8455
0.2647
0.417
0.3937
0.0182
0.4314
0.546
0.3802
0.7365
0.2785
0.7653
0.0988
0.736
0.7204
0.2793
0.6862
0.038
0.1878
0.9402
0.9157
0.243
0.1189
0.1037
0.0088
0.7407
0.3362
0.1932
0.9445
0.123
0.7026
0.2182
0.4482
0.663
0.384
0.0348
0.7493
0.5915
0.3413
0.6525
0.3134
0.9863
0.8207
0.2613
0.3549
0.2812
0.5772
0.4077
0.571
0.7417
0.5423
0.6068
0.0925
0.8658
0.1595
0.1685
0.0358
0.8081
0.4684
0.6531
0.459
0.3115
0.8631
0.1681
0.9083
0.5981
0.4098
0.1314
0.6083
0.8461
0.1512
0.2761
0.1012
0.0563
0.8529
0.6709
0.3269
0.3359
0.7582
0.7195
0.5494
0.8228
0.862
0.6641
0.8132
0.0733
0.1288
0.7282
0.8927
0.3315
0.5567
0.2049
0.2466
0.1326
0.8471
0.2491
0.0289
0.863
0.4862
0.184
0.2587
0.3212
0.1902
0.8583
0.8349
0.9321
0.7764
0.2046
0.4201
0.998
0.8871
0.1256
0.0149
0.1812
0.6271
0.3521
0.214
0.7624
0.099
0.6029
0.9806
0.7201
0.0385
0.2008
0.1291
0.08
0.5851
0.1854
0.6774
0.8408
0.7379
0.0567
0.5745
0.188
0.6081
0.2068
0.4403
0.9823
0.7064
0.2408
0.2505
0.3891
0.0287
0.0337
0.8164
0.1114
0.6992
0.1133
0.0091
0.953
0.7882
0.0659
0.1133
0.8329
0.1271
0.2613
0.9361
0.1289
0.9493
0.3329
0.4753
0.1173
0.7
0.0505
0.6949
0.4211
0.8707
0.5766
0.6924
0.7242
0.5773
0.6702
0.8443
0.1047
0.8807
0.6718
0.6125
0.6435
0.0581
0.4493
0.9475
0.7575
0.6838
0.8595
0.5649
0.8333
0.6033
0.6174
0.9988
0.2231
0.2713
0.6022
0.7875
0.5775
0.158
0.2787
0.7992
0.2272
0.2048
0.6345
0.7323
0.7767
0.0
0.0
0.0
0.0
0.0
0.0
0.0
0.0
0.0
0.0
0.0
0.0
0.0
0.0
0.0
0.0
0.0
0.0
0.0
0.0
0.0
0.0
0.0
0.0
0.0
0.0
0.0
0.0
0.0
0.0
0.0
0.0
0.0
0.0
0.0
0.0
0.0
0.0
0.0
0.0
0.0
0.0
1.0
1.0
1.0
0.0
