0.6401
0.3388
0.7923
0.0878
0.8538
0.9638
0.5426
0.1687
0.5423
0.9955
0.9807
0.9632
0.2051
0.0317
0.2951
0.0481
0.2935
0.2065
0.3157
0.8512
0.8374
0.4056
0.1809
0.2398
0.4793
0.4713
0.6433
0.1441
0.0699
0.5975
0.5356
0.9503
0.6958
0.7652
0.1523
0.0541
0.4464
0.818
0.3668
0.0445
0.4555
0.6065
0.7925
0.204
0.9522
0.8746
0.6614
0.636
0.4791
0.7352
0.0224
0.5707
0.9516
0.6652
0.9622
0.9066
0.8601
0.1527
0.5841
0.6011
0.5534
0.1585
0.8275
0.8147
0.6114
0.8369
0.3455
0.0831
0.6924
0.9351
0.935
0.8443
0.2323
0.4545
0.9661
0.4723
0.7292
0.0845
0.8656
0.2052
0.8803
0.4906
0.1904
0.1385
0.8474
0.2541
0.1233
0.4309
0.8588
0.1685
0.3576
0.7024
0.7776
0.5969
0.343
0.4136
0.6719
0.0077
0.6835
0.6279
0.4124
0.3375
0.7325
0.5709
0.3243
0.235
0.0044
0.2425
0.8032
0.2973
0.6942
0.5105
0.228
0.3465
0.3423
0.1519
0.4852
0.9139
0.9776
0.3673
0.1719
0.6955
0.0912
0.4979
0.5658
0.8052
0.468
0.4414
0.7393
0.8813
0.5006
0.0201
0.9746
0.1271
0.4654
0.8956
0.0557
0.9725
0.5009
0.1349
0.3591
0.8789
0.8549
0.0352
0.3378
0.1982
0.6969
0.0911
0.7484
0.6514
0.2145
0.3193
0.2289
0.5098
0.0388
0.1591
0.6529
0.983
0.4319
0.9739
0.875
0.501
0.7852
0.442
0.514
0.4983
0.0551
0.1967
0.3074
0.25
0.0058
0.7515
0.2113
0.8628
0.8259
0.3571
0.6703
0.8641
0.1775
0.674
0.0724
0.2972
0.3452
0.4834
0.3519
0.3643
0.8473
0.3013
0.2217
0.5995
0.8771
0.6192
0.935
0.5825
0.6046
0.3051
0.0031
0.8283
0.8488
0.1462
0.4007
0.1321
0.5461
0.3203
0.329
0.0404
0.4705
0.1832
0.8624
0.7044
0.9772
0.1084
0.2574
0.8453
0.3939
0.4527
0.6391
0.592
0.7595
0.0179
0.284
0.7528
0.9535
0.9352
0.7956
0.8183
0.7725
0.7151
0.8095
0.8143
0.8441
0.3275
0.4808
0.969
0.6058
0.2173
0.6236
0.1464
0.9366
0.5866
0.2144
0.8255
0.2988
0.8874
0.6565
0.491
0.0288
0.5361
0.7716
0.5711
0.0304
0.8039
0.1268
0.1964
0.772
0.5693
0.7717
0.3463
0.6687
0.7814
0.0263
0.0217
0.787
0.8479
0.5108
0.023
0.104
0.979
0.0271
0.2415
0.6247
0.6054
0.7079
0.3605
0.9292
0.471
0.9795
0.758
0.1136
0.3652
0.2677
0.8159
0.3227
0.4044
0.2467
0.0513
0.6325
0.1228
0.9086
0.8065
0.7158
0.9459
0.5578
0.5116
0.4065
0.2429
0.6501
0.1968
0.2725
0.99
0.3183
0.0052
0.1104
0.6902
0.0395
0.0475
0.5432
0.5618
0.6741
0.9437
0.8741
0.9184
0.986
0.3406
0.3173
0.2856
0.1036
0.7304
0.5585
0.8622
0.4809
0.213
0.2191
0.1506
0.8485
0.2507
0.5367
0.8311
0.5547
0.8678
0.4135
0.4252
0.8629
0.7012
0.2716
0.6681
0.1769
0.7047
0.8793
0.7574
0.4176
0.6387
0.5385
0.0481
0.5137
0.1173
0.2461
0.7259
0.0864
0.329
0.3985
0.1668
0.3427
0.6268
0.2343
0.6796
0.6578
0.7852
0.5782
0.4462
0.0333
0.2092
0.8078
0.8277
0.1281
0.3832
0.0083
0.9338
0.0061
0.1226
0.0723
0.7595
0.0466
0.6925
0.9367
0.982
0.8804
0.0646
0.7831
0.6239
0.8386
0.7813
0.1151
0.4512
0.1379
0.9063
0.7345
0.882
0.4804
0.2468
0.8546
0.9419
0.884
0.3222
0.153
0.0623
0.5571
0.6305
0.2605
0.168
0.3588
0.9194
0.7068
0.3673
0.6175
0.0625
0.5778
0.0308
0.8567
0.8341
0.012
0.4005
0.2392
0.6557
0.8043
0.0969
0.1802
0.6219
0.0673
0.3772
0.8333
0.1022
0.2553
0.5084
0.7533
0.1968
0.8283
0.7675
0.2862
0.3733
0.7973
0.8093
0.2466
0.8997
0.5901
0.4203
0.9804
0.6545
0.0251
0.1912
0.5756
0.7916
0.4343
0.8016
0.693
0.8003
0.3388
0.122
0.8094
0.4149
0.4733
0.3322
0.862
0.2194
0.4078
0.4677
0.6352
0.0605
0.7054
0.0132
0.205
0.056
0.0187
0.302
0.3232
0.9162
0.1999
0.1096
0.7582
0.8013
0.2558
0.8917
0.6237
0.693
0.6662
0.3378
0.8663
0.5922
0.4756
0.0182
0.0789
0.3374
0.7918
0.9737
0.2165
0.3936
0.7266
0.8713
0.9781
0.8287
0.0967
0.452
0.2509
0.9912
0.9814
0.2936
0.1436
0.2476
0.3225
0.4426
0.2747
0.4884
0.2185
0.1172
0.501
0.7422
0.5118
0.0849
0.8659
0.92
0.6571
0.9659
0.1523
0.5665
0.2962
0.7073
0.1157
0.6811
0.1817
0.5051
0.9925
0.5022
0.3254
0.8448
0.7764
0.5763
0.5297
0.6421
0.9294
0.5966
0.422
0.9583
0.5905
0.5454
0.3466
0.1325
0.9716
0.4595
0.0729
0.9076
0.6732
0.0901
0.0764
0.2537
0.4709
0.6791
0.1477
0.7947
0.9479
0.5567
0.652
0.6485
0.076
0.9806
0.8727
0.2184
0.5419
0.9834
0.0445
0.9281
0.1023
0.7089
0.6018
0.7712
0.6273
0.1431
0.5785
0.4779
0.3226
0.3221
0.3961
0.4526
0.0565
0.4213
0.1607
0.2731
0.5886
0.8394
0.361
0.919
0.8741
0.1687
0.664
0.8654
0.5883
0.4218
0.7105
0.7963
0.1123
0.7771
0.9932
0.8893
0.8064
0.5349
0.1338
0.7092
0.4329
0.9505
0.4493
0.4573
0.7764
0.2656
0.9167
0.9997
0.4053
0.7615
0.3182
0.0382
0.4211
0.8144
0.6848
0.0816
0.9734
0.0844
0.8747
0.4274
0.8447
0.4175
0.1184
0.6228
0.0916
0.3231
0.9518
0.6281
0.7875
0.6754
0.8658
0.5199
0.1271
0.5376
0.1299
0.6569
0.0158
0.8121
0.939
0.4606
0.5082
0.1159
0.9502
0.0213
0.5054
0.8176
0.0893
0.0414
0.4189
0.9459
0.4115
0.4485
0.0826
0.1722
0.201
0.7141
0.7815
0.2871
0.4654
0.7396
0.2379
0.9138
0.9003
0.0802
0.0166
0.4202
0.3724
0.0649
0.7335
0.0533
0.5852
0.4253
0.9847
0.0456
0.1161
0.8423
0.0737
0.7189
0.1813
0.4371
0.9296
0.6522
0.0471
0.5962
0.6634
0.121
0.9296
0.2779
0.1878
0.6755
0.309
0.4806
0.8872
0.5543
0.4708
0.4387
0.6695
0.3568
0.5948
0.7392
0.9469
0.3184
0.5564
0.255
0.2907
0.4147
0.5439
0.0643
0.1997
0.844
0.5921
0.0129
0.3772
0.1187
0.8702
0.1545
0.8204
0.0649
0.3733
0.234
0.297
0.4414
0.14
0.8385
0.5289
0.3078
0.4854
0.208
0.2184
0.3972
0.2055
0.0851
0.3347
0.2685
0.8813
0.0453
0.5781
0.2515
0.9922
0.1829
0.5983
0.3837
0.375
0.5291
0.8273
0.2135
0.5789
0.8162
0.64
0.8284
0.8527
0.3432
0.6818
0.2991
0.3656
0.7409
0.551
0.6905
0.4433
0.0204
0.4116
0.3696
0.6059
0.1652
0.8248
0.0843
0.7198
0.1022
0.7161
0.4637
0.113
0.3709
0.3959
0.4949
0.489
0.3314
0.3258
0.6839
0.7353
0.2815
0.9933
0.1365
0.6896
0.4524
0.9772
0.437
0.6168
0.5629
0.6779
0.7182
0.7485
0.1728
0.3518
0.6454
0.6654
0.2015
0.9057
0.1246
0.4916
0.138
0.7422
0.868
0.5228
0.9387
0.5146
0.9006
0.7155
0.6054
0.8178
0.7155
0.7178
0.2326
0.9214
0.1189
0.8871
0.192
0.2208
0.6821
0.1727
0.8012
0.3918
0.7569
0.9286
0.5157
0.446
0.0508
0.1902
0.9086
0.022
0.0866
0.7754
0.4396
0.6834
0.4487
0.9064
0.0213
0.4065
0.3889
0.4244
0.2512
0.6764
0.3642
0.9631
0.6684
0.205
0.5198
0.2461
0.5809
0.3551
0.1222
0.9118
0.7465
0.3451
0.0353
0.6512
0.8683
0.5722
0.6703
0.8422
0.5223
0.0041
0.076
0.2765
0.2072
0.9714
0.9423
0.456
0.1272
0.6658
0.0918
0.3696
0.1809
0.9755
0.5247
0.5336
0.6224
0.4816
0.2557
0.2648
0.9879
0.7964
0.7356
0.3455
0.2481
0.1019
0.1378
0.8536
0.4138
0.3378
0.4903
0.7
0.8809
0.4106
0.7483
0.4864
0.9914
0.4413
0.0511
0.6886
0.3269
0.4835
0.5014
0.4073
0.9564
0.9356
0.0815
0.6446
0.581
0.6298
0.5594
0.798
0.4969
0.52
0.454
0.7813
0.5933
0.9172
0.8975
0.6474
0.8224
0.8359
0.3366
0.4826
0.2238
0.2928
0.1136
0.4783
0.1017
0.7474
0.2641
0.2863
0.6272
0.2663
0.8143
0.5395
0.2687
0.6466
0.9712
0.204
0.0284
0.427
0.1741
0.7391
0.2814
0.9806
0.7133
0.4958
0.9523
0.8768
0.9352
0.8004
0.4733
0.4907
0.4502
0.921
0.1071
0.0957
0.9372
0.6272
0.3514
0.7335
0.5146
0.1793
0.7891
0.6172
0.5502
0.9386
0.3411
0.3087
0.9157
0.793
0.1766
0.9808
0.9891
0.4776
0.4492
0.0368
0.9754
0.1405
0.9877
0.0027
0.612
0.1359
0.8796
0.6843
0.861
0.4702
0.539
0.1718
0.8383
0.9077
0.5821
0.9232
0.3075
0.723
0.8031
0.6394
0.8208
0.3608
0.9547
0.5856
0.0028
0.8826
0.6511
0.0
1.0
1.0
0.0
1.0
1.0
0.0
1.0
1.0
0.0
0.0
1.0
1.0
0.0
0.0
0.0
1.0
0.0
0.0
1.0
0.0
1.0
1.0
0.0
0.0
0.0
1.0
0.0
1.0
0.0
0.0
1.0
0.0
0.0
0.0
0.0
1.0
1.0
1.0
1.0
1.0
1.0
0.0
0.0
0.0
0.0
