663.27 921.56 1190.86 1796.46 1945.34 1643.12
875.79 1261.04 1732.9 2626.58 2956.4 2256.66
723.18 1043.84 1312.93 2630.51 2391.13 1968.43
458.25 643.9 960.81 1535.0 1712.35 1040.88
917.68 1310.22 1904.03 2904.78 2781.15 1891.52
249.69 329.55 455.69 732.78 608.03 389.82
660.05 945.24 1154.0 2963.75 2201.99 1827.88
415.54 572.65 766.33 1138.91 1203.65 926.48
508.82 776.81 858.88 3009.07 1592.16 1042.57
896.07 1281.26 1774.35 2681.15 3176.39 2383.69
266.74 341.04 413.41 579.94 654.24 588.91
497.4 742.83 870.88 3232.71 1888.13 1453.84
833.93 1187.4 1561.96 2412.62 2678.41 2204.99
445.0 717.36 838.06 3419.96 1844.75 1234.08
495.14 701.69 859.55 1967.93 1619.37 1351.67
192.02 458.5 214.97 4855.92 1217.82 572.48
498.31 696.85 874.56 1304.74 1555.98 1350.08
761.68 1093.95 1406.14 2133.16 2540.0 2155.56
817.48 1173.41 1591.78 2494.57 2712.01 2056.06
788.91 1128.12 1499.52 2321.17 2519.61 2015.66
683.75 974.72 1235.16 1865.61 2233.82 1932.07
676.33 952.84 1258.49 1883.27 2120.46 1734.47
747.9 1059.71 1318.67 2776.78 2409.51 2055.34
901.51 1305.57 1810.02 2881.12 2354.51 1659.03
598.28 835.81 1063.79 1625.0 1833.84 1587.78
945.86 1371.7 1981.45 3230.99 3608.54 2410.08
283.3 518.15 499.79 3590.51 1524.91 960.99
614.78 899.84 1091.26 2837.02 2168.3 1755.01
309.29 501.91 517.11 3780.27 1431.81 957.59
628.15 925.95 1076.84 3292.59 2157.4 1741.97
829.72 1179.89 1546.56 2317.4 2678.5 2243.99
175.7 313.42 249.79 3454.41 850.97 471.53
668.01 921.95 1173.71 1748.0 2001.63 1761.92
304.6 401.02 492.84 698.59 815.67 722.7
668.71 938.02 1280.59 1928.81 2006.63 1556.58
385.83 520.52 648.8 936.24 1099.79 969.91
589.64 851.38 1104.73 2130.75 1994.29 1567.41
772.98 1114.68 1464.39 2477.5 2572.22 2012.61
869.52 1290.23 1904.38 2803.89 2623.06 1720.76
926.2 1372.16 1998.77 3019.12 2831.91 1919.2
355.48 506.08 586.44 1908.46 1191.38 931.55
665.13 946.82 1198.95 1809.29 2165.75 1873.63
390.25 542.63 697.77 1218.06 1122.0 890.59
714.18 1007.31 1261.02 2358.58 2237.41 1912.34
769.72 1102.69 1407.39 2857.48 2591.28 2086.17
258.82 402.7 430.92 1911.52 1010.24 709.26
524.64 721.35 940.59 1407.73 1507.7 1227.94
764.48 1078.32 1431.21 2177.97 2364.4 1925.39
300.77 558.05 334.78 4881.91 1243.07 589.49
289.36 378.6 463.58 654.01 762.36 676.32
327.75 451.81 532.02 1062.65 957.0 804.35
712.26 1047.02 1445.04 3282.45 2791.51 1895.32
480.97 670.87 840.84 1252.29 1492.59 1295.66
248.45 450.63 456.05 4304.27 1542.3 762.4
552.08 848.87 864.12 3839.28 1865.41 1359.27
867.89 1226.43 1654.25 2620.78 2663.31 2108.49
490.92 744.27 872.74 2878.59 1511.92 928.81
857.76 1203.17 1557.95 2359.47 2551.06 2191.12
608.69 863.21 1097.12 1648.27 1952.01 1676.08
158.04 185.39 211.44 269.8 303.02 276.64
670.29 944.44 1338.81 2098.99 1746.93 1173.61
909.36 1300.39 1834.66 2796.35 2821.35 2069.9
862.06 1204.98 1545.56 2375.27 2672.96 2330.71
830.01 1213.53 1709.8 2702.18 2486.11 1783.54
921.62 1309.31 1803.85 2732.47 3075.39 2338.77
193.5 251.84 280.12 873.52 523.41 419.03
240.65 417.69 400.7 3790.39 1298.51 806.37
666.54 949.14 1204.41 1818.1 2171.45 1872.49
443.53 675.95 777.16 3273.99 1753.38 1319.7
894.16 1289.19 1838.4 2901.19 3321.49 2332.47
281.73 414.42 434.35 1760.6 958.26 709.91
249.62 442.39 351.2 3704.7 1193.91 694.19
924.11 1334.68 1875.41 2922.01 2851.27 1931.45
707.7 1044.86 1234.44 2750.58 2318.35 1907.48
320.4 424.27 523.19 744.83 870.95 770.8
475.7 652.75 821.36 1199.17 1414.16 1243.43
393.86 641.44 674.08 3637.76 1768.65 1208.09
683.58 943.62 1196.93 1779.76 2039.8 1811.15
877.91 1225.21 1561.97 2357.31 2688.74 2381.7
868.19 1275.58 1796.77 2671.51 2717.06 1987.52
617.84 888.91 1108.2 1983.46 2068.95 1750.64
694.08 981.48 1241.34 2020.85 2221.76 1922.66
323.03 434.2 533.71 774.58 915.26 799.97
303.48 561.16 340.98 4864.93 1250.5 598.84
358.23 600.93 563.81 3921.17 1571.46 1030.61
695.29 992.02 1257.61 1900.52 2276.02 1968.3
874.0 1240.78 1744.34 2747.13 2636.32 1892.99
587.58 821.34 1070.86 1600.32 1781.91 1462.38
943.53 1350.72 2022.08 3098.44 2829.34 1760.83
716.01 1040.33 1311.74 2438.54 2384.54 1963.46
609.48 868.85 1161.53 1759.39 1976.41 1554.07
923.13 1348.98 1920.92 2842.76 2756.96 1983.24
472.35 743.31 849.85 2972.98 1910.17 1438.57
251.75 478.55 447.88 3670.25 1442.92 853.33
784.61 1107.97 1386.84 2622.98 2464.69 2137.61
579.18 812.81 1093.78 1698.12 1539.48 1113.29
708.25 1011.44 1282.81 1939.72 2323.38 2008.96
211.78 283.7 315.34 932.91 598.21 473.78
374.64 608.56 581.3 3871.74 1507.16 1031.71
582.67 891.0 1117.46 3555.35 2095.21 1361.21
738.21 1038.96 1325.39 1967.18 2332.38 2042.37
509.28 731.55 898.47 2204.93 1719.66 1403.46
209.0 260.37 309.29 418.9 481.27 431.74
162.4 191.8 219.81 282.56 318.26 289.91
937.01 1358.67 1873.98 2970.19 2752.29 1922.18
603.75 841.14 1067.22 1573.79 1862.05 1633.14
557.66 817.55 1006.93 2735.09 1868.18 1370.13
504.86 701.85 877.78 1463.98 1555.19 1345.06
744.9 1043.96 1346.42 2258.31 2278.29 1926.65
874.68 1221.44 1556.56 2365.08 2684.03 2373.72
718.14 1009.44 1286.87 1908.48 2262.19 1981.3
684.32 975.58 1236.28 1867.35 2235.92 1933.87
524.16 770.66 961.82 2653.31 1632.57 1083.07
498.91 686.99 870.14 1274.4 1492.05 1301.23
282.98 475.7 422.94 3383.61 1217.36 787.35
745.05 1032.48 1312.47 1956.7 2244.13 1991.39
762.63 1093.7 1431.94 2174.48 2488.61 2056.88
574.89 798.68 1011.81 1489.36 1761.1 1545.31
195.28 344.05 255.91 2443.77 807.04 483.36
659.96 971.83 1298.27 3216.55 2279.23 1614.87
656.62 1018.85 1154.19 3828.2 2285.57 1580.54
214.01 380.74 341.97 4018.96 1221.13 718.88
269.85 484.19 431.22 4126.52 1442.29 851.3
756.43 1084.03 1391.13 2114.11 2480.33 2099.34
265.1 338.66 410.32 575.21 648.77 584.09
703.42 1027.22 1219.64 2870.3 2305.44 1901.45
634.58 930.62 1128.1 2823.44 2215.68 1803.97
939.74 1357.87 1987.04 3047.57 2936.2 1978.85
368.25 552.22 652.53 2342.95 1258.76 851.39
902.98 1272.46 1695.62 2556.04 2901.3 2362.28
693.21 1008.43 1236.42 2645.93 2359.11 1966.02
487.47 680.61 853.48 1271.95 1516.35 1316.06
490.97 683.86 836.05 1768.53 1517.3 1285.09
153.43 177.24 200.43 253.79 277.6 256.66
852.85 1233.73 1638.22 2988.58 2627.24 1890.96
717.45 1042.08 1528.65 2347.55 2398.92 1567.98
678.42 988.74 1231.44 2299.83 2330.12 1959.16
683.46 1051.22 1516.21 3798.84 3061.91 1764.2
690.41 953.49 1209.76 1799.42 2062.49 1831.17
828.68 1180.68 1671.42 2535.84 2831.22 2021.14
796.94 1135.27 1487.33 2408.64 2552.78 2113.31
223.58 286.65 352.5 488.68 540.28 456.45
139.28 156.79 173.84 213.07 230.58 215.19
905.56 1320.02 1898.39 2913.43 3061.81 2126.01
343.68 495.18 517.94 1873.68 1017.04 781.09
514.72 710.15 896.28 1313.32 1550.64 1362.18
535.1 807.02 920.61 3406.79 1980.98 1511.69
654.99 969.68 1142.82 2770.39 2214.85 1796.38
424.11 580.01 762.46 1117.89 1282.63 1026.19
587.15 819.25 1018.21 1941.25 1818.34 1562.12
448.39 603.63 754.85 1102.8 1258.04 1121.54
901.39 1299.87 1944.47 2982.44 2759.35 1726.3
520.72 718.98 907.8 1330.88 1571.63 1380.45
400.06 541.46 676.13 977.87 1149.57 1013.22
150.4 333.8 144.34 4546.54 980.67 430.18
906.79 1294.58 1743.74 2602.01 2816.94 2301.68
456.76 634.59 793.76 1179.07 1404.1 1219.68
832.43 1158.79 1476.71 2208.2 2534.56 2247.59
678.91 1010.44 1236.28 3301.6 2415.7 1757.11
437.89 701.52 702.44 3789.8 1692.13 1215.63
435.78 683.48 700.44 3687.76 1650.7 1195.71
758.55 1086.84 1391.91 2109.52 2516.67 2145.43
432.53 589.24 738.48 1072.88 1263.16 1112.05
614.87 870.05 1221.02 1854.17 1912.51 1361.93
731.67 1024.11 1346.62 2062.78 2075.89 1672.07
399.29 563.45 649.43 1762.82 1237.49 1007.91
595.37 864.04 1037.18 3159.0 2074.78 1670.99
746.64 1100.83 1536.77 3085.58 2459.99 1620.22
864.83 1238.2 1754.49 2678.62 2685.66 1915.01
517.19 806.62 830.62 3525.31 1837.05 1336.47
823.38 1150.86 1522.77 2288.51 2485.21 2063.21
574.63 841.44 993.03 2338.44 1913.64 1562.55
820.16 1183.35 1605.95 2763.61 2638.2 2000.72
701.76 978.92 1302.14 1950.81 2259.2 1823.78
880.68 1246.68 1705.68 2726.8 2807.09 2107.08
964.83 1430.53 2098.07 3229.3 3577.05 2437.84
729.73 1100.21 1433.33 3141.06 2402.78 1748.18
192.16 412.09 200.5 4969.59 1238.43 552.73
690.33 1003.98 1243.77 2410.34 2342.37 1954.83
889.12 1297.71 1820.35 2692.19 2718.08 2019.45
548.93 828.92 942.44 2797.98 1913.29 1523.98
502.37 746.33 862.81 2462.13 1770.74 1403.59
502.03 759.17 882.46 3014.66 1846.26 1456.53
733.93 1076.43 1296.81 2889.29 2402.65 1945.16
580.36 811.92 1049.41 1544.14 1779.58 1518.87
693.17 990.35 1253.1 1934.41 2275.52 1963.88
188.27 376.7 275.06 4217.51 1226.81 624.9
875.38 1238.11 1587.5 2567.78 2667.13 2249.48
854.61 1230.52 1661.33 2585.85 2425.24 1867.0
606.44 832.11 1051.93 1557.73 1783.39 1584.96
820.87 1182.76 1602.59 3083.21 2945.19 2162.65
396.48 532.03 681.44 994.92 1089.02 923.66
783.43 1127.36 1581.87 2544.43 2881.16 2056.92
327.65 434.93 537.11 766.04 896.31 792.86
501.11 701.05 880.01 1313.22 1566.23 1358.88
773.31 1109.62 1435.46 2187.7 2526.9 2104.38
844.29 1201.95 1633.84 2482.77 2650.57 2080.15
559.36 893.4 909.18 3299.48 2014.68 1534.35
396.61 592.38 678.03 2910.14 1488.0 1112.65
301.89 520.29 448.27 3995.22 1351.37 852.81
287.64 493.17 455.01 4059.42 1376.9 868.6
601.82 889.17 986.02 3174.13 1943.66 1527.11
773.59 1101.71 1572.01 2394.64 2358.48 1646.32
813.5 1167.41 1552.68 2524.69 2673.43 2142.06
413.21 560.81 701.38 1016.34 1195.57 1053.24
204.28 253.42 300.23 405.09 464.77 417.38
485.6 696.69 847.69 2131.47 1636.94 1346.11
454.21 627.28 845.17 1249.21 1311.55 1017.78
410.78 664.05 661.93 3843.62 1681.72 1158.65
275.57 358.31 437.11 613.66 714.13 634.35
696.75 994.2 1260.44 1904.93 2281.34 1972.87
915.16 1310.15 1925.6 2947.08 2777.54 1816.41
314.97 410.76 504.07 718.77 814.55 730.33
801.0 1139.37 1390.88 2679.12 2479.0 2130.12
466.15 638.7 803.03 1171.23 1380.75 1214.37
479.39 726.93 818.03 3473.46 1855.61 1375.05
208.29 303.46 291.94 1514.53 685.63 478.57
292.87 529.54 517.5 3559.27 1544.4 985.15
639.43 935.49 1122.36 2800.4 2172.01 1788.73
251.29 441.39 273.14 3569.43 914.6 454.93
483.96 675.35 846.65 1261.33 1503.52 1305.04
86.07 221.86 98.62 4186.56 989.01 378.82
730.53 1057.77 1319.74 2307.8 2419.95 2040.49
304.97 538.4 339.13 3756.25 1048.46 562.73
109.76 114.11 118.35 128.09 132.44 128.62
591.86 862.59 1226.85 2272.92 2015.87 1324.14
559.89 845.56 979.74 3005.05 2053.53 1627.34
282.04 373.66 463.68 775.28 771.5 639.51
935.42 1367.4 1938.88 2884.08 2951.24 2203.62
888.02 1291.74 1801.0 2662.79 2751.79 2076.87
544.66 754.4 954.87 1403.65 1652.3 1448.13
501.52 802.88 838.93 3543.85 1902.69 1416.52
703.13 1040.3 1302.38 3311.47 2148.81 1530.17
232.8 376.78 262.41 2312.16 700.86 406.88
756.96 1070.79 1385.14 2054.84 2381.51 2043.63
645.83 938.32 1110.53 2988.12 2132.66 1756.29
953.13 1376.07 1928.46 3103.64 2479.82 1554.03
901.26 1270.0 1757.45 2752.81 2684.22 2010.17
580.29 851.42 1038.41 2621.62 2072.61 1686.32
842.73 1173.68 1496.07 2237.84 2568.79 2277.79
347.59 558.35 571.65 3732.56 1555.9 1034.09
806.54 1143.14 1481.28 2260.09 2496.19 2101.31
800.92 1131.65 1446.12 2162.0 2553.9 2233.31
488.58 733.51 848.72 3399.58 1876.11 1431.77
726.76 1123.61 1395.24 4198.16 2825.6 1734.88
506.29 809.36 898.87 3604.69 1809.01 1055.14
239.2 417.08 387.07 3769.95 1326.76 776.65
790.67 1147.05 1563.83 3169.91 2937.63 2088.98
749.54 1071.07 1346.05 2350.96 2451.7 2103.09
897.39 1290.17 1761.35 2773.92 2423.18 1806.02
718.97 1025.37 1281.97 2296.28 2333.0 1997.95
948.76 1373.63 1992.31 3074.64 3091.8 2078.29
690.26 1018.8 1330.53 3143.13 2599.8 1881.78
879.77 1260.59 1713.24 2628.33 2748.61 2066.54
931.57 1325.62 1877.49 2957.16 2519.37 1741.58
539.03 745.93 942.97 1384.47 1635.69 1436.19
351.67 463.81 573.05 824.4 936.55 837.94
717.86 1027.71 1304.04 2009.76 2365.44 2034.45
555.13 773.68 1016.98 1506.36 1673.82 1379.02
650.42 950.0 1158.36 2766.85 2249.26 1845.34
847.66 1182.14 1511.22 2265.81 2580.23 2272.35
754.72 1079.35 1409.91 2138.57 2447.1 2026.2
694.74 1000.72 1429.34 2175.87 2367.0 1642.78
925.77 1317.94 1863.27 2965.16 2996.71 2084.45
704.31 1006.0 1439.45 2178.88 2138.23 1497.94
371.65 507.06 628.26 921.65 1093.0 952.57
456.92 625.12 785.3 1144.22 1348.46 1186.27
522.04 761.84 907.39 2153.0 1778.3 1452.21
583.7 853.62 1032.05 2258.69 1987.29 1649.47
842.63 1230.83 1761.39 2599.85 2491.76 1763.11
657.33 1007.47 1172.64 3407.89 2262.93 1634.52
495.17 681.39 858.74 1256.12 1482.25 1302.68
792.83 1140.89 1451.3 2664.69 2455.46 1990.16
597.8 895.63 1064.41 2735.46 2176.25 1746.74
673.13 1001.9 1356.44 3381.94 2647.56 1786.88
290.73 441.84 466.56 2158.33 974.01 663.34
928.58 1319.9 1859.17 2921.11 2529.82 1779.96
907.38 1300.0 1795.55 2743.58 2946.67 2237.87
739.8 1066.28 1291.61 2800.31 2339.91 1909.76
638.65 939.67 1122.13 2940.39 2212.0 1809.71
203.47 269.54 293.13 866.97 538.52 434.34
212.5 359.55 289.16 2331.79 827.4 521.62
272.29 514.18 423.71 4167.18 1535.19 905.71
779.59 1082.41 1377.39 2056.11 2358.93 2092.66
305.76 505.8 506.94 3539.8 1466.31 948.86
291.85 537.1 462.21 4081.14 1573.72 956.25
846.0 1213.66 1621.56 2503.18 2460.13 1950.33
266.43 446.36 466.08 3819.4 1329.9 779.97
667.63 935.13 1189.88 1760.7 2085.51 1827.57
405.25 546.0 695.71 1008.57 1108.31 952.54
658.79 938.64 1207.64 1839.82 2089.91 1744.09
447.25 610.88 766.73 1115.93 1314.63 1156.84
812.8 1151.13 1585.32 2401.81 2490.5 1914.96
770.86 1105.37 1441.37 2186.71 2582.99 2135.68
245.73 318.37 383.39 540.78 632.7 557.37
231.07 297.89 374.25 528.83 582.97 471.74
927.38 1317.61 1851.82 2906.65 2534.01 1795.36
710.48 1055.76 1381.11 3010.81 2198.8 1513.13
832.45 1176.13 1491.75 2555.28 2572.79 2208.6
364.3 574.51 628.8 3507.3 1573.12 1115.91
364.91 614.64 559.88 4027.27 1526.79 1022.21
556.1 783.46 986.95 1479.54 1767.24 1531.47
603.38 856.42 1243.69 1887.74 1807.14 1208.41
348.3 458.93 566.71 814.69 925.32 828.04
435.16 686.13 759.49 3169.17 1817.92 1316.57
734.83 1054.13 1334.77 2090.07 2437.32 2098.0
908.38 1331.22 1891.1 3059.73 2240.1 1414.13
933.33 1333.12 1857.7 2843.25 2967.36 2199.56
453.96 631.93 796.54 1224.25 1389.73 1181.73
352.38 577.31 625.51 3915.32 1482.63 868.85
809.51 1161.67 1564.88 2443.95 2684.13 2065.98
645.92 903.19 1148.2 1697.19 2009.58 1761.5
668.31 936.12 1191.18 1762.67 2087.88 1829.63
386.66 643.77 555.1 3021.96 1381.14 968.84
755.78 1080.85 1375.54 2433.8 2449.67 2075.21
583.34 873.12 1174.33 2486.29 1946.93 1380.04
413.58 674.91 651.94 3993.12 1721.09 1163.39
698.21 1056.58 1360.8 2903.23 2200.83 1564.67
863.16 1246.71 1731.76 2661.57 2834.83 2088.88
305.25 497.42 506.35 2961.77 1061.7 620.12
675.72 1047.44 1488.65 3250.08 2289.2 1432.04
759.15 1079.48 1366.02 2368.19 2471.13 2129.54
369.44 516.3 619.74 1249.59 1142.98 958.86
288.35 372.28 454.04 642.15 726.07 652.28
914.2 1354.04 1965.23 2907.21 2810.9 1928.16
905.72 1332.25 1903.7 3092.99 2205.66 1347.66
554.45 756.95 954.21 1408.08 1610.57 1432.52
801.01 1167.0 1686.49 2588.07 2806.42 1904.92
904.75 1300.81 1822.66 2786.55 2930.42 2140.44
658.73 922.68 1183.99 1754.1 2048.33 1769.98
455.82 697.92 783.78 3377.46 1707.26 1306.67
443.45 612.06 731.59 1486.58 1284.51 1096.23
838.48 1209.71 1737.85 2789.69 2634.81 1800.48
605.94 858.0 1086.2 1635.29 1941.88 1675.31
360.69 556.33 577.22 2621.94 1355.57 979.89
780.23 1083.33 1378.59 2057.95 2361.05 2094.53
681.73 992.84 1207.24 2690.9 2288.41 1909.27
576.18 826.88 1058.43 1803.08 1845.21 1513.73
883.92 1291.05 1802.08 2675.22 2837.19 2172.61
662.27 918.71 1158.28 1901.06 2006.71 1763.14
668.9 944.37 1256.45 1900.9 2046.32 1606.69
552.88 834.04 929.13 3004.04 1888.04 1495.77
327.96 491.48 572.32 2268.87 1296.41 902.29
646.59 915.45 1239.22 1874.32 2002.08 1548.22
749.37 1073.23 1362.93 2069.33 2474.4 2137.88
890.22 1249.41 1652.44 2487.91 2717.4 2264.74
701.8 1001.77 1270.26 1920.2 2299.8 1988.72
892.85 1282.45 1761.08 2714.97 2778.9 2026.69
237.52 302.32 364.04 502.33 581.02 518.53
607.46 869.91 1090.78 2649.76 2037.04 1628.21
944.64 1354.83 1937.55 2950.41 3290.45 2309.73
666.6 955.36 1171.25 2129.34 2131.89 1823.28
720.37 1031.8 1291.29 2488.52 2362.97 2019.8
673.17 964.03 1255.36 1900.42 2239.87 1854.64
428.33 583.06 730.42 1060.6 1248.48 1099.28
848.91 1207.72 1593.56 2439.06 2541.08 2043.52
755.33 1082.89 1387.66 2120.12 2521.97 2142.8
632.35 948.24 1057.91 3314.1 2118.3 1662.43
114.42 121.21 127.68 142.18 150.43 143.88
825.77 1204.64 1646.54 2461.75 2605.05 2012.62
524.91 748.07 1048.96 1525.37 1512.2 1094.73
904.21 1270.52 1709.18 2579.31 2743.32 2213.88
96.71 232.23 128.49 4277.67 965.77 429.51
660.81 969.28 1206.33 2502.68 2322.64 1891.59
172.36 206.46 238.94 311.71 353.12 320.23
341.22 582.08 519.5 4364.44 1546.23 1006.64
499.29 733.59 846.3 2476.91 1709.63 1359.53
515.26 705.11 903.7 1423.48 1459.35 1238.32
638.98 930.14 1151.26 2487.81 2223.97 1847.55
903.83 1279.95 1720.69 2653.96 2836.76 2262.57
771.28 1107.07 1424.19 2174.87 2506.63 2108.63
764.08 1092.11 1487.55 2336.09 2026.84 1505.46
253.25 341.38 429.72 1005.31 716.69 504.81
144.36 326.51 133.66 4552.84 968.37 416.01
872.21 1217.26 1551.38 2352.31 2671.91 2365.77
963.02 1392.2 2022.09 3124.27 3121.34 2091.5
414.83 657.8 659.61 3750.82 1601.51 1139.5
747.8 1036.44 1317.62 1964.59 2253.23 1999.43
831.46 1177.15 1544.51 2309.7 2627.35 2204.24
348.23 553.63 595.92 3604.53 1567.27 1078.91
893.4 1277.01 1764.55 2665.25 3157.7 2380.04
808.56 1167.52 1618.15 2469.63 2580.49 1931.59
694.24 978.57 1264.99 1880.97 2211.75 1888.84
710.56 1023.18 1289.41 2199.52 2384.83 2036.74
824.72 1263.43 1857.3 3556.7 2766.66 1762.66
594.22 866.79 1238.47 1826.68 1847.73 1322.74
864.73 1241.3 1686.39 2548.93 2892.53 2259.01
243.07 314.38 378.21 532.72 622.96 549.01
69.24 263.17 102.66 4303.02 1087.78 418.69
539.84 800.8 928.76 2679.99 1860.83 1497.5
349.25 473.5 584.7 853.89 1011.11 882.27
656.16 968.12 1332.48 2735.71 2345.0 1618.12
900.47 1275.46 1727.63 2625.64 2823.36 2225.98
669.95 938.54 1194.34 1767.49 2093.63 1834.63
896.26 1261.26 1670.6 2551.31 2912.69 2391.1
784.24 1089.13 1386.13 2069.5 2374.39 2106.3
897.67 1266.85 1674.68 2526.75 2849.16 2360.09
196.36 356.54 303.06 4169.59 1219.13 681.51
449.87 734.26 856.14 3985.79 1838.46 1048.2
751.55 1063.52 1378.29 2073.67 2302.86 1954.57
739.71 1061.0 1344.16 2104.82 2453.64 2112.75
400.43 534.3 664.71 964.75 1098.62 980.91
907.89 1299.63 1765.7 2626.2 2742.86 2183.73
418.47 625.65 723.76 2249.91 1548.62 1194.57
515.08 756.53 965.79 2655.43 1785.18 1317.99
148.37 235.5 141.33 1348.27 413.52 242.92
555.32 823.8 949.72 3404.16 1959.36 1539.73
373.46 631.97 693.67 3825.14 1723.2 1047.0
731.78 1013.29 1287.51 1918.48 2199.99 1952.46
446.45 616.42 864.24 1340.96 1505.39 1049.09
580.47 819.14 1023.0 1827.45 1848.84 1583.67
675.94 994.27 1301.49 2888.33 2299.7 1688.2
599.63 874.4 1064.62 2893.66 2116.78 1718.21
483.62 692.37 849.57 2312.24 1563.69 1223.03
474.18 769.75 796.02 3445.1 1854.06 1365.15
902.81 1285.98 1836.46 2787.92 2756.27 1950.0
954.41 1418.06 2094.81 3084.74 2891.43 1905.95
544.76 778.51 956.93 2038.84 1784.91 1486.19
401.18 543.11 678.28 981.15 1153.49 1016.63
872.88 1274.84 1857.69 3321.65 3215.61 2068.66
677.37 984.96 1172.46 3108.68 2262.26 1868.14
828.27 1184.32 1564.78 2786.36 2713.45 2158.35
302.61 537.64 433.37 4249.27 1458.08 861.83
733.58 1055.96 1288.03 2833.89 2412.87 2025.86
135.89 302.54 156.67 4713.67 1016.16 451.32
458.43 797.79 668.39 3952.52 1770.45 1213.7
892.91 1273.46 1708.52 2657.54 2497.73 1965.59
897.18 1271.49 1686.94 2515.36 2724.19 2265.91
550.07 782.64 977.31 1712.53 1797.85 1532.92
713.1 1017.38 1286.54 2302.8 2261.76 1898.33
869.02 1241.68 1684.92 2552.66 2799.4 2190.9
738.01 1056.04 1340.69 2029.74 2432.18 2102.38
598.54 847.05 1069.48 1607.91 1922.37 1664.66
697.86 1002.14 1260.51 2075.37 2314.41 1982.98
818.22 1160.26 1499.83 2229.76 2600.67 2239.22
855.87 1219.53 1680.58 2535.87 2674.21 2048.39
719.32 1026.0 1264.15 2809.21 2308.04 1966.68
214.21 438.22 240.85 4933.41 1281.6 605.47
752.61 1082.25 1397.74 2230.92 2487.75 2075.8
597.18 903.37 1165.6 3403.64 2144.73 1381.91
403.73 625.66 634.19 2233.69 1368.36 1048.32
552.73 835.8 961.08 3000.12 2020.54 1581.4
779.21 1105.72 1404.39 2312.42 2519.22 2182.68
579.2 817.28 1118.81 1684.71 1996.9 1489.6
397.73 678.42 592.92 3328.78 1461.15 952.99
675.19 987.61 1193.36 2523.48 2269.01 1880.98
656.46 939.8 1185.45 1952.62 2163.4 1844.41
436.53 591.47 732.57 1219.1 1242.88 1095.0
680.53 939.2 1191.18 1770.97 2029.64 1802.19
646.24 939.55 1170.09 2336.17 2209.16 1820.4
914.93 1337.49 2062.73 3374.95 3776.41 2234.96
895.72 1282.62 1834.41 2794.43 2729.89 1939.68
580.48 819.98 1034.34 1553.26 1856.33 1607.96
706.01 1012.52 1267.26 2481.35 2357.71 1991.55
919.46 1350.21 1973.8 3133.41 3143.24 2074.31
687.38 1014.9 1280.97 3375.57 2449.78 1805.65
636.22 881.91 1157.8 1727.14 1958.82 1619.0
872.33 1216.48 1551.87 2323.32 2667.14 2364.18
760.07 1071.13 1367.38 2031.16 2408.87 2108.92
268.42 473.69 381.93 3934.02 1272.67 747.11
422.03 670.46 721.99 3582.82 1764.98 1248.8
645.62 890.17 1125.82 1712.04 1923.0 1703.04
308.59 407.29 490.62 854.43 821.15 720.22
285.15 372.4 455.5 641.69 747.63 663.5
474.36 742.42 780.46 3878.82 1828.89 1340.03
701.62 1001.51 1269.92 1919.67 2299.16 1988.16
373.26 624.58 576.19 4000.11 1545.7 1044.33
601.99 838.55 1063.85 1568.66 1855.91 1627.8
617.6 950.58 1050.98 2964.97 2167.71 1713.32
810.1 1136.62 1435.6 2392.69 2519.69 2201.86
256.85 336.7 401.39 714.69 681.68 587.73
776.61 1103.33 1398.43 2318.03 2508.2 2171.84
915.81 1327.08 1902.89 2938.7 3001.8 2065.09
270.57 439.4 393.8 2821.57 1051.98 702.67
401.34 673.56 565.19 4251.52 1519.08 936.6
764.55 1060.66 1349.12 2012.82 2308.93 2048.55
931.81 1329.93 1903.05 3048.31 3037.23 2043.28
452.16 720.16 764.29 3416.56 1762.26 1281.74
685.46 946.33 1200.46 1785.17 2046.04 1816.65
697.83 989.62 1217.25 2500.78 2209.91 1890.9
221.87 298.72 381.28 865.57 583.59 379.92
271.1 459.35 451.27 3595.57 1403.43 869.65
706.51 992.32 1264.53 1874.44 2221.5 1945.9
694.63 1004.04 1423.8 2165.69 2409.83 1733.99
736.12 1087.64 1459.29 3015.4 2545.37 1824.67
670.5 955.5 1243.27 2354.49 2201.55 1745.72
304.27 406.1 497.23 717.85 846.7 741.1
549.31 812.53 944.64 3294.19 1900.08 1521.54
446.7 695.24 740.66 3165.84 1665.39 1248.52
168.37 202.45 232.95 306.79 349.92 314.58
388.34 523.65 643.61 1141.44 1102.14 962.22
903.34 1284.91 1876.74 3016.95 2656.67 1711.69
347.11 632.57 515.58 4347.78 1546.02 974.5
346.53 469.41 579.4 845.65 1001.16 873.72
514.67 740.4 866.6 2388.39 1659.84 1362.28
787.03 1111.46 1436.94 2150.93 2460.08 2108.99
763.61 1077.37 1401.83 2105.08 2354.31 1992.32
904.3 1311.91 1852.72 2826.62 3120.94 2250.61
561.34 812.16 990.11 2051.77 1882.92 1569.89
262.09 342.88 415.2 590.25 692.49 608.71
161.49 192.14 219.57 285.97 324.76 292.97
251.51 327.03 394.63 558.26 653.83 575.51
378.74 710.48 417.48 5327.76 1429.86 729.62
449.06 637.34 764.04 1527.09 1409.15 1181.36
377.64 514.6 679.31 1033.01 907.21 690.73
505.27 773.71 943.42 3289.34 2079.78 1449.12
508.71 690.83 868.24 1276.43 1458.54 1298.41
406.32 576.74 708.32 1702.31 1299.12 1018.54
364.85 606.31 619.05 3738.26 1711.51 1134.59
230.48 401.6 349.38 4443.67 1295.81 754.36
300.56 500.21 477.16 4003.78 1303.18 870.25
747.66 1096.14 1403.76 3092.09 2576.03 1901.17
896.41 1316.07 1860.74 2761.4 2880.02 2155.45
907.98 1282.29 1695.93 2613.95 2624.51 2104.35
767.72 1098.65 1425.73 2182.23 2495.86 2083.36
905.72 1278.19 1704.88 2581.99 2824.21 2300.02
712.0 1003.87 1381.13 2121.35 2134.17 1626.79
656.33 957.19 1188.96 2264.6 2257.5 1892.91
810.47 1138.88 1436.93 2548.26 2542.6 2212.46
710.1 1029.99 1281.84 2265.49 2386.04 2027.92
735.82 1041.8 1387.83 2085.59 2329.89 1880.78
663.2 953.96 1274.47 1901.12 2072.01 1653.52
151.09 261.67 216.99 2967.12 832.01 465.38
538.67 787.98 920.67 2585.93 1836.13 1477.77
582.59 822.46 1041.28 1765.36 1798.18 1510.89
204.36 256.38 302.94 415.65 481.47 427.53
942.56 1384.24 2030.84 3130.0 3368.39 2226.92
400.12 538.48 690.36 1016.72 1095.24 907.5
304.62 401.05 492.88 698.65 815.74 722.75
409.13 645.78 693.85 3535.65 1665.68 1202.66
531.18 730.26 965.11 1432.41 1655.5 1333.02
521.99 806.18 825.98 3508.5 1781.07 1308.55
711.98 1050.69 1235.75 2749.38 2355.45 1961.07
443.23 687.4 815.8 2891.09 1648.91 1110.86
916.38 1296.59 1784.49 2774.11 2572.44 1936.43
382.23 515.23 641.89 925.7 1087.2 958.95
101.83 102.69 103.51 105.35 106.4 105.57
613.5 869.68 1106.6 1668.88 1966.51 1678.18
766.31 1128.03 1608.85 3238.79 2425.98 1537.7
233.31 299.75 359.23 503.2 587.29 518.38
920.32 1328.12 2017.06 3097.05 2794.79 1674.57
651.9 927.95 1180.08 1802.12 2116.74 1814.26
732.58 1032.82 1316.3 2012.79 2320.46 2020.37
776.42 1131.02 1618.09 2470.78 2747.28 1952.28
832.06 1158.78 1479.89 2213.64 2539.27 2242.35
396.01 675.31 640.11 3809.38 1633.22 1088.35
888.45 1242.75 1605.5 2408.71 2773.35 2398.39
611.37 870.96 1075.47 2607.12 1992.89 1644.69
806.65 1141.76 1461.78 2234.26 2572.17 2232.36
295.96 434.85 440.25 1787.14 923.56 678.13
833.55 1181.85 1553.96 2357.07 2680.7 2214.28
947.24 1355.55 1973.37 3145.88 2464.64 1540.7
310.14 530.89 549.41 4370.37 1522.58 842.5
745.46 1069.33 1364.34 2117.75 2464.15 2105.02
622.34 919.85 1103.26 2670.51 2181.26 1778.51
888.09 1264.7 1752.13 2725.0 2520.58 1858.94
805.83 1153.62 1558.32 2370.95 2572.32 2014.96
90.46 245.46 67.34 4909.57 908.15 326.38
107.37 128.93 106.17 595.41 209.27 139.8
533.71 749.9 943.4 1411.81 1685.38 1461.19
763.39 1086.62 1527.71 2306.99 2728.52 1972.18
716.81 995.89 1314.15 2000.76 2121.62 1749.67
650.7 936.38 1187.98 2413.18 2201.18 1788.76
451.7 697.45 732.67 3463.38 1682.75 1227.93
594.33 891.49 1227.48 3836.58 2256.84 1289.26
292.61 378.43 462.03 654.39 740.21 664.74
223.23 405.18 341.04 4081.28 1138.21 688.07
960.78 1393.5 2038.61 3153.26 3135.84 2061.32
394.47 642.63 674.83 3521.76 1623.73 1052.05
809.06 1137.51 1435.77 2528.22 2536.93 2209.76
475.12 749.98 912.02 3958.01 1737.42 976.82
676.58 964.29 1224.17 1850.85 2197.18 1893.64
687.84 976.02 1398.72 2120.0 2041.73 1423.04
562.19 827.78 989.47 3124.22 2039.0 1621.96
844.47 1188.7 1526.24 2547.57 2572.74 2184.04
878.93 1227.59 1575.79 2361.63 2707.02 2371.47
851.97 1187.82 1516.97 2269.44 2600.47 2300.31
735.42 1126.76 1459.15 3755.54 2729.27 1822.98
491.71 767.65 811.77 3639.62 1891.85 1379.86
719.07 1010.81 1288.65 1911.2 2265.45 1984.13
919.44 1349.18 1994.26 3073.03 3283.03 2132.58
112.15 289.04 129.83 4634.17 1096.07 435.68
319.47 428.87 526.79 763.83 902.27 788.81
614.06 856.32 1087.03 1603.98 1898.14 1664.54
730.63 1036.81 1310.03 2217.99 2353.34 2033.71
790.36 1149.63 1649.66 2822.22 2465.24 1618.33
976.24 1477.87 2242.79 3323.83 3157.43 2037.76
346.4 533.31 554.93 2718.28 1303.79 955.47
833.29 1182.04 1548.34 2315.42 2714.18 2271.17
882.34 1234.11 1585.23 2371.92 2696.19 2365.41
795.7 1143.7 1521.41 2315.27 2590.02 2089.45
327.8 674.04 356.74 4797.72 1454.35 798.7
791.02 1120.87 1427.89 2250.92 2544.03 2213.38
654.45 986.58 1184.35 3562.61 2377.07 1657.49
638.68 907.2 1147.53 1729.31 2069.09 1790.63
860.59 1242.23 1688.97 2643.33 2400.98 1809.08
323.47 423.05 520.05 743.24 842.81 755.25
910.04 1313.07 1785.89 2799.63 2717.86 1997.83
841.51 1175.89 1512.19 2259.46 2559.43 2238.55
749.85 1063.6 1380.16 2307.36 2317.31 1928.98
709.3 1025.49 1278.56 2480.25 2384.08 2012.0
680.95 985.19 1226.18 2751.19 2277.38 1868.77
661.15 941.45 1213.53 1840.98 2121.92 1768.24
927.35 1379.36 2035.73 3000.18 2753.43 1802.17
308.95 407.41 501.19 711.31 830.88 735.93
467.41 652.81 882.42 1483.68 1386.59 1041.18
151.19 355.57 143.74 4610.92 1023.3 450.64
794.86 1137.6 1503.08 2316.2 2503.29 2060.97
491.57 785.09 910.02 4008.26 1870.32 1093.58
697.85 1007.35 1239.03 2593.61 2314.04 1950.71
477.42 655.28 824.66 1204.2 1420.17 1248.66
741.87 1085.88 1547.76 2285.32 2258.44 1599.69
477.81 741.5 942.96 3801.83 1856.57 1081.45
841.84 1223.32 1870.51 2871.84 2542.11 1497.68
290.73 375.71 458.5 648.99 733.97 659.24
574.06 785.3 991.07 1464.53 1675.76 1490.02
938.29 1350.07 1953.05 3111.01 3509.21 2394.13
683.56 958.56 1220.47 1807.3 2141.23 1876.05
749.51 1063.9 1320.88 2723.1 2380.47 2045.72
864.44 1208.87 1535.81 2377.23 2654.53 2344.7
871.47 1240.21 1825.95 2951.89 2548.0 1591.62
624.01 905.51 1254.44 2107.24 1894.41 1377.44
688.38 954.43 1224.5 1818.68 2052.57 1790.97
797.56 1137.72 1491.39 2361.0 2468.99 2000.39
550.31 828.6 932.6 2389.29 1866.73 1509.53
573.62 784.66 990.24 1463.26 1674.29 1488.73
770.99 1132.97 1520.25 2980.71 2245.4 1460.56
92.07 190.08 85.24 3140.25 567.67 244.48
449.02 653.67 776.49 1852.72 1534.14 1247.48
430.47 676.67 791.03 3608.94 1744.25 1183.03
305.75 538.84 359.77 4307.67 1173.52 604.99
419.95 613.87 764.31 1991.54 1258.71 850.44
603.74 847.01 1061.62 1727.11 1877.74 1628.41
243.6 307.58 369.91 513.33 577.31 521.05
218.67 401.92 336.4 4137.99 1317.59 725.88
335.3 458.63 616.79 881.41 921.45 712.73
612.1 903.82 1084.02 2629.47 2133.0 1747.81
762.93 1123.98 1346.97 3086.27 2463.87 1963.08
553.04 853.56 1006.97 3265.13 1879.15 1345.22
752.19 1079.39 1376.36 2138.21 2474.11 2108.48
966.0 1402.58 1950.69 3114.41 2791.5 1886.18
382.02 611.73 640.56 3652.5 1601.25 1128.13
876.28 1249.75 1701.61 2563.2 3037.66 2356.61
407.85 628.32 704.38 3191.63 1673.65 1206.82
582.84 810.38 1027.08 1512.63 1788.92 1569.51
482.91 667.31 853.12 1318.26 1475.31 1243.1
730.58 1044.97 1326.74 2009.66 2404.71 2077.13
229.84 294.56 352.49 492.72 574.62 507.5
600.08 885.63 1079.86 2946.26 2133.54 1680.67
621.78 867.67 1101.84 1626.55 1925.13 1688.02
650.83 952.02 1225.45 2724.47 2071.55 1508.02
216.74 274.93 327.02 453.1 526.74 466.39
341.7 559.63 554.69 3963.23 1494.29 1002.13
347.74 594.89 619.11 3380.02 1656.22 1123.77
400.02 612.9 658.24 2762.77 1506.18 1114.33
294.69 386.44 473.82 669.6 781.01 692.54
409.08 664.04 665.4 3933.69 1709.02 1203.66
732.59 1044.35 1286.25 2829.29 2360.32 2002.54
672.46 957.74 1218.16 1843.84 2170.95 1860.85
854.74 1191.04 1518.65 2272.42 2608.72 2313.01
825.04 1177.07 1582.2 2412.97 2574.79 1990.85
920.98 1302.84 1769.35 2673.97 3111.3 2435.02
799.06 1182.43 1651.45 3148.68 2915.5 1875.29
144.31 342.61 126.67 4938.01 1077.32 424.43
656.49 951.35 1168.75 2708.08 2205.45 1847.88
912.5 1312.21 1984.05 3041.5 2751.57 1672.65
345.07 504.75 560.73 2327.83 1160.16 901.96
817.56 1165.19 1642.45 2600.95 2663.56 1855.78
523.76 730.16 880.11 1758.83 1552.41 1328.86
326.8 449.13 624.86 887.29 825.39 574.06
205.98 286.34 315.02 1171.41 604.3 399.82
657.7 949.76 1169.1 2489.12 2173.87 1817.2
697.81 997.4 1262.38 1956.47 2293.66 1978.78
796.3 1128.56 1437.09 2245.67 2558.59 2226.38
541.53 761.58 997.19 1663.95 1639.23 1274.19
453.18 628.65 775.24 1375.41 1375.33 1185.03
337.36 467.35 539.99 1431.85 1006.05 832.18
581.64 808.62 1024.78 1509.13 1784.74 1565.87
407.04 665.08 712.44 3489.47 1757.02 1239.02
546.67 815.76 893.96 2697.13 1766.17 1395.46
520.81 723.92 908.82 1470.93 1603.63 1391.55
127.17 276.82 193.02 2993.32 914.56 453.97
729.74 1039.7 1309.23 2339.07 2367.08 2038.54
647.72 950.6 1283.01 2240.04 2048.43 1522.77
814.37 1143.17 1446.85 2496.68 2541.33 2213.53
410.22 548.45 683.11 992.93 1131.16 1009.61
338.74 543.8 568.21 3822.51 1552.8 1057.28
296.31 457.26 515.65 2236.4 978.1 545.94
762.44 1080.48 1372.31 2208.2 2454.14 2128.32
464.68 637.67 799.85 1197.25 1380.62 1211.17
346.8 469.82 579.93 846.48 1002.15 874.57
803.14 1116.44 1421.65 2123.89 2437.19 2161.7
732.91 1022.11 1299.12 2066.03 2207.09 1919.5
429.43 660.72 743.7 3435.15 1756.4 1296.05
945.84 1364.28 1925.0 3008.37 2890.51 1930.55
828.57 1176.04 1578.74 2344.98 2503.0 2034.51
718.79 1042.46 1366.63 2953.74 2305.71 1703.56
477.08 708.71 788.48 2865.12 1648.97 1274.73
781.81 1085.61 1381.56 2062.49 2366.29 2099.16
899.9 1297.81 1909.92 2920.95 2739.5 1812.06
163.46 191.73 219.27 282.65 310.92 286.06
894.24 1293.8 1844.75 2891.44 2728.61 1746.95
168.94 369.24 249.36 4373.24 1326.52 642.06
826.37 1173.71 1531.04 2291.1 2661.59 2249.2
585.86 814.83 1032.88 1521.47 1799.5 1578.71
310.22 505.68 512.37 3676.89 1469.42 944.7
597.36 840.55 1055.3 1786.67 1888.8 1629.08
902.96 1292.23 1799.68 2722.22 3224.7 2393.12
672.57 942.39 1199.37 1775.15 2102.8 1842.61
188.79 230.64 270.49 359.78 410.59 370.24
590.36 883.02 1000.27 3293.69 2037.55 1619.72
817.31 1173.16 1591.21 2493.5 2711.42 2056.27
891.33 1263.08 1834.99 2944.47 2600.88 1701.8
201.5 320.41 284.79 2285.25 759.77 455.16
686.81 1040.29 1372.09 3784.44 2181.96 1318.34
433.1 599.14 747.75 1107.5 1317.6 1145.42
519.94 732.49 916.38 1443.61 1651.71 1423.44
114.45 271.13 138.54 4464.15 1094.63 456.78
741.82 1044.28 1332.34 1977.76 2345.03 2053.38
890.53 1247.85 1623.35 2438.22 2785.03 2377.98
296.42 553.06 324.82 4909.16 1231.14 574.49
470.24 723.9 818.72 3326.87 1797.27 1337.99
700.98 1000.05 1237.09 2798.99 2297.93 1938.96
710.95 1001.88 1275.16 2448.12 2237.45 1875.0
614.93 947.59 1242.6 3665.18 2566.07 1611.33
521.93 732.25 920.49 1376.18 1642.32 1424.21
747.04 1069.55 1358.57 2057.74 2464.16 2129.0
526.13 731.64 962.45 1464.49 1448.52 1129.76
687.96 1012.94 1207.17 2594.92 2302.61 1906.94
541.46 753.19 1007.09 1545.48 1609.16 1265.93
882.78 1235.48 1600.19 2401.94 2700.09 2335.59
710.04 997.53 1271.32 1884.79 2233.87 1956.66
395.75 654.98 844.82 3962.36 1708.88 977.28
750.25 1047.63 1378.62 2067.07 2257.85 1890.1
530.76 745.24 955.49 1447.42 1596.88 1323.21
565.75 773.28 975.45 1440.61 1648.14 1465.65
577.71 837.83 1037.29 2183.74 1977.75 1625.47
947.67 1380.38 1994.68 3062.92 3308.56 2270.39
414.21 644.1 772.0 3471.73 1667.53 1103.56
830.49 1164.82 1475.64 2385.33 2574.52 2259.31
361.29 478.51 591.2 871.59 973.17 867.69
653.84 929.66 1195.72 1821.9 2042.96 1703.13
983.4 1418.12 2083.68 3182.87 3759.66 2505.31
700.02 997.75 1255.8 2315.58 2294.65 1963.11
734.24 1048.01 1372.92 2103.04 2290.85 1877.85
787.74 1104.22 1389.57 2347.57 2430.45 2127.92
934.06 1337.35 1806.89 2826.42 2755.62 2075.5
487.87 681.22 854.38 1273.41 1518.03 1317.2
294.71 646.09 265.84 5136.19 1363.58 675.26
876.31 1223.49 1559.09 2363.47 2686.99 2378.41
773.53 1077.92 1389.08 2094.96 2290.59 1965.84
831.44 1185.91 1480.3 2778.93 2591.88 2167.0
921.12 1334.39 1863.0 2763.1 2765.92 2082.22
612.34 879.64 1096.45 2006.36 2030.91 1727.87
747.12 1090.91 1379.27 3047.37 2409.38 1865.21
695.45 982.75 1328.33 1989.61 2286.44 1784.64
405.05 613.56 598.73 2544.35 1250.43 923.81
593.4 813.25 1027.41 1520.17 1740.02 1546.71
848.42 1242.18 1719.19 2632.07 3015.41 2271.16
751.9 1077.03 1369.94 2078.35 2477.3 2133.95
896.93 1265.17 1669.95 2518.83 2842.37 2361.42
822.64 1186.67 1721.11 2742.82 2564.97 1707.59
568.12 839.75 999.22 3002.86 1986.06 1609.55
642.75 968.44 1092.88 2980.35 2176.27 1737.11
702.33 1030.03 1354.09 2856.3 2538.38 1766.64
284.42 371.33 454.09 639.55 745.08 661.28
492.31 766.29 808.73 3612.75 1815.4 1359.85
819.88 1194.48 1624.56 2430.96 2595.01 2022.53
270.91 494.92 374.1 4496.03 1355.12 761.73
514.32 735.66 901.29 1710.9 1675.79 1416.47
785.36 1117.01 1426.3 2342.36 2546.11 2181.61
444.05 704.94 805.94 2957.25 1811.77 1328.79
763.18 1081.16 1403.55 2114.97 2335.28 1976.06
340.49 543.08 543.68 2506.15 1272.07 923.64
195.06 328.38 199.78 2669.41 671.15 321.49
382.94 509.01 631.82 914.4 1040.47 929.61
501.98 851.09 764.32 4849.37 1646.18 882.46
525.99 799.43 903.0 3238.25 1846.81 1403.29
471.96 677.29 816.88 1760.77 1547.68 1289.59
953.78 1359.2 2010.76 3073.4 2844.4 1837.66
557.97 845.06 958.39 3156.77 1997.08 1571.95
904.37 1327.5 1890.73 2793.59 2742.93 1969.26
746.31 1079.38 1433.77 2689.64 2403.71 1806.03
800.03 1131.41 1459.85 2177.53 2550.01 2194.24
326.86 525.66 553.14 3673.75 1515.39 1025.3
129.48 308.17 103.58 4609.49 931.56 374.07
323.69 555.76 531.95 4000.71 1620.84 1014.54
360.19 519.5 669.03 1861.47 1259.7 867.5
173.54 206.31 238.23 311.67 344.44 315.63
887.04 1283.17 1809.38 2787.26 2910.56 2078.09
513.89 770.05 882.44 3376.79 1927.79 1462.23
146.71 169.99 190.83 241.27 270.73 246.59
706.71 1009.14 1279.82 1935.07 2317.77 2004.14
717.31 1035.67 1294.23 2839.06 2302.52 1861.16
802.94 1138.51 1466.72 2282.87 2570.84 2200.54
215.6 273.22 324.79 449.64 522.55 462.8
804.77 1160.48 1569.62 2444.1 2859.62 2201.74
796.55 1146.34 1495.67 2304.14 2543.01 2071.38
187.85 288.23 251.8 1874.99 683.03 435.38
702.84 986.92 1257.48 1863.7 2208.66 1934.72
290.18 504.76 456.12 3495.94 1410.36 891.12
425.71 570.84 712.22 1037.51 1182.64 1055.02
345.13 515.27 583.39 2456.85 1323.95 988.66
123.25 320.84 96.09 5178.71 1081.93 448.01
672.82 974.41 1341.09 2040.95 2333.35 1759.75
846.47 1217.46 1632.07 2558.79 2477.82 1861.71
447.72 608.13 778.96 1135.48 1248.46 1070.39
853.3 1200.24 1586.95 2436.32 2723.21 2236.55
558.92 789.93 1107.59 1734.98 1663.88 1184.91
597.45 845.42 1067.36 1604.61 1918.38 1661.24
135.52 342.03 222.32 4143.38 1219.1 579.66
763.77 1102.61 1453.3 2430.25 2627.27 2081.92
614.41 924.72 1044.74 3056.2 2105.58 1661.11
936.96 1397.27 2051.16 3041.07 3019.05 2099.78
546.06 768.4 967.41 1449.15 1730.51 1499.93
123.16 188.77 139.54 1827.22 469.6 258.05
237.88 463.6 321.49 4307.63 1253.41 703.79
834.06 1173.37 1484.26 2464.19 2603.86 2274.41
695.18 991.85 1257.39 1900.18 2275.59 1967.93
915.19 1306.45 1854.3 2919.51 2494.08 1710.6
944.73 1352.43 2026.16 3104.84 2831.53 1758.48
180.98 217.07 252.22 333.1 369.18 337.45
984.08 1491.16 2270.54 3363.45 3179.49 2036.95
856.3 1231.45 1656.98 2497.87 2890.24 2315.76
922.52 1338.18 1967.5 3151.13 3575.73 2354.3
295.24 534.32 402.13 4619.22 1453.48 822.33
840.53 1180.42 1489.23 2491.7 2607.27 2281.44
951.72 1418.67 2091.93 3226.13 3581.49 2408.81
676.38 1003.48 1175.06 3143.6 2260.71 1834.47
566.99 869.67 1136.47 3385.97 1932.06 1271.37
929.56 1325.01 1849.97 2807.65 3149.58 2328.75
677.73 996.0 1293.85 2679.94 2310.63 1767.36
357.73 547.75 581.24 2534.98 1314.05 977.43
130.63 160.65 152.36 620.43 277.89 207.6
703.75 1016.66 1225.32 2983.73 2311.02 1911.62
842.94 1232.5 1704.29 2542.12 2665.55 2020.1
387.85 541.14 615.31 1468.7 1103.85 919.65
531.42 780.6 927.47 2315.22 1834.98 1489.99
346.83 630.99 526.01 4218.22 1559.36 992.66
747.15 1069.72 1360.63 2063.5 2463.23 2123.36
839.27 1200.32 1590.25 2360.68 2636.82 2183.54
393.42 665.16 536.77 4435.68 1483.01 886.44
330.69 445.68 548.6 797.75 943.26 824.01
635.32 943.3 1208.99 3483.01 2122.89 1459.98
550.8 751.67 947.34 1397.56 1598.43 1421.8
784.34 1144.57 1524.08 3222.46 2463.82 1714.87
855.04 1231.37 1663.34 2590.04 2423.47 1862.78
643.05 947.28 1121.35 2954.91 2222.59 1799.15
850.23 1224.57 1691.24 2576.31 2952.9 2203.62
878.67 1274.05 1754.1 2659.0 3043.28 2339.41
423.88 731.5 632.05 5025.12 1711.5 890.14
839.2 1183.06 1512.7 2568.38 2599.85 2213.87
196.25 359.11 289.79 4493.15 1229.21 676.43
209.54 264.14 313.01 431.31 500.4 443.78
126.06 149.77 149.0 539.78 245.46 196.39
731.63 1053.67 1284.32 2840.33 2409.12 2021.04
871.21 1265.39 1819.08 2902.8 3325.03 2276.63
610.06 837.33 1058.72 1568.13 1795.4 1595.55
398.34 547.05 680.16 1002.36 1190.55 1036.33
350.99 499.49 560.09 1790.34 1104.61 875.76
836.54 1196.16 1579.58 2348.42 2674.74 2237.67
205.73 413.62 317.26 4289.42 1398.17 731.43
850.07 1193.06 1533.07 2464.76 2629.74 2266.29
519.62 793.73 912.59 3202.17 2016.29 1526.71
884.28 1303.01 1855.65 2753.9 2749.86 1966.77
942.13 1359.67 1985.68 3033.16 3592.65 2416.78
840.88 1219.83 1646.05 2888.73 2681.43 2095.98
702.13 989.66 1257.07 1977.79 2230.39 1941.91
207.77 258.56 306.93 415.31 476.98 428.0
706.83 1046.77 1386.2 3588.12 2479.31 1627.78
963.55 1403.54 1960.64 3138.0 2786.16 1847.75
133.11 298.5 148.19 4773.33 1004.4 437.47
892.99 1252.69 1624.87 2466.23 2664.22 2263.01
844.1 1207.09 1659.4 2503.78 2647.65 2042.73
452.94 734.3 651.97 4288.76 1615.07 1048.6
515.15 797.18 923.96 3722.74 1881.36 1264.39
727.24 1051.3 1238.96 3045.12 2307.73 1908.17
723.77 1038.28 1343.46 2639.78 2366.11 1902.81
847.34 1230.82 1701.07 2603.83 2927.08 2183.94
874.89 1241.09 1611.96 2574.61 2671.27 2242.9
816.41 1159.69 1524.81 2328.79 2711.98 2236.52
573.12 797.28 1008.72 1521.03 1762.6 1542.89
661.43 963.12 1208.62 2511.83 2271.5 1869.07
179.14 444.29 188.45 4920.3 1188.79 536.31
934.69 1356.26 1930.26 3030.39 2879.35 1857.74
765.63 1085.5 1380.67 2440.88 2416.63 2018.09
675.27 985.0 1225.62 2310.1 2323.71 1951.22
315.49 422.9 519.04 751.76 887.69 776.3
875.2 1258.21 1685.86 2670.79 2663.53 2042.48
225.09 341.93 345.76 2377.69 924.5 624.28
260.26 340.14 411.64 584.73 685.81 602.97
194.53 239.08 281.5 376.56 430.65 387.7
643.57 947.23 1166.91 2413.67 2259.1 1871.12
306.17 537.81 451.59 4271.87 1444.44 871.16
118.79 128.15 136.53 156.82 168.67 158.96
724.06 1034.03 1336.85 2024.51 2351.88 1976.98
481.87 667.49 813.48 1510.92 1424.39 1232.93
226.39 429.12 309.71 4231.2 1236.63 704.64
895.29 1272.8 1840.41 2942.9 2651.08 1761.44
322.26 521.24 518.25 3609.58 1374.68 927.31
248.55 314.74 379.22 527.58 593.77 535.57
665.05 970.92 1187.84 2448.07 2277.04 1896.14
768.43 1085.11 1359.48 2444.24 2405.8 2069.94
794.01 1126.7 1443.67 2307.82 2555.55 2191.66
603.96 866.93 1080.48 1932.98 2007.7 1702.22
945.83 1357.07 1875.44 2987.13 2524.19 1703.54
611.51 976.43 1058.69 3675.28 2217.12 1558.86
748.71 1072.21 1361.54 2066.28 2472.16 2136.27
771.34 1108.75 1441.84 2191.33 2561.21 2132.55
180.89 334.21 271.49 4299.93 1164.04 615.88
701.97 1005.75 1432.67 2238.03 2082.94 1309.29
543.28 851.24 1042.88 3724.96 1914.36 1177.23
745.87 1067.47 1456.55 2214.74 2365.97 1814.54
360.13 605.96 594.72 3649.64 1642.03 1093.23
293.3 522.94 409.98 4295.82 1415.71 821.32
693.01 999.67 1216.16 2923.42 2307.4 1912.66
429.84 608.49 859.57 1242.05 1194.46 830.37
553.42 848.61 903.22 3025.54 1873.2 1439.84
738.35 1059.46 1341.52 2119.07 2448.95 2107.3
605.62 884.48 1077.98 2758.46 2136.01 1730.29
162.76 426.63 152.19 5038.28 1148.94 485.75
271.16 456.3 387.63 3502.43 1151.34 725.25
366.77 575.3 692.9 3268.52 1682.27 1024.33
602.45 911.41 1219.83 3553.71 2120.24 1277.61
473.24 738.32 833.09 3164.96 1928.49 1426.52
259.13 472.48 357.94 3981.25 1219.78 723.92
526.36 785.83 941.04 2823.13 1959.0 1554.44
756.76 1087.63 1398.78 2245.03 2420.51 2003.61
614.04 912.04 1103.63 2750.55 2191.25 1775.01
978.29 1413.6 2083.77 3185.75 3771.21 2493.75
548.68 748.6 943.35 1391.45 1591.38 1415.58
234.02 297.18 357.33 492.11 568.8 507.89
874.14 1248.54 1708.06 2575.94 2956.12 2273.53
610.07 911.41 1268.56 3361.72 2114.19 1307.63
936.69 1342.72 1818.73 2850.12 2758.57 2059.92
800.36 1130.41 1444.74 2149.03 2549.8 2231.54
812.39 1166.77 1537.37 2384.69 2477.17 1960.03
289.66 509.2 446.79 3713.67 1427.65 885.65
911.9 1334.84 1924.65 2960.57 3226.29 2213.08
932.93 1346.9 1900.33 2904.83 3173.11 2296.84
135.35 169.16 149.24 581.12 254.03 188.87
171.17 206.51 253.66 339.37 362.37 287.87
788.93 1133.49 1483.35 2269.27 2561.02 2080.51
551.9 805.43 1096.89 2605.18 2110.96 1399.8
622.11 896.35 1074.64 2345.76 1994.02 1664.0
198.1 416.18 237.88 4526.59 1154.78 586.95
106.48 109.53 112.44 118.95 122.66 119.72
779.0 1107.38 1404.03 2307.49 2521.9 2181.18
610.96 885.08 1091.91 2233.53 2070.23 1734.79
371.35 517.37 726.39 1038.15 990.5 689.55
438.0 603.63 820.35 1244.2 1215.9 856.18
831.55 1176.9 1552.71 2356.59 2606.87 2155.38
443.43 708.6 906.71 3807.57 1993.12 1239.8
286.32 374.12 457.74 645.11 751.72 667.06
868.67 1222.23 1556.57 2465.96 2700.01 2344.8
183.77 225.52 262.89 353.36 406.19 362.89
776.83 1095.78 1399.55 2080.17 2467.47 2159.91
415.34 751.71 558.78 4228.65 1631.49 1054.16
465.19 711.67 778.62 3696.42 1755.52 1304.44
170.48 298.62 260.66 2302.38 842.13 497.16
612.21 918.54 1049.08 2973.37 2093.34 1648.15
947.83 1364.54 2026.38 3308.35 3162.77 1904.43
642.75 884.59 1120.18 1662.23 1904.07 1691.42
647.45 1003.29 1124.96 3770.36 2211.01 1552.06
774.46 1093.5 1372.16 2614.91 2460.41 2123.06
766.57 1107.57 1521.8 2579.9 2479.94 1827.65
640.79 881.76 1116.49 1656.59 1897.56 1685.67
570.7 805.33 1015.33 1523.69 1820.59 1577.27
560.18 835.91 942.85 3313.41 1942.78 1529.42
577.86 803.05 1017.52 1498.06 1771.51 1554.36
762.8 1082.91 1338.91 2507.59 2391.38 2064.6
868.41 1254.41 1827.6 2820.05 2809.81 1857.7
728.31 1025.56 1305.88 1968.56 2303.11 2013.37
622.99 879.81 1080.82 2328.13 1963.81 1671.44
654.15 967.76 1252.75 2797.07 2259.41 1692.89
756.04 1102.74 1377.7 3033.58 2577.36 2030.81
121.72 203.97 152.22 2572.04 667.84 345.92
392.07 537.66 667.97 983.41 1167.64 1016.66
716.9 1034.55 1296.62 2210.88 2396.98 2047.18
649.28 951.57 1140.35 2859.8 2222.66 1818.13
809.13 1162.22 1590.72 2423.94 2586.67 1978.42
780.35 1122.9 1469.12 2233.72 2616.67 2153.7
920.15 1299.04 1806.19 2738.24 2775.83 2092.86
694.18 974.18 1240.85 1838.36 2178.36 1908.36
716.5 1056.01 1273.65 3271.27 2307.32 1793.6
514.14 812.45 878.71 3217.18 1939.27 1476.27
812.7 1148.57 1468.65 2185.52 2592.78 2268.41
886.42 1286.13 1918.45 2936.12 2720.64 1733.53
326.77 428.56 530.28 762.55 845.37 745.9
573.05 840.51 974.76 2978.53 1946.21 1571.75
661.52 926.13 1178.14 1742.81 2064.12 1808.96
511.73 705.76 890.55 1304.6 1540.2 1353.1
776.69 1123.01 1617.43 2473.82 2667.76 1827.46
272.88 474.62 425.98 4123.07 1341.8 828.0
823.69 1165.12 1500.66 2606.91 2642.17 2202.98
264.68 475.08 378.69 4048.99 1268.89 759.79
357.14 708.16 404.5 4839.29 1505.46 857.85
506.23 778.33 896.38 3033.95 1993.76 1511.57
633.78 886.29 1130.26 1671.15 1974.53 1720.16
604.83 856.47 1081.7 1626.91 1945.34 1684.38
962.0 1398.0 2014.0 3173.0 2939.0 1816.0
69.0 191.5 59.0 4653.5 930.0 346.0
134.0 394.5 95.5 5146.0 1087.0 409.5
969.0 1403.0 2079.0 3181.0 3518.0 2279.0
155.0 368.0 123.0 5163.0 1156.0 447.0
89.8 263.8 87.2 4769.8 1060.5 381.0
971.0 1390.0 2115.5 3245.0 2879.5 1707.0
122.0 299.0 89.0 4632.0 914.0 354.0
72.0 203.8 71.8 4231.5 957.5 341.5
907.5 1325.5 2047.5 3151.5 2757.0 1579.5
948.0 1357.0 1978.0 3155.0 2462.0 1531.0
56.8 180.8 53.0 4412.8 873.5 325.0
119.5 322.5 80.5 4825.8 970.8 371.8
948.0 1376.0 2046.0 3146.0 2970.0 1921.0
911.0 1341.0 1922.0 3127.8 2196.5 1320.8
985.0 1493.5 2276.8 3372.5 3183.8 2033.8
76.2 218.5 55.5 4643.8 764.8 282.8
962.5 1390.0 1954.5 3151.5 2480.0 1527.0
959.5 1435.2 2145.2 3160.2 2832.8 1787.8
88.5 243.0 63.5 4918.0 903.5 321.0
978.0 1422.0 2105.0 3266.0 3199.0 2037.0
79.2 209.2 66.0 4931.0 970.2 374.0
222.2 574.0 104.8 5481.0 1198.8 463.2
992.0 1434.0 2127.0 3253.0 3849.0 2515.0
980.5 1432.2 2016.0 3245.2 2807.8 1800.2
966.0 1422.0 2112.0 3259.5 3477.0 2237.5
109.2 304.0 68.8 5231.2 1052.0 412.0
978.0 1434.0 2220.0 3640.0 4073.0 2397.0
81.5 229.5 75.0 4588.5 1023.0 369.5
937.0 1353.0 2081.0 3198.0 2826.0 1629.0
924.0 1316.0 1970.0 3207.0 2671.0 1584.0
102.5 315.2 89.5 4914.0 1200.8 467.0
980.0 1467.0 2194.0 3388.8 3736.5 2446.5
955.0 1376.0 2056.0 3368.0 3193.0 1885.0
977.5 1462.0 2197.0 3231.5 2940.0 1846.5
939.0 1381.8 2053.5 3176.2 3230.8 2074.0
265.0 540.0 222.0 5608.0 1151.0 427.0
83.0 265.0 84.5 4714.5 1156.5 420.5
245.0 494.0 207.0 5231.5 1090.0 397.0
304.0 635.0 236.5 5868.5 1229.5 464.5
138.0 335.0 114.0 4964.0 1063.0 407.0
53.8 244.8 74.8 4340.2 1057.2 381.2
750.0 1074.0 1364.0 2066.0 2476.0 2140.0
813.0 1149.0 1469.0 2186.0 2594.0 2270.0
881.0 1229.0 1568.0 2348.0 2696.0 2390.0
100.0 100.0 100.0 100.0 100.0 100.0
