0.8224
0.0317
0.544
0.6005
0.6526
0.3205
0.4639
0.4427
0.0758
0.9052
0.7077
0.7404
0.6879
0.1223
0.6854
0.1594
0.5088
0.1342
0.4025
0.4991
0.8638
0.6864
0.1406
0.117
0.502
0.9187
0.4928
0.3753
0.4659
0.5034
0.9707
0.8006
0.4974
0.9625
0.6403
0.2312
0.9451
0.2891
0.1466
0.9228
0.0032
0.578
0.2658
0.0662
0.4193
0.4021
0.0114
0.9555
0.3306
0.7857
0.2484
0.1237
0.1457
0.9923
0.021
0.1636
0.8005
0.4454
0.074
0.6065
0.7828
0.4414
0.6782
0.632
0.8706
0.4347
0.056
0.9457
0.8193
0.9198
0.067
0.3267
0.8559
0.4963
0.235
0.0048
0.7426
0.0246
0.394
0.5725
0.5531
0.2832
0.258
0.1886
0.8432
0.586
0.0945
0.2523
0.7506
0.203
0.4933
0.1153
0.8708
0.0325
0.5235
0.8381
0.7789
0.1775
0.6368
0.3679
0.6347
0.2726
0.0909
0.5422
0.9646
0.3576
0.6556
0.7337
0.1473
0.6131
0.0785
0.9411
0.4661
0.0585
0.8752
0.9507
0.1274
0.7207
0.7909
0.6842
0.2729
0.394
0.1433
0.7145
0.4581
0.5316
0.9959
0.771
0.6584
0.508
0.7907
0.6811
0.2564
0.1007
0.59
0.8442
0.6385
0.4688
0.1906
0.4718
0.8115
0.4125
0.1083
0.1923
0.3456
0.4238
0.8107
0.0437
0.6189
0.8599
0.5499
0.1594
0.0697
0.4397
0.5311
0.1035
0.0517
0.6746
0.5952
0.9559
0.1259
0.2443
0.8491
0.9871
0.7826
0.5439
0.5393
0.7343
0.3966
0.8956
0.5423
0.0337
0.0581
0.2059
0.8268
0.1058
0.8578
0.6769
0.8882
0.9883
0.5741
0.2828
0.0495
0.2551
0.3801
0.7627
0.2938
0.3832
0.8663
0.2817
0.6304
0.9833
0.7837
0.5089
0.2343
0.7397
0.6584
0.9183
0.2878
0.6871
0.2732
0.983
0.2822
0.9749
0.3193
0.0151
0.5721
0.7069
0.5298
0.5976
0.0603
0.5236
0.1512
0.5453
0.8703
0.2212
0.1716
0.2106
0.4717
0.5352
0.6186
0.6179
0.1834
0.6329
0.6477
0.4745
0.8611
0.3139
0.7904
0.8695
0.8592
0.4501
0.1728
0.4558
0.9027
0.9565
0.9785
0.0523
0.6859
0.7791
0.5485
0.6902
0.14
0.8325
0.454
0.9784
0.9518
0.3597
0.4638
0.691
0.4706
0.0137
0.9454
0.2783
0.6105
0.4716
0.442
0.4539
0.888
0.8408
0.4226
0.9477
0.8287
0.996
0.6692
0.7535
0.7285
0.299
0.6983
0.0819
0.8533
0.7661
0.1475
0.2905
0.0943
0.6445
0.8266
0.9021
0.1867
0.7321
0.6522
0.7689
0.2099
0.1518
0.6035
0.9434
0.6665
0.1109
0.3578
0.5974
0.4847
0.8634
0.1702
0.2436
0.4027
0.9764
0.465
0.7644
0.4355
0.1536
0.6199
0.7745
0.0556
0.262
0.2445
0.5615
0.8857
0.749
0.7159
0.2401
0.6211
0.3804
0.9759
0.1294
0.1231
0.7724
0.2403
0.6379
0.9878
0.8138
0.1253
0.3092
0.8241
0.3741
0.0547
0.9701
0.5468
0.9817
0.0251
0.2802
0.1469
0.9657
0.3877
0.7523
0.505
0.028
0.7288
0.9021
0.0178
0.028
0.0076
0.8032
0.5696
0.3926
0.0483
0.5631
0.5614
0.6731
0.6287
0.8206
0.2762
0.8078
0.1979
0.2827
0.3155
0.7
0.9822
0.1499
0.8007
0.6202
0.7094
0.2419
0.6388
0.6723
0.5698
0.0869
0.1279
0.6932
0.7967
0.2347
0.0599
0.2366
0.4311
0.8139
0.5352
0.1984
0.7415
0.3682
0.9187
0.4882
0.587
0.1119
0.3241
0.3175
0.3862
0.432
0.1709
0.7961
0.9907
0.373
0.2244
0.1823
0.8796
0.922
0.295
0.5106
0.7057
0.4752
0.7577
0.3939
0.4253
0.829
0.9425
0.5453
0.248
0.0587
0.9154
0.0969
0.0943
0.6685
0.1942
0.2548
0.9075
0.6261
0.2714
0.2513
0.7089
0.3506
0.0238
0.0196
0.016
0.8396
0.4618
0.9825
0.3793
0.5613
0.9055
0.9119
0.19
0.7543
0.6065
0.7281
0.4752
0.5846
0.347
0.8911
0.2862
0.2089
0.6664
0.7689
0.8961
0.1192
0.5266
0.7542
0.692
0.4595
0.7841
0.9575
0.8272
0.5607
0.4078
0.9907
0.6923
0.8357
0.2387
0.5209
0.1136
0.2695
0.3727
0.4235
0.2718
0.5923
0.0622
0.1896
0.9108
0.9742
0.3254
0.344
0.2262
0.2327
0.1129
0.4224
0.5679
0.8294
0.3314
0.9365
0.2619
0.3665
0.4506
0.572
0.5529
0.8909
0.5266
0.2756
0.5206
0.2082
0.663
0.0828
0.5359
0.6725
0.6532
0.0642
0.5144
0.5852
0.0643
0.1855
0.7337
0.8871
0.5998
0.8741
0.4675
0.2101
0.4524
0.5066
0.4855
0.0133
0.4039
0.5164
0.7019
0.5783
0.6061
0.041
0.3606
0.9848
0.408
0.8524
0.7187
0.2071
0.0958
0.8596
0.298
0.2467
0.2016
0.0789
0.9
0.297
0.4933
0.322
0.5066
0.1158
0.7139
0.4727
0.4527
0.4469
0.8745
0.2655
0.0823
0.6148
0.5094
0.8758
0.1175
0.0997
0.6953
0.7899
0.5274
0.8851
0.651
0.9853
0.1824
0.7622
0.7868
0.1963
0.7768
0.5332
0.3283
0.2975
0.2843
0.098
0.9936
0.6461
0.8968
0.9167
0.8276
0.3339
0.494
0.7713
0.5588
0.9425
0.7929
0.4516
0.2124
0.2639
0.531
0.7689
0.3392
0.9869
0.5368
0.5724
0.8007
0.4383
0.7676
0.7327
0.5162
0.3159
0.7591
0.5948
0.7972
0.0508
0.6924
0.4464
0.2664
0.5022
0.6539
0.9833
0.7143
0.6467
0.5496
0.4672
0.7424
0.0589
0.1905
0.3092
0.8096
0.3083
0.3634
0.6044
0.6118
0.4558
0.1455
0.735
0.1597
0.7175
0.4382
0.7858
0.7274
0.5254
0.9431
0.65
0.3521
0.5908
0.9483
0.2801
0.3502
0.1752
0.9969
0.4063
0.7899
0.0025
0.6987
0.6042
0.0602
0.7557
0.6277
0.8529
0.8984
0.1302
0.7693
0.9743
0.964
0.6715
0.7111
0.6721
0.3365
0.0178
0.4727
0.6017
0.5779
0.7684
0.0228
0.1548
0.6631
0.0831
0.7475
0.7409
0.5975
0.315
0.8177
0.5405
0.9654
0.3033
0.6012
0.575
0.0212
0.0483
0.2776
0.5114
0.2054
0.314
0.6384
0.5186
0.6523
0.0484
0.689
0.8427
0.0502
0.5886
0.9646
0.1699
0.5227
0.4494
0.3449
0.5205
0.2686
0.7105
0.7652
0.7742
0.3894
0.9898
0.0606
0.9283
0.8015
0.4957
0.7426
0.4787
0.0975
0.6782
0.1244
0.0113
0.0834
0.0978
0.3577
0.5376
0.4552
0.0591
0.9845
0.5489
0.2652
0.4532
0.6597
0.4911
0.0836
0.7554
0.9928
0.0544
0.9294
0.0901
0.8954
0.8321
0.8253
0.6367
0.0505
0.0685
0.1547
0.1586
0.1892
0.6263
0.3426
0.7517
0.2002
0.8252
0.6303
0.3513
0.2937
0.3187
0.1573
0.7627
0.1468
0.4642
0.2962
0.7322
0.9047
0.3623
0.1005
0.5349
0.264
0.9975
0.5192
0.1339
0.085
0.6204
0.8446
0.5092
0.4806
0.9942
0.3869
0.8417
0.9103
0.4086
0.3894
0.586
0.2988
0.3677
0.8124
0.0842
0.5606
0.2258
0.5565
0.1841
0.0093
0.6588
0.0566
0.6302
0.2074
0.1709
0.5862
0.637
0.2934
0.7941
0.4534
0.5878
0.3695
0.049
0.5332
0.2717
0.8965
0.597
0.5336
0.4383
0.3776
0.4939
0.8753
0.179
0.0963
0.6076
0.4314
0.6376
0.5059
0.8077
0.7509
0.4937
0.8
0.0101
0.4177
0.5442
0.5847
0.4611
0.3179
0.6764
0.64
0.8401
0.8275
0.5507
0.4845
0.0915
0.2249
0.445
0.4188
0.9459
0.1605
0.4957
0.6872
0.9192
0.6094
0.7362
0.8469
0.5931
0.8448
0.8359
0.7424
0.9081
0.9394
0.6479
0.7389
0.6466
0.1696
0.1325
0.1791
0.8434
0.209
0.6137
0.143
0.7378
0.5485
0.9125
0.8675
0.589
0.5116
0.7708
0.573
0.5898
0.6475
0.365
0.0628
0.1393
0.5793
0.7533
0.6629
0.8838
0.2654
0.8462
0.6283
0.7774
0.1901
0.3707
0.0684
0.7297
0.2219
0.229
0.7916
0.814
0.703
0.5223
0.324
0.0451
0.4177
0.1796
0.1143
0.7938
0.112
0.6589
0.9086
0.982
0.5692
0.4472
0.7253
0.6662
0.7754
0.2071
0.6457
0.8646
0.7018
0.3013
0.9639
0.3352
0.8889
0.0686
0.4957
0.6272
0.9961
0.4144
0.7517
0.3254
0.0392
0.0181
0.5571
0.4886
0.9922
0.5527
0.8714
0.0498
0.3482
0.4887
0.8991
0.3668
0.8776
0.4513
0.803
0.8309
0.3742
0.4422
0.1409
0.0428
0.9728
0.6557
0.3217
0.6049
0.9152
0.4498
0.3575
0.9934
0.1698
0.184
0.6203
0.3686
0.6502
0.4315
0.6484
0.1251
0.1775
0.1962
0.2713
0.6624
0.6277
0.3518
0.5116
0.8534
0.6551
0.9166
0.612
0.8442
0.2511
0.1524
0.1205
0.6143
0.0609
0.0644
0.2762
0.3982
0.8201
0.5641
0.286
0.606
0.1529
0.8089
0.064
0.1408
0.5577
0.1033
0.8047
0.1615
0.9579
0.6795
0.6958
0.988
0.8677
0.4883
0.0578
0.0043
0.991
0.9076
0.2762
0.7583
0.2934
0.2096
0.2831
0.06
0.8296
0.5661
0.5405
0.6006
0.3878
0.1179
0.9048
0.3741
0.4717
0.9998
0.9695
0.7798
0.8452
0.3341
0.0
0.0
0.0
0.0
0.0
0.0
0.0
0.0
0.0
0.0
0.0
0.0
0.0
0.0
0.0
0.0
0.0
0.0
0.0
0.0
0.0
0.0
0.0
0.0
0.0
0.0
0.0
0.0
0.0
0.0
0.0
0.0
0.0
0.0
0.0
0.0
0.0
0.0
0.0
0.0
0.0
0.0
1.0
1.0
1.0
0.0
