0.9694
0.4252
0.025
0.4875
0.6504
0.1883
0.557
0.2313
0.3206
0.6975
0.4183
0.5332
0.9357
0.8091
0.4409
0.4503
0.9129
0.3319
0.8933
0.1617
0.7482
0.7882
0.4562
0.1415
0.286
0.6959
0.2104
0.8415
0.7673
0.1566
0.343
0.2028
0.5126
0.0638
0.8673
0.4169
0.3394
0.6675
0.9545
0.0676
0.1568
0.2107
0.197
0.6191
0.0109
0.8717
0.272
0.9969
0.3856
0.2548
0.7839
0.7266
0.9582
0.5653
0.4105
0.7623
0.3747
0.1897
0.8344
0.0943
0.0314
0.1156
0.2008
0.0477
0.1521
0.1005
0.5665
0.7785
0.0554
0.1957
0.9437
0.7114
0.9605
0.3077
0.5906
0.618
0.1926
0.6864
0.8484
0.5821
0.5238
0.9068
0.415
0.1919
0.3825
0.511
0.768
0.9128
0.039
0.7081
0.4233
0.0668
0.7823
0.7489
0.861
0.778
0.0626
0.7083
0.6485
0.736
0.8222
0.2196
0.1331
0.1182
0.2732
0.2165
0.3222
0.9549
0.1082
0.3861
0.9113
0.3588
0.1856
0.5634
0.741
0.1405
0.8135
0.9107
0.689
0.2257
0.8675
0.7045
0.5777
0.6058
0.8172
0.4599
0.5181
0.7488
0.5617
0.8818
0.3514
0.8507
0.8619
0.9604
0.8808
0.3644
0.3742
0.7249
0.2829
0.0333
0.0124
0.5241
0.8086
0.3989
0.8985
0.0079
0.3884
0.7148
0.6959
0.9087
0.5702
0.2262
0.6432
0.1631
0.8904
0.3075
0.8337
0.7187
0.77
0.8559
0.9624
0.9241
0.995
0.8201
0.609
0.0616
0.7542
0.5784
0.2936
0.387
0.6081
0.822
0.9905
0.3886
0.2426
0.2617
0.7085
0.628
0.3321
0.7141
0.352
0.4084
0.7704
0.643
0.7961
0.4644
0.6792
0.7811
0.656
0.5511
0.168
0.0913
0.1107
0.3207
0.1823
0.4365
0.5828
0.5452
0.0648
0.9711
0.2545
0.0087
0.1447
0.1618
0.7211
0.2934
0.6071
0.2715
0.218
0.0004
0.9602
0.1007
0.8674
0.2958
0.2158
0.1112
0.4991
0.8701
0.067
0.2768
0.8864
0.2738
0.3395
0.13
0.6429
0.9711
0.1728
0.1857
0.5803
0.2463
0.1943
0.1891
0.4468
0.4054
0.8889
0.288
0.3011
0.4102
0.2746
0.9022
0.4274
0.74
0.5386
0.3901
0.0077
0.1578
0.0958
0.7249
0.1659
0.473
0.3746
0.2562
0.7672
0.4267
0.2439
0.7396
0.2822
0.5717
0.6283
0.9647
0.8729
0.6717
0.1829
0.8188
0.1208
0.6893
0.4619
0.8281
0.4563
0.6086
0.0696
0.6532
0.0155
0.0014
0.4957
0.2236
0.2666
0.9676
0.7139
0.4487
0.5671
0.9402
0.1433
0.3625
0.0361
0.8171
0.9585
0.612
0.767
0.6388
0.3141
0.0854
0.6276
0.3075
0.9223
0.4579
0.1665
0.6384
0.3739
0.9018
0.7673
0.5676
0.537
0.9129
0.6773
0.3564
0.1984
0.9047
0.6212
0.8583
0.8929
0.1971
0.322
0.0879
0.7037
0.5256
0.8397
0.3917
0.5165
0.7876
0.5363
0.4083
0.9868
0.0557
0.1744
0.8615
0.9329
0.7017
0.2459
0.4116
0.5307
0.0276
0.7094
0.0455
0.443
0.3506
0.0159
0.1149
0.2998
0.0325
0.5751
0.8316
0.9684
0.8233
0.3063
0.2269
0.1304
0.9751
0.7515
0.1958
0.8351
0.3631
0.7578
0.875
0.4595
0.3836
0.6327
0.3652
0.3268
0.3084
0.3119
0.6455
0.5768
0.3115
0.3792
0.1341
0.8542
0.2174
0.1458
0.7128
0.5719
0.0661
0.2058
0.5948
0.9759
0.7362
0.9932
0.2395
0.9728
0.1228
0.3463
0.0925
0.7864
0.9353
0.5193
0.5162
0.2106
0.0171
0.5021
0.529
0.1599
0.0096
0.7273
0.9292
0.315
0.5795
0.3012
0.9986
0.2652
0.1799
0.1321
0.4772
0.1225
0.097
0.3428
0.9655
0.2003
0.9492
0.6497
0.6957
0.3308
0.7615
0.0484
0.4672
0.006
0.2827
0.2583
0.9705
0.1601
0.2963
0.7399
0.3342
0.8807
0.1079
0.4706
0.5504
0.4405
0.7618
0.7418
0.0286
0.631
0.7902
0.7751
0.4946
0.0783
0.9943
0.8467
0.2042
0.8627
0.3151
0.0258
0.108
0.9884
0.525
0.2595
0.6389
0.5345
0.2327
0.8321
0.9992
0.3269
0.6925
0.5884
0.5078
0.5977
0.2149
0.7356
0.3849
0.3274
0.883
0.346
0.0409
0.2461
0.358
0.1174
0.3881
0.3039
0.0096
0.7816
0.7112
0.5175
0.8141
0.449
0.3703
0.9482
0.504
0.9063
0.0416
0.2653
0.7937
0.5871
0.3024
0.5609
0.3623
0.0036
0.8214
0.1589
0.2522
0.8454
0.4441
0.6349
0.1098
0.6798
0.0198
0.4119
0.2024
0.3809
0.5065
0.4207
0.9963
0.6696
0.458
0.1553
0.2223
0.7801
0.5361
0.7359
0.4411
0.4991
0.876
0.4641
0.0944
0.5609
0.131
0.331
0.1635
0.4971
0.6732
0.1444
0.9325
0.2981
0.8279
0.5585
0.3553
0.9796
0.37
0.3636
0.1103
0.9256
0.8365
0.1288
0.8416
0.4991
0.9295
0.5351
0.6165
0.4854
0.0595
0.9371
0.166
0.6805
0.7854
0.9503
0.6197
0.5164
0.8046
0.8052
0.9765
0.3427
0.899
0.3352
0.0984
0.3071
0.3927
0.7986
0.9898
0.3779
0.4977
0.7775
0.1978
0.0107
0.1216
0.592
0.7594
0.2439
0.4209
0.3559
0.511
0.2709
0.7282
0.8217
0.9352
0.6959
0.2275
0.9302
0.9405
0.8246
0.3836
0.1705
0.7214
0.1003
0.8656
0.315
0.6171
0.2782
0.1518
0.6972
0.9493
0.709
0.944
0.1464
0.1282
0.4164
0.8345
0.0542
0.9209
0.5748
0.0348
0.4109
0.507
0.3969
0.4597
0.843
0.79
0.5584
0.0778
0.6992
0.3418
0.1916
0.189
0.8953
0.1814
0.6147
0.3844
0.6877
0.6586
0.6198
0.6505
0.9557
0.4575
0.772
0.2169
0.0259
0.7236
0.162
0.9597
0.2404
0.2291
0.343
0.503
0.06
0.7819
0.3027
0.661
0.445
0.496
0.776
0.5819
0.2597
0.2306
0.339
0.2024
0.024
0.8852
0.6302
0.3338
0.2092
0.9332
0.087
0.3248
0.347
0.858
0.2944
0.5093
0.8513
0.8008
0.4209
0.4166
0.6975
0.9819
0.1294
0.0899
0.5632
0.6415
0.7092
0.6839
0.0906
0.1743
0.4804
0.6031
0.7974
0.8993
0.0328
0.9568
0.9639
0.4636
0.7221
0.3869
0.8431
0.3686
0.8259
0.5217
0.1953
0.8629
0.3571
0.6819
0.4319
0.9233
0.4173
0.4993
0.9791
0.5796
0.2576
0.9989
0.3324
0.8831
0.1882
0.3595
0.8866
0.3482
0.1855
0.5036
0.9314
0.2224
0.5868
0.277
0.8184
0.5174
0.8974
0.1824
0.6985
0.8844
0.2638
0.0899
0.5186
0.817
0.6285
0.5067
0.4808
0.6619
0.0242
0.2021
0.8861
0.8064
0.7404
0.2926
0.4291
0.0863
0.2141
0.1152
0.1453
0.8252
0.1605
0.3127
0.393
0.2284
0.7627
0.5177
0.6437
0.1357
0.9121
0.7639
0.8978
0.6894
0.7374
0.7333
0.4289
0.0398
0.3987
0.8059
0.0252
0.1095
0.5862
0.6642
0.423
0.8297
0.147
0.1644
0.5427
0.8914
0.9552
0.6733
0.8689
0.1005
0.9823
0.6928
0.3273
0.2307
0.7305
0.0324
0.7338
0.3829
0.8833
0.6252
0.4154
0.1154
0.7402
0.0202
0.171
0.2816
0.6219
0.0087
0.5615
0.2417
0.7655
0.9094
0.384
0.9287
0.8458
0.6477
0.7142
0.3266
0.6638
0.1418
0.5057
0.9426
0.8295
0.9795
0.9756
0.7898
0.9043
0.8078
0.6837
0.8459
0.1263
0.4229
0.1673
0.7285
0.9071
0.5736
0.1787
0.2448
0.0745
0.0578
0.041
0.3337
0.261
0.6575
0.0411
0.6557
0.8401
0.9803
0.5025
0.8107
0.885
0.0301
0.8211
0.419
0.7629
0.2796
0.2938
0.3138
0.1347
0.7541
0.4591
0.609
0.0103
0.8728
0.3254
0.6984
0.0068
0.7481
0.4241
0.6772
0.1426
0.0499
0.7942
0.8958
0.8422
0.0567
0.1555
0.9821
0.1333
0.8969
0.2386
0.3625
0.46
0.3244
0.1209
0.4216
0.8764
0.737
0.0582
0.3872
0.3579
0.5087
0.5588
0.8
0.1954
0.2231
0.7414
0.3809
0.6908
0.7231
0.9237
0.7715
0.1897
0.5833
0.3912
0.6727
0.7429
0.2447
0.6411
0.2492
0.7598
0.6071
0.6071
0.5236
0.1135
0.699
0.5675
0.2073
0.9705
0.8851
0.3042
0.2865
0.9881
0.1733
0.7094
0.1381
0.1672
0.4636
0.0372
0.49
0.6625
0.3122
0.291
0.4948
0.7484
0.9553
0.1648
0.5392
0.7639
0.2539
0.3638
0.4289
0.0653
0.6683
0.5299
0.9606
0.6937
0.0929
0.0218
0.0298
0.8176
0.7883
0.6065
0.9664
0.7107
0.0378
0.5383
0.1913
0.5572
0.3573
0.9614
0.3232
0.2863
0.3326
0.9749
0.0772
0.9939
0.6482
0.9472
0.9893
0.4454
0.6184
0.9463
0.5475
0.5468
0.3505
0.0858
0.6328
0.2438
0.4904
0.3381
0.5038
0.7245
0.4019
0.3832
0.029
0.0667
0.3197
0.2061
0.2243
0.1322
0.7939
0.7598
0.2301
0.2815
0.8551
0.9451
0.5471
0.3403
0.2044
0.2963
0.4934
0.3022
0.2555
0.1761
0.0149
0.1235
0.7593
0.9516
0.2095
0.4521
0.7617
0.0391
0.3305
0.2988
0.0345
0.4391
0.2609
0.593
0.2224
0.7184
0.9838
0.9072
0.9641
0.3663
0.1578
0.0
0.0
0.0
0.0
0.0
0.0
0.0
0.0
0.0
0.0
0.0
0.0
0.0
0.0
0.0
0.0
0.0
0.0
0.0
0.0
0.0
0.0
0.0
0.0
0.0
0.0
0.0
0.0
0.0
0.0
0.0
0.0
0.0
0.0
0.0
0.0
0.0
0.0
0.0
0.0
0.0
0.0
1.0
1.0
1.0
0.0
