355.1 578.37 685.68 4254.96 1555.82 873.56
878.1 1236.8 1822.22 2651.03 2776.83 2150.49
286.2 473.47 459.35 4133.27 1374.45 906.43
519.39 717.77 844.76 1874.27 1615.43 1443.47
338.13 552.37 561.64 3742.87 1607.36 1098.45
756.82 949.57 1233.84 1744.07 2327.99 2264.01
348.31 512.28 528.59 1923.36 1112.41 920.59
412.37 514.54 636.92 872.48 1225.28 1198.46
922.21 1310.78 1776.18 2707.65 2493.6 1825.85
832.43 1080.79 1431.7 2040.68 2729.37 2641.4
735.35 962.06 1274.9 1940.22 2699.37 2572.68
818.5 1024.56 1321.41 1847.39 2480.88 2406.47
517.29 748.14 896.18 3337.34 1679.44 1159.13
321.65 420.47 501.89 1556.48 1066.84 930.32
412.62 540.41 717.41 958.61 1153.23 1114.67
372.92 515.81 698.43 1476.24 1047.19 714.99
575.62 857.14 1195.26 3460.72 2018.11 1220.85
611.25 796.92 1056.93 1515.38 1954.28 1808.33
689.59 905.25 1038.39 2566.58 2103.76 1851.71
757.63 1086.67 1611.07 2451.74 2437.21 1743.85
669.83 891.11 1155.47 1581.57 1990.44 1915.74
925.04 1323.24 1898.81 2780.47 3230.42 2379.26
411.68 508.89 514.78 1882.56 1640.26 1469.9
124.88 246.28 141.72 4371.25 1049.57 509.16
931.03 1299.41 1833.84 2701.22 3158.27 2423.86
677.18 956.87 1230.21 3149.21 2130.36 1508.14
264.38 454.09 452.99 4253.24 1215.58 674.03
914.17 1208.65 1605.04 2282.86 3172.27 3019.45
463.3 651.14 943.77 1409.63 1505.63 1050.11
934.25 1195.26 1576.43 2279.68 3111.95 2992.77
447.24 660.48 733.79 3304.48 1575.32 1288.94
303.06 465.93 480.09 3864.09 1476.74 1045.0
971.45 1416.95 1993.42 3195.27 2789.53 1812.47
212.81 425.88 169.58 3291.93 866.91 438.72
456.42 667.78 764.56 2477.54 1499.37 1255.6
524.22 751.64 957.75 2698.43 1872.12 1643.35
653.37 885.91 1188.08 1612.97 2078.78 2005.57
469.21 696.68 750.3 3479.93 1934.61 1575.44
908.81 1187.23 1570.34 2208.67 2817.01 2628.49
356.56 580.71 560.83 3961.23 1532.04 1055.43
905.11 1242.65 1729.51 2538.82 2788.48 2264.26
828.67 1225.3 1770.3 3322.69 2605.5 1735.5
129.7 267.48 155.5 4718.72 1084.14 522.84
541.86 774.07 1125.06 1709.54 1746.22 1147.79
422.1 581.6 761.97 1541.0 1354.74 1225.69
796.06 1042.01 1344.41 2551.01 2697.5 2521.95
815.07 1115.09 1507.85 2238.78 2817.76 2631.33
309.29 490.14 459.42 4085.55 1418.52 980.34
617.3 896.05 1081.4 3187.5 2172.37 1888.66
517.01 773.99 661.86 3432.61 1715.0 1275.38
400.38 600.5 607.81 3560.7 1644.3 1212.82
695.81 992.95 1379.28 2673.66 2247.98 1744.09
836.08 1117.34 1485.65 1976.14 2468.89 2368.42
914.39 1289.79 1850.33 2907.06 2409.84 1620.35
377.85 418.93 474.5 656.51 1135.71 1089.0
767.27 1058.44 1488.18 2144.93 2352.86 1903.8
728.5 1014.98 1486.25 2228.39 2330.12 2156.49
357.99 460.47 601.55 813.18 1029.46 1000.4
621.19 805.63 1040.22 1415.56 1829.9 1768.24
592.89 839.43 1091.51 2360.05 1995.73 1824.76
188.15 334.33 241.65 3071.71 829.17 383.37
422.95 568.19 773.47 1614.1 1347.13 1207.61
834.31 1172.05 1735.71 2663.04 2635.93 2129.39
851.09 1200.91 1600.14 3001.11 2459.29 1825.1
795.38 1075.22 1464.33 1925.88 2456.99 2321.43
954.76 1322.09 1848.92 2731.51 3279.71 2634.32
245.68 296.72 369.79 497.94 691.96 666.33
99.45 163.9 105.99 2068.32 542.09 252.09
276.61 330.23 416.61 572.81 718.57 656.35
363.76 589.05 530.67 4213.92 1704.48 1179.95
726.97 1001.85 1326.82 2722.52 2418.19 2202.3
902.8 1239.29 1745.13 2620.2 2959.51 2343.12
540.2 732.68 1001.01 1402.05 1642.9 1413.57
572.14 678.58 799.57 1262.77 2034.04 1932.35
715.63 1040.78 1301.4 2369.81 2329.05 2144.51
826.88 1140.27 1530.73 2319.74 2752.11 2621.73
387.46 592.97 737.51 2341.53 1318.69 1087.69
729.53 1012.92 1381.53 2304.16 2410.68 2062.11
647.18 894.52 1236.94 1865.48 2363.33 1806.47
581.0 830.04 1121.35 2358.91 2004.69 1564.15
177.16 378.66 196.76 4760.4 1168.39 550.21
499.91 666.06 861.77 1090.92 1473.55 1408.89
606.94 833.19 1093.22 2020.22 2059.85 1921.83
307.52 380.95 474.36 623.81 788.78 764.23
581.37 739.52 944.38 1490.93 1825.23 1732.94
704.06 944.57 1280.16 1663.94 2154.85 2059.34
405.1 598.9 748.77 3283.88 1601.19 1264.93
558.83 673.58 801.25 1688.85 1974.88 1818.36
701.23 842.32 979.19 1957.23 1955.99 1770.48
369.1 498.53 698.62 994.87 1109.27 902.56
822.95 1146.49 1587.75 2476.39 2556.19 1797.82
591.0 826.51 1232.34 1844.78 1702.21 1096.96
644.43 915.83 1329.02 1993.31 2187.95 1471.69
212.46 465.67 253.52 4599.04 1207.34 620.47
463.71 617.11 807.72 1366.09 1467.17 1388.56
105.25 184.71 123.61 2407.36 631.22 288.26
950.02 1392.05 2053.72 3148.14 3555.42 2432.43
830.59 1117.97 1522.21 2373.44 2715.17 2364.94
374.03 549.52 557.61 3480.94 1444.83 1090.14
603.23 773.34 997.12 1405.24 1860.84 1788.0
592.56 856.21 1022.88 2862.82 2211.34 1822.62
220.31 413.81 328.54 4281.43 1299.09 721.52
579.29 833.8 994.96 3268.94 1971.02 1639.86
911.0 1286.07 1777.16 2797.29 2401.12 1655.87
855.23 1197.41 1608.79 2150.38 2716.96 2487.47
675.74 968.3 1210.2 3326.29 2217.2 1740.44
621.8 878.05 1276.85 2178.12 2000.46 1865.19
712.21 1014.64 1452.51 2105.83 2274.13 1736.87
879.31 1188.51 1683.92 2606.36 2587.32 1952.88
834.43 1072.72 1246.77 2288.52 2334.53 2175.82
786.56 1055.38 1354.17 1797.21 2271.15 2193.41
908.43 1196.69 1634.68 2361.47 2756.24 2542.23
488.24 715.98 830.59 3077.69 1999.78 1648.97
909.88 1212.97 1634.42 2343.1 3006.03 2643.71
501.73 721.44 813.64 3051.71 1879.21 1594.11
544.63 698.91 872.94 1524.43 1672.14 1570.93
549.86 739.25 966.17 1290.35 1626.46 1578.69
907.28 1284.93 1914.35 2837.61 2809.08 2011.18
564.22 870.33 1004.42 3473.57 1776.45 1280.79
857.93 1210.46 1735.2 2759.36 3081.48 2140.91
701.5 908.78 1111.16 1720.09 2033.13 1935.95
358.61 445.64 543.82 836.14 969.28 949.27
693.53 978.35 1377.87 1943.69 2130.85 1714.65
415.83 679.04 535.66 3962.75 1486.94 1021.72
964.75 1370.84 1989.19 2973.0 3543.64 2506.23
977.2 1450.32 2164.96 3159.22 3113.88 2160.71
141.52 155.82 173.77 205.99 244.61 238.86
635.75 761.85 877.07 1697.56 2209.16 2106.55
283.84 447.56 370.16 3662.2 1269.12 856.66
921.06 1312.45 1957.51 3126.58 3527.49 2447.71
336.43 529.01 552.58 3150.54 1556.22 1152.35
768.31 1042.55 1415.07 2018.35 2661.63 2494.27
605.76 815.31 1114.25 1486.7 1863.4 1681.02
562.0 772.19 994.46 2062.36 1963.3 1737.18
422.49 555.52 735.44 1028.11 1321.25 1238.23
488.11 697.37 869.22 2941.04 1846.07 1519.97
532.97 730.2 935.34 2249.98 2045.19 1870.93
259.68 480.84 368.84 4198.61 1321.89 832.31
850.81 1208.65 1709.61 2469.19 2644.64 1936.58
881.48 1197.65 1648.15 2443.87 2779.2 2283.02
603.09 863.79 1253.92 1811.39 1753.98 1222.36
357.68 473.79 628.6 891.3 1191.1 1143.97
717.42 931.45 1223.73 1754.7 2312.48 2193.78
574.87 802.35 913.6 3287.43 2164.94 1813.71
224.1 275.9 315.86 731.57 573.49 517.37
145.09 306.69 211.45 4306.48 1160.7 566.88
823.55 1142.81 1491.74 1974.1 2575.08 2471.29
731.32 1030.32 1544.7 2348.12 2115.46 1301.67
153.37 212.65 206.24 1585.7 543.05 372.34
235.09 403.29 342.45 4118.43 1142.51 739.27
440.29 662.2 858.36 2953.82 1833.36 1522.31
578.75 773.17 1028.99 1379.9 1718.55 1650.9
371.76 604.82 717.99 3134.27 1594.8 1053.25
168.85 373.14 172.42 4600.41 1083.51 524.75
937.81 1327.96 1985.55 3012.88 2834.87 1852.11
779.8 1079.77 1407.6 1860.8 2425.44 2327.93
443.81 565.46 728.3 991.48 1344.9 1305.42
647.03 805.19 1007.92 1349.6 1776.91 1700.88
883.99 1204.63 1631.63 2406.68 2848.33 2320.13
599.96 877.37 1159.45 3227.01 2245.68 1664.03
395.96 507.21 743.43 1000.94 871.84 843.69
325.63 504.55 530.07 2828.35 1502.66 1151.4
601.03 877.7 959.63 3010.95 2063.64 1753.19
660.74 908.17 1178.58 1552.41 2018.16 1937.72
879.72 1194.01 1622.65 2392.23 2665.7 2188.49
172.51 335.55 240.93 4338.09 1240.07 645.31
824.31 1134.25 1537.83 2343.78 2610.54 2192.81
554.42 745.06 1047.51 1407.56 1768.22 1694.16
962.32 1381.28 2012.53 3075.98 3415.15 2392.52
588.66 827.09 1171.98 1782.66 1721.41 1198.14
309.19 445.54 530.97 1797.17 1144.52 947.96
447.95 682.17 739.91 3350.31 1922.61 1527.16
420.7 572.98 742.16 988.79 1222.82 1161.41
575.54 792.38 919.47 2931.08 2111.54 1825.56
784.78 1114.06 1526.23 2260.26 2622.15 2060.02
656.84 959.49 1304.23 3266.85 2480.64 1890.41
504.67 700.87 984.49 1375.67 1611.03 1373.27
729.41 1020.16 1304.34 2583.3 2434.6 1907.35
156.97 361.54 152.56 4643.18 1063.78 496.4
896.61 1208.5 1601.42 2366.67 2712.42 2574.07
199.85 417.08 244.99 4514.91 1161.93 615.83
978.47 1464.16 2189.0 3380.21 3729.98 2447.05
466.62 697.23 831.66 3207.27 1942.34 1530.95
607.22 771.36 969.74 1346.27 1759.99 1749.44
630.78 919.59 1351.83 3113.13 2209.68 1763.38
171.22 272.85 253.1 2574.42 809.55 512.27
508.24 737.84 818.79 3161.86 2013.54 1648.74
333.73 582.48 380.57 4690.17 1299.9 720.44
910.9 1257.79 1663.8 2274.22 2752.18 2629.64
776.12 1038.38 1373.45 1949.65 2632.61 2509.54
934.31 1319.12 1809.18 2645.75 2700.04 2204.08
608.5 847.65 1212.17 1674.33 2074.02 2004.51
493.38 650.28 703.51 2532.49 1603.98 1366.61
699.3 1013.09 1395.25 3276.12 2714.23 1875.87
463.13 713.26 761.87 3764.65 1963.23 1521.77
878.19 1207.25 1620.27 2218.71 2784.76 2622.8
221.51 274.19 363.35 467.78 535.58 523.94
940.17 1328.32 1828.05 2818.94 2749.43 2064.29
253.31 457.52 374.57 3836.01 1440.19 918.18
371.04 580.86 636.14 3447.77 1476.82 1113.44
199.29 303.45 264.68 2599.42 899.42 551.55
926.64 1215.27 1583.87 2211.88 2655.6 2271.53
946.9 1318.22 1854.81 2718.55 3004.25 2400.11
172.01 238.65 194.81 1108.61 420.43 296.0
295.04 508.4 508.55 3368.71 1357.65 805.16
740.34 1004.45 1350.31 1845.3 2473.87 2284.97
940.68 1383.19 2048.3 3001.94 3041.72 2153.2
858.28 1233.36 1820.61 2772.35 3280.02 2158.88
443.22 572.35 745.66 971.76 1198.81 1144.78
568.41 780.19 949.68 2552.9 2063.06 1823.42
231.05 415.08 376.4 3292.95 1264.11 801.97
508.2 696.83 1006.19 1585.38 1396.52 913.05
862.92 1192.77 1563.07 2247.64 2593.38 2465.47
845.86 1088.24 1433.77 2008.08 2614.43 2504.09
464.67 609.72 702.53 1831.38 1422.13 1234.42
852.98 1114.18 1504.26 2234.38 2638.4 2350.14
861.87 1112.68 1455.32 2301.33 2878.4 2760.91
631.14 826.83 1063.22 1719.41 2021.86 1926.74
113.84 120.96 132.74 146.5 154.72 153.07
467.37 606.44 790.13 1094.85 1519.65 1476.46
364.06 457.36 583.7 812.16 1094.2 1062.61
794.89 1068.02 1360.08 2667.11 2543.15 2373.59
631.62 801.31 1020.09 1818.28 2028.82 1897.87
684.89 943.83 1209.79 2811.65 2225.3 1979.28
585.59 724.47 880.64 1160.11 1524.28 1449.11
772.74 996.54 1318.87 1892.69 2453.82 2305.31
181.92 238.57 263.04 1092.11 568.98 460.91
662.6 939.15 1343.88 1941.02 1961.25 1441.94
903.67 1299.91 1911.03 2895.5 3257.52 2206.17
814.34 1061.87 1412.91 2057.52 2871.27 2760.19
505.2 727.58 974.32 1331.07 1440.57 1395.46
486.28 642.19 845.67 1202.08 1255.16 1055.85
871.78 1182.2 1628.61 2399.52 2785.69 2288.51
766.33 1012.93 1326.04 2313.76 2779.29 2613.79
511.38 765.96 1006.71 2874.82 2058.02 1764.3
180.66 284.47 265.63 1981.42 640.96 338.24
104.64 279.31 112.77 4708.76 1091.17 423.82
653.7 923.5 1384.75 2205.29 1990.12 1426.33
732.34 1000.2 1268.5 2290.27 2510.65 2332.37
728.83 1017.57 1446.89 2219.66 1908.62 1347.25
919.12 1224.61 1658.93 2456.28 2699.03 2326.0
473.87 671.32 927.6 1208.22 1301.49 1245.78
625.1 917.37 1173.75 2669.51 1922.68 1558.85
602.03 765.95 929.53 2388.48 2109.55 1868.91
514.2 698.42 920.19 1229.38 1546.77 1490.45
134.92 222.47 144.75 2588.84 622.74 327.49
700.95 901.99 1145.82 2117.1 2316.44 2151.48
929.44 1326.93 1946.9 2914.4 3026.25 2224.37
575.24 799.51 1130.98 1521.73 1659.43 1531.5
231.23 450.52 284.73 4731.19 1299.17 672.43
815.34 1094.73 1438.25 2382.5 2653.52 2409.56
870.16 1181.32 1591.77 2246.93 2960.91 2715.91
730.16 1064.17 1570.07 2294.0 2149.44 1418.45
719.61 1011.26 1493.06 2397.36 2040.63 1259.93
173.2 373.08 180.72 4822.92 1148.71 520.53
177.42 210.28 277.52 342.11 374.26 362.97
725.07 1047.88 1514.95 2208.43 2087.99 1423.67
266.43 331.35 423.58 582.51 787.21 756.13
729.13 992.12 1414.49 1969.03 2248.62 2148.11
502.87 689.64 819.34 2948.29 1857.78 1578.26
959.89 1356.7 2041.91 3122.66 2840.56 1761.18
628.18 900.37 1150.34 2228.72 2136.91 1930.74
396.04 602.15 592.08 2763.6 1066.39 769.94
766.83 1107.2 1492.74 2529.06 1964.44 1429.8
940.34 1385.01 2048.11 3144.14 3392.34 2247.75
760.99 1038.9 1440.72 2145.94 2447.49 2100.76
125.92 326.53 209.17 4133.13 1230.53 605.82
629.16 832.86 1098.11 1679.83 1993.05 1681.1
305.67 565.52 292.78 5197.31 1264.55 606.12
497.14 624.82 757.57 1564.37 1716.69 1494.16
867.67 1129.38 1480.62 2145.95 2758.42 2559.28
703.46 976.72 1277.84 2630.68 2177.66 1716.11
281.59 509.66 369.45 4657.69 1425.44 819.34
870.71 1175.02 1652.4 2292.67 2742.01 2528.88
774.35 1054.51 1545.91 2215.85 2388.57 2018.26
624.28 900.66 1322.58 2083.72 2142.19 1935.62
286.88 366.61 459.11 695.4 741.89 701.9
671.91 888.41 1174.37 1648.74 2310.06 2242.82
594.52 841.97 1184.2 1663.79 1568.79 1242.76
196.23 236.78 285.9 351.78 415.89 403.42
715.93 1066.03 1499.21 2121.67 2529.4 2248.28
160.82 350.45 229.74 4355.08 1269.47 615.08
818.41 1130.78 1596.69 2358.77 2562.73 2032.4
602.35 776.15 1012.47 1420.29 1922.64 1862.42
973.19 1401.96 2047.36 3196.91 3700.2 2495.29
625.18 813.26 1043.35 1537.94 1883.22 1766.32
925.12 1240.47 1732.7 2502.19 2851.93 2393.9
313.33 515.53 580.57 3336.34 1493.6 1052.24
498.45 609.84 733.85 966.38 1303.98 1260.34
862.63 1111.85 1462.26 2210.83 2817.65 2711.12
398.44 541.9 456.53 2467.56 1334.32 1042.88
533.56 718.41 1017.17 1504.86 1612.06 1239.93
836.08 1084.26 1437.53 2060.81 2615.45 2449.24
214.06 371.16 295.11 4153.5 1104.61 699.9
519.76 774.96 856.9 2984.05 1697.1 1396.33
527.38 741.8 1129.65 1473.64 1584.0 1533.94
875.14 1212.03 1746.12 2606.83 3102.47 2474.76
330.94 525.07 621.23 3903.92 1493.89 907.34
453.99 660.07 810.19 2734.69 1772.81 1514.84
551.2 794.99 1141.44 1592.32 2033.06 1926.68
918.15 1352.39 1994.39 2908.53 2723.99 1838.94
508.6 638.2 835.08 1269.21 1759.76 1458.55
259.3 327.12 417.68 595.9 604.23 501.51
732.58 894.65 1082.12 1553.4 2460.76 2353.35
742.99 1016.79 1267.46 2433.87 2322.87 2105.79
864.67 1225.76 1757.7 2529.85 2931.96 2264.67
825.94 1137.66 1549.2 2120.91 1990.0 1675.62
948.15 1327.12 1831.38 2554.19 3120.73 2624.27
428.69 539.8 685.96 952.52 1250.1 1202.52
402.17 660.43 569.98 4380.93 1525.87 966.88
655.97 834.4 1104.85 1607.59 2057.87 1947.79
522.37 715.77 1078.91 1508.01 1654.1 1591.24
353.6 610.2 439.57 4707.4 1435.49 846.43
886.26 1222.24 1619.93 2254.05 2787.89 2665.38
278.91 505.66 359.72 4707.21 1431.94 817.63
929.35 1228.9 1679.57 2486.89 3075.32 2680.86
493.39 657.39 665.89 2815.5 1596.67 1306.61
827.11 1090.23 1401.46 2573.48 2650.72 2411.49
917.73 1235.61 1760.71 2631.03 2629.06 1842.88
563.1 712.01 926.99 1351.83 1777.0 1689.44
797.21 1080.79 1519.86 2221.17 2508.22 2060.23
506.69 646.8 822.69 1138.47 1516.09 1459.54
579.1 858.06 1114.97 3222.79 2208.15 1589.33
792.57 1055.63 1443.05 1973.0 2493.39 2417.82
925.64 1237.6 1656.32 2207.27 2738.05 2600.23
315.42 482.41 475.12 2106.32 966.57 723.48
869.42 1237.78 1840.52 2779.26 2734.18 1888.97
673.14 991.32 1354.48 2232.39 1886.23 1594.98
349.86 518.76 521.36 2343.84 1207.38 933.75
907.82 1259.58 1738.34 2543.85 3037.52 2414.25
501.88 683.07 901.7 1202.47 1586.86 1502.04
501.53 707.5 772.02 2869.72 1839.8 1552.09
886.56 1252.2 1783.57 2463.83 2684.07 2282.34
844.16 1168.87 1491.71 2474.5 2621.37 2448.9
520.08 723.81 1025.43 1470.44 1513.18 1143.81
840.08 999.85 1251.29 1804.42 2420.36 2346.27
157.71 310.0 268.39 3837.63 1140.07 613.82
933.36 1387.5 2073.29 3037.19 2829.1 1844.3
318.21 531.83 513.6 3979.66 1434.62 994.17
649.1 900.98 1177.26 2868.0 2060.62 1504.15
536.25 820.8 821.21 3187.86 1911.51 1558.29
788.85 1097.7 1455.95 1932.13 2503.19 2376.04
815.53 1141.54 1454.11 2604.69 2587.14 2425.98
782.42 1000.0 1332.88 1930.75 2323.24 2074.07
279.82 492.84 395.0 4505.7 1464.41 951.49
464.57 643.83 859.47 1172.83 1386.45 1322.43
561.68 737.16 958.75 1341.18 1820.95 1764.89
605.07 853.28 1274.76 1796.6 1966.0 1900.0
408.65 631.56 784.63 2565.65 1420.98 1164.43
546.09 775.52 1155.12 1598.64 1863.26 1810.25
759.1 973.58 1274.34 1877.92 2404.48 2281.38
806.74 1206.55 1709.14 3284.46 2536.31 1642.09
154.42 172.24 196.84 241.38 291.21 285.78
363.53 517.78 453.78 3014.76 1497.9 1142.97
585.59 788.72 1186.6 1730.77 1468.02 1236.88
611.67 835.27 1157.21 1627.94 2007.29 1858.86
737.21 985.1 1351.93 1977.52 2418.64 2134.94
860.92 1164.18 1582.28 2339.25 2829.41 2200.87
568.32 849.73 871.9 3634.27 1827.6 1445.91
628.03 894.46 1175.24 2839.06 2140.88 1763.43
661.63 925.43 1167.96 1826.21 2057.71 1938.65
825.18 1156.48 1665.93 2585.25 2719.36 1993.85
945.9 1301.04 1845.5 2587.48 2931.14 2481.55
416.66 617.5 731.9 3091.97 1635.48 1315.23
173.06 199.61 250.24 309.9 348.34 337.49
837.12 1131.09 1542.47 2312.69 2906.93 2298.73
137.34 341.08 114.8 4738.88 1015.06 431.11
295.42 461.78 472.46 3907.51 1484.46 1044.22
455.27 586.75 756.51 1019.03 1374.3 1325.8
497.43 645.87 832.54 1101.65 1405.9 1359.7
587.64 772.86 1045.64 1418.78 1785.18 1731.97
443.55 568.45 723.65 972.81 1240.84 1201.55
923.06 1232.97 1687.6 2477.39 2951.29 2627.76
621.09 865.01 1076.24 3189.22 2170.48 1889.68
889.57 1171.1 1506.28 2213.57 2621.08 2492.21
644.6 892.37 1249.37 1775.38 2125.67 1846.07
967.67 1412.57 2088.02 3032.33 2914.51 2012.2
712.1 1055.44 1545.4 3538.04 2356.57 1324.9
629.99 874.43 1240.58 1870.62 2014.26 1597.62
413.27 506.18 597.51 859.8 1446.01 1405.9
792.3 1034.6 1380.14 2014.68 2542.21 2337.53
896.39 1331.49 1993.06 2922.45 2968.86 2126.98
290.64 454.89 426.25 3058.32 1228.77 904.72
857.22 1151.22 1563.8 2394.0 2923.44 2608.69
519.65 800.02 777.35 3360.75 1952.42 1597.43
842.64 1185.98 1711.28 2439.67 2774.67 2353.05
629.65 840.45 1025.75 2410.19 2066.95 1858.55
406.01 528.45 680.2 891.67 1111.04 1067.3
274.26 341.74 437.27 602.23 819.2 792.79
789.46 1058.12 1456.72 2112.2 2571.14 2430.45
409.71 624.4 615.7 2863.01 1108.01 801.15
299.75 329.28 369.23 500.09 844.59 811.01
111.39 287.79 126.2 4691.79 1109.49 447.02
849.99 1054.41 1320.38 2281.68 2747.41 2638.4
700.28 997.33 1423.81 2091.54 2430.72 1933.17
834.49 1134.17 1494.98 2499.32 2573.56 2347.61
732.59 968.14 1193.72 2321.08 2207.58 2016.99
436.53 586.56 761.96 974.08 1274.13 1218.38
349.06 533.69 510.9 3871.39 1440.81 1028.78
213.08 407.88 271.52 4321.08 1121.93 618.52
592.7 810.86 882.66 2471.33 1790.3 1567.09
823.71 1131.32 1507.27 2060.69 2526.63 2402.37
748.56 947.09 1226.26 1744.89 2340.78 2284.98
644.57 832.28 1100.85 1566.03 2207.05 2126.18
563.08 783.37 1170.72 1615.2 1799.0 1621.32
363.94 609.85 528.1 3956.57 1582.21 1124.74
865.12 1150.38 1558.02 2263.39 2951.38 2615.82
913.77 1298.09 1918.62 3072.32 2663.55 1685.76
436.82 564.16 761.09 994.7 1293.65 1246.07
942.72 1315.04 1864.35 2886.85 2606.77 1903.63
741.79 990.81 1397.42 2185.96 2418.05 2286.12
854.59 1177.02 1635.24 2465.39 2587.87 2130.28
302.15 514.96 511.66 3606.21 1595.14 1096.32
356.92 591.41 602.1 4115.31 1519.46 886.77
223.7 273.38 336.53 424.51 555.09 536.04
910.09 1329.92 1950.17 2837.03 2869.06 2047.62
180.79 365.6 202.57 4399.69 1047.92 525.77
922.66 1214.49 1605.7 2238.09 3077.6 2977.56
884.89 1254.74 1796.63 2601.48 2715.83 2060.76
738.29 988.4 1329.56 1911.54 2548.18 2367.88
926.5 1186.82 1554.83 2216.61 3000.64 2886.78
821.96 1130.17 1446.13 2922.61 2721.36 2075.64
863.85 1243.62 1796.3 2577.97 2581.08 1906.12
951.67 1315.18 1867.52 2789.95 3316.37 2530.25
720.24 999.48 1368.51 1880.84 2321.75 2174.77
787.58 1042.03 1311.13 2485.29 2598.58 2425.41
131.72 170.83 151.29 831.73 328.64 242.26
439.54 680.8 587.85 4147.39 1624.24 1122.65
298.14 451.91 510.92 2359.27 1174.9 716.65
684.91 879.33 1164.63 1682.32 2202.38 2022.44
859.47 1194.16 1709.88 2414.19 2735.11 2277.58
179.63 280.03 292.67 1818.81 741.53 404.65
622.55 837.68 1126.45 2038.61 2230.34 2076.24
332.79 463.12 460.47 2392.81 1140.05 809.7
175.08 327.4 204.84 2815.97 835.39 481.76
939.73 1374.28 2025.67 3083.06 3332.55 2239.17
853.36 1136.24 1492.67 2225.72 2227.42 1826.51
891.38 1204.91 1614.27 2253.08 2546.97 2318.1
749.56 1046.0 1510.06 2081.34 2364.02 2216.74
512.32 657.98 738.52 1614.62 1549.55 1407.25
675.72 883.19 1166.96 1676.23 2272.26 2167.13
951.0 1357.18 1897.76 3013.98 2517.37 1669.71
592.73 804.97 1093.44 1856.46 2017.39 1773.46
458.5 593.2 768.88 1066.58 1453.8 1401.49
345.83 547.97 625.39 3779.06 1354.92 822.08
726.29 1156.92 1492.06 3840.65 2310.43 1381.28
457.79 770.0 618.31 4693.22 1651.31 1087.67
758.88 1025.29 1424.89 2147.19 2734.53 2293.51
572.07 785.7 963.18 2284.77 1787.97 1609.74
651.76 942.02 1355.58 1918.31 2110.0 1727.45
515.03 668.72 672.51 2212.56 1855.86 1648.4
447.17 639.13 694.18 2445.08 1612.07 1348.93
247.26 276.93 316.96 437.34 674.75 669.71
101.07 101.29 101.63 102.41 103.35 103.28
666.4 876.53 1263.47 1828.54 2042.74 1945.68
146.21 161.67 184.1 217.34 260.46 253.55
811.64 1037.48 1204.56 2089.32 2244.79 2106.81
317.13 587.07 321.53 3938.66 1406.64 909.88
370.49 482.81 621.72 820.48 1022.45 985.92
950.19 1316.0 1874.43 2796.55 3329.5 2538.04
474.56 805.88 652.85 4772.43 1676.06 1075.3
921.92 1361.35 2009.88 3036.39 3415.5 2383.7
970.03 1386.87 2017.83 3091.01 3163.87 2172.79
620.69 875.92 1309.95 1834.55 2012.29 1939.53
883.29 1169.13 1524.47 2097.28 2699.38 2602.51
360.22 545.68 642.32 3483.25 1527.3 1119.66
720.02 1069.82 1485.0 3368.01 2637.24 1838.63
475.94 721.25 1005.97 2690.35 1659.61 1305.37
163.97 362.63 159.85 4850.74 1114.46 479.32
237.12 296.21 375.43 492.74 611.56 549.28
424.07 530.33 673.01 920.81 1220.6 1189.0
749.98 977.24 1281.21 1873.25 2468.75 2381.62
554.66 728.51 984.23 1795.25 1711.07 1349.66
326.46 532.83 469.71 3801.98 1486.01 1062.19
855.14 1168.84 1599.57 2308.88 2476.93 2099.02
804.22 1087.84 1401.25 2623.01 2740.16 2570.12
150.41 351.88 178.15 4408.64 1227.38 583.78
423.24 572.73 594.84 3056.43 1583.75 1241.36
756.98 1046.36 1507.84 2117.92 2350.26 2137.75
229.48 364.8 304.21 3467.68 1350.67 875.1
831.91 1094.23 1414.25 2476.38 2753.54 2547.34
696.11 816.47 1005.41 1559.49 2276.76 2150.91
151.09 208.38 188.36 1159.56 490.88 343.4
138.49 147.53 162.3 192.75 231.79 227.92
414.48 634.13 730.24 3449.39 1605.35 1255.59
881.22 1100.29 1327.76 1746.34 2355.09 2278.65
174.83 378.8 198.49 4720.22 1121.77 510.6
142.52 338.29 120.54 4923.43 1074.27 424.88
842.02 1150.5 1561.74 2178.8 2712.71 2382.17
160.89 301.84 211.26 4548.69 1141.35 606.21
372.25 551.44 655.34 3297.89 1579.22 1241.27
840.84 1090.97 1486.68 2201.38 2754.04 2340.16
132.58 306.98 171.67 4513.56 1089.64 462.29
607.21 760.14 891.65 1875.02 1817.69 1678.86
739.14 1025.13 1387.87 1870.48 2398.7 2101.92
729.63 940.02 1215.72 1687.37 2289.67 2205.36
857.52 1177.72 1559.68 2051.43 2557.35 2455.35
431.83 555.5 719.56 984.88 1329.87 1287.86
624.87 877.23 1258.86 1779.32 2116.75 1809.06
573.12 795.18 1062.68 1951.07 1961.31 1831.96
961.8 1361.32 1953.25 2833.85 3050.95 2373.9
560.72 767.22 892.98 2982.68 2103.38 1782.34
962.19 1291.14 1791.27 2683.1 3227.27 2653.25
465.5 750.67 647.23 4606.12 1732.74 1191.28
268.34 324.59 398.31 524.42 685.45 662.91
417.02 597.14 687.11 3026.43 1727.65 1381.34
784.53 1147.8 1550.5 3192.99 2524.05 1765.46
113.48 251.21 133.21 3453.41 937.65 410.07
460.72 684.46 715.68 3524.7 1864.27 1438.14
735.96 1009.55 1558.5 2198.34 2370.68 2266.48
869.92 1190.01 1584.69 2160.0 2726.57 2621.31
733.1 1038.21 1478.06 2170.89 2495.8 2004.37
464.53 590.36 724.18 1197.93 1317.86 1247.31
626.77 779.63 976.1 1307.69 1714.98 1638.31
714.8 1078.73 1511.35 3093.17 2737.92 1832.87
806.49 1134.77 1586.63 2292.88 2609.02 2127.87
161.94 333.63 177.73 4222.58 963.05 462.42
573.41 760.14 933.11 3049.72 2151.87 1909.99
715.18 1034.67 1476.6 2347.86 1759.44 1163.23
454.48 560.99 668.35 968.57 1614.82 1560.37
893.13 1255.73 1794.19 2813.28 2471.14 1759.23
442.4 698.42 805.67 3866.92 1790.56 1132.82
721.08 1068.89 1506.28 2418.28 2438.58 1944.71
173.17 185.35 199.47 251.45 417.02 413.53
720.01 991.56 1400.66 1896.17 2410.28 2296.51
410.64 594.66 647.55 2967.78 1632.97 1333.97
796.86 1086.13 1478.41 2254.36 2395.27 2036.9
268.19 497.94 405.89 4651.06 1397.8 798.59
947.47 1215.84 1608.2 2327.12 3154.65 3018.69
712.91 909.55 1066.38 2403.47 2079.11 1895.6
617.58 841.86 1117.91 1558.63 2040.92 1963.29
395.2 568.92 649.09 3331.46 1667.85 1325.08
903.34 1323.06 1950.67 2863.43 2919.17 2080.48
701.23 990.67 1437.07 2045.67 2476.74 2162.2
893.16 1304.38 1852.13 3005.58 2222.96 1443.6
601.29 851.95 1092.81 3218.73 2062.07 1655.33
765.6 1128.92 1584.3 3407.92 2700.1 1801.34
135.23 340.15 138.81 4672.88 1256.58 567.61
462.43 617.09 833.46 1188.33 1365.59 1131.26
789.7 1109.15 1594.75 2468.9 2089.09 1460.02
754.41 1035.94 1500.59 2308.43 2194.45 1495.05
594.55 860.02 1124.1 2239.23 1796.8 1634.89
445.45 561.33 719.1 1014.5 1407.28 1364.85
401.53 532.2 693.02 949.78 1230.76 1185.53
414.27 570.44 728.3 1584.7 1347.7 1222.36
492.18 637.32 824.72 1114.51 1506.69 1453.15
798.61 1105.66 1588.5 2329.45 2471.89 1958.59
871.42 1205.43 1644.67 2784.95 2425.03 1909.39
766.18 1106.89 1609.17 2917.09 3053.94 2201.54
312.67 393.93 495.34 696.41 918.06 893.75
768.04 986.29 1151.88 2285.36 2170.52 2008.28
614.58 813.77 1080.35 1556.1 1885.3 1647.45
513.43 701.53 973.14 1368.49 1573.59 1367.32
509.13 773.15 861.57 3446.82 1883.68 1540.43
871.25 1123.24 1476.61 2191.06 2838.14 2735.33
109.86 243.66 165.62 4109.03 985.74 440.53
791.46 1056.91 1407.03 2131.96 2668.49 2427.14
777.81 1087.84 1514.22 2258.92 2758.9 2501.62
883.47 1185.0 1583.48 2196.11 2696.26 2533.03
799.43 1035.35 1381.57 2010.5 2619.46 2426.22
132.56 141.98 150.56 172.4 203.73 199.69
331.92 441.24 599.86 768.33 866.29 838.21
498.69 648.7 850.02 1112.67 1376.42 1313.65
526.56 752.91 808.22 3444.7 2012.37 1690.32
373.31 513.8 606.07 2267.58 1379.42 1170.15
635.36 876.16 1229.12 1803.25 1992.8 1645.26
447.45 666.79 695.85 2260.14 1180.52 957.2
322.24 444.49 428.93 3575.82 1483.11 1084.36
873.68 1119.06 1448.13 2018.04 2687.61 2604.19
259.99 433.17 354.72 3865.9 1289.87 777.06
487.68 646.21 794.41 1993.18 1673.41 1488.32
886.08 1285.28 1820.72 2912.31 2265.98 1529.5
575.84 770.53 938.09 2062.5 1893.81 1734.15
405.33 551.8 808.49 1281.95 1262.76 1191.38
774.69 1081.18 1578.34 2355.66 2393.87 1745.28
352.72 462.47 556.84 1375.65 1119.56 1010.43
684.14 948.85 1287.27 1818.99 2048.3 1950.01
561.44 792.74 946.23 2862.54 2087.09 1824.19
538.84 776.48 945.41 2860.9 1847.96 1633.1
417.67 550.86 741.23 1012.33 1264.58 1229.22
504.45 728.99 1050.35 1903.28 1771.18 1667.54
864.47 1199.01 1698.32 2693.73 2735.51 2070.68
398.22 539.5 695.17 921.05 1142.71 1092.79
611.88 896.23 1124.76 2721.01 2153.39 1892.45
512.99 818.49 888.92 4334.13 1766.67 1020.33
865.5 1207.88 1685.85 2342.53 2645.49 2056.65
589.1 791.2 903.56 2459.41 1934.25 1708.89
736.28 1058.53 1321.74 2839.66 2458.2 2217.25
649.66 883.07 1241.67 1723.56 2200.74 2116.97
565.37 817.01 1104.42 1428.46 1620.21 1581.43
269.76 419.64 397.7 4052.64 1380.21 928.51
914.71 1264.15 1802.99 2645.21 2885.08 2279.44
861.44 1240.69 1749.74 2729.0 2067.08 1441.18
816.54 1146.32 1582.13 2439.33 2197.21 1609.04
970.46 1400.22 2017.51 3042.91 3459.95 2444.34
550.72 810.42 1049.6 2442.91 1882.11 1588.21
545.07 805.03 1117.3 3061.56 1961.0 1207.53
364.64 454.88 626.26 837.98 767.91 754.3
423.32 600.3 654.24 3385.89 1630.38 1273.09
658.44 847.5 953.43 2345.88 1960.5 1759.8
656.42 904.24 1257.39 1746.44 1954.62 1624.72
602.39 879.25 1184.73 1713.76 1775.61 1711.78
292.39 491.38 362.15 3696.88 1091.38 626.97
796.81 1078.42 1428.32 1976.09 2474.03 2397.27
185.02 211.47 246.95 310.95 380.33 370.86
851.97 1140.48 1514.2 2114.87 2838.99 2699.39
632.66 826.15 1058.7 1478.78 1983.3 1919.43
543.68 822.59 853.73 3715.69 1845.35 1459.0
534.06 698.62 1044.19 1428.69 1234.32 1179.8
674.62 890.59 1183.86 1748.4 1994.06 1770.4
817.09 1120.28 1550.92 2087.41 2750.51 2562.66
633.81 867.73 1256.79 1772.15 2026.42 1966.66
374.4 477.54 696.56 935.31 815.61 789.51
584.24 867.03 1040.68 3298.72 2075.79 1732.92
138.99 186.38 181.66 1147.24 454.4 311.81
645.49 885.08 1249.66 1761.11 2104.03 1900.51
845.05 1118.28 1480.82 2073.45 2820.57 2722.02
406.83 640.4 833.59 2489.08 1780.7 1501.54
439.74 597.41 792.04 1287.52 1344.93 1251.85
584.89 827.01 1065.75 2372.08 1825.88 1632.12
812.89 1102.28 1488.31 2103.09 2866.76 2739.56
129.76 139.87 155.31 175.85 197.48 193.48
909.68 1337.01 1963.26 2876.54 2713.35 1848.77
133.21 147.87 168.75 198.74 234.17 228.95
462.36 736.69 564.85 4481.59 1662.24 1123.55
935.19 1331.92 1886.32 2835.05 2787.32 2104.72
507.68 755.16 727.19 3351.81 1695.6 1328.76
630.9 863.98 1182.52 1551.12 1974.98 1878.3
639.06 867.98 1219.66 1692.26 2160.25 2078.1
710.67 940.15 1175.57 2490.34 2426.79 2252.25
127.78 157.87 161.0 734.45 322.18 236.71
808.12 1130.12 1585.22 2200.94 2645.25 2284.09
708.4 875.78 1077.02 1492.03 1945.56 1770.7
784.58 1083.99 1572.11 2318.27 2368.56 1989.04
533.97 733.56 1057.66 1673.86 2026.19 1370.28
529.62 709.76 967.21 1333.86 1675.0 1627.18
630.99 901.95 1245.66 3240.37 2197.65 1539.91
839.51 1102.67 1452.85 2063.26 2425.46 2061.89
759.2 1026.77 1324.36 2816.96 2657.11 2406.48
509.5 774.5 850.18 2727.92 1726.18 1448.69
377.74 578.25 519.32 3745.84 1492.64 1026.27
509.0 681.89 888.12 1153.63 1426.79 1371.71
653.63 828.32 1070.87 1479.06 1920.63 1860.83
141.72 151.2 160.21 193.28 258.14 254.42
815.97 1148.76 1685.03 2458.53 2898.0 2232.17
877.29 1257.07 1788.18 2757.3 2645.43 1772.17
799.87 1070.54 1399.89 1864.58 2306.07 2217.11
618.75 899.26 1219.64 1580.85 1794.59 1751.36
890.49 1251.5 1814.49 2658.97 2823.18 2173.78
859.83 1123.85 1461.6 2042.2 2530.4 2164.39
256.18 403.44 380.4 3991.69 1346.53 891.48
738.85 937.6 1217.58 1680.15 2128.07 1905.0
708.22 1008.79 1459.58 2218.27 2328.67 1609.58
563.7 873.52 1175.7 3732.75 1952.82 1095.71
264.83 428.6 423.16 3626.59 1328.48 915.33
457.4 766.89 651.41 4198.18 1598.57 1101.63
684.84 984.23 1328.7 3110.4 2407.94 1636.23
567.98 794.05 1071.03 2371.51 1988.51 1716.63
915.12 1278.35 1742.65 2367.12 2933.33 2662.45
834.86 1178.4 1686.67 2823.12 2955.49 2222.16
503.01 676.26 831.5 1507.15 1442.78 1345.99
388.04 612.85 723.86 3462.33 1554.61 1176.94
912.54 1239.21 1732.88 2511.72 2879.22 2435.24
797.37 1151.22 1571.88 2945.79 2189.38 1550.66
904.2 1316.78 2027.2 3104.99 2760.5 1636.7
555.14 767.16 927.88 3085.48 1977.47 1716.5
214.73 281.29 285.98 1353.44 820.01 661.45
128.96 186.59 136.21 1766.27 493.24 299.74
374.87 656.79 540.14 4878.63 1565.97 768.1
864.0 1241.21 1870.16 2846.21 2642.9 1687.24
267.01 324.27 402.21 525.68 689.51 670.22
584.96 788.57 1067.36 2054.64 1955.76 1361.13
591.98 865.85 1083.54 3097.05 1927.06 1569.02
231.47 396.69 367.23 3851.58 1291.15 765.93
689.57 990.91 1247.56 2976.38 2338.86 1777.19
497.85 636.2 819.84 1156.84 1542.68 1492.2
141.34 355.38 121.22 4190.67 941.97 395.61
661.02 930.81 1346.88 1883.24 2167.75 1931.75
457.44 608.09 790.55 1035.24 1273.37 1227.06
316.37 382.67 471.6 640.35 868.18 835.4
569.03 795.56 1089.41 1474.24 1686.27 1438.43
514.7 719.78 939.13 2254.37 1643.98 1442.84
920.15 1179.88 1555.49 2197.83 3033.97 2937.07
942.48 1280.07 1724.17 2577.03 2780.53 2330.6
926.76 1252.69 1699.83 2375.17 2935.08 2656.05
550.23 771.25 1135.17 1910.23 1787.07 1666.26
363.74 611.83 535.96 3960.68 1586.43 1108.96
613.8 814.7 1071.31 1977.49 1803.12 1567.4
499.73 789.56 801.69 4237.64 1831.73 1352.82
604.71 777.71 996.47 1369.64 1894.37 1827.17
681.07 908.81 1067.63 2580.69 2162.47 1960.18
945.84 1254.4 1712.27 2544.27 2798.74 2411.71
817.3 1069.06 1342.85 2516.96 2604.66 2447.78
439.69 637.28 707.08 3270.12 1778.8 1413.44
570.37 780.65 1013.13 1972.47 1825.44 1694.31
581.26 778.36 1048.06 1590.4 1574.67 1241.56
454.23 668.05 747.34 3580.86 1839.87 1423.17
553.78 666.95 784.53 1162.23 1823.79 1738.18
499.35 731.05 890.87 3347.69 1952.79 1482.65
834.88 1107.11 1459.72 2319.01 2609.39 2338.6
917.62 1215.99 1611.74 2360.7 2798.7 2492.18
241.01 431.05 313.9 4204.66 1215.07 734.22
891.72 1300.1 2007.15 3081.05 2714.5 1591.78
851.44 1091.98 1421.6 2023.9 2741.93 2621.67
962.83 1400.86 2056.52 3005.21 2915.08 2022.75
944.38 1358.9 2030.22 3190.05 3690.92 2509.49
528.89 684.8 873.03 1247.64 1690.98 1640.71
462.68 609.12 793.67 1076.01 1439.48 1380.54
199.63 264.97 303.49 822.15 519.55 386.16
738.16 1020.63 1433.21 2441.56 2545.47 2377.36
658.92 830.85 1007.96 2638.45 2274.93 2042.77
568.4 802.92 991.15 2686.96 1945.9 1680.05
738.92 1050.48 1465.81 2052.23 2252.72 1893.71
501.33 739.67 870.17 3171.34 1884.7 1544.27
536.85 811.25 862.59 3763.85 1867.32 1461.38
237.18 336.53 368.95 1555.36 698.74 498.58
127.55 153.58 151.49 648.16 300.4 228.08
610.7 862.31 1289.27 1793.51 1968.58 1876.74
363.39 463.22 618.11 892.41 1117.29 946.09
850.22 1143.97 1516.1 2316.74 2996.35 2863.33
559.23 790.54 1098.3 2267.12 1816.38 1289.9
548.0 702.41 923.36 1306.05 1833.39 1766.86
578.52 762.84 1028.12 1399.66 1764.7 1701.81
794.13 937.04 1159.52 1692.78 2279.59 2233.82
384.89 509.71 732.3 986.95 1113.59 1079.03
895.09 1256.5 1736.69 2714.39 2483.64 1820.17
925.83 1275.89 1743.23 2431.46 3013.45 2617.17
212.55 357.13 311.24 2651.91 1000.71 618.26
649.41 914.66 1244.96 2702.32 2038.2 1516.85
429.28 580.35 693.94 1841.22 1409.52 1247.38
682.21 956.64 1337.66 1882.65 2181.95 1837.24
599.25 866.29 1006.46 2567.94 1471.98 1253.14
453.92 556.34 649.62 887.08 1227.66 1183.77
912.14 1320.86 1944.19 2827.1 2723.32 1904.57
214.07 351.74 284.87 2665.36 987.09 624.51
809.79 1075.78 1405.29 2110.32 2677.33 2572.66
715.16 938.37 1244.99 1793.56 2434.12 2303.86
882.05 1243.32 1834.69 2676.28 2781.19 2131.64
344.08 431.45 548.84 748.79 1024.1 985.37
482.0 645.36 901.1 1303.74 1453.0 1262.39
774.35 1049.0 1419.99 2253.81 2175.64 1711.19
840.08 1035.04 1283.94 1848.63 2185.48 1935.3
642.52 870.16 1216.65 1864.6 2174.21 1851.22
846.95 1121.3 1497.82 2155.68 2663.66 2493.81
823.82 1135.08 1622.49 2380.34 2478.48 1887.7
938.22 1375.67 2030.17 2976.6 2801.34 1883.22
235.47 328.32 409.67 1300.32 656.85 446.46
131.93 276.84 182.94 4095.4 1085.25 503.67
250.8 373.97 354.45 2337.27 949.0 701.68
636.48 971.92 1330.38 3492.04 2610.7 1644.73
894.38 1288.97 1872.52 2725.65 2622.56 1819.29
732.8 994.05 1311.71 1797.68 2127.58 1922.09
370.03 611.87 544.19 3824.48 1643.1 1201.04
959.36 1341.51 1883.39 2820.75 3346.31 2590.78
681.62 887.55 1190.2 1712.87 2244.19 1986.76
308.32 504.41 493.8 3939.6 1593.48 1079.64
667.24 998.41 1233.74 3858.11 2531.0 1653.85
378.53 468.62 577.49 784.11 1011.67 1006.08
349.54 448.9 587.53 746.07 948.87 909.41
252.43 444.63 342.83 4094.45 1252.44 786.22
169.85 183.93 202.92 260.02 372.63 370.24
502.0 773.41 779.11 3418.78 1841.49 1427.81
149.48 178.61 206.07 474.95 333.13 295.02
588.72 812.95 1110.85 2273.36 1896.49 1700.45
488.42 702.91 1029.11 1491.9 1466.46 1017.12
846.0 1178.29 1680.29 2398.02 3008.66 2524.86
602.41 865.89 1088.75 2716.47 2026.14 1795.93
963.12 1410.17 2083.95 3205.33 3460.78 2281.53
773.47 1087.0 1463.59 3071.61 2645.24 2063.93
872.84 1246.35 1764.36 2755.68 2359.49 1660.72
323.45 519.32 530.2 4076.69 1421.19 986.27
332.77 499.77 473.61 2606.56 1072.05 773.05
960.52 1402.09 2146.62 3475.86 3919.83 2404.42
455.64 583.7 662.94 1978.93 1655.86 1409.28
96.64 231.82 130.42 4286.52 963.56 437.98
410.86 589.4 850.15 1397.07 1238.41 856.36
504.78 637.3 820.3 1151.59 1522.16 1481.8
85.14 219.74 97.82 4162.8 970.32 368.51
444.25 512.48 615.44 1018.35 1375.05 1303.18
930.04 1345.18 1960.13 2975.87 3333.43 2373.15
636.48 846.74 1142.37 1680.54 2321.09 2219.34
764.58 1030.53 1335.15 1793.2 2225.62 2097.02
555.35 812.8 978.39 3431.11 1998.8 1616.16
622.32 812.27 1034.57 1934.43 2155.49 2036.93
260.6 314.34 392.28 507.8 657.65 633.65
411.28 572.47 778.77 1341.78 1264.01 1069.15
724.84 998.7 1418.89 2048.52 2125.37 1630.4
406.71 543.74 577.95 2795.82 1429.35 1133.19
622.33 922.5 1179.99 3275.59 2271.93 1660.04
764.13 1064.61 1415.31 2044.82 2448.17 2338.45
130.52 278.41 142.12 4457.65 874.56 418.93
614.3 909.1 1133.73 3419.92 2015.32 1503.21
233.55 310.48 367.99 1215.98 733.11 622.27
653.45 858.27 1122.73 1531.69 2085.15 2009.58
614.45 842.25 1158.37 1613.45 1844.68 1658.79
701.07 945.07 1270.55 1788.9 2432.78 2325.54
869.12 1248.62 1831.44 2717.55 3021.51 2139.84
459.69 584.09 752.36 1034.42 1390.26 1350.24
513.27 641.68 773.48 1761.23 1670.31 1535.68
481.2 724.9 878.66 2634.29 1666.7 1122.22
399.7 592.32 686.39 2569.0 1689.37 1395.41
706.52 878.78 1146.1 1594.15 2253.57 2138.61
407.96 571.46 667.18 2485.77 1488.26 1214.08
440.39 667.51 821.64 3349.52 1663.09 1259.78
551.38 786.63 1140.11 2352.18 1888.61 1704.57
840.27 1128.07 1465.82 2355.81 2610.91 2475.37
516.76 764.21 794.13 3681.08 1918.83 1496.69
184.41 259.69 263.18 1294.59 583.85 450.3
392.1 584.5 714.92 2081.74 1296.96 1036.76
517.77 699.59 907.49 1441.98 1512.43 1331.12
280.75 496.49 535.2 3303.92 1378.11 938.07
810.73 1149.48 1616.89 2380.23 2767.63 2167.04
735.08 986.71 1347.76 2117.66 2534.35 1919.59
396.93 521.43 699.36 952.77 1188.55 1155.49
282.15 448.2 434.16 4205.16 1447.48 979.93
836.72 1205.6 1758.41 2655.16 2837.07 2054.23
823.36 1177.13 1715.04 2531.35 2758.22 2184.48
852.61 1197.12 1695.99 2557.02 2996.6 2325.93
676.53 960.86 1436.41 2044.43 2181.07 1954.83
607.8 817.21 1100.81 1607.16 1972.77 1810.74
900.49 1189.78 1642.35 2421.93 2893.29 2501.11
671.49 864.68 1118.82 1582.3 2099.7 2016.98
839.67 1172.57 1617.72 2329.27 2785.13 2395.14
887.68 1228.25 1718.97 2466.98 2844.29 2460.18
447.54 613.08 631.03 2882.98 1868.84 1517.26
415.38 671.97 607.94 4112.98 1542.31 1062.68
318.39 486.96 507.84 3858.95 1521.53 1089.83
529.07 721.15 1031.55 1533.56 1651.87 1317.16
452.75 731.5 833.12 4144.46 1593.06 935.85
324.29 562.26 539.1 4608.86 1527.19 855.25
709.02 927.93 1244.98 1770.19 2238.76 2054.05
768.24 1104.01 1528.13 2879.6 2729.0 1913.1
419.23 540.25 710.59 1048.55 1384.59 1101.94
859.52 1068.44 1297.86 1705.93 2314.13 2239.93
434.27 748.74 632.51 3972.53 1808.14 1345.75
664.17 880.56 1139.16 2253.17 2168.95 1942.48
863.46 1153.21 1521.9 2120.44 2885.23 2787.32
872.56 1228.65 1736.41 2500.84 2702.1 2160.87
661.16 896.01 1158.05 1700.86 1551.99 1469.77
363.35 447.35 562.46 765.21 947.91 921.12
503.64 732.08 994.34 2081.24 1284.65 840.92
803.16 1039.06 1292.81 2002.47 2382.49 2266.21
769.75 1052.23 1478.23 2422.18 2502.58 2360.95
926.77 1279.49 1841.38 2886.76 2737.08 1956.55
842.75 1170.63 1643.48 2433.82 2962.2 2427.48
334.36 433.02 551.23 720.11 895.21 870.32
413.32 589.52 646.76 3666.72 1739.56 1360.21
617.47 876.73 1325.64 1816.13 1970.44 1700.83
181.65 247.6 240.74 1164.71 539.06 419.04
763.54 1051.97 1373.3 3018.46 2273.82 1678.6
955.37 1321.41 1865.64 2835.3 3365.14 2553.95
847.61 1111.12 1459.46 2064.15 2753.86 2659.22
398.77 564.59 580.57 2963.82 1440.02 1150.22
655.75 857.81 1108.87 1511.92 1945.51 1881.94
258.1 445.96 485.4 4250.93 1415.63 743.09
140.63 156.41 175.26 205.64 234.79 229.46
466.26 663.09 877.25 2210.19 1599.62 1225.49
639.29 852.08 1209.79 2092.8 2027.04 1882.67
680.71 801.28 945.27 1413.53 2311.49 2257.25
562.32 746.28 851.39 2928.18 1817.12 1509.32
717.25 965.72 1280.32 1738.87 2374.87 2277.31
495.65 820.52 812.76 3744.73 1797.45 1274.19
647.35 908.42 1305.58 1822.77 2235.82 2102.63
451.39 592.52 771.9 1021.84 1392.79 1338.66
499.79 734.75 888.37 3108.61 1759.16 1420.17
576.36 768.04 1030.78 1501.92 1704.26 1385.7
808.9 1165.06 1656.22 2471.47 2191.93 1661.07
372.13 689.62 380.88 5365.18 1419.47 738.15
866.13 1233.11 1779.98 2592.89 2698.93 2065.64
425.51 580.47 807.62 1184.69 1171.92 854.32
943.27 1288.51 1794.17 2611.02 3026.16 2539.92
524.01 707.75 933.89 1294.95 1690.05 1626.45
383.49 493.58 625.1 837.08 1040.5 1003.33
721.05 980.81 1400.21 1882.92 2181.67 1984.22
910.03 1270.8 1823.77 2754.14 2857.9 2134.68
565.21 754.84 963.37 1740.89 1923.32 1802.63
508.81 727.94 847.27 2855.92 1787.29 1486.06
629.66 838.24 1081.15 1580.11 1876.96 1794.89
419.07 583.02 830.22 1186.46 1147.03 806.65
745.59 1089.94 1449.8 3238.91 2196.65 1568.66
249.58 326.58 383.09 1055.21 665.25 591.8
666.59 909.3 1296.78 2108.01 1709.0 1425.17
545.65 730.38 844.74 2997.16 1886.05 1632.93
496.91 661.86 744.85 3189.23 1923.19 1574.97
640.93 861.28 1105.1 1889.06 2192.38 2075.62
642.62 845.7 1114.76 1511.52 1908.81 1837.74
261.06 409.51 447.51 3015.89 1248.4 915.37
856.97 1131.37 1513.67 2171.81 2817.96 2611.7
869.15 1230.38 1757.15 2656.28 2420.6 1940.49
296.89 506.99 420.86 4398.19 1493.05 995.81
140.62 155.96 175.41 203.28 236.15 229.51
854.66 1183.73 1682.22 2397.11 2785.48 2371.87
586.74 774.13 1106.57 1556.6 1487.3 1302.93
626.21 831.1 1095.66 1455.37 1766.25 1718.68
448.2 701.8 626.07 3618.24 1586.0 1165.72
224.99 302.97 329.56 1371.02 661.09 532.95
705.52 852.01 999.69 1508.74 1951.88 1844.49
617.92 806.32 1006.37 1560.15 1801.43 1695.74
414.07 462.25 527.86 737.44 1265.77 1208.09
478.11 696.88 746.0 3360.67 1816.84 1451.18
716.44 990.26 1517.51 2277.19 2332.91 2184.66
818.7 1094.47 1524.43 2046.63 2633.14 2484.27
302.27 416.49 566.4 878.11 994.28 935.02
118.46 129.06 141.19 158.66 178.17 175.06
531.1 667.18 834.85 1129.19 1471.92 1430.59
742.9 951.61 1243.39 1728.73 2218.62 2122.2
319.49 417.86 539.42 818.74 883.53 834.97
490.88 704.15 835.49 2772.64 1855.76 1580.21
803.79 1124.2 1548.39 2293.97 2137.1 1747.69
828.83 1074.07 1403.37 2053.75 2777.35 2676.19
447.77 623.94 729.28 1780.56 1253.43 1026.48
823.11 1069.69 1386.82 2102.25 2756.18 2649.47
592.23 832.11 1015.79 2777.02 2051.91 1764.73
797.26 1135.22 1574.18 2604.18 2483.33 1998.25
918.04 1327.08 1920.04 2875.13 3056.73 2195.58
658.43 935.41 1337.33 2509.81 2218.22 1984.07
130.92 188.9 142.4 1405.24 422.69 251.35
569.58 827.37 1151.91 1867.87 1679.86 1465.12
517.96 685.2 892.47 1181.31 1480.93 1421.19
772.26 965.43 1175.21 1777.64 2167.97 2011.84
184.71 346.97 208.72 3661.04 999.06 511.33
663.77 928.57 1299.97 1851.79 2366.6 2044.42
617.15 927.66 1186.36 3620.13 2397.44 1589.29
887.21 1242.46 1647.67 2303.92 2738.96 2287.0
814.54 1104.73 1486.55 2010.29 2515.73 2414.76
876.83 1249.28 1861.22 2748.16 2663.65 1842.09
672.63 986.71 1351.74 2860.97 2087.76 1653.11
539.34 699.04 891.86 1275.6 1729.73 1678.24
791.35 1063.18 1448.92 2109.36 2572.86 2450.64
608.52 879.6 1224.33 1866.91 1799.83 1557.1
669.99 918.69 1174.74 2204.22 2107.69 1889.33
343.08 462.45 669.27 985.33 891.18 559.68
546.01 801.9 1049.18 2713.51 1978.9 1470.96
455.0 557.72 651.29 889.46 1231.07 1187.06
651.0 828.04 1050.21 1442.32 1852.28 1775.69
590.57 843.5 1156.76 2584.7 1988.02 1815.98
592.86 794.07 986.9 2649.47 2128.72 1883.26
535.39 712.96 860.04 2828.3 1951.73 1701.42
641.37 895.03 1342.98 1932.62 2045.39 1825.63
437.04 554.5 571.66 2038.18 1513.43 1313.94
933.47 1370.68 2033.0 3141.04 3210.69 2080.85
585.31 906.05 964.74 3960.48 2133.39 1410.14
542.56 796.71 939.68 3271.97 1954.87 1643.59
931.49 1347.94 2045.8 3279.96 3701.59 2329.82
316.99 421.79 516.4 1170.85 888.77 779.39
244.53 377.17 360.21 2272.57 901.09 649.01
203.24 437.01 319.06 4582.73 1398.02 677.37
647.81 915.53 1341.41 1984.31 1919.38 1342.34
663.49 831.82 1012.51 2510.78 2205.87 2015.56
580.32 696.24 798.41 1618.08 2011.62 1935.29
647.02 862.23 1079.92 2589.93 2278.21 1960.91
511.72 697.88 774.74 2568.12 1698.12 1447.84
750.92 1001.96 1291.45 2307.95 2642.4 2479.68
745.16 1070.24 1552.46 2661.73 2537.77 1805.7
720.97 929.61 1212.76 1752.83 2451.38 2373.99
925.53 1335.94 1998.44 3018.3 2904.47 1995.74
371.25 497.79 680.08 955.54 1002.82 803.19
878.05 1160.94 1512.43 2076.7 2683.73 2594.74
623.45 776.1 1005.34 1417.33 1967.84 1904.09
621.19 830.15 1019.49 2316.39 2065.93 1882.81
722.05 878.92 1122.81 1616.74 2053.25 1916.31
925.65 1254.37 1759.49 2697.7 2552.01 1965.54
805.83 1111.79 1548.17 2452.55 2606.35 2216.28
131.39 272.24 178.77 4028.25 1084.45 513.75
663.93 958.07 1224.25 3409.39 2188.31 1565.25
404.92 512.45 679.94 933.89 1123.19 1028.98
130.06 140.69 154.22 175.87 199.76 196.2
934.09 1318.96 1962.22 2936.89 2794.76 1852.69
785.89 1133.42 1643.98 2388.81 2758.33 2048.71
841.62 1076.48 1416.12 1996.95 2753.02 2665.4
924.32 1329.43 1936.37 2958.5 3115.99 2154.67
746.35 1085.89 1592.03 2281.04 2290.35 1742.1
487.03 640.78 852.43 1169.91 1494.38 1450.79
684.2 993.39 1357.26 2821.45 2570.92 1952.85
452.61 661.3 739.42 3450.65 1667.53 1368.76
567.25 805.39 906.89 2516.35 2009.23 1787.2
800.96 1137.33 1662.11 2518.79 3003.6 2042.35
248.07 383.06 332.85 2346.75 833.58 552.91
654.79 849.28 1109.09 1529.67 2064.36 1997.61
322.24 587.88 324.52 5193.51 1265.17 607.68
669.84 925.96 1285.77 2117.49 2087.38 1693.97
217.49 314.73 333.11 1638.88 788.2 586.03
309.49 403.43 547.81 801.24 796.86 610.57
693.94 944.56 1268.49 2047.93 2113.76 1900.98
915.17 1277.7 1842.92 2701.33 2689.08 1974.48
684.83 942.52 1254.17 2179.6 2148.43 1995.05
695.33 970.52 1196.98 3014.22 2324.19 2059.64
741.92 1006.41 1442.91 1938.81 2204.22 2001.84
465.96 760.82 787.64 4356.07 1598.42 820.41
933.74 1346.16 1974.94 2889.27 2962.45 2157.15
642.83 868.55 1169.31 1764.03 2274.12 1854.45
546.86 825.79 797.65 3820.55 1859.07 1430.55
942.88 1327.74 1901.36 2966.26 2588.65 1829.07
189.02 319.52 246.61 2238.91 738.21 465.42
722.92 941.22 1159.51 2423.16 2391.72 2257.69
247.57 294.18 344.71 525.2 566.86 533.93
803.78 1148.22 1597.53 2899.37 2815.22 2101.19
562.41 779.02 935.54 3150.77 1997.06 1711.45
144.36 324.8 188.19 4539.05 1183.64 552.21
681.45 978.12 1408.68 2029.34 2109.04 1614.57
962.0 1398.0 2014.0 3173.0 2939.0 1816.0
69.0 191.5 59.0 4653.5 930.0 346.0
134.0 394.5 95.5 5146.0 1087.0 409.5
969.0 1403.0 2079.0 3181.0 3518.0 2279.0
155.0 368.0 123.0 5163.0 1156.0 447.0
89.8 263.8 87.2 4769.8 1060.5 381.0
971.0 1390.0 2115.5 3245.0 2879.5 1707.0
122.0 299.0 89.0 4632.0 914.0 354.0
72.0 203.8 71.8 4231.5 957.5 341.5
907.5 1325.5 2047.5 3151.5 2757.0 1579.5
948.0 1357.0 1978.0 3155.0 2462.0 1531.0
56.8 180.8 53.0 4412.8 873.5 325.0
119.5 322.5 80.5 4825.8 970.8 371.8
948.0 1376.0 2046.0 3146.0 2970.0 1921.0
911.0 1341.0 1922.0 3127.8 2196.5 1320.8
985.0 1493.5 2276.8 3372.5 3183.8 2033.8
76.2 218.5 55.5 4643.8 764.8 282.8
962.5 1390.0 1954.5 3151.5 2480.0 1527.0
959.5 1435.2 2145.2 3160.2 2832.8 1787.8
88.5 243.0 63.5 4918.0 903.5 321.0
978.0 1422.0 2105.0 3266.0 3199.0 2037.0
79.2 209.2 66.0 4931.0 970.2 374.0
222.2 574.0 104.8 5481.0 1198.8 463.2
992.0 1434.0 2127.0 3253.0 3849.0 2515.0
980.5 1432.2 2016.0 3245.2 2807.8 1800.2
966.0 1422.0 2112.0 3259.5 3477.0 2237.5
109.2 304.0 68.8 5231.2 1052.0 412.0
978.0 1434.0 2220.0 3640.0 4073.0 2397.0
81.5 229.5 75.0 4588.5 1023.0 369.5
937.0 1353.0 2081.0 3198.0 2826.0 1629.0
924.0 1316.0 1970.0 3207.0 2671.0 1584.0
102.5 315.2 89.5 4914.0 1200.8 467.0
980.0 1467.0 2194.0 3388.8 3736.5 2446.5
955.0 1376.0 2056.0 3368.0 3193.0 1885.0
977.5 1462.0 2197.0 3231.5 2940.0 1846.5
939.0 1381.8 2053.5 3176.2 3230.8 2074.0
265.0 540.0 222.0 5608.0 1151.0 427.0
83.0 265.0 84.5 4714.5 1156.5 420.5
245.0 494.0 207.0 5231.5 1090.0 397.0
304.0 635.0 236.5 5868.5 1229.5 464.5
138.0 335.0 114.0 4964.0 1063.0 407.0
53.8 244.8 74.8 4340.2 1057.2 381.2
768.0 937.0 1202.0 1687.0 2456.0 2347.0
839.5 1125.5 1473.5 1964.5 2431.0 2337.0
851.0 1125.0 1487.0 2077.0 2845.0 2757.5
674.0 931.0 1168.0 1598.0 2316.0 2207.0
802.0 1081.5 1471.5 1917.5 2488.0 2377.0
925.8 1236.5 1653.5 2197.5 2743.8 2613.8
730.2 928.0 1240.5 1701.5 2120.2 2066.2
807.5 1039.5 1351.0 1892.0 2546.5 2477.5
913.2 1175.2 1552.5 2217.0 2972.0 2874.8
762.0 1017.0 1384.0 1898.0 2403.0 2316.0
768.8 1023.0 1344.0 1898.0 2593.0 2511.8
829.0 1082.5 1419.0 2036.5 2743.5 2651.0
854.0 1156.0 1575.0 2169.0 2712.0 2618.0
639.0 865.0 1188.0 1648.0 2076.0 2016.0
844.0 1157.0 1430.0 1846.0 2520.0 2406.0
716.0 963.0 1366.8 1791.0 2127.8 2035.2
641.0 907.0 1227.0 1692.0 2009.0 1914.0
822.0 1025.0 1317.0 1836.0 2480.0 2426.0
742.5 1032.0 1418.0 2073.0 2820.5 2703.0
703.5 879.5 1143.8 1618.8 2253.5 2180.0
842.5 1154.0 1648.2 2236.5 2825.8 2704.8
656.2 975.5 1340.8 1867.0 2455.0 2361.2
923.0 1214.2 1604.0 2234.0 3080.0 2985.5
734.8 963.5 1263.8 1827.2 2497.5 2417.8
800.0 989.0 1283.0 1784.0 2597.0 2503.0
706.0 816.0 1002.0 1436.0 2293.0 2206.0
725.0 878.0 1047.0 1489.0 2411.0 2352.0
878.5 1224.0 1682.0 2199.2 2656.0 2552.8
947.0 1212.0 1599.0 2313.0 3158.0 3037.0
589.2 813.2 1233.8 1730.8 1900.0 1827.2
729.0 991.5 1413.5 1964.0 2248.0 2150.5
904.8 1159.0 1500.8 2110.0 2816.5 2720.0
824.0 1099.0 1504.0 2058.0 2602.0 2523.0
836.5 986.8 1224.5 1763.8 2408.0 2363.0
894.0 1109.0 1450.0 2050.0 2679.5 2581.0
922.8 1209.8 1608.8 2273.8 3029.5 2919.0
761.0 1043.0 1428.0 1885.0 2397.0 2298.0
690.5 905.0 1162.8 1628.5 2187.8 2117.0
794.0 1033.0 1333.0 1871.5 2517.0 2421.0
944.0 1266.5 1688.8 2251.2 2816.2 2701.0
726.0 907.0 1139.0 1530.0 2019.0 1932.0
829.2 1124.8 1599.8 2206.2 2634.5 2532.0
921.0 1181.0 1557.0 2200.0 3037.0 2940.0
735.0 948.0 1238.0 1781.0 2503.0 2425.0
684.0 932.0 1313.0 1825.0 2332.0 2243.0
955.2 1228.0 1601.8 2260.2 2853.5 2766.5
806.0 1120.0 1498.0 2025.0 2566.0 2470.0
822.8 960.5 1128.5 1537.0 2182.8 2085.0
641.0 896.0 1266.0 1659.0 1887.5 1822.0
871.0 1129.0 1503.2 2057.8 2777.2 2662.0
833.0 1120.0 1439.0 1912.0 2418.0 2335.0
906.5 1134.2 1379.5 1798.5 2442.5 2363.5
612.5 842.5 1118.0 1490.0 2004.0 1917.0
741.5 944.0 1193.5 1631.5 2141.5 2080.0
882.5 1167.0 1520.5 2088.0 2698.5 2609.0
938.0 1173.0 1417.0 1866.0 2519.0 2437.0
927.0 1208.0 1637.0 2208.0 2809.0 2698.0
855.0 1101.0 1438.0 2028.0 2691.5 2610.0
705.0 972.0 1320.0 1791.5 2238.5 2159.0
837.0 1082.0 1417.0 2015.0 2798.0 2707.0
842.5 1173.5 1560.5 2028.5 2690.5 2567.5
604.0 697.5 845.0 1219.5 2055.5 2008.5
730.5 976.0 1293.0 1724.0 2096.5 2039.5
764.5 919.0 1087.0 1489.5 2095.0 2002.0
745.5 970.5 1232.5 1660.5 2177.5 2078.0
613.2 779.2 979.8 1360.5 1779.8 1769.5
793.0 1047.2 1363.0 1889.5 2419.2 2344.2
815.0 1000.0 1207.0 1625.5 2248.0 2163.0
843.0 1099.0 1451.5 2043.0 2738.0 2657.5
772.0 992.0 1295.8 1845.8 2461.0 2394.0
895.0 1245.5 1667.0 2236.0 2803.0 2694.0
765.5 1003.0 1321.0 1858.0 2440.0 2353.0
714.5 1003.5 1444.0 2002.5 2485.5 2401.5
494.5 611.5 726.5 1056.8 1795.0 1744.5
924.5 1207.0 1571.5 2078.0 2692.0 2588.5
696.8 869.5 1026.8 1427.2 2001.5 1927.5
721.0 985.0 1346.0 1933.0 2632.0 2539.0
849.5 1092.0 1370.2 1861.2 2472.8 2388.2
948.0 1249.0 1638.0 2246.0 2922.0 2819.0
694.8 840.8 1036.8 1393.8 1978.2 1915.8
760.0 991.0 1309.0 1853.0 2493.0 2420.0
928.0 1191.0 1564.0 2183.0 2886.0 2803.0
865.0 1153.0 1527.0 2115.5 2890.0 2785.0
662.8 884.0 1187.0 1705.0 2242.0 2151.8
603.2 862.0 1290.2 1790.5 2089.0 2029.2
682.8 802.2 949.2 1388.8 2317.5 2267.2
571.5 650.0 741.0 1076.0 2143.0 2120.5
811.2 1079.8 1420.5 1908.5 2484.0 2367.8
634.5 841.5 1134.5 1640.5 2306.0 2225.0
693.0 922.0 1262.0 1853.0 2415.0 2306.0
712.5 980.0 1304.5 1763.2 2235.8 2140.0
871.0 1195.0 1616.0 2208.0 2857.0 2755.0
915.0 1197.0 1579.0 2198.8 2939.0 2853.8
726.5 1001.0 1490.5 2050.5 2329.0 2253.0
784.0 1041.0 1376.2 1944.2 2683.0 2583.2
865.8 1136.8 1481.5 2033.0 2641.8 2551.2
837.8 1147.5 1648.5 2250.8 2700.2 2578.0
866.0 1156.0 1526.0 2111.5 2891.0 2797.0
833.0 1069.5 1333.0 1876.5 2457.5 2371.5
823.0 1116.5 1508.0 2131.5 2906.0 2777.0
585.5 771.0 1002.5 1461.5 1967.5 1912.0
873.0 1194.0 1591.0 2159.0 2736.2 2631.8
716.0 947.5 1257.0 1678.0 2192.0 2089.0
846.0 1104.0 1453.0 2038.0 2776.0 2693.0
623.0 879.0 1316.2 1827.2 2025.5 1961.5
935.0 1244.0 1643.0 2260.0 3095.0 2981.0
760.0 1046.0 1398.0 1960.0 2575.0 2476.0
655.0 909.5 1375.0 1859.0 2079.5 1999.0
781.0 1034.8 1371.5 1916.0 2624.0 2537.8
877.0 1167.5 1545.5 2071.5 2560.5 2478.0
755.0 955.0 1238.8 1769.0 2392.8 2328.0
928.0 1278.0 1695.5 2233.0 2786.0 2674.5
663.0 808.0 944.0 1365.0 2433.0 2344.0
655.2 879.8 1083.0 1511.2 1882.5 1803.5
759.0 987.0 1297.0 1832.0 2491.0 2412.0
826.5 1133.0 1648.8 2248.8 2639.5 2538.5
799.0 1081.5 1432.5 1982.0 2481.5 2404.5
657.0 884.0 1228.0 1711.0 2171.0 2084.0
562.8 795.0 1215.0 1587.5 1707.0 1652.8
940.0 1248.0 1642.0 2258.0 3106.2 3016.0
739.0 1000.2 1362.0 1855.0 2252.8 2174.0
911.0 1149.0 1500.0 2130.0 2851.0 2772.0
811.5 1080.5 1496.5 1990.0 2621.5 2521.0
794.0 988.0 1204.0 1609.0 2197.0 2121.0
853.0 1090.0 1411.0 2003.0 2752.0 2658.0
929.0 1206.0 1569.0 2190.0 2983.0 2872.0
864.0 1186.0 1576.0 2099.0 2608.0 2509.0
531.0 693.0 1037.0 1412.0 1224.0 1183.0
625.0 804.0 1144.0 1564.0 1425.0 1398.0
753.2 1030.5 1597.8 2142.8 2414.0 2318.8
715.0 985.0 1354.0 1781.0 2272.0 2160.0
819.0 1111.0 1495.2 2022.2 2530.8 2429.2
562.5 761.5 1033.8 1404.5 1897.2 1825.8
873.0 1144.0 1506.0 2092.0 2837.0 2744.0
680.5 936.8 1301.8 1826.0 2445.2 2354.0
925.0 1180.0 1542.0 2188.0 3006.0 2917.0
760.0 961.0 1251.0 1793.0 2435.0 2355.0
832.5 1056.0 1370.0 1954.0 2629.0 2571.0
761.5 1050.5 1440.0 1886.0 2352.5 2250.5
745.0 1005.0 1345.0 1792.0 1763.0 1724.0
891.0 1224.0 1623.0 2193.0 2784.0 2700.0
891.0 1224.0 1623.0 2193.0 2784.0 2700.0
568.0 821.0 1180.0 1644.0 2111.0 2013.0
866.0 1046.0 1340.0 1946.0 2723.0 2646.0
940.0 1228.0 1620.0 2241.0 3065.0 2968.0
794.0 1042.0 1367.0 1905.0 2584.0 2498.0
919.2 1225.8 1632.0 2231.0 2830.8 2723.5
681.5 912.5 1230.5 1707.5 2195.0 2129.5
626.0 732.0 875.0 1305.0 2153.0 2135.0
445.0 496.0 565.0 791.0 1386.0 1328.0
857.0 1146.8 1590.0 2166.2 2596.8 2497.0
791.0 1049.0 1494.0 2026.0 2529.0 2427.0
891.0 1224.0 1623.0 2193.0 2784.0 2700.0
735.0 1019.0 1466.0 2006.5 2331.5 2246.5
805.0 1139.0 1507.0 2041.0 2565.0 2447.0
773.5 936.5 1210.0 1756.5 2512.5 2418.5
812.0 1059.0 1431.0 2026.0 2822.0 2690.0
766.5 976.8 1268.8 1760.2 2291.8 2219.8
858.5 1094.5 1411.0 1982.0 2601.0 2516.5
720.0 969.0 1285.5 1726.5 2381.0 2285.5
706.0 970.5 1257.0 1597.0 1574.5 1517.0
717.0 935.0 1230.2 1764.0 2423.0 2349.2
829.0 1060.0 1392.0 1986.5 2724.5 2643.5
702.5 921.5 1339.0 1831.0 2148.0 2058.5
549.0 651.0 748.0 1104.0 1802.0 1762.0
644.8 881.0 1280.8 1749.0 2053.0 2000.8
878.0 1092.0 1327.0 1745.0 2368.0 2292.0
919.5 1129.5 1434.0 2069.5 2925.5 2850.0
711.0 952.0 1270.0 1797.0 2394.0 2302.0
933.0 1197.2 1551.5 2165.0 2886.0 2796.2
803.0 1095.0 1504.5 1993.5 2662.0 2566.5
911.0 1260.5 1689.0 2227.5 2882.0 2764.0
601.2 845.8 1120.2 1463.8 1473.8 1429.8
911.0 1170.0 1541.0 2187.0 3003.8 2910.8
832.0 1155.0 1508.0 1996.0 2604.0 2499.0
864.0 1157.0 1609.0 2201.0 2733.5 2620.0
747.2 1003.2 1281.5 1803.5 2383.5 2284.2
836.0 1061.5 1364.0 1938.0 2713.0 2601.5
799.0 1005.0 1309.0 1853.5 2526.0 2427.0
793.2 1096.8 1554.2 2108.2 2683.0 2555.8
874.0 1167.0 1554.0 2196.0 3091.0 3000.0
834.0 1087.0 1449.0 2076.0 2940.0 2831.0
640.0 932.0 1265.5 1641.5 1864.0 1819.0
911.2 1214.2 1595.2 2144.5 2765.5 2671.2
776.5 1048.8 1375.5 1702.0 1798.8 1734.2
811.0 1085.0 1446.0 1942.0 2443.0 2355.0
806.0 1048.0 1354.0 1876.0 2610.0 2516.0
874.0 1099.0 1454.0 2094.0 2880.0 2842.0
906.0 1228.5 1628.2 2185.2 2763.0 2647.8
845.2 1154.8 1519.5 1946.5 2659.5 2539.0
750.8 970.8 1260.2 1788.0 2377.2 2283.0
913.0 1204.0 1595.0 2261.0 3178.0 3049.0
748.0 975.0 1300.0 1870.0 2733.0 2619.0
567.0 814.2 1131.0 1471.0 1600.0 1553.5
586.2 808.0 1102.0 1514.0 2074.0 1984.8
682.0 908.0 1178.0 1613.2 2030.8 1954.5
950.0 1228.0 1561.0 2202.0 3162.0 3089.0
774.0 1019.0 1314.8 1903.5 2600.2 2521.2
853.5 1109.0 1470.0 2096.5 2805.0 2714.5
794.2 1101.8 1720.5 2272.0 2521.5 2432.5
691.5 970.0 1384.0 1883.0 2344.0 2263.0
100.0 100.0 100.0 100.0 100.0 100.0
