200.67 386.12 296.6 4079.24 1243.08 666.76
278.56 525.25 404.31 4806.63 1433.21 725.25
582.93 905.29 913.2 4106.96 2013.83 1501.31
518.73 784.76 885.45 3653.73 1954.54 1527.87
128.16 209.22 101.11 1339.96 353.2 183.69
485.66 746.74 911.89 3560.94 1899.84 1238.23
466.69 746.43 978.55 3759.02 1992.31 1199.43
261.6 472.09 494.01 3853.54 1293.68 625.03
452.83 713.21 811.65 4084.75 1803.46 1203.95
97.33 113.29 95.01 609.76 174.58 120.51
113.79 249.28 142.89 4538.37 1035.62 467.56
270.89 412.33 426.05 2856.83 1126.99 789.28
784.29 1204.91 1744.67 3388.47 2489.3 1515.69
90.28 217.18 90.36 4678.84 948.8 375.31
238.23 409.44 367.18 4330.31 1334.74 806.91
256.83 436.29 365.11 3478.44 1152.54 742.1
843.64 1193.89 1506.18 2698.97 2748.27 2439.28
228.94 450.35 195.15 4663.0 980.32 364.1
362.19 632.02 476.04 4073.34 1297.55 701.65
750.16 1084.05 1432.36 3305.0 2313.43 1721.78
121.11 290.95 89.44 4448.74 881.08 343.73
316.57 578.6 359.68 4941.87 1284.93 635.0
114.3 223.85 98.11 2222.01 515.07 230.15
574.68 873.35 1017.59 3468.41 2194.75 1648.29
73.0 150.5 70.63 2795.25 583.39 240.61
324.32 566.99 568.68 3671.36 1654.61 1101.58
337.03 507.56 628.82 2508.64 1414.98 877.27
655.86 1002.74 1346.89 3927.68 2619.88 1599.04
604.25 910.99 1260.03 3723.47 2292.42 1267.36
731.38 1116.82 1517.68 3536.99 2578.94 1790.95
101.37 112.42 99.31 382.74 150.78 115.85
754.03 1127.95 1661.88 3512.99 2419.15 1345.66
404.88 626.8 682.86 3211.55 1665.16 1220.09
750.21 1069.58 1327.22 2697.7 2544.54 2199.74
319.81 528.58 535.37 2431.23 1190.4 697.57
466.21 774.52 996.66 3797.9 2069.86 1169.86
188.23 442.24 103.47 3985.23 893.36 362.24
79.75 137.87 77.97 2121.56 462.57 205.47
773.68 1157.65 1572.73 3637.37 2522.93 1496.54
510.2 802.58 1033.16 3750.43 2337.94 1393.13
948.93 1373.46 1920.79 3199.3 2454.14 1505.6
159.28 329.94 102.33 2710.38 633.04 276.19
154.1 345.67 148.71 4675.49 1062.34 445.16
328.95 453.58 631.61 1282.9 915.24 549.22
94.26 128.57 89.27 1195.58 260.29 144.08
545.47 858.68 1168.72 3753.12 2034.04 1091.9
858.95 1236.57 1682.3 2831.26 2984.0 2301.12
158.81 352.0 246.05 4650.38 1202.96 484.85
845.44 1287.74 1856.2 3678.19 3315.6 2120.37
188.19 331.75 315.91 2912.7 993.28 497.72
702.59 1049.24 1203.71 3362.7 2383.79 2003.51
622.64 911.03 1344.46 2866.54 1988.56 1112.24
254.65 349.84 400.45 1341.87 820.12 657.84
94.74 177.07 110.2 2546.05 648.31 269.2
601.52 918.88 1237.83 3905.93 2426.84 1461.83
517.55 790.35 936.22 3703.5 2074.28 1475.44
229.19 444.5 195.52 4412.54 922.89 356.03
723.53 1040.36 1280.64 2973.34 2427.34 2101.42
185.58 403.58 262.54 4957.2 1217.72 547.03
165.87 269.53 246.71 2471.35 693.01 349.38
762.87 1176.21 1500.12 3794.22 2470.61 1451.88
482.08 687.06 857.01 1860.51 1506.3 1202.74
157.66 373.19 278.8 4137.91 1302.63 640.16
99.6 105.02 98.72 269.09 128.2 107.76
966.86 1407.39 2078.76 3283.78 3169.26 2015.1
492.57 802.76 1002.1 4025.36 1791.58 1000.49
655.72 978.5 1303.68 3667.21 1947.81 1121.5
196.4 473.94 103.79 4345.09 966.85 386.53
388.85 763.63 571.2 5075.06 1832.56 889.6
391.78 646.18 595.94 3963.7 1453.82 830.42
661.44 955.71 1171.38 2744.62 2356.93 1971.38
755.62 1172.48 1655.86 3778.8 3088.1 1940.33
498.04 860.69 775.31 4992.37 1538.62 738.24
171.68 438.48 172.45 5040.3 1176.07 507.16
570.12 909.42 858.45 4220.35 1992.58 1442.04
838.77 1199.76 1471.73 3047.51 2717.99 2403.58
838.79 1191.61 1491.2 2738.02 2741.4 2418.82
913.84 1333.12 1934.08 3257.53 3338.99 2179.97
127.22 232.66 111.38 2606.1 622.7 271.76
613.92 935.74 975.71 3931.1 2063.67 1590.1
131.61 280.77 190.48 4115.1 1114.5 498.64
366.63 576.91 609.99 3983.43 1619.21 1144.64
556.97 856.65 893.23 3782.71 1852.36 1338.92
456.37 717.77 930.45 3822.69 2165.55 1249.57
438.83 608.48 734.08 1734.2 1360.18 1181.98
395.27 638.09 749.84 4339.81 1614.62 874.15
252.59 506.91 212.82 5193.73 1071.95 402.41
268.84 523.77 265.07 5162.38 1136.19 434.55
531.43 878.45 755.96 4636.49 1856.45 1266.56
860.4 1235.15 1661.27 3125.73 2491.65 1863.21
578.4 808.52 992.37 1982.79 1786.47 1588.57
73.55 149.47 71.22 2740.75 573.62 237.77
775.81 1140.8 1649.61 3618.38 2747.84 1574.1
911.18 1341.39 1882.84 3331.55 2819.45 1723.07
194.95 322.63 305.78 2127.12 890.37 574.46
427.13 731.93 578.36 4966.22 1566.86 914.22
595.94 893.65 1045.66 3338.21 2250.67 1790.82
390.25 658.87 590.46 4313.13 1543.52 814.38
126.75 286.12 160.46 4458.7 1128.32 494.83
525.04 748.92 914.07 2284.83 1840.29 1529.61
93.22 245.24 103.03 4576.1 1062.86 396.0
414.85 684.08 687.2 4375.71 1684.82 1094.39
164.07 227.16 206.62 1139.99 425.89 248.94
297.55 453.79 542.82 2370.51 1016.91 538.31
338.98 599.25 599.46 4442.84 1554.57 769.31
391.84 639.62 801.7 3883.76 1858.88 1019.81
185.5 416.62 262.92 4676.08 1375.26 659.95
917.22 1392.12 2096.73 3391.25 3002.47 1928.33
186.51 248.1 298.26 795.83 448.64 276.92
96.6 116.95 93.63 750.05 195.11 126.15
194.82 341.54 190.49 3041.69 700.01 291.56
620.4 882.09 1287.53 2231.04 2007.65 1193.25
163.69 377.0 141.96 5094.18 1166.03 465.37
675.34 1032.52 1323.48 3934.14 2241.78 1352.13
400.03 660.08 548.69 4090.35 1432.99 915.54
89.51 173.46 85.82 2646.23 623.6 252.88
351.55 600.03 573.2 4386.17 1555.11 901.74
133.55 390.57 95.56 5078.73 1073.84 405.37
219.72 425.15 303.47 4447.04 1103.2 505.4
829.15 1222.78 1758.81 3526.78 3345.67 2129.81
552.86 760.5 957.59 1537.75 1691.27 1520.14
107.35 217.68 129.13 3226.97 791.85 320.22
227.39 376.38 424.26 2298.88 971.21 523.89
789.11 1201.98 1737.97 3504.07 2455.39 1500.86
696.36 998.94 1236.27 2824.67 2454.21 2072.57
88.72 156.19 78.9 2254.44 415.21 186.67
610.78 892.27 1077.57 2973.26 2086.03 1686.8
100.21 101.82 99.97 131.16 106.09 101.91
252.66 422.11 437.48 2888.03 1156.64 602.6
845.29 1182.07 1517.6 2321.83 2782.5 2479.88
173.07 361.64 189.66 4474.75 1046.55 504.05
340.68 556.92 525.11 2956.83 1311.69 937.96
210.95 381.54 371.95 4401.59 1330.92 660.31
196.16 404.77 294.04 4448.44 1394.85 719.64
551.0 941.33 968.53 4529.36 2330.77 1339.58
532.6 867.33 1129.92 4032.75 1993.94 1153.22
291.72 532.24 320.04 4613.39 1164.52 561.92
437.12 740.9 695.19 4119.73 1800.4 1274.47
496.41 840.58 782.53 4919.3 1664.71 812.0
366.36 619.86 566.73 4465.71 1636.78 1103.27
124.28 310.28 96.79 3703.0 804.75 320.99
152.01 353.45 121.75 4888.06 1098.66 428.16
422.81 644.81 836.47 2286.35 1321.31 798.56
399.79 647.32 666.27 3901.17 1617.87 1059.08
431.58 715.34 692.26 3768.12 1760.53 1265.91
99.61 102.04 99.37 190.12 116.23 105.11
84.74 156.58 84.63 2352.01 567.41 231.64
755.04 1089.98 1337.8 2789.11 2580.08 2206.97
175.51 320.88 210.54 2992.35 821.06 455.94
811.47 1149.59 1497.06 2442.6 2653.32 2263.63
93.36 112.41 92.78 762.57 218.83 134.57
503.47 782.76 1010.06 3607.18 1974.8 1336.75
765.46 1089.01 1352.37 2460.84 2476.99 2188.86
776.97 1161.67 1684.87 3561.32 2428.55 1346.51
176.44 394.34 105.07 3429.01 782.35 326.5
236.35 422.41 473.97 4146.58 1271.05 589.78
87.93 160.12 77.42 2405.2 437.27 192.74
420.39 714.06 565.83 4772.27 1588.16 971.12
230.26 363.22 404.91 2228.43 1012.82 556.07
665.45 988.98 1252.03 3443.13 2320.48 1654.07
120.05 281.37 89.97 4230.47 841.88 331.5
512.47 803.52 786.51 3996.57 1844.46 1316.73
431.98 674.93 724.41 3182.24 1771.58 1316.4
771.77 1109.59 1442.75 3085.14 2687.95 2146.76
147.23 409.62 121.67 5101.21 1118.14 447.25
118.54 284.8 130.1 3734.82 987.78 417.77
315.25 525.11 514.82 3996.6 1556.97 1006.71
101.88 261.75 92.11 3718.22 927.37 375.84
134.23 283.82 186.52 4118.95 1100.24 509.31
534.46 870.07 871.44 3688.74 1762.69 1161.32
625.55 980.8 1246.42 4229.48 2052.24 1073.75
778.96 1183.05 1722.23 3462.96 2447.02 1495.48
517.87 803.29 887.43 3516.63 2098.87 1596.53
664.53 1010.46 1281.74 4152.37 2072.52 1128.44
94.31 225.28 99.71 4769.5 975.74 387.36
333.14 509.46 598.47 2113.09 1077.85 622.15
92.76 190.05 77.02 3133.92 605.97 239.17
405.98 632.98 682.24 3681.33 1633.19 1225.76
278.33 507.35 499.4 4421.65 1507.28 765.63
549.36 869.65 1084.95 3909.12 2354.08 1452.65
112.48 251.57 129.05 4821.59 1049.63 465.72
411.05 648.22 770.83 3505.92 1505.8 789.1
107.57 186.36 92.43 1934.18 437.97 205.49
283.69 493.67 508.89 4518.28 1316.41 616.06
682.74 1010.84 1157.18 3418.31 2350.16 1872.98
683.98 963.59 1185.71 2113.57 2137.0 1892.16
243.63 595.34 152.96 5377.35 1253.63 532.2
131.48 222.1 101.24 1486.08 383.04 193.56
505.09 776.73 828.06 3685.47 1854.01 1438.11
150.97 235.93 137.69 1801.54 424.68 201.02
390.02 672.12 504.68 4728.49 1462.53 860.05
374.85 642.29 743.36 4242.16 1822.54 947.62
83.7 214.12 77.97 4055.27 913.35 337.48
443.41 653.95 860.33 2356.33 1499.17 1062.98
567.05 873.84 1169.43 3645.22 1663.78 919.83
835.95 1183.55 1479.72 2574.0 2754.83 2418.52
251.27 413.33 443.18 2674.57 1044.06 532.08
712.52 1027.47 1252.6 3073.02 2426.68 2068.8
80.65 171.75 80.51 2955.8 692.73 266.93
124.51 211.79 174.75 2360.45 671.76 307.46
715.49 1071.56 1421.81 3376.45 1989.41 1294.17
524.84 811.22 817.05 3713.3 1835.18 1352.81
335.06 581.45 623.86 4299.6 1591.2 803.12
336.19 569.05 511.82 4143.37 1458.82 953.66
253.59 487.34 332.77 4812.0 1388.12 707.54
237.37 454.23 320.4 4642.06 1322.1 757.86
144.39 300.37 251.35 4301.7 1124.3 509.24
909.25 1329.87 1914.31 3472.17 3543.36 2280.37
832.82 1206.19 1583.06 3162.0 2781.78 2046.53
233.97 453.7 313.91 4756.54 1348.16 763.12
94.49 269.64 95.93 4758.41 1070.94 393.69
304.58 529.51 431.18 4153.06 1438.6 872.6
255.95 509.0 204.35 4509.9 963.48 378.65
295.68 553.9 315.1 5026.44 1228.02 565.51
70.87 188.27 61.78 4456.77 895.73 336.95
404.35 755.38 514.06 4600.1 1664.74 1049.58
326.4 537.74 523.18 4078.78 1392.89 976.27
437.68 683.65 644.85 3500.79 1485.36 1052.17
615.79 984.85 1209.39 4301.91 2425.09 1430.92
206.15 403.54 253.7 4403.96 1126.88 596.29
347.47 575.71 573.29 3926.29 1460.58 856.24
192.53 390.85 280.91 4485.31 1292.94 662.38
839.63 1248.65 1822.78 3455.88 3118.19 1971.03
423.92 596.9 851.56 1346.32 1374.27 902.43
413.66 683.68 747.31 3431.0 1460.72 815.12
680.31 1028.9 1217.46 3272.29 2311.99 1691.26
339.47 549.36 596.69 3653.97 1580.25 1022.54
105.87 150.86 99.22 971.52 270.47 153.46
388.24 730.55 481.96 5513.12 1441.96 619.47
109.45 301.4 70.2 5152.07 1038.46 407.98
57.18 234.19 76.65 4029.61 987.09 360.6
97.93 110.31 96.13 495.4 157.85 115.91
92.61 191.95 76.53 3197.84 616.63 242.1
64.51 166.38 61.39 3643.18 735.47 284.85
312.62 545.36 490.44 4003.26 1417.08 849.91
215.96 399.8 387.55 4692.99 1387.84 689.97
376.01 608.89 720.94 4339.94 1632.13 858.81
294.53 610.17 230.16 5600.77 1177.08 447.58
679.82 993.79 1229.85 3223.69 2319.13 1842.5
83.78 160.11 83.67 2492.62 596.59 239.86
726.99 1099.76 1561.56 3618.63 2813.87 1732.72
95.73 230.71 126.21 4319.74 967.22 428.5
592.2 925.67 987.58 3780.28 2144.63 1697.02
836.34 1186.06 1482.55 2877.1 2701.73 2407.17
911.68 1335.11 1946.96 3102.32 3133.76 2101.0
702.67 1034.94 1183.31 3379.52 2336.45 1918.84
452.83 660.37 774.7 2127.51 1542.22 1279.11
633.78 976.77 1273.48 3997.22 2545.28 1524.55
112.54 208.63 98.34 1961.36 464.08 214.17
99.4 102.24 99.39 189.01 118.47 105.2
403.1 623.79 691.1 3438.96 1745.95 1259.28
632.54 908.9 1112.29 2910.74 2178.7 1832.44
100.78 167.38 96.71 1607.26 444.66 214.91
132.95 385.39 95.64 4989.99 1056.48 399.93
162.2 371.0 183.72 4599.62 1049.69 444.74
434.99 674.28 852.22 3754.03 1736.68 1063.82
313.95 520.18 608.44 4049.87 1331.85 672.98
101.89 105.05 101.4 163.18 112.06 103.75
882.48 1249.47 1564.43 2692.71 2826.77 2513.51
227.74 314.31 410.77 1321.05 816.56 481.37
123.95 309.81 100.82 4856.85 1029.72 435.89
211.98 404.29 182.64 4063.1 864.59 329.38
143.59 404.58 120.91 5079.02 1102.32 425.55
485.48 718.57 815.99 2577.52 1703.26 1381.91
680.54 986.69 1268.02 3000.55 2335.74 1823.5
807.36 1137.45 1445.05 2509.92 2690.09 2373.43
772.94 1107.37 1393.87 3137.21 2628.91 2209.15
253.69 462.61 346.77 4275.1 1247.16 733.2
584.58 901.94 1175.82 3839.55 2336.15 1405.32
193.62 241.47 312.65 540.32 410.51 274.16
389.13 647.33 752.96 4133.85 1696.19 939.9
155.07 318.64 204.77 4440.27 967.37 504.38
479.85 754.43 977.11 3950.31 1785.82 1041.3
85.1 178.21 75.65 3560.02 723.25 296.24
117.35 207.32 106.39 2321.33 539.79 240.2
370.91 620.35 714.66 4216.38 1652.31 865.35
125.72 316.36 174.64 4538.1 1224.67 505.0
805.79 1184.32 1574.42 3403.69 2576.57 1835.42
554.73 830.08 954.21 3547.97 2042.47 1628.83
91.22 143.69 83.59 1775.42 345.13 167.4
349.62 576.3 677.63 3901.32 1575.58 801.44
105.21 205.51 104.42 2340.33 623.41 278.07
889.85 1315.36 1812.21 3411.62 2614.38 1649.8
100.12 101.06 99.98 118.18 103.56 101.12
150.88 334.89 145.54 4553.72 987.07 437.17
812.76 1169.44 1594.66 3240.5 2378.3 1703.04
134.71 192.56 125.66 1258.64 321.08 168.79
460.54 742.81 773.85 3846.05 1963.4 1425.9
113.23 214.6 98.25 2063.49 484.06 220.43
122.31 268.48 180.91 4124.66 1033.95 406.74
849.1 1255.77 1761.21 3401.69 2710.68 1638.8
899.83 1289.06 1556.86 3055.18 2815.71 2495.47
899.1 1330.55 1964.31 3228.67 3132.83 1997.7
211.53 379.91 312.65 4590.38 1274.26 728.98
388.73 758.82 540.81 4905.48 1448.07 685.16
392.92 649.69 723.51 4107.51 1735.22 972.22
240.26 413.73 317.8 3374.69 1091.44 639.27
72.44 186.37 84.97 2629.04 670.92 267.72
611.25 904.67 1270.97 3736.12 2034.16 1131.15
926.46 1298.17 1664.4 2455.6 2950.59 2671.6
632.18 933.47 1093.4 3121.94 2258.86 1861.16
130.56 248.9 112.78 2913.04 686.72 292.8
881.74 1299.02 1990.62 3578.76 3713.23 2169.42
187.92 388.31 214.57 4601.82 1146.93 542.21
666.82 1025.67 1137.16 3903.96 2276.49 1634.89
607.33 993.72 1169.57 4250.93 2075.53 1091.33
236.85 418.11 385.77 4570.0 1372.65 777.07
348.58 588.66 530.91 4207.56 1579.1 1024.0
150.2 342.07 225.05 4655.53 1194.88 489.38
190.36 402.56 321.66 3894.43 1316.16 725.61
105.1 213.15 82.69 2946.08 628.04 273.05
437.53 726.86 624.07 4581.14 1566.41 944.67
949.93 1379.96 2033.69 3225.89 3462.47 2236.29
491.49 798.55 1059.17 4224.08 2487.63 1322.6
179.62 395.25 198.45 4649.21 1118.29 543.09
219.59 355.14 347.26 2351.21 881.96 487.33
607.23 967.87 908.46 4436.75 2036.75 1498.1
120.18 282.52 89.91 4256.64 846.58 332.96
425.39 681.81 712.21 3954.79 1807.57 1289.08
881.53 1252.27 1553.96 2919.52 2815.64 2520.31
393.69 640.71 668.7 3772.49 1829.09 1262.84
89.83 153.41 83.37 2462.83 525.61 234.01
547.99 867.59 914.52 3744.37 2061.33 1590.83
76.74 143.5 74.69 2422.12 516.47 221.15
97.84 134.68 97.29 1088.73 303.37 159.5
261.69 498.89 428.26 4852.11 1400.69 686.34
103.03 167.1 89.74 1787.74 413.13 202.62
571.39 857.32 968.62 3414.1 2050.89 1647.98
288.32 593.87 226.01 5425.05 1142.67 436.48
262.16 481.65 421.38 4171.3 1544.34 906.23
440.08 669.64 850.91 2441.5 1310.88 770.82
89.22 234.11 65.77 4618.41 853.54 307.26
303.89 511.14 579.15 3704.11 1431.1 790.44
533.13 869.24 1072.14 4217.71 1944.93 1080.64
165.31 365.53 264.55 4649.26 1285.4 557.37
296.75 548.92 455.15 4813.46 1469.18 687.46
308.74 440.56 503.59 1811.08 1099.76 852.19
895.03 1267.11 1645.66 2614.8 2968.32 2555.88
764.61 1110.43 1479.11 2951.38 2301.36 1736.64
174.09 429.97 195.44 4807.88 1145.67 469.35
596.77 936.91 920.74 4055.27 2069.01 1539.95
693.0 1004.43 1215.67 3010.23 2437.74 2054.92
96.44 242.88 136.82 3144.99 868.25 386.03
485.86 732.31 1042.04 2192.6 1564.69 981.26
137.04 350.17 267.15 4224.3 1222.94 498.04
708.22 1075.58 1404.71 3919.59 2643.44 1601.1
859.36 1257.39 1846.24 3255.84 2766.36 1761.17
716.94 1077.02 1179.68 3631.56 2367.84 1920.79
562.17 871.25 1066.93 3453.37 2125.28 1528.29
298.36 518.62 429.33 4187.97 1345.37 852.74
268.51 442.17 325.93 3033.94 915.15 532.65
488.32 769.06 882.94 3721.32 2020.48 1407.38
923.1 1294.27 1657.04 2460.94 2940.65 2660.69
296.46 535.53 473.6 4626.37 1498.51 845.77
70.95 191.06 84.15 2766.53 701.95 276.84
117.43 333.56 123.45 4875.79 1238.53 498.19
541.45 792.05 922.07 2746.05 1873.13 1550.77
688.83 991.11 1219.94 3060.31 2391.64 2028.2
461.58 679.18 792.86 2278.95 1603.74 1318.16
340.64 542.36 565.92 3092.45 1512.76 1051.45
259.16 370.2 488.83 1670.98 819.06 457.47
746.17 1069.92 1349.28 2634.97 2438.81 2054.98
397.53 715.72 507.68 4871.5 1357.94 678.63
573.62 906.3 1066.66 4256.61 1968.83 1109.41
334.45 650.0 347.38 5343.62 1261.43 519.71
292.65 574.0 294.45 5518.44 1253.61 506.41
95.93 139.49 96.29 1204.5 352.88 176.71
122.06 291.08 97.08 3373.93 740.38 300.81
795.95 1142.2 1388.33 3040.47 2579.91 2264.29
690.19 1017.87 1522.18 3001.97 2158.2 1214.79
317.46 470.72 523.03 2658.28 1255.67 912.94
718.82 1073.89 1503.07 3756.43 2958.39 1851.62
93.27 183.7 78.64 2920.15 570.32 229.36
475.45 734.54 997.51 3878.02 1792.13 957.88
106.7 117.87 104.96 323.75 142.69 113.28
654.7 948.09 1363.88 2797.72 1989.12 1169.78
589.93 878.01 1037.69 3177.52 2253.89 1794.85
90.36 219.92 69.39 4140.38 773.82 285.33
864.48 1276.98 1765.5 3418.56 2577.46 1615.56
507.44 718.23 873.93 1929.6 1668.18 1422.55
678.61 988.81 1185.14 2967.63 2375.52 1996.05
583.58 951.46 1024.09 4768.85 1921.11 985.3
134.17 310.08 170.9 4423.07 1118.63 490.66
800.65 1165.52 1357.29 3398.54 2558.78 2184.21
196.85 354.01 164.81 2838.75 636.26 273.06
382.91 660.71 531.42 4102.52 1311.72 666.97
846.4 1227.94 1696.75 3212.39 2722.74 1979.0
905.02 1275.6 1620.86 2535.59 2901.61 2609.63
637.28 940.62 1094.19 3257.81 2303.9 1866.59
440.24 690.87 865.88 2791.55 1678.52 1006.26
818.61 1218.08 1604.11 3358.12 2597.27 1835.47
738.74 1056.27 1315.69 2739.98 2556.13 2187.89
274.93 514.19 466.59 4684.84 1462.68 736.19
75.99 170.86 68.25 3626.12 742.73 290.5
340.98 546.79 622.51 3820.97 1523.69 952.61
112.34 211.62 93.83 2642.05 556.58 242.47
118.65 266.87 197.03 4333.44 1012.33 427.21
109.61 191.54 137.31 2529.29 636.73 326.89
639.18 939.36 1189.83 3331.22 2221.64 1719.24
375.04 522.08 606.58 1464.43 1117.86 966.07
136.33 315.03 202.08 4173.11 1204.53 507.66
192.44 310.93 303.39 2362.12 855.95 448.63
533.44 887.61 829.17 4057.22 1931.73 1327.93
545.35 864.58 909.31 3753.3 2055.13 1583.31
922.07 1348.01 1943.77 3479.52 3589.49 2314.16
680.13 1008.3 1135.24 3470.72 2275.07 1843.9
566.75 876.96 980.07 3715.56 2176.63 1664.24
211.22 379.51 312.08 4591.17 1273.55 728.15
697.49 1041.43 1286.82 3207.1 2482.33 1919.46
243.2 429.45 443.53 4149.29 1206.34 577.09
528.48 826.84 1045.47 3770.08 2360.78 1476.8
879.78 1291.58 1857.67 3549.7 2983.58 1738.27
113.92 258.88 86.08 3474.56 721.81 294.08
524.32 858.74 1037.5 4259.49 1922.91 1014.57
96.05 127.66 94.66 1058.81 297.17 157.57
152.83 238.56 135.35 1593.99 392.53 194.4
298.97 536.38 435.07 4229.35 1421.69 893.16
383.76 688.09 519.77 5215.82 1426.0 654.93
83.13 264.92 84.72 4708.4 1155.39 420.38
609.48 953.54 1125.57 4185.08 2029.93 1118.34
249.71 606.13 180.93 5394.41 1259.76 512.62
704.29 1080.72 1409.56 3769.28 2302.6 1382.21
95.89 121.55 93.29 1053.48 271.75 154.08
231.06 443.71 187.69 3805.93 825.64 334.17
77.61 182.99 77.45 3403.05 785.55 293.07
858.25 1211.34 1517.35 2725.94 2703.57 2442.0
541.55 791.31 932.89 2614.98 1823.39 1389.52
570.88 791.98 1037.96 1566.94 1699.98 1394.86
808.63 1221.04 1623.12 3950.11 3150.82 1968.48
515.29 716.24 887.63 1622.99 1616.64 1420.67
224.74 403.56 220.64 3104.57 742.71 323.84
98.98 112.68 96.76 527.34 171.27 119.6
108.33 240.17 84.15 3552.6 746.1 313.38
455.88 721.92 999.85 3266.18 1722.32 1009.75
468.91 724.11 844.33 3762.2 1872.2 1344.32
260.38 459.99 367.68 3626.85 1199.38 748.23
699.36 1031.03 1176.26 3392.89 2327.46 1907.85
643.73 975.22 1283.76 3724.99 2614.06 1678.06
431.44 678.11 643.79 2698.97 1431.29 1106.24
92.17 225.72 90.18 3684.2 837.21 315.68
686.93 1033.91 1255.92 3839.05 2087.74 1376.58
325.04 542.75 662.37 3588.34 1430.02 736.53
795.36 1202.49 1621.0 3506.62 2484.37 1659.29
859.72 1261.25 1751.3 3223.51 2736.98 1791.94
325.56 547.15 642.26 4224.97 1361.9 672.78
439.84 790.71 593.79 4428.49 1755.51 1163.82
434.17 687.68 849.5 3777.63 1766.36 980.37
221.29 499.75 304.66 4931.53 1288.92 571.58
366.25 588.91 596.74 3998.72 1597.61 1114.11
358.34 597.96 602.22 3879.69 1752.55 1166.98
219.03 528.99 129.2 4786.88 1094.06 454.74
444.4 729.53 608.08 3916.01 1490.94 1006.46
95.85 166.63 94.79 1999.57 490.71 214.3
890.39 1288.68 1828.39 3202.77 3380.35 2344.7
175.25 271.51 251.24 2145.7 765.39 472.41
84.49 189.46 97.81 3517.84 766.55 332.32
236.22 588.69 142.68 5422.97 1240.48 497.12
183.84 451.46 194.1 4977.26 1204.3 551.72
371.13 607.73 682.22 3895.9 1536.47 795.13
444.75 702.52 921.84 3554.37 1884.1 1070.13
553.18 899.93 1099.93 4116.08 2056.67 1187.86
783.85 1100.81 1379.28 2405.43 2464.36 2216.51
528.1 828.61 810.92 4085.93 1861.02 1338.36
851.73 1220.48 1471.21 3092.89 2691.28 2359.14
349.03 638.29 402.8 5264.6 1367.59 692.67
104.96 156.54 95.04 1300.98 321.3 169.07
782.48 1161.49 1577.87 3214.47 2755.9 1976.91
60.13 174.58 56.62 4080.78 813.95 307.68
351.01 685.33 343.88 5613.82 1359.1 630.3
626.44 932.05 1073.89 3412.53 2232.82 1809.21
718.93 1031.12 1273.18 3061.72 2466.81 2109.97
439.17 725.7 782.31 4443.84 2020.53 1180.47
84.76 247.89 86.11 4235.99 1046.94 387.27
343.34 596.19 506.54 4515.4 1591.88 971.23
603.35 908.11 1297.25 3872.07 2104.17 1140.86
400.92 605.27 780.25 2838.84 1658.45 1001.65
341.2 559.97 671.67 4238.01 1609.45 852.37
846.44 1200.96 1506.23 2713.73 2759.72 2440.78
79.82 163.25 88.99 1952.17 518.12 222.83
561.63 832.06 1058.9 2894.16 1902.01 1345.05
588.33 881.5 1007.4 2984.88 2105.26 1714.69
133.08 316.65 169.13 4634.42 1160.25 501.51
274.97 525.14 428.94 3974.98 1220.45 598.79
188.89 444.8 103.49 4014.24 899.29 364.2
108.95 298.53 69.64 5093.53 1026.46 403.63
329.02 591.23 389.04 4843.58 1326.99 685.91
85.32 242.5 86.61 4085.21 1012.42 376.79
230.04 466.56 353.02 4569.41 1313.89 634.93
117.4 184.78 107.28 1701.71 434.07 209.78
845.4 1195.08 1511.28 2658.87 2740.33 2443.79
363.54 589.34 588.96 4109.77 1575.42 1092.54
395.56 624.58 560.36 3030.75 1316.19 925.1
904.61 1278.14 1597.81 2783.88 2848.49 2572.27
153.38 310.54 158.31 3771.58 899.59 405.2
622.61 925.1 1249.07 3768.12 1931.31 1157.3
655.54 1044.33 1283.69 4060.1 2192.5 1221.47
256.67 461.48 397.63 4096.74 1375.3 814.76
716.83 996.75 1254.47 2007.16 2197.56 1998.21
742.1 1120.96 1521.62 3618.44 2494.28 1470.86
528.1 828.73 971.99 3934.26 1916.35 1242.52
475.2 746.4 783.26 3643.64 1864.47 1405.14
165.26 358.95 176.14 4611.86 1066.94 450.74
126.21 327.06 96.53 3990.45 860.97 338.62
792.95 1186.22 1631.94 3704.89 2557.07 1581.85
167.34 300.0 193.78 3035.18 779.21 420.24
331.67 665.4 312.16 5738.51 1280.96 510.27
781.46 1167.75 1693.41 3367.96 2817.72 1759.19
367.09 684.95 429.75 5150.57 1379.24 639.36
220.94 326.68 374.49 1934.06 714.83 393.46
103.03 118.75 101.12 487.98 176.81 124.49
386.56 678.73 558.52 4910.06 1471.67 703.74
508.13 806.96 1090.07 3941.89 1928.42 994.14
806.94 1255.76 1835.48 3683.52 2783.7 1717.67
398.52 675.35 744.21 4381.31 1767.65 950.2
204.9 317.92 276.82 1989.27 724.37 492.53
157.81 251.61 138.68 1734.68 420.08 203.29
328.95 549.66 568.81 4300.85 1407.04 802.07
539.26 824.18 939.45 3490.3 2129.76 1639.4
355.36 588.38 567.32 3798.98 1390.8 831.85
435.61 660.37 747.97 3588.67 1812.2 1356.43
114.45 156.05 100.57 736.31 229.93 142.95
514.28 814.22 962.62 3924.13 1799.47 1033.27
555.45 847.46 959.62 3390.19 2180.13 1698.73
169.07 342.81 240.09 4040.57 1129.12 551.93
55.4 239.79 75.67 4193.52 1024.09 371.47
684.06 1021.48 1133.04 3629.54 2288.26 1843.01
499.34 720.45 834.9 2388.66 1640.65 1383.87
119.06 272.43 90.47 4026.92 805.32 320.09
108.78 297.84 144.76 4668.73 1206.89 456.98
173.31 318.03 210.23 3300.13 892.11 494.16
357.24 648.12 700.56 4392.68 1685.91 859.61
181.37 385.58 224.94 4669.23 1123.49 471.32
847.6 1209.39 1488.6 2857.39 2732.1 2395.65
107.57 267.96 74.31 4324.57 883.79 356.87
294.67 540.33 574.11 4414.78 1494.26 719.22
642.74 972.55 1247.61 3249.28 1820.52 1061.16
895.31 1311.97 1860.23 3317.95 2787.17 1701.97
188.33 256.5 318.72 1209.01 655.83 383.72
147.54 331.66 119.88 4476.46 1012.81 399.95
304.21 535.71 363.5 4178.3 1149.45 591.24
561.27 884.95 1162.04 4076.99 2020.38 1058.44
96.8 244.4 94.66 4583.67 819.06 341.72
239.02 464.59 193.02 4031.12 869.73 348.4
857.27 1249.61 1567.99 3030.31 2706.47 2182.58
829.96 1258.51 1784.35 4129.47 3448.46 1972.55
599.72 948.43 1266.12 3849.95 2045.33 1187.42
312.16 547.51 467.51 4459.08 1533.75 983.16
118.11 256.87 97.6 2787.83 625.74 264.86
775.75 1159.22 1567.81 3629.18 2370.68 1460.66
538.33 863.22 882.7 3940.85 2020.29 1545.65
425.73 654.82 744.07 2740.41 1703.94 1304.99
278.49 568.09 219.43 5147.03 1088.23 418.91
899.91 1279.56 1737.44 2707.84 2847.79 2295.42
852.27 1237.43 1832.1 3438.97 2604.63 1517.79
249.91 500.02 219.24 5216.07 1102.54 408.21
414.18 646.21 732.53 3958.81 1699.5 1145.27
172.5 376.81 193.96 4906.21 1187.11 585.49
84.91 205.65 79.6 3762.01 853.04 319.88
425.59 673.24 848.94 4024.28 1696.06 865.52
97.16 127.55 97.41 870.48 276.4 153.51
214.17 371.2 383.88 3420.72 1252.3 627.91
100.43 109.58 98.53 341.0 144.71 114.65
541.24 871.85 1155.47 3934.29 1980.47 1111.24
137.49 199.97 127.72 1351.44 338.79 174.3
392.41 552.3 653.72 1788.24 1246.62 1057.57
293.25 558.1 295.6 5118.73 1188.08 532.6
406.62 774.97 600.01 4930.3 1612.74 769.53
552.49 875.66 1076.13 3661.59 2040.24 1248.23
529.98 809.55 984.24 3739.2 2194.61 1513.11
698.72 1016.89 1235.38 3083.49 2438.28 2048.89
169.39 348.45 204.06 4263.14 970.14 412.97
116.36 241.73 97.83 2528.34 574.99 248.94
321.71 588.91 673.66 3987.91 1715.04 893.53
250.51 489.47 222.6 4826.55 1031.37 409.95
415.82 600.97 701.28 2379.92 1441.2 1177.22
68.21 229.5 91.3 3634.45 915.53 353.12
389.99 637.27 768.64 4164.38 1611.8 893.19
104.48 127.7 101.65 673.3 213.51 136.19
934.56 1308.29 1680.03 2428.77 2969.33 2694.29
653.06 1026.79 1315.66 3797.78 1828.18 1018.28
268.63 467.78 503.17 4145.03 1317.09 663.31
208.43 388.34 314.72 4224.39 1318.45 721.07
419.74 663.75 711.69 3659.78 1804.37 1294.48
853.27 1243.46 1881.9 3367.74 2636.28 1499.92
378.41 624.2 787.15 4169.2 1614.56 857.04
233.83 451.23 383.9 4309.73 1500.6 804.63
75.54 172.2 67.65 3693.05 754.93 294.11
201.94 340.12 327.6 3160.68 933.04 447.42
147.02 227.76 134.7 1763.95 421.02 196.31
264.33 438.79 483.28 3769.14 1257.41 630.55
135.47 237.58 101.39 1661.83 418.93 205.42
592.28 906.06 1013.2 3630.05 2230.65 1764.44
91.26 125.8 88.44 1383.74 334.0 169.35
94.12 117.35 92.22 963.61 257.42 146.66
336.9 629.82 406.84 5347.55 1390.2 642.87
241.34 432.45 332.93 3897.51 1123.68 642.16
89.14 176.02 85.32 2734.81 641.81 258.2
211.76 403.67 182.47 4054.99 863.02 328.91
927.18 1332.3 1947.98 3094.53 2831.6 1882.38
422.5 583.21 767.74 1205.48 1237.99 1020.6
631.75 947.81 1188.48 3557.34 1805.99 1076.52
274.88 517.2 457.1 4856.44 1461.43 721.88
388.97 640.0 657.85 3893.53 1809.19 1237.91
215.12 365.57 251.6 2889.21 776.6 360.9
517.37 763.77 844.27 2264.81 1669.07 1392.87
414.11 706.4 804.97 4290.77 2034.12 1118.64
841.61 1184.42 1499.66 2476.86 2772.89 2448.55
116.31 148.33 141.66 753.15 282.26 173.83
88.92 234.73 79.27 4615.08 796.72 318.05
712.53 1084.31 1400.8 3959.6 2435.02 1360.1
129.3 281.22 110.8 3850.88 842.62 336.74
644.55 941.56 1134.43 3162.75 2309.21 1904.4
107.05 290.02 166.27 3829.95 1072.23 482.78
122.0 326.53 127.79 4585.22 1183.18 500.37
418.13 697.14 700.41 4110.92 1836.98 1240.54
292.59 498.0 456.02 3342.23 1377.39 901.02
245.19 487.18 207.36 4946.83 1024.84 387.75
127.36 339.72 239.07 4253.06 1252.32 530.88
287.51 487.08 535.38 4276.09 1522.03 837.95
226.6 362.62 402.37 2403.86 942.69 472.55
57.89 182.24 55.25 4410.86 875.78 326.94
861.75 1218.74 1524.66 2916.62 2768.34 2473.29
348.34 579.83 676.86 4176.25 1453.18 794.18
142.56 404.28 112.44 5117.01 1107.15 433.93
467.94 704.11 802.45 3652.99 1898.06 1445.47
497.84 801.45 821.0 3757.35 1962.27 1468.64
168.86 301.8 237.33 3875.37 1034.86 561.11
542.47 911.45 900.01 4771.12 1606.92 800.68
164.13 313.04 190.74 3496.89 900.64 477.98
211.88 345.68 351.61 2963.99 1026.14 612.46
323.39 520.41 580.46 2951.13 1329.78 758.7
245.94 426.51 396.16 3867.14 1363.59 816.09
204.24 504.35 104.09 4690.28 1037.33 409.83
126.34 275.06 165.1 4227.49 835.46 371.64
373.25 622.38 778.82 3898.82 1617.05 842.19
215.06 326.79 387.64 1895.51 782.71 426.29
465.06 731.42 821.01 3616.39 2003.75 1427.87
547.37 841.99 911.39 3919.7 2052.58 1608.12
94.99 148.62 95.43 1459.61 411.28 194.43
879.16 1243.27 1586.01 2618.09 2852.42 2520.87
440.4 692.97 748.13 3682.13 1829.05 1333.56
111.65 232.97 88.35 2924.14 620.39 262.43
213.75 438.56 248.84 4924.1 1300.73 611.49
438.8 663.84 722.88 2802.45 1572.02 1229.48
356.01 657.29 575.65 4554.44 1666.89 969.47
99.13 104.35 98.37 266.67 124.38 106.71
868.86 1267.46 1847.86 3561.28 2973.66 1730.16
388.69 661.62 708.02 4144.42 1787.87 1049.23
200.52 388.19 313.02 4688.23 1106.62 478.7
94.16 193.73 92.68 2772.23 649.63 260.8
107.16 320.09 98.5 4884.87 1207.83 478.67
99.41 109.48 99.26 370.28 155.59 116.26
474.07 759.88 792.47 4115.4 1818.2 1220.08
112.3 206.51 98.37 1924.98 456.97 211.94
97.31 143.19 96.62 1331.31 353.26 174.09
467.37 708.13 814.2 3483.52 1854.53 1433.67
865.88 1257.11 1848.8 3415.97 2649.25 1584.0
771.3 1122.07 1463.19 3140.29 2554.91 1990.29
328.48 555.28 539.05 4023.22 1610.6 1045.59
93.0 113.1 92.38 799.32 225.42 136.48
784.75 1121.55 1656.35 3057.64 2311.08 1357.5
564.71 857.81 1020.93 3411.3 2162.66 1594.09
318.36 673.39 317.08 5070.9 1437.9 764.01
115.44 141.95 111.39 646.42 205.42 131.63
643.17 927.24 1142.93 2906.11 2303.85 1932.15
903.77 1360.27 2021.81 3347.04 2762.05 1718.58
637.64 989.82 1289.16 3921.78 2179.31 1260.99
806.42 1159.02 1407.14 3102.09 2631.32 2295.74
317.96 545.83 394.93 4058.7 1212.07 676.93
188.55 418.69 375.73 4180.56 1414.64 655.4
430.29 770.19 524.96 5184.37 1577.64 909.88
407.42 663.15 793.52 4288.86 1850.48 1030.19
88.93 155.12 79.3 2213.65 409.25 185.03
252.07 470.23 443.14 4458.19 1328.88 605.72
382.25 672.7 770.27 4506.91 2118.57 1083.7
729.51 1105.11 1493.44 3643.93 2468.83 1451.11
933.76 1363.37 2003.47 3348.16 3084.84 1951.66
155.6 252.23 225.96 1994.73 657.54 325.05
483.68 777.75 942.9 4095.2 1923.05 1026.65
529.47 765.3 859.46 2426.64 1637.54 1366.99
464.2 707.29 754.92 3293.3 1671.94 1301.77
904.07 1268.12 1593.58 2523.56 2787.99 2540.13
94.2 128.86 89.16 1206.6 261.91 144.52
482.44 810.41 957.05 4300.72 1841.59 938.67
154.72 306.22 208.5 4710.34 1146.87 578.92
137.19 329.99 113.7 4860.21 1042.45 400.45
110.67 196.52 94.66 2298.07 494.8 223.19
301.85 513.18 465.77 4366.29 1414.12 911.38
115.95 296.73 147.36 4711.79 1111.78 419.53
92.43 194.09 75.98 3270.24 628.7 245.42
921.45 1334.96 1945.84 3091.09 2917.33 1966.05
778.72 1169.76 1723.89 3870.94 3337.56 1921.38
581.68 797.2 999.16 1489.22 1710.35 1570.76
291.0 497.99 450.36 4322.95 1398.19 889.03
211.99 271.4 308.89 658.64 541.95 464.75
341.52 503.59 560.83 2377.98 1267.16 962.2
358.4 582.87 579.14 4124.87 1562.86 1078.12
521.98 814.53 807.12 3952.64 1871.29 1349.45
515.62 787.34 1047.8 3899.09 1752.8 957.22
152.37 355.18 121.9 4920.74 1105.47 430.4
106.1 216.82 120.8 3350.91 643.78 277.57
121.66 287.58 97.13 3314.04 728.67 297.14
538.06 794.62 1098.05 2605.98 1662.83 954.54
877.15 1225.42 1577.24 2310.23 2874.83 2572.65
918.62 1290.19 1644.0 2505.64 2924.61 2636.94
255.12 478.16 344.16 4591.99 1343.5 743.22
860.64 1278.62 1764.92 3386.83 2581.37 1616.66
374.63 615.96 673.0 3784.4 1511.82 816.67
179.93 411.97 257.41 4755.31 1315.97 562.44
725.34 1044.91 1280.16 3046.62 2459.26 2107.42
67.93 200.51 82.51 3043.31 764.43 295.19
440.47 708.62 641.13 4031.89 1611.62 1079.49
611.32 916.95 1060.92 3502.3 2216.07 1741.16
759.43 1076.58 1355.23 2379.81 2482.86 2194.12
356.22 472.25 584.58 843.23 985.92 897.62
543.56 783.56 939.92 2584.56 1826.94 1548.28
836.2 1207.04 1432.64 3251.88 2652.23 2300.85
285.47 533.83 301.09 4865.07 1186.16 542.39
660.35 908.32 1145.94 1642.0 1957.42 1804.98
700.35 1058.68 1439.55 3837.32 2897.56 1795.1
863.25 1223.08 1631.2 2622.81 2947.06 2401.37
104.4 150.15 95.6 1165.15 296.27 161.26
535.01 835.41 1063.69 3611.58 1969.69 1161.37
277.82 555.53 256.08 5566.38 1188.94 454.09
777.99 1173.88 1517.91 3792.1 2334.82 1413.85
769.46 1109.01 1355.57 2916.71 2565.29 2223.59
784.36 1155.71 1514.15 3320.52 2349.99 1611.11
87.79 282.0 147.18 4175.45 1104.13 431.21
189.34 446.55 103.51 4034.18 903.36 365.54
366.14 576.74 726.37 3263.99 1537.43 845.09
663.37 953.44 1190.37 2320.9 2256.67 1832.81
460.8 784.27 946.59 4252.71 1843.47 1027.19
386.85 652.78 744.63 4110.17 1756.67 1046.76
360.75 632.16 614.97 4633.9 1730.96 922.44
98.28 109.04 97.19 499.87 172.03 122.68
83.48 265.55 85.51 4712.17 1156.88 421.01
772.98 1118.42 1455.29 3056.92 2592.0 2033.42
280.56 544.86 268.38 5209.59 1165.88 493.81
111.49 260.38 128.33 3912.04 941.3 384.11
168.22 303.87 242.82 3866.68 1056.64 576.05
722.64 1067.18 1260.05 3153.05 2472.38 2089.21
268.94 397.18 370.98 1896.8 823.52 585.49
256.98 459.69 517.24 4190.76 1494.29 785.01
363.61 524.85 715.57 1626.45 1138.65 716.12
304.78 500.59 507.76 3924.27 1455.09 987.37
292.11 485.54 459.1 3901.08 1265.66 867.11
446.09 692.05 805.08 3634.69 1806.89 1216.34
885.46 1306.18 1934.12 3646.12 3610.68 2181.28
118.68 257.51 143.0 3946.18 985.08 429.32
714.26 1061.92 1466.34 3576.41 2109.23 1230.92
112.23 301.44 151.38 4620.91 1222.4 477.12
169.7 309.01 217.8 3170.43 799.27 380.54
227.98 580.37 119.23 5462.83 1208.8 471.5
88.15 122.16 87.11 1282.79 312.13 161.71
191.22 261.34 307.27 1315.29 528.24 310.63
904.84 1275.39 1620.5 2536.2 2901.19 2609.11
597.05 923.66 1011.59 3578.26 2176.81 1730.83
178.14 353.73 328.13 4131.64 1216.31 538.23
92.74 190.3 76.95 3142.43 607.39 239.56
569.28 818.35 1109.85 2193.29 1485.9 903.82
878.37 1293.11 1868.53 3479.31 2952.03 1858.03
806.01 1161.43 1432.75 2920.11 2671.29 2339.85
813.0 1170.49 1654.54 3242.02 2586.73 1766.88
67.24 161.28 64.36 3370.74 686.61 270.64
699.97 1008.93 1242.29 2861.25 2466.77 2079.94
402.34 635.25 678.69 3776.06 1755.92 1244.13
220.14 451.84 278.01 4987.64 1245.65 522.29
188.72 336.92 288.48 2814.63 892.32 430.53
593.52 944.57 1239.57 3973.19 2495.13 1473.77
969.44 1451.12 2177.84 3245.47 2922.93 1833.19
588.99 885.13 1032.64 3356.86 2235.84 1772.25
604.92 907.97 1266.93 3875.93 2298.83 1276.9
126.07 261.19 109.6 3436.36 760.55 310.58
206.05 423.92 227.84 4839.01 1256.08 592.98
322.91 522.16 559.38 4039.61 1519.84 973.27
199.23 312.37 325.38 2744.63 809.09 411.55
87.2 163.75 76.06 2544.36 457.63 198.34
971.75 1383.25 1847.13 2763.44 2757.81 2274.6
124.27 281.14 155.65 4411.08 1110.63 484.01
229.22 410.54 312.52 3729.14 1107.18 601.42
815.17 1195.92 1733.73 3432.69 3075.64 1948.6
628.3 921.02 1103.87 3203.88 2272.11 1860.12
896.09 1299.84 1916.9 3457.39 3031.83 1776.73
288.75 381.01 505.63 813.35 672.74 483.85
172.2 293.97 249.07 3349.04 974.73 555.84
93.82 199.17 92.25 2927.33 681.54 270.13
100.08 216.2 105.84 3576.14 648.19 269.14
471.38 758.22 951.65 4080.26 2127.06 1204.74
828.91 1210.5 1770.04 3544.18 2879.76 1666.24
90.7 229.36 94.18 4212.07 959.29 356.55
784.17 1108.87 1403.75 2441.36 2488.92 2179.88
497.75 801.93 945.99 3925.92 1920.19 1206.82
931.56 1333.79 1820.64 2948.65 2925.3 2286.73
559.21 844.35 972.33 3469.84 2122.62 1666.76
363.16 617.33 630.32 4242.43 1445.99 760.26
231.19 321.32 339.19 1219.28 680.71 541.79
655.7 972.74 1156.17 3392.54 2294.3 1808.76
77.72 210.93 58.34 4353.44 722.32 271.12
335.86 558.36 545.05 3858.1 1541.78 1025.96
186.43 267.24 283.05 1557.33 536.46 299.89
161.04 243.77 220.44 1631.81 635.74 398.86
475.57 753.59 806.17 3658.92 2007.42 1481.51
162.16 255.37 232.04 1904.34 587.43 314.88
231.94 426.94 354.76 4043.25 1311.56 748.17
390.27 659.39 714.71 3765.21 1793.44 1189.89
224.18 418.0 398.11 4391.91 1187.71 590.13
882.85 1276.33 1761.57 2748.12 2787.76 2164.43
93.54 203.82 91.89 3059.81 708.78 278.1
357.63 622.39 502.26 4523.59 1305.43 610.39
183.38 450.93 193.18 4978.83 1203.21 550.4
334.68 481.97 541.23 1710.61 1124.82 901.17
184.31 427.04 103.31 3812.61 858.11 350.59
501.92 725.59 1037.68 2434.74 1580.23 902.73
293.74 543.59 455.02 4343.59 1608.12 979.17
883.53 1312.27 1914.34 3393.6 3226.58 2053.47
102.69 123.26 99.64 498.62 177.97 124.45
532.4 786.23 937.03 3190.75 2033.64 1628.53
97.93 120.13 98.11 662.96 228.89 139.1
730.53 1048.75 1287.1 2835.52 2515.22 2143.12
731.37 1117.73 1542.7 4175.48 3069.34 1724.08
347.53 526.35 582.59 2207.99 1206.82 724.28
891.02 1288.04 1758.2 3262.25 3234.7 2385.34
573.57 912.75 991.81 4353.95 2056.16 1299.28
609.68 868.67 1066.24 2481.36 2082.04 1771.44
319.86 520.59 576.46 2990.11 1180.55 635.22
481.87 693.01 864.87 2428.81 1526.52 1136.62
704.48 1087.77 1541.48 3528.86 2291.31 1368.68
146.97 410.52 126.94 5116.58 1124.27 438.0
673.63 1004.21 1166.63 3416.78 2401.72 1979.96
838.53 1230.31 1779.87 3486.06 3332.16 2140.94
106.72 236.1 120.32 3792.55 919.14 384.3
282.71 396.72 441.53 1605.06 868.13 712.67
470.3 729.79 910.34 3978.9 1626.16 876.43
136.45 287.11 224.48 4297.48 1072.42 486.38
103.8 111.12 107.59 274.07 149.13 123.9
345.7 566.87 554.88 4162.19 1531.83 1042.49
736.21 1110.25 1633.81 3987.39 3211.45 1832.69
259.19 483.32 473.82 4449.3 1437.39 684.96
857.77 1224.5 1526.18 2822.39 2782.35 2474.62
925.89 1350.85 1975.57 3376.45 3652.18 2362.79
330.85 679.67 347.04 4910.35 1440.61 794.37
159.41 281.03 193.88 2167.1 650.25 357.85
742.36 1069.72 1303.48 3126.92 2507.71 2149.94
464.33 691.19 784.02 2425.87 1611.22 1276.54
845.12 1281.21 1788.25 3666.77 3199.1 2107.41
155.48 309.7 194.39 3198.23 953.82 489.45
798.05 1161.8 1722.33 3434.78 2509.74 1444.3
89.94 225.11 68.07 4315.28 802.98 293.35
585.52 868.38 1007.54 3493.6 2043.39 1694.48
454.14 706.41 743.66 3609.32 1776.08 1329.86
92.77 121.34 90.44 1161.76 293.53 157.36
173.39 273.83 175.1 2001.65 517.16 266.93
706.98 1023.36 1234.59 3219.3 2348.31 2031.13
99.02 115.75 98.77 549.11 192.38 127.02
581.95 838.9 1035.85 2304.44 1851.56 1540.05
385.91 550.99 625.14 1861.28 1253.35 1023.04
542.72 843.93 848.31 3961.88 1891.54 1380.62
114.97 235.44 92.51 3184.48 654.01 272.87
271.85 456.15 487.57 2802.12 1252.4 760.66
135.71 273.99 114.93 3387.07 785.59 325.28
856.15 1200.07 1535.8 2384.27 2823.09 2511.19
325.48 577.46 586.7 4691.7 1517.66 749.39
134.06 265.98 114.24 3235.68 754.02 314.91
296.95 549.1 302.45 4208.91 1077.4 531.84
201.07 361.18 311.99 4268.93 1251.46 704.05
286.56 516.59 405.95 4492.12 1418.8 833.48
413.07 683.53 862.19 4130.02 1731.2 854.82
119.61 293.83 94.64 4585.57 964.88 406.24
89.57 209.8 124.6 3854.91 847.39 348.11
321.49 544.81 560.85 3781.94 1455.52 791.16
405.34 572.87 720.9 1567.82 1324.22 1029.0
195.74 373.98 289.96 4299.21 1283.98 680.94
285.86 469.72 515.58 3701.32 1180.72 578.94
787.33 1173.94 1619.49 3293.16 2981.8 2115.59
261.5 523.54 208.06 4666.66 994.17 388.56
247.45 498.18 328.26 4244.65 1278.0 720.7
102.28 108.84 100.09 200.41 120.5 106.78
346.39 603.35 428.93 4565.48 1324.37 734.29
76.99 172.12 87.45 2211.96 576.76 240.06
557.96 833.75 948.28 3289.67 2045.53 1634.87
378.13 528.88 722.25 1368.02 1109.2 712.28
365.31 666.09 549.03 3843.59 1476.9 803.47
646.62 988.31 1037.23 3746.58 2211.93 1723.05
110.38 246.52 167.05 4183.28 938.21 387.24
526.42 810.12 1143.76 3834.13 1926.66 1018.89
96.61 110.0 95.52 597.77 190.73 126.89
415.45 719.97 607.94 4454.79 1550.59 796.67
721.6 1112.8 1489.64 3988.44 2286.47 1236.04
493.14 804.48 849.81 3904.4 1942.18 1354.86
235.87 463.16 207.23 4751.2 1007.59 376.35
890.01 1253.17 1592.28 2550.61 2856.94 2565.42
120.04 222.71 111.2 2408.38 556.55 263.05
813.51 1219.76 1649.6 3562.59 2502.17 1546.64
98.92 107.54 98.54 361.32 153.74 115.69
964.25 1349.11 1714.12 2512.73 2975.41 2735.87
130.74 249.77 112.85 2929.4 690.13 293.92
347.86 521.22 571.6 2683.73 1290.37 994.14
464.7 729.45 954.06 4009.71 1822.79 945.7
249.04 489.81 362.61 4988.97 1489.31 669.82
266.47 443.21 403.75 2898.32 1185.18 782.81
499.14 755.47 855.95 3552.4 1851.03 1471.01
841.12 1251.5 1733.93 3461.03 2668.64 1610.67
186.12 329.64 163.67 2974.7 648.53 270.67
293.44 538.25 478.5 4755.43 1463.27 751.1
585.36 940.12 1092.53 4452.14 2139.55 1209.84
943.99 1419.03 2103.6 3466.24 3623.86 2359.22
161.03 424.31 160.37 5023.44 1143.91 460.04
195.59 258.23 275.32 895.0 532.32 424.64
739.99 1114.31 1567.67 3651.21 2655.82 1607.11
875.92 1282.01 1875.22 3275.68 2790.58 1784.25
232.28 427.1 379.19 4606.71 1216.37 577.64
212.62 382.27 376.29 3768.13 1204.11 553.67
746.42 1076.19 1474.27 2745.14 2331.86 1612.29
188.32 339.98 165.17 3225.58 703.01 280.9
90.67 134.6 90.6 1477.22 385.84 180.5
743.38 1117.15 1594.93 3419.27 2532.29 1568.64
241.12 476.32 204.34 4810.87 998.9 379.68
814.09 1152.7 1454.55 2738.35 2687.01 2368.13
855.98 1198.27 1538.21 2354.88 2824.42 2514.65
334.0 594.65 543.1 4704.57 1597.51 821.0
437.16 802.12 567.63 4677.14 1720.03 1120.21
875.07 1274.51 1754.36 3014.29 2966.32 2164.34
314.07 596.38 328.69 5376.31 1284.18 592.82
241.95 377.94 427.95 1953.48 824.53 444.59
643.3 954.93 1069.98 3392.49 2213.51 1766.63
260.82 458.24 445.9 4258.12 1331.29 764.53
782.33 1132.57 1389.99 2964.82 2620.47 2278.18
250.84 536.74 373.69 4885.74 1379.38 634.81
369.32 591.26 580.33 3285.44 1444.88 1047.09
412.44 695.68 767.61 4297.73 1937.15 1091.38
781.34 1110.45 1393.2 2822.53 2609.78 2279.25
707.26 1056.46 1159.35 3783.75 2313.34 1877.85
404.08 648.4 656.9 3843.81 1636.38 1154.61
454.47 675.01 755.89 2590.29 1619.86 1294.5
81.11 155.75 75.02 2874.19 605.67 249.87
535.7 779.06 912.69 2610.52 1876.82 1536.07
86.15 172.7 77.36 3316.46 679.38 282.43
633.12 960.41 1029.17 3887.7 2143.49 1641.13
944.92 1371.51 2020.5 3324.5 3690.44 2400.24
428.42 682.37 679.76 3908.39 1671.42 1222.53
682.41 1016.44 1375.23 3200.94 2118.65 1295.88
230.5 457.03 406.83 4424.63 1448.09 703.67
557.0 895.89 827.77 4301.64 1954.94 1393.83
209.97 390.24 317.41 4318.09 1086.61 618.71
299.04 550.96 329.19 4838.95 1228.1 587.79
249.87 335.94 363.75 927.38 648.41 543.9
858.79 1218.43 1535.05 2658.16 2811.65 2492.48
556.56 861.0 1151.14 3867.39 1933.49 1033.84
375.95 590.55 675.34 3427.64 1501.8 931.25
108.83 143.04 103.69 913.14 269.6 155.73
474.06 731.27 790.47 3920.95 1826.28 1387.92
342.26 602.85 571.9 4180.32 1660.44 1013.98
537.73 821.17 958.3 3143.71 2125.92 1669.89
228.47 359.1 317.05 2426.07 853.31 574.09
76.04 144.81 73.94 2491.73 528.96 224.78
651.27 976.23 1113.56 3588.34 2089.24 1565.45
586.24 867.2 1004.22 3146.64 2076.84 1705.3
196.28 344.17 359.95 3582.85 1046.64 491.41
942.06 1328.65 1659.43 2774.48 2929.69 2651.28
505.22 793.55 825.73 3833.55 1896.95 1454.32
675.17 991.21 1156.83 3328.36 2282.18 1918.79
686.49 1018.01 1411.5 3627.7 2814.96 1827.79
542.65 803.29 947.23 2889.25 2048.12 1632.0
657.25 951.88 1156.79 3241.94 2322.52 1942.6
363.8 575.1 622.18 3717.94 1607.06 1154.0
826.72 1200.32 1613.27 3198.58 2646.68 1995.02
354.96 587.57 558.64 3943.28 1512.07 1011.94
148.46 313.3 201.47 4396.41 1178.87 554.97
129.47 317.37 180.87 4707.88 1179.41 473.21
465.83 716.0 746.05 3405.29 1723.33 1298.93
707.76 1009.91 1226.46 2574.4 2336.75 2002.94
497.05 800.58 820.22 3760.44 1959.61 1464.03
370.41 663.75 450.23 5177.35 1431.72 766.07
812.47 1204.55 1747.23 3327.0 2680.08 1687.62
404.04 660.68 790.2 4053.05 1601.72 819.17
100.57 112.69 98.06 419.19 159.22 119.41
475.62 720.6 995.53 2575.87 1512.13 904.59
786.0 1168.27 1595.19 3609.0 2411.24 1492.42
814.68 1204.6 1510.38 3442.13 2596.43 1886.28
411.18 647.49 649.57 3508.01 1653.1 1178.53
143.91 253.92 185.26 3402.95 857.29 453.62
343.28 591.55 502.14 4419.23 1604.13 1001.19
155.27 295.11 244.65 3441.1 953.58 419.68
84.71 253.26 131.05 3686.81 961.54 373.3
303.91 632.1 240.7 5804.78 1225.49 466.53
138.71 347.72 119.15 4077.73 911.8 378.92
279.82 515.57 463.11 4647.54 1375.44 623.94
94.78 150.7 95.24 1517.95 424.64 198.48
773.11 1108.5 1386.59 2794.39 2619.71 2242.71
632.51 969.55 1235.96 3723.43 2623.73 1765.42
208.69 435.66 252.74 5042.52 1292.72 543.52
237.41 416.25 350.52 4053.97 1211.02 726.52
376.7 596.18 626.59 3766.79 1556.08 1142.03
94.7 151.43 95.17 1538.23 429.29 199.89
582.9 894.59 1165.12 3676.85 1998.02 1161.8
853.77 1202.88 1523.81 2426.71 2814.33 2496.33
510.88 756.64 889.43 3370.04 1993.34 1563.89
875.34 1306.26 1882.44 3227.37 2657.45 1781.3
171.88 291.69 153.15 2499.63 557.88 242.46
550.88 917.47 977.34 4757.03 1854.37 920.62
962.0 1398.0 2014.0 3173.0 2939.0 1816.0
69.0 191.5 59.0 4653.5 930.0 346.0
134.0 394.5 95.5 5146.0 1087.0 409.5
969.0 1403.0 2079.0 3181.0 3518.0 2279.0
155.0 368.0 123.0 5163.0 1156.0 447.0
89.8 263.8 87.2 4769.8 1060.5 381.0
971.0 1390.0 2115.5 3245.0 2879.5 1707.0
122.0 299.0 89.0 4632.0 914.0 354.0
72.0 203.8 71.8 4231.5 957.5 341.5
907.5 1325.5 2047.5 3151.5 2757.0 1579.5
948.0 1357.0 1978.0 3155.0 2462.0 1531.0
56.8 180.8 53.0 4412.8 873.5 325.0
119.5 322.5 80.5 4825.8 970.8 371.8
948.0 1376.0 2046.0 3146.0 2970.0 1921.0
911.0 1341.0 1922.0 3127.8 2196.5 1320.8
985.0 1493.5 2276.8 3372.5 3183.8 2033.8
76.2 218.5 55.5 4643.8 764.8 282.8
962.5 1390.0 1954.5 3151.5 2480.0 1527.0
959.5 1435.2 2145.2 3160.2 2832.8 1787.8
88.5 243.0 63.5 4918.0 903.5 321.0
978.0 1422.0 2105.0 3266.0 3199.0 2037.0
79.2 209.2 66.0 4931.0 970.2 374.0
222.2 574.0 104.8 5481.0 1198.8 463.2
992.0 1434.0 2127.0 3253.0 3849.0 2515.0
980.5 1432.2 2016.0 3245.2 2807.8 1800.2
966.0 1422.0 2112.0 3259.5 3477.0 2237.5
109.2 304.0 68.8 5231.2 1052.0 412.0
978.0 1434.0 2220.0 3640.0 4073.0 2397.0
81.5 229.5 75.0 4588.5 1023.0 369.5
937.0 1353.0 2081.0 3198.0 2826.0 1629.0
924.0 1316.0 1970.0 3207.0 2671.0 1584.0
102.5 315.2 89.5 4914.0 1200.8 467.0
980.0 1467.0 2194.0 3388.8 3736.5 2446.5
955.0 1376.0 2056.0 3368.0 3193.0 1885.0
977.5 1462.0 2197.0 3231.5 2940.0 1846.5
939.0 1381.8 2053.5 3176.2 3230.8 2074.0
265.0 540.0 222.0 5608.0 1151.0 427.0
83.0 265.0 84.5 4714.5 1156.5 420.5
245.0 494.0 207.0 5231.5 1090.0 397.0
304.0 635.0 236.5 5868.5 1229.5 464.5
138.0 335.0 114.0 4964.0 1063.0 407.0
53.8 244.8 74.8 4340.2 1057.2 381.2
881.0 1230.0 1585.0 2295.0 2884.0 2584.0
943.0 1319.0 1696.0 2407.0 2991.0 2718.0
1010.0 1410.0 1801.0 2535.0 3109.0 2871.0
100.0 100.0 100.0 100.0 100.0 100.0
