411.63 522.32 660.56 1029.2 1430.14 1354.14
922.69 1332.69 1940.39 3011.27 3357.99 2341.15
590.53 764.89 983.46 1630.82 2318.24 2178.92
645.76 869.28 1197.94 1962.76 2223.71 1814.5
613.76 843.76 987.12 2762.73 2382.17 2098.61
880.91 1266.43 1912.77 2959.2 2782.1 1783.21
940.46 1362.07 1907.01 3085.13 2787.78 1873.06
704.05 926.72 1217.72 2029.36 2831.72 2581.21
587.77 821.78 961.33 2763.75 2387.85 2105.2
405.24 511.1 648.14 1099.82 1586.2 1486.81
585.82 761.96 973.61 1919.53 2519.14 2327.17
259.98 315.46 387.28 624.01 878.92 826.83
503.52 715.91 869.86 2609.89 1931.75 1546.59
751.82 1049.62 1496.88 2361.93 2833.82 2104.42
379.24 478.5 602.92 971.45 1362.77 1283.46
569.58 748.05 941.68 2027.33 2442.34 2234.94
875.98 1244.95 1800.06 2849.38 3036.44 2156.64
286.59 446.8 440.16 3524.5 1635.04 1166.41
566.04 731.06 936.05 1716.79 2385.18 2222.15
724.5 1012.33 1492.31 2347.52 2375.95 1648.7
333.03 467.85 502.53 2255.63 1463.16 1198.2
558.69 756.83 1067.19 1752.45 1803.57 1353.21
185.64 219.98 254.15 495.07 492.93 454.87
207.16 367.37 280.14 4220.56 1289.01 799.01
573.72 770.26 952.87 2441.0 2386.49 2160.65
779.31 1106.07 1574.85 2559.92 2728.63 2098.99
766.1 1009.93 1326.5 2127.11 2893.49 2671.2
463.81 718.41 925.57 3933.6 2006.3 1240.89
900.02 1257.61 1839.66 2852.45 2886.27 2048.05
590.57 820.01 1076.68 2705.34 2351.21 1888.13
752.49 1039.63 1459.83 2384.13 2341.18 1781.88
415.18 527.21 667.64 1083.59 1525.27 1435.76
179.79 318.33 252.15 3116.94 1160.71 697.2
568.03 830.29 970.25 2987.47 1972.72 1501.62
397.05 502.56 634.33 985.71 1367.89 1295.44
587.43 764.85 998.95 1715.3 2443.49 2238.61
582.78 750.22 966.96 1681.37 2450.66 2293.45
774.7 1030.54 1374.75 2191.25 2882.35 2596.73
188.88 287.62 270.38 2362.58 942.39 625.54
323.74 522.56 597.43 4019.88 1563.05 961.07
887.17 1277.98 1850.97 2810.1 3062.56 2335.49
961.43 1373.33 2083.16 3200.71 2875.43 1736.92
335.81 419.57 524.17 803.12 1106.51 1049.0
683.36 909.95 1143.55 2351.14 2672.46 2466.63
593.11 783.41 1010.49 2140.11 2508.62 2252.57
802.06 1164.64 1707.88 2620.39 2794.38 2056.57
704.96 930.76 1217.01 2025.69 2716.23 2495.35
911.9 1302.53 1969.93 3039.64 2836.26 1783.06
256.56 312.17 381.62 566.83 768.26 730.07
129.34 139.76 152.77 187.48 225.23 218.07
342.84 523.77 541.89 3607.26 1750.26 1287.97
607.97 788.14 1011.19 1870.41 2592.22 2413.51
722.75 970.54 1320.55 2190.4 2916.61 2477.65
167.02 347.85 225.45 4455.26 1273.71 654.42
785.62 1093.68 1602.52 2521.29 2559.92 1802.4
715.96 935.9 1212.74 1942.43 2719.16 2558.74
607.39 932.9 1226.44 3628.35 1833.12 1072.56
831.65 1164.87 1603.1 2636.68 2536.0 1881.64
719.46 959.85 1280.57 2098.44 2767.75 2451.99
354.88 575.42 549.27 3810.25 1857.03 1344.83
176.75 221.01 240.11 930.96 570.45 473.26
465.17 722.38 829.44 3760.33 2086.94 1451.73
765.78 1052.49 1486.47 2456.01 3111.63 2426.28
686.17 915.1 1174.79 2234.92 2647.06 2387.3
658.72 857.31 1106.27 1843.62 2626.59 2467.91
366.01 460.49 578.49 893.17 1235.41 1170.53
588.42 757.82 977.09 1699.85 2478.13 2319.09
334.96 520.49 550.96 3076.56 1838.11 1414.32
677.38 951.86 1345.31 2505.2 2282.72 1623.58
211.5 426.38 231.78 4870.89 1319.97 662.58
308.52 456.66 469.79 3001.56 1436.07 1102.83
626.64 861.23 1073.89 2300.48 2505.04 2187.97
585.16 839.24 1102.71 2769.57 1985.9 1481.4
594.21 834.37 971.9 2859.73 2428.42 2133.82
723.37 978.24 1350.09 2287.08 2802.82 2280.0
624.1 836.36 1127.34 1819.46 2298.51 1969.99
704.04 936.56 1224.03 2058.31 2656.54 2401.74
680.24 949.21 1380.27 2338.12 2801.91 1997.65
512.87 745.03 804.95 3299.1 2162.69 1712.86
630.38 818.9 1055.22 1755.18 2498.43 2347.79
392.18 493.52 624.69 1057.06 1522.63 1427.49
343.68 642.88 388.65 4354.11 1636.03 1073.88
639.45 904.9 1201.66 2695.17 2461.81 1963.7
479.19 613.87 782.08 1230.64 1718.5 1626.02
609.63 885.02 1178.77 2842.85 2171.62 1510.9
836.72 1187.32 1760.98 2759.21 2757.64 1906.0
607.0 782.83 1010.44 1760.68 2568.55 2403.46
328.3 407.48 509.97 847.81 1211.59 1137.25
680.07 968.91 1313.99 3024.55 2823.88 2088.5
126.92 301.34 153.48 4561.47 1170.39 526.7
663.2 874.9 1166.7 2006.26 2701.45 2382.62
710.37 927.16 1197.92 1919.93 2705.22 2556.35
759.13 1006.47 1318.95 2191.15 2872.29 2632.67
703.92 951.31 1191.34 2521.34 2627.68 2348.92
444.59 564.1 718.8 1228.71 1777.79 1665.59
787.99 1074.52 1502.6 2473.92 2721.72 2164.93
759.33 1093.2 1524.28 2438.82 2160.66 1431.08
241.29 439.33 317.6 4478.95 1441.56 909.51
465.28 598.79 771.2 1213.27 1665.02 1537.7
339.77 532.84 476.13 2803.05 1188.82 792.34
663.95 902.44 1114.91 2462.76 2599.8 2299.15
464.08 679.62 778.97 3005.59 2133.91 1759.4
795.96 1113.99 1629.63 2669.77 2716.32 1936.76
827.01 1151.17 1592.77 2563.07 2850.32 2198.31
156.76 345.55 135.93 4540.61 1060.33 439.84
576.54 800.87 974.83 2866.89 2392.62 2048.3
708.66 936.09 1193.72 2259.0 2758.39 2568.43
299.53 518.28 493.52 4220.75 1361.56 728.3
209.66 397.13 361.67 4359.48 1095.68 549.13
404.42 615.78 671.67 3600.5 1871.42 1382.28
110.87 114.74 119.56 132.42 146.41 143.76
554.76 746.8 1024.94 1650.29 2103.8 1708.32
115.46 120.96 127.85 148.26 169.93 165.54
268.95 467.67 369.7 4321.44 1523.14 1013.69
247.37 318.93 414.93 633.78 562.75 430.64
601.61 816.95 999.66 2439.31 2432.37 2181.33
756.59 990.33 1282.43 2060.05 2897.34 2734.63
623.2 847.21 1166.0 1846.48 1887.88 1503.84
628.97 817.5 1062.38 1845.32 2612.31 2419.19
702.11 927.28 1215.73 2022.64 2775.83 2554.2
140.23 275.46 199.18 4085.3 1122.71 624.64
316.77 391.95 489.27 810.04 1155.45 1084.86
589.39 808.35 1010.7 2659.41 2357.7 2061.49
192.33 284.71 242.86 1894.22 766.08 526.36
527.36 679.16 868.73 1374.28 1924.12 1819.88
358.88 556.8 533.98 3669.55 1656.01 1245.46
648.85 863.41 1136.72 1903.21 2424.74 2149.55
113.8 289.21 130.21 4656.04 1128.66 469.72
684.54 892.45 1153.06 1926.45 2743.76 2576.72
638.18 855.93 1089.98 2107.38 2491.19 2229.61
513.29 739.06 784.98 2780.66 2246.51 1926.56
657.72 1022.97 1430.24 3616.77 2479.57 1589.09
512.34 720.96 787.94 2947.38 2182.27 1846.04
299.77 477.84 426.29 3619.05 1526.71 1106.56
349.48 438.09 548.76 843.88 1164.86 1104.01
297.76 541.99 320.37 4838.92 1288.76 658.4
296.01 491.68 497.51 3354.9 1702.23 1204.38
585.38 757.91 974.19 1614.76 2294.96 2157.11
321.69 474.12 500.6 3385.32 1560.57 1184.01
474.46 637.13 798.56 2227.06 1993.06 1715.5
349.95 443.99 550.59 1009.01 1261.63 1170.17
716.06 938.75 1217.85 1952.26 2687.9 2513.89
494.59 692.17 815.27 2754.46 2229.91 1891.98
754.75 994.02 1291.25 2131.51 2882.86 2683.99
611.66 797.73 1018.22 1796.5 2420.89 2261.68
592.35 772.45 984.89 1944.9 2553.89 2356.7
791.02 1087.77 1535.92 2540.7 3225.8 2522.73
938.24 1369.58 2016.85 3127.26 3405.31 2272.89
905.47 1307.68 1904.49 2971.09 3320.66 2314.69
756.95 1035.63 1451.77 2348.86 2974.95 2354.9
585.4 757.94 974.22 1614.82 2295.05 2157.18
847.24 1183.84 1657.73 2540.22 2916.48 2371.95
485.32 776.39 832.11 3350.15 1804.96 1188.91
220.17 262.88 316.43 475.02 643.42 609.29
535.02 689.64 883.48 1457.59 2067.21 1943.66
270.74 468.92 450.05 3924.41 1699.62 1047.41
949.19 1365.57 2036.48 3336.81 3183.55 1900.39
494.58 707.77 815.62 3088.66 2222.76 1839.02
635.39 836.96 1094.14 1897.52 2456.17 2227.88
784.71 1059.92 1437.84 2266.71 2948.2 2518.92
474.35 657.17 787.03 2450.1 2225.25 1926.5
919.51 1332.36 2030.97 3333.2 3808.11 2370.35
503.21 788.84 966.21 3727.28 1873.06 1215.52
490.1 678.84 846.55 2333.27 1984.26 1640.02
117.15 328.92 116.23 4825.7 1241.24 523.46
675.38 911.45 1236.41 2035.02 2602.94 2258.26
738.61 1007.38 1426.56 2325.83 2701.85 2146.19
275.37 394.25 401.75 2153.72 1161.84 923.85
281.07 411.37 440.44 2175.26 1162.45 838.26
567.63 785.4 928.57 2584.51 2387.6 2116.19
382.85 643.93 496.8 3556.11 1607.91 1171.33
453.08 578.59 735.91 1201.89 1696.68 1596.4
691.76 941.43 1215.8 2465.4 2701.99 2373.92
741.56 1039.38 1418.82 2662.55 2863.77 2264.49
237.44 327.15 336.34 1669.43 968.25 783.73
407.2 565.96 804.93 1214.57 1314.1 892.83
276.01 338.53 416.61 624.82 851.27 808.34
482.49 760.9 1031.06 3882.25 1867.01 962.98
509.55 674.93 903.13 1436.53 1871.03 1597.65
445.18 699.76 784.1 3801.34 1970.03 1351.82
830.84 1154.22 1626.67 2568.38 3144.82 2432.89
761.69 1024.84 1358.63 2294.63 2892.53 2567.14
760.59 1000.9 1302.17 2101.33 2869.34 2681.3
273.39 463.38 311.13 3711.02 1129.82 651.34
694.55 945.63 1311.51 2125.7 2793.89 2247.28
213.44 252.78 303.71 471.57 652.32 615.39
647.91 869.9 1123.59 2334.98 2614.29 2317.95
186.63 386.0 213.8 4851.08 1273.23 690.7
653.22 901.63 1197.53 2540.8 2257.32 1823.96
856.97 1210.4 1709.3 2603.89 2866.66 2267.53
207.99 350.5 323.32 2620.54 1140.64 769.17
931.96 1329.8 1931.88 3088.94 2470.04 1576.19
858.13 1194.85 1687.44 2635.77 2937.23 2304.37
651.64 859.36 1138.06 1930.32 2655.49 2402.33
345.9 433.23 542.31 833.19 1149.55 1089.58
157.39 360.79 152.38 4633.14 1089.98 519.77
603.91 780.85 1013.29 1755.99 2526.35 2345.75
843.48 1215.67 1716.19 2820.75 2296.05 1583.77
194.3 227.82 269.84 394.3 526.45 499.66
212.45 252.39 302.27 435.28 579.96 552.53
62.17 187.01 62.42 4394.7 889.06 343.54
774.65 1029.04 1358.84 2170.18 2933.72 2672.11
679.64 961.16 1258.67 2879.49 2416.65 1900.09
390.52 706.6 441.83 5188.3 1535.8 865.14
333.15 537.51 490.57 3927.83 1644.19 1145.32
535.92 725.1 852.38 2394.69 2265.67 2006.77
478.0 692.33 735.7 3166.71 2020.49 1610.36
583.6 755.49 970.97 1609.18 2286.87 2149.52
542.26 773.49 905.51 3105.23 2162.02 1782.07
537.54 754.93 935.03 2771.77 2298.82 1863.41
695.88 927.85 1223.43 2216.18 2731.96 2414.5
288.57 380.85 440.06 1509.64 1194.51 1018.29
670.75 873.61 1127.93 1881.16 2680.98 2518.88
265.74 324.65 398.5 617.23 849.49 802.42
225.98 274.47 325.8 588.99 685.69 636.88
565.04 807.16 1034.93 3099.68 2381.27 1842.81
554.46 712.07 916.1 1588.59 2312.74 2164.76
334.32 496.42 589.11 2421.6 1143.55 691.56
371.37 597.07 725.53 3933.21 1679.23 921.0
833.42 1164.03 1661.47 2635.27 3329.47 2490.77
884.01 1279.71 1810.22 2941.18 2318.99 1567.91
479.17 613.94 782.89 1283.28 1814.63 1706.94
854.71 1209.64 1809.55 2836.24 2774.51 1843.52
196.33 292.81 280.41 2568.18 987.85 684.17
548.75 891.19 927.87 4256.83 1632.87 909.97
702.44 942.28 1286.28 2189.37 2767.55 2315.71
529.12 691.17 858.92 1764.73 2196.31 2021.08
490.64 732.17 707.83 3457.93 2057.51 1645.64
695.78 911.48 1172.57 2006.81 2671.07 2509.34
840.82 1172.18 1659.32 2612.61 3171.77 2421.78
753.26 1084.0 1582.32 2857.32 2521.61 1510.63
407.02 599.57 648.18 3544.38 1845.24 1457.04
880.95 1232.21 1793.18 2912.05 2729.68 1880.23
114.71 119.94 126.46 143.87 162.8 159.21
753.13 986.04 1274.77 2068.55 2892.54 2730.02
306.16 632.22 294.82 4841.82 1480.03 846.93
527.63 771.95 962.74 3209.98 2074.24 1533.33
829.16 1125.46 1564.32 2460.61 2893.02 2388.47
286.18 490.67 327.33 3958.52 1176.08 666.62
771.33 1032.23 1382.08 2189.48 2913.28 2565.54
969.03 1411.21 1982.4 3193.83 2805.89 1831.25
597.0 818.5 1067.92 2279.83 2118.04 1745.71
622.45 805.1 1043.41 1817.67 2640.88 2457.41
562.47 771.51 964.11 2507.04 2437.74 2085.8
368.83 536.42 585.99 3505.67 1821.21 1429.2
384.69 587.08 582.72 3605.39 1823.71 1387.05
568.23 777.44 958.12 2837.57 2335.69 2025.15
309.43 490.89 445.16 3577.13 1499.06 1089.27
360.38 452.86 568.36 876.37 1211.37 1147.86
104.53 106.14 108.16 114.15 120.5 119.21
528.88 681.21 871.46 1378.79 1930.58 1825.97
926.3 1346.46 1969.2 3252.72 3078.84 1995.44
492.38 763.53 689.06 3938.81 1979.84 1508.2
707.01 950.91 1172.13 2370.36 2743.85 2531.02
460.53 634.45 882.85 1308.87 1386.97 1074.21
249.19 302.22 368.69 565.58 774.65 732.27
843.85 1202.69 1731.82 2745.73 3177.78 2315.12
173.78 311.74 250.19 3643.3 1185.24 676.17
687.01 963.04 1326.84 2566.7 2575.35 2060.57
154.58 173.98 198.3 270.33 346.82 331.32
318.32 395.86 492.7 750.95 1031.83 978.58
792.5 1071.89 1431.18 2308.39 2734.34 2405.8
620.54 822.42 1100.45 1735.49 2219.54 1965.57
320.21 548.52 618.21 4201.38 1685.38 891.35
760.41 998.41 1298.24 2079.38 2900.8 2722.23
332.11 559.73 478.04 3779.24 1716.05 1246.26
441.72 563.09 714.67 1118.9 1558.54 1475.2
499.75 652.85 821.69 1675.27 1984.17 1822.16
778.2 1032.17 1366.56 2202.36 2932.68 2644.62
205.09 328.25 263.38 2679.23 913.88 606.87
455.01 580.82 735.66 1305.93 1832.91 1711.29
758.23 993.77 1289.12 2069.3 2908.35 2737.07
832.71 1179.47 1671.91 2655.46 3243.42 2519.89
221.43 270.59 333.84 487.95 560.39 502.0
364.82 682.63 376.91 5355.51 1454.27 770.68
891.3 1295.94 1990.49 3075.62 2749.7 1628.82
360.87 498.8 570.37 2490.28 1529.48 1267.71
391.4 561.91 626.5 3394.63 1887.51 1511.41
411.88 629.65 784.51 3458.02 1609.24 1047.31
656.82 854.73 1102.84 1837.69 2617.99 2459.84
444.21 574.64 740.07 1198.26 1554.83 1409.7
415.08 567.67 677.89 2050.82 1881.44 1634.26
547.17 817.66 1004.29 3273.07 2129.81 1596.98
593.48 811.56 1159.32 1815.04 1950.17 1464.52
684.89 893.81 1153.69 1946.78 2750.67 2581.17
456.95 706.73 741.99 2935.69 1807.09 1352.49
747.01 1035.87 1444.04 2363.38 3020.42 2453.92
886.81 1258.72 1798.25 2805.66 3259.41 2426.99
753.83 1098.94 1616.5 2410.6 2342.47 1598.96
326.18 477.43 451.62 2461.69 1198.66 907.36
363.26 456.76 573.54 884.95 1223.66 1159.45
293.36 460.11 453.53 3586.15 1612.72 1140.1
753.67 1021.66 1384.52 2406.21 2768.8 2364.17
605.29 810.6 1012.1 2315.0 2539.91 2295.12
517.6 666.04 852.11 1403.23 1988.44 1869.84
638.08 846.29 1127.28 1910.76 2642.89 2348.48
736.41 1009.08 1404.56 2300.45 2889.47 2309.71
509.25 657.06 836.46 1423.73 1958.55 1836.02
847.59 1184.58 1659.17 2542.06 2916.54 2370.55
498.35 636.51 815.35 1404.82 2039.57 1909.86
879.19 1245.82 1824.96 3014.22 3065.3 2014.28
697.08 937.11 1290.38 2200.18 2941.49 2444.73
543.91 714.22 927.66 1603.65 2079.03 1897.79
772.82 1091.66 1575.18 2432.09 2499.7 1805.17
411.47 519.49 659.32 1120.22 1616.53 1515.1
525.07 705.95 866.49 2215.01 2191.03 1955.86
547.54 824.46 886.12 3509.24 2131.79 1619.99
699.29 916.94 1194.95 1983.95 2799.48 2589.14
716.29 1018.69 1417.82 2275.01 1843.95 1179.02
354.57 445.05 558.48 894.44 1251.18 1178.88
329.07 410.43 512.05 783.03 1077.75 1021.88
616.48 855.57 1102.09 2482.92 2542.44 2125.06
732.1 964.7 1231.36 2116.41 2813.12 2640.42
428.35 545.06 691.37 1124.7 1584.84 1491.58
181.15 363.37 200.11 4391.69 1099.27 576.59
559.1 807.61 867.27 2916.3 2327.24 2002.89
441.04 664.84 778.26 2717.65 1750.41 1273.56
431.12 608.23 758.55 2160.34 1831.58 1416.37
276.31 337.46 416.61 677.51 958.45 901.04
544.6 698.79 898.39 1556.29 2264.73 2119.96
483.29 638.17 847.35 1355.18 1747.79 1520.53
305.64 448.27 559.72 2297.72 1006.67 597.42
485.79 689.83 778.13 3086.54 2162.65 1830.41
861.73 1214.79 1717.74 2617.13 2919.09 2313.48
712.65 962.15 1240.01 2466.36 2719.31 2416.53
224.91 371.55 347.56 3752.89 1375.67 928.77
725.97 971.13 1293.6 2124.07 2886.12 2573.08
364.5 612.8 449.68 4537.64 1565.88 997.88
654.55 864.29 1111.57 2037.9 2594.52 2376.9
366.99 626.08 447.93 4722.36 1538.72 949.03
848.86 1187.29 1664.43 2548.8 2916.77 2365.42
346.9 549.07 586.66 3942.17 1629.81 1094.97
229.89 276.03 333.65 487.3 654.42 622.74
523.04 717.04 857.56 2755.81 2248.44 1967.1
148.79 166.12 187.77 245.48 308.26 296.36
894.26 1274.14 1802.63 2866.94 2894.5 2007.84
580.77 761.88 959.76 2057.33 2508.88 2304.56
742.78 1017.95 1441.62 2434.43 3125.58 2436.97
443.26 633.25 688.92 3009.1 2058.82 1694.1
311.72 516.43 455.79 4145.69 1600.62 1109.18
511.29 653.94 838.59 1447.21 2102.58 1968.65
642.25 868.73 1203.63 1929.13 2295.95 1897.74
479.7 721.35 699.82 3773.03 1921.31 1473.11
570.5 737.74 947.38 1568.31 2227.66 2094.03
856.17 1189.95 1727.38 2713.44 2830.6 2066.11
707.2 926.44 1206.83 1928.34 2661.16 2481.81
603.54 780.4 1011.34 1753.23 2541.82 2360.43
480.2 639.7 771.96 2041.13 2063.52 1841.24
689.93 930.17 1262.5 2083.22 2688.93 2337.01
405.18 513.57 648.95 1009.96 1402.6 1328.16
612.22 820.39 1108.41 1734.37 2131.21 1832.01
205.1 349.07 312.86 3830.63 1316.51 857.64
472.3 710.72 883.34 3076.23 2094.9 1537.65
678.09 966.01 1267.1 2925.51 2481.75 1986.65
508.98 738.99 925.21 3202.59 2136.05 1594.75
292.62 395.79 450.28 1261.12 949.8 753.92
178.44 374.01 191.17 4698.01 1194.48 579.42
326.64 523.95 567.59 3820.43 1524.78 1053.91
218.53 287.33 310.55 1270.22 749.44 622.0
177.98 319.12 257.84 3760.4 1280.96 751.57
611.15 792.84 1020.6 1695.18 2411.49 2266.32
926.25 1325.09 1838.13 2957.81 2830.08 2027.32
331.5 411.79 515.72 858.28 1227.16 1151.78
465.09 679.95 751.92 3134.37 1871.63 1451.23
197.11 407.11 205.49 4857.81 1289.49 629.5
348.51 570.13 546.44 3818.82 1587.65 1066.18
825.3 1124.16 1537.53 2433.71 2993.33 2520.56
270.72 331.36 407.09 609.04 828.69 787.05
587.39 810.56 961.87 2849.41 2398.8 2103.47
530.61 679.96 873.27 1510.48 2196.63 2056.42
160.21 181.6 208.31 279.54 357.01 342.32
765.13 1070.24 1477.39 2464.48 2411.56 1888.9
864.2 1231.19 1794.56 2807.49 2862.27 2024.92
559.42 780.03 882.68 2891.82 2274.57 1954.9
551.66 724.75 913.46 2147.32 2417.06 2196.62
549.65 745.95 966.41 2459.75 2305.81 1947.19
664.76 867.86 1116.45 1924.64 2663.88 2495.76
769.24 1017.41 1335.95 2137.03 2923.93 2691.83
565.3 762.24 924.54 2289.49 2220.5 1993.12
547.95 801.44 822.54 3369.63 2201.16 1816.05
685.28 919.65 1192.43 2265.44 2617.76 2319.61
177.31 204.12 238.83 353.23 476.42 451.25
331.29 658.81 344.97 4781.04 1546.47 928.51
355.83 491.25 694.47 1004.64 974.45 681.84
637.36 863.27 1076.38 2441.92 2588.66 2341.48
764.33 1004.97 1310.29 2103.69 2880.99 2687.54
178.94 206.98 242.0 335.38 436.94 417.69
518.07 734.72 796.97 2926.32 1993.66 1676.34
621.28 803.21 1040.19 1812.47 2635.8 2455.55
485.38 638.06 789.69 1676.34 1905.4 1748.41
589.75 759.61 979.48 1704.19 2484.59 2325.11
905.14 1330.13 1904.14 3101.16 2205.14 1343.61
179.47 377.37 192.79 4735.63 1190.87 571.74
820.76 1156.1 1635.01 2529.55 2842.0 2250.13
579.78 804.47 947.9 2822.86 2365.87 2084.33
942.46 1357.2 1999.61 3076.29 3450.44 2292.57
759.23 995.89 1293.18 2075.22 2912.06 2735.77
582.2 776.04 1042.9 1717.44 2236.2 1959.87
702.91 955.7 1274.48 2552.65 2637.59 2241.82
749.26 1057.37 1480.27 2470.94 2583.09 2036.42
536.98 719.36 877.04 2352.03 2373.61 2128.83
551.23 726.76 974.12 1521.7 1895.39 1651.71
572.09 843.62 1095.99 3011.44 2389.39 1783.44
552.91 737.61 902.52 2279.02 2417.47 2171.56
747.09 980.85 1260.8 2120.47 2868.25 2698.02
445.41 628.46 728.0 3230.3 2009.38 1657.7
561.42 751.91 919.56 2149.27 2182.38 1974.22
393.9 527.66 632.74 2012.7 1754.56 1518.23
575.82 740.85 954.47 1658.58 2416.78 2261.84
878.5 1253.54 1738.37 2837.44 2756.79 1985.8
685.1 908.4 1196.53 1971.24 2620.67 2350.66
617.01 804.69 1028.98 1749.31 2326.02 2186.46
275.38 504.08 444.06 4220.91 1696.3 1003.16
486.7 757.25 840.8 3512.45 2042.05 1524.01
858.06 1193.57 1712.13 2784.18 3439.24 2582.32
828.66 1130.43 1578.43 2553.82 2800.96 2240.02
580.68 823.78 901.18 3034.33 2331.54 1997.41
701.34 937.25 1285.46 2138.02 2686.07 2282.32
619.71 804.31 1034.85 1649.64 2318.29 2191.53
651.52 881.01 1198.33 1959.2 2473.01 2128.84
624.83 937.93 1333.78 3647.31 2186.5 1225.11
144.03 159.67 179.29 237.39 299.09 286.58
562.36 745.71 933.29 2153.28 2404.66 2163.22
257.13 312.97 382.99 590.35 810.54 765.91
336.82 505.13 533.29 2927.24 1677.99 1279.3
165.49 361.52 166.46 4783.19 1152.38 524.21
223.19 278.27 321.95 766.82 689.81 616.3
763.4 1003.92 1309.54 2098.03 2902.7 2708.42
621.77 827.58 1112.04 1832.55 2325.12 1991.83
536.91 720.59 875.65 2294.83 2354.4 2115.04
480.41 630.56 794.39 1793.56 2005.46 1811.07
425.64 568.24 676.53 1871.28 1802.79 1607.17
746.51 1042.68 1381.48 2675.29 2509.92 2060.3
610.98 850.39 1003.82 2776.46 2477.29 2196.63
542.71 700.74 899.54 1483.56 2099.25 1968.22
600.75 777.66 1003.13 1811.8 2542.99 2362.71
288.58 448.91 443.7 3514.19 1640.97 1174.13
674.81 881.44 1135.61 1962.93 2715.47 2542.0
169.38 193.44 224.58 327.25 437.8 415.2
444.62 654.02 726.87 3286.04 2093.32 1666.81
526.01 673.76 865.01 1495.41 2174.23 2035.51
412.65 521.08 661.44 1124.09 1622.28 1520.47
522.98 807.84 766.98 3551.13 2157.37 1746.1
379.05 536.82 602.59 3191.8 1890.52 1531.62
738.58 972.07 1273.71 2046.77 2836.1 2612.64
793.25 1063.92 1444.86 2291.05 2884.77 2511.33
454.7 662.09 770.26 2863.45 2120.28 1744.83
542.93 765.09 1019.2 2283.41 1670.04 1202.0
702.2 933.53 1181.99 2291.28 2760.11 2552.88
280.44 435.33 427.41 3040.84 1383.45 990.79
856.17 1214.59 1735.51 2736.24 3193.35 2377.55
314.87 513.28 521.11 3350.1 1757.75 1291.28
615.16 831.84 1115.61 1854.44 2069.48 1702.69
729.93 1040.73 1471.56 2502.9 2664.45 2072.56
511.82 695.68 930.62 1468.52 1573.7 1258.84
446.37 622.84 735.62 2883.51 2037.22 1724.19
594.73 788.56 993.84 2179.12 2462.06 2242.4
573.79 797.03 908.92 2843.94 2319.8 2013.63
512.33 658.78 841.69 1329.45 1859.95 1759.38
737.02 997.15 1395.27 2284.48 2711.66 2206.21
408.53 527.06 655.05 1263.89 1540.8 1422.51
831.2 1182.12 1648.98 2700.98 2397.78 1775.67
503.7 665.62 878.47 1414.29 1775.05 1535.56
514.61 719.36 842.65 2695.83 2270.04 1953.7
650.13 949.67 1403.26 2080.21 2076.11 1440.91
377.01 475.39 598.27 925.95 1282.34 1214.78
676.63 930.77 1232.28 2493.25 2718.18 2214.71
803.17 1141.02 1629.56 2494.61 2705.17 2075.42
629.11 955.96 1259.84 3438.4 2256.48 1546.17
561.72 725.83 931.56 1540.9 2187.93 2056.79
249.45 384.83 371.24 3497.42 1353.11 950.2
815.02 1119.02 1536.89 2395.28 2973.14 2558.0
667.48 905.39 1219.94 2325.18 2651.58 2224.24
432.64 584.18 699.18 2281.08 1752.9 1525.63
545.76 728.66 927.77 1861.21 2020.14 1800.99
211.65 412.1 345.73 3826.71 1471.46 911.46
401.54 508.65 642.41 999.12 1387.08 1313.53
572.44 737.6 951.39 1649.83 2386.15 2225.86
170.14 313.97 229.11 4544.71 1229.49 691.9
264.45 427.41 384.73 3883.83 1475.15 1029.79
386.74 488.65 616.42 994.83 1396.65 1315.21
481.95 614.41 785.88 1351.08 1959.69 1835.31
256.73 330.93 454.27 689.01 593.27 389.65
667.25 885.63 1182.18 2002.95 2745.2 2427.34
180.78 303.17 247.36 3734.29 1161.5 720.46
416.04 686.78 564.61 3687.61 1855.59 1381.73
436.24 610.06 711.61 3040.67 2015.11 1678.5
127.92 137.85 150.29 187.14 226.27 218.34
520.28 669.56 855.99 1353.15 1893.87 1791.37
824.92 1155.58 1628.38 2587.36 3112.64 2417.4
390.51 499.99 623.27 1185.09 1385.33 1286.61
645.22 853.63 1076.84 2019.25 2477.15 2304.44
588.19 761.88 977.9 1791.83 2501.97 2328.4
676.8 936.51 1322.9 2061.71 2583.71 1946.82
515.02 662.53 847.45 1395.16 1976.75 1858.88
404.73 532.83 649.33 1756.06 1616.9 1443.64
636.35 828.94 1083.9 1868.46 2671.17 2449.13
941.77 1411.48 2129.78 3186.78 3118.04 2083.9
173.3 199.78 234.71 342.06 450.46 422.07
386.08 666.71 552.03 3734.82 1569.86 1005.32
515.25 738.17 916.0 3035.13 2083.87 1687.34
435.67 649.5 627.6 3482.04 1873.6 1447.75
77.44 201.3 74.0 4621.59 954.2 375.41
701.64 937.85 1205.92 2252.42 2643.21 2365.77
465.04 594.69 756.62 1188.43 1658.08 1569.05
381.39 522.27 569.67 1756.06 1342.02 1160.14
724.93 953.09 1225.48 2160.72 2809.96 2632.69
718.21 1063.57 1339.27 3281.48 2744.02 2040.01
385.96 487.53 614.39 952.66 1320.58 1250.83
273.79 334.06 412.08 669.25 946.17 889.58
402.65 613.8 604.37 3663.14 1900.82 1443.66
436.91 597.17 692.06 2346.86 1921.61 1670.19
608.98 826.97 1090.06 2353.56 2564.31 2150.62
343.12 468.93 543.05 2134.69 1575.14 1312.68
515.35 718.02 850.07 2959.57 2230.31 1894.23
296.23 365.93 452.97 685.09 937.56 889.7
359.92 458.63 566.54 1079.7 1305.46 1210.58
772.62 1054.48 1420.35 2435.52 2821.58 2443.38
530.64 753.0 808.86 2941.22 2235.0 1898.82
497.68 686.31 794.33 2679.32 2242.38 1932.19
409.78 601.13 646.32 3267.77 1962.29 1572.74
149.98 167.32 189.75 263.71 343.36 327.08
573.67 777.85 964.36 2259.03 2263.49 2008.02
392.22 569.86 627.48 3601.3 1862.74 1468.28
555.69 767.54 1080.92 1683.16 1831.18 1356.68
782.94 1041.31 1367.98 2198.9 2845.21 2581.78
568.98 814.47 889.63 2841.07 2360.34 2048.05
586.08 796.72 1040.24 2005.57 2155.48 1872.98
367.73 460.59 580.79 976.97 1403.59 1316.41
594.05 771.4 988.37 1682.13 2336.59 2190.81
396.98 598.43 560.0 3299.19 1605.32 1204.41
662.68 878.71 1185.74 2004.61 2646.68 2325.0
579.78 753.97 964.77 1904.68 2484.36 2295.49
260.04 315.54 387.39 624.2 879.21 827.1
807.86 1109.42 1552.73 2640.15 2795.05 2214.94
585.95 754.63 972.99 1691.99 2463.98 2304.98
953.49 1415.14 2110.9 3123.96 2924.99 1908.34
484.83 621.51 792.22 1247.44 1742.55 1648.69
556.36 890.12 1047.92 3975.38 2074.78 1257.05
520.09 763.57 997.48 2221.32 1535.48 987.92
806.41 1190.26 1771.16 2640.21 2640.24 1828.32
938.66 1359.63 2017.22 3107.8 2960.27 1936.24
696.74 912.69 1188.37 1981.93 2773.21 2568.85
847.01 1270.18 1874.57 3146.41 2561.42 1610.29
332.78 443.23 589.77 913.35 826.52 637.12
842.71 1207.73 1741.28 2683.82 2980.29 2301.22
831.0 1158.66 1577.99 2575.56 2782.86 2204.89
575.31 740.79 953.53 1676.58 2417.58 2260.72
826.47 1150.36 1564.7 2555.24 2782.1 2217.17
666.14 871.69 1119.74 2020.83 2690.48 2510.75
351.58 469.35 613.81 1114.48 1140.01 933.72
432.98 551.25 698.95 1092.84 1521.25 1440.03
220.15 261.83 315.77 493.57 685.03 645.9
546.26 828.66 866.9 3671.64 2109.97 1545.87
650.82 876.53 1211.22 1894.94 2236.63 1850.8
596.23 843.4 1036.8 3101.63 2482.42 2004.82
649.27 924.28 1227.52 2768.5 2219.71 1700.62
808.96 1125.42 1573.64 2511.28 3071.4 2437.76
242.52 342.67 364.44 2017.69 1088.07 829.75
854.75 1208.33 1780.27 2770.06 2806.79 1983.57
294.17 492.0 485.73 3428.58 1702.22 1219.14
637.97 866.51 1161.41 1852.44 1993.74 1632.86
491.97 633.79 804.33 1330.75 1783.49 1679.99
214.93 254.79 306.38 476.45 659.58 622.16
655.75 855.19 1107.19 1840.35 2598.75 2428.81
749.45 1032.93 1438.29 2255.45 2612.93 2075.83
415.84 618.71 670.96 3441.66 1960.76 1535.5
427.09 543.35 689.1 1120.77 1579.14 1486.24
323.11 557.44 529.61 4438.26 1483.7 787.42
342.03 428.06 535.91 855.33 1194.51 1125.77
357.7 571.92 529.39 3789.26 1692.76 1258.05
683.61 904.01 1151.23 2296.53 2685.53 2485.08
779.29 1075.16 1486.32 2343.83 2816.08 2356.92
476.79 631.39 852.25 1382.13 1709.59 1448.78
742.76 1012.57 1402.21 2288.31 2942.05 2394.71
598.83 776.14 998.41 1656.74 2355.78 2214.11
535.18 686.12 881.49 1525.46 2218.91 2077.2
528.38 685.3 868.42 1759.08 2231.05 2060.66
297.56 457.63 469.9 3390.58 1617.16 1165.57
444.05 608.88 721.93 2424.77 1932.85 1653.85
865.95 1194.07 1707.28 2664.06 2889.52 2211.72
794.28 1065.73 1442.08 2329.12 3102.25 2680.86
586.97 769.18 999.09 1588.63 2079.16 1903.68
765.77 1007.43 1315.08 2105.57 2939.3 2730.68
239.02 416.73 311.04 3965.17 1317.34 849.41
671.74 885.91 1119.94 2101.57 2694.23 2501.91
675.54 904.64 1216.84 2025.85 2661.17 2346.72
800.6 1113.34 1569.25 2501.07 2345.02 1744.91
345.85 458.84 542.16 1895.26 1493.34 1291.44
170.35 328.79 212.93 4436.91 1169.43 650.73
884.33 1256.23 1734.22 2814.41 2791.75 2060.54
649.47 853.08 1090.52 2104.23 2645.14 2452.19
227.62 271.89 329.18 518.03 721.39 679.84
536.35 825.11 1118.14 3655.5 2024.46 1179.29
747.68 1037.12 1446.21 2366.35 3022.49 2453.9
430.62 645.38 616.46 3528.4 1852.83 1419.9
174.05 379.62 183.29 4588.44 1136.13 574.75
118.56 302.14 147.65 4551.14 1250.68 548.13
639.25 863.2 1048.68 2306.09 2595.73 2369.22
187.74 324.79 281.02 3804.25 1281.91 821.8
562.3 722.63 930.18 1614.27 2350.92 2200.38
604.0 783.28 1004.62 1888.15 2578.27 2397.58
774.46 1105.91 1572.33 2770.38 2871.49 2106.71
312.2 385.8 481.07 795.08 1133.21 1064.12
481.65 617.31 787.36 1291.04 1825.87 1717.47
676.59 890.35 1148.96 2050.6 2721.0 2513.19
790.7 1055.51 1406.16 2254.63 2820.84 2521.49
590.21 821.15 1070.13 2631.45 2409.4 1961.36
347.31 557.14 596.83 3834.03 1718.36 1125.53
145.21 255.99 191.66 3570.22 1020.19 581.48
401.78 592.64 638.24 2238.04 1517.25 1160.12
751.71 1024.92 1421.59 2316.96 3061.77 2478.28
241.19 291.33 353.96 520.97 702.62 668.18
683.9 954.26 1329.78 2136.1 2270.6 1663.43
491.23 670.34 937.09 1439.05 1705.42 1276.76
491.46 630.6 805.03 1321.65 1870.23 1759.05
580.33 751.06 965.09 1598.99 2272.11 2135.69
670.11 936.27 1269.71 2461.67 2628.14 2170.96
406.37 618.84 622.25 3480.99 1824.03 1435.17
208.51 289.43 304.39 1842.41 934.7 724.19
760.53 1040.77 1422.45 2262.3 2778.71 2377.17
240.21 290.01 352.21 518.07 698.46 664.27
213.39 253.69 304.22 453.86 612.76 580.56
608.01 799.23 1012.5 1899.29 2402.69 2219.93
664.65 1004.18 1270.82 3768.33 2031.9 1207.46
607.73 787.95 1012.92 1850.63 2595.71 2416.6
214.62 329.85 298.74 2721.76 989.84 686.86
553.62 714.74 915.96 1452.56 2036.18 1925.55
573.74 853.26 1036.89 3351.02 2320.14 1697.06
260.64 436.58 392.21 3811.05 1566.22 1051.52
537.56 716.08 881.97 1922.69 2155.82 1969.74
580.58 829.49 1055.6 3139.15 2345.62 1815.38
793.26 1102.47 1532.1 2459.06 3111.37 2539.55
582.9 803.19 1142.4 1838.58 1929.9 1355.12
691.95 929.97 1259.04 2106.81 2805.69 2411.65
370.85 485.24 580.7 1473.08 1499.62 1349.66
335.38 586.98 479.0 4145.56 1673.99 1164.04
894.17 1301.17 2000.58 3089.05 2750.99 1620.09
319.32 508.02 465.8 3816.97 1701.16 1255.3
645.91 841.73 1088.54 1807.71 2556.95 2393.16
415.71 558.48 658.73 1850.33 1577.96 1400.5
434.89 703.15 567.05 4177.94 1810.2 1292.85
629.19 818.19 1068.78 1853.91 2629.57 2412.0
886.11 1257.28 1795.5 2801.67 3257.5 2428.66
443.2 586.42 719.25 1795.74 1790.3 1602.31
717.29 955.83 1269.24 2076.76 2800.89 2536.95
348.05 443.67 544.53 1066.95 1253.86 1157.19
703.13 952.54 1328.15 2194.13 2664.91 2201.81
925.83 1340.44 1875.51 3024.0 2722.68 1827.01
546.43 714.86 935.11 1596.24 2104.3 1903.01
649.18 844.24 1087.86 1737.5 2444.08 2310.13
383.37 556.43 617.72 3464.9 1831.46 1441.48
417.15 563.6 730.24 1451.06 1413.87 1135.17
743.93 1010.76 1416.2 2376.3 2645.02 2100.01
483.33 675.99 798.36 2923.24 2125.64 1783.86
655.34 852.73 1100.17 1833.07 2611.29 2453.57
860.34 1245.58 1808.84 2862.17 3368.74 2450.31
715.56 967.56 1301.25 2119.11 2612.36 2212.58
651.64 888.77 1106.41 2511.02 2551.16 2246.52
233.47 318.28 346.25 1628.51 962.97 760.61
734.05 1046.07 1469.67 2665.44 2614.96 2010.49
476.4 686.74 772.49 3011.6 2195.87 1824.03
458.96 607.18 801.09 1317.62 1511.58 1270.5
848.67 1228.13 1782.88 2717.48 2765.82 2005.94
222.28 275.66 316.98 727.25 664.27 601.83
404.63 621.07 617.84 3585.02 1835.02 1432.68
140.13 279.05 178.86 3884.22 1079.39 538.9
443.35 689.88 755.43 3899.64 1813.72 1239.11
370.7 513.02 726.22 1055.84 1032.97 727.7
373.7 565.0 564.73 3285.94 1813.65 1433.49
266.64 462.77 390.06 3704.41 1516.07 1001.41
628.35 816.07 1061.15 1857.5 2614.99 2418.07
919.59 1316.18 1839.27 2982.68 2498.36 1643.29
474.17 702.48 699.49 3526.15 1953.41 1532.52
597.61 770.19 993.59 1729.93 2522.84 2360.81
239.87 289.54 351.59 517.04 696.99 662.88
607.18 793.94 1026.16 1976.44 2558.36 2332.77
667.63 891.38 1195.28 1996.36 2643.98 2343.33
253.09 328.75 376.05 1119.7 873.76 754.7
415.97 528.27 669.06 1086.05 1528.83 1439.09
673.76 897.09 1130.12 2408.62 2654.02 2441.96
747.28 1112.58 1464.23 3756.66 2945.61 1931.42
923.47 1301.36 1930.81 2982.17 2884.03 1935.34
510.8 706.48 840.17 3097.61 2200.84 1882.8
268.36 473.3 345.07 4341.4 1515.38 938.3
326.45 404.99 506.65 841.74 1202.58 1128.84
463.26 679.67 805.21 3391.15 2118.46 1591.7
421.14 670.76 745.38 3663.72 1791.55 1225.03
586.9 859.03 1019.72 3190.85 2377.68 1910.07
607.02 785.77 1010.8 1862.16 2590.03 2411.99
429.49 705.69 598.61 3728.33 1908.22 1414.16
887.13 1272.34 1780.69 2876.14 2342.02 1498.15
313.11 388.81 483.34 735.44 1009.62 957.65
786.74 1118.51 1592.71 2482.54 2970.95 2261.81
706.56 985.26 1390.96 2794.36 2528.02 1863.08
417.31 598.76 672.47 3494.75 1934.26 1555.97
620.27 832.11 1041.8 2513.52 2506.6 2271.18
424.54 642.44 782.72 3596.28 1744.49 1199.57
387.93 490.19 617.92 958.51 1328.95 1258.73
735.63 1035.97 1548.61 2367.97 2174.87 1366.79
109.37 238.42 144.66 4141.81 1016.44 507.86
209.17 323.85 291.24 2162.57 983.99 690.35
349.26 553.93 528.6 3921.25 1753.15 1283.02
715.25 970.07 1352.02 2118.61 2467.31 2013.77
346.98 582.22 441.41 3236.08 1430.28 1032.43
320.38 441.87 485.0 1617.18 1187.09 1016.93
692.02 923.72 1210.5 2173.28 2763.46 2472.24
310.65 497.57 482.9 3723.22 1687.57 1197.28
726.35 999.22 1400.62 2263.14 2626.59 2101.49
499.97 698.34 803.54 2830.96 2146.08 1848.52
568.9 735.57 944.51 1563.33 2220.44 2087.26
753.82 986.69 1276.26 2063.09 2894.28 2732.68
925.29 1330.22 1955.38 3017.05 2961.72 2017.89
394.66 590.57 638.01 3282.68 1982.01 1539.12
228.96 280.37 331.94 719.28 771.74 701.21
901.4 1311.95 2016.6 3107.4 2762.76 1626.22
432.05 592.51 701.27 2769.93 2050.17 1740.11
268.82 413.94 422.21 3427.45 1534.79 1129.41
264.55 339.63 437.68 662.9 635.57 491.7
416.9 591.36 620.03 2479.77 1551.8 1278.91
564.49 771.87 1090.53 1795.26 1963.65 1429.51
435.51 585.56 707.68 2219.51 1840.97 1608.97
480.4 620.25 783.96 1410.59 1842.24 1718.78
563.97 821.85 955.3 3396.61 2232.67 1741.41
799.65 1118.32 1564.55 2438.83 2789.35 2261.3
916.8 1341.57 1963.65 2928.5 2846.9 1987.61
752.28 1031.98 1430.41 2279.48 2323.84 1842.1
818.84 1111.22 1525.06 2470.33 2992.53 2469.99
387.54 496.62 636.44 990.4 1297.19 1192.31
887.23 1268.83 1762.12 2872.33 2761.15 1969.92
758.22 1038.53 1405.88 2347.75 2567.42 2080.67
465.69 614.6 811.05 1264.05 1537.72 1314.77
508.95 654.2 835.61 1319.37 1845.52 1745.78
713.34 952.12 1220.85 2372.91 2747.72 2499.92
657.33 867.3 1116.58 2106.14 2651.06 2442.44
542.88 701.31 913.08 1569.24 2190.71 2009.2
386.24 487.98 615.52 993.28 1394.41 1313.11
492.12 763.4 948.1 3328.66 2066.45 1469.89
934.65 1331.42 1929.48 3078.61 2492.45 1615.04
733.68 958.76 1239.86 1989.46 2804.74 2650.19
444.13 563.48 717.98 1227.21 1775.56 1663.51
533.59 683.97 878.63 1520.25 2211.16 2069.97
767.83 1057.34 1459.46 2321.4 2873.19 2441.96
510.61 799.18 893.72 3757.99 2237.95 1594.49
632.8 822.04 1058.39 1688.65 2374.14 2244.19
545.0 753.46 937.96 2789.94 2210.82 1870.49
511.74 657.98 840.63 1327.69 1857.42 1757.0
591.09 767.2 980.44 1862.77 2518.53 2339.37
437.06 635.39 812.98 2395.03 1661.97 1166.92
564.19 766.34 939.1 2781.21 2349.99 2071.61
232.83 372.46 348.84 3803.51 1435.5 975.12
907.7 1288.49 1777.34 2859.59 2837.7 2104.94
519.01 672.9 854.8 1538.8 2022.88 1884.84
690.58 902.57 1171.45 1951.46 2754.91 2572.17
290.04 378.17 442.79 1426.32 1103.8 959.65
285.3 447.72 440.55 3617.99 1447.23 1064.47
511.0 695.13 858.49 2528.6 2224.41 1934.77
132.08 143.21 157.61 205.08 256.2 245.75
455.61 768.14 873.48 4186.95 1822.41 1017.31
414.16 694.58 634.19 4582.27 1677.56 914.81
388.44 557.36 611.08 3155.11 1877.95 1529.24
610.05 811.32 1058.44 1981.16 2267.22 2012.53
662.14 879.08 1163.5 1996.19 2563.39 2289.98
129.58 259.46 171.79 3766.59 1084.08 546.06
901.61 1274.34 1839.19 2861.13 3524.92 2537.89
171.27 387.88 177.73 4126.26 1063.89 529.39
408.97 540.24 721.68 1105.03 1372.43 1147.87
734.92 1084.38 1544.6 3164.42 2978.96 2093.11
581.3 787.68 958.02 2542.64 2444.32 2190.12
582.16 756.88 991.2 1707.5 2383.13 2164.06
692.39 902.8 1165.59 1866.35 2628.51 2484.03
164.18 373.67 202.23 4527.82 1334.78 672.9
969.45 1394.17 2055.2 3155.25 3768.16 2520.71
880.69 1275.12 1850.57 3148.04 2855.59 1921.91
110.06 113.63 118.11 131.39 145.48 142.63
350.87 529.22 542.95 3612.48 1715.56 1314.91
530.84 726.83 926.74 2427.56 2343.2 1978.28
493.75 733.79 715.7 3417.7 2071.33 1665.35
304.11 637.68 285.14 4955.42 1459.86 812.58
513.61 814.1 865.6 3423.53 1917.68 1277.21
765.64 1043.82 1419.66 2243.88 2912.53 2492.81
538.19 693.94 889.18 1467.47 2081.53 1957.08
745.81 1021.41 1422.85 2318.82 2759.21 2251.01
547.94 737.69 874.03 2241.27 2299.04 2060.86
692.35 936.02 1265.74 1974.81 2509.44 2204.87
859.56 1199.68 1716.9 2795.61 3008.47 2164.09
632.53 821.68 1057.91 1687.85 2373.0 2243.11
663.56 893.9 1178.5 2319.04 2608.82 2271.15
887.49 1244.71 1792.74 2922.9 3093.6 2175.06
495.71 667.15 810.21 2445.91 2204.04 1963.95
123.66 164.73 132.84 1035.59 344.95 231.31
574.65 775.12 994.45 2400.44 2421.44 2074.19
725.39 955.52 1222.55 2176.08 2803.42 2624.64
852.32 1217.79 1824.16 2845.71 2757.5 1834.01
855.43 1207.0 1702.72 2595.49 2867.17 2274.78
235.95 297.22 332.98 764.4 693.28 624.22
448.84 598.82 800.74 1265.41 1465.23 1190.12
721.59 963.59 1281.03 2086.6 2768.13 2492.49
385.23 563.78 617.85 3259.66 1892.37 1482.5
760.35 1027.28 1395.87 2255.81 2954.42 2511.41
308.63 523.25 544.75 4105.14 1741.17 1036.63
534.33 704.6 883.04 2108.25 2352.5 2124.35
243.85 293.74 358.32 571.18 800.39 753.55
599.56 809.41 1003.66 2553.58 2455.71 2191.42
650.92 856.55 1124.67 1953.28 2649.85 2383.96
402.98 534.12 629.29 1425.75 1511.63 1372.28
504.03 761.58 1014.15 2695.32 1974.14 1284.56
132.57 310.16 108.98 4581.65 948.44 395.78
204.71 405.15 247.65 4762.35 1324.88 755.76
511.13 778.49 899.59 2904.75 2006.87 1401.89
583.18 795.71 957.76 2514.58 2326.69 2084.86
396.31 501.56 633.0 983.52 1364.76 1292.49
564.28 725.3 933.73 1620.75 2360.55 2209.37
383.29 542.52 618.24 2847.76 1907.6 1545.98
492.09 691.83 808.52 3046.88 2165.59 1812.5
621.11 836.15 1015.25 2432.77 2506.98 2260.55
784.14 1104.4 1568.64 2459.4 2771.18 2176.32
580.44 752.0 981.5 1687.68 2386.36 2193.66
513.64 669.55 887.7 1491.58 1998.91 1781.65
248.24 326.76 401.37 1080.53 865.23 698.84
308.12 382.03 474.35 720.54 988.3 937.54
172.57 371.11 187.46 4920.13 1233.05 640.07
811.79 1094.19 1480.22 2338.95 3124.33 2686.81
153.11 286.21 220.71 3899.64 1111.98 640.72
538.15 726.8 889.17 2280.49 2156.86 1923.17
457.23 584.12 742.58 1165.16 1624.77 1537.64
874.36 1227.57 1752.2 2727.93 2943.15 2235.13
214.38 357.95 328.43 3722.58 1295.9 854.98
787.09 1128.18 1599.48 3208.74 2586.75 1744.46
241.55 357.74 358.15 2459.5 1131.43 816.32
214.1 374.63 292.79 4179.81 1311.54 826.94
751.0 1022.75 1437.96 2408.93 2646.04 2079.74
694.7 943.72 1311.48 2114.95 2697.45 2169.15
251.09 422.26 445.36 3605.35 1226.86 608.28
274.75 377.61 418.01 1656.78 1135.84 925.68
283.18 346.71 428.95 700.01 991.9 932.25
342.88 565.58 626.03 3560.51 1415.86 836.67
559.66 719.07 925.43 1605.62 2338.06 2188.38
273.09 547.4 239.43 5549.48 1179.82 465.11
507.35 652.03 832.73 1314.59 1838.67 1739.32
568.32 787.46 1079.34 1941.18 2107.23 1607.23
749.73 1035.07 1361.85 2666.37 2600.23 2172.39
290.91 440.84 466.18 3364.0 1597.66 1190.07
792.73 1089.77 1512.89 2414.59 2461.86 1950.31
564.43 754.04 1001.94 1671.57 1956.94 1656.32
800.85 1191.55 1779.7 3814.24 3436.09 2014.18
755.22 1021.74 1341.6 2414.25 2787.39 2428.28
814.59 1151.24 1635.42 2547.69 2940.06 2354.09
410.79 548.04 747.06 1171.62 1138.79 878.7
625.73 812.6 1046.85 1740.67 2477.4 2328.09
472.43 727.22 880.14 3325.83 2160.58 1565.01
562.02 735.93 981.66 1652.13 2202.85 1951.88
137.41 150.7 167.3 211.56 259.69 250.57
390.16 658.94 640.97 3971.2 1813.84 1249.09
767.71 1040.01 1426.81 2362.83 2888.57 2380.92
719.07 954.53 1272.67 2117.66 2899.77 2571.11
363.28 541.71 566.62 2938.81 1829.61 1442.44
155.35 175.01 199.57 265.05 336.27 322.77
660.01 922.76 1363.02 2093.71 2034.96 1364.4
534.48 699.49 917.5 1487.11 2021.52 1814.24
383.48 502.48 678.8 1086.02 1382.27 1121.04
478.34 710.57 719.29 3502.29 1976.87 1530.35
413.27 614.69 640.37 2868.79 1818.77 1487.65
493.18 667.47 913.26 1407.09 1703.69 1367.82
251.65 305.52 372.79 552.18 747.29 710.31
250.94 318.46 418.99 624.81 692.32 555.63
132.28 143.76 158.14 200.74 245.98 236.81
558.74 753.29 1014.05 1624.66 1917.09 1573.39
592.7 769.86 993.59 1644.04 2318.72 2165.86
681.82 903.02 1182.42 1998.83 2644.25 2389.19
815.31 1162.89 1697.01 2626.92 2623.39 1824.38
707.54 978.65 1376.38 2127.73 2564.64 1963.13
807.54 1106.04 1493.47 2412.38 2666.08 2268.11
252.75 442.33 385.99 3934.61 1606.14 1029.79
316.31 514.76 523.57 3344.63 1761.61 1296.3
695.27 923.99 1213.58 2134.47 2727.3 2458.74
697.93 914.62 1193.11 1988.5 2755.3 2549.61
619.15 843.76 1185.05 1942.96 2448.37 1903.56
422.68 686.29 772.03 4046.6 1710.97 1003.83
449.41 680.83 876.95 3102.83 2066.58 1322.55
660.35 887.62 1115.83 2367.16 2648.97 2418.68
567.8 764.71 944.16 2460.91 2414.94 2151.52
122.58 335.15 126.18 4811.82 1254.24 539.88
360.57 681.58 409.44 4593.17 1639.79 1053.39
914.91 1346.25 1993.6 2981.57 2885.35 1953.26
176.34 208.26 238.38 480.85 458.88 420.98
311.24 386.28 479.98 729.87 1001.65 950.13
654.92 859.89 1142.47 1965.7 2632.18 2355.07
689.32 1066.62 1469.19 3634.57 2469.35 1623.94
407.04 599.31 655.59 3258.69 1959.59 1553.0
480.21 612.07 782.76 1345.39 1951.23 1827.42
371.75 538.83 588.03 3070.08 1618.6 1324.02
688.19 898.25 1161.6 1943.62 2754.55 2581.98
830.62 1134.03 1559.9 2450.11 3116.5 2578.5
251.23 304.94 372.02 550.91 745.47 708.59
283.98 349.37 431.35 674.15 931.97 879.72
146.94 214.24 139.31 1251.54 352.79 200.98
610.7 787.83 1017.1 1772.82 2586.6 2420.31
514.84 672.88 881.14 1428.79 1906.0 1714.93
469.96 601.46 766.31 1254.56 1773.0 1667.93
679.3 945.42 1159.66 2919.13 2548.41 2160.34
748.92 1011.05 1286.12 2433.83 2778.7 2490.75
467.25 656.85 755.08 2714.93 2207.97 1873.02
481.04 616.38 785.41 1236.15 1726.39 1633.45
622.72 806.35 1045.51 1829.29 2625.69 2440.01
708.2 934.36 1202.36 2141.12 2731.8 2538.39
381.42 479.02 605.36 1021.79 1470.22 1378.58
297.1 433.07 403.15 2257.28 1065.21 797.48
718.37 956.28 1281.92 2103.3 2758.72 2451.92
892.2 1304.25 1919.81 2890.91 2865.53 1991.99
572.64 822.32 1017.99 3180.15 2456.1 1921.79
606.6 782.29 1009.72 1759.37 2566.6 2401.64
861.11 1248.78 1797.57 3322.48 2692.72 1682.08
720.06 957.55 1268.92 2087.77 2841.81 2551.11
722.97 951.81 1221.0 2180.0 2808.1 2623.93
394.99 527.8 716.65 1090.81 1271.91 1015.6
654.59 950.08 1372.76 2256.16 2485.79 1748.4
539.86 696.2 892.19 1472.68 2089.08 1964.15
342.77 527.17 526.89 3827.79 1664.02 1242.46
829.77 1196.91 1644.58 3031.52 2609.03 1829.14
938.27 1380.39 2050.9 3172.6 3229.43 2075.5
773.9 1024.54 1343.78 2153.06 2903.39 2659.71
311.39 410.48 474.25 1370.13 1116.68 985.17
496.05 641.27 812.44 1632.03 2083.6 1919.89
192.83 350.69 265.58 4199.83 1131.12 704.36
605.42 806.79 1008.11 2342.08 2502.75 2278.97
932.44 1325.26 1996.82 3086.72 2851.84 1789.26
619.1 896.05 1157.06 3091.5 2381.24 1856.18
330.47 429.43 515.51 1426.52 1261.82 1121.68
210.39 319.43 291.17 2629.07 1021.17 723.53
524.11 671.2 861.61 1489.19 2165.0 2026.89
223.38 380.34 314.2 3051.41 1239.71 813.22
634.7 869.47 1026.88 2761.38 2466.53 2186.79
170.18 195.13 226.4 319.02 417.36 397.43
966.32 1452.34 2195.48 3265.09 3160.65 2091.42
641.05 854.76 1139.74 1854.46 2468.88 2171.79
972.86 1411.98 2085.92 3238.01 3192.08 2053.26
573.9 742.23 952.45 1513.04 2122.76 2007.17
394.79 535.17 741.64 1148.01 1295.61 977.64
834.11 1164.57 1700.02 2676.11 2798.31 2026.93
780.28 1079.92 1494.18 2351.41 2784.08 2318.68
486.99 633.81 820.06 1335.28 1733.5 1569.33
121.37 153.99 135.95 929.6 325.79 228.19
571.17 868.2 1138.74 3762.13 2083.83 1250.65
876.8 1232.49 1761.95 2741.81 2944.04 2224.7
563.27 759.72 936.06 2480.72 2401.97 2134.92
514.57 724.87 821.9 2985.36 2237.4 1894.04
453.53 633.14 745.17 2809.14 2073.28 1735.37
637.71 834.21 1066.93 1905.86 2553.03 2384.05
821.52 1182.96 1646.86 2799.03 2279.51 1610.82
551.22 725.05 935.84 1661.6 2141.76 1942.04
681.75 888.53 1147.75 1915.5 2730.75 2565.52
615.52 826.6 1045.08 2283.22 2535.1 2230.47
458.48 585.81 744.83 1168.89 1630.11 1542.67
693.44 906.95 1175.98 1959.58 2762.57 2576.59
712.27 933.31 1202.13 2039.31 2737.88 2574.24
738.8 1043.95 1347.31 3076.1 2872.13 2246.72
601.07 853.88 1171.84 2216.8 2119.98 1550.1
337.71 652.55 321.63 5433.12 1379.05 677.83
540.07 696.38 891.59 1412.17 1978.36 1871.02
596.17 856.18 1153.76 3130.15 2484.95 1793.07
726.79 949.42 1227.46 1968.91 2775.34 2622.46
762.34 1140.74 1548.9 3578.04 2825.9 1839.35
709.65 939.26 1246.64 2054.99 2758.8 2492.13
377.66 477.38 602.98 932.45 1279.74 1204.15
461.1 586.34 748.46 1282.81 1858.21 1740.62
453.77 599.47 802.18 1279.8 1426.74 1198.3
520.09 750.87 975.03 3150.76 1950.47 1410.64
596.25 773.24 1005.26 1732.44 2477.43 2293.96
656.59 863.55 1146.56 1975.42 2690.32 2393.89
784.14 1051.0 1402.5 2217.79 2934.88 2653.21
262.51 443.84 401.83 3738.39 1648.99 1102.89
846.8 1182.21 1619.21 2638.77 2597.59 1975.87
450.53 723.55 626.97 3561.17 1874.14 1448.74
368.04 463.24 582.15 899.22 1244.08 1178.7
449.02 617.88 840.11 1318.46 1107.49 747.18
284.54 456.86 421.73 3942.56 1510.25 1063.62
298.02 537.26 547.49 4237.35 1469.29 729.81
695.02 928.42 1255.17 2096.13 2876.05 2469.62
358.91 516.47 549.37 2619.92 1517.69 1236.13
605.75 827.37 1013.11 2649.5 2510.77 2222.18
677.24 957.34 1389.12 2150.9 2159.33 1510.16
631.59 841.4 1140.59 1936.78 2469.56 2085.99
489.31 725.46 728.95 3003.13 2160.2 1806.0
634.0 861.46 1104.18 2699.42 2590.49 2230.94
219.28 347.66 338.05 2582.45 1072.48 693.14
681.96 891.52 1147.4 1970.02 2740.77 2568.2
622.13 879.13 1172.71 2804.59 2605.84 1963.36
518.96 715.89 854.82 3062.92 2224.12 1911.35
603.13 781.96 1006.14 1670.13 2375.19 2232.3
568.43 737.17 938.74 1792.36 2406.28 2231.39
490.8 645.91 804.84 1964.23 2140.26 1926.54
696.04 933.94 1241.7 2107.99 2665.53 2317.81
820.47 1135.17 1543.54 2522.83 2621.13 2073.31
691.03 970.74 1300.17 2726.04 2315.67 1832.65
459.32 586.97 744.06 1353.5 1861.86 1734.02
740.1 1024.82 1424.04 2227.85 2620.71 2159.11
599.31 807.17 978.05 2150.94 2411.75 2200.87
845.04 1197.77 1793.17 2785.61 2683.45 1760.13
492.15 667.79 810.3 2586.23 2136.74 1864.44
962.0 1398.0 2014.0 3173.0 2939.0 1816.0
69.0 191.5 59.0 4653.5 930.0 346.0
134.0 394.5 95.5 5146.0 1087.0 409.5
969.0 1403.0 2079.0 3181.0 3518.0 2279.0
155.0 368.0 123.0 5163.0 1156.0 447.0
89.8 263.8 87.2 4769.8 1060.5 381.0
971.0 1390.0 2115.5 3245.0 2879.5 1707.0
122.0 299.0 89.0 4632.0 914.0 354.0
72.0 203.8 71.8 4231.5 957.5 341.5
907.5 1325.5 2047.5 3151.5 2757.0 1579.5
948.0 1357.0 1978.0 3155.0 2462.0 1531.0
56.8 180.8 53.0 4412.8 873.5 325.0
119.5 322.5 80.5 4825.8 970.8 371.8
948.0 1376.0 2046.0 3146.0 2970.0 1921.0
911.0 1341.0 1922.0 3127.8 2196.5 1320.8
985.0 1493.5 2276.8 3372.5 3183.8 2033.8
76.2 218.5 55.5 4643.8 764.8 282.8
962.5 1390.0 1954.5 3151.5 2480.0 1527.0
959.5 1435.2 2145.2 3160.2 2832.8 1787.8
88.5 243.0 63.5 4918.0 903.5 321.0
978.0 1422.0 2105.0 3266.0 3199.0 2037.0
79.2 209.2 66.0 4931.0 970.2 374.0
222.2 574.0 104.8 5481.0 1198.8 463.2
992.0 1434.0 2127.0 3253.0 3849.0 2515.0
980.5 1432.2 2016.0 3245.2 2807.8 1800.2
966.0 1422.0 2112.0 3259.5 3477.0 2237.5
109.2 304.0 68.8 5231.2 1052.0 412.0
978.0 1434.0 2220.0 3640.0 4073.0 2397.0
81.5 229.5 75.0 4588.5 1023.0 369.5
937.0 1353.0 2081.0 3198.0 2826.0 1629.0
924.0 1316.0 1970.0 3207.0 2671.0 1584.0
102.5 315.2 89.5 4914.0 1200.8 467.0
980.0 1467.0 2194.0 3388.8 3736.5 2446.5
955.0 1376.0 2056.0 3368.0 3193.0 1885.0
977.5 1462.0 2197.0 3231.5 2940.0 1846.5
939.0 1381.8 2053.5 3176.2 3230.8 2074.0
265.0 540.0 222.0 5608.0 1151.0 427.0
83.0 265.0 84.5 4714.5 1156.5 420.5
245.0 494.0 207.0 5231.5 1090.0 397.0
304.0 635.0 236.5 5868.5 1229.5 464.5
138.0 335.0 114.0 4964.0 1063.0 407.0
53.8 244.8 74.8 4340.2 1057.2 381.2
619.0 799.0 1032.0 1800.0 2627.0 2458.0
688.0 897.0 1159.0 1935.0 2759.0 2592.0
756.0 989.0 1280.0 2056.0 2900.0 2740.0
100.0 100.0 100.0 100.0 100.0 100.0
