251.64 367.59 328.35 1616.63 941.48 749.62
310.14 529.29 467.76 4005.92 1740.69 1189.21
149.85 198.12 190.55 1344.06 539.81 391.79
622.62 818.72 1044.98 2047.3 2530.03 2338.17
515.7 661.38 846.83 1510.19 2134.75 1993.25
744.26 1008.53 1363.38 2188.91 2774.29 2425.34
544.96 727.11 892.12 2298.3 2398.27 2160.87
609.17 793.88 1007.16 1927.02 2583.37 2395.76
357.7 447.08 562.77 944.11 1354.74 1270.83
722.93 988.15 1330.31 2346.68 2685.87 2325.42
647.74 847.74 1114.63 1918.36 2612.59 2377.03
860.14 1239.73 1747.97 2855.73 2324.8 1610.75
435.86 555.24 704.89 1148.13 1618.78 1523.4
101.63 132.58 100.78 794.59 264.08 158.43
843.04 1185.5 1656.44 2619.68 2763.2 2029.79
432.71 550.88 698.47 1092.05 1520.11 1438.96
647.26 926.53 1252.12 2693.96 2439.51 1773.99
573.08 741.23 952.02 1576.35 2239.3 2104.94
564.91 749.76 994.59 1594.4 2069.45 1845.15
535.12 803.63 1022.44 3646.15 1980.51 1294.74
763.3 1003.24 1307.14 2095.8 2909.84 2716.88
222.4 416.42 275.09 4408.79 1337.44 766.9
698.77 930.66 1252.07 2011.11 2472.74 2155.31
154.5 332.29 203.12 4463.19 1244.21 620.14
119.63 249.89 162.41 4120.81 1069.46 563.37
519.02 712.24 872.81 2623.07 2257.82 1936.35
432.03 642.12 671.23 3071.12 2030.2 1667.71
400.09 592.81 614.72 3306.9 1820.49 1453.58
814.06 1140.66 1562.94 2579.8 2724.56 2103.07
757.3 1067.48 1460.86 2718.42 2672.06 1987.59
460.4 688.68 747.75 3598.85 1944.81 1477.39
574.72 761.16 1009.14 1637.53 2165.56 1918.31
249.28 411.51 357.03 3973.01 1425.85 968.68
406.05 528.85 702.99 1131.52 1515.55 1284.84
732.72 999.23 1327.75 2425.54 2688.86 2306.26
670.16 888.8 1191.18 1882.97 2397.07 2117.27
830.3 1172.74 1731.22 2882.96 3478.07 2422.1
374.6 498.93 581.75 1731.91 1555.25 1362.17
268.59 464.98 369.23 4240.12 1470.1 974.46
375.21 562.28 571.38 3440.85 1873.81 1479.57
191.15 234.34 300.8 418.76 491.97 371.21
205.96 243.63 290.84 430.69 579.18 549.09
504.16 708.65 812.73 2981.94 2216.82 1899.59
759.82 1000.62 1305.74 2091.94 2911.87 2711.22
719.22 985.05 1360.57 2515.87 2647.5 2136.61
577.18 782.96 959.24 2815.63 2390.11 2114.85
935.56 1387.74 2058.23 3052.15 2826.29 1858.72
789.95 1097.53 1521.42 2484.29 2782.5 2138.03
600.96 878.07 1217.65 3036.61 2065.78 1317.04
401.57 578.73 665.3 3050.83 1806.22 1445.41
360.51 450.86 567.81 953.31 1368.41 1283.59
445.17 597.48 720.63 2394.57 2011.42 1755.76
690.46 912.17 1184.25 2059.36 2689.22 2471.82
661.0 898.8 1185.77 2373.0 2451.99 2051.39
628.38 816.28 1051.93 1749.21 2489.02 2338.23
602.35 777.45 1002.36 1756.25 2545.65 2379.14
605.59 796.26 1059.69 1813.61 2430.04 2138.69
865.82 1199.48 1679.23 2684.59 2649.48 2048.49
643.02 894.23 1112.38 2815.87 2462.1 2041.5
502.92 764.59 846.39 3477.24 2091.09 1603.11
634.94 860.89 1051.6 2625.64 2540.16 2282.99
359.9 450.03 566.71 951.3 1365.43 1280.8
659.06 902.01 1253.23 1975.18 2447.21 1937.62
801.45 1168.42 1660.44 3012.88 2962.77 2022.2
831.4 1131.17 1550.59 2438.41 3203.18 2668.12
828.76 1154.56 1677.1 2767.65 2657.26 1856.92
665.65 872.62 1118.17 2046.19 2689.84 2507.35
235.45 283.59 343.95 522.7 712.51 674.04
630.03 908.81 1179.74 3134.45 2383.5 1794.23
429.53 672.51 742.25 3590.39 1896.38 1300.61
116.55 311.14 82.68 5181.74 1074.7 441.49
647.22 860.14 1153.6 2013.74 2583.02 2222.21
275.84 409.51 415.5 2804.22 1212.56 939.25
655.17 937.77 1420.94 2178.56 1963.07 1188.15
441.37 579.39 747.25 1430.34 1725.9 1513.19
616.84 880.43 1264.12 1946.07 2251.16 1631.8
672.51 1002.11 1249.57 3445.14 2308.55 1574.53
247.98 594.04 161.56 5315.59 1280.96 573.16
496.24 639.65 829.93 1410.34 1978.8 1812.18
991.91 1433.85 2126.72 3252.62 3848.69 2515.02
705.02 927.65 1214.73 2010.48 2804.98 2573.04
384.31 499.08 608.94 1526.42 1571.96 1419.6
400.41 602.0 612.01 3500.78 1786.13 1401.78
255.57 311.14 381.06 565.91 761.08 720.36
191.96 224.63 265.42 374.21 492.53 470.1
662.54 966.39 1276.81 3512.86 2283.33 1517.02
906.58 1310.55 1903.39 2855.12 2927.19 2132.58
453.09 640.99 738.47 2989.75 2012.15 1660.01
512.45 686.1 842.28 2352.79 2309.02 2043.98
669.71 884.52 1115.07 2122.32 2686.16 2490.69
588.41 762.01 979.64 1624.2 2308.64 2169.93
862.37 1229.07 1795.83 3041.13 2769.1 1849.14
375.32 470.8 594.4 1001.8 1440.5 1350.85
489.88 731.77 705.91 3467.74 2054.15 1640.84
481.11 686.25 731.19 2896.56 1857.8 1532.5
216.21 257.49 309.04 446.51 596.02 567.68
333.2 416.03 519.48 795.34 1095.38 1038.5
314.87 445.64 472.93 2191.63 1276.61 1042.89
819.02 1109.79 1509.11 2416.73 2756.23 2343.17
589.6 765.18 997.72 1713.77 2458.01 2253.17
589.58 763.47 980.65 1559.79 2189.68 2070.27
763.12 1005.17 1309.49 2105.24 2867.68 2674.8
328.41 424.39 505.51 1246.41 1278.4 1153.39
902.36 1281.4 1863.85 2903.81 3555.33 2501.3
562.86 728.6 931.61 1745.49 2385.23 2213.97
439.7 590.97 803.54 1240.49 1491.67 1253.77
615.16 808.81 1057.51 1681.09 2292.69 2101.57
240.73 366.82 330.7 2545.9 1057.64 768.71
702.13 954.6 1315.27 2163.04 2663.88 2193.75
919.37 1311.53 1815.6 2921.41 2832.9 2056.09
656.42 874.87 1177.42 1975.54 2594.38 2253.17
683.91 977.27 1224.07 2874.03 2608.98 2090.88
454.05 614.3 738.71 2169.49 1834.77 1601.6
730.34 954.22 1233.84 1979.48 2790.47 2636.73
533.0 723.76 927.24 1991.26 1950.82 1658.3
372.64 469.55 591.03 950.84 1332.9 1255.47
362.29 455.51 572.38 918.53 1286.09 1211.59
634.26 824.16 1062.21 1767.28 2515.97 2364.24
695.11 996.78 1355.46 2552.09 2364.57 1802.39
524.2 681.44 862.08 1757.5 2223.0 2045.96
749.32 1016.67 1378.86 2209.61 2797.34 2434.1
783.75 1099.67 1611.92 2571.81 2701.24 1956.31
777.54 1143.5 1629.75 3599.23 2713.42 1587.62
518.55 669.94 854.02 1471.37 2008.54 1879.32
420.23 559.79 761.9 1180.62 1351.88 1096.56
816.14 1108.4 1494.27 2382.07 2911.38 2470.27
433.45 551.89 699.81 1094.26 1523.27 1441.94
104.84 106.52 108.7 115.86 123.58 122.0
484.03 620.44 790.79 1245.08 1739.17 1645.51
503.89 659.47 820.72 1822.71 2132.16 1946.35
812.99 1122.07 1568.22 2489.22 3096.61 2452.78
170.9 196.08 227.53 311.4 402.61 385.32
952.09 1431.05 2164.86 3231.09 3133.73 2071.95
106.69 109.01 112.02 121.92 132.58 130.4
887.81 1296.13 1905.53 2873.36 2861.69 1999.49
276.64 616.32 224.65 5131.7 1372.3 695.4
443.17 652.46 724.29 3291.77 2089.56 1661.81
743.28 1009.79 1389.36 2311.86 2564.67 2107.82
769.73 1110.66 1631.13 3303.77 2492.29 1537.06
945.35 1362.19 2008.26 3087.69 3457.8 2291.09
692.52 925.49 1229.44 2089.26 2595.54 2258.74
359.25 471.08 629.9 994.66 1244.02 1024.73
936.81 1340.63 1985.08 3248.1 3166.22 1963.14
953.88 1411.57 2099.23 3106.17 2935.74 1941.77
290.05 537.64 301.6 4951.53 1249.58 603.57
594.74 805.68 1000.42 2301.0 2353.26 2096.09
775.26 1080.84 1503.27 2441.79 2680.52 2021.93
578.96 776.37 954.48 2311.51 2380.64 2155.68
284.59 350.15 432.04 650.4 887.89 842.87
611.12 796.94 1020.67 1787.05 2431.26 2271.08
409.8 583.31 651.65 2613.51 1947.92 1618.45
338.56 421.3 528.41 881.43 1261.57 1183.88
604.64 783.88 1007.74 1604.7 2253.97 2130.88
628.59 829.59 1054.9 2168.22 2581.53 2378.62
141.55 156.31 174.74 223.89 277.35 267.21
669.45 872.9 1128.28 1802.81 2523.48 2376.64
819.68 1150.51 1578.24 2602.27 2727.37 2092.84
291.33 394.81 439.87 1864.01 1232.9 1033.29
182.44 211.03 248.04 370.03 501.39 474.55
638.73 836.29 1091.97 1883.75 2607.28 2379.01
321.09 449.57 529.19 1848.68 1332.26 1034.24
606.87 835.45 1199.54 1991.67 2462.74 1813.32
819.43 1153.56 1624.86 2589.36 3198.98 2526.51
247.2 299.51 365.1 559.36 765.63 723.83
199.86 367.46 266.46 4440.51 1236.59 724.58
589.79 763.89 982.13 1628.52 2314.9 2175.79
233.55 285.09 337.78 668.96 771.48 709.38
343.04 657.79 378.29 4561.07 1603.56 1015.47
64.67 255.98 93.38 4298.98 1086.36 419.08
806.82 1128.96 1639.98 2593.54 2757.92 2043.89
198.31 394.11 305.71 4295.73 1416.62 742.71
795.14 1072.34 1447.99 2298.35 2918.38 2531.53
549.72 801.11 846.05 2987.67 2295.84 1960.04
370.13 510.69 587.3 2086.07 1505.19 1268.0
776.53 1097.83 1585.84 2466.45 2543.24 1835.01
250.82 396.71 373.11 3935.58 1496.94 1036.55
564.5 757.98 1049.97 1665.95 1946.96 1585.33
480.74 769.0 667.05 4234.84 1873.24 1330.23
432.01 649.22 732.47 3143.5 2041.24 1622.99
845.16 1189.29 1708.54 2692.36 3202.74 2342.34
612.6 796.61 1038.54 1787.93 2546.29 2351.43
239.65 305.94 347.87 965.59 838.28 738.09
217.41 258.13 310.84 484.58 671.67 633.44
539.23 775.4 920.7 3021.95 2065.41 1605.62
253.08 307.45 375.36 556.45 753.4 716.06
473.13 637.78 902.79 1389.38 1448.03 1071.28
729.05 972.06 1287.1 2120.49 2785.97 2475.73
568.03 738.56 959.93 1696.23 2336.31 2136.96
720.43 955.24 1252.97 2078.71 2726.04 2466.19
653.52 865.87 1144.29 2077.65 2664.73 2338.37
897.21 1298.49 1897.9 2970.16 3308.49 2281.21
226.68 270.61 327.48 514.94 716.79 675.54
361.59 546.74 663.03 3149.62 1576.95 1016.98
722.7 944.31 1220.12 1968.12 2760.31 2606.78
234.19 286.84 356.16 534.21 697.08 629.39
713.93 978.02 1329.88 2431.63 2502.02 2032.28
683.35 892.17 1150.04 1957.86 2744.13 2573.15
802.28 1078.87 1431.17 2301.52 2805.87 2468.15
637.48 834.49 1089.93 1898.33 2592.89 2374.69
100.7 177.13 118.11 2533.33 632.78 326.05
495.71 710.33 751.18 3146.98 2111.46 1742.76
321.46 579.26 394.8 4831.81 1326.68 657.54
572.75 779.3 989.89 2385.16 2347.96 2025.86
897.32 1331.61 1966.64 3063.22 2754.3 1814.42
683.75 891.25 1151.35 1921.82 2739.81 2574.01
612.14 857.59 1129.12 2507.02 2386.63 1859.3
600.51 876.5 1162.42 3254.79 2449.9 1720.55
401.68 682.99 570.42 4731.79 1630.84 937.48
365.83 486.06 585.19 1565.42 1554.4 1374.26
701.92 923.15 1193.84 2056.1 2661.27 2474.06
275.33 337.61 415.39 622.8 848.38 805.61
376.73 475.09 598.39 963.59 1351.38 1272.79
285.75 407.21 418.67 1974.86 1115.71 902.23
557.07 734.85 923.68 1931.66 2253.7 2065.06
719.87 975.91 1342.89 2212.68 2732.16 2293.36
803.19 1089.77 1475.35 2306.42 2908.52 2549.65
586.44 777.89 1049.82 1645.21 2043.01 1768.1
613.37 795.71 1023.44 1630.72 2291.22 2166.01
368.95 462.23 582.97 980.96 1409.52 1321.94
960.34 1443.97 2183.99 3253.14 3148.53 2080.15
479.57 611.21 781.61 1343.29 1948.11 1824.51
546.21 762.5 1108.58 1784.5 1730.48 1080.02
606.68 782.41 1009.88 1759.65 2567.03 2402.04
950.32 1385.04 2128.4 3498.13 3961.51 2401.7
665.97 971.16 1372.98 2672.5 2210.07 1420.26
582.09 769.04 1001.38 1762.54 2138.83 1932.09
409.88 563.11 662.18 2525.96 1733.76 1466.93
409.18 519.07 656.83 1064.86 1498.13 1410.32
790.15 1153.5 1689.73 2637.75 3018.25 2109.13
711.94 969.5 1319.14 2134.43 2788.44 2375.58
650.73 877.62 1136.73 2312.65 2533.19 2210.58
319.79 400.53 502.37 793.7 1060.96 983.19
392.75 543.61 626.06 2407.92 1587.85 1364.76
828.9 1172.07 1729.36 2715.91 2757.72 1942.04
819.01 1144.41 1608.11 2559.18 3097.36 2424.94
509.95 655.67 838.34 1379.36 1953.86 1837.42
128.71 138.67 151.56 194.04 239.79 230.44
125.63 256.49 172.86 4092.9 1088.19 586.15
866.58 1220.49 1758.82 2764.45 3438.12 2495.83
350.24 617.95 405.67 4991.37 1454.63 828.54
492.57 651.57 869.52 1436.94 1929.97 1676.05
634.77 835.94 1104.89 1813.88 2434.1 2201.95
650.28 858.71 1133.55 1855.16 2535.88 2277.75
274.26 347.21 455.32 688.51 804.36 675.13
362.6 577.06 538.63 3767.93 1707.62 1276.29
893.38 1259.68 1876.57 2926.36 2823.82 1872.61
510.27 719.45 783.21 2969.62 2173.65 1834.18
776.54 1109.65 1540.01 2723.54 2723.05 2115.43
389.26 555.59 622.96 2991.85 1941.42 1565.34
237.09 284.63 346.18 549.03 767.47 722.83
928.51 1380.05 2064.21 3099.11 3103.01 2139.96
742.77 1023.2 1397.17 2397.0 2412.1 1927.48
461.66 680.47 808.62 2881.91 1572.56 1101.52
579.34 778.35 931.83 2312.3 2451.03 2206.98
815.97 1117.72 1533.47 2423.08 3008.4 2521.76
208.23 288.54 266.73 1242.0 619.51 459.55
861.4 1209.89 1777.48 2918.21 2661.97 1763.39
476.39 610.08 777.05 1222.29 1706.55 1614.75
553.45 710.72 914.29 1585.3 2307.86 2160.2
534.21 717.2 870.17 2357.77 2351.29 2096.44
686.36 895.58 1156.5 1946.03 2752.74 2583.25
492.58 628.73 804.98 1385.9 2011.46 1883.62
443.38 597.97 716.22 2314.5 1955.99 1728.7
539.55 768.96 1033.17 2603.6 1819.09 1229.98
413.15 537.05 698.5 1176.19 1446.22 1281.88
759.37 1042.23 1416.06 2534.33 2573.31 2100.98
303.88 376.35 467.19 736.25 1021.96 964.06
622.23 853.39 1120.29 2395.76 2460.56 2023.22
821.36 1123.77 1538.96 2430.58 3079.59 2583.6
660.51 878.45 1181.85 1894.68 2312.82 2007.91
326.17 462.06 506.2 2475.23 1347.81 1112.85
647.5 867.38 1073.96 2203.94 2609.72 2387.89
330.53 503.58 520.09 3498.97 1735.8 1282.06
382.8 483.31 609.32 982.53 1378.83 1298.51
518.72 748.87 858.92 3339.27 2220.84 1819.27
380.2 577.19 564.18 3530.77 1869.95 1423.04
797.41 1074.39 1444.07 2293.33 3013.78 2640.91
888.35 1269.38 1803.14 2878.18 2872.01 1953.85
159.02 229.38 191.1 1607.2 595.6 413.51
493.38 682.2 793.07 2543.86 1993.31 1724.35
241.63 454.46 223.52 4291.93 969.41 420.64
142.1 157.05 175.72 225.52 279.68 269.42
731.18 955.36 1235.35 1981.99 2794.06 2640.11
253.97 450.65 416.99 3581.07 1594.32 1078.97
596.64 794.75 998.13 2273.02 2369.07 2160.82
815.13 1145.91 1681.03 2805.23 3416.98 2424.67
676.84 881.87 1138.9 1900.17 2708.53 2544.7
190.93 223.25 263.76 383.76 511.18 485.36
715.07 999.97 1371.54 2616.98 2298.32 1739.14
718.22 1000.32 1452.08 2344.6 2494.6 1845.86
474.09 742.36 791.87 3373.36 1836.92 1234.38
325.94 406.2 506.43 773.7 1064.4 1009.29
817.42 1135.43 1600.52 2537.8 2864.03 2258.0
739.58 993.15 1356.74 2203.56 2757.82 2363.8
946.48 1378.25 2115.69 3478.45 3946.04 2402.36
669.42 984.13 1453.74 2226.78 2453.89 1621.66
622.25 804.52 1041.35 1813.4 2625.37 2448.83
97.97 135.67 97.3 1464.41 362.0 193.91
617.87 798.19 1030.66 1808.89 2622.76 2451.11
504.37 648.0 827.37 1305.71 1825.97 1727.34
974.08 1427.07 2207.04 3619.92 4057.22 2397.67
637.38 831.37 1089.41 1873.47 2682.4 2447.53
303.36 376.52 472.42 773.4 1081.49 1000.93
381.83 519.04 720.93 1096.82 1204.54 889.18
860.69 1208.68 1775.28 2914.93 2661.87 1765.43
629.74 819.51 1054.31 1797.15 2505.8 2348.85
936.94 1352.89 2080.75 3197.64 2826.02 1629.35
106.39 250.79 109.82 4485.61 868.39 403.8
572.98 783.01 1016.22 2269.24 2214.63 1827.32
576.56 770.7 965.21 2110.52 2394.22 2176.62
802.63 1108.19 1550.07 2468.92 2852.03 2296.16
576.56 811.6 973.87 2915.02 2410.75 2044.59
577.04 803.62 1106.92 1815.18 1661.51 1254.81
714.19 990.08 1351.48 2552.16 2848.31 2246.31
834.41 1182.8 1677.94 2663.93 3249.11 2519.05
594.5 797.9 978.61 2277.27 2328.5 2108.11
873.81 1232.79 1780.03 2792.59 3461.79 2496.94
198.43 414.11 264.26 4494.46 1450.23 800.66
741.79 973.26 1255.37 2100.16 2856.17 2685.77
437.89 557.99 708.54 1154.46 1627.96 1532.0
868.17 1221.44 1748.89 2733.92 3245.66 2391.31
171.47 269.66 244.61 2633.54 905.51 596.02
394.31 496.39 628.51 1064.03 1533.0 1437.16
260.67 395.94 365.86 2603.39 1127.04 812.27
208.2 245.72 294.3 454.4 626.81 591.58
641.63 880.2 1208.12 1966.47 2234.51 1746.37
294.9 475.95 417.57 3657.13 1453.43 1032.21
592.91 768.11 987.74 1638.24 2328.98 2188.99
114.06 119.06 125.33 143.89 163.6 159.61
139.31 153.27 170.71 217.21 267.78 258.19
683.69 899.35 1161.94 2031.9 2727.71 2527.86
896.78 1278.36 1862.95 2896.03 3334.14 2315.94
335.48 576.31 401.44 4558.2 1430.89 845.32
546.31 736.92 904.61 2632.29 2342.67 2075.78
420.57 614.46 653.44 3209.28 1887.27 1534.58
777.69 1040.41 1386.57 2208.03 2924.09 2614.01
843.74 1163.2 1592.63 2531.76 2916.61 2346.44
534.42 733.3 1034.64 1607.01 1999.29 1478.58
619.56 799.95 1033.64 1802.17 2628.83 2458.09
958.01 1392.8 1954.77 3155.28 2796.55 1841.13
264.17 329.1 393.72 782.44 870.74 800.99
308.36 382.36 474.79 721.26 989.32 938.51
551.05 707.49 909.98 1577.43 2296.16 2149.29
450.68 628.62 932.27 1410.66 1281.04 795.59
590.46 784.12 975.73 2119.23 2398.56 2190.0
382.31 598.96 592.36 3956.25 1832.61 1357.8
111.71 115.87 121.06 134.91 149.97 147.11
261.55 342.42 442.64 903.43 770.2 559.01
726.15 955.17 1226.24 2169.61 2806.26 2632.12
192.5 447.56 207.8 4806.95 1263.55 639.95
221.71 288.67 298.74 1063.26 720.73 604.91
642.19 850.43 1131.23 2073.23 2729.29 2391.84
824.4 1173.84 1754.99 2762.21 2719.55 1832.55
530.74 741.68 1049.6 1596.51 1773.99 1383.65
406.5 602.14 787.3 2344.87 1481.32 872.67
715.38 944.68 1197.38 2148.97 2737.37 2557.6
206.43 344.19 306.85 3458.5 1326.49 846.32
152.54 229.14 197.74 1967.65 714.83 453.04
451.84 625.06 904.8 1444.63 1372.95 834.98
494.6 631.45 808.6 1392.51 2021.28 1892.79
234.66 378.69 361.66 3862.11 1423.79 938.37
435.94 555.34 705.03 1148.38 1619.15 1523.74
545.67 700.23 900.31 1559.79 2269.94 2124.82
169.51 194.19 225.03 307.24 396.67 379.72
737.03 992.7 1332.78 2179.09 2923.12 2567.57
690.09 1025.97 1447.04 3463.54 2402.16 1463.89
780.26 1077.1 1486.02 2394.34 3067.85 2546.03
768.07 1012.14 1323.88 2125.09 2872.46 2663.99
634.4 825.44 1078.92 1871.85 2652.93 2431.74
824.47 1142.1 1554.49 2539.79 2620.29 2062.53
486.93 720.89 922.36 3324.14 2130.45 1533.91
607.09 844.75 967.31 2981.39 2372.54 2057.21
895.97 1298.7 1900.17 2963.44 3149.93 2162.79
655.6 865.32 1149.99 1955.29 2661.74 2373.93
643.39 856.54 1073.37 2193.54 2624.38 2416.27
119.62 126.6 135.34 161.24 188.74 183.16
668.32 873.71 1131.35 1892.24 2632.72 2451.85
293.66 479.53 414.86 3783.32 1541.9 1060.09
805.71 1136.78 1542.0 2763.69 2673.98 2054.02
103.47 118.82 102.72 486.69 182.1 134.23
754.62 1052.62 1531.46 2453.37 2631.51 1947.83
403.26 517.82 680.83 1116.78 1459.15 1288.99
250.32 443.35 328.36 4225.18 1428.21 885.92
346.15 433.58 542.77 833.94 1150.63 1090.6
422.15 585.58 638.59 2366.91 1742.43 1469.49
652.77 942.35 1258.82 3048.19 2633.43 1966.8
318.43 500.16 580.52 3552.52 1662.22 1079.02
448.13 633.0 730.28 2984.46 2072.41 1713.0
375.09 472.8 594.83 920.24 1274.16 1207.07
434.42 603.43 703.36 2757.6 2076.17 1740.79
589.75 780.36 998.47 2019.48 2478.92 2227.54
592.19 768.54 986.29 1827.65 2508.17 2324.79
174.67 372.89 282.24 3947.04 1374.39 787.2
236.15 284.54 345.21 524.89 715.69 677.02
450.55 594.25 776.79 1248.67 1509.92 1306.11
511.81 682.96 841.37 2214.22 2031.43 1822.08
776.69 1029.24 1360.69 2192.43 2930.47 2651.09
547.2 761.75 887.75 2904.39 2245.92 1954.19
681.45 1011.6 1351.31 3533.1 2246.45 1447.47
172.14 367.93 179.15 4739.44 1174.0 552.57
538.28 712.67 886.78 2222.93 2350.06 2134.51
380.3 479.86 604.21 935.79 1296.42 1228.05
233.06 329.23 326.7 1487.16 865.64 696.45
487.93 743.9 857.24 3794.9 2000.67 1352.99
598.5 780.88 1003.79 1957.47 2541.63 2340.27
266.73 325.99 400.29 620.32 853.97 806.62
557.57 850.58 858.55 3858.2 2142.31 1615.15
657.39 855.87 1103.9 1764.12 2474.32 2335.99
673.76 896.47 1205.31 2026.91 2670.6 2346.84
538.63 710.62 892.04 2173.54 2376.31 2153.06
419.92 533.63 676.18 1098.39 1546.71 1455.85
500.59 654.49 821.5 1582.87 1879.63 1736.16
938.31 1340.56 1950.13 3115.08 2466.86 1558.31
601.91 803.26 1020.08 2304.75 2456.68 2211.82
286.82 407.43 451.63 1828.71 1249.55 1016.42
253.12 307.54 375.77 577.84 792.42 748.93
540.19 696.65 892.79 1473.71 2090.58 1965.56
362.32 551.39 542.13 3488.41 1792.4 1363.52
358.39 500.66 567.49 2354.89 1530.22 1252.22
502.58 672.32 827.64 2317.51 2271.67 2007.54
637.65 900.96 1159.03 2889.09 2458.99 2017.22
894.53 1268.9 1835.18 2850.78 3316.85 2361.95
901.67 1285.35 1791.15 2912.18 2506.03 1691.86
731.74 992.98 1334.79 2243.59 2578.75 2152.42
589.48 792.72 982.48 2401.87 2479.27 2227.86
751.58 983.35 1271.95 2051.55 2882.61 2722.5
472.37 645.26 772.83 2454.36 2047.9 1769.38
663.83 869.8 1116.34 2025.11 2688.32 2503.7
244.6 487.36 404.59 4556.19 1580.51 800.83
197.13 341.28 348.99 3503.2 1026.54 506.39
648.58 857.32 1142.42 1806.2 2342.39 2092.37
437.59 554.67 706.23 1205.78 1743.71 1633.78
311.63 386.8 480.68 731.02 1003.3 951.68
630.2 818.23 1066.13 1852.26 2645.87 2438.9
472.68 714.55 685.08 3816.63 1896.46 1440.94
299.63 368.87 458.49 753.91 1072.01 1007.01
596.64 819.89 956.62 2728.31 2411.7 2124.4
656.17 944.24 1274.44 2920.98 2372.84 1835.12
772.75 1064.34 1491.95 2406.67 3018.42 2379.37
537.31 688.98 885.31 1532.43 2229.27 2086.87
834.67 1156.99 1605.67 2473.48 2914.21 2422.67
210.74 358.74 323.15 3893.9 1319.67 856.71
794.15 1064.84 1405.77 2263.37 2882.62 2576.21
693.6 927.11 1259.36 2148.15 2752.67 2330.77
280.83 479.84 392.08 4253.78 1558.18 1058.44
471.47 650.99 887.22 1396.06 1174.37 792.07
509.13 654.44 835.93 1319.89 1846.27 1746.48
676.66 881.47 1137.28 1819.42 2561.33 2420.69
540.26 744.36 982.76 2119.71 2076.4 1694.88
94.09 219.21 103.38 4523.34 1007.41 442.34
888.21 1256.57 1739.21 2822.27 2555.51 1815.23
695.53 907.79 1173.3 1878.56 2637.14 2486.7
672.83 880.66 1137.4 1931.73 2662.41 2482.67
229.39 316.0 339.4 1712.76 967.13 751.58
472.52 691.83 696.85 3375.64 2016.27 1617.63
441.77 664.29 771.98 3008.8 1954.12 1462.73
167.21 251.95 219.98 2205.95 745.79 524.07
726.81 957.22 1227.74 2174.91 2819.4 2636.64
572.46 740.4 950.91 1574.44 2236.53 2102.34
153.07 171.93 195.57 265.6 339.97 324.9
822.29 1155.08 1585.35 2612.7 2728.67 2088.09
642.95 868.94 1163.28 2330.93 2544.33 2137.18
338.64 527.89 498.55 3599.7 1620.19 1210.61
957.01 1424.11 2130.42 3149.69 2922.11 1881.45
772.54 1021.27 1341.48 2146.17 2922.28 2687.61
300.57 445.04 413.9 1941.64 1183.39 943.55
493.01 686.85 810.08 3181.84 2144.38 1810.79
353.52 508.93 556.91 3339.85 1812.17 1433.07
465.38 681.0 781.2 3001.37 2137.32 1763.76
513.97 746.73 940.13 3157.18 2175.87 1636.72
869.32 1230.99 1780.83 2787.71 3264.25 2329.98
668.01 881.48 1160.74 1916.59 2510.11 2274.52
538.58 743.92 877.57 2785.9 2318.34 2029.24
534.88 689.34 882.25 1396.67 1956.17 1850.11
424.76 537.39 683.19 1163.76 1681.25 1575.5
442.63 561.46 715.28 1222.28 1768.24 1656.67
516.4 787.35 923.32 3654.19 1912.99 1307.75
156.4 300.69 220.88 3963.06 1197.19 637.46
532.32 786.67 998.66 3285.7 1987.32 1353.87
618.64 821.33 1032.25 2280.14 2544.31 2329.24
969.31 1391.22 2045.57 3137.92 3757.76 2536.63
196.22 337.28 272.13 3673.62 1082.62 708.85
698.6 911.21 1176.75 1884.84 2654.99 2508.99
704.7 929.59 1218.18 2018.13 2814.89 2583.68
608.32 789.0 1015.5 1686.34 2398.68 2254.31
882.6 1259.34 1804.1 2727.84 2922.86 2229.33
427.26 551.77 721.28 1165.53 1484.49 1321.09
520.58 732.79 837.76 3012.52 2162.56 1854.03
525.83 723.02 826.49 2654.8 2244.13 1944.59
642.46 835.14 1075.77 1717.47 2415.4 2283.09
415.46 527.51 667.45 1040.62 1446.49 1369.55
510.77 715.9 822.26 2911.07 2212.48 1887.9
631.63 874.43 1272.41 1958.98 1984.33 1403.33
479.84 686.32 726.23 2934.86 1918.38 1586.8
690.04 916.33 1224.69 2033.46 2768.51 2436.7
380.82 561.89 597.67 3463.48 1808.25 1428.35
721.02 956.23 1269.92 2112.2 2812.67 2504.57
317.25 394.41 490.79 747.78 1027.29 974.3
447.49 701.62 837.61 3398.73 2131.27 1531.57
390.51 619.38 664.42 3772.84 1759.4 1185.07
620.6 818.73 1081.65 1763.34 2424.4 2163.37
105.31 107.2 109.57 116.58 124.02 122.51
397.22 633.25 600.8 3620.37 1881.41 1446.46
475.08 640.75 781.39 2468.84 2178.13 1911.98
445.16 637.28 713.41 2984.74 2049.7 1674.12
786.29 1108.56 1570.48 2536.27 3141.15 2452.67
151.7 170.08 193.12 261.35 333.8 319.12
914.18 1359.12 2035.94 3068.23 3076.06 2115.88
152.09 288.84 196.44 4508.23 1193.91 655.4
265.49 513.77 347.92 4383.87 1483.85 927.52
786.27 1047.83 1393.54 2215.86 2987.82 2674.49
886.05 1266.75 1758.9 2867.59 2760.56 1972.07
453.45 655.73 714.42 2980.81 1916.88 1598.08
664.48 878.24 1182.03 1999.95 2655.46 2339.43
944.31 1340.23 2011.8 3097.42 2882.04 1835.21
732.23 965.42 1238.13 2169.5 2835.22 2649.76
234.51 282.28 341.95 501.06 674.12 641.31
936.43 1366.15 2010.62 3118.6 3400.62 2275.21
779.78 1035.22 1369.21 2181.61 2969.0 2688.53
464.72 633.34 746.56 2013.23 1880.05 1671.69
727.47 959.13 1226.24 2180.13 2813.54 2633.86
270.16 387.3 472.18 1548.36 903.19 631.62
732.88 965.17 1237.89 2157.1 2839.89 2659.6
576.75 807.31 958.29 2872.05 2423.92 2091.07
522.57 736.56 877.95 2708.72 2259.29 1944.49
142.95 157.85 177.13 240.69 309.13 295.14
632.84 827.32 1078.52 1898.68 2590.9 2377.31
900.24 1316.56 1877.42 3053.38 2245.35 1419.34
686.07 961.63 1407.02 2278.62 2706.93 1880.46
783.21 1082.38 1523.22 2447.92 3045.03 2374.02
787.45 1116.85 1471.84 2885.42 2672.36 2096.1
277.48 529.63 286.5 3749.39 1274.5 788.11
721.27 1074.92 1396.49 3515.95 2450.38 1733.59
114.13 119.14 125.41 142.12 160.3 156.85
671.04 896.23 1202.12 2007.87 2658.45 2355.58
428.16 602.17 703.7 2955.02 1982.81 1658.76
551.31 744.8 908.49 2461.31 2204.77 1972.18
753.1 1019.94 1382.17 2245.17 2927.14 2508.98
285.7 485.92 394.62 4150.59 1518.44 993.76
763.03 1043.47 1462.7 2350.81 2758.32 2245.92
630.43 853.29 1172.77 1931.33 2084.43 1689.99
593.82 861.99 905.6 3423.91 2300.63 1923.56
282.32 345.55 427.4 697.2 987.71 928.34
704.76 1013.4 1430.01 2786.43 2655.55 2032.89
376.84 476.34 597.23 1130.97 1472.57 1367.14
862.46 1225.47 1819.35 2825.84 2799.51 1924.48
739.13 978.86 1264.82 2149.83 2777.22 2560.16
621.22 818.45 1042.07 1979.51 2524.28 2336.49
718.17 955.07 1235.07 2189.92 2791.95 2564.09
281.59 486.31 388.01 4001.56 1480.66 1004.84
178.53 312.48 252.77 4085.25 1267.95 766.59
653.38 862.81 1136.78 1956.32 2576.32 2324.12
736.69 1022.61 1367.01 2607.34 2726.3 2289.57
799.64 1088.1 1460.75 2357.76 2701.94 2340.44
630.27 874.03 1009.08 2965.55 2452.14 2147.72
312.76 482.16 480.2 3654.23 1624.81 1196.48
420.88 592.68 661.15 2761.95 1948.84 1643.19
766.51 1026.42 1380.59 2248.23 2825.33 2494.3
163.66 186.29 214.66 298.68 387.89 369.81
520.64 675.27 878.48 1432.67 1947.94 1785.2
415.9 530.84 680.11 1144.23 1561.71 1430.63
662.52 887.85 1110.03 2356.78 2632.42 2406.82
756.46 1045.19 1489.24 2412.8 2988.87 2265.25
322.9 438.39 469.72 1701.06 1228.73 1038.63
927.55 1336.89 1911.75 3022.91 2900.98 1885.42
739.65 1084.71 1579.62 2551.25 2794.09 1918.85
221.78 409.51 359.28 3585.24 1523.75 998.44
852.47 1201.53 1699.92 2610.6 3019.55 2442.5
522.48 682.79 862.2 1686.57 1973.74 1829.56
782.47 1075.11 1494.76 2377.49 2981.48 2390.66
542.75 734.57 900.8 2233.87 2081.24 1844.96
97.55 252.88 80.05 4872.94 931.53 355.3
938.63 1339.03 1943.92 3101.35 2483.38 1590.02
539.42 794.28 964.57 3295.49 2091.73 1527.52
788.62 1060.86 1421.99 2243.52 2940.43 2639.41
379.5 541.82 632.9 2287.98 1433.77 1104.73
189.93 384.8 307.52 3823.92 1422.49 855.75
557.99 793.71 931.91 2846.04 2360.12 2002.04
574.1 909.21 1190.78 3963.95 2224.07 1423.27
129.93 140.57 153.91 193.41 235.35 226.85
938.63 1339.04 1943.93 3101.36 2483.38 1590.01
573.73 776.27 942.98 2479.5 2386.51 2140.17
153.74 172.38 196.51 276.03 361.66 344.17
607.82 785.24 1016.87 1767.07 2558.61 2383.69
808.77 1093.77 1468.03 2342.14 2909.99 2503.3
352.97 440.7 554.27 928.6 1331.69 1249.32
746.34 977.61 1263.08 2056.11 2860.37 2697.47
560.65 724.27 928.61 1473.53 2066.2 1953.85
631.54 828.99 1072.1 1906.35 2514.31 2314.85
369.66 496.82 692.06 1041.92 1262.33 909.91
115.19 120.46 127.28 149.77 173.97 169.03
783.01 1086.64 1537.49 2471.0 2797.99 2190.3
675.26 898.5 1218.16 2088.33 2853.59 2448.44
155.31 296.9 202.53 4607.68 1187.23 640.08
110.03 113.6 118.05 129.92 142.83 140.38
409.02 580.34 659.15 2831.11 1818.05 1480.6
810.19 1112.06 1504.45 2430.71 2654.05 2243.84
654.9 865.42 1147.54 1957.98 2737.32 2456.86
735.79 968.24 1248.49 2153.92 2837.79 2656.36
381.83 479.57 606.1 1023.14 1472.22 1380.45
377.76 532.54 605.23 3051.58 1882.67 1531.65
175.62 201.84 235.79 347.69 468.18 443.56
133.76 145.47 160.62 210.58 264.37 253.37
440.86 604.44 701.3 2128.22 1725.63 1513.67
934.29 1335.75 1957.58 3028.19 3659.93 2506.18
428.77 591.15 691.58 2903.37 2043.14 1723.59
369.73 498.28 701.87 1104.84 1095.96 723.28
870.73 1236.35 1797.25 3068.92 3040.29 2012.22
822.49 1118.11 1497.18 2408.73 2764.77 2349.44
556.64 783.82 1116.6 1672.79 1740.9 1293.85
212.78 382.12 321.33 4194.3 1133.45 661.9
409.0 551.83 660.18 2213.44 1737.07 1502.82
550.77 778.6 974.53 2638.55 2352.16 1978.47
233.36 374.95 360.46 3592.23 1424.2 994.88
408.47 552.09 787.82 1242.64 1092.3 713.31
124.35 319.52 97.34 5144.92 1096.68 469.07
393.3 652.35 756.81 4095.25 1645.13 860.3
550.93 714.45 912.1 1606.35 2155.74 2017.18
742.62 998.15 1358.85 2256.15 3006.5 2555.27
830.37 1148.63 1594.35 2511.25 3034.44 2469.34
644.11 883.9 1146.63 2688.13 2504.31 2135.99
871.7 1213.89 1714.03 2667.12 3235.71 2489.58
808.38 1158.35 1676.09 2613.65 2915.1 2238.51
785.32 1073.43 1463.7 2313.79 2994.5 2551.8
553.59 720.84 916.73 1904.22 2378.87 2190.94
289.36 417.94 424.83 1909.43 1161.84 943.33
762.4 1022.65 1374.36 2177.01 2779.69 2452.25
484.22 620.68 791.12 1245.62 1739.95 1646.24
464.22 590.54 754.05 1293.01 1873.38 1754.78
363.67 462.27 589.48 933.96 1260.45 1161.7
390.22 679.89 454.24 4754.88 1612.02 1010.16
243.61 431.36 317.46 4137.87 1294.95 811.68
933.06 1347.45 1931.14 3057.14 2912.67 1870.17
316.42 391.48 488.64 808.88 1153.73 1083.26
881.04 1241.04 1778.86 2765.87 2945.59 2206.62
752.03 983.78 1272.8 2048.46 2883.76 2724.15
674.13 933.55 1274.57 2086.9 2040.85 1538.2
703.39 924.71 1209.39 2003.25 2800.57 2574.86
443.71 591.71 794.5 1230.0 1479.14 1259.96
735.36 981.96 1318.1 2189.17 2835.98 2466.6
621.0 868.35 1219.7 1890.95 2281.05 1769.88
604.48 814.1 996.66 2440.84 2507.81 2255.87
381.67 675.44 432.64 4865.34 1574.08 956.03
903.4 1305.38 1903.02 2958.27 3166.44 2203.57
812.16 1135.51 1669.18 2649.16 2747.88 1954.45
664.75 873.13 1119.77 1989.48 2550.65 2375.95
307.71 552.66 349.34 4755.81 1314.56 683.69
575.86 798.22 942.66 2940.34 2385.3 2091.61
567.12 837.87 896.36 3686.0 2109.55 1627.71
463.32 625.83 768.83 1897.45 1725.13 1496.86
687.79 961.18 1181.62 2917.82 2508.02 2093.55
528.47 731.63 1001.37 1615.46 1473.77 1120.46
717.38 948.78 1209.13 2253.42 2789.7 2596.57
402.02 596.26 668.25 2879.2 1954.28 1579.82
561.65 725.62 930.41 1476.51 2070.46 1957.86
671.34 916.81 1259.66 2036.69 2495.02 2105.14
473.01 642.87 769.36 2564.88 2126.13 1872.95
873.35 1242.11 1871.03 2918.18 2786.17 1794.93
174.03 288.19 208.86 2421.11 785.42 498.5
717.54 949.26 1205.97 2254.81 2788.41 2593.28
516.6 730.56 927.14 2784.47 2251.52 1819.05
594.09 769.71 989.87 1641.94 2334.34 2194.01
619.31 913.27 1264.55 2703.52 2325.09 1555.63
145.22 161.29 181.44 241.12 304.49 291.65
585.27 761.18 969.43 1840.41 2487.89 2309.5
453.3 575.83 734.43 1257.23 1820.19 1705.15
758.11 993.35 1288.36 2068.09 2905.79 2734.95
385.83 487.35 614.15 952.27 1320.01 1250.3
613.0 804.61 1035.81 1928.23 2492.92 2265.56
642.24 874.94 1089.54 2290.32 2551.07 2280.18
602.29 785.15 1022.59 1760.53 2423.07 2214.22
387.5 487.22 616.29 1041.73 1499.85 1406.23
380.81 624.73 487.0 4362.17 1633.89 1091.46
615.02 847.16 1136.07 2362.56 2492.36 2036.47
345.13 544.4 572.85 3235.33 1838.95 1396.77
74.98 207.16 77.07 4220.38 966.23 352.4
170.96 323.59 226.42 4224.24 1073.67 640.46
871.21 1235.03 1756.97 2667.43 2920.81 2275.25
735.38 964.8 1253.4 2009.02 2787.75 2606.45
689.46 902.34 1171.68 1947.2 2743.63 2559.78
571.85 781.07 963.25 2535.43 2458.36 2146.36
116.7 122.63 130.07 152.11 175.51 170.77
501.05 722.03 799.54 3165.45 2127.26 1791.42
391.91 496.93 626.02 1051.36 1428.85 1340.85
490.18 750.98 820.95 3489.85 1711.2 1112.15
416.69 627.73 631.65 3578.14 1943.03 1500.14
754.65 987.17 1277.57 2051.98 2894.24 2734.57
834.83 1147.89 1594.5 2503.52 2928.74 2403.74
117.51 248.43 138.18 3817.57 983.03 447.95
150.08 328.66 142.08 4498.21 1005.52 465.02
384.1 574.05 589.47 3356.99 1807.64 1430.85
618.96 819.08 1079.75 1693.48 2228.37 2024.39
808.8 1093.24 1453.1 2335.69 2878.32 2518.97
367.65 486.18 597.16 1523.2 1485.23 1296.89
375.32 568.86 634.46 2997.49 1956.28 1519.66
723.42 948.43 1231.87 1969.3 2741.34 2571.77
546.45 744.61 914.0 2747.15 2259.8 1964.14
581.42 762.15 968.35 1968.91 2522.62 2319.9
505.92 689.67 817.0 2450.37 2246.3 1984.35
559.08 750.14 899.82 2349.77 2380.75 2127.8
781.08 1144.69 1648.37 3099.54 2852.55 1914.28
347.21 544.42 536.04 3438.63 1876.51 1410.31
256.87 320.14 381.97 848.74 914.24 829.06
683.68 983.52 1421.07 2126.63 2113.24 1512.82
153.69 386.67 139.9 4529.05 1069.41 477.53
460.79 672.29 675.41 2878.92 1798.2 1467.99
384.3 515.85 639.0 1588.89 1477.78 1258.1
522.79 689.67 853.95 1963.47 2237.3 2038.33
98.98 244.32 96.53 4557.08 836.35 365.14
507.3 651.96 832.64 1314.44 1838.46 1739.12
209.31 268.4 280.83 908.25 604.65 510.48
683.99 923.15 1124.84 2576.91 2643.5 2400.79
368.73 486.29 581.8 1613.09 1434.11 1276.39
193.29 256.8 268.5 1230.9 731.51 581.31
503.4 643.31 824.41 1421.35 2064.15 1932.79
317.91 393.49 491.32 813.78 1161.01 1090.05
722.53 990.68 1332.56 2329.08 2476.29 2005.48
672.87 892.1 1177.35 1936.39 2659.88 2404.02
548.81 712.96 925.38 1585.24 2193.65 2005.69
899.89 1310.65 2016.71 3109.34 2757.07 1614.59
773.95 1073.4 1520.92 2422.1 3087.04 2350.52
897.41 1263.86 1810.46 2802.9 3310.3 2433.94
791.53 1095.24 1551.27 2554.73 2844.62 2121.38
455.91 736.06 633.74 3701.82 1981.62 1531.31
734.53 1105.94 1574.28 3914.09 3187.52 1889.56
222.94 265.58 320.78 502.7 698.61 658.57
525.09 711.01 857.96 2477.57 2321.86 2052.41
863.41 1197.89 1698.86 2764.18 3058.15 2278.5
475.06 615.56 813.74 1354.54 1795.97 1594.65
316.62 639.47 318.49 4762.2 1515.06 894.72
322.2 431.63 495.79 1819.25 1357.39 1165.33
872.58 1266.61 1775.66 2853.08 2497.16 1625.69
689.42 960.64 1347.21 2179.96 2731.72 2171.1
493.74 671.02 808.33 2468.45 2248.82 1963.99
468.67 596.53 762.05 1307.59 1895.05 1775.0
900.68 1287.82 1873.9 2950.26 3075.8 2127.67
215.58 256.63 307.9 444.62 593.32 565.13
130.86 183.29 157.82 1415.51 509.53 324.1
752.83 1079.0 1532.92 2838.28 2813.69 1947.27
552.96 736.4 933.86 1910.45 2113.96 1881.82
597.78 771.6 993.57 1758.53 2528.34 2362.69
970.17 1392.84 2048.66 3142.29 3761.23 2535.81
423.91 536.25 681.66 1160.97 1677.11 1571.63
718.33 979.41 1316.67 2482.43 2746.26 2261.05
497.08 683.19 825.82 2535.7 2283.74 1956.54
603.74 782.66 1006.12 1602.01 2250.11 2127.25
115.79 234.79 141.04 4098.28 995.31 487.41
604.9 781.76 1011.13 1770.96 2545.76 2370.35
639.25 840.9 1105.01 1996.85 2707.75 2419.95
208.04 408.26 339.52 3838.48 1461.97 899.31
568.43 771.49 929.28 2486.28 2370.86 2106.77
203.3 239.12 285.49 438.35 602.94 569.31
381.6 512.55 707.75 1095.98 951.13 673.24
681.18 950.09 1275.45 2283.06 2102.25 1610.78
114.67 243.55 140.16 4452.93 1064.94 511.71
473.95 681.97 775.0 3204.94 2121.21 1741.27
470.42 657.53 770.11 2886.95 2136.21 1794.67
939.37 1342.37 1953.19 3119.47 2466.33 1555.31
371.46 465.6 587.47 989.17 1421.72 1333.32
305.69 388.16 505.46 793.89 1030.34 879.24
424.88 583.27 733.39 1899.08 1524.57 1244.02
169.05 322.88 185.56 3719.22 945.06 504.35
743.29 986.32 1313.92 2113.29 2707.25 2420.63
432.5 550.6 698.09 1091.41 1519.2 1438.1
327.66 406.62 508.82 845.71 1208.47 1134.34
513.81 683.94 848.65 2361.21 2298.32 2043.28
136.66 149.38 165.84 220.09 278.51 266.57
606.8 813.81 1006.06 2397.42 2519.53 2286.17
447.5 570.93 725.08 1136.15 1583.25 1498.49
285.2 349.44 432.58 706.64 1001.76 941.45
839.51 1204.52 1727.41 2849.45 3020.3 2176.92
835.16 1229.59 1824.14 2744.76 2794.2 1968.58
519.88 699.38 931.55 1500.37 1618.37 1321.97
599.03 773.54 1001.41 1740.09 2510.23 2336.65
413.06 524.26 663.13 1033.46 1436.24 1359.89
372.43 466.91 589.22 992.35 1426.45 1337.74
591.08 762.58 981.97 1736.27 2494.87 2330.76
461.21 647.35 735.03 2819.51 2105.47 1771.98
105.08 106.88 109.14 115.84 122.96 121.52
585.76 775.56 1035.07 1737.2 2331.15 2048.89
434.08 637.54 676.56 3333.38 1976.02 1583.26
387.23 495.12 614.98 1294.12 1543.37 1419.26
112.51 307.21 75.05 5208.92 1062.23 425.29
246.26 435.37 324.19 3866.77 1359.27 893.69
683.19 895.69 1149.19 1980.85 2619.54 2456.7
439.8 560.58 711.99 1160.43 1636.61 1540.1
654.1 850.91 1096.71 1752.18 2465.08 2329.93
452.92 587.93 734.78 1569.16 1894.77 1730.13
933.01 1338.44 1860.29 2993.62 2827.31 1999.02
759.15 1031.52 1415.31 2269.6 2993.95 2477.35
222.21 399.82 279.14 4060.97 1259.4 778.24
449.35 653.18 753.32 3081.04 1976.9 1533.28
868.07 1259.88 1833.71 2896.18 3392.49 2450.07
530.52 706.0 865.84 2131.85 2299.64 2080.42
630.8 819.46 1055.97 1756.48 2500.31 2349.56
801.84 1087.39 1473.76 2336.61 2982.86 2573.17
965.94 1401.06 2068.94 3216.73 3179.78 2051.15
702.79 936.02 1234.4 2102.12 2739.98 2477.35
686.17 896.87 1158.6 1967.3 2752.5 2573.36
434.42 646.47 800.78 2115.71 1383.56 910.45
545.82 710.67 900.23 1558.51 2024.91 1898.68
346.96 558.52 496.11 4000.46 1733.31 1219.5
323.39 402.73 501.83 766.08 1053.49 999.01
205.53 399.69 310.3 4262.04 1464.7 813.32
342.12 426.09 534.79 893.07 1278.87 1200.03
556.01 764.77 913.22 2699.04 2347.02 2045.03
262.85 382.31 410.13 1886.21 1138.05 894.15
589.43 789.47 978.88 2425.47 2453.92 2218.6
191.74 224.32 265.01 373.53 491.56 469.18
973.23 1454.1 2183.13 3214.45 2936.27 1853.78
212.95 253.07 303.17 436.78 582.1 554.55
787.65 1056.54 1409.14 2244.31 3018.19 2698.53
599.12 901.12 1197.95 3383.94 1848.59 1150.11
515.35 662.98 848.05 1396.2 1978.25 1860.28
132.6 143.91 158.55 206.8 258.75 248.13
399.93 619.8 579.68 3627.6 1647.68 1149.48
257.58 378.38 331.91 2166.26 961.77 695.49
803.22 1119.55 1569.63 2504.78 2975.58 2354.21
743.51 998.57 1321.64 2183.65 2768.26 2441.73
697.14 913.73 1190.05 1976.35 2790.48 2583.4
756.33 1102.82 1509.62 3381.24 2735.41 1818.08
551.62 773.29 897.19 2725.49 2347.39 2054.71
197.11 231.63 274.9 403.07 539.16 511.57
219.79 275.27 354.48 523.52 633.61 517.73
574.18 769.52 956.18 2212.14 2461.69 2209.23
798.3 1126.21 1663.11 2639.93 2707.79 1912.03
530.4 691.26 875.35 1723.81 2101.58 1944.83
169.07 325.88 231.52 4205.36 1273.66 690.41
369.76 465.65 585.85 941.86 1319.89 1243.27
755.58 1033.55 1448.25 2437.38 2857.08 2225.08
575.98 792.55 952.83 2597.35 2376.15 2095.6
350.59 547.79 518.43 3703.2 1630.07 1214.3
304.78 485.96 476.55 3508.55 1764.96 1263.57
648.23 843.09 1087.37 1810.89 2579.16 2423.45
589.39 802.42 1145.97 1811.14 1941.74 1453.26
103.93 151.22 110.76 1251.53 394.39 212.45
803.98 1140.52 1588.68 2826.88 3007.23 2282.31
779.62 1047.01 1398.66 2225.53 2983.01 2657.0
722.43 976.96 1309.78 2206.96 2582.74 2177.66
233.48 283.65 351.96 544.98 713.42 647.56
923.5 1334.37 1943.61 3015.93 3360.22 2339.2
625.67 812.37 1045.56 1667.38 2343.7 2215.49
223.97 299.64 368.61 1017.73 579.93 386.68
610.7 787.83 1017.1 1772.83 2586.61 2420.31
905.78 1336.07 1966.09 3104.84 2851.95 1925.7
801.76 1131.85 1615.4 2585.97 2971.84 2238.69
608.75 796.56 1045.7 1791.83 2536.61 2308.25
576.66 791.64 1035.68 2388.44 2166.43 1782.81
963.73 1402.83 1970.36 3178.17 2799.41 1830.71
889.53 1258.15 1812.74 2814.08 2948.68 2170.4
158.66 179.49 205.51 274.89 350.36 336.05
367.94 602.35 566.54 3552.12 1617.04 1160.85
534.45 706.03 884.77 2192.93 2363.3 2137.23
819.91 1164.1 1757.17 2688.82 2415.57 1465.09
635.45 838.44 1054.45 2071.36 2542.81 2348.89
525.5 786.13 768.63 3599.54 2111.76 1691.71
617.04 796.36 1028.48 1793.57 2617.44 2449.08
243.43 421.17 319.41 3940.05 1332.54 868.07
622.37 847.58 1027.87 2684.81 2502.78 2235.53
739.49 966.63 1250.3 2006.78 2829.54 2673.56
771.97 1059.18 1458.25 2350.23 2916.84 2418.71
649.66 923.17 1232.03 2657.72 2447.22 1948.21
409.61 516.98 655.98 1114.12 1607.47 1506.65
505.82 666.29 885.51 1414.43 1898.16 1642.5
703.16 1077.72 1438.33 4219.93 2948.24 1704.07
616.29 797.46 1025.66 1825.16 2617.24 2444.37
655.18 859.75 1143.37 1948.53 2652.95 2380.81
410.92 518.75 658.33 1118.41 1613.84 1512.6
755.43 1028.99 1363.43 2494.57 2892.41 2471.47
596.66 778.49 1027.08 1763.61 2388.29 2152.74
933.71 1346.58 1878.9 3035.6 2799.99 1926.87
592.13 783.76 969.2 2049.31 2530.27 2322.9
289.72 491.59 432.17 3742.58 1649.45 1130.27
530.99 684.08 875.26 1385.1 1939.61 1834.49
259.13 522.21 362.63 4544.19 1378.11 752.57
309.09 427.85 523.92 1950.86 1143.39 848.66
556.12 725.14 918.95 1926.68 2377.02 2193.24
204.8 241.15 288.19 443.27 610.26 576.14
139.92 154.09 171.8 219.02 270.37 260.63
407.38 575.39 759.79 1768.14 1072.6 664.71
616.22 813.63 1040.63 1931.51 2443.05 2234.5
936.89 1377.72 2045.97 3165.76 3226.83 2078.36
757.3 1077.54 1473.91 2995.21 2666.41 2012.8
775.12 1065.28 1469.49 2365.83 2922.76 2412.2
537.75 707.88 875.58 1744.75 1991.91 1838.86
549.84 721.87 909.56 2133.18 2408.2 2190.28
753.49 1099.6 1568.68 3089.79 2722.48 1854.31
474.1 631.13 859.25 1372.93 1799.26 1462.78
149.21 288.3 191.7 4586.45 1175.92 629.08
410.34 564.25 620.25 2172.26 1663.66 1420.16
246.78 407.68 363.18 3888.54 1320.82 926.65
697.24 948.76 1291.38 2207.47 2867.37 2432.56
963.89 1401.81 1967.33 3170.8 2805.03 1845.17
667.79 926.78 1289.22 1960.3 2208.74 1789.28
419.81 533.4 675.26 1053.57 1465.03 1387.03
594.26 784.34 990.02 2083.55 2408.88 2221.82
300.69 635.02 277.6 4977.4 1448.94 797.97
635.92 852.95 1101.12 2289.27 2555.21 2288.58
349.65 438.39 549.63 879.1 1228.95 1158.04
887.75 1245.43 1821.1 2958.62 2720.42 1833.46
602.96 781.73 1005.84 1669.6 2374.43 2231.58
911.85 1321.8 1925.2 2883.08 2928.14 2111.33
812.52 1120.86 1578.6 2622.87 2812.35 2203.84
810.05 1142.01 1626.62 2603.56 3094.99 2336.6
442.0 651.2 722.21 3296.38 2086.53 1657.79
631.51 828.45 1058.18 1858.89 2391.41 2229.81
369.27 503.59 592.55 2293.99 1700.84 1447.46
212.37 252.29 302.13 435.06 579.64 552.23
265.34 367.29 400.48 1750.26 1175.49 945.61
684.76 899.34 1164.95 2022.52 2762.5 2552.38
271.29 401.78 427.43 2168.91 1339.9 1046.86
546.09 704.53 902.42 1430.11 2004.04 1895.24
416.26 535.07 679.07 1111.97 1456.67 1349.17
236.0 403.21 260.94 2477.93 957.63 643.38
296.34 366.13 453.62 712.74 987.88 932.12
905.03 1284.12 1854.44 2978.01 2483.55 1652.08
778.29 1033.69 1374.4 2215.07 3017.79 2705.56
214.18 253.78 305.04 474.0 655.94 618.76
557.3 753.86 890.83 2463.68 2369.75 2104.02
483.78 649.16 863.05 1414.68 1620.19 1336.18
382.89 571.23 588.55 3005.48 1638.38 1298.48
545.8 713.85 904.3 1845.1 2347.29 2157.3
851.1 1192.08 1673.71 2560.69 2917.17 2356.38
500.39 655.19 865.11 1434.24 1922.76 1720.93
689.46 901.45 1167.78 1946.91 2734.58 2552.71
544.28 724.95 900.52 2238.99 2400.79 2152.98
265.38 603.95 202.54 5152.25 1343.45 660.56
658.04 1046.21 1269.77 3887.25 2456.85 1544.24
375.55 560.28 619.7 2894.16 1950.83 1563.44
754.87 1104.51 1576.52 2831.59 2653.49 1946.77
826.35 1162.65 1671.07 2648.32 2843.18 2119.56
924.61 1335.14 2024.68 3326.13 3831.11 2432.9
696.32 934.43 1242.46 2109.11 2665.67 2317.31
260.5 563.47 217.21 4579.68 1245.42 643.35
267.97 443.99 405.29 3769.94 1587.9 1080.27
301.4 381.19 462.99 945.45 1057.21 968.53
477.27 611.37 779.48 1277.38 1806.07 1698.92
529.71 729.5 963.23 1865.02 1824.96 1435.31
447.16 693.82 691.87 3590.25 1999.81 1582.85
714.08 939.09 1232.81 1965.46 2662.11 2451.98
746.62 1002.5 1362.01 2156.64 2702.2 2348.6
827.27 1190.69 1678.4 3184.83 2367.99 1553.56
966.74 1382.06 2098.96 3221.47 2879.91 1727.45
299.11 411.88 463.27 2183.97 1305.55 1062.56
354.86 557.46 567.42 3640.6 1860.79 1357.46
897.15 1279.42 1811.64 2879.99 2896.4 1999.66
605.44 817.87 1074.49 2300.57 2497.88 2128.3
713.3 1014.32 1434.64 2395.66 2603.82 1893.68
596.33 799.42 1020.15 2127.63 2419.97 2142.24
463.59 708.93 871.51 3768.75 1946.7 1280.94
639.32 849.0 1134.45 1908.51 2588.4 2316.03
672.21 934.39 1280.48 2091.85 2035.84 1605.59
110.85 216.64 109.28 3261.42 706.14 325.21
901.35 1263.07 1801.66 2793.22 3484.48 2601.43
350.71 451.72 595.28 945.72 1257.76 1065.55
674.15 892.54 1190.59 2027.15 2599.34 2302.6
425.32 554.23 728.23 1125.43 1422.96 1247.76
697.11 949.8 1326.37 2227.1 2615.34 2043.71
789.04 1172.22 1577.24 3494.32 2226.05 1321.55
589.63 797.59 972.39 2435.2 2449.59 2207.84
561.05 733.02 951.0 1567.2 2095.22 1927.43
809.69 1099.7 1492.72 2363.7 3047.52 2611.53
706.22 979.44 1282.29 2778.05 2645.29 2205.95
177.15 203.91 238.55 352.72 475.66 450.54
409.04 591.52 634.35 2903.96 1736.39 1404.74
753.05 990.27 1282.29 2129.55 2868.82 2678.02
357.23 580.68 526.54 3605.93 1795.82 1352.37
610.58 794.62 1021.72 1748.47 2416.19 2258.29
796.24 1095.05 1476.14 2419.84 2777.06 2298.99
866.5 1227.54 1812.08 2984.48 3567.81 2471.97
722.03 1023.97 1298.67 3127.49 2854.53 2237.29
301.63 390.53 458.33 1139.33 1080.58 971.14
365.77 457.94 577.25 970.52 1394.01 1307.47
772.43 1066.29 1538.11 2474.5 2723.01 2058.03
526.74 739.43 869.52 2989.91 2266.96 1928.19
442.74 655.26 643.19 3417.21 1902.63 1486.68
420.98 599.65 735.26 2805.22 1891.92 1507.62
751.56 1076.29 1483.2 3023.69 2706.99 1970.45
371.48 514.02 591.42 2301.19 1627.48 1354.19
796.04 1165.09 1531.54 3219.78 2667.88 1860.66
159.78 181.03 207.67 286.56 370.34 353.36
650.21 923.33 1327.92 2054.79 2278.77 1747.77
127.93 305.27 100.22 4603.73 933.34 377.46
712.06 949.32 1265.61 2073.7 2737.71 2427.6
647.94 864.09 1090.36 2420.25 2586.8 2366.75
874.07 1231.18 1698.23 2759.6 2569.88 1870.09
336.5 427.01 544.48 824.17 1073.68 984.08
541.39 741.45 1065.24 1726.21 1611.83 1106.04
404.5 512.73 648.41 1050.27 1476.99 1390.51
750.14 1048.2 1472.6 2391.78 3006.74 2394.42
391.0 494.43 624.09 1008.12 1415.91 1333.27
645.91 855.27 1140.56 2027.95 2617.3 2310.38
690.25 925.56 1240.28 1959.79 2564.15 2242.39
824.97 1181.32 1659.79 2736.61 2323.33 1655.84
720.19 980.52 1318.92 2446.77 2549.38 2139.49
664.82 884.05 1171.65 2008.35 2559.45 2279.56
206.44 244.24 291.46 417.36 554.3 528.34
438.89 610.7 860.38 1271.62 1284.3 946.38
437.24 554.21 705.61 1204.66 1742.04 1632.22
603.65 813.81 1084.19 1725.59 1913.71 1599.13
962.0 1398.0 2014.0 3173.0 2939.0 1816.0
69.0 191.5 59.0 4653.5 930.0 346.0
134.0 394.5 95.5 5146.0 1087.0 409.5
969.0 1403.0 2079.0 3181.0 3518.0 2279.0
155.0 368.0 123.0 5163.0 1156.0 447.0
89.8 263.8 87.2 4769.8 1060.5 381.0
971.0 1390.0 2115.5 3245.0 2879.5 1707.0
122.0 299.0 89.0 4632.0 914.0 354.0
72.0 203.8 71.8 4231.5 957.5 341.5
907.5 1325.5 2047.5 3151.5 2757.0 1579.5
948.0 1357.0 1978.0 3155.0 2462.0 1531.0
56.8 180.8 53.0 4412.8 873.5 325.0
119.5 322.5 80.5 4825.8 970.8 371.8
948.0 1376.0 2046.0 3146.0 2970.0 1921.0
911.0 1341.0 1922.0 3127.8 2196.5 1320.8
985.0 1493.5 2276.8 3372.5 3183.8 2033.8
76.2 218.5 55.5 4643.8 764.8 282.8
962.5 1390.0 1954.5 3151.5 2480.0 1527.0
959.5 1435.2 2145.2 3160.2 2832.8 1787.8
88.5 243.0 63.5 4918.0 903.5 321.0
978.0 1422.0 2105.0 3266.0 3199.0 2037.0
79.2 209.2 66.0 4931.0 970.2 374.0
222.2 574.0 104.8 5481.0 1198.8 463.2
992.0 1434.0 2127.0 3253.0 3849.0 2515.0
980.5 1432.2 2016.0 3245.2 2807.8 1800.2
966.0 1422.0 2112.0 3259.5 3477.0 2237.5
109.2 304.0 68.8 5231.2 1052.0 412.0
978.0 1434.0 2220.0 3640.0 4073.0 2397.0
81.5 229.5 75.0 4588.5 1023.0 369.5
937.0 1353.0 2081.0 3198.0 2826.0 1629.0
924.0 1316.0 1970.0 3207.0 2671.0 1584.0
102.5 315.2 89.5 4914.0 1200.8 467.0
980.0 1467.0 2194.0 3388.8 3736.5 2446.5
955.0 1376.0 2056.0 3368.0 3193.0 1885.0
977.5 1462.0 2197.0 3231.5 2940.0 1846.5
939.0 1381.8 2053.5 3176.2 3230.8 2074.0
265.0 540.0 222.0 5608.0 1151.0 427.0
83.0 265.0 84.5 4714.5 1156.5 420.5
245.0 494.0 207.0 5231.5 1090.0 397.0
304.0 635.0 236.5 5868.5 1229.5 464.5
138.0 335.0 114.0 4964.0 1063.0 407.0
53.8 244.8 74.8 4340.2 1057.2 381.2
619.0 799.0 1032.0 1800.0 2627.0 2458.0
688.0 897.0 1159.0 1935.0 2759.0 2592.0
756.0 989.0 1280.0 2056.0 2900.0 2740.0
100.0 100.0 100.0 100.0 100.0 100.0
