0.5476
0.3504
0.7939
0.9499
0.9736
0.0825
0.0844
0.4554
0.7077
0.4839
0.4975
0.3837
0.3892
0.089
0.5636
0.5721
0.4648
0.6353
0.5923
0.9271
0.9936
0.885
0.8001
0.3931
0.4851
0.9612
0.449
0.5472
0.772
0.9971
0.477
0.8919
0.5984
0.4562
0.0651
0.3362
0.0444
0.0959
0.1836
0.5307
0.1074
0.3688
0.2215
0.8721
0.8828
0.6325
0.7462
0.9828
0.579
0.1691
0.4491
0.7719
0.4991
0.3508
0.8725
0.2404
0.5741
0.6252
0.9587
0.7001
0.3724
0.4467
0.5562
0.019
0.3771
0.3267
0.7618
0.9749
0.2615
0.2322
0.1847
0.7743
0.4445
0.9151
0.3175
0.0742
0.5382
0.7027
0.7714
0.7616
0.626
0.9713
0.4249
0.3524
0.5482
0.9748
0.2729
0.188
0.0939
0.9086
0.1238
0.8267
0.0702
0.1701
0.3207
0.2496
0.3027
0.7835
0.8341
0.1585
0.6759
0.6013
0.7706
0.5255
0.8018
0.4887
0.5706
0.1804
0.8027
0.479
0.6679
0.8969
0.5441
0.0944
0.2724
0.7292
0.9675
0.1316
0.1767
0.7274
0.653
0.2733
0.9428
0.8152
0.0072
0.9268
0.6289
0.493
0.2982
0.8759
0.4569
0.3592
0.2661
0.4985
0.6593
0.4419
0.1234
0.58
0.8145
0.4501
0.9255
0.608
0.0642
0.1153
0.73
0.0794
0.6582
0.6451
0.1558
0.4096
0.9765
0.2198
0.4963
0.6171
0.1657
0.5977
0.4854
0.1687
0.0708
0.2034
0.6831
0.2019
0.778
0.7749
0.9115
0.6131
0.2213
0.9258
0.9469
0.5258
0.6887
0.2815
0.8961
0.153
0.6533
0.2469
0.7083
0.8196
0.1123
0.8826
0.0206
0.58
0.5371
0.6997
0.14
0.2371
0.5733
0.7658
0.3105
0.3994
0.0793
0.9308
0.4338
0.7286
0.7932
0.3962
0.4728
0.9889
0.6631
0.7712
0.9773
0.6035
0.205
0.0619
0.4264
0.7467
0.32
0.5314
0.5458
0.9262
0.6486
0.2342
0.6514
0.4036
0.0072
0.5172
0.7876
0.2026
0.4074
0.211
0.8184
0.7744
0.1925
0.2222
0.5835
0.2378
0.9027
0.1725
0.7265
0.0154
0.9098
0.1598
0.6362
0.4482
0.4637
0.3912
0.9424
0.5489
0.2943
0.1505
0.3848
0.0515
0.7335
0.203
0.0495
0.3303
0.1874
0.7086
0.9971
0.8967
0.3657
0.5652
0.0197
0.8845
0.9164
0.6025
0.197
0.8666
0.6846
0.3002
0.577
0.3364
0.241
0.161
0.0699
0.0107
0.7457
0.2878
0.9809
0.4185
0.8374
0.3399
0.7632
0.5656
0.2262
0.9675
0.7489
0.0318
0.5353
0.918
0.9896
0.379
0.0749
0.4615
0.5821
0.8433
0.7386
0.1966
0.11
0.4069
0.2336
0.0738
0.1065
0.382
0.7637
0.1876
0.7635
0.9727
0.647
0.2875
0.4768
0.6854
0.6094
0.8978
0.3616
0.0513
0.1368
0.6389
0.1806
0.0815
0.9074
0.6093
0.1846
0.6873
0.1879
0.1433
0.4145
0.5879
0.8931
0.3641
0.4487
0.7439
0.4574
0.9375
0.2311
0.4314
0.1015
0.532
0.3599
0.3455
0.3155
0.6701
0.9111
0.7742
0.9796
0.4985
0.7796
0.2196
0.5167
0.4731
0.7747
0.4628
0.7642
0.7223
0.0613
0.9425
0.7721
0.401
0.4236
0.9556
0.5686
0.2635
0.788
0.0742
0.4437
0.6102
0.509
0.3993
0.6768
0.2246
0.668
0.354
0.3893
0.4244
0.1252
0.0651
0.8112
0.2091
0.1037
0.1879
0.7603
0.0552
0.3362
0.7211
0.0849
0.2121
0.0843
0.9716
0.242
0.9723
0.4957
0.8054
0.0257
0.9575
0.4709
0.5126
0.771
0.0497
0.4248
0.5616
0.6193
0.3986
0.3349
0.7647
0.8331
0.4225
0.8738
0.2324
0.9505
0.5999
0.3897
0.1744
0.6993
0.6691
0.8629
0.5549
0.7145
0.9368
0.8216
0.0396
0.837
0.8273
0.8712
0.9683
0.0785
0.483
0.659
0.8797
0.62
0.9471
0.8299
0.4711
0.9261
0.527
0.373
0.9585
0.0646
0.6801
0.6521
0.0443
0.191
0.6488
0.1934
0.5234
0.6069
0.6162
0.289
0.5528
0.8507
0.4762
0.7686
0.86
0.1761
0.619
0.7431
0.6082
0.7328
0.7278
0.2882
0.7031
0.4424
0.5839
0.5898
0.5866
0.9083
0.0708
0.226
0.0529
0.9672
0.3778
0.872
0.6319
0.2134
0.4674
0.6268
0.5044
0.446
0.0286
0.7057
0.96
0.6625
0.3524
0.4993
0.4476
0.8352
0.3235
0.6203
0.5922
0.8843
0.1132
0.2167
0.9992
0.6301
0.9313
0.4785
0.0635
0.8426
0.3826
0.8135
0.7495
0.2594
0.3722
0.9742
0.0293
0.5854
0.7602
0.9923
0.608
0.8339
0.2263
0.8863
0.8588
0.7357
0.6371
0.1068
0.8736
0.4785
0.7158
0.9203
0.3715
0.7636
0.6022
0.4735
0.8402
0.8683
0.2166
0.3277
0.9674
0.4832
0.5101
0.7539
0.4286
0.2642
0.7728
0.4317
0.3014
0.9042
0.8564
0.0112
0.0922
0.7196
0.3247
0.871
0.902
0.4499
0.4872
0.236
0.6751
0.5932
0.6894
0.0515
0.3409
0.0357
0.0215
0.2631
0.0766
0.1165
0.5112
0.8647
0.9533
0.7401
0.8768
0.184
0.8744
0.7786
0.6165
0.2054
0.0211
0.2841
0.4182
0.6749
0.1458
0.9915
0.7649
0.4901
0.4689
0.5701
0.7311
0.8379
0.7703
0.4138
0.5564
0.788
0.5144
0.0181
0.7481
0.1591
0.9455
0.0063
0.4335
0.1154
0.1242
0.2606
0.2301
0.1428
0.545
0.4725
0.3075
0.538
0.8277
0.124
0.5431
0.7879
0.3826
0.863
0.9082
0.1331
0.7484
0.2334
0.6711
0.8349
0.1648
0.9413
0.1158
0.8126
0.0464
0.7948
0.8633
0.879
0.1387
0.389
0.3921
0.9777
0.8352
0.2717
0.1776
0.7037
0.257
0.6418
0.7677
0.2276
0.9722
0.4246
0.2855
0.0176
0.9603
0.9511
0.3709
0.2947
0.0171
0.8816
0.7157
0.151
0.2775
0.0069
0.6908
0.2461
0.6907
0.2625
0.0514
0.777
0.8883
0.6822
0.9464
0.0443
0.8343
0.8884
0.991
0.1182
0.6489
0.3914
0.0517
0.3352
0.921
0.9425
0.9536
0.5027
0.5643
0.4176
0.6409
0.2249
0.45
0.9929
0.6607
0.9967
0.9399
0.1898
0.7694
0.9637
0.9442
0.5684
0.5559
0.3265
0.2547
0.2778
0.0651
0.5222
0.4873
0.644
0.5756
0.8805
0.3054
0.787
0.2224
0.5881
0.9497
0.3915
0.5514
0.8843
0.4215
0.7895
0.8293
0.5615
0.2149
0.384
0.7822
0.2038
0.6272
0.2724
0.5182
0.5505
0.7009
0.5703
0.9301
0.5502
0.8545
0.7538
0.8653
0.1324
0.3817
0.7418
0.411
0.0898
0.0567
0.6184
0.8066
0.6752
0.2381
0.9204
0.0498
0.042
0.4119
0.603
0.5364
0.0927
0.5108
0.3794
0.3293
0.5028
0.4898
0.1921
0.3041
0.9068
0.114
0.4661
0.4136
0.6293
0.7841
0.0988
0.0514
0.0212
0.496
0.9431
0.5224
0.5796
0.0682
0.6856
0.2601
0.3767
0.145
0.2429
0.4372
0.1385
0.5374
0.0478
0.6565
0.0575
0.8429
0.5447
0.9742
0.1681
0.0231
0.4789
0.9694
0.179
0.2861
0.1479
0.1763
0.7917
0.0612
0.2366
0.5578
0.7468
0.1366
0.2136
0.3302
0.6475
0.9165
0.3486
0.4747
0.8334
0.6537
0.7257
0.3372
0.7972
0.4027
0.3288
0.7797
0.3921
0.8627
0.5756
0.2514
0.7357
0.1867
0.7231
0.6315
0.6274
0.7843
0.5901
0.5963
0.8523
0.8688
0.7135
0.6446
0.6778
0.3445
0.14
0.9444
0.8828
0.3012
0.6536
0.8518
0.0046
0.976
0.8231
0.9816
0.8997
0.6452
0.9132
0.8593
0.8587
0.7194
0.2016
0.6973
0.7907
0.9058
0.0556
0.9239
0.3212
0.6612
0.4547
0.5813
0.4177
0.8895
0.6833
0.2199
0.7731
0.9647
0.267
0.2506
0.0967
0.728
0.256
0.3526
0.8926
0.6723
0.9686
0.496
0.9358
0.3475
0.8649
0.4584
0.1076
0.4946
0.9081
0.4288
0.4483
0.9773
0.6127
0.1034
0.127
0.1097
0.7534
0.737
0.3877
0.2412
0.9043
0.5803
0.5594
0.8347
0.0761
0.3168
0.5438
0.6833
0.5015
0.8142
0.146
0.4239
0.2758
0.046
0.931
0.6125
0.2564
0.3861
0.7762
0.3029
0.7274
0.7072
0.9733
0.375
0.6315
0.882
0.0229
0.2036
0.6689
0.5586
0.2202
0.2878
0.8801
0.6897
0.0878
0.3323
0.6271
0.8265
0.3407
0.907
0.6625
0.8651
0.9247
0.894
0.4618
0.0918
0.0682
0.5221
0.0027
0.2901
0.4245
0.1446
0.4039
0.7297
0.4335
0.0191
0.847
0.9582
0.9544
0.3942
0.8213
0.8768
0.6692
0.4999
0.5538
0.3546
0.7795
0.8
0.362
0.028
0.2599
0.1505
0.1804
0.8684
0.5188
0.1512
0.0346
0.6815
0.5076
0.6967
0.9918
0.9348
0.035
0.0516
0.6079
0.8796
0.9683
0.8886
0.0734
0.6353
0.4146
0.4277
0.4513
0.6693
0.0121
0.4474
0.4206
0.0487
0.5125
0.8835
0.8751
0.3448
0.7074
0.1076
0.3356
0.9836
0.431
0.8269
0.4995
0.1344
0.2472
0.9467
0.4382
0.2324
0.1612
0.6314
0.3916
0.0382
0.0482
0.6233
0.4329
0.0704
0.7936
0.1725
0.9785
0.6924
0.9382
0.7119
0.52
0.363
0.4217
0.0498
0.8343
0.6005
0.0
1.0
1.0
0.0
1.0
1.0
0.0
1.0
1.0
0.0
0.0
1.0
1.0
0.0
0.0
0.0
1.0
0.0
0.0
1.0
0.0
1.0
1.0
0.0
0.0
0.0
1.0
0.0
1.0
0.0
0.0
1.0
0.0
0.0
0.0
0.0
1.0
1.0
1.0
1.0
1.0
1.0
0.0
0.0
0.0
0.0
