0.21
0.5829
0.9288
0.7671
0.7168
0.3412
0.1733
0.4043
0.0611
0.9877
0.4829
0.3475
0.4174
0.5469
0.8954
0.3624
0.7719
0.7966
0.7239
0.2293
0.9337
0.8635
0.8125
0.1883
0.56
0.3287
0.508
0.0696
0.9935
0.5119
0.0401
0.2733
0.8823
0.5825
0.172
0.3198
0.4986
0.4801
0.3109
0.531
0.1343
0.8099
0.9562
0.9631
0.912
0.3057
0.5505
0.6651
0.4385
0.7134
0.41
0.8246
0.6112
0.1403
0.0743
0.1157
0.7673
0.0689
0.0167
0.9162
0.4409
0.4122
0.5284
0.658
0.824
0.413
0.1381
0.0419
0.5212
0.3061
0.6844
0.998
0.2068
0.2062
0.0029
0.6985
0.9622
0.4289
0.9375
0.3165
0.7864
0.6059
0.3778
0.8091
0.5077
0.7561
0.0756
0.2556
0.9906
0.8626
0.2842
0.3488
0.0888
0.1012
0.4733
0.7003
0.1534
0.4516
0.0437
0.0173
0.3655
0.2272
0.7282
0.0121
0.3365
0.9374
0.8764
0.1853
0.6527
0.276
0.1165
0.9686
0.0981
0.7983
0.5661
0.6041
0.9668
0.343
0.5648
0.5854
0.6095
0.7692
0.272
0.0235
0.4398
0.5387
0.0339
0.364
0.5394
0.7695
0.0911
0.7711
0.1054
0.315
0.2903
0.6008
0.2122
0.6235
0.4334
0.3537
0.4428
0.8132
0.1042
0.8222
0.7406
0.5919
0.7402
0.48
0.3136
0.7618
0.6049
0.1372
0.9035
0.2439
0.6296
0.7529
0.9907
0.0312
0.5432
0.9168
0.8066
0.2835
0.5655
0.1999
0.4102
0.8763
0.352
0.8956
0.483
0.7984
0.0197
0.2253
0.4809
0.5043
0.4464
0.6685
0.7848
0.3659
0.1209
0.2836
0.2808
0.771
0.1482
0.0017
0.0906
0.833
0.3171
0.3551
0.5312
0.5501
0.1644
0.8724
0.6925
0.1372
0.7777
0.7902
0.3064
0.5776
0.5852
0.42
0.4725
0.1441
0.1463
0.7559
0.9214
0.2283
0.9608
0.2518
0.6231
0.3647
0.7272
0.1298
0.4954
0.7618
0.4692
0.5058
0.613
0.9312
0.6289
0.7046
0.9371
0.0249
0.7128
0.5567
0.2721
0.7632
0.8812
0.1601
0.0009
0.9156
0.1065
0.6501
0.8876
0.0626
0.4656
0.0118
0.4877
0.8399
0.7791
0.5142
0.1782
0.4871
0.0506
0.7206
0.0732
0.0711
0.062
0.8158
0.4244
0.3966
0.266
0.9092
0.1314
0.0331
0.6949
0.8732
0.2608
0.1273
0.2923
0.4015
0.5237
0.1778
0.3766
0.4359
0.2717
0.1565
0.2191
0.5263
0.6299
0.3552
0.3727
0.6942
0.913
0.1064
0.6809
0.6249
0.072
0.4168
0.5553
0.8662
0.1377
0.4112
0.0467
0.6891
0.9515
0.4501
0.5041
0.1204
0.0206
0.6217
0.5233
0.4504
0.251
0.7948
0.9026
0.4935
0.0493
0.1713
0.3958
0.7892
0.8608
0.1599
0.328
0.8596
0.8325
0.0536
0.2806
0.1569
0.6992
0.8525
0.7908
0.9563
0.2259
0.5948
0.48
0.3801
0.2914
0.5143
0.0894
0.0356
0.1098
0.1909
0.967
0.8424
0.4736
0.4236
0.3659
0.176
0.9765
0.5218
0.7342
0.5905
0.5823
0.5188
0.2238
0.4816
0.5072
0.5989
0.3658
0.9716
0.5457
0.2497
0.0189
0.4322
0.9999
0.8635
0.4481
0.2347
0.4777
0.9197
0.6574
0.5967
0.9889
0.7728
0.7462
0.1923
0.3987
0.371
0.0768
0.5978
0.3399
0.9477
0.254
0.2237
0.0375
0.3289
0.2034
0.0167
0.5359
0.1527
0.3853
0.9711
0.2783
0.9362
0.6009
0.1371
0.3787
0.9934
0.9343
0.1921
0.3493
0.78
0.0973
0.4399
0.7416
0.3139
0.6075
0.1483
0.9473
0.4693
0.1106
0.3977
0.0186
0.3738
0.9386
0.2595
0.7513
0.5764
0.522
0.2366
0.0443
0.9745
0.5228
0.8716
0.2338
0.619
0.9897
0.9121
0.6092
0.9319
0.4194
0.4134
0.9143
0.1582
0.9572
0.4321
0.5984
0.5894
0.0407
0.8133
0.9391
0.0963
0.1389
0.4056
0.5491
0.3367
0.0318
0.6619
0.0855
0.2109
0.6873
0.0768
0.7062
0.3352
0.9589
0.2818
0.7435
0.1342
0.4808
0.2584
0.1872
0.0343
0.3841
0.5009
0.8222
0.8663
0.7319
0.0368
0.04
0.5031
0.2421
0.8015
0.2182
0.6266
0.1921
0.9823
0.1146
0.5351
0.3391
0.2607
0.5717
0.9727
0.1093
0.5645
0.4653
0.6976
0.3739
0.8683
0.6663
0.7939
0.2967
0.7756
0.5066
0.0324
0.9872
0.7657
0.5937
0.9739
0.6583
0.2456
0.838
0.2139
0.0708
0.9594
0.485
0.4873
0.1894
0.5262
0.6285
0.8807
0.6899
0.8808
0.2453
0.0076
0.3965
0.8375
0.2418
0.4865
0.6872
0.0859
0.9801
0.1256
0.4873
0.1638
0.5313
0.4162
0.2749
0.278
0.1703
0.886
0.7564
0.7524
0.2131
0.5968
0.9752
0.7777
0.0572
0.3418
0.0439
0.6406
0.9782
0.9602
0.8339
0.6887
0.023
0.4349
0.8954
0.1109
0.0713
0.398
0.6684
0.5205
0.2257
0.5479
0.3783
0.0187
0.2618
0.8448
0.1503
0.4912
0.9557
0.0133
0.3223
0.3679
0.547
0.3971
0.0744
0.9611
0.0865
0.861
0.1732
0.2019
0.8577
0.9073
0.1055
0.6056
0.3866
0.075
0.6488
0.7569
0.372
0.1034
0.9241
0.7263
0.2562
0.253
0.8864
0.8881
0.3659
0.2342
0.2956
0.9497
0.1911
0.2654
0.54
0.7183
0.2346
0.8274
0.6289
0.1557
0.2168
0.9811
0.7239
0.2082
0.7933
0.816
0.7301
0.3446
0.6636
0.0636
0.5306
0.8322
0.5473
0.3122
0.4369
0.6177
0.2437
0.1541
0.2797
0.0696
0.5684
0.5324
0.9764
0.4914
0.5883
0.6947
0.8997
0.8505
0.223
0.9408
0.9419
0.2171
0.4094
0.8029
0.7529
0.982
0.2673
0.3354
0.3481
0.8454
0.6272
0.5809
0.2486
0.2038
0.2593
0.1672
0.9635
0.094
0.8157
0.9634
0.543
0.5654
0.7025
0.2906
0.5323
0.5496
0.0539
0.0485
0.5988
0.3976
0.4556
0.3101
0.6562
0.0427
0.5071
0.9556
0.1766
0.6215
0.3357
0.026
0.8996
0.3453
0.2274
0.368
0.3345
0.5764
0.442
0.7086
0.629
0.1226
0.6732
0.2122
0.0137
0.4312
0.788
0.7807
0.6603
0.3521
0.0941
0.5225
0.1719
0.9937
0.0157
0.6823
0.9196
0.9392
0.2703
0.392
0.54
0.7946
0.3704
0.4279
0.3635
0.7179
0.7713
0.6309
0.3288
0.2586
0.4946
0.7587
0.9659
0.6213
0.7879
0.8226
0.915
0.5673
0.5686
0.7542
0.4362
0.4531
0.5624
0.9766
0.0298
0.4513
0.6431
0.8401
0.8463
0.1064
0.7684
0.4064
0.3394
0.4735
0.6869
0.4755
0.3014
0.3354
0.5928
0.9297
0.8199
0.6472
0.5358
0.1377
0.3531
0.3937
0.3894
0.6069
0.7805
0.9114
0.0559
0.8607
0.1909
0.959
0.5458
0.7827
0.4136
0.7605
0.5506
0.9873
0.9896
0.531
0.2351
0.4686
0.151
0.5536
0.258
0.0046
0.5698
0.9583
0.553
0.2027
0.6884
0.2742
0.232
0.7662
0.0766
0.4259
0.4322
0.172
0.4577
0.2851
0.5619
0.3079
0.3052
0.4892
0.2545
0.1792
0.8734
0.068
0.8657
0.1468
0.5402
0.5583
0.7971
0.7331
0.9292
0.6102
0.6312
0.427
0.4777
0.2709
0.002
0.5436
0.7881
0.6326
0.0255
0.4201
0.6152
0.8398
0.7208
0.1804
0.6062
0.7277
0.9326
0.7049
0.4546
0.3995
0.268
0.1843
0.1058
0.5356
0.5463
0.2345
0.207
0.9665
0.2191
0.5871
0.6845
0.0274
0.0968
0.739
0.9687
0.2126
0.8628
0.3409
0.7242
0.0184
0.9427
0.638
0.9626
0.6587
0.8235
0.0924
0.3055
0.1926
0.1287
0.1323
0.1466
0.1877
0.1619
0.1663
0.7285
0.0065
0.132
0.6815
0.7636
0.4112
0.7083
0.1153
0.8424
0.5355
0.3064
0.7762
0.8357
0.5207
0.221
0.0055
0.7015
0.1274
0.9507
0.9815
0.3837
0.24
0.1755
0.5844
0.4832
0.825
0.7145
0.0688
0.2911
0.0784
0.0755
0.1189
0.0841
0.2596
0.3556
0.6318
0.829
0.5924
0.0335
0.6453
0.4391
0.5219
0.2498
0.2052
0.6815
0.9027
0.9526
0.0616
0.4458
0.4909
0.7478
0.0332
0.9389
0.4507
0.0686
0.6127
0.7194
0.8365
0.409
0.1806
0.9301
0.7898
0.9668
0.8933
0.1033
0.3715
0.3316
0.2948
0.8522
0.5295
0.667
0.6209
0.7079
0.9075
0.5749
0.108
0.3604
0.3542
0.3894
0.6808
0.0669
0.6284
0.1523
0.7774
0.0978
0.0703
0.8025
0.1037
0.4974
0.1103
0.8916
0.7935
0.9194
0.4505
0.4152
0.2126
0.2701
0.7601
0.9014
0.5191
0.3265
0.9965
0.76
0.2447
0.7914
0.9719
0.6811
0.1051
0.2099
0.8679
0.0527
0.755
0.2705
0.1249
0.4408
0.9673
0.3468
0.69
0.1367
0.1563
0.8753
0.1701
0.0141
0.1333
0.2267
0.9793
0.2496
0.1695
0.5289
0.2702
0.0512
0.9712
0.3018
0.0534
0.4878
0.0349
0.8119
0.5211
0.9613
0.3621
0.6979
0.3743
0.517
0.0494
0.4987
0.6671
0.5395
0.6267
0.2946
0.1522
0.8449
0.834
0.3569
0.9075
0.799
0.4994
0.4665
0.7228
0.1763
0.5987
0.9188
0.6219
0.7057
0.4657
0.4078
0.6466
0.8059
0.9598
0.1911
0.9829
0.0
0.0
0.0
0.0
0.0
0.0
0.0
0.0
0.0
0.0
0.0
0.0
0.0
0.0
0.0
0.0
0.0
0.0
0.0
0.0
0.0
0.0
0.0
0.0
0.0
0.0
0.0
0.0
0.0
0.0
0.0
0.0
0.0
0.0
0.0
0.0
0.0
0.0
0.0
0.0
0.0
0.0
1.0
1.0
1.0
0.0
