112.48 242.42 87.52 3124.89 657.38 273.97
130.18 210.54 163.05 1672.92 582.42 325.95
129.85 302.78 180.55 3662.01 1084.16 507.21
889.76 1297.25 1788.76 3320.43 2359.77 1431.1
195.06 366.9 354.17 4420.31 1195.02 548.67
91.53 220.59 84.75 4791.42 978.05 396.22
199.45 407.83 179.76 3141.38 819.89 375.04
109.28 145.2 103.88 953.92 278.1 158.52
347.58 523.21 548.85 3373.52 1290.56 823.79
121.9 298.11 89.05 4611.67 910.35 352.86
95.47 230.51 102.67 4897.8 1002.95 397.3
116.03 277.35 119.39 4832.05 957.73 370.3
587.53 878.15 1079.96 2892.81 1546.16 942.61
512.24 676.05 832.07 1563.61 1517.36 1159.83
159.12 233.62 178.95 1678.12 549.49 327.19
621.67 881.59 1279.96 2303.46 1770.04 1051.45
775.25 1168.43 1564.07 4014.92 2395.27 1342.36
699.93 1062.89 1436.78 3289.86 2692.93 1761.43
100.79 167.93 96.69 1619.58 447.48 215.85
132.35 300.04 111.92 4240.47 919.75 361.33
128.47 346.62 96.23 4325.6 926.53 359.18
603.99 911.66 1259.76 3778.19 2468.4 1495.05
630.22 887.89 1149.49 2846.47 2311.3 1548.95
448.53 623.07 703.74 2311.3 1580.9 1139.99
253.21 370.53 338.51 2587.61 1077.0 678.14
233.7 396.66 281.69 2828.36 971.19 581.42
420.73 704.27 822.43 4107.02 1598.42 865.42
97.55 123.77 97.77 764.72 252.19 146.17
321.78 404.91 434.11 1114.52 912.23 733.11
252.68 488.75 223.37 3557.51 1027.1 538.07
504.8 823.68 1091.26 4200.34 1962.37 1116.35
103.36 238.56 120.76 4773.76 1005.18 410.03
371.34 634.33 691.35 4627.05 1607.87 805.9
230.77 519.65 190.42 4354.36 1079.88 465.6
321.94 414.9 435.3 1521.3 997.2 766.4
108.92 123.79 106.6 397.78 156.82 117.68
601.6 990.05 1180.32 4191.33 2061.46 1081.21
209.41 401.55 352.88 4485.26 1248.29 597.61
479.36 717.67 883.86 3130.71 1617.66 968.0
100.98 108.85 99.51 301.49 136.19 111.29
595.73 917.02 1198.72 3881.11 2512.15 1530.7
429.1 707.71 820.38 4099.43 1677.32 855.93
175.34 316.25 259.25 4051.16 1052.23 501.91
96.53 133.66 96.84 1041.35 315.53 165.38
120.95 289.48 89.53 4415.2 875.06 341.85
197.61 457.89 237.82 4740.79 1185.58 525.42
258.26 481.44 336.31 3883.45 1201.6 637.8
113.99 226.56 93.0 2982.26 617.69 261.54
209.14 333.25 273.87 2639.7 974.41 564.88
158.51 329.71 253.58 3751.66 1153.65 510.9
901.78 1353.72 2024.31 3135.35 2910.9 1892.82
193.55 326.58 338.93 2859.54 998.11 495.53
132.25 300.67 163.42 4837.38 1046.12 427.23
476.69 781.6 834.43 4550.67 1671.23 809.48
134.07 354.47 164.85 4849.07 1262.29 510.97
74.62 194.11 74.43 3845.64 877.41 318.95
144.0 290.15 171.1 4128.67 1081.99 490.83
112.01 146.67 118.8 920.79 279.52 168.52
314.15 493.64 404.5 3682.36 1311.51 836.41
256.04 391.93 358.57 3077.16 1164.44 700.82
472.38 756.79 994.67 4140.07 1802.13 1005.47
554.29 811.87 1152.05 2536.52 1921.64 1108.3
267.97 519.97 445.16 4577.86 1447.99 729.77
68.49 227.5 94.06 3576.4 899.35 341.14
496.38 807.91 907.61 4400.09 1717.82 845.41
161.98 306.85 189.36 4132.03 913.46 470.37
476.1 736.3 911.72 3209.01 1513.09 797.62
468.89 607.72 676.49 1576.03 1454.86 1178.66
204.88 338.59 274.57 3330.71 1122.52 621.56
167.65 383.23 191.23 4701.89 1043.71 431.23
270.76 627.91 233.18 5331.43 1349.62 581.28
138.28 302.83 168.63 4188.42 1065.51 458.37
612.99 920.53 1307.51 3225.67 2578.09 1494.05
596.76 954.04 1237.84 4084.62 2106.77 1196.66
55.37 239.89 75.65 4196.39 1024.74 371.66
95.18 177.37 93.95 2305.62 553.66 232.72
86.51 194.43 81.77 3373.14 773.08 296.53
465.95 608.43 675.54 1559.69 1457.08 1178.41
292.96 529.74 296.88 4731.11 1168.73 536.12
758.91 1112.13 1582.26 3539.19 2322.11 1335.25
92.35 206.89 94.59 4166.73 898.38 372.55
90.92 163.54 87.73 2302.25 552.86 232.23
810.68 1221.54 1704.81 3639.17 2834.84 1760.44
565.51 785.59 1048.26 2319.18 1755.27 1153.38
169.1 310.65 247.4 4272.26 1101.8 520.65
158.89 240.89 231.17 1612.98 538.97 302.86
178.42 241.63 248.33 987.55 426.12 265.03
334.77 545.55 377.51 2973.32 1192.08 761.86
130.57 301.56 155.01 4200.67 1160.81 500.61
268.49 365.28 345.42 1445.8 819.18 603.81
668.94 1015.56 1364.8 4009.85 2464.61 1370.8
210.64 427.56 253.28 3925.02 1105.66 549.32
313.01 614.05 530.91 4707.97 1563.73 779.64
203.19 319.13 267.02 3067.3 999.86 592.22
169.97 283.51 146.82 2078.6 487.42 225.02
317.61 506.91 580.01 2979.87 1418.54 753.31
270.89 453.61 333.64 4009.31 1256.73 746.82
725.43 1073.22 1588.89 2471.42 2693.37 1770.81
352.1 584.82 685.44 4169.79 1462.68 801.24
424.95 720.0 829.85 4269.1 2063.09 1141.29
296.07 440.9 376.35 2621.57 1097.84 733.87
449.3 671.55 905.72 2762.49 1897.21 1152.79
349.17 616.64 622.09 4408.52 1566.89 817.27
308.83 464.83 412.13 3454.41 1234.96 797.92
139.62 253.7 101.56 1844.81 456.29 217.77
451.05 683.9 967.93 2555.59 1962.59 1112.89
133.14 150.65 170.92 239.18 195.43 155.96
485.59 648.2 685.14 2264.88 1491.2 1170.94
253.49 516.96 344.8 4565.44 1329.27 662.97
655.22 954.53 1344.97 3309.85 2149.89 1264.95
340.06 574.26 666.53 4194.98 1518.95 830.58
94.79 183.63 93.47 2484.12 590.37 243.46
700.2 1069.55 1550.33 3417.72 2403.55 1502.91
653.25 976.31 1357.09 3753.34 2597.81 1601.76
100.86 173.67 96.41 1747.93 476.83 225.63
405.65 549.74 549.72 1794.05 1219.28 938.56
362.02 559.96 668.58 3406.75 1273.09 683.15
135.09 290.36 178.74 4456.38 889.4 383.65
141.04 323.47 134.44 4600.9 958.08 384.34
551.21 828.14 1152.69 3456.19 1845.38 1029.09
704.32 1075.96 1589.38 3178.52 2367.86 1475.42
132.83 251.33 194.2 3160.47 857.28 368.97
893.33 1292.63 1929.88 3389.19 2705.4 1585.21
90.79 164.48 87.55 2334.89 559.58 234.19
263.3 423.2 329.39 3274.33 1134.15 678.04
147.17 291.13 194.75 3980.18 857.73 401.06
470.51 731.14 959.82 3579.62 1721.91 1005.96
335.38 490.59 447.61 2772.48 1237.98 855.61
65.85 207.05 81.37 3234.63 807.62 307.88
124.47 264.19 131.03 4231.85 828.57 381.74
159.54 268.73 194.56 2630.36 803.92 425.01
99.77 102.88 99.27 196.97 116.17 104.45
98.83 251.31 113.95 4536.08 1055.49 396.36
864.24 1274.94 1848.19 3450.11 2939.39 1831.54
392.76 594.53 494.1 3306.64 1334.36 868.03
324.88 635.73 288.12 5391.95 1257.11 546.7
939.5 1379.9 1915.16 3355.92 2712.05 1721.98
72.77 200.94 72.58 4117.71 933.88 334.85
172.63 297.35 153.6 2670.35 595.89 248.77
257.06 326.55 337.21 1238.51 760.42 580.58
533.35 787.29 1001.27 3228.87 1903.26 1248.38
113.71 282.97 129.71 4242.78 1125.84 461.18
177.08 419.88 189.02 4573.54 1106.06 480.04
101.94 109.44 100.81 278.39 137.21 112.23
153.81 260.09 185.25 1948.0 572.31 297.56
152.27 195.78 180.43 1215.62 449.52 303.99
231.61 423.5 363.59 3913.55 1246.81 588.98
408.64 580.32 779.75 1642.73 1350.57 866.0
249.47 469.3 375.1 4176.29 1416.23 733.16
179.6 408.77 103.13 3605.25 815.77 336.59
429.13 583.22 600.56 2131.13 1421.49 1079.3
738.0 1181.83 1526.82 4056.93 2926.1 1813.14
547.45 820.1 1181.83 2868.6 1799.81 988.41
581.39 967.11 1061.21 4445.28 2176.29 1160.12
487.53 625.22 705.22 1443.64 1473.69 1217.96
842.74 1244.81 1800.52 3425.96 3404.86 2175.54
386.44 630.76 817.36 4026.21 2038.78 1054.89
79.35 212.1 86.2 4185.06 962.8 350.31
274.44 412.13 368.25 2646.72 1173.83 742.88
321.44 654.74 285.62 5799.92 1272.63 496.98
193.4 409.66 337.99 4532.59 1446.63 647.67
104.61 202.21 84.37 2670.94 576.99 256.32
78.02 181.5 77.86 3343.92 773.28 289.62
481.11 726.29 987.45 3515.07 1690.53 920.19
104.73 204.85 83.96 2737.22 589.29 260.35
247.71 400.97 444.98 3068.77 1000.14 490.43
445.47 575.52 632.1 1405.02 1318.56 1077.19
469.38 678.54 952.8 2389.45 1443.99 829.14
588.28 913.72 1265.42 3371.9 2425.95 1496.72
747.68 1120.67 1678.21 3833.22 3273.06 1878.96
100.13 101.15 99.94 126.2 104.71 101.47
355.52 623.93 592.86 4668.54 1599.03 787.16
416.19 557.68 589.94 2066.97 1369.21 1055.25
207.13 470.15 278.22 4740.21 1205.3 511.39
280.2 516.19 452.02 4686.21 1433.74 664.25
180.91 274.27 210.18 2037.43 676.25 401.66
197.6 366.74 273.39 3620.87 1024.55 485.16
120.58 255.07 165.46 4417.03 986.29 421.01
859.98 1319.28 1846.46 3829.05 3291.4 2094.61
197.73 365.55 172.12 3558.6 767.25 300.18
472.89 634.37 770.22 1639.24 1419.33 1062.31
319.39 436.47 432.72 2118.91 1138.26 804.17
656.31 992.04 1376.31 3851.94 2456.8 1365.78
462.99 742.52 859.95 3647.65 1608.31 914.12
300.88 420.36 404.88 2311.09 1129.29 770.35
632.9 959.21 1288.25 3723.08 1986.44 1126.47
162.27 340.61 205.39 4224.59 1235.85 575.07
776.69 1192.02 1479.88 4035.54 2332.3 1397.79
579.69 832.11 1106.01 2808.22 1648.8 1048.94
383.29 643.85 751.21 4225.68 1584.67 795.97
83.77 213.58 78.07 4036.85 909.56 336.38
166.46 307.84 175.58 3458.33 899.16 466.46
147.72 339.78 212.63 4670.66 1174.13 473.29
261.98 409.59 342.2 3408.64 1150.05 709.72
85.61 171.64 73.1 2846.99 501.91 210.51
754.0 1166.65 1589.82 3841.73 2375.54 1404.24
99.9 100.28 99.87 114.15 102.58 100.76
202.36 385.94 334.57 4504.75 1129.91 487.43
161.41 373.07 308.81 4083.63 1276.46 548.75
221.34 309.72 326.87 1249.03 521.89 308.64
107.81 189.15 92.19 1993.42 448.89 208.9
820.2 1186.45 1724.9 3439.03 2458.65 1428.57
227.17 354.88 300.75 2959.85 1077.69 638.6
146.44 226.19 134.27 1743.55 417.08 195.12
107.24 165.47 96.38 1591.03 367.81 183.57
100.1 108.7 99.58 294.57 144.49 114.83
360.38 516.73 493.68 3112.02 1312.51 909.49
205.25 296.62 226.22 1337.94 582.76 396.49
110.42 246.63 118.33 4051.35 985.61 405.61
291.47 519.97 497.54 4070.72 1280.59 619.38
102.78 290.31 129.0 4677.95 1208.66 461.82
398.57 529.42 532.07 1551.99 1188.28 931.13
326.5 435.65 447.3 1933.89 1106.29 817.32
164.61 365.75 188.73 4355.42 1246.15 588.43
180.36 310.74 153.77 2372.29 544.93 243.58
394.4 579.12 502.07 3064.05 1266.34 841.68
135.15 271.28 114.7 3335.85 774.91 321.77
197.68 360.47 172.22 3360.66 722.18 293.58
258.77 511.4 209.47 4492.68 970.86 387.47
497.45 636.5 719.95 1368.54 1486.28 1236.87
648.43 967.22 1362.55 3279.57 2307.34 1396.05
331.03 576.2 576.34 4490.62 1471.58 707.62
158.69 419.56 150.21 5000.64 1132.31 460.04
136.22 306.67 113.89 4382.3 910.38 379.06
300.73 525.71 317.1 4421.92 1155.67 562.9
199.99 487.87 103.93 4503.18 999.13 397.2
203.45 405.02 292.34 4423.72 1084.51 486.06
378.14 660.29 679.22 4567.07 1630.07 831.67
222.14 463.86 457.03 4099.6 1391.92 648.6
173.82 319.04 207.83 4061.42 933.97 496.25
91.39 238.27 89.2 4041.94 910.79 337.2
89.85 129.97 86.57 1591.5 371.87 180.58
534.69 830.33 1124.85 3929.78 2252.31 1328.0
248.55 494.27 222.91 5101.04 1085.33 403.8
414.54 701.33 864.8 3883.28 2027.17 1129.26
752.98 1139.1 1625.6 3510.5 2780.02 1714.67
101.56 234.19 93.45 3101.82 786.42 328.85
140.74 174.2 164.31 874.8 373.14 263.56
76.42 198.33 82.35 4189.53 882.7 358.87
214.11 328.96 276.05 3173.85 1036.25 611.42
794.49 1181.11 1659.65 3605.92 3011.61 1886.24
178.08 333.19 205.24 4322.94 1038.27 514.91
641.31 973.51 1286.04 3330.77 1917.75 1102.43
162.37 334.19 223.38 4626.22 1083.47 478.33
93.3 207.53 91.6 3165.57 730.54 284.47
213.79 369.4 329.05 2848.28 1067.71 570.2
252.57 335.07 435.91 784.11 627.68 410.56
188.46 335.89 165.41 3052.97 663.47 275.31
208.54 396.41 244.78 4371.49 1178.25 614.4
131.41 253.06 113.14 2991.62 703.11 298.18
475.79 609.98 685.55 1374.12 1424.62 1180.24
389.11 684.78 596.59 4870.2 1608.9 798.84
125.87 167.84 117.31 831.5 243.23 146.22
236.11 309.86 316.62 1377.61 750.85 556.51
138.0 253.73 165.08 3799.75 954.47 466.52
88.16 162.17 80.64 2850.44 595.43 256.0
310.62 607.08 541.21 4690.58 1468.32 676.65
495.84 739.69 878.28 3045.35 1756.6 1122.4
259.49 428.19 348.53 3688.85 1264.41 729.36
172.07 303.82 211.39 4137.83 1084.72 565.95
375.95 469.79 516.87 1067.9 1059.51 872.4
599.47 865.4 1257.43 2027.07 1981.12 1283.98
129.91 284.96 111.02 3928.19 857.93 341.62
243.83 479.22 384.74 4578.24 1252.95 563.0
408.01 664.99 482.09 3536.84 1432.26 937.4
494.48 633.31 716.2 1382.67 1484.04 1231.98
97.09 110.8 97.07 529.88 189.22 125.13
81.85 215.55 92.63 4177.05 971.69 358.56
955.82 1398.61 1963.01 3283.33 2756.95 1760.82
750.24 1163.64 1688.3 3629.82 2605.74 1604.47
232.27 398.12 269.45 3418.06 1051.93 603.04
249.27 409.57 299.45 3429.33 1111.93 636.24
346.49 623.86 724.9 4322.48 1748.7 891.77
565.12 873.55 1034.97 3492.39 1742.55 1026.09
334.02 662.98 320.26 5614.7 1322.94 560.06
531.92 813.02 1112.52 3860.14 2100.43 1150.18
236.34 589.75 142.11 5432.68 1219.29 480.81
223.54 454.39 249.28 4216.03 1185.49 613.38
347.53 449.52 481.0 1340.01 1001.3 797.99
350.23 504.3 494.87 2549.01 1370.73 948.3
365.87 514.17 545.49 2229.28 1204.05 820.5
222.51 426.71 386.47 4403.29 1291.86 564.89
94.51 153.24 95.0 1588.9 440.89 203.41
208.6 343.8 244.81 2406.39 796.92 476.94
100.62 153.08 97.41 1287.51 371.54 190.53
815.97 1216.76 1794.28 2984.04 3098.95 2026.76
170.15 322.53 195.08 3427.67 906.99 408.14
96.19 111.24 94.96 659.37 201.96 130.22
135.34 373.47 102.64 4698.34 1011.89 393.55
163.67 332.93 162.34 4115.19 980.3 435.24
213.22 395.28 194.21 3803.98 843.02 337.6
248.71 489.77 226.99 4995.64 1074.69 404.31
225.9 345.4 298.31 2835.35 1058.99 627.41
369.05 575.24 719.55 3563.01 1645.26 941.49
418.5 628.85 762.73 3083.62 1599.35 1015.2
93.2 125.21 93.15 1103.45 308.27 158.65
403.37 691.22 741.98 4297.38 1648.33 837.84
535.69 716.71 747.31 2313.96 1572.69 1234.65
386.86 529.45 531.06 2295.49 1252.19 939.83
65.11 191.75 71.14 4397.42 896.58 342.66
325.14 452.38 426.43 2206.91 1100.1 786.19
973.25 1415.57 2094.31 3273.25 3187.14 2028.16
261.09 334.63 338.67 1154.08 748.89 578.67
286.87 469.86 526.54 3859.28 1511.91 824.98
356.57 447.66 485.69 1074.49 1005.83 819.66
585.69 820.65 1143.12 2049.93 1525.08 988.03
143.91 272.21 200.01 2619.47 860.88 440.97
129.72 244.33 152.0 2802.64 816.86 384.31
472.24 771.5 804.07 4547.84 1644.14 810.43
87.91 209.08 87.26 4449.26 941.53 379.76
62.24 170.63 58.92 3869.77 776.11 296.67
212.23 535.32 104.41 5041.9 1109.13 433.56
114.46 309.37 81.75 5179.15 1059.7 420.93
528.97 780.69 1078.02 3389.46 1756.92 978.64
92.45 137.6 85.88 1541.63 310.92 158.0
404.34 563.76 557.38 2405.26 1397.48 1022.12
813.59 1180.1 1666.11 3084.95 2925.08 1894.95
284.16 558.51 467.69 4369.56 1415.42 700.92
266.48 443.84 406.83 3059.36 1305.64 791.95
235.67 469.61 338.76 4595.06 1178.78 531.0
158.76 327.92 102.31 2687.46 628.36 274.65
139.23 221.04 132.89 1299.61 393.82 211.91
696.66 1049.79 1480.18 3311.21 2696.99 1750.23
371.88 493.29 557.58 1597.06 1122.74 824.78
82.38 255.15 127.67 3774.3 1002.95 397.05
753.76 1109.91 1527.99 3714.57 2274.62 1286.4
93.83 176.74 80.41 2685.67 531.21 218.6
331.62 584.38 409.43 4741.38 1270.31 584.29
104.45 189.12 102.01 2674.05 528.7 250.38
184.93 359.41 298.53 4364.04 1216.32 526.29
355.91 530.62 434.32 2949.06 1172.11 756.03
592.85 920.64 1240.89 3964.76 2382.64 1422.52
147.46 331.26 119.85 4469.0 1011.25 399.44
392.54 686.52 490.08 4648.44 1382.3 691.21
404.59 558.62 563.42 2297.33 1376.94 1022.5
81.29 169.35 81.16 2860.19 672.88 261.34
210.08 291.71 261.73 1302.66 633.69 451.49
202.18 377.65 175.4 3716.12 797.64 309.29
314.68 677.12 347.72 5210.46 1516.68 709.7
179.99 321.24 219.38 3833.3 941.71 517.93
546.67 837.04 849.9 3672.14 1866.22 1213.67
376.27 637.53 415.19 4218.77 1325.08 749.06
484.58 758.56 989.14 4025.3 2024.35 1068.83
753.59 1038.67 1437.47 2604.52 2188.14 1464.77
162.77 343.49 102.47 2864.14 664.44 286.57
567.05 745.34 801.0 2018.48 1623.64 1318.98
335.41 448.83 453.96 1952.75 1083.11 814.48
115.83 249.69 125.85 3560.63 876.16 368.45
100.22 118.6 99.09 516.16 195.16 131.73
100.82 170.8 96.55 1683.78 462.16 220.74
228.11 371.05 277.15 2451.81 888.6 550.01
445.78 596.29 629.57 1946.93 1437.61 1117.71
637.42 981.74 1373.34 3725.34 2144.81 1165.58
197.09 363.14 328.9 3380.51 1062.32 482.71
128.63 211.05 101.12 1360.69 357.43 185.09
195.97 364.87 269.26 3654.09 1030.32 484.51
282.42 458.08 509.95 3816.31 1221.53 622.99
83.29 189.34 102.59 3548.39 765.63 313.64
441.51 698.25 904.55 3773.62 1806.41 1007.76
406.17 628.39 795.89 3439.49 1584.64 848.51
932.72 1360.25 1949.72 3224.36 2879.61 1769.51
348.69 458.13 475.61 1881.45 1141.64 859.52
122.82 273.16 137.67 3959.44 973.43 409.45
85.93 236.58 87.17 3919.62 974.51 365.29
725.16 1030.66 1449.48 2852.43 2221.0 1400.14
609.91 948.55 1328.09 3629.15 2580.13 1580.84
601.39 817.94 1084.29 1816.68 1966.4 1410.87
324.34 650.21 300.23 5606.48 1248.14 496.37
100.75 102.89 100.03 132.84 106.71 102.22
850.51 1245.98 1814.97 3557.49 2948.82 1711.2
857.74 1235.48 1791.61 3312.19 2883.01 1732.23
173.68 318.52 305.97 3777.28 1019.77 462.68
656.42 984.95 1466.11 2394.79 2081.7 1329.42
400.99 677.95 717.37 4611.06 1782.35 889.16
124.07 311.82 94.91 4952.47 1045.08 436.32
169.69 386.67 158.29 5127.24 1198.62 480.05
177.7 338.64 303.66 4487.58 1201.33 548.21
98.9 110.67 99.0 398.32 168.3 120.72
251.58 439.99 487.37 4186.22 1376.51 663.3
425.79 716.53 574.43 4365.01 1474.76 798.45
137.39 306.8 165.12 4127.01 1161.42 512.09
260.99 468.06 453.46 4473.19 1382.99 698.7
348.07 487.68 641.11 1485.94 1026.62 676.78
630.96 984.17 1161.76 4207.56 2078.73 1163.99
453.53 599.67 645.93 1807.8 1434.57 1135.49
201.25 472.35 262.63 4933.9 1223.92 509.17
284.26 548.69 422.4 4349.77 1402.78 731.49
157.34 305.43 253.68 4420.09 1110.4 485.13
281.3 428.4 375.68 2799.28 1063.38 679.77
94.13 129.24 89.02 1221.33 264.06 145.11
168.47 326.15 227.69 4191.02 1180.86 555.4
137.9 324.47 192.1 4668.49 1138.08 446.73
102.13 239.94 116.55 4210.02 792.45 322.22
234.19 365.02 318.72 2174.58 651.0 331.9
218.54 279.38 283.79 1126.81 622.23 463.39
839.27 1192.04 1692.75 2914.17 3136.66 2115.58
454.97 772.08 991.87 3817.53 1843.69 1004.24
333.24 584.25 379.15 4068.39 1120.86 555.61
650.13 957.42 1277.77 3204.84 2179.58 1337.6
790.82 1180.08 1717.49 3383.9 2834.86 1780.23
711.27 1163.54 1497.38 4129.13 2471.49 1470.19
284.71 554.92 288.84 5284.6 1195.0 482.11
128.74 236.64 159.36 3324.9 851.26 428.06
153.26 244.72 139.3 1984.83 463.63 209.09
74.46 193.37 88.95 2727.49 701.23 281.93
317.78 449.3 613.44 1209.16 1050.35 693.57
443.07 691.59 902.13 4110.76 1885.44 995.76
100.68 106.13 99.66 239.65 125.08 107.83
276.86 530.05 285.2 4944.25 1149.63 476.27
94.31 207.65 113.79 3973.59 875.67 358.97
913.61 1302.39 1947.02 3221.45 2649.45 1568.91
91.85 142.93 93.26 1939.61 445.69 206.19
551.42 830.15 998.37 2904.09 1481.17 853.33
182.96 348.86 216.11 3504.4 1098.07 566.32
164.04 325.36 233.37 4236.15 987.59 423.63
894.83 1315.48 1908.87 3417.11 2983.14 1875.68
618.36 938.75 1329.16 2868.4 1943.81 1184.61
297.02 515.65 543.92 3518.37 1359.27 718.36
100.62 113.72 97.9 445.13 164.03 120.99
625.03 958.03 1345.74 3658.11 2192.12 1206.9
90.42 219.16 69.58 4114.93 769.57 284.16
433.43 603.88 800.76 1751.68 1163.5 753.04
464.57 684.19 938.46 2657.22 1671.53 939.77
308.41 480.81 431.67 3185.0 1189.32 714.15
200.52 331.78 260.59 3877.1 1114.07 614.09
301.22 431.69 543.08 1736.55 900.9 548.74
239.03 465.66 435.1 4463.63 1618.67 780.03
101.92 265.16 91.94 3794.71 944.86 381.67
756.68 1156.45 1540.01 3884.98 2398.46 1351.01
274.66 413.4 480.41 2370.27 977.17 572.11
85.11 192.61 88.76 3416.77 808.95 313.18
250.72 460.21 443.07 4585.77 1347.41 655.36
568.89 847.33 1058.8 2919.66 1804.22 1180.22
139.28 318.17 120.29 4491.63 983.69 390.32
531.79 937.98 962.36 4558.97 1912.49 1030.19
680.41 1089.35 1407.26 4303.88 2322.43 1354.82
69.44 263.77 108.1 4312.67 1091.54 407.29
151.99 280.68 151.51 3178.24 762.49 373.44
100.95 105.89 100.35 221.86 124.13 107.69
323.28 433.43 428.34 1671.96 1012.24 761.2
325.72 494.66 423.02 3305.7 1237.41 811.73
162.33 317.78 161.45 3821.07 899.31 429.14
272.65 433.67 436.97 2739.47 1034.51 588.07
391.8 692.28 617.6 4862.72 1505.36 721.7
192.49 438.75 115.4 3850.94 885.99 372.43
260.31 489.63 490.03 4421.09 1500.53 677.37
475.73 707.56 883.64 2944.54 1501.21 882.84
117.7 148.08 113.06 726.22 220.81 136.24
259.11 509.1 448.46 4551.55 1651.16 822.32
101.04 189.29 95.64 2097.52 556.77 252.28
286.54 434.55 361.57 2915.23 1128.32 713.04
475.09 725.36 873.19 2964.89 1536.57 935.69
238.83 515.96 337.73 4842.89 1256.32 552.97
423.7 574.64 595.63 2106.23 1399.44 1066.61
305.03 457.77 510.63 2807.35 1100.48 632.72
122.1 217.07 153.68 2379.77 637.71 284.91
89.2 204.82 90.15 3031.35 771.14 303.6
846.31 1258.18 1840.82 3137.37 3211.14 2118.3
346.31 583.77 646.74 4192.82 1548.73 790.93
180.67 210.65 225.39 403.02 389.33 332.64
97.64 129.31 92.52 1087.48 264.68 145.3
101.09 112.46 98.91 364.56 148.75 115.22
496.79 636.01 718.81 1369.02 1484.2 1235.51
94.87 149.84 95.32 1493.73 419.1 196.8
96.7 152.95 95.86 1609.42 410.46 190.83
137.11 285.02 191.07 4726.61 1069.97 459.48
772.32 1124.06 1594.47 3454.49 2155.81 1294.16
457.1 595.57 656.95 1669.25 1414.06 1145.75
406.02 698.78 621.63 4722.89 1357.52 620.35
206.41 398.38 215.8 4342.42 1161.24 555.81
741.6 1120.88 1585.69 3540.77 2651.14 1613.46
107.13 227.31 117.19 4257.86 949.29 411.67
269.57 405.42 366.43 3469.49 1210.72 754.84
106.38 241.37 78.38 3655.9 759.73 316.21
81.35 169.15 81.21 2852.34 671.25 260.88
689.76 1044.81 1335.89 3830.91 2032.8 1162.22
152.37 331.16 190.3 4285.77 1225.94 555.77
391.51 631.03 688.49 3865.73 1589.12 899.96
91.2 161.59 88.11 2234.83 539.0 228.18
553.01 791.74 1188.8 2014.71 2155.45 1283.25
465.5 656.8 905.37 1818.91 1191.12 740.16
89.54 130.88 86.16 1636.58 380.08 183.01
283.31 538.96 511.28 4566.54 1550.28 725.15
97.69 250.07 112.15 4527.69 1059.97 401.18
666.79 979.54 1318.82 3086.75 2198.58 1432.15
392.21 536.24 554.43 2745.44 1382.38 1004.86
91.64 203.91 73.48 3600.88 683.84 260.58
189.94 384.52 217.15 4525.06 1135.41 511.19
138.71 395.28 103.84 5052.25 1083.93 417.86
419.91 771.59 541.39 5419.05 1499.91 693.35
392.74 505.73 538.57 1450.46 1175.01 931.84
100.36 170.01 102.19 2153.39 544.62 244.99
530.29 750.8 956.66 2726.87 1746.54 1135.18
223.37 573.31 110.13 5441.51 1196.38 464.47
98.16 253.98 84.11 4860.96 919.38 336.9
721.74 1126.29 1626.87 3826.33 2514.19 1530.84
433.95 610.95 732.89 1908.5 1390.28 975.86
467.34 691.32 941.3 2570.92 1581.98 968.68
439.5 639.74 571.52 2775.4 1408.7 998.03
560.16 887.53 1182.07 3857.01 2312.77 1342.2
160.59 218.2 196.68 1505.25 558.59 362.87
476.59 729.19 950.52 3523.7 1605.82 876.52
547.95 847.25 1187.06 2773.46 1836.36 1128.9
460.62 612.99 656.5 1753.52 1446.29 1153.23
534.22 846.78 1049.59 4009.09 1932.33 1089.12
333.08 602.58 617.54 4715.59 1538.8 781.87
244.05 367.65 313.52 2901.19 970.93 627.09
919.47 1340.66 1956.03 3398.32 3612.38 2335.97
177.75 378.65 287.84 4438.92 1346.42 579.69
269.06 516.17 277.61 4948.09 1128.23 444.22
162.95 317.02 177.4 3524.5 898.4 394.18
87.87 222.42 122.0 4370.85 963.56 391.54
831.53 1245.81 1803.24 3481.08 3123.62 1960.8
350.24 551.43 433.86 3515.04 1238.08 736.46
111.25 169.6 104.15 1540.49 385.2 190.92
178.14 334.92 235.82 3530.46 887.57 414.05
340.04 446.93 456.59 1403.09 1016.27 791.02
252.27 407.89 322.63 3830.12 1149.88 675.49
834.91 1241.7 1750.07 3651.38 2574.04 1480.95
199.77 339.23 243.69 2831.71 990.67 558.74
134.77 393.83 97.73 5112.01 1082.46 408.88
295.71 461.18 380.59 3027.1 1178.87 766.66
442.67 668.8 831.47 2799.91 1758.18 1097.09
100.84 225.16 131.13 3681.75 887.88 341.07
131.9 245.2 152.82 3805.8 934.54 446.31
259.21 392.6 347.79 3393.65 1192.16 746.05
158.7 252.42 196.28 2512.5 804.03 431.99
203.62 357.7 263.28 3411.66 1167.42 623.62
136.08 333.82 122.88 4556.76 972.68 392.22
221.7 419.16 181.43 3541.26 773.82 317.45
492.29 746.48 1034.89 3623.0 1773.42 948.27
128.19 300.12 100.21 4464.79 904.22 363.14
251.38 391.92 332.11 3275.78 1063.4 679.68
550.59 924.46 978.52 4408.12 1923.69 1019.67
305.54 433.8 411.79 2355.44 1143.15 777.59
533.74 753.54 889.78 2249.75 1458.08 1006.13
108.94 298.21 69.69 5085.6 1024.99 403.15
357.11 498.8 500.63 2952.66 1333.25 933.31
636.91 944.89 1384.47 2348.17 1909.35 1190.95
231.6 457.58 197.11 4757.19 998.49 369.55
416.86 715.28 546.19 4584.35 1462.05 763.21
554.63 711.22 802.08 1789.6 1593.91 1328.92
482.48 636.81 683.19 1622.02 1471.46 1191.77
384.75 523.26 554.92 2108.71 1333.93 985.53
543.84 891.45 1196.05 3836.82 2474.79 1473.93
340.0 604.12 649.86 4252.86 1634.98 807.11
96.49 117.5 93.43 771.07 198.18 127.0
169.45 342.41 217.25 4013.97 1225.8 591.24
119.39 275.87 153.46 4558.79 885.19 372.76
101.77 220.31 94.74 2781.19 714.14 305.4
71.83 152.68 69.36 2911.94 604.32 246.7
329.74 547.63 422.78 3868.37 1234.7 658.7
882.71 1293.83 1930.89 3371.41 2702.4 1540.45
92.37 240.03 94.24 4614.78 803.55 308.02
380.64 719.44 457.15 5508.83 1419.23 610.41
95.96 128.28 94.54 1080.17 301.56 158.85
74.96 178.47 86.34 2397.85 618.73 252.39
300.61 626.11 234.23 5772.66 1210.73 458.44
100.41 109.09 98.61 328.53 142.4 113.9
103.64 234.71 116.69 4667.06 1002.39 416.28
871.98 1313.49 1940.32 3462.68 3388.12 2192.09
325.2 581.0 641.0 4204.26 1615.09 811.2
72.2 187.14 84.83 2651.71 676.03 269.22
266.07 472.89 325.2 4373.11 1302.19 676.6
511.09 861.18 809.65 4720.93 1919.33 1082.87
796.25 1192.59 1656.78 3428.83 2032.7 1190.74
380.79 607.27 661.1 3644.24 1595.15 934.17
519.93 808.36 918.91 3866.42 1820.22 1081.82
275.95 439.07 383.08 2354.04 803.42 431.06
317.75 456.76 424.74 2311.03 1191.44 820.21
468.52 672.86 616.96 3131.37 1468.05 1034.23
308.46 443.65 432.62 2628.56 1251.16 839.87
454.56 573.87 647.98 1370.21 1266.02 1059.75
374.03 551.24 621.84 2788.24 1337.22 845.17
123.31 163.33 117.2 924.76 259.12 147.74
139.6 207.61 129.22 1501.54 370.39 181.12
417.07 661.19 805.52 3977.82 1619.7 892.26
232.48 451.78 429.81 4588.31 1544.43 704.85
644.46 971.06 1275.99 3670.26 1954.02 1109.14
81.54 201.24 69.78 4541.73 902.0 353.69
180.6 425.67 175.54 4661.99 1138.26 515.61
836.26 1248.56 1864.65 3863.4 3565.11 2061.22
88.71 209.56 89.71 3163.95 801.5 312.81
202.94 468.97 271.8 4729.1 1192.08 514.17
122.36 238.25 108.24 2961.57 666.55 280.61
103.88 186.05 86.84 2264.4 501.56 231.61
346.12 603.38 675.73 4291.45 1935.88 1026.78
165.94 356.1 188.36 4128.2 1193.8 569.7
402.59 525.8 543.33 1583.8 1182.96 924.98
129.53 282.61 110.88 3879.62 848.31 338.56
89.87 262.68 87.29 4737.86 1053.93 379.08
175.08 368.68 260.04 4539.17 1192.39 504.86
261.76 490.36 500.13 4551.06 1643.74 771.31
76.89 143.22 74.86 2407.11 513.78 220.36
805.1 1204.73 1675.62 3354.98 2032.51 1193.83
83.12 184.04 68.44 3322.47 571.48 229.64
324.12 469.27 442.03 2868.0 1238.36 848.95
151.9 408.86 136.97 4964.11 1103.19 436.09
430.08 674.91 753.18 3366.88 1388.19 809.47
448.32 711.46 849.8 3673.37 1668.71 927.72
170.22 356.86 197.4 4029.08 1169.05 566.19
360.97 490.07 505.66 2102.87 1198.88 910.74
257.92 512.29 222.25 5168.98 1086.44 418.77
72.27 204.16 72.41 4231.23 958.19 341.97
341.28 509.56 471.02 2766.44 1375.17 933.86
402.3 785.75 603.69 4944.6 1614.0 793.05
152.5 239.99 138.82 1852.42 434.39 204.04
908.42 1317.81 1878.99 3132.3 2793.4 1738.81
161.05 265.9 145.05 2260.65 516.85 225.05
258.92 564.72 193.76 4662.95 1196.61 560.63
342.27 609.87 706.53 3974.82 1832.85 979.39
135.47 159.23 152.95 584.5 281.29 218.72
79.75 206.3 66.9 4802.49 947.05 366.71
98.56 113.93 98.69 489.54 189.19 127.06
198.68 403.99 257.1 4587.49 1158.0 499.42
559.96 858.03 1006.4 3835.1 1833.78 1037.03
195.89 392.7 196.64 4524.02 1162.59 534.08
444.78 682.85 756.22 3235.12 1475.99 867.05
538.9 692.7 779.28 1879.48 1587.69 1303.88
88.48 180.65 84.43 2895.31 674.82 267.84
887.89 1302.55 1877.31 3561.51 3010.37 1754.79
117.77 186.6 107.43 1736.01 441.23 212.13
78.38 203.07 85.75 4263.15 903.49 369.69
117.49 225.0 150.59 3022.65 794.28 342.28
182.27 312.32 232.63 3984.81 1088.54 576.9
346.08 577.89 702.2 4159.33 1411.57 703.77
81.72 197.77 84.6 3695.25 862.68 325.64
493.55 805.51 977.47 4059.52 1917.72 1097.89
862.84 1267.16 1846.56 3388.72 2914.08 1821.49
504.09 812.19 1026.32 4142.26 1977.03 1040.38
685.18 969.23 1323.63 2687.78 2567.72 1749.47
155.51 296.74 190.67 3334.38 1020.53 495.57
415.47 521.95 576.26 1139.02 1185.42 978.83
229.96 409.65 409.39 4550.6 1303.67 637.86
99.34 299.02 173.29 4242.71 1132.13 440.99
90.42 150.3 84.34 2325.35 500.85 226.22
279.17 438.92 317.44 3003.53 934.29 530.93
764.92 1094.8 1544.25 2986.51 2085.23 1309.16
191.07 414.19 211.31 5047.09 1227.77 509.06
775.98 1154.36 1713.58 2617.23 2306.46 1450.56
479.29 754.63 977.41 3777.24 1527.85 817.52
241.54 469.65 214.93 4628.76 983.31 381.21
101.74 119.88 98.26 522.16 177.79 124.28
98.84 104.3 98.83 271.06 135.5 110.0
525.65 826.67 1138.48 3778.11 2500.95 1366.49
139.28 387.92 106.75 4892.88 1055.94 411.65
90.21 148.76 81.69 1969.6 373.54 175.22
318.24 472.39 442.27 2857.77 1299.59 861.38
823.34 1193.95 1749.62 3277.78 3310.66 2026.33
539.5 794.59 998.34 2499.26 1470.24 910.91
789.97 1178.71 1661.92 3725.4 2769.67 1588.41
270.74 454.24 488.49 3709.63 1444.47 759.71
307.07 555.53 414.22 4456.98 1200.37 536.96
333.71 466.14 439.42 2151.68 1124.92 811.06
410.33 595.03 686.43 3033.85 1520.95 965.68
414.4 724.25 647.99 4858.41 1488.93 719.6
337.72 489.22 416.73 2015.47 1070.15 765.41
211.67 533.16 104.39 5017.42 1104.14 431.91
262.03 496.43 243.95 4815.65 1098.22 454.75
99.38 111.23 98.57 468.16 157.59 118.08
954.11 1383.09 2045.68 3198.44 3475.49 2246.83
329.41 474.34 450.52 2821.98 1245.88 860.8
260.93 381.99 352.52 2329.55 1026.08 674.36
408.65 522.05 559.55 1344.12 1180.71 949.67
303.23 507.13 588.47 4251.8 1473.6 765.69
229.45 296.36 361.93 797.52 579.34 405.17
120.16 241.71 102.12 2890.02 637.06 282.29
370.66 571.21 436.19 3113.62 1205.08 765.33
226.53 575.04 114.41 5416.88 1203.33 475.31
937.23 1380.75 2122.72 3688.95 3940.14 2306.96
380.44 487.46 523.87 1522.13 1161.84 916.73
226.05 442.16 278.08 4637.38 1241.75 564.99
96.81 105.96 96.53 417.98 157.03 116.59
413.81 700.47 635.21 4557.4 1369.26 653.6
727.45 1074.53 1523.91 3254.59 2598.67 1660.59
217.56 406.82 254.75 2680.23 784.21 384.72
116.49 270.93 118.27 4666.06 933.71 367.32
385.08 639.72 526.4 4283.46 1471.49 798.76
279.42 352.45 362.88 882.55 741.7 599.03
172.85 382.59 102.86 3308.04 755.08 316.53
256.72 408.09 344.65 3551.15 1242.82 727.35
543.6 707.05 779.72 1908.69 1590.65 1304.12
140.78 326.63 125.93 4641.94 1013.01 395.37
385.05 580.87 740.1 2427.07 1507.26 945.12
316.28 431.27 423.62 1635.99 944.33 715.27
354.35 604.75 607.09 4202.52 1453.79 748.96
140.03 211.78 168.92 1619.3 453.76 242.67
370.12 549.74 493.69 3101.98 1337.09 922.74
325.56 600.13 425.54 4997.95 1286.51 553.82
167.73 362.73 102.66 3082.64 709.06 301.32
291.76 449.22 391.2 3109.05 1191.25 747.14
515.4 781.31 736.02 3630.53 1580.38 1020.42
302.84 503.92 331.6 3857.58 1122.06 592.33
416.82 583.38 593.59 2651.46 1490.64 1071.41
417.93 665.12 860.6 3899.47 1723.04 971.73
182.6 366.08 214.38 3904.6 1188.07 595.4
156.17 368.25 169.14 4712.46 1071.61 450.44
96.75 152.15 95.92 1586.73 405.79 189.46
90.54 191.81 91.38 2667.64 687.87 278.34
768.76 1136.97 1526.47 3684.42 2112.2 1241.88
95.06 147.97 95.49 1441.54 407.15 193.18
656.44 999.09 1243.51 4016.19 1892.99 1060.7
250.74 428.95 292.92 3305.26 874.63 410.87
98.81 108.33 98.39 388.75 159.38 117.34
389.05 527.19 511.72 1979.72 1179.81 875.98
91.39 238.25 89.2 4041.49 910.7 337.18
246.43 375.25 333.09 3286.9 1160.04 715.54
957.56 1387.87 2053.16 3199.15 3485.83 2254.38
654.67 1044.85 1444.0 4073.56 2379.74 1422.1
106.53 131.8 102.73 700.83 225.32 141.18
154.64 302.67 245.38 4345.21 1088.93 489.0
95.21 114.14 93.66 803.68 228.27 138.02
78.77 188.35 95.24 3688.59 779.71 312.47
532.45 678.53 768.72 1606.61 1521.29 1268.55
194.38 276.29 250.18 2115.11 775.38 493.94
765.27 1143.22 1714.26 3877.19 3337.44 1917.0
86.28 143.01 92.52 1359.34 384.29 183.52
410.92 604.4 604.49 3269.11 1547.83 1055.43
494.97 683.18 832.22 2048.66 1653.66 1176.96
259.3 511.65 435.26 4591.05 1328.26 640.26
415.18 659.75 718.64 3716.91 1757.15 1021.01
442.44 639.85 578.8 2708.17 1412.59 1009.62
568.53 894.53 1133.72 4016.37 2452.05 1474.79
97.61 129.74 92.41 1102.1 267.12 145.97
764.81 1141.88 1614.19 3601.39 2551.12 1591.44
121.85 206.46 109.14 2111.26 519.49 237.84
209.81 310.13 282.12 1541.41 543.94 297.17
554.77 795.94 1169.87 2185.04 1652.5 950.96
237.9 384.78 424.04 2200.51 912.08 495.65
776.04 1149.39 1602.99 3778.46 2398.94 1355.21
68.21 180.68 72.54 3923.35 802.4 310.81
202.97 269.43 352.91 700.76 497.0 336.15
244.55 405.21 290.31 3237.71 1056.11 626.96
244.62 358.2 275.46 1835.12 701.06 450.61
59.46 183.22 56.95 4385.81 874.78 329.41
823.93 1255.83 1815.94 3548.44 2596.63 1583.16
525.79 914.62 908.24 4591.28 2002.24 1095.36
214.05 383.49 247.98 2404.69 728.16 369.04
212.48 348.9 207.38 2370.4 647.71 339.27
378.52 630.88 776.61 3417.52 1798.05 1008.44
104.73 222.84 118.86 3603.04 904.18 377.2
130.96 184.13 122.85 1195.75 311.4 163.42
94.1 194.82 92.59 2803.2 656.0 262.66
241.36 445.53 318.7 4431.42 1291.0 641.86
337.19 578.36 476.95 4090.25 1325.49 665.52
176.61 346.44 256.98 4391.32 1088.88 498.78
209.75 414.46 357.89 4528.48 1288.57 552.92
716.26 1082.5 1354.77 3865.34 2002.96 1139.19
518.44 889.2 867.56 5159.5 2134.17 1079.33
161.03 260.04 140.83 1825.6 437.88 209.04
461.44 678.69 736.07 3040.28 1461.93 896.6
84.59 180.9 74.81 3679.15 744.71 303.0
82.92 150.42 77.41 2608.96 557.33 235.55
98.96 207.07 109.66 3241.35 777.02 311.28
121.02 200.72 153.62 2195.16 590.58 268.78
100.7 106.02 99.91 203.16 120.18 106.33
177.4 288.98 213.74 2295.35 792.83 453.77
165.21 305.37 146.27 2160.26 572.12 274.13
462.07 769.7 951.12 4135.68 1808.44 1015.94
794.29 1201.35 1726.57 3536.33 2499.59 1395.09
80.37 197.74 63.3 3847.86 648.35 250.78
480.24 636.27 678.21 1655.21 1469.11 1185.5
321.69 604.08 553.12 4444.39 1439.82 686.65
234.69 300.13 302.27 1001.49 669.2 510.58
330.58 580.44 644.25 4332.2 1734.71 836.3
296.62 428.13 416.59 2745.12 1206.25 822.12
545.58 709.76 787.16 1891.84 1622.32 1323.44
489.07 704.29 840.76 3024.6 1758.29 1167.05
100.99 185.19 95.84 2005.79 535.79 245.29
158.51 245.03 200.24 2458.45 733.65 423.42
435.07 716.79 918.63 3478.13 1962.72 1120.28
581.32 870.11 990.73 3466.86 1808.75 1104.55
112.38 176.57 104.56 1684.74 413.75 200.02
355.23 618.02 372.24 4369.25 1235.74 656.45
68.24 159.41 65.44 3271.08 668.73 265.44
94.14 130.74 90.43 1460.11 344.99 177.14
84.43 265.91 87.67 4688.37 1154.56 421.61
460.85 650.63 851.89 1926.64 1400.37 957.94
295.07 496.71 320.76 3905.23 1081.21 557.19
79.1 165.51 88.6 2018.3 533.05 227.22
91.84 241.34 98.25 4523.86 1037.78 384.04
416.6 638.94 514.9 3298.12 1378.41 907.86
319.28 509.69 576.03 3710.43 1391.81 791.5
329.47 606.7 452.84 3671.73 1234.67 650.88
198.3 367.11 172.54 3578.83 771.16 301.35
308.68 535.49 324.02 4330.38 1161.15 585.1
91.39 207.04 72.68 3706.5 701.46 265.43
96.8 122.37 95.68 875.52 259.48 146.56
346.67 479.74 492.47 2397.07 1275.7 925.87
136.59 238.51 175.56 3219.87 842.3 417.05
88.69 209.79 89.69 3170.35 802.96 313.25
738.24 1120.07 1549.71 3372.15 1966.88 1131.43
138.24 330.59 202.69 4470.83 1221.8 493.85
150.71 197.12 216.37 877.77 381.85 228.63
88.3 158.26 78.12 2333.92 426.84 189.87
105.24 132.43 101.93 771.31 232.91 142.37
116.33 247.71 91.84 3463.87 704.19 288.53
247.32 478.52 377.79 4738.96 1381.72 648.68
503.42 796.61 982.2 4053.28 1782.16 950.28
113.97 267.46 104.41 4696.43 939.69 378.06
256.61 416.55 329.53 3050.33 1194.1 719.89
153.13 395.47 131.28 4711.9 1066.82 442.87
86.76 192.66 82.11 3311.65 760.43 292.84
231.44 401.53 333.73 3141.75 1229.56 724.81
220.87 392.03 375.18 4335.56 1188.9 554.65
152.8 307.2 147.57 3912.27 938.16 451.49
87.8 218.44 88.87 3412.41 858.38 330.06
97.43 128.83 100.75 1125.59 305.75 173.67
149.82 349.74 235.47 4602.0 1310.31 532.06
386.46 501.52 528.11 1537.05 1172.25 918.91
184.93 385.62 175.06 4701.3 1159.5 508.09
168.9 234.1 267.66 1287.53 502.96 297.67
140.28 200.16 157.77 1283.97 478.02 291.29
239.25 417.59 269.56 3863.24 1165.86 618.99
810.66 1236.4 1780.59 3509.65 2519.29 1547.65
219.26 395.38 418.83 4157.12 1397.03 686.96
611.59 924.12 1285.18 3663.64 2481.84 1513.39
78.81 178.57 78.65 3227.33 749.08 282.8
113.05 291.91 130.65 4470.96 1180.59 479.86
400.86 638.39 475.99 3657.36 1357.6 845.9
386.83 564.9 521.25 2987.02 1361.52 959.48
99.48 108.31 99.35 337.02 148.75 114.26
458.54 622.6 634.18 2121.84 1428.76 1095.08
202.42 420.41 234.79 4888.25 1233.56 524.59
101.21 105.9 100.51 211.47 123.25 107.64
174.21 213.28 214.3 741.23 429.1 333.59
323.84 574.71 553.97 4571.58 1532.65 767.53
91.87 156.93 89.01 2073.04 505.73 218.47
337.31 571.58 397.95 4264.06 1218.49 628.52
258.51 400.61 289.34 2687.23 861.65 492.57
167.02 347.13 177.75 4357.9 996.55 449.7
148.56 167.27 173.4 352.35 285.05 241.85
327.18 458.88 457.84 2664.94 1264.74 883.72
330.66 477.9 438.9 2732.07 1183.17 824.11
92.78 170.03 93.42 2058.53 548.41 236.03
117.04 171.99 113.47 1324.25 360.02 201.98
466.79 852.32 789.33 4885.21 2128.96 1089.02
120.03 197.6 108.38 1943.82 484.57 226.37
133.47 309.45 114.15 4504.34 922.78 372.45
475.16 878.93 825.08 4781.78 1857.07 984.04
799.3 1230.2 1823.55 3692.02 2729.98 1693.51
119.75 222.15 107.28 2628.16 600.54 259.57
717.06 1057.43 1429.4 3490.1 2030.99 1196.81
87.92 163.43 80.25 2906.23 605.48 259.16
430.66 604.64 593.52 2685.51 1425.58 1055.84
225.76 301.63 282.86 1121.54 577.01 408.47
114.59 281.39 125.64 4428.95 1058.18 424.32
314.24 554.12 476.96 4448.69 1436.45 742.46
113.11 181.09 104.83 1778.36 432.29 205.93
105.12 113.92 103.78 281.34 134.98 110.5
224.42 396.15 332.41 3444.31 968.61 477.98
93.4 210.8 106.97 3931.43 868.67 377.42
476.92 777.62 946.31 4302.47 1840.91 931.49
456.08 775.07 657.03 4719.88 1563.8 799.02
228.88 429.07 385.68 4657.29 1265.77 591.81
238.34 412.35 284.05 3073.45 994.07 581.72
789.86 1187.11 1796.75 2670.71 2508.33 1608.89
268.77 338.56 351.54 968.48 734.4 584.87
581.95 850.56 1110.33 3131.62 1900.96 1145.35
358.24 477.37 481.42 1811.74 1130.42 856.61
108.44 268.66 108.46 4849.06 948.66 360.73
135.81 321.43 113.19 4683.11 1007.39 389.27
543.25 835.57 1116.67 3933.33 2243.05 1347.13
277.57 390.94 492.45 1359.29 836.43 520.47
280.8 494.06 442.95 3980.68 1409.07 721.39
827.54 1189.86 1662.69 3240.94 2721.87 1667.79
384.15 546.57 543.33 2682.57 1303.4 906.13
721.71 1069.0 1602.34 3337.64 2315.49 1295.56
320.58 655.4 284.5 5807.69 1290.98 513.1
298.7 432.89 406.19 3222.37 1214.68 800.18
238.14 356.01 307.58 3132.45 1071.31 660.35
423.57 728.85 912.26 4207.79 1921.96 1029.64
521.02 831.26 1101.94 3836.17 2164.49 1160.83
216.47 289.28 275.5 1705.96 736.16 508.0
182.18 275.85 277.4 1751.19 649.66 370.24
82.5 212.61 73.7 4883.4 969.54 376.76
124.55 242.47 151.74 3714.44 916.32 442.8
84.7 180.33 74.99 3653.82 740.14 301.56
155.28 234.5 184.51 1892.34 631.56 360.25
642.62 977.22 1199.0 3222.95 2315.89 1501.12
679.46 978.33 1378.02 2706.95 1808.38 1108.04
854.98 1294.0 1902.97 3463.92 2659.34 1636.26
126.53 263.22 132.87 4121.3 826.61 386.03
398.45 620.75 540.01 3186.78 1345.19 837.28
306.18 436.52 415.29 2303.91 1176.7 796.33
350.21 506.49 477.6 3179.55 1297.21 887.49
220.35 354.55 299.88 3541.13 1114.23 657.22
166.19 352.03 170.16 4492.5 1056.43 450.51
564.2 877.73 1181.51 3672.09 2237.81 1238.4
193.63 362.67 271.54 3906.16 1142.29 554.89
498.69 755.82 788.41 3651.57 1653.98 1028.15
305.36 634.49 240.15 5827.46 1229.56 469.65
303.05 455.15 380.55 2878.83 1173.32 749.25
521.42 663.88 749.12 1542.23 1470.24 1233.33
356.29 580.95 692.85 4386.05 1763.59 967.22
120.79 179.31 139.42 1654.53 491.78 254.82
405.61 643.63 786.6 3515.0 1501.13 773.16
627.46 985.72 1171.78 4433.86 2496.15 1468.02
139.93 258.45 157.36 2253.69 583.41 273.04
256.29 500.45 229.85 5060.2 1107.62 434.28
108.71 256.07 117.25 4376.89 1053.34 426.34
100.92 116.85 97.72 518.75 178.18 125.91
226.48 428.4 255.25 3671.27 1091.45 589.68
466.43 765.57 938.45 4214.64 1904.22 986.6
86.9 168.77 78.59 3142.52 648.04 272.56
260.67 390.0 355.1 3177.19 1178.51 745.21
127.13 335.01 96.41 4126.67 887.62 346.98
269.5 431.67 520.33 2939.75 1229.04 683.16
102.22 213.13 95.93 2606.2 675.57 293.41
91.6 158.79 88.65 2137.78 519.04 222.35
444.87 797.09 632.31 5272.98 1610.22 783.1
146.62 287.18 230.27 3047.61 924.44 414.06
187.06 384.02 251.22 4509.37 1066.65 455.51
81.33 198.0 69.49 4435.69 880.98 345.91
224.01 389.52 280.9 3564.63 1055.77 554.52
217.95 392.94 412.24 4386.68 1254.55 565.12
271.04 560.02 421.04 4823.49 1485.99 716.33
338.89 508.8 646.89 2454.94 1194.98 680.22
124.05 216.42 127.08 2337.97 537.04 247.19
346.1 465.77 472.82 1901.47 1158.69 852.16
316.33 428.42 433.34 1994.93 1115.44 793.52
458.39 604.88 658.13 1713.18 1460.7 1162.83
380.11 571.21 480.35 3182.13 1300.75 843.02
417.46 594.12 816.11 1740.89 1527.19 988.7
101.87 260.84 92.15 3697.95 922.73 374.29
471.87 639.59 662.85 2490.39 1511.23 1163.03
465.68 646.14 701.28 2538.55 1505.57 1096.64
270.21 411.82 371.42 3653.66 1224.21 751.87
129.13 178.54 161.05 1509.12 443.08 246.47
84.94 205.45 79.64 3754.89 851.58 319.45
517.83 893.37 921.95 4293.56 2006.01 1123.92
472.35 642.44 662.25 2398.77 1486.51 1147.49
197.7 326.47 242.28 3382.37 914.01 532.03
95.12 275.86 103.12 4616.27 1166.22 444.44
298.69 393.86 398.78 1646.59 926.99 702.11
294.16 397.33 537.02 930.89 798.87 527.69
403.89 578.54 550.66 2983.01 1414.27 994.65
234.74 345.11 394.83 1441.39 707.84 430.52
190.32 450.32 103.55 4076.99 912.1 368.43
718.35 1096.47 1510.17 3735.37 2646.86 1616.09
81.86 226.99 75.48 4501.64 1005.14 364.28
139.34 309.11 171.65 3660.44 1009.54 447.59
110.91 198.65 94.55 2346.75 503.54 225.92
92.26 217.23 98.57 4504.46 967.7 394.56
72.82 180.23 64.05 4092.6 827.76 315.7
137.36 333.61 198.66 4602.75 1236.61 490.6
117.61 259.27 91.2 3727.28 751.5 303.29
325.77 547.16 357.37 3159.32 1191.48 737.78
322.44 520.55 419.16 3188.76 1294.28 838.58
670.71 1050.1 1269.57 4426.11 2136.66 1147.62
133.75 321.37 109.49 4902.92 1062.66 457.49
255.11 356.11 470.75 1177.43 693.43 438.3
462.37 598.89 666.7 1623.61 1440.03 1165.3
139.97 311.03 188.19 4806.98 1019.99 400.1
267.31 516.51 243.16 3729.26 1073.85 568.47
179.17 250.56 224.81 1952.72 674.44 425.51
192.03 362.63 206.1 4123.43 1087.98 565.51
119.55 220.92 107.2 2602.81 595.52 257.97
366.56 483.65 495.23 1712.48 1138.04 874.3
270.78 498.35 500.28 4427.36 1463.18 705.76
216.79 368.71 249.81 3386.2 1011.4 548.48
207.94 351.67 233.98 3117.0 949.04 512.42
102.48 244.52 97.0 4438.54 809.6 342.35
343.35 531.22 596.55 2629.28 1150.88 652.03
510.0 721.41 678.57 2853.52 1538.15 1133.65
276.24 629.28 245.37 5250.92 1355.46 596.58
180.47 360.83 194.13 4398.16 1102.36 541.42
94.52 116.16 92.76 904.23 246.59 143.45
242.22 486.43 204.94 5132.94 1070.99 391.3
220.87 568.83 104.75 5422.31 1186.82 459.24
77.93 169.16 87.96 2125.17 557.17 234.3
90.66 149.05 84.73 2269.87 490.85 223.07
250.6 303.06 333.52 685.21 606.24 512.24
111.18 302.4 74.82 5112.58 1035.55 408.64
350.27 454.46 491.94 1497.83 1095.18 860.63
144.35 407.6 121.28 5122.51 1109.73 427.13
663.75 879.54 1104.28 1823.78 1922.51 1528.67
334.81 544.8 488.05 3667.32 1339.05 814.32
104.62 140.01 99.39 785.6 234.1 142.05
207.58 420.03 231.86 4743.45 1228.18 554.09
211.27 352.21 268.77 3589.01 995.03 588.8
308.08 663.04 346.69 5117.17 1385.19 607.0
536.63 821.42 1060.4 3744.58 1724.61 961.81
486.27 779.75 889.23 3970.53 1614.49 882.62
790.9 1164.67 1694.45 3349.42 2596.34 1638.25
321.46 671.45 356.84 5029.33 1363.58 624.49
185.28 388.29 222.31 4693.72 1152.3 495.41
227.81 372.55 294.84 3225.37 1113.37 634.69
157.49 350.32 243.02 4652.66 1200.24 482.87
162.73 264.5 141.97 1873.68 447.3 212.08
177.84 326.96 188.78 3560.93 902.2 460.24
223.71 421.94 242.7 4403.08 1222.54 605.48
299.99 566.24 295.04 3916.42 1224.59 669.7
144.72 323.72 221.92 4098.37 1165.75 489.06
168.18 263.18 162.6 1999.86 511.1 251.18
109.17 295.32 71.1 5000.02 1010.07 398.57
225.88 359.45 279.2 3325.21 1020.99 597.41
394.62 487.88 555.3 939.95 1027.51 882.83
143.93 323.11 177.42 4337.96 1217.49 539.3
246.94 421.92 299.83 3860.71 1206.21 705.06
962.0 1398.0 2014.0 3173.0 2939.0 1816.0
69.0 191.5 59.0 4653.5 930.0 346.0
134.0 394.5 95.5 5146.0 1087.0 409.5
969.0 1403.0 2079.0 3181.0 3518.0 2279.0
155.0 368.0 123.0 5163.0 1156.0 447.0
89.8 263.8 87.2 4769.8 1060.5 381.0
971.0 1390.0 2115.5 3245.0 2879.5 1707.0
122.0 299.0 89.0 4632.0 914.0 354.0
72.0 203.8 71.8 4231.5 957.5 341.5
907.5 1325.5 2047.5 3151.5 2757.0 1579.5
948.0 1357.0 1978.0 3155.0 2462.0 1531.0
56.8 180.8 53.0 4412.8 873.5 325.0
119.5 322.5 80.5 4825.8 970.8 371.8
948.0 1376.0 2046.0 3146.0 2970.0 1921.0
911.0 1341.0 1922.0 3127.8 2196.5 1320.8
985.0 1493.5 2276.8 3372.5 3183.8 2033.8
76.2 218.5 55.5 4643.8 764.8 282.8
962.5 1390.0 1954.5 3151.5 2480.0 1527.0
959.5 1435.2 2145.2 3160.2 2832.8 1787.8
88.5 243.0 63.5 4918.0 903.5 321.0
978.0 1422.0 2105.0 3266.0 3199.0 2037.0
79.2 209.2 66.0 4931.0 970.2 374.0
222.2 574.0 104.8 5481.0 1198.8 463.2
992.0 1434.0 2127.0 3253.0 3849.0 2515.0
980.5 1432.2 2016.0 3245.2 2807.8 1800.2
966.0 1422.0 2112.0 3259.5 3477.0 2237.5
109.2 304.0 68.8 5231.2 1052.0 412.0
978.0 1434.0 2220.0 3640.0 4073.0 2397.0
81.5 229.5 75.0 4588.5 1023.0 369.5
937.0 1353.0 2081.0 3198.0 2826.0 1629.0
924.0 1316.0 1970.0 3207.0 2671.0 1584.0
102.5 315.2 89.5 4914.0 1200.8 467.0
980.0 1467.0 2194.0 3388.8 3736.5 2446.5
955.0 1376.0 2056.0 3368.0 3193.0 1885.0
977.5 1462.0 2197.0 3231.5 2940.0 1846.5
939.0 1381.8 2053.5 3176.2 3230.8 2074.0
265.0 540.0 222.0 5608.0 1151.0 427.0
83.0 265.0 84.5 4714.5 1156.5 420.5
245.0 494.0 207.0 5231.5 1090.0 397.0
304.0 635.0 236.5 5868.5 1229.5 464.5
138.0 335.0 114.0 4964.0 1063.0 407.0
53.8 244.8 74.8 4340.2 1057.2 381.2
420.0 524.0 584.0 1074.5 1187.0 988.0
504.0 642.0 731.0 1303.0 1494.0 1252.0
602.0 760.0 876.0 1507.0 1676.0 1432.5
100.0 100.0 100.0 100.0 100.0 100.0
