0.4751
0.2063
0.8342
0.5105
0.73
0.1755
0.1108
0.9447
0.7309
0.5881
0.939
0.3082
0.4386
0.3502
0.4749
0.8898
0.2842
0.3816
0.8976
0.2893
0.4275
0.3001
0.1315
0.2237
0.8132
0.483
0.9393
0.1047
0.3302
0.581
0.3919
0.536
0.1731
0.4331
0.4528
0.8612
0.9302
0.8765
0.1557
0.1543
0.4272
0.0338
0.3595
0.8854
0.8581
0.3452
0.924
0.1387
0.2387
0.0447
0.3875
0.9784
0.7848
0.1159
0.3123
0.9249
0.065
0.3809
0.8247
0.3862
0.1372
0.2958
0.6129
0.8638
0.9502
0.4055
0.9411
0.4975
0.3138
0.094
0.3592
0.7358
0.364
0.7399
0.6894
0.5974
0.7959
0.3765
0.5659
0.902
0.563
0.3061
0.5683
0.578
0.2018
0.3225
0.9769
0.4399
0.3889
0.0702
0.8685
0.9304
0.9029
0.7985
0.6639
0.5763
0.0422
0.2282
0.5218
0.1567
0.8182
0.5843
0.3973
0.4927
0.015
0.6803
0.9291
0.0684
0.0311
0.3953
0.0166
0.4429
0.0263
0.276
0.069
0.764
0.9962
0.3398
0.9659
0.9425
0.1322
0.4177
0.6735
0.1282
0.6515
0.3736
0.6721
0.0401
0.9933
0.8028
0.7336
0.1291
0.6987
0.3577
0.3803
0.1191
0.3734
0.8255
0.3549
0.6255
0.4259
0.8971
0.6799
0.953
0.8649
0.9503
0.6447
0.0998
0.2177
0.5804
0.8255
0.5881
0.1792
0.2044
0.7398
0.2487
0.0218
0.6116
0.8069
0.7055
0.7441
0.1325
0.1606
0.5161
0.0284
0.7681
0.6239
0.2936
0.2095
0.7833
0.3342
0.6005
0.772
0.5415
0.2609
0.0321
0.2683
0.0047
0.4626
0.3115
0.4917
0.8191
0.96
0.1515
0.5642
0.2186
0.8041
0.1197
0.4868
0.5038
0.2
0.0488
0.4681
0.909
0.3748
0.0666
0.9397
0.2312
0.1604
0.1714
0.0077
0.8981
0.4715
0.1671
0.3291
0.7844
0.5582
0.8224
0.5464
0.5798
0.8393
0.3695
0.9707
0.2819
0.213
0.4505
0.8756
0.0653
0.0962
0.4251
0.1741
0.6448
0.2588
0.1884
0.0639
0.7517
0.8069
0.5925
0.9101
0.4562
0.0261
0.4649
0.2563
0.0224
0.9956
0.1803
0.4033
0.6597
0.1439
0.786
0.0392
0.5181
0.9904
0.7344
0.4757
0.4485
0.6801
0.3325
0.3969
0.0077
0.6538
0.0534
0.4906
0.9082
0.1969
0.2537
0.352
0.1461
0.5756
0.0928
0.3328
0.7645
0.6341
0.0187
0.9801
0.4085
0.5209
0.6835
0.8884
0.1432
0.682
0.99
0.5044
0.1327
0.1346
0.0561
0.4081
0.5128
0.1841
0.947
0.4873
0.6257
0.3996
0.3266
0.9951
0.3794
0.6454
0.3771
0.1492
0.2654
0.4013
0.3488
0.7311
0.8633
0.7102
0.8353
0.5794
0.6955
0.5865
0.7675
0.2256
0.7825
0.6818
0.2115
0.6001
0.7258
0.489
0.9629
0.0396
0.4329
0.3492
0.6866
0.9587
0.5584
0.0933
0.7233
0.2583
0.3668
0.3397
0.8566
0.4679
0.0403
0.6506
0.5226
0.7942
0.2663
0.8699
0.2811
0.8808
0.2411
0.5808
0.2536
0.198
0.7248
0.0744
0.2472
0.925
0.6552
0.6219
0.2951
0.7925
0.5685
0.4593
0.8002
0.4058
0.8824
0.9415
0.7175
0.8021
0.4652
0.5133
0.235
0.3949
0.5176
0.3894
0.2073
0.0841
0.2553
0.1836
0.1937
0.8693
0.2417
0.446
0.4165
0.0907
0.2715
0.6878
0.2602
0.7272
0.8297
0.0918
0.4996
0.2283
0.7097
0.8756
0.685
0.96
0.9277
0.6956
0.6353
0.8114
0.149
0.2044
0.0548
0.8311
0.9566
0.1203
0.5581
0.9916
0.6527
0.9436
0.0201
0.0754
0.5414
0.7231
0.0758
0.9856
0.6793
0.6958
0.4857
0.8391
0.503
0.4119
0.8576
0.9818
0.5479
0.6919
0.5784
0.9168
0.2821
0.8217
0.7878
0.1723
0.418
0.5403
0.5675
0.7205
0.7661
0.7922
0.7064
0.0404
0.0749
0.8458
0.2672
0.4157
0.0571
0.1888
0.9614
0.6347
0.8357
0.6956
0.6218
0.5769
0.7668
0.745
0.9526
0.3853
0.9783
0.1337
0.5373
0.8208
0.6024
0.5635
0.5555
0.9115
0.7942
0.6045
0.2142
0.9177
0.283
0.3951
0.4117
0.5005
0.4877
0.2648
0.6172
0.8474
0.7347
0.6286
0.6647
0.5245
0.3578
0.4782
0.704
0.1151
0.4223
0.639
0.4357
0.2401
0.7852
0.2753
0.7423
0.7025
0.5148
0.6011
0.2248
0.4597
0.8951
0.1344
0.3317
0.4876
0.7359
0.0051
0.8609
0.1832
0.4512
0.5933
0.0475
0.6407
0.5075
0.4451
0.8281
0.9425
0.3169
0.7058
0.5233
0.9504
0.1181
0.1323
0.2169
0.5182
0.5098
0.0123
0.7956
0.5565
0.3797
0.9556
0.3922
0.4359
0.3349
0.4646
0.6383
0.6948
0.4843
0.6432
0.2991
0.4415
0.7423
0.7195
0.7385
0.5495
0.0963
0.6852
0.4625
0.2104
0.8696
0.7445
0.5743
0.5159
0.8379
0.3853
0.8486
0.9229
0.3084
0.5556
0.9344
0.0829
0.5866
0.1021
0.0338
0.1531
0.0284
0.9673
0.0138
0.113
0.4791
0.5111
0.916
0.5266
0.9639
0.2534
0.5076
0.2315
0.4335
0.5165
0.5895
0.4617
0.5649
0.259
0.3482
0.379
0.4135
0.5971
0.2214
0.9236
0.4553
0.4894
0.5563
0.0733
0.4116
0.3742
0.8943
0.6847
0.434
0.6464
0.8484
0.8385
0.8266
0.3662
0.5938
0.4886
0.8276
0.6419
0.9586
0.2355
0.9577
0.834
0.3018
0.4818
0.1543
0.3288
0.9377
0.2459
0.0004
0.6435
0.4963
0.0857
0.0588
0.8954
0.2329
0.8907
0.9717
0.357
0.4089
0.6491
0.946
0.8193
0.6053
0.2724
0.1297
0.3264
0.6442
0.2152
0.3027
0.1924
0.6658
0.8169
0.6582
0.4513
0.235
0.7329
0.2137
0.1928
0.8365
0.0567
0.9801
0.183
0.6915
0.419
0.3228
0.7388
0.4638
0.6395
0.1944
0.7898
0.518
0.3238
0.0462
0.4122
0.9129
0.4752
0.4155
0.9472
0.3804
0.588
0.9014
0.4192
0.7084
0.0976
0.7173
0.8372
0.4576
0.282
0.5904
0.6014
0.9445
0.3315
0.6714
0.7948
0.2395
0.4754
0.6386
0.3846
0.3255
0.1844
0.448
0.0839
0.2743
0.0671
0.5089
0.2516
0.9617
0.1249
0.5173
0.9588
0.2132
0.9176
0.843
0.2352
0.5374
0.8768
0.1255
0.221
0.6377
0.2443
0.4363
0.413
0.2771
0.5401
0.9782
0.4542
0.0639
0.3249
0.3712
0.4329
0.4996
0.8059
0.2751
0.4389
0.0658
0.0822
0.1841
0.3865
0.5479
0.2874
0.3269
0.8641
0.3692
0.5279
0.6678
0.7975
0.9969
0.1183
0.5151
0.25
0.0403
0.6601
0.3771
0.0786
0.4111
0.2823
0.5828
0.6466
0.4771
0.5888
0.2098
0.4184
0.6842
0.3889
0.258
0.5947
0.3649
0.6234
0.8702
0.9197
0.781
0.4868
0.3217
0.0695
0.966
0.6631
0.8354
0.7312
0.3243
0.8122
0.6336
0.6277
0.9457
0.1966
0.7208
0.2979
0.3243
0.7131
0.9826
0.3285
0.3477
0.7202
0.0618
0.0873
0.0717
0.5654
0.6643
0.8522
0.1026
0.2973
0.0767
0.2794
0.2495
0.8157
0.8297
0.903
0.0945
0.0742
0.1072
0.0171
0.4377
0.6814
0.6024
0.1535
0.2326
0.6936
0.7452
0.6145
0.8111
0.6718
0.3765
0.8118
0.7863
0.3393
0.7729
0.033
0.7439
0.9518
0.2514
0.5114
0.1916
0.2994
0.8763
0.5008
0.7425
0.1863
0.8443
0.2772
0.7713
0.8961
0.4995
0.0665
0.0187
0.1477
0.2415
0.7304
0.4517
0.8946
0.5691
0.6087
0.849
0.5394
0.8625
0.6565
0.1968
0.3172
0.098
0.7636
0.1349
0.6708
0.5446
0.3836
0.223
0.2378
0.2278
0.2368
0.5672
0.5557
0.0276
0.3035
0.3529
0.0817
0.8857
0.0165
0.621
0.3082
0.6207
0.3964
0.4444
0.5255
0.0341
0.758
0.5738
0.1695
0.8941
0.357
0.7148
0.057
0.3117
0.7014
0.8929
0.5053
0.0844
0.1674
0.614
0.293
0.5135
0.5118
0.2913
0.2312
0.1057
0.0549
0.4239
0.8178
0.8528
0.1532
0.3414
0.6675
0.2806
0.4139
0.8713
0.9579
0.467
0.1179
0.1885
0.8638
0.8018
0.0343
0.2592
0.1746
0.1186
0.322
0.8822
0.1378
0.5303
0.7326
0.4312
0.9915
0.6497
0.2305
0.3129
0.0119
0.984
0.5857
0.6292
0.6675
0.8299
0.7062
0.5809
0.9816
0.9042
0.5422
0.2266
0.8616
0.2379
0.5065
0.9761
0.1163
0.8847
0.951
0.202
0.1626
0.7481
0.3809
0.2229
0.0029
0.9131
0.3205
0.7661
0.1716
0.8622
0.1095
0.4917
0.3963
0.2226
0.8172
0.2076
0.7649
0.1194
0.0816
0.7076
0.0231
0.7224
0.1619
0.4132
0.6601
0.5457
0.0353
0.1348
0.3708
0.7943
0.6746
0.6194
0.9136
0.262
0.6905
0.9894
0.8216
0.5465
0.9801
0.935
0.5083
0.2477
0.107
0.6708
0.3383
0.9555
0.1144
0.9014
0.4121
0.6958
0.3343
0.3343
0.9104
0.8881
0.8771
0.3349
0.4215
0.4446
0.4086
0.0448
0.327
0.0476
0.7962
0.3899
0.7768
0.1372
0.6875
0.6732
0.723
0.1496
0.9891
0.4819
0.6498
0.8557
0.8991
0.7604
0.7869
0.5143
0.5012
0.6907
0.594
0.8287
0.211
0.6812
0.0
0.0
0.0
0.0
0.0
0.0
0.0
0.0
0.0
0.0
0.0
0.0
0.0
0.0
0.0
0.0
0.0
0.0
0.0
0.0
0.0
0.0
0.0
0.0
0.0
0.0
0.0
0.0
0.0
0.0
0.0
0.0
0.0
0.0
0.0
0.0
0.0
0.0
0.0
0.0
0.0
0.0
1.0
1.0
1.0
0.0
