875.02 1251.83 1789.79 3029.56 2373.21 1541.78
785.49 1174.59 1716.81 2921.32 2952.3 1921.86
936.37 1353.24 1897.7 3146.08 2427.79 1493.64
789.75 1122.3 1529.33 2445.22 2560.37 1872.38
349.43 474.0 668.03 984.33 1081.06 725.43
215.29 287.65 381.46 903.13 561.7 336.62
840.4 1246.03 1799.58 3200.66 3088.16 2018.14
875.15 1288.86 1833.73 3118.64 2160.58 1317.5
618.22 842.73 1086.76 1829.45 2212.61 1798.58
678.5 943.33 1222.88 1972.01 2397.87 1976.54
818.5 1227.9 1795.2 3454.03 2554.64 1434.53
769.8 1092.82 1573.49 2622.43 3066.88 2079.72
326.86 443.96 617.09 997.73 1014.73 676.09
869.36 1290.01 1907.89 2815.93 2569.39 1669.38
927.07 1359.95 1901.66 3303.21 2698.98 1714.41
365.41 704.65 415.43 5609.44 1384.38 577.47
909.44 1323.79 1856.92 2985.66 2601.56 1683.54
810.5 1174.98 1646.07 2637.94 2284.99 1471.93
684.26 1013.81 1398.77 3591.33 2024.0 1177.47
558.34 890.43 1150.7 4416.61 2585.56 1402.66
367.24 631.86 669.99 4554.78 1680.03 902.24
365.26 489.49 637.12 962.99 1085.52 886.32
597.8 894.34 1207.3 3870.88 1860.67 1064.63
405.16 690.61 610.47 4758.43 1402.57 655.35
246.32 318.83 432.51 617.22 714.98 496.16
684.98 973.94 1385.53 2156.78 2217.0 1533.88
426.17 591.11 844.84 1276.15 1251.26 819.58
714.04 998.97 1378.02 2205.59 2591.82 1909.93
771.1 1112.18 1576.98 2585.82 2353.72 1484.94
414.05 577.16 858.3 1366.22 1521.1 921.61
756.81 1051.13 1401.4 2191.63 2444.32 2010.7
681.29 1032.51 1507.89 2802.05 2289.68 1466.8
824.62 1201.12 1741.86 3128.8 3229.24 2088.15
913.49 1321.1 1938.03 3018.35 2883.72 1927.63
601.17 888.34 1243.08 2996.7 2453.65 1535.83
975.99 1412.02 2089.43 3258.63 3794.46 2478.96
589.77 900.59 1149.44 3328.39 2068.78 1266.2
411.98 680.7 690.5 3439.93 1317.01 702.6
798.48 1159.95 1695.38 2836.35 2914.51 1874.85
794.67 1140.03 1685.4 2678.15 2527.61 1628.72
315.22 426.99 619.66 967.73 1073.87 663.04
901.13 1323.38 1961.99 3033.77 3091.21 1992.47
784.36 1095.84 1473.04 2334.77 2377.17 1902.37
938.69 1362.81 2015.24 3124.26 3060.26 1950.28
619.78 846.13 1077.54 1831.33 2160.31 1765.72
816.52 1239.32 1785.52 3439.88 3202.43 2082.73
809.84 1163.49 1731.21 2714.65 2559.16 1630.22
843.55 1226.56 1788.04 2783.75 3024.96 2019.17
324.38 483.02 621.05 1834.32 992.06 592.27
542.15 737.36 969.34 1605.44 1856.1 1470.33
533.35 758.42 1146.37 1847.24 2060.96 1233.73
370.96 518.48 709.15 1222.62 824.11 515.13
412.85 586.0 844.43 1213.88 1094.71 714.34
758.68 1166.81 1539.66 3755.06 2508.0 1540.75
394.07 548.92 783.22 1172.88 1246.74 825.84
659.37 997.48 1365.25 3583.75 1818.01 1029.49
840.06 1237.41 1806.51 3132.91 3069.64 1988.44
908.65 1313.09 1934.09 3021.99 3506.21 2289.76
533.02 748.23 1124.85 1702.73 1510.27 891.02
711.3 1033.84 1479.21 2793.02 2754.5 1782.92
731.44 1031.77 1417.02 2409.78 2527.27 1846.37
495.54 755.05 1013.72 3484.51 2295.61 1365.67
305.56 529.87 523.33 3207.09 1059.03 532.29
858.06 1243.92 1881.91 3168.64 2657.23 1547.41
878.75 1269.53 1761.38 2854.62 2594.78 1746.93
131.06 337.44 108.32 4802.54 1002.67 395.8
726.47 1042.66 1537.63 2350.27 2220.24 1445.28
635.88 931.17 1369.88 2098.43 2315.46 1537.28
740.46 1065.87 1498.65 2832.1 1937.95 1185.6
197.09 420.76 252.99 4671.69 1109.71 478.13
653.15 903.97 1141.52 1867.63 2248.28 1916.43
634.47 898.92 1303.47 1986.8 2210.91 1470.89
412.7 637.98 821.58 2995.49 1533.0 885.55
554.35 789.55 1195.79 1816.97 1595.0 932.46
788.35 1177.48 1610.51 3297.7 2401.26 1491.29
170.4 206.0 256.31 350.96 331.85 240.14
813.0 1259.89 1843.16 3737.54 2765.13 1715.29
899.5 1284.11 1950.05 2986.84 2651.34 1575.09
188.58 318.88 257.62 2706.9 760.56 364.94
213.53 272.29 373.8 529.01 473.54 308.0
606.49 858.51 1249.68 1925.81 2233.24 1475.22
624.02 936.55 1322.06 2908.34 2358.67 1462.89
225.05 487.35 294.77 4677.27 1287.43 620.67
730.71 1010.22 1307.5 2065.88 2349.36 2024.12
683.89 990.5 1343.63 2949.85 2451.34 1657.92
484.86 669.99 990.56 1489.64 1328.14 810.06
924.16 1375.3 2036.32 3015.23 2757.8 1787.54
642.87 904.02 1356.2 2060.18 1832.37 1101.59
953.87 1374.47 2053.36 3368.42 3190.07 1883.24
454.67 650.65 938.35 1762.85 1340.28 801.88
912.09 1310.0 1826.37 2957.74 2421.67 1549.8
236.59 312.18 425.03 610.48 664.45 464.22
952.36 1373.43 1925.88 3103.66 2474.33 1548.88
190.15 247.36 302.68 718.77 427.74 267.07
761.45 1095.97 1520.46 2812.42 2789.28 1967.45
508.03 704.31 1044.18 1573.3 1402.08 852.81
886.06 1272.49 1864.96 2852.4 3378.06 2258.59
673.93 971.02 1484.18 2268.85 1988.46 1151.55
506.0 684.93 867.96 1347.14 1595.39 1404.64
768.72 1111.91 1574.22 2925.68 2038.14 1249.8
578.15 830.61 998.65 2312.08 2085.29 1706.72
841.85 1206.61 1677.09 2701.58 2219.66 1433.89
415.61 572.47 846.98 1268.18 1127.9 676.55
268.6 523.32 268.47 5169.55 1159.91 446.47
186.36 409.71 202.08 5089.35 1224.02 500.36
829.96 1172.23 1685.33 2747.64 2523.09 1692.7
673.17 934.99 1220.99 1971.38 2295.78 1882.55
752.65 1073.93 1470.86 2437.2 2131.76 1518.94
212.36 274.4 368.52 500.98 463.66 323.64
793.97 1118.24 1577.93 2479.4 2531.38 1819.85
256.49 610.99 193.3 5371.11 1258.48 513.65
490.96 848.91 797.52 5026.81 1702.7 809.91
486.37 668.71 889.83 1392.16 1537.01 1211.21
680.74 958.84 1182.05 2355.7 2319.35 1958.39
343.85 481.83 670.02 1281.63 1112.42 723.54
227.12 287.6 388.49 579.33 496.64 328.94
640.64 885.0 1151.73 1948.67 2085.97 1659.1
945.35 1412.25 2098.78 3137.31 2802.74 1787.37
668.87 943.25 1359.84 2149.43 1684.53 1059.98
695.37 991.28 1509.11 2303.65 2039.04 1187.6
921.54 1345.57 1977.91 3352.19 3058.06 1931.96
278.74 509.53 441.37 4009.93 1549.49 919.9
485.25 660.91 892.47 1438.45 1380.33 1022.81
581.12 802.39 1113.19 1771.54 1714.03 1254.11
696.25 961.71 1263.99 1976.46 2247.95 1890.22
185.58 406.01 255.21 5069.59 1287.47 590.46
930.94 1326.63 1981.95 3048.0 2798.11 1763.8
712.98 1116.95 1312.31 4282.56 2183.67 1272.01
541.63 858.74 1055.17 4187.53 2008.85 1123.94
554.43 787.56 1088.87 1723.27 1497.52 977.49
193.08 358.4 322.67 4698.6 1199.48 537.11
810.49 1175.9 1660.26 2529.19 2588.72 1884.12
676.29 975.59 1491.5 2423.54 2707.74 1607.67
503.79 694.86 990.94 1544.65 1525.5 1036.6
548.89 869.02 1071.38 4173.14 2122.26 1209.63
771.0 1105.48 1571.31 2490.93 2690.31 1889.86
809.23 1160.66 1711.66 2606.94 3080.82 2020.16
944.02 1370.5 2035.71 3146.81 2960.58 1915.88
968.37 1418.22 2190.1 3592.94 4026.47 2382.33
604.24 858.74 1257.14 1911.23 1806.57 1182.81
556.34 921.17 1214.37 4121.25 2220.6 1272.76
824.69 1185.22 1734.68 2684.23 2600.78 1737.82
747.09 1054.92 1568.51 2539.92 2119.0 1265.38
584.23 852.95 1143.47 3004.99 2311.59 1571.07
778.96 1138.95 1625.36 2634.84 1855.17 1122.04
439.76 685.47 878.48 3855.67 1558.34 849.19
654.14 1023.9 1422.61 3725.35 2210.52 1293.85
670.07 969.35 1283.15 2779.5 2381.33 1735.13
130.99 281.51 188.34 4842.34 1129.23 493.15
898.88 1289.43 1906.23 3113.83 2994.42 1828.26
355.02 496.16 706.83 1007.98 910.84 600.78
776.31 1127.6 1646.62 2534.46 2726.99 1813.36
508.43 756.41 1029.04 2268.51 1312.87 765.97
854.81 1267.4 1925.11 3739.04 3646.98 2116.21
707.95 1033.24 1400.77 2892.77 1894.25 1143.22
412.32 701.01 785.49 4236.36 1778.35 980.03
711.21 1115.16 1417.54 3611.1 2331.53 1503.62
541.52 923.47 955.03 4560.26 2067.77 1082.75
766.5 1096.85 1533.07 2458.05 1939.15 1202.71
324.14 439.12 587.73 900.63 789.29 532.8
852.2 1243.98 1881.43 3355.33 2649.28 1504.08
325.55 541.09 652.12 3016.43 1534.57 856.41
909.59 1311.97 2016.14 3096.56 2736.74 1578.94
667.51 925.37 1192.65 1955.25 2323.48 1920.27
564.99 796.31 1158.83 2166.14 1614.33 958.61
724.85 1013.1 1428.78 2297.05 2391.0 1702.72
607.45 894.41 1233.64 3157.59 1785.19 1040.2
425.4 568.66 714.25 1096.78 1310.87 1155.68
699.53 1031.6 1489.33 2716.27 2409.85 1529.82
858.96 1233.36 1775.52 2760.8 2757.02 1922.12
402.32 561.88 803.91 1208.46 1228.13 811.3
836.58 1213.12 1826.38 3189.99 2608.3 1539.61
838.15 1209.81 1779.99 2792.5 2630.36 1727.4
815.92 1204.32 1734.36 3178.17 2878.6 1888.44
506.02 808.74 1078.66 3787.59 1955.58 1040.79
407.01 558.18 802.35 1273.46 1210.62 740.95
389.26 528.32 768.01 1143.14 1025.37 638.33
650.55 924.65 1282.85 1994.49 2079.31 1534.19
712.04 1050.78 1556.37 2279.14 2046.0 1301.87
751.13 1096.37 1562.84 2530.95 1783.23 1080.15
599.1 845.01 1034.99 2225.78 2099.78 1726.1
342.14 613.89 637.63 4663.85 1539.85 788.9
798.02 1227.72 1824.08 3633.99 2723.73 1689.27
780.31 1103.95 1643.91 2665.2 2222.67 1325.22
921.35 1322.77 1838.35 2957.34 2457.01 1615.8
264.98 517.33 546.43 4090.01 1617.41 810.95
490.25 773.33 985.69 4106.19 1928.87 1092.71
886.08 1302.86 1866.01 3034.76 2132.07 1283.28
404.9 573.63 825.51 1239.48 1359.95 913.0
385.86 526.42 692.09 1082.65 1061.69 790.18
271.19 365.93 507.35 739.78 807.42 556.47
940.08 1398.53 2066.95 3204.22 3562.54 2387.18
724.35 1023.65 1410.98 2271.8 2321.78 1624.1
344.75 535.42 521.63 2803.69 1146.19 702.81
531.58 828.4 1010.09 3528.95 1954.04 1140.72
919.53 1352.05 2008.16 3104.8 3158.14 2028.18
921.92 1342.57 2036.35 3338.89 3773.18 2321.16
638.01 964.27 1398.12 2514.22 2071.37 1333.22
699.95 990.23 1414.48 2196.34 2492.76 1720.7
759.93 1165.38 1703.76 3449.36 2622.27 1662.03
725.19 1007.52 1305.02 2040.76 2401.8 2082.81
679.02 994.62 1338.43 3281.34 2254.87 1492.89
312.67 568.68 482.19 4052.43 1484.69 862.12
875.91 1289.09 1957.3 3600.86 3668.15 2187.18
879.96 1262.63 1895.08 2932.82 2711.37 1683.81
743.04 1055.2 1505.43 2322.43 2773.8 1938.38
697.36 999.5 1426.39 2229.57 2067.41 1289.18
833.14 1208.62 1828.77 3104.06 2540.15 1454.01
778.42 1185.53 1717.8 3733.91 3117.47 1982.72
710.12 1004.13 1335.15 2141.04 2560.48 2045.52
715.65 987.93 1264.81 1991.09 2389.93 2094.24
514.66 871.59 902.75 4000.13 1545.83 809.79
546.89 834.43 1058.17 3804.79 1940.75 1160.94
938.56 1351.73 2012.57 3327.25 3141.79 1870.59
797.54 1132.19 1603.61 2493.06 2530.08 1852.39
746.62 1117.93 1689.56 2490.44 2354.19 1514.84
272.96 360.26 479.22 708.92 757.69 560.5
453.37 710.26 885.59 3860.52 1576.93 851.31
809.84 1209.29 1719.57 3364.68 2813.43 1763.75
741.8 1069.59 1481.57 2304.29 2497.85 1909.27
919.84 1335.03 2008.94 3277.74 3705.45 2331.44
774.56 1083.62 1545.05 2457.31 2484.46 1732.33
812.74 1144.55 1585.19 2554.52 2708.64 1999.03
835.54 1212.52 1734.48 3099.85 2820.37 1880.35
577.76 777.46 976.61 1672.44 2089.42 1753.83
357.24 668.29 638.48 4599.75 1681.5 871.09
344.36 707.7 430.08 5128.74 1531.25 700.23
529.8 743.41 1117.24 1690.82 1499.8 885.14
623.93 860.48 1141.77 1776.18 1982.48 1632.31
775.88 1145.95 1731.2 3294.7 2462.35 1401.55
561.97 801.9 1215.47 1962.62 2190.44 1308.6
677.47 1049.8 1397.75 3810.7 2344.19 1418.65
163.83 280.92 216.38 2053.38 664.35 349.09
867.37 1292.42 1806.91 3276.84 2133.31 1266.48
262.12 477.36 454.36 3644.02 1188.44 566.21
614.33 879.35 1269.39 2098.97 1959.29 1262.61
527.0 725.76 999.08 1553.9 1613.52 1193.64
813.25 1203.64 1776.74 3382.62 2523.07 1441.56
720.41 994.87 1277.89 2011.76 2389.69 2083.83
429.88 599.73 837.17 1388.87 1286.25 851.99
827.22 1173.4 1602.92 2526.19 2623.48 1953.19
693.16 956.01 1246.45 1974.69 2237.17 1898.22
959.22 1428.97 2132.08 3144.63 2899.71 1862.51
252.34 328.05 460.55 663.86 596.15 378.29
939.09 1350.62 2023.75 3266.33 2809.88 1682.81
615.92 893.57 1108.32 2750.0 2128.12 1683.77
833.97 1208.95 1823.98 2984.28 3375.19 2091.08
306.68 420.87 553.73 1155.63 846.26 544.25
565.25 811.66 991.33 2407.46 2087.58 1657.11
748.94 1067.36 1556.67 2383.45 2829.03 1890.36
811.31 1161.27 1586.5 2552.27 2262.88 1688.03
783.33 1185.39 1708.58 3268.49 3069.04 1993.42
288.63 535.76 480.4 4530.69 1420.64 678.12
459.57 682.66 731.26 2282.77 1647.87 1289.0
858.05 1226.99 1763.58 2853.66 3310.15 2267.12
949.35 1369.06 1920.76 3100.71 2466.05 1534.61
519.69 818.63 1045.12 4066.33 1905.98 1015.42
782.86 1111.47 1544.38 2431.62 2575.02 1923.07
648.08 968.31 1327.85 3074.32 1763.46 1039.05
761.43 1068.72 1457.86 2276.86 2455.57 1942.0
196.34 244.96 321.08 446.04 426.05 306.88
702.31 1006.96 1437.38 2247.22 2083.71 1299.03
193.7 238.78 316.83 438.35 399.03 272.89
821.12 1245.94 1873.17 3082.84 2667.66 1691.73
686.16 953.98 1250.23 2091.51 2279.46 1772.06
459.22 738.94 878.95 4097.48 2051.64 1191.63
681.13 986.3 1445.26 2215.06 2367.0 1544.47
857.93 1234.63 1893.86 2905.34 2568.48 1484.56
668.01 1022.13 1466.58 3322.81 2150.8 1298.67
191.04 234.35 306.61 443.28 384.06 263.96
679.1 944.95 1224.56 1981.31 2349.39 1941.08
666.48 1036.11 1285.01 4141.48 2155.14 1193.8
465.07 753.99 871.96 4128.9 1592.79 855.31
322.62 657.74 290.73 5791.55 1275.05 502.1
938.62 1404.05 2094.23 3108.23 2769.63 1747.36
598.77 841.91 1200.91 2005.43 1526.09 968.33
809.83 1184.46 1752.75 2702.6 2748.8 1770.09
431.78 678.11 828.61 4043.66 1559.33 825.51
630.9 956.33 1265.4 3785.35 2087.57 1242.44
625.01 898.72 1303.59 1998.49 2150.12 1429.17
634.29 929.3 1376.83 2006.72 1829.23 1163.41
451.11 664.4 741.21 2734.12 1726.11 1289.19
879.3 1249.22 1853.22 2849.7 2643.8 1698.04
646.78 892.96 1203.06 1985.19 2228.8 1714.93
681.46 1005.15 1381.03 3153.16 2704.35 1761.36
476.56 683.94 831.67 2101.24 1735.59 1346.81
925.46 1388.26 2065.14 3164.71 2758.63 1735.85
897.15 1289.86 1951.09 3012.71 2745.91 1667.3
895.22 1296.58 1924.88 2956.41 2791.37 1807.66
567.7 882.14 1107.0 3921.94 1777.5 998.9
962.41 1456.23 2213.28 3290.83 3115.77 2001.92
166.86 202.3 250.2 349.6 272.83 200.64
246.97 355.51 445.13 1715.03 869.92 481.37
655.97 914.26 1150.48 2200.03 2235.38 1920.45
689.11 1002.92 1446.82 2779.21 2286.07 1435.85
639.7 906.86 1146.55 2596.31 2121.32 1717.04
636.87 987.27 1244.89 3801.36 2474.06 1565.98
635.39 931.71 1373.98 2006.23 1802.29 1151.35
822.86 1173.82 1627.62 2534.29 2855.47 2155.59
555.95 793.45 1144.06 1747.49 1880.66 1256.82
272.57 511.88 442.36 4401.5 1407.95 709.33
543.84 791.21 1099.53 2329.8 2077.37 1332.73
179.64 225.4 295.88 394.48 377.5 274.02
286.15 382.21 538.89 823.31 731.76 473.13
427.15 771.33 579.28 5207.87 1608.28 814.27
946.06 1379.65 2104.1 3441.06 3871.16 2361.0
800.38 1147.46 1626.56 2581.32 2896.11 2042.71
921.01 1332.67 1966.87 3103.79 3577.37 2333.42
167.07 321.54 273.11 4486.31 1100.93 478.22
210.97 262.18 327.7 471.96 503.43 404.67
942.37 1348.46 1961.98 3136.96 2457.33 1538.26
890.24 1290.64 1855.63 2875.66 3148.04 2194.15
700.26 1024.75 1392.85 2909.8 2304.11 1685.27
947.86 1370.31 1923.14 3146.86 2453.78 1510.63
419.11 698.61 825.23 4018.87 1585.63 805.16
795.61 1175.58 1687.72 3167.41 2803.01 1840.83
758.63 1066.62 1437.08 2368.45 2240.98 1615.12
514.98 820.07 1107.15 3820.38 2313.28 1368.46
809.13 1147.35 1617.95 2651.19 2751.82 1902.9
661.85 995.7 1466.62 3469.04 2227.92 1215.51
704.65 1047.42 1438.92 3576.12 2358.44 1416.24
614.28 931.29 1242.87 3476.47 2508.21 1592.04
577.79 778.16 977.25 1683.96 2138.99 1787.12
893.39 1314.05 1882.44 3062.05 2150.97 1294.29
404.09 726.4 586.61 4204.04 1633.1 939.23
342.39 569.87 673.48 4194.45 1567.51 761.79
206.28 258.61 343.14 506.22 484.47 321.88
907.16 1309.3 2004.29 3143.38 2752.98 1599.67
663.14 973.29 1307.83 2827.34 2226.37 1625.87
518.99 757.8 897.63 2708.83 1921.34 1484.05
292.29 574.33 295.57 5516.59 1241.54 497.47
606.26 825.68 1057.59 1786.42 2215.25 1814.41
131.59 295.77 188.93 4505.12 1135.54 459.18
727.36 1026.29 1433.91 2206.96 2515.97 1852.34
335.15 450.93 637.95 998.79 950.66 590.92
382.22 693.26 721.89 4505.97 1622.9 784.95
790.82 1180.65 1648.5 3392.99 2584.32 1545.57
273.0 362.85 517.73 797.52 882.84 552.6
899.39 1323.23 1895.91 3084.44 2166.48 1303.32
180.38 220.22 272.83 384.38 321.8 232.99
300.72 400.54 551.85 822.58 799.98 560.09
965.26 1394.73 2066.31 3183.35 3741.48 2444.29
699.77 1031.69 1527.19 2341.52 2578.49 1699.28
268.58 477.81 517.26 4429.66 1470.55 733.83
874.94 1260.82 1819.02 3244.78 2336.52 1431.79
850.24 1247.53 1705.13 3203.17 2541.99 1669.19
261.61 346.7 475.47 689.61 730.2 498.89
262.22 349.84 481.16 914.14 681.82 425.31
382.99 616.14 775.49 3955.08 1899.68 1085.22
836.92 1205.83 1772.5 3361.74 2503.33 1461.65
475.03 851.25 821.53 4621.57 1773.67 875.04
593.78 867.32 1274.9 1952.75 2141.81 1417.07
916.64 1358.99 2015.1 2995.3 2804.08 1823.27
484.25 843.17 735.91 5140.06 1849.79 956.32
350.1 494.31 695.56 1141.02 935.19 605.2
421.01 732.99 634.01 5095.56 1599.11 779.28
484.47 767.77 974.95 3994.23 1764.37 921.06
876.38 1258.95 1834.02 2810.48 3135.17 2111.14
564.88 952.76 993.05 4808.42 1893.57 1012.87
823.25 1238.82 1878.96 2774.41 2620.19 1680.37
765.65 1074.63 1434.01 2244.42 2607.04 2122.85
978.82 1429.67 2012.34 3239.51 2802.68 1796.97
642.4 949.14 1314.66 3125.53 1967.98 1126.34
560.61 804.83 1134.81 1819.65 1290.71 793.36
974.47 1457.69 2189.61 3232.99 2933.09 1841.84
477.02 782.15 863.26 3967.79 1710.81 1012.43
841.76 1185.75 1691.64 2730.65 2545.96 1771.19
754.28 1076.45 1596.81 2600.81 2466.89 1465.96
531.52 772.39 993.56 2800.07 1865.67 1310.14
250.25 502.67 424.39 4587.57 1382.77 623.03
817.43 1199.92 1742.36 3385.68 3078.59 1954.32
534.85 763.49 1149.2 1928.02 2081.09 1241.87
629.59 921.99 1365.57 1989.91 1813.99 1154.04
951.59 1365.19 2067.82 3278.38 2837.0 1678.12
232.81 413.98 370.59 3677.95 1047.35 490.88
844.94 1257.83 1708.99 3389.62 2656.47 1635.41
858.83 1258.72 1815.63 2732.49 2690.41 1873.23
811.02 1156.57 1629.9 2553.42 2642.36 1922.72
814.11 1168.96 1722.57 3272.19 2434.48 1432.08
516.97 747.73 1092.21 1658.34 1823.1 1211.85
558.13 794.91 1125.59 2159.89 1846.89 1151.95
650.68 955.43 1410.36 2158.03 2375.61 1568.37
438.55 721.27 824.69 4319.13 1950.91 1084.06
437.69 627.4 753.94 1904.33 1359.08 1014.98
909.2 1334.26 1967.93 3088.31 3140.25 2041.98
572.16 861.25 1103.89 3307.37 1999.73 1285.73
796.29 1147.52 1595.18 2627.51 2149.6 1464.34
641.71 910.06 1376.19 2100.47 1874.37 1107.77
805.28 1146.21 1704.61 2660.64 2507.24 1587.04
265.42 501.71 433.46 4763.16 1519.59 708.86
542.25 775.65 1129.72 1721.51 1750.29 1140.52
678.15 966.89 1416.63 2149.79 2374.0 1549.69
544.83 770.27 1072.9 1996.22 2026.75 1412.65
898.25 1288.63 1947.79 3206.03 2690.04 1587.01
407.07 567.51 791.15 1172.88 1147.43 812.7
934.12 1336.51 2011.64 3159.94 2802.63 1702.64
447.77 677.68 829.71 2809.03 1835.81 1256.35
866.56 1248.46 1832.95 3198.43 2923.1 1775.75
920.9 1323.62 1963.72 3215.88 3081.5 1857.95
980.52 1415.8 2094.99 3209.0 3801.28 2494.94
825.49 1271.01 1883.0 3647.48 2778.08 1729.05
421.76 677.87 843.1 3771.4 1474.0 749.74
170.15 379.19 284.6 4570.9 1385.52 599.82
468.8 650.39 943.7 1509.62 1434.14 869.94
961.25 1449.87 2189.73 3261.94 3113.19 2035.06
246.38 444.92 492.65 4202.52 1461.41 760.64
853.44 1234.46 1820.57 2816.86 2759.37 1762.21
880.06 1309.66 1942.26 2934.08 2904.58 1966.19
703.31 966.49 1223.05 1928.8 2335.47 2086.29
797.27 1140.6 1599.95 2513.92 2451.91 1663.2
493.09 758.31 1003.84 2730.54 1399.93 784.16
877.3 1257.68 1808.21 2794.23 2786.76 1968.9
472.62 686.72 1016.53 1477.87 1398.41 914.21
440.08 740.97 938.27 3832.25 2005.72 1119.91
632.68 871.5 1089.41 1782.61 2217.1 1926.13
281.82 373.76 515.2 755.62 741.74 501.11
678.04 1021.78 1361.62 3810.92 2191.14 1321.59
844.89 1225.19 1834.27 2932.46 2615.39 1633.03
862.17 1224.97 1748.79 2837.2 2876.95 1959.41
563.66 866.62 1137.51 3431.68 2026.55 1150.26
441.03 829.61 710.4 4792.17 1683.78 856.35
838.03 1218.16 1720.63 2690.63 2633.11 1925.0
442.83 636.87 931.7 2021.61 1763.2 1034.62
573.55 879.69 1206.03 3311.5 2180.04 1309.76
276.37 364.46 501.66 725.32 793.72 542.25
257.56 404.99 491.44 2171.68 964.1 540.23
556.83 771.7 1028.0 1660.29 1913.21 1512.26
549.02 859.63 1111.39 3333.23 2318.52 1559.14
255.2 460.28 427.18 3081.41 1026.9 524.47
597.56 912.83 1267.89 3706.36 2405.2 1451.87
423.58 589.58 804.12 1255.85 1095.1 724.82
897.32 1325.07 1952.13 2917.59 2769.65 1829.89
751.24 1120.87 1554.04 3374.08 2389.73 1447.51
806.99 1138.43 1555.9 2433.33 2661.71 2068.09
756.81 1116.88 1603.61 3375.93 3133.97 1985.59
769.23 1129.38 1638.55 3549.67 2722.67 1560.26
738.05 1133.33 1405.54 4003.03 2359.79 1386.43
546.41 771.24 1120.7 1699.81 1615.84 1069.49
636.0 899.07 1256.46 1990.26 2247.46 1611.85
500.7 759.28 1068.03 2341.23 1631.34 1011.01
473.5 739.2 977.13 3896.02 2199.31 1300.81
711.71 981.94 1253.35 1968.88 2351.91 2076.84
504.03 767.93 1053.72 2785.95 1606.66 969.88
770.01 1094.8 1630.49 2537.3 2376.39 1493.82
630.12 866.87 1080.54 1771.11 2210.71 1925.54
682.42 954.05 1245.27 2009.0 2383.42 1950.68
869.05 1265.38 1780.84 2885.65 2224.43 1475.31
754.78 1057.91 1431.61 2326.74 2440.92 1929.86
569.0 816.52 1191.99 1819.58 1850.1 1203.45
887.19 1315.18 1992.31 3783.14 3747.58 2181.86
781.34 1097.62 1446.16 2299.15 2468.48 2006.03
887.11 1274.34 1931.2 3014.63 2723.06 1637.55
799.72 1157.8 1620.28 2555.29 2950.91 2178.64
420.14 604.09 887.45 1283.81 1215.55 799.54
535.83 769.65 1104.36 1618.3 1518.96 1039.8
500.03 765.17 930.78 3091.42 1949.76 1328.84
874.54 1242.62 1852.15 3012.27 2528.1 1516.76
843.08 1213.3 1792.61 3248.4 2504.97 1466.87
424.21 750.84 676.36 5113.68 1600.5 782.3
615.61 864.29 1241.88 1957.53 1536.17 970.09
806.7 1162.9 1699.21 2695.41 2900.14 1904.3
485.94 669.55 975.86 1555.25 1304.2 795.07
460.17 775.4 810.79 4121.71 1763.79 1057.03
672.97 1002.55 1435.86 3134.19 2082.55 1155.74
128.9 274.09 119.37 3710.07 792.51 330.06
552.56 845.13 1086.8 3515.88 1973.37 1320.72
955.5 1391.59 1950.97 3147.22 2762.93 1797.81
623.04 883.33 1248.73 2190.8 1583.11 984.97
404.87 706.22 877.32 3882.81 1745.45 926.42
442.07 619.62 878.87 1335.3 1385.65 944.91
487.61 735.53 814.53 3183.66 1843.54 1330.13
878.67 1260.07 1812.81 2805.09 3169.72 2184.96
637.02 988.1 1383.77 3975.99 2683.24 1657.4
207.03 260.07 343.22 478.33 549.85 389.78
500.55 697.29 943.37 1839.64 1537.33 1096.1
636.16 877.45 1138.98 1929.15 2084.14 1664.7
869.29 1231.39 1735.13 2760.49 2421.2 1709.62
594.66 876.83 1181.29 3310.72 2259.5 1395.08
345.93 482.05 685.21 975.64 881.95 582.94
783.18 1102.68 1534.62 2473.19 2598.15 1889.08
440.55 716.52 874.48 3857.78 2014.21 1225.49
818.17 1172.08 1723.7 2858.84 3300.64 2153.44
885.1 1284.81 1873.47 3379.51 2998.43 1803.44
853.8 1237.88 1729.51 2797.59 2234.59 1531.5
664.82 990.67 1246.72 3290.08 2200.56 1461.85
943.39 1369.16 2012.3 3181.26 3107.26 2002.77
554.12 881.97 1065.76 4260.99 1867.81 948.75
742.48 1060.96 1474.66 2375.5 2784.45 2058.27
587.6 802.31 1023.54 1954.26 2145.63 1716.25
296.02 497.9 451.93 3813.82 1422.62 859.95
661.26 1019.15 1245.39 3731.29 2140.75 1304.64
775.39 1127.59 1638.38 2859.37 2453.52 1585.69
273.51 425.68 469.38 2417.38 1242.63 773.66
660.41 909.56 1206.06 1985.89 2412.67 1887.42
747.55 1059.69 1473.69 2315.0 2441.68 1817.14
438.52 699.78 836.65 4006.17 1613.44 838.57
425.17 696.73 803.01 4148.2 1723.28 950.07
449.32 710.17 939.34 3286.75 1629.55 916.44
554.87 854.29 1136.47 3741.55 1942.8 1056.38
266.06 513.42 539.64 4071.34 1627.94 821.36
928.6 1388.79 2071.13 3088.79 2741.26 1729.06
419.26 647.9 781.01 3494.72 1659.06 1037.09
263.58 427.71 424.93 2820.68 985.38 521.43
767.27 1082.14 1450.3 2232.45 2476.66 2030.69
568.51 812.65 1130.42 2268.86 1492.19 915.32
625.48 933.96 1192.73 2867.05 2159.64 1436.47
635.38 914.41 1293.16 1941.76 2011.37 1499.09
598.47 822.49 1071.55 1689.99 2012.66 1688.52
376.28 608.79 606.28 3900.02 1646.17 1115.63
809.19 1245.55 1722.91 3918.94 3118.85 1964.07
517.98 712.13 967.64 1533.24 1630.52 1223.13
772.04 1167.0 1558.6 3641.41 2426.26 1483.67
258.77 377.01 462.42 1634.32 781.32 438.08
405.15 635.34 760.22 3639.32 1871.32 1136.32
711.08 1006.61 1342.3 2112.26 2362.42 1890.93
207.04 397.44 346.04 4400.92 1272.23 569.28
639.42 908.6 1231.87 1996.99 1774.21 1301.16
744.99 1055.65 1464.22 2354.52 2701.85 1977.57
874.25 1282.85 1830.33 2977.3 2133.38 1309.82
329.32 600.32 419.51 4989.41 1307.45 563.88
341.5 461.52 671.57 993.85 886.52 541.15
255.31 412.73 476.29 3480.67 1142.03 562.08
794.89 1119.27 1503.0 2369.08 2549.3 1990.85
859.63 1252.85 1932.05 2970.6 2599.49 1491.79
331.66 546.52 527.01 3509.17 1330.01 661.23
591.91 863.52 1275.55 1855.47 1692.06 1079.06
442.26 613.2 879.45 1313.48 1446.21 958.22
835.46 1204.81 1667.79 2691.72 2246.8 1599.05
809.79 1191.95 1789.41 3229.05 2554.43 1493.67
216.35 388.99 360.27 4529.4 1263.05 619.83
280.64 374.15 535.66 782.63 694.38 430.97
725.79 1003.44 1295.43 2034.45 2436.37 2103.45
851.97 1215.91 1836.91 2862.66 2504.18 1487.28
261.86 354.87 498.13 698.53 664.02 453.69
749.23 1054.79 1470.18 2352.45 2500.22 1838.52
337.09 531.4 592.29 3276.43 1449.23 908.15
759.14 1111.57 1607.0 2399.41 2288.43 1565.78
883.11 1267.27 1846.15 2837.84 3374.08 2278.47
357.61 493.57 699.81 1044.53 1061.3 706.11
416.45 583.38 705.68 1805.95 1495.01 1216.89
720.67 995.22 1286.87 2022.98 2372.08 2052.41
137.84 157.76 187.91 238.04 247.54 193.39
863.72 1243.3 1907.57 2926.77 2587.34 1495.14
686.69 977.49 1361.47 2175.7 1718.93 1070.68
519.39 720.08 979.93 1584.6 1871.03 1392.09
916.06 1350.98 1978.76 2939.5 2804.58 1900.33
701.61 1029.81 1338.52 3351.64 2406.31 1590.6
845.39 1219.1 1781.2 3406.94 2516.14 1467.78
103.77 114.22 109.24 360.96 165.88 124.15
797.13 1132.49 1713.17 2617.21 2324.67 1386.22
623.02 920.95 1353.36 2243.11 1849.29 1160.22
847.49 1202.53 1788.24 2906.55 2448.91 1477.98
334.07 450.05 631.9 927.37 1083.77 733.72
867.79 1241.18 1821.07 2968.95 2884.88 1803.05
852.75 1216.6 1725.65 2672.09 2723.13 1985.54
825.61 1230.49 1775.69 3144.79 2584.2 1717.16
334.94 591.51 573.92 4391.33 1358.56 673.23
628.52 863.15 1144.63 1877.87 2335.11 1821.28
934.04 1344.39 2004.86 3283.01 3119.84 1851.14
964.68 1412.03 1981.26 3274.43 2778.75 1776.26
210.74 317.72 359.78 1812.63 808.65 429.28
88.16 271.91 96.69 4705.94 1166.79 428.73
673.12 937.95 1230.75 1985.49 2294.13 1870.27
713.12 992.05 1361.58 2283.51 2494.91 1808.45
768.8 1115.0 1712.99 2627.36 2300.62 1325.38
341.37 656.93 612.13 4675.34 1542.54 762.77
636.09 945.38 1362.18 2564.24 1939.45 1231.15
744.92 1032.89 1351.34 2137.09 2356.73 1991.88
636.62 877.3 1097.36 1798.08 2220.03 1922.29
880.12 1335.2 1965.46 3491.4 3447.56 2223.78
448.27 612.09 828.66 1264.82 1329.96 1033.53
794.9 1193.95 1787.96 2731.94 2551.69 1663.2
883.04 1295.92 1880.14 3213.57 2791.86 1787.64
420.0 727.52 650.78 5052.13 1537.34 704.24
178.14 410.16 263.18 4762.71 1403.08 625.18
944.69 1364.54 2007.37 3079.84 3424.28 2253.69
577.56 824.77 1251.77 1904.69 1671.38 974.99
670.88 941.12 1376.74 2104.58 1972.13 1294.97
680.54 949.94 1304.4 2059.92 1928.5 1448.8
616.21 954.74 1320.39 3770.41 2096.72 1133.07
597.59 827.42 1060.4 1800.3 1848.32 1540.8
444.36 770.51 830.34 4461.26 2086.08 1171.1
718.53 1083.91 1452.59 3702.2 2384.68 1399.67
652.09 895.02 1178.87 1950.0 2435.85 1920.94
343.41 592.57 640.19 4375.42 1731.08 882.43
803.97 1220.53 1781.45 3633.18 3194.2 2040.62
601.22 875.59 1141.77 2438.61 1909.1 1330.04
888.91 1271.38 1891.23 3251.14 2603.35 1534.04
872.43 1240.37 1752.56 2704.37 3222.59 2337.92
570.78 841.28 1257.96 1840.82 1740.44 1128.69
762.87 1071.47 1455.11 2348.91 2314.01 1759.65
270.08 358.41 510.66 785.73 869.6 544.95
539.78 757.69 1099.36 1654.5 1948.35 1290.65
886.3 1256.3 1842.41 2988.66 2613.69 1669.8
455.84 666.93 859.17 2453.02 1464.09 926.89
809.95 1159.73 1628.31 2559.43 2493.4 1687.62
842.4 1191.35 1723.33 2811.18 2542.5 1677.22
752.72 1055.64 1389.32 2214.03 2301.89 1903.86
759.63 1056.38 1396.75 2210.85 2364.36 1958.48
749.7 1055.98 1432.7 2268.31 2672.39 2050.67
206.24 368.48 380.53 3959.21 1133.36 525.32
967.72 1467.68 2229.12 3371.46 3140.15 2010.42
767.0 1136.16 1687.14 2474.81 2220.73 1409.78
187.42 230.74 298.65 409.0 467.41 336.68
560.49 885.12 971.26 4182.38 1924.13 1126.94
188.64 270.92 318.72 1525.14 602.74 347.07
881.2 1274.22 1893.54 3341.62 2681.32 1591.19
714.25 1059.88 1463.12 3503.73 2382.33 1435.01
165.28 199.19 257.63 363.21 395.41 270.79
660.95 1004.01 1417.95 3514.64 2501.73 1518.37
726.92 1025.7 1411.25 2280.52 2638.46 1956.32
735.94 1020.12 1328.13 2082.3 2481.51 2110.78
837.38 1239.85 1850.88 3674.05 3538.94 2101.02
882.19 1349.95 1933.0 3515.35 2720.29 1671.95
508.13 703.05 980.09 1517.71 1736.72 1234.21
186.31 421.16 282.45 4756.23 1392.09 617.3
861.58 1251.2 1843.7 3523.0 2953.64 1723.07
891.88 1289.72 1874.41 3110.43 3245.02 2157.53
322.34 524.82 514.29 3682.44 1446.41 893.99
735.29 1100.31 1662.59 2449.13 2313.67 1488.16
761.6 1093.29 1537.66 2386.25 2481.31 1801.77
325.45 526.87 555.27 3454.82 1500.49 903.8
436.86 727.19 928.81 4289.68 2309.6 1201.95
803.5 1194.33 1631.63 3513.18 2408.43 1505.68
781.91 1151.6 1684.18 3361.32 2520.82 1482.65
245.57 481.13 394.97 4893.47 1410.07 685.14
963.54 1405.08 1973.13 3174.36 2767.57 1793.23
965.91 1441.05 2155.83 3176.41 2914.45 1856.66
702.28 1020.35 1454.76 3216.87 2140.23 1247.17
161.35 192.38 236.23 318.72 302.06 222.14
770.1 1135.13 1561.85 3605.48 2169.01 1287.81
940.64 1345.47 1957.97 3125.46 2454.24 1535.34
539.13 770.37 1120.25 1702.13 1812.42 1183.89
587.09 868.91 1202.15 3459.01 1882.65 1052.93
153.21 181.29 223.88 295.08 298.54 225.18
614.98 888.89 1338.24 2352.6 2457.28 1457.98
648.18 1000.03 1327.09 3965.65 2104.5 1116.65
880.58 1294.44 1853.08 3016.33 2120.5 1278.01
312.96 519.91 605.59 4283.33 1701.52 919.29
728.32 1063.8 1535.43 3094.32 2507.68 1456.4
417.64 593.44 855.83 1230.93 1109.94 723.75
630.86 901.36 1346.35 2068.24 1888.41 1169.95
899.63 1278.68 1908.24 2958.81 2735.97 1716.2
301.23 503.21 494.55 4021.93 1409.22 839.44
317.61 414.2 537.23 845.46 941.39 736.61
263.86 495.36 413.16 4718.14 1391.12 634.68
986.01 1424.72 2109.92 3230.63 3822.45 2504.99
854.4 1249.87 1834.42 3306.52 2752.77 1753.29
909.26 1329.79 1921.42 3340.67 3001.78 1913.32
937.88 1341.39 1949.42 3110.94 2453.91 1543.5
777.63 1181.81 1501.26 3553.58 2391.13 1512.86
646.06 916.0 1208.37 2491.08 2312.74 1710.74
352.23 624.92 730.36 3993.34 1748.8 915.87
911.64 1307.17 1931.51 3173.59 3067.86 1871.28
812.73 1158.22 1618.18 2555.65 2729.22 1983.96
712.33 1001.51 1368.49 2220.77 2587.28 1939.16
572.06 805.97 1172.71 1768.6 2084.01 1378.05
745.55 1074.32 1580.41 2478.46 2295.38 1489.12
713.22 1053.37 1506.83 3325.56 2468.68 1521.21
557.39 792.04 1095.31 1733.84 1506.63 983.21
190.69 340.29 282.66 4132.73 1199.79 679.23
381.06 623.72 778.21 3855.32 1767.86 959.08
335.62 584.02 459.61 4377.52 1207.1 545.05
187.25 287.8 223.32 1919.21 534.4 264.32
661.78 915.12 1176.24 1926.13 2258.56 1887.11
930.39 1354.44 1998.97 3209.48 2923.1 1882.48
444.78 707.65 884.59 3942.39 1896.83 1074.59
809.0 1149.75 1657.93 2639.15 2114.69 1355.09
585.36 790.2 987.98 1696.4 2098.52 1762.42
703.57 985.32 1276.19 2079.79 2334.45 1898.53
929.02 1383.84 2066.24 3046.97 2803.57 1790.05
560.47 825.82 1030.02 2752.8 1794.16 1279.45
558.73 852.14 1135.68 3406.82 1952.22 1180.19
573.85 900.39 1149.38 3946.1 2333.14 1391.85
509.3 746.73 1016.92 2809.04 2061.07 1323.24
196.06 361.93 328.55 4439.91 1150.42 513.94
847.08 1206.47 1828.75 2797.56 2484.06 1478.37
390.35 668.26 702.1 4294.44 1603.55 836.09
174.46 340.21 303.05 4264.07 1119.89 512.91
649.26 1016.76 1382.57 3868.03 2648.48 1639.88
753.92 1077.24 1519.78 2843.09 2116.67 1379.0
390.69 531.2 668.66 1288.05 1148.06 933.27
842.94 1247.48 1760.41 3304.06 3093.39 1969.45
661.47 968.11 1318.04 3170.3 2540.15 1695.97
670.89 1034.59 1304.67 4101.79 2233.68 1324.9
374.42 640.2 797.55 3393.53 1553.18 834.48
606.95 829.27 1064.2 1797.31 2241.2 1836.75
446.23 710.95 767.82 3795.61 1573.37 814.33
359.14 602.37 635.18 4108.46 1545.16 854.1
774.89 1117.69 1562.07 2401.96 2530.29 1943.51
767.81 1136.53 1520.88 3678.16 2101.21 1238.52
821.55 1185.77 1593.5 2837.14 2514.33 1822.61
736.84 1055.91 1457.03 3049.53 2295.46 1471.41
911.33 1363.43 2028.51 3040.04 2981.66 2011.28
613.07 863.7 1213.72 1880.01 1921.55 1386.95
424.22 663.49 847.07 2802.78 1557.41 876.48
704.1 1017.85 1558.66 2535.68 2833.61 1680.44
815.83 1160.89 1646.02 2618.47 2754.38 1929.53
77.43 208.88 99.78 4383.88 928.62 365.9
895.18 1295.95 1921.71 2954.22 2796.44 1816.41
586.89 887.27 1194.09 2759.95 1798.46 1116.26
569.07 806.85 1000.28 2416.13 2006.32 1594.33
847.87 1272.42 1861.27 3225.59 2665.25 1691.43
690.65 1035.66 1388.59 3673.99 1998.8 1170.93
663.76 1033.02 1421.85 3493.95 2133.35 1276.59
187.03 387.15 237.43 4537.09 1149.73 500.68
829.89 1204.21 1690.93 2774.08 2163.34 1422.29
748.23 1084.99 1632.55 2773.02 3001.49 1826.89
931.97 1341.39 1876.2 3033.61 2447.62 1544.67
486.16 816.22 822.97 4810.06 1833.44 967.43
603.63 819.5 1048.38 1771.17 2156.11 1778.1
885.61 1263.11 1826.36 2971.22 2956.75 1940.62
704.89 1055.64 1445.52 3599.92 2307.91 1370.97
761.28 1111.26 1575.6 2543.64 2581.49 1854.25
826.65 1191.01 1703.57 2688.89 2988.25 2073.61
334.55 436.08 557.5 904.37 1006.31 802.65
786.09 1098.61 1478.4 2343.47 2378.07 1898.43
559.46 804.78 1111.1 2390.43 1495.18 912.27
494.42 730.14 889.53 3089.48 1785.71 1288.04
387.67 533.18 738.76 1125.55 1047.45 672.68
755.45 1136.72 1664.02 3169.45 2935.75 1891.37
668.2 922.34 1254.62 2056.47 2274.84 1722.4
457.62 654.15 916.84 2087.32 1501.55 877.88
872.36 1239.47 1850.4 3009.71 2515.45 1499.96
953.9 1430.55 2132.34 3433.49 3656.34 2386.44
454.91 738.78 894.19 4263.54 1762.27 891.69
776.26 1093.53 1477.65 2386.11 2694.26 2114.17
598.31 845.98 1279.39 1944.4 1722.93 1010.29
681.18 948.68 1269.66 2085.32 2279.49 1707.9
964.62 1396.43 2069.02 3165.46 3500.76 2268.01
539.39 924.5 949.33 4459.69 2025.84 1121.95
788.71 1114.72 1569.0 2482.78 2872.23 2050.23
474.79 655.09 967.27 1453.3 1296.03 791.5
477.06 857.87 762.52 4685.9 1798.3 929.24
620.83 882.49 1206.12 1925.48 1776.81 1231.36
628.51 895.78 1306.91 2005.78 1965.45 1265.98
490.06 771.16 886.63 3391.0 1695.04 1068.07
763.54 1089.12 1627.49 2510.35 2321.07 1446.28
307.08 504.42 451.44 3733.66 1492.54 982.83
879.66 1261.63 1816.15 2805.97 2792.87 1967.3
486.26 735.27 848.14 3188.34 1955.43 1425.38
385.05 619.99 692.52 3586.02 1750.44 1052.87
142.22 164.5 198.3 254.8 257.54 199.33
701.38 987.19 1465.36 2253.72 2071.6 1297.35
951.2 1370.33 2047.3 3353.47 3179.25 1877.06
364.42 671.37 612.52 4591.3 1474.42 720.3
495.39 787.79 1062.44 3986.1 1873.37 1050.24
946.73 1414.25 2123.48 3121.71 2840.43 1785.27
828.73 1183.99 1647.47 2564.01 2880.94 2158.95
855.5 1250.25 1821.16 3460.12 3417.31 2194.22
707.07 989.59 1306.95 2101.53 2428.9 1950.05
717.06 1082.01 1449.21 3705.39 2381.34 1397.16
471.3 829.59 701.06 5113.11 1496.03 700.51
897.45 1308.83 2014.96 3106.55 2736.64 1584.72
809.85 1165.87 1621.67 2474.71 2656.62 2066.84
620.2 874.1 1299.92 2001.31 1847.58 1146.44
911.17 1302.41 1896.44 3022.32 2359.42 1468.85
482.62 656.62 840.49 1340.92 1576.69 1314.33
510.15 691.92 909.59 1529.76 1875.49 1458.85
960.57 1392.2 2060.5 3188.88 3494.62 2261.27
914.57 1318.51 1986.44 3338.38 2770.01 1625.25
734.12 1024.21 1338.4 2086.51 2428.67 2081.13
770.55 1087.78 1449.33 2316.96 2290.02 1838.17
213.25 269.52 351.22 500.64 507.44 370.96
956.34 1423.76 2121.83 3130.93 2893.36 1865.04
855.41 1259.11 1917.56 3248.96 2656.04 1515.35
945.61 1410.36 2110.53 3110.96 2846.66 1808.62
810.41 1188.38 1705.87 3469.77 2838.72 1687.1
674.39 1021.6 1419.86 2919.93 2512.14 1607.46
863.61 1301.25 1920.41 3253.13 2625.79 1631.44
904.1 1316.04 1930.97 3264.75 3313.86 2134.45
633.38 945.06 1305.75 3567.35 2328.8 1444.67
846.11 1248.63 1763.67 3736.23 2570.55 1474.35
312.65 533.02 590.57 4180.3 1662.01 876.27
551.76 790.19 1151.87 1756.39 1785.79 1162.91
317.92 681.39 358.11 5200.48 1452.11 662.51
435.47 759.77 914.77 4332.39 1948.99 1058.15
788.71 1129.08 1633.54 2560.52 2522.4 1726.87
787.59 1112.67 1508.25 2355.58 2702.31 2135.41
674.83 1026.65 1391.32 3873.42 2672.65 1639.71
922.2 1329.73 1867.85 3008.92 2368.8 1460.32
907.08 1305.03 1896.53 2923.32 3279.26 2214.54
377.52 546.22 709.64 1584.7 1106.88 705.89
316.74 677.67 372.8 5159.65 1413.75 617.19
202.1 253.94 321.63 444.64 466.69 377.77
746.27 1044.29 1432.0 2338.86 2391.46 1789.44
971.62 1424.31 2204.59 3614.27 4044.13 2380.31
322.61 538.13 646.25 3936.22 1777.57 930.11
416.09 557.63 686.89 1098.81 1357.35 1183.37
702.45 1008.99 1473.35 2321.77 2231.53 1428.85
446.82 707.24 867.91 3867.22 1678.1 915.62
306.19 420.03 592.73 835.8 767.31 510.37
409.99 572.34 763.74 1372.83 987.32 621.93
773.17 1172.93 1460.55 3932.68 2120.46 1221.52
182.76 222.57 291.51 398.83 364.1 252.69
157.97 188.71 230.24 316.43 249.86 187.26
622.72 861.09 1117.92 1810.95 2011.0 1651.7
634.51 876.38 1147.67 1914.89 2351.67 1881.79
787.66 1128.15 1623.37 2843.01 2057.34 1273.22
364.31 619.56 713.76 4250.39 1671.29 873.6
733.86 1086.15 1527.38 3011.24 1844.77 1088.3
304.05 416.71 587.62 828.17 760.39 506.12
921.69 1312.35 1962.2 3193.64 2667.49 1589.25
752.18 1126.91 1704.15 2511.6 2372.55 1525.08
473.06 661.97 931.68 1436.47 1577.56 1095.36
595.92 842.01 1207.9 1870.85 1885.87 1263.53
262.45 370.26 462.7 1290.18 838.28 530.83
746.89 1088.43 1525.19 2617.57 2400.5 1689.22
219.03 437.33 395.62 4489.39 1420.44 617.57
765.49 1070.58 1432.18 2237.93 2496.97 2044.66
904.2 1348.08 1967.73 3110.95 2712.97 1771.04
892.75 1269.37 1811.7 2884.85 2422.44 1637.33
535.91 836.76 1075.92 3897.96 1840.05 1001.95
252.88 607.81 181.45 5384.47 1251.89 507.28
802.53 1158.06 1612.98 2654.75 2152.16 1456.52
656.59 905.55 1174.95 1837.28 2133.82 1830.14
152.05 187.01 219.7 589.01 341.68 234.48
367.2 515.08 735.8 1051.34 949.56 624.69
369.46 494.45 648.67 977.65 1063.66 862.9
863.54 1239.04 1746.54 2786.99 2721.99 1802.28
786.33 1130.74 1566.82 2584.1 2145.53 1476.79
902.68 1317.53 2030.71 3127.53 2747.49 1585.48
819.8 1165.37 1579.04 2558.68 2363.19 1697.29
788.8 1184.57 1794.22 2647.01 2500.15 1605.09
382.57 697.3 679.82 4500.35 1441.94 701.04
796.53 1163.02 1653.29 2679.4 1934.11 1202.0
662.58 958.37 1356.56 2739.95 2074.85 1268.62
367.79 498.4 654.94 1008.8 979.17 737.33
842.18 1191.18 1690.0 2730.1 2350.46 1593.45
139.11 159.35 194.31 247.78 228.67 171.65
101.31 243.43 134.53 4199.68 1017.2 388.56
100.32 100.49 100.75 101.17 101.25 100.79
800.1 1188.8 1779.41 3379.7 2513.55 1414.9
882.17 1271.59 1933.79 3040.51 2679.66 1585.7
668.23 1026.28 1359.61 3750.74 1852.71 1051.76
848.14 1195.86 1713.24 2767.63 2555.66 1756.66
511.94 802.67 1089.26 4004.69 1861.79 971.67
686.28 974.96 1441.24 2340.89 2220.89 1323.98
254.5 449.26 304.6 3717.42 954.5 422.22
485.15 686.8 955.41 1527.64 1131.31 724.94
715.32 1040.06 1532.68 2356.06 2396.11 1547.72
211.22 438.41 260.27 5030.86 1274.74 533.81
722.94 1001.05 1302.48 2046.38 2376.14 2037.52
670.85 945.19 1355.27 2111.17 2092.98 1441.9
864.45 1235.28 1715.69 2703.69 2711.5 1918.07
696.34 977.88 1345.34 2082.58 2209.64 1706.21
97.13 218.39 108.76 3096.11 810.67 325.95
623.3 883.39 1338.55 2036.91 1804.33 1055.95
379.81 666.23 517.06 4932.0 1381.94 669.66
193.47 286.3 297.06 1550.69 682.63 405.76
563.07 882.02 1115.95 4112.36 2449.71 1456.24
973.76 1456.72 2187.87 3235.04 2932.0 1840.9
856.63 1231.84 1883.8 2891.27 2570.43 1502.4
798.43 1160.53 1687.77 2619.52 2726.34 1830.87
871.36 1288.26 1952.83 3637.32 3661.7 2135.95
730.16 1009.35 1305.82 2063.15 2349.08 2025.35
336.06 458.66 669.98 1051.77 1168.18 717.57
698.1 1074.64 1487.9 3676.66 2646.19 1611.21
240.59 330.32 425.81 1021.48 629.31 376.99
478.84 712.34 883.23 3142.21 2084.62 1404.97
265.0 458.43 311.09 3158.09 834.3 388.34
276.77 360.87 501.17 766.54 651.55 418.36
767.1 1106.73 1482.95 2937.23 2214.06 1467.37
536.98 820.27 1159.33 3750.09 1938.65 1036.37
359.28 599.76 614.61 4095.38 1562.15 883.22
712.68 1070.33 1396.83 3700.69 2050.65 1187.64
775.05 1114.98 1658.95 2693.26 3049.69 1953.09
730.72 1087.8 1595.55 3580.7 2396.13 1325.14
494.8 697.3 1025.59 1695.12 1416.79 846.8
904.3 1330.08 1928.35 2989.29 3353.47 2348.25
829.97 1217.03 1861.57 3179.35 2563.23 1457.84
594.83 926.02 1095.52 3941.92 1944.1 1084.45
573.24 886.81 1215.69 3686.52 2370.12 1404.54
963.15 1442.63 2162.89 3256.37 2909.61 1822.8
420.56 575.17 809.91 1254.84 992.87 640.94
910.09 1304.54 1966.57 3205.41 2735.64 1635.96
700.97 982.88 1378.6 2227.63 2338.6 1686.77
755.13 1105.33 1570.97 3216.75 2622.84 1697.4
773.93 1122.79 1725.36 2646.74 2317.5 1334.77
877.09 1268.64 1906.65 3146.8 3585.36 2243.22
630.05 866.74 1080.23 1770.67 2210.97 1925.98
219.01 402.25 420.35 4207.04 1338.0 666.22
812.41 1155.39 1636.36 2604.83 2745.02 1927.27
595.72 846.45 1200.7 1867.21 1732.64 1086.83
885.84 1259.28 1856.91 2876.73 2712.05 1761.28
253.02 344.49 433.6 1035.04 632.52 414.68
132.87 186.33 180.33 1311.63 440.51 233.49
568.81 961.22 1015.31 4477.82 2392.08 1387.04
634.73 884.8 1185.62 1941.78 1837.95 1329.73
772.17 1146.61 1663.53 3012.08 2709.91 1715.11
707.03 972.43 1234.42 1947.18 2337.09 2077.86
285.2 546.95 316.05 5114.97 1188.05 475.25
745.04 1099.3 1489.57 3589.6 2108.3 1243.14
232.05 478.41 379.57 4651.59 1462.79 670.33
472.58 716.02 873.29 3033.86 1588.41 872.44
664.08 991.75 1315.18 3038.75 1995.6 1235.67
762.52 1181.54 1672.42 3766.81 3108.05 1955.9
207.75 264.87 342.06 502.26 378.53 262.19
565.03 802.48 1159.3 2327.06 1656.57 970.13
634.23 897.29 1322.18 2141.96 2032.61 1215.33
850.28 1259.71 1872.36 2766.75 2562.8 1648.68
265.48 519.14 258.58 5171.02 1129.96 430.03
659.95 954.8 1400.95 2142.91 2283.55 1482.09
288.01 391.54 524.05 1104.55 830.63 506.19
682.16 962.67 1302.53 2096.62 1904.9 1354.42
119.72 337.2 131.39 4888.95 1257.28 504.95
777.01 1187.54 1635.95 3632.23 2439.95 1505.73
397.05 599.85 824.74 2336.77 1353.03 736.9
739.22 1031.51 1349.1 2118.14 2518.26 2134.01
114.04 120.8 132.49 150.7 144.81 125.91
726.8 1097.75 1474.23 3634.41 2389.54 1412.82
580.14 888.65 1162.63 3365.35 2393.6 1605.73
444.47 710.95 949.34 2868.82 1581.85 906.66
359.93 705.51 404.07 5663.5 1390.01 593.39
957.7 1384.7 2044.3 3129.85 3468.68 2267.63
855.78 1228.27 1765.87 2747.05 2749.42 1922.16
809.47 1178.82 1683.37 2834.81 2841.59 1929.52
745.56 1159.43 1552.75 3914.26 2314.71 1368.6
782.26 1127.8 1628.13 2871.11 2517.98 1638.62
960.46 1404.52 2157.51 3537.75 3965.03 2376.2
800.47 1163.51 1704.72 3222.95 2740.45 1596.29
971.38 1416.88 1989.92 3201.9 2792.27 1809.62
877.13 1260.24 1901.28 2953.9 2687.01 1639.3
618.74 877.08 1070.93 2322.95 2175.46 1768.16
948.8 1398.03 2146.49 3692.11 3969.68 2328.23
769.05 1117.44 1534.06 2916.68 2027.9 1233.11
869.12 1241.45 1755.39 2735.84 2856.91 2056.8
858.53 1234.04 1698.68 2767.14 2588.87 1788.54
612.51 838.76 1081.02 1821.0 2263.47 1845.82
887.27 1299.3 1915.37 2962.45 3036.81 1987.93
764.17 1157.03 1675.15 4035.71 3315.1 1890.34
846.23 1227.76 1726.78 3344.71 2249.29 1365.58
858.07 1225.43 1775.18 2752.17 3290.29 2240.53
314.66 509.66 564.32 3071.61 1314.44 728.57
892.03 1303.38 1913.27 2980.48 3084.83 2035.08
388.22 514.74 639.88 978.16 1171.22 1045.37
216.79 495.99 283.33 4960.1 1255.29 545.51
515.45 809.22 1032.33 3238.67 1790.54 1041.34
764.24 1098.18 1571.79 2849.85 2025.15 1243.52
142.9 164.91 193.36 253.25 231.94 182.84
889.94 1298.45 1999.5 3099.93 2712.0 1565.07
915.35 1349.06 1981.48 3229.46 3308.44 2141.6
316.53 525.06 618.54 4228.98 1504.47 789.52
502.15 695.46 935.43 1471.44 1305.42 931.18
501.25 713.02 1034.27 1571.2 1597.31 1044.07
707.65 990.89 1298.32 2098.33 2379.9 1899.25
888.19 1371.46 1986.77 3727.31 2905.99 1810.72
802.31 1193.82 1631.28 3511.45 2454.04 1516.63
580.76 806.25 1145.07 1845.17 1693.91 1145.23
332.26 582.28 543.35 4230.55 1373.23 720.91
973.04 1454.99 2185.98 3215.21 2925.87 1838.49
217.48 307.04 373.22 1369.46 568.07 330.7
706.26 1039.67 1499.4 3492.9 2516.51 1441.41
725.25 1011.31 1396.42 2337.92 2529.93 1812.3
739.46 1112.16 1578.74 3420.12 2614.88 1598.92
892.67 1290.07 1963.22 3145.1 2713.58 1585.82
562.77 846.9 1207.99 3644.82 1972.53 1064.14
445.62 625.12 934.52 1493.5 1663.95 1004.2
560.6 906.01 1215.52 3722.17 2489.78 1525.7
350.21 481.97 681.33 1012.88 1075.72 717.59
762.1 1084.74 1563.33 2421.04 2732.58 1860.15
988.2 1428.69 2117.53 3251.44 3835.27 2507.02
705.12 996.33 1323.02 2087.11 2351.13 1893.4
935.09 1336.39 1938.15 3090.27 2455.31 1560.31
934.95 1333.78 2010.83 3100.47 2807.01 1711.65
670.97 1007.74 1502.22 2439.28 2146.13 1371.76
491.23 682.63 933.81 1706.62 1597.4 1130.83
436.3 730.06 728.34 4557.48 1575.0 772.77
746.67 1073.1 1530.37 2362.96 2591.64 1824.94
170.01 223.82 245.01 828.39 468.65 339.24
219.79 279.16 357.56 523.8 430.54 298.19
357.68 585.61 697.73 4130.41 1364.22 680.21
247.35 447.09 481.45 4019.84 1328.01 627.25
440.5 619.79 891.08 1342.26 1427.77 940.43
485.91 677.19 929.77 1465.35 1164.89 738.49
892.96 1278.59 1911.81 3166.12 2713.52 1649.71
775.67 1112.04 1539.34 2575.16 2544.97 1853.07
872.48 1297.67 1940.41 2853.78 2609.48 1652.52
897.6 1332.01 1948.18 3057.3 2758.61 1832.21
766.26 1135.01 1685.39 2472.19 2218.4 1408.34
808.3 1138.05 1519.23 2423.87 2393.84 1859.77
892.53 1300.79 1799.61 3319.05 2363.36 1437.01
704.32 1061.69 1560.4 3553.61 2335.45 1281.7
774.63 1139.43 1552.09 3286.39 2129.56 1266.78
564.67 800.39 1161.17 2090.9 1835.18 1096.91
729.73 1062.87 1473.65 2832.5 2340.28 1556.57
579.47 780.64 972.66 1673.32 2087.95 1761.86
782.0 1106.42 1550.28 2483.39 2661.63 1907.11
401.12 635.23 606.4 2699.41 1431.13 1039.18
930.03 1332.41 1938.61 3160.01 2425.64 1505.13
648.16 976.04 1286.74 3532.28 2341.28 1499.59
790.18 1137.45 1620.9 2507.59 2756.9 1951.18
744.98 1041.94 1369.32 2148.56 2547.42 2141.49
830.08 1171.79 1619.95 2510.07 3000.74 2275.2
820.08 1189.48 1666.91 2672.15 2314.45 1490.43
716.32 1024.83 1466.06 2646.99 1886.57 1161.6
300.93 416.38 594.22 842.99 800.15 539.05
833.71 1180.74 1643.14 2543.22 2916.33 2181.35
606.86 888.5 1221.62 2328.72 1453.22 868.39
902.69 1292.68 1957.81 3133.51 2687.31 1589.57
962.0 1398.0 2014.0 3173.0 2939.0 1816.0
69.0 191.5 59.0 4653.5 930.0 346.0
134.0 394.5 95.5 5146.0 1087.0 409.5
969.0 1403.0 2079.0 3181.0 3518.0 2279.0
155.0 368.0 123.0 5163.0 1156.0 447.0
89.8 263.8 87.2 4769.8 1060.5 381.0
971.0 1390.0 2115.5 3245.0 2879.5 1707.0
122.0 299.0 89.0 4632.0 914.0 354.0
72.0 203.8 71.8 4231.5 957.5 341.5
907.5 1325.5 2047.5 3151.5 2757.0 1579.5
948.0 1357.0 1978.0 3155.0 2462.0 1531.0
56.8 180.8 53.0 4412.8 873.5 325.0
119.5 322.5 80.5 4825.8 970.8 371.8
948.0 1376.0 2046.0 3146.0 2970.0 1921.0
911.0 1341.0 1922.0 3127.8 2196.5 1320.8
985.0 1493.5 2276.8 3372.5 3183.8 2033.8
76.2 218.5 55.5 4643.8 764.8 282.8
962.5 1390.0 1954.5 3151.5 2480.0 1527.0
959.5 1435.2 2145.2 3160.2 2832.8 1787.8
88.5 243.0 63.5 4918.0 903.5 321.0
978.0 1422.0 2105.0 3266.0 3199.0 2037.0
79.2 209.2 66.0 4931.0 970.2 374.0
222.2 574.0 104.8 5481.0 1198.8 463.2
992.0 1434.0 2127.0 3253.0 3849.0 2515.0
980.5 1432.2 2016.0 3245.2 2807.8 1800.2
966.0 1422.0 2112.0 3259.5 3477.0 2237.5
109.2 304.0 68.8 5231.2 1052.0 412.0
978.0 1434.0 2220.0 3640.0 4073.0 2397.0
81.5 229.5 75.0 4588.5 1023.0 369.5
937.0 1353.0 2081.0 3198.0 2826.0 1629.0
924.0 1316.0 1970.0 3207.0 2671.0 1584.0
102.5 315.2 89.5 4914.0 1200.8 467.0
980.0 1467.0 2194.0 3388.8 3736.5 2446.5
955.0 1376.0 2056.0 3368.0 3193.0 1885.0
977.5 1462.0 2197.0 3231.5 2940.0 1846.5
939.0 1381.8 2053.5 3176.2 3230.8 2074.0
265.0 540.0 222.0 5608.0 1151.0 427.0
83.0 265.0 84.5 4714.5 1156.5 420.5
245.0 494.0 207.0 5231.5 1090.0 397.0
304.0 635.0 236.5 5868.5 1229.5 464.5
138.0 335.0 114.0 4964.0 1063.0 407.0
53.8 244.8 74.8 4340.2 1057.2 381.2
560.0 749.0 922.0 1597.0 2053.0 1760.0
629.0 865.0 1077.0 1766.0 2207.0 1925.0
703.0 966.0 1222.0 1927.0 2335.0 2087.0
100.0 100.0 100.0 100.0 100.0 100.0
