0.2589
0.7915
0.6233
0.2682
0.6567
0.0599
0.2077
0.0033
0.64
0.0658
0.6261
0.4585
0.1611
0.8096
0.3467
0.0918
0.29
0.317
0.4863
0.6211
0.9257
0.7937
0.5338
0.6857
0.4499
0.1422
0.6624
0.136
0.8789
0.4347
0.4168
0.1245
0.4897
0.5139
0.6143
0.9182
0.1938
0.107
0.6709
0.1284
0.771
0.3107
0.9938
0.7206
0.3987
0.53
0.8188
0.7319
0.0043
0.3119
0.0861
0.146
0.5736
0.4844
0.7255
0.8784
0.6427
0.7309
0.3435
0.7658
0.9544
0.5984
0.4441
0.7055
0.3246
0.8526
0.8212
0.5735
0.742
0.5041
0.26
0.5913
0.4168
0.4301
0.1597
0.1493
0.4287
0.3577
0.7203
0.4715
0.4816
0.1542
0.7797
0.8354
0.7017
0.9514
0.0252
0.8212
0.3286
0.6195
0.3088
0.6348
0.7541
0.9959
0.2573
0.2039
0.3999
0.4598
0.8511
0.3886
0.0631
0.3658
0.3061
0.2949
0.3311
0.8077
0.9072
0.2798
0.0862
0.2025
0.4511
0.6076
0.4574
0.7289
0.0676
0.8827
0.7284
0.3097
0.0029
0.5014
0.075
0.2109
0.2985
0.0158
0.2509
0.6461
0.8307
0.6398
0.1612
0.2445
0.3608
0.9357
0.7326
0.5672
0.1129
0.2991
0.1442
0.8236
0.9105
0.374
0.7405
0.2225
0.3068
0.6301
0.9727
0.4583
0.8557
0.1156
0.7247
0.2744
0.7506
0.4563
0.5396
0.4886
0.1786
0.1566
0.2872
0.1492
0.0109
0.1289
0.3811
0.7782
0.4734
0.4063
0.5326
0.8785
0.7915
0.6151
0.6625
0.1394
0.0263
0.0022
0.4651
0.0424
0.2859
0.1053
0.3668
0.5893
0.9259
0.6327
0.6846
0.352
0.5395
0.6042
0.0257
0.176
0.2762
0.8269
0.0018
0.2079
0.0424
0.7949
0.2941
0.5093
0.4797
0.5997
0.8073
0.5678
0.1173
0.4203
0.8475
0.1814
0.7846
0.2544
0.2875
0.9223
0.5191
0.5308
0.7653
0.8442
0.6314
0.3464
0.5028
0.557
0.0273
0.6227
0.6341
0.3886
0.6218
0.5665
0.446
0.8589
0.4474
0.7333
0.8453
0.1649
0.8977
0.4641
0.5305
0.6666
0.1089
0.2703
0.4458
0.4942
0.2262
0.7312
0.2918
0.4911
0.5067
0.2231
0.8219
0.3077
0.1516
0.1051
0.2202
0.3269
0.7252
0.5551
0.0503
0.5441
0.705
0.1524
0.1012
0.4219
0.0461
0.5751
0.1213
0.3879
0.9956
0.0806
0.2502
0.5901
0.6812
0.561
0.4683
0.8428
0.766
0.0985
0.338
0.1039
0.1613
0.2528
0.8778
0.6014
0.5907
0.5672
0.2301
0.1501
0.0149
0.8026
0.1831
0.8299
0.0286
0.0009
0.9598
0.2372
0.1733
0.2667
0.8033
0.61
0.016
0.0801
0.3221
0.3273
0.168
0.4503
0.2086
0.5589
0.0834
0.2268
0.2767
0.3434
0.1208
0.1213
0.1393
0.7854
0.1796
0.174
0.9163
0.5603
0.7018
0.4745
0.1174
0.2105
0.2617
0.7376
0.6563
0.3991
0.9396
0.5598
0.8193
0.7642
0.5701
0.396
0.6238
0.5145
0.1181
0.5419
0.2094
0.1428
0.0713
0.5734
0.221
0.8046
0.7661
0.6586
0.681
0.4609
0.3324
0.765
0.428
0.8943
0.4288
0.6264
0.8798
0.3127
0.7543
0.4571
0.7479
0.5311
0.9398
0.2993
0.1432
0.262
0.2276
0.8408
0.2201
0.3041
0.0271
0.9982
0.3978
0.3522
0.0798
0.4293
0.3638
0.829
0.8928
0.7796
0.7318
0.1703
0.5762
0.7744
0.0644
0.2028
0.0057
0.1972
0.6465
0.212
0.3968
0.3081
0.6527
0.7522
0.7595
0.7176
0.0522
0.7414
0.1053
0.3264
0.8668
0.4715
0.8727
0.3086
0.2576
0.0225
0.8778
0.5591
0.064
0.2477
0.048
0.0416
0.2403
0.486
0.6643
0.2542
0.1128
0.57
0.5865
0.6727
0.7511
0.8116
0.0488
0.7166
0.8619
0.3695
0.5851
0.9143
0.9753
0.6847
0.9793
0.9231
0.4123
0.4576
0.0891
0.4718
0.9469
0.8016
0.1968
0.6693
0.1672
0.4972
0.2076
0.1377
0.2865
0.7054
0.8942
0.9679
0.3804
0.215
0.9031
0.5548
0.8561
0.8356
0.0058
0.969
0.8714
0.1075
0.2788
0.0633
0.7447
0.0707
0.8126
0.455
0.1669
0.5623
0.3323
0.9131
0.6982
0.1083
0.872
0.5483
0.2042
0.8879
0.4161
0.4814
0.7181
0.6389
0.4266
0.5403
0.4066
0.5233
0.0653
0.6079
0.2936
0.0507
0.8237
0.8009
0.7063
0.0551
0.2884
0.3267
0.94
0.7894
0.8642
0.7078
0.2201
0.5654
0.9387
0.8954
0.9314
0.5177
0.0576
0.7249
0.4587
0.1437
0.1852
0.2631
0.1922
0.6695
0.276
0.1188
0.027
0.5093
0.2888
0.0011
0.8005
0.8546
0.9188
0.9649
0.7708
0.9869
0.3276
0.7996
0.7565
0.3535
0.1972
0.3264
0.9996
0.4254
0.0113
0.2626
0.687
0.5291
0.098
0.5897
0.0324
0.0915
0.8139
0.5525
0.5167
0.0511
0.0619
0.0183
0.8158
0.4171
0.1963
0.256
0.082
0.115
0.6375
0.5993
0.3169
0.1803
0.8964
0.4286
0.9916
0.7646
0.022
0.5625
0.1251
0.8757
0.0998
0.5169
0.0024
0.217
0.8088
0.1018
0.3905
0.1016
0.3465
0.8209
0.8805
0.0698
0.8113
0.8539
0.9516
0.9222
0.4649
0.6556
0.4315
0.3148
0.9306
0.9238
0.3856
0.3358
0.6811
0.8453
0.8745
0.7926
0.0327
0.8518
0.0765
0.0998
0.1681
0.5095
0.9891
0.4648
0.1291
0.0106
0.9168
0.2436
0.0617
0.7786
0.7677
0.4749
0.9912
0.9681
0.3757
0.1903
0.7978
0.6563
0.899
0.2556
0.5213
0.7511
0.4088
0.8322
0.0156
0.7988
0.2187
0.4057
0.7822
0.6284
0.195
0.3923
0.8542
0.8146
0.6529
0.0232
0.18
0.638
0.3829
0.83
0.7813
0.9299
0.2134
0.9812
0.3078
0.2328
0.4153
0.2659
0.9845
0.7378
0.1088
0.9932
0.3628
0.9534
0.1015
0.6096
0.0261
0.9486
0.2121
0.2313
0.3685
0.8905
0.1628
0.3283
0.3893
0.6345
0.2689
0.0895
0.9822
0.0309
0.0763
0.1547
0.5375
0.1218
0.2203
0.551
0.8057
0.5189
0.7505
0.2053
0.1098
0.5249
0.8462
0.3898
0.3733
0.0815
0.262
0.7949
0.9439
0.681
0.4705
0.1667
0.0968
0.8766
0.4014
0.4563
0.5559
0.4134
0.863
0.69
0.2246
0.0302
0.0355
0.1637
0.6674
0.4864
0.7665
0.4548
0.4292
0.7587
0.4564
0.9652
0.268
0.885
0.3649
0.5309
0.3911
0.5088
0.7345
0.2175
0.7081
0.8219
0.9826
0.0567
0.8387
0.9042
0.3669
0.8936
0.7939
0.3406
0.8298
0.4753
0.7245
0.2417
0.0769
0.2205
0.8873
0.5106
0.0294
0.4759
0.3946
0.2633
0.005
0.7832
0.9376
0.0908
0.0332
0.0195
0.3948
0.173
0.6574
0.9347
0.6414
0.4423
0.8795
0.5529
0.5258
0.2665
0.5424
0.5853
0.3705
0.6836
0.9735
0.9638
0.261
0.0359
0.256
0.0863
0.936
0.3702
0.9923
0.4647
0.4829
0.1438
0.7595
0.3957
0.8223
0.7724
0.0175
0.9316
0.7441
0.8998
0.4571
0.1253
0.0058
0.2212
0.6569
0.9029
0.5222
0.3757
0.6836
0.4461
0.2203
0.7492
0.9197
0.4499
0.6523
0.8173
0.6674
0.4622
0.7806
0.1629
0.1508
0.7814
0.1571
0.6206
0.8527
0.4079
0.8873
0.1643
0.7952
0.43
0.9933
0.4686
0.8864
0.7885
0.885
0.0852
0.635
0.7385
0.1626
0.9831
0.2179
0.2988
0.9299
0.974
0.5354
0.1689
0.131
0.2234
0.8649
0.8812
0.0922
0.709
0.5061
0.2351
0.156
0.3477
0.3781
0.6443
0.6458
0.2886
0.3783
0.9947
0.2254
0.6521
0.7726
0.6432
0.3734
0.115
0.6581
0.9151
0.4985
0.184
0.0845
0.6732
0.6942
0.4917
0.6985
0.76
0.2946
0.2307
0.3884
0.8303
0.2978
0.9698
0.7578
0.4413
0.7862
0.4227
0.5068
0.4575
0.1381
0.2401
0.3816
0.4411
0.6316
0.6037
0.7194
0.2837
0.3256
0.705
0.8655
0.9476
0.1127
0.115
0.5843
0.3823
0.245
0.8612
0.3059
0.5818
0.6657
0.6933
0.9788
0.4925
0.4705
0.1139
0.8859
0.9308
0.1438
0.6181
0.539
0.2014
0.734
0.083
0.2175
0.7687
0.1318
0.3442
0.6579
0.3807
0.5978
0.6854
0.8519
0.9035
0.2707
0.9489
0.5482
0.6483
0.2209
0.8707
0.2001
0.8781
0.525
0.8707
0.9843
0.2642
0.9202
0.8083
0.8601
0.1204
0.4721
0.3476
0.8156
0.1948
0.4951
0.1896
0.1396
0.1243
0.708
0.3738
0.2097
0.2414
0.134
0.6677
0.2571
0.3322
0.4576
0.4049
0.8091
0.5606
0.3734
0.7971
0.3135
0.3077
0.159
0.7478
0.9889
0.6947
0.5713
0.3712
0.1857
0.8096
0.1948
0.2277
0.8733
0.1452
0.7819
0.0236
0.7522
0.5057
0.4839
0.796
0.8117
0.1345
0.6605
0.2465
0.7606
0.7441
0.1271
0.4823
0.9443
0.781
0.4909
0.2059
0.7862
0.776
0.8885
0.9594
0.8156
0.1547
0.0194
0.9918
0.6767
0.9807
0.8372
0.8841
0.5169
0.1536
0.4822
0.4453
0.9012
0.6353
0.9524
0.5491
0.8676
0.3448
0.111
0.7999
0.0483
0.3545
0.4882
0.8956
0.2125
0.9552
0.0757
0.2859
0.0
0.0
0.0
0.0
0.0
0.0
0.0
0.0
0.0
0.0
0.0
0.0
0.0
0.0
0.0
0.0
0.0
0.0
0.0
0.0
0.0
0.0
0.0
0.0
0.0
0.0
0.0
0.0
0.0
0.0
0.0
0.0
0.0
0.0
0.0
0.0
0.0
0.0
0.0
0.0
0.0
0.0
1.0
1.0
1.0
0.0
