0.9361
0.4755
0.239
0.9231
0.2954
0.371
0.1962
0.5367
0.3547
0.4357
0.4565
0.1491
0.3586
0.5503
0.9083
0.3316
0.2317
0.042
0.4745
0.333
0.7307
0.7796
0.0319
0.7782
0.9457
0.3929
0.4047
0.488
0.8864
0.6632
0.382
0.3372
0.0805
0.9757
0.7061
0.8803
0.7329
0.0941
0.5692
0.2716
0.9562
0.726
0.7014
0.1584
0.4674
0.1407
0.9429
0.4
0.3875
0.5964
0.7494
0.9812
0.429
0.6962
0.0544
0.278
0.1331
0.8813
0.3157
0.2819
0.3633
0.4509
0.2979
0.3649
0.1003
0.4628
0.3457
0.9036
0.5389
0.0279
0.147
0.9201
0.8717
0.5225
0.2359
0.5703
0.1998
0.5748
0.1624
0.4973
0.4385
0.3257
0.0115
0.4093
0.9005
0.6373
0.3944
0.1904
0.5049
0.5103
0.4408
0.3154
0.3368
0.8187
0.5841
0.3144
0.2627
0.0305
0.599
0.8914
0.3645
0.8003
0.2757
0.4242
0.6647
0.4011
0.7766
0.8313
0.3873
0.0108
0.2237
0.2573
0.9736
0.2757
0.0721
0.0292
0.2809
0.5291
0.0334
0.9791
0.7498
0.7815
0.0539
0.8206
0.8789
0.0872
0.0001
0.8458
0.5889
0.4356
0.2616
0.4418
0.9573
0.9672
0.7032
0.9102
0.7349
0.2727
0.4435
0.2063
0.9423
0.0968
0.9641
0.1903
0.1332
0.3643
0.662
0.1331
0.8104
0.4512
0.5351
0.4924
0.1727
0.1759
0.5405
0.9025
0.1615
0.3291
0.7493
0.6719
0.0679
0.0902
0.3729
0.6389
0.0389
0.0349
0.1526
0.54
0.0632
0.7094
0.0379
0.0489
0.2233
0.6559
0.0979
0.1977
0.8788
0.0308
0.2932
0.2858
0.7446
0.4842
0.377
0.7878
0.6681
0.6831
0.4556
0.8423
0.0079
0.6259
0.3362
0.7379
0.682
0.2122
0.0638
0.3503
0.2273
0.6289
0.2445
0.2177
0.6258
0.4791
0.2634
0.6851
0.5496
0.0389
0.8787
0.5043
0.3046
0.8367
0.7656
0.0457
0.8505
0.5523
0.6628
0.028
0.4114
0.1104
0.7896
0.821
0.7725
0.6917
0.6553
0.7631
0.5042
0.6238
0.8108
0.4579
0.4205
0.0299
0.0901
0.2423
0.5198
0.9423
0.229
0.3583
0.2446
0.8193
0.6766
0.0944
0.2494
0.8998
0.9454
0.5509
0.2575
0.4809
0.9966
0.0301
0.2016
0.6527
0.8532
0.1666
0.5445
0.3678
0.8832
0.902
0.7756
0.5367
0.5127
0.4704
0.003
0.1746
0.9576
0.2679
0.6711
0.4998
0.6765
0.6699
0.9534
0.8141
0.2469
0.113
0.6925
0.0639
0.9129
0.9637
0.5185
0.0281
0.1037
0.6105
0.5996
0.9998
0.9327
0.6869
0.9673
0.159
0.9059
0.7157
0.5924
0.7756
0.0309
0.4893
0.4319
0.6752
0.723
0.8651
0.2811
0.9176
0.784
0.628
0.3515
0.1109
0.4107
0.7978
0.7924
0.4536
0.1348
0.2772
0.6685
0.2339
0.3918
0.1637
0.1292
0.8015
0.5913
0.994
0.015
0.7604
0.0529
0.6896
0.0485
0.9303
0.8684
0.5577
0.1927
0.7288
0.9181
0.1288
0.0001
0.8296
0.2394
0.3143
0.1089
0.5043
0.3883
0.7372
0.5139
0.703
0.4845
0.8545
0.4292
0.5125
0.57
0.8367
0.946
0.4493
0.9376
0.1037
0.4514
0.9268
0.429
0.2043
0.7913
0.3664
0.1575
0.5573
0.6418
0.0089
0.6011
0.5003
0.5705
0.279
0.2622
0.6439
0.3574
0.0143
0.5508
0.8769
0.1886
0.965
0.8532
0.961
0.9828
0.9751
0.9297
0.6854
0.0536
0.0463
0.8253
0.4177
0.4681
0.0787
0.4801
0.2369
0.3305
0.9847
0.3524
0.6225
0.0198
0.4415
0.7061
0.0206
0.5526
0.7727
0.8087
0.0566
0.931
0.084
0.6315
0.8201
0.2946
0.3607
0.0898
0.7028
0.3447
0.515
0.1327
0.4554
0.6404
0.6307
0.7471
0.6651
0.746
0.4188
0.7235
0.8777
0.1196
0.4839
0.8294
0.4188
0.6504
0.5908
0.0288
0.1948
0.1948
0.3411
0.4952
0.1838
0.5519
0.0327
0.911
0.7099
0.3298
0.3993
0.9863
0.4374
0.0646
0.4819
0.2845
0.3692
0.5731
0.2908
0.9486
0.0422
0.1509
0.565
0.3203
0.2376
0.5692
0.3796
0.3872
0.8821
0.2909
0.0331
0.3954
0.0108
0.7135
0.7437
0.3022
0.745
0.9914
0.8528
0.4437
0.5784
0.2722
0.8894
0.0169
0.9681
0.023
0.0821
0.7765
0.1004
0.9161
0.9783
0.7416
0.636
0.9109
0.5073
0.2995
0.5357
0.8738
0.7282
0.966
0.4526
0.0026
0.9951
0.8013
0.0688
0.2506
0.0775
0.221
0.4096
0.5239
0.074
0.3607
0.4752
0.5399
0.4295
0.0014
0.0829
0.3308
0.1705
0.7602
0.287
0.1894
0.9518
0.7267
0.3426
0.9091
0.4142
0.224
0.4177
0.8737
0.6114
0.5668
0.4881
0.5575
0.4326
0.7196
0.8473
0.8086
0.1946
0.2743
0.4104
0.9522
0.4525
0.2305
0.3025
0.9455
0.988
0.6478
0.7923
0.1162
0.121
0.8204
0.7654
0.1721
0.8544
0.1266
0.7426
0.4573
0.9475
0.8541
0.2356
0.975
0.8428
0.4083
0.2364
0.3042
0.091
0.5341
0.2649
0.448
0.414
0.0109
0.9374
0.3229
0.7505
0.389
0.2247
0.8633
0.0391
0.7012
0.3188
0.4719
0.9302
0.5129
0.3768
0.7692
0.6934
0.3199
0.2368
0.3471
0.8327
0.3193
0.3566
0.3162
0.9189
0.2888
0.5348
0.3557
0.3703
0.8547
0.6592
0.8002
0.8913
0.5583
0.8232
0.457
0.8925
0.5921
0.2152
0.733
0.2754
0.1198
0.4169
0.6752
0.9891
0.3587
0.813
0.9427
0.155
0.6138
0.8497
0.5002
0.8477
0.4918
0.7889
0.511
0.4391
0.1023
0.0748
0.2123
0.7042
0.8869
0.0992
0.3664
0.3746
0.3651
0.6721
0.2792
0.721
0.2242
0.5536
0.4061
0.5024
0.4222
0.6447
0.2349
0.7059
0.5098
0.2898
0.3836
0.2563
0.5387
0.7118
0.0432
0.6421
0.0867
0.7911
0.193
0.6401
0.197
0.5377
0.7779
0.6116
0.9917
0.235
0.6257
0.3442
0.4261
0.7436
0.7016
0.7428
0.4495
0.9593
0.9552
0.2674
0.3839
0.8127
0.201
0.7975
0.6949
0.9876
0.6063
0.551
0.3126
0.7423
0.1942
0.9919
0.5068
0.1072
0.6103
0.0623
0.6289
0.5985
0.7175
0.9652
0.9846
0.1112
0.3021
0.8751
0.2456
0.5993
0.6322
0.326
0.3731
0.6548
0.5497
0.2051
0.7398
0.3396
0.4239
0.5057
0.4232
0.2123
0.4354
0.2687
0.5102
0.2831
0.866
0.2563
0.1201
0.4197
0.6182
0.6182
0.7899
0.8801
0.3396
0.8573
0.2624
0.8629
0.8034
0.3926
0.4734
0.1855
0.1936
0.0989
0.1315
0.5897
0.7524
0.7476
0.8384
0.3303
0.1444
0.5918
0.9647
0.3841
0.593
0.165
0.6829
0.3671
0.9614
0.7798
0.4192
0.6236
0.9368
0.6936
0.0422
0.1079
0.6704
0.2594
0.2112
0.5827
0.3255
0.2379
0.6552
0.8291
0.4602
0.5691
0.3314
0.4593
0.6009
0.7784
0.2307
0.7742
0.9705
0.9483
0.8927
0.9019
0.9032
0.246
0.1338
0.8987
0.3748
0.1743
0.9668
0.7733
0.1669
0.8811
0.6018
0.7273
0.2766
0.1402
0.3926
0.8833
0.7708
0.4156
0.1248
0.9923
0.6386
0.2751
0.7719
0.8963
0.6472
0.5297
0.4946
0.8135
0.0444
0.8518
0.5159
0.0476
0.4282
0.2745
0.4893
0.453
0.2894
0.7242
0.3245
0.5887
0.8411
0.7
0.599
0.6569
0.3268
0.2122
0.7002
0.9658
0.9325
0.8023
0.3625
0.3925
0.5453
0.6223
0.3993
0.6526
0.3125
0.9025
0.9216
0.0689
0.6447
0.7218
0.1967
0.5081
0.6487
0.8911
0.9974
0.1388
0.8712
0.1672
0.5677
0.3185
0.0281
0.1926
0.0045
0.55
0.779
0.0522
0.6617
0.3527
0.4634
0.8237
0.935
0.9692
0.8421
0.592
0.0583
0.3682
0.6636
0.7495
0.2888
0.602
0.7676
0.9462
0.651
0.8086
0.2973
0.1793
0.9286
0.8496
0.9488
0.7221
0.7614
0.1815
0.7711
0.2209
0.2892
0.3709
0.7606
0.5899
0.3657
0.9576
0.0318
0.5422
0.0503
0.0825
0.9741
0.2656
0.0788
0.5608
0.5945
0.6039
0.7768
0.7097
0.1949
0.1612
0.7323
0.6736
0.3245
0.5596
0.088
0.8829
0.9183
0.0207
0.1669
0.4465
0.7809
0.444
0.8809
0.3054
0.0323
0.1459
0.2796
0.7116
0.7685
0.9589
0.0171
0.4346
0.812
0.4068
0.2569
0.3753
0.3758
0.9103
0.5525
0.0482
0.5767
0.5038
0.2359
0.9325
0.0623
0.3952
0.2511
0.4589
0.3722
0.2303
0.275
0.4909
0.8097
0.9225
0.5813
0.2409
0.5244
0.684
0.5037
0.875
0.495
0.5166
0.2759
0.0593
0.1414
0.008
0.8302
0.055
0.4149
0.4275
0.5281
0.5676
0.8189
0.8084
0.0042
0.3637
0.1603
0.2064
0.6516
0.505
0.0862
0.4597
0.4252
0.6019
0.1543
0.5091
0.7316
0.2277
0.5798
0.9945
0.8566
0.9954
0.883
0.025
0.8833
0.7382
0.7473
0.1441
0.0584
0.383
0.8103
0.9508
0.6237
0.9605
0.9881
0.9696
0.593
0.9389
0.093
0.4362
0.841
0.5422
0.7994
0.4979
0.241
0.7582
0.1532
0.1955
0.286
0.9137
0.9433
0.757
0.0954
0.0132
0.0
1.0
1.0
0.0
1.0
1.0
0.0
1.0
1.0
0.0
0.0
1.0
1.0
0.0
0.0
0.0
1.0
0.0
0.0
1.0
0.0
1.0
1.0
0.0
0.0
0.0
1.0
0.0
1.0
0.0
0.0
1.0
0.0
0.0
0.0
0.0
1.0
1.0
1.0
1.0
1.0
1.0
0.0
0.0
0.0
0.0
0.0
0.0
0.0
0.0
0.0
0.0
0.0
0.0
0.0
0.0
0.0
0.0
0.0
0.0
0.0
0.0
0.0
0.0
0.0
0.0
0.0
0.0
0.0
0.0
0.0
0.0
0.0
0.0
0.0
0.0
0.0
0.0
0.0
0.0
0.0
0.0
0.0
0.0
0.0
0.0
0.0
0.0
0.0
0.0
0.0
0.0
0.0
0.0
0.0
0.0
0.0
0.0
0.0
0.0
0.0
0.0
0.0
0.0
0.0
0.0
0.0
0.0
0.0
0.0
0.0
0.0
0.0
0.0
0.0
0.0
0.0
0.0
0.0
0.0
0.0
0.0
0.0
0.0
0.0
0.0
0.0
0.0
0.0
0.0
0.0
0.0
0.0
0.0
0.0
0.0
0.0
0.0
0.0
0.0
0.0
0.0
0.0
0.0
0.0
0.0
0.0
0.0
0.0
0.0
0.0
0.0
0.0
0.0
0.0
0.0
0.0
0.0
0.0
0.0
0.0
0.0
0.0
0.0
0.0
0.0
0.0
0.0
0.0
0.0
0.0
0.0
0.0
0.0
0.0
0.0
0.0
0.0
0.0
0.0
0.0
0.0
0.0
0.0
0.0
0.0
0.0
0.0
0.0
0.0
0.0
0.0
0.0
0.0
0.0
0.0
0.0
0.0
0.0
0.0
0.0
0.0
0.0
0.0
0.0
0.0
0.0
0.0
0.0
0.0
0.0
0.0
0.0
0.0
0.0
0.0
0.0
0.0
0.0
0.0
0.0
0.0
0.0
0.0
0.0
0.0
0.0
0.0
0.0
0.0
0.0
0.0
0.0
0.0
0.0
0.0
0.0
0.0
0.0
0.0
0.0
0.0
0.0
0.0
