0.2783
0.1105
0.2404
0.8507
0.9772
0.6396
0.8616
0.5557
0.5534
0.4253
0.3396
0.6466
0.7197
0.1491
0.4004
0.1763
0.8528
0.5272
0.315
0.2223
0.9886
0.1216
0.0979
0.6112
0.6869
0.8137
0.7309
0.8853
0.1331
0.8249
0.885
0.2811
0.0261
0.7506
0.0529
0.7099
0.651
0.2336
0.2414
0.0182
0.5997
0.4102
0.2814
0.3544
0.9283
0.4735
0.3816
0.7294
0.1795
0.1598
0.3399
0.0338
0.8304
0.6533
0.7405
0.6557
0.6558
0.3298
0.4742
0.3205
0.3348
0.549
0.4383
0.5149
0.8076
0.1513
0.4805
0.6325
0.4061
0.8241
0.475
0.9392
0.238
0.9307
0.9954
0.9639
0.832
0.7593
0.7622
0.042
0.8418
0.0968
0.5269
0.7306
0.9939
0.4899
0.8704
0.8226
0.7792
0.7943
0.382
0.7123
0.7384
0.4825
0.6527
0.3651
0.1559
0.5838
0.5155
0.7104
0.3323
0.1302
0.0053
0.6369
0.1706
0.9416
0.2078
0.1015
0.9764
0.7593
0.6394
0.5405
0.6282
0.7532
0.2521
0.9132
0.807
0.253
0.1996
0.9714
0.0399
0.0386
0.8786
0.0784
0.5504
0.616
0.2506
0.5704
0.3775
0.0458
0.9358
0.4325
0.9998
0.7801
0.5571
0.9444
0.1595
0.4618
0.34
0.9969
0.2921
0.8392
0.0206
0.3231
0.8401
0.6239
0.0754
0.1005
0.9339
0.9584
0.4565
0.3205
0.5757
0.7715
0.4479
0.5972
0.5857
0.3844
0.883
0.0559
0.6436
0.2576
0.6322
0.651
0.7306
0.4611
0.3869
0.4288
0.0389
0.5429
0.0543
0.3194
0.821
0.9861
0.1512
0.3343
0.9791
0.71
0.8099
0.2071
0.3222
0.3598
0.4247
0.3766
0.7973
0.0592
0.7558
0.8554
0.7455
0.3681
0.2176
0.0467
0.1256
0.6964
0.3889
0.3251
0.2493
0.6531
0.1041
0.8787
0.8851
0.1723
0.632
0.6085
0.7974
0.3508
0.324
0.4271
0.3317
0.6383
0.0055
0.6324
0.9481
0.4018
0.7612
0.7085
0.1048
0.1077
0.7359
0.6829
0.1376
0.2138
0.9178
0.6533
0.4956
0.0263
0.0168
0.7295
0.4021
0.053
0.0145
0.8779
0.8378
0.8726
0.41
0.9963
0.4009
0.9251
0.6158
0.7283
0.812
0.3425
0.1985
0.4894
0.5513
0.3776
0.9687
0.6109
0.832
0.8262
0.7458
0.821
0.0738
0.7253
0.8233
0.4739
0.1855
0.6989
0.9375
0.4218
0.5753
0.9707
0.0154
0.6819
0.2729
0.7657
0.0025
0.0458
0.8417
0.1721
0.1698
0.6502
0.6149
0.5708
0.3806
0.1327
0.6827
0.9889
0.4242
0.7755
0.4413
0.7909
0.1165
0.4137
0.7366
0.733
0.8526
0.7099
0.9776
0.2828
0.7968
0.86
0.1276
0.9968
0.326
0.3738
0.3889
0.2736
0.9917
0.9793
0.7681
0.6735
0.0885
0.8745
0.5417
0.2275
0.2546
0.2751
0.2387
0.4544
0.5182
0.3779
0.8124
0.6758
0.183
0.5864
0.8643
0.0789
0.4928
0.2015
0.2104
0.5243
0.4453
0.6717
0.3047
0.8469
0.4902
0.8065
0.3208
0.1495
0.3352
0.7872
0.7517
0.312
0.5074
0.6774
0.6261
0.3548
0.3199
0.7468
0.5307
0.845
0.6301
0.2317
0.3151
0.729
0.2162
0.1861
0.4538
0.1176
0.12
0.8275
0.3428
0.5018
0.5913
0.0956
0.2644
0.7882
0.7089
0.6324
0.5717
0.6887
0.578
0.9363
0.0391
0.3305
0.7612
0.0859
0.1816
0.3679
0.098
0.3015
0.8812
0.4187
0.049
0.2658
0.0601
0.0427
0.006
0.3315
0.3195
0.7971
0.9005
0.8659
0.7883
0.3356
0.817
0.5629
0.2442
0.6373
0.5517
0.1245
0.1655
0.5325
0.6171
0.4629
0.3237
0.571
0.0703
0.0438
0.9005
0.2909
0.2002
0.5421
0.6775
0.0947
0.7777
0.0969
0.0821
0.7378
0.3207
0.3327
0.8613
0.7918
0.4144
0.6114
0.664
0.7565
0.9365
0.9228
0.6351
0.467
0.8244
0.8895
0.0014
0.2421
0.7355
0.6351
0.8065
0.2234
0.0259
0.2278
0.0197
0.4165
0.6338
0.0873
0.5309
0.4838
0.5666
0.6194
0.2999
0.9904
0.104
0.1993
0.9629
0.2632
0.2083
0.1484
0.376
0.6747
0.9886
0.0833
0.8166
0.3503
0.0762
0.834
0.3232
0.2043
0.222
0.1028
0.2926
0.8118
0.2569
0.1532
0.8262
0.5478
0.5659
0.355
0.0336
0.485
0.4196
0.6936
0.114
0.3406
0.7551
0.0972
0.6275
0.1194
0.6828
0.5324
0.4039
0.6579
0.0379
0.8591
0.6348
0.9025
0.4331
0.4606
0.1627
0.6427
0.9238
0.2355
0.624
0.1378
0.7464
0.9183
0.34
0.9278
0.9805
0.1571
0.8478
0.2651
0.9666
0.9267
0.5668
0.3897
0.7415
0.7221
0.0309
0.996
0.061
0.9047
0.1832
0.283
0.249
0.7185
0.5918
0.3697
0.8663
0.4321
0.3096
0.0904
0.4343
0.3192
0.6611
0.4095
0.465
0.2007
0.7319
0.0743
0.111
0.3239
0.0881
0.3733
0.0077
0.6569
0.0411
0.4729
0.729
0.0189
0.0666
0.4626
0.4863
0.6337
0.6026
0.1536
0.2932
0.0167
0.2926
0.2728
0.4801
0.2153
0.6639
0.9709
0.4629
0.5359
0.6485
0.7463
0.0066
0.456
0.9436
0.8423
0.9849
0.1774
0.7468
0.9751
0.2641
0.2609
0.911
0.643
0.8117
0.3658
0.678
0.9365
0.3618
0.32
0.1925
0.7131
0.1125
0.3477
0.8778
0.5667
0.0524
0.5317
0.7433
0.836
0.56
0.8686
0.088
0.2642
0.1216
0.0346
0.1585
0.4175
0.3418
0.1158
0.1688
0.2259
0.4114
0.8188
0.5375
0.3844
0.9671
0.5816
0.7843
0.0026
0.7439
0.2848
0.6358
0.2566
0.2696
0.1241
0.0624
0.4805
0.9964
0.6709
0.3072
0.9432
0.6743
0.0761
0.1034
0.4491
0.7462
0.5683
0.1733
0.1033
0.6507
0.3895
0.2964
0.9371
0.0277
0.8725
0.125
0.821
0.2112
0.6603
0.3405
0.5551
0.7438
0.8876
0.531
0.017
0.869
0.065
0.675
0.5018
0.7023
0.0448
0.1788
0.3564
0.9923
0.3145
0.6323
0.2635
0.3345
0.2776
0.884
0.6975
0.4553
0.8639
0.3867
0.4674
0.0085
0.5872
0.1803
0.6852
0.9726
0.7937
0.425
0.9375
0.3754
0.5619
0.3037
0.4991
0.6951
0.3674
0.0055
0.4662
0.1521
0.4311
0.6085
0.4663
0.2543
0.9957
0.6765
0.073
0.1166
0.791
0.754
0.2066
0.8469
0.5672
0.381
0.7594
0.4506
0.1924
0.2442
0.914
0.7248
0.176
0.1987
0.1766
0.9327
0.5099
0.2949
0.8775
0.4362
0.8956
0.7832
0.5865
0.779
0.9697
0.4476
0.8108
0.4069
0.9908
0.0875
0.3246
0.3024
0.0208
0.9366
0.7285
0.0881
0.1465
0.7686
0.0023
0.6779
0.7721
0.974
0.5388
0.2311
0.8114
0.5035
0.9361
0.3805
0.1244
0.412
0.4159
0.5803
0.4643
0.6638
0.2949
0.6325
0.9454
0.6438
0.4429
0.7596
0.6264
0.1647
0.4257
0.8338
0.4491
0.614
0.6505
0.7371
0.9333
0.6593
0.4559
0.3108
0.45
0.6703
0.8232
0.7392
0.8687
0.5545
0.4139
0.2659
0.4284
0.6277
0.7334
0.4828
0.1969
0.696
0.174
0.5384
0.4004
0.4943
0.1302
0.0074
0.8729
0.1146
0.8111
0.4082
0.3927
0.7776
0.8029
0.6894
0.0821
0.038
0.3503
0.5292
0.3398
0.2601
0.359
0.3709
0.0815
0.0988
0.0628
0.7477
0.3149
0.1476
0.0084
0.9414
0.3357
0.9451
0.9846
0.6364
0.0261
0.5999
0.6466
0.9214
0.2867
0.9222
0.4917
0.9662
0.3412
0.6956
0.5915
0.8713
0.191
0.171
0.5987
0.6689
0.4841
0.8832
0.0424
0.4886
0.7405
0.3852
0.4053
0.9491
0.4826
0.9602
0.7927
0.1474
0.6586
0.0979
0.879
0.9583
0.7008
0.2721
0.6543
0.6565
0.2528
0.666
0.0938
0.333
0.4076
0.7719
0.008
0.7167
0.6477
0.5231
0.8419
0.7213
0.4112
0.1283
0.8524
0.8211
0.0376
0.024
0.3282
0.1368
0.7714
0.695
0.0907
0.8588
0.0099
0.9984
0.3413
0.2601
0.2583
0.847
0.4443
0.2259
0.4259
0.8028
0.5885
0.644
0.5651
0.3996
0.4687
0.7906
0.4933
0.9852
0.4857
0.8886
0.3414
0.2855
0.6294
0.9629
0.231
0.8707
0.0333
0.1597
0.5241
0.7656
0.1473
0.1083
0.8286
0.5084
0.1367
0.3687
0.6096
0.1809
0.2601
0.083
0.3751
0.3801
0.0725
0.1359
0.3714
0.7387
0.534
0.062
0.99
0.7946
0.4715
0.0582
0.4365
0.1226
0.8394
0.3363
0.4501
0.3977
0.72
0.008
0.3938
0.1438
0.089
0.8233
0.9679
0.2441
0.5578
0.8138
0.8262
0.4223
0.8794
0.0694
0.9362
0.2137
0.0829
0.3107
0.3785
0.0746
0.6886
0.9416
0.9674
0.0207
0.5763
0.2799
0.5279
0.8052
0.0208
0.1474
0.0947
0.3531
0.3538
0.3231
0.2573
0.8219
0.6954
0.0664
0.6622
0.012
0.8538
0.5783
0.1506
0.498
0.2412
0.5699
0.4579
0.6326
0.5004
0.0776
0.6319
0.8373
0.2374
0.6715
0.9765
0.7398
0.1525
0.4609
0.1316
0.5319
0.747
0.3674
0.3971
0.0557
0.9539
0.0474
0.2993
0.0924
0.89
0.9954
0.5597
0.1436
0.1414
0.6582
0.678
0.0
1.0
1.0
0.0
1.0
1.0
0.0
1.0
1.0
0.0
0.0
1.0
1.0
0.0
0.0
0.0
1.0
0.0
0.0
1.0
0.0
1.0
1.0
0.0
0.0
0.0
1.0
0.0
1.0
0.0
0.0
1.0
0.0
0.0
0.0
0.0
1.0
1.0
1.0
1.0
1.0
1.0
0.0
0.0
0.0
0.0
