0.0651
0.5225
0.2561
0.76
0.3505
0.8099
0.3045
0.3675
0.34
0.972
0.9787
0.9746
0.3126
0.2831
0.4892
0.1033
0.141
0.6847
0.7366
0.439
0.9791
0.3475
0.6419
0.0877
0.439
0.3691
0.0766
0.976
0.1027
0.9849
0.4903
0.3024
0.0341
0.0713
0.5191
0.7111
0.7177
0.4894
0.8689
0.3292
0.6396
0.1409
0.0695
0.0119
0.5326
0.8592
0.9134
0.288
0.6652
0.4936
0.4179
0.5126
0.8721
0.1627
0.8054
0.4019
0.8903
0.4437
0.6806
0.8182
0.0042
0.5463
0.6082
0.3439
0.9536
0.5371
0.2248
0.0171
0.2104
0.3074
0.8112
0.5047
0.3763
0.8549
0.8535
0.9448
0.622
0.5185
0.3331
0.5648
0.0672
0.5366
0.8812
0.271
0.6281
0.8605
0.5092
0.8518
0.8024
0.2277
0.3367
0.0986
0.0894
0.099
0.6273
0.0178
0.1414
0.7541
0.4373
0.7732
0.6423
0.1741
0.6122
0.233
0.8935
0.5097
0.9149
0.3163
0.4381
0.8712
0.9366
0.8836
0.5484
0.7399
0.5968
0.5523
0.5687
0.3584
0.4625
0.1918
0.7959
0.5052
0.464
0.2937
0.237
0.1902
0.0598
0.9136
0.2503
0.3715
0.3902
0.866
0.6054
0.6158
0.4077
0.5302
0.814
0.2189
0.4494
0.647
0.1095
0.4011
0.7775
0.5843
0.1468
0.1042
0.9884
0.0339
0.0783
0.2012
0.5732
0.6658
0.2339
0.0756
0.1747
0.9287
0.4178
0.8738
0.6166
0.393
0.6867
0.4201
0.6692
0.766
0.5938
0.1082
0.6357
0.612
0.1939
0.157
0.3572
0.5185
0.4458
0.648
0.6011
0.4091
0.544
0.5058
0.0609
0.9466
0.1111
0.0059
0.4531
0.9877
0.5335
0.1161
0.5767
0.1431
0.9804
0.9654
0.5474
0.8275
0.6484
0.1937
0.4613
0.9515
0.223
0.3516
0.3122
0.3503
0.1367
0.7183
0.5289
0.0476
0.1621
0.9183
0.2476
0.0145
0.4156
0.7165
0.2062
0.0555
0.9143
0.8657
0.5818
0.7762
0.9423
0.6855
0.0275
0.4746
0.428
0.8244
0.7628
0.7228
0.5946
0.9229
0.1463
0.2364
0.1607
0.9733
0.7503
0.2817
0.5898
0.9099
0.6783
0.0014
0.0209
0.354
0.8783
0.1661
0.6686
0.7708
0.6258
0.7582
0.5867
0.0569
0.8675
0.3463
0.7699
0.1305
0.7929
0.8592
0.0574
0.0446
0.0492
0.1185
0.1468
0.3032
0.9965
0.6308
0.0826
0.7222
0.3854
0.4498
0.0828
0.7356
0.0938
0.7031
0.0973
0.5272
0.8849
0.4857
0.1674
0.9081
0.7073
0.8432
0.2558
0.7389
0.5752
0.126
0.8031
0.1202
0.3883
0.7623
0.0969
0.8878
0.6581
0.4001
0.5741
0.9385
0.6698
0.2986
0.8753
0.1823
0.456
0.9235
0.6548
0.1852
0.5605
0.9424
0.1698
0.4507
0.1129
0.9701
0.8256
0.5028
0.7117
0.6851
0.5051
0.2477
0.6207
0.8634
0.1727
0.9622
0.1563
0.7544
0.578
0.8034
0.3595
0.5295
0.5581
0.5856
0.3715
0.9566
0.9895
0.2765
0.3083
0.6806
0.311
0.5531
0.7556
0.6454
0.7221
0.9073
0.2076
0.9709
0.1614
0.1064
0.2723
0.3373
0.6277
0.9156
0.8794
0.6837
0.23
0.6739
0.6903
0.9661
0.6682
0.8865
0.9379
0.1124
0.081
0.5293
0.8279
0.824
0.7761
0.5526
0.534
0.5537
0.7583
0.4658
0.6741
0.5403
0.1213
0.5348
0.029
0.2895
0.4255
0.4899
0.6735
0.439
0.7818
0.6451
0.9558
0.787
0.1946
0.0212
0.3427
0.7941
0.8891
0.291
0.3681
0.7987
0.5803
0.6806
0.7939
0.3797
0.326
0.9444
0.4044
0.579
0.0286
0.9176
0.568
0.8631
0.7869
0.4532
0.3424
0.1227
0.61
0.8545
0.8809
0.7419
0.6836
0.3604
0.787
0.1112
0.4734
0.2779
0.933
0.5696
0.3011
0.1816
0.1995
0.3128
0.0853
0.9935
0.4963
0.7284
0.9729
0.4694
0.3928
0.3938
0.9442
0.8255
0.0434
0.3292
0.0884
0.7596
0.6639
0.0089
0.8856
0.2394
0.0893
0.1285
0.6005
0.8319
0.9351
0.6904
0.8881
0.1257
0.6578
0.5241
0.1331
0.0206
0.303
0.7398
0.6499
0.7938
0.767
0.3657
0.28
0.0014
0.9394
0.0599
0.8998
0.3486
0.3499
0.3919
0.2774
0.2192
0.1626
0.9809
0.992
0.4084
0.2395
0.5916
0.0365
0.1692
0.458
0.9844
0.3387
0.3363
0.6788
0.8477
0.0574
0.4455
0.8907
0.2665
0.8202
0.9513
0.0622
0.0502
0.4844
0.9322
0.0734
0.0104
0.8174
0.1216
0.5072
0.7365
0.0799
0.848
0.6586
0.7595
0.9149
0.4873
0.578
0.8874
0.4461
0.6311
0.6935
0.2992
0.2031
0.5022
0.2114
0.0338
0.4738
0.9745
0.9956
0.6251
0.572
0.8368
0.1057
0.5127
0.0706
0.6266
0.127
0.8797
0.2574
0.144
0.6069
0.1552
0.8944
0.4096
0.6485
0.1771
0.9846
0.7933
0.7842
0.4721
0.1989
0.7949
0.1191
0.5224
0.1558
0.0653
0.2749
0.1752
0.2567
0.8622
0.544
0.4569
0.5068
0.4697
0.5955
0.4378
0.4629
0.4381
0.8236
0.6885
0.4796
0.5171
0.948
0.025
0.8561
0.8282
0.8834
0.8477
0.0545
0.4287
0.4828
0.4886
0.3721
0.5479
0.4662
0.3877
0.9288
0.2152
0.4639
0.1752
0.6235
0.6254
0.3336
0.435
0.7507
0.654
0.5652
0.5894
0.7994
0.3898
0.423
0.7331
0.1366
0.587
0.7286
0.7644
0.9412
0.8618
0.2799
0.531
0.2986
0.2551
0.2271
0.7169
0.2124
0.5041
0.454
0.7749
0.5469
0.9318
0.1379
0.9969
0.1121
0.9378
0.902
0.5219
0.9765
0.6088
0.9254
0.9798
0.6367
0.6188
0.0778
0.7935
0.9807
0.6866
0.5534
0.7184
0.986
0.036
0.1852
0.0572
0.3373
0.4041
0.3876
0.8633
0.923
0.7488
0.0431
0.7701
0.7935
0.715
0.175
0.7971
0.3113
0.7044
0.7474
0.5638
0.3901
0.494
0.8307
0.0929
0.4109
0.1823
0.9464
0.9607
0.4213
0.6954
0.2452
0.8442
0.1243
0.0512
0.3013
0.3339
0.2454
0.7135
0.8528
0.3985
0.5471
0.4836
0.6715
0.2859
0.0508
0.6026
0.3073
0.0623
0.006
0.2005
0.1988
0.4343
0.61
0.1868
0.4924
0.5457
0.0169
0.7448
0.4679
0.294
0.4135
0.66
0.999
0.5975
0.8482
0.8127
0.3361
0.6316
0.4065
0.7149
0.7901
0.7
0.8573
0.5129
0.62
0.295
0.4302
0.9357
0.3722
0.6956
0.7631
0.1651
0.0496
0.9716
0.2018
0.3142
0.6363
0.5854
0.062
0.864
0.7329
0.5881
0.548
0.5681
0.4792
0.1736
0.0443
0.9266
0.2279
0.937
0.2466
0.6103
0.7228
0.9422
0.4547
0.3313
0.7694
0.1091
0.4592
0.4843
0.7637
0.7579
0.593
0.2643
0.154
0.842
0.9303
0.5003
0.3002
0.4837
0.4795
0.8041
0.6381
0.8821
0.4423
0.1334
0.0767
0.0687
0.1722
0.0692
0.246
0.7008
0.3927
0.4149
0.5349
0.3026
0.157
0.5427
0.3555
0.1979
0.1328
0.5304
0.0746
0.8024
0.0789
0.7543
0.6253
0.0543
0.4626
0.2822
0.3057
0.2458
0.1016
0.6996
0.0532
0.0666
0.6024
0.0248
0.5653
0.2514
0.9808
0.8492
0.509
0.8242
0.2083
0.3151
0.3184
0.4481
0.3706
0.9411
0.0654
0.3692
0.1946
0.6628
0.557
0.8314
0.3045
0.4822
0.5076
0.1503
0.4099
0.8234
0.3758
0.3891
0.8193
0.9158
0.4799
0.1378
0.4089
0.4562
0.3865
0.568
0.462
0.5509
0.2557
0.3409
0.5536
0.4905
0.8353
0.7566
0.6725
0.8781
0.7326
0.7284
0.5678
0.3836
0.3102
0.385
0.1123
0.0904
0.6223
0.2912
0.3084
0.9762
0.4252
0.6071
0.9948
0.5253
0.8316
0.3079
0.0904
0.9404
0.9207
0.3073
0.6194
0.2963
0.4318
0.773
0.0935
0.4044
0.3971
0.9671
0.3992
0.7102
0.04
0.0698
0.315
0.8967
0.9945
0.5787
0.9958
0.4018
0.8193
0.5668
0.6056
0.4619
0.4516
0.1281
0.439
0.15
0.5911
0.6424
0.4871
0.8706
0.3287
0.6756
0.6415
0.9108
0.0609
0.2764
0.2419
0.7273
0.6232
0.5295
0.8085
0.6624
0.4001
0.8994
0.5116
0.2607
0.0571
0.6859
0.7072
0.8346
0.3728
0.1638
0.912
0.8008
0.8951
0.5185
0.9127
0.9549
0.4321
0.0332
0.672
0.9306
0.3311
0.6724
0.594
0.9841
0.4342
0.9746
0.6965
0.5665
0.2795
0.799
0.0257
0.8111
0.5186
0.8714
0.0802
0.7974
0.1614
0.6775
0.9938
0.3429
0.5254
0.6518
0.9658
0.8268
0.7342
0.0148
0.2948
0.5948
0.8286
0.7808
0.6164
0.6701
0.8601
0.5976
0.0249
0.2399
0.6105
0.1879
0.2683
0.1952
0.0643
0.2074
0.7285
0.8892
0.7081
0.5586
0.7977
0.2359
0.9778
0.1461
0.1803
0.9943
0.8674
0.7941
0.7283
0.4138
0.6586
0.0856
0.3473
0.4056
0.0392
0.2331
0.485
0.9033
0.1823
0.3723
0.6656
0.4818
0.4668
0.6924
0.0778
0.158
0.7177
0.1041
0.5072
0.1691
0.1247
0.726
0.4246
0.8861
0.7134
0.8983
0.053
0.3145
0.6663
0.4493
0.2049
0.1082
0.7687
0.2328
0.4095
0.6143
0.0804
0.3141
0.0
0.0
0.0
0.0
0.0
0.0
0.0
0.0
0.0
0.0
0.0
0.0
0.0
0.0
0.0
0.0
0.0
0.0
0.0
0.0
0.0
0.0
0.0
0.0
0.0
0.0
0.0
0.0
0.0
0.0
0.0
0.0
0.0
0.0
0.0
0.0
0.0
0.0
0.0
0.0
0.0
0.0
1.0
1.0
1.0
1.0
1.0
1.0
1.0
1.0
1.0
1.0
1.0
1.0
1.0
1.0
1.0
1.0
1.0
1.0
1.0
1.0
1.0
1.0
1.0
1.0
1.0
1.0
1.0
1.0
1.0
1.0
1.0
1.0
1.0
1.0
1.0
1.0
1.0
1.0
1.0
1.0
1.0
1.0
1.0
1.0
1.0
1.0
1.0
1.0
1.0
1.0
1.0
1.0
1.0
1.0
1.0
1.0
1.0
1.0
1.0
1.0
1.0
1.0
1.0
1.0
1.0
1.0
1.0
1.0
1.0
1.0
1.0
1.0
1.0
1.0
1.0
1.0
1.0
1.0
1.0
1.0
1.0
1.0
1.0
1.0
1.0
1.0
1.0
1.0
1.0
1.0
1.0
1.0
1.0
1.0
1.0
1.0
1.0
1.0
1.0
1.0
1.0
1.0
1.0
1.0
1.0
1.0
1.0
1.0
1.0
1.0
1.0
1.0
1.0
1.0
1.0
1.0
1.0
1.0
1.0
1.0
1.0
1.0
1.0
1.0
1.0
1.0
1.0
1.0
1.0
1.0
1.0
1.0
1.0
1.0
1.0
1.0
1.0
1.0
1.0
1.0
1.0
1.0
1.0
1.0
1.0
1.0
1.0
1.0
1.0
1.0
1.0
1.0
1.0
1.0
1.0
1.0
1.0
1.0
1.0
1.0
1.0
1.0
1.0
1.0
1.0
1.0
1.0
1.0
1.0
1.0
1.0
1.0
1.0
1.0
1.0
1.0
1.0
1.0
1.0
1.0
1.0
1.0
1.0
1.0
1.0
1.0
1.0
1.0
1.0
1.0
1.0
1.0
1.0
1.0
1.0
1.0
1.0
1.0
1.0
1.0
1.0
0.0
