0.3932
0.2152
0.8132
0.0814
0.2118
0.4778
0.1516
0.8352
0.1783
0.8409
0.7947
0.5503
0.745
0.834
0.3559
0.4611
0.4594
0.3639
0.4177
0.3935
0.7342
0.0985
0.6424
0.1588
0.4348
0.8018
0.5822
0.5374
0.1678
0.3853
0.1839
0.9268
0.7841
0.8689
0.239
0.8271
0.4012
0.4476
0.3787
0.9123
0.1479
0.5578
0.9953
0.5372
0.3525
0.2121
0.7008
0.9554
0.5896
0.1636
0.2394
0.4106
0.0577
0.8092
0.1364
0.9848
0.0546
0.0357
0.6248
0.7109
0.6555
0.9429
0.429
0.6656
0.7395
0.4967
0.2922
0.692
0.7664
0.2809
0.5688
0.2636
0.5204
0.3046
0.9442
0.9617
0.6205
0.6316
0.2116
0.7463
0.9359
0.9866
0.1795
0.4332
0.0969
0.8599
0.3208
0.6073
0.9574
0.8344
0.1486
0.429
0.4862
0.3741
0.9089
0.6854
0.605
0.8213
0.5499
0.7914
0.0597
0.0529
0.0132
0.6037
0.5506
0.5498
0.2709
0.6254
0.0415
0.983
0.2629
0.0624
0.4276
0.3614
0.9502
0.8574
0.8726
0.0886
0.1317
0.7707
0.0351
0.7021
0.4872
0.9896
0.3078
0.9456
0.1129
0.2937
0.6625
0.4618
0.7965
0.9478
0.561
0.9018
0.608
0.5227
0.9061
0.5777
0.4764
0.5919
0.1325
0.409
0.5327
0.8078
0.0011
0.3503
0.4144
0.5259
0.1294
0.2416
0.811
0.9389
0.3742
0.8325
0.0625
0.1394
0.5043
0.5771
0.2193
0.0171
0.3635
0.9454
0.2683
0.085
0.8331
0.211
0.4583
0.8482
0.6446
0.1634
0.1212
0.8935
0.6007
0.3282
0.1499
0.731
0.6913
0.3657
0.4051
0.5057
0.7569
0.537
0.8185
0.2206
0.5527
0.2041
0.8691
0.5134
0.8408
0.1057
0.3078
0.686
0.0404
0.5051
0.0242
0.9144
0.3328
0.6206
0.4118
0.4377
0.9548
0.678
0.9876
0.7016
0.5644
0.3597
0.7445
0.1008
0.2055
0.9295
0.4545
0.0497
0.647
0.7112
0.7564
0.5821
0.9847
0.4659
0.399
0.6722
0.3314
0.951
0.6115
0.9012
0.2204
0.1645
0.0262
0.1498
0.4192
0.9404
0.2925
0.7666
0.5974
0.9658
0.0137
0.4609
0.7193
0.2849
0.0641
0.0919
0.8017
0.0201
0.4158
0.3203
0.9594
0.3788
0.217
0.0837
0.4711
0.1694
0.9516
0.4327
0.2656
0.5343
0.2106
0.22
0.9108
0.5314
0.8339
0.3254
0.6567
0.7182
0.8529
0.5352
0.6569
0.6244
0.5301
0.7748
0.5543
0.2232
0.443
0.7835
0.4911
0.6654
0.0735
0.9933
0.6561
0.6813
0.1018
0.0862
0.5943
0.8031
0.3385
0.7012
0.3868
0.5902
0.9833
0.338
0.7786
0.0873
0.3554
0.1164
0.5778
0.3877
0.6806
0.52
0.5946
0.5866
0.6164
0.7033
0.4046
0.9925
0.6439
0.0773
0.2792
0.9675
0.615
0.1986
0.1111
0.9512
0.2338
0.0796
0.6851
0.9125
0.9755
0.3353
0.1617
0.9256
0.4896
0.1723
0.27
0.8237
0.4936
0.6751
0.5936
0.8922
0.1419
0.5869
0.2611
0.5312
0.4142
0.1736
0.3479
0.0802
0.7274
0.7122
0.6491
0.3815
0.9878
0.3066
0.9963
0.3951
0.2838
0.7216
0.8685
0.7849
0.9038
0.4117
0.4459
0.7356
0.1249
0.1752
0.3755
0.3226
0.7756
0.4438
0.8627
0.0537
0.1486
0.6266
0.518
0.3571
0.1353
0.0121
0.8509
0.7463
0.5436
0.2916
0.8428
0.2971
0.6965
0.0593
0.6094
0.3303
0.4452
0.1014
0.3361
0.4297
0.4325
0.0403
0.9209
0.1751
0.2733
0.243
0.642
0.4451
0.5783
0.2443
0.8929
0.2575
0.2096
0.74
0.8724
0.9631
0.2453
0.7863
0.5372
0.0092
0.9925
0.8174
0.1994
0.5584
0.2342
0.8028
0.6376
0.151
0.3025
0.7057
0.443
0.5294
0.8907
0.364
0.7873
0.8253
0.2388
0.7815
0.6159
0.6658
0.2958
0.3139
0.4679
0.1915
0.0944
0.5597
0.2501
0.6436
0.7136
0.4561
0.5447
0.5176
0.6583
0.3328
0.4881
0.1302
0.1711
0.9688
0.0036
0.445
0.1862
0.2312
0.9624
0.8926
0.9417
0.044
0.9119
0.4241
0.2232
0.1138
0.8963
0.561
0.0277
0.6511
0.6213
0.0435
0.8747
0.668
0.2846
0.3879
0.4486
0.9972
0.5383
0.5779
0.1801
0.7972
0.8158
0.0486
0.539
0.8808
0.1405
0.0593
0.9029
0.3675
0.1787
0.7419
0.0498
0.2364
0.9839
0.5449
0.8589
0.901
0.5877
0.1209
0.0257
0.5571
0.8512
0.6657
0.2511
0.7806
0.7773
0.9272
0.7941
0.9621
0.8434
0.6577
0.8694
0.8276
0.6321
0.2812
0.8285
0.5393
0.5762
0.5616
0.4124
0.8168
0.375
0.621
0.9913
0.6158
0.5906
0.65
0.2858
0.3042
0.4657
0.0637
0.6208
0.7003
0.7028
0.0253
0.3575
0.8935
0.8888
0.8869
0.8584
0.4158
0.5786
0.7275
0.6986
0.3254
0.4633
0.0849
0.0676
0.0361
0.6851
0.975
0.3373
0.8694
0.1232
0.1957
0.1173
0.604
0.5009
0.0132
0.7777
0.3715
0.9182
0.0166
0.5276
0.169
0.7959
0.0614
0.178
0.9977
0.6261
0.5236
0.2639
0.1406
0.0008
0.2873
0.7624
0.72
0.2376
0.1212
0.5606
0.0351
0.9869
0.3482
0.0844
0.5941
0.7198
0.4004
0.4374
0.4216
0.0548
0.2491
1.0
0.7692
0.3944
0.2669
0.7725
0.8975
0.629
0.2562
0.5825
0.1778
0.4024
0.0593
0.2718
0.2864
0.3165
0.6477
0.2824
0.2316
0.7582
0.312
0.3193
0.7878
0.6731
0.4881
0.1632
0.4517
0.3664
0.5727
0.1624
0.1179
0.1044
0.1507
0.4216
0.7256
0.7525
0.3659
0.1328
0.2086
0.4171
0.9177
0.6614
0.0459
0.7276
0.663
0.7181
0.7924
0.1379
0.3965
0.2992
0.445
0.0452
0.2088
0.9731
0.5717
0.367
0.4815
0.2316
0.6709
0.8979
0.8057
0.5136
0.6037
0.5552
0.8704
0.0787
0.1076
0.5065
0.8679
0.2785
0.0499
0.7365
0.5314
0.5785
0.4525
0.9491
0.4346
0.6416
0.1843
0.165
0.9037
0.3914
0.3703
0.0389
0.6402
0.817
0.523
0.1371
0.8979
0.059
0.1335
0.5659
0.3282
0.8215
0.6654
0.8814
0.3949
0.5364
0.2892
0.5326
0.4733
0.469
0.8262
0.5002
0.1492
0.7911
0.0804
0.9873
0.7495
0.381
0.5573
0.285
0.2303
0.9243
0.1051
0.5983
0.1064
0.1396
0.5538
0.0696
0.0718
0.9473
0.3087
0.7348
0.0354
0.336
0.4042
0.033
0.1259
0.1704
0.8371
0.1052
0.3661
0.9588
0.6
0.5768
0.339
0.1104
0.2609
0.8666
0.3009
0.0524
0.1592
0.6117
0.9182
0.1815
0.2896
0.2979
0.7873
0.5314
0.2086
0.5184
0.3626
0.9664
0.1253
0.537
0.9891
0.911
0.1317
0.7352
0.7499
0.4665
0.9893
0.0623
0.4515
0.808
0.7076
0.7507
0.4232
0.7192
0.723
0.3083
0.2819
0.2611
0.6844
0.9158
0.6556
0.1683
0.6331
0.4066
0.2879
0.9818
0.5955
0.1238
0.6182
0.4373
0.8778
0.4061
0.9012
0.2656
0.7178
0.5492
0.3217
0.0778
0.8818
0.9615
0.8384
0.8146
0.0841
0.1506
0.6667
0.7503
0.2361
0.2428
0.9808
0.3342
0.6604
0.6155
0.7061
0.0927
0.5667
0.955
0.6484
0.9069
0.3326
0.4958
0.0857
0.837
0.3599
0.5318
0.8349
0.0878
0.9644
0.1252
0.0914
0.5722
0.5255
0.381
0.5367
0.2696
0.3578
0.9621
0.2633
0.9444
0.1641
0.1377
0.5532
0.2057
0.7811
0.807
0.2147
0.3891
0.6503
0.3797
0.6439
0.3384
0.2847
0.1324
0.2136
0.6577
0.4829
0.6584
0.931
0.8735
0.3621
0.3656
0.7578
0.5795
0.9851
0.9272
0.4558
0.8968
0.5297
0.1373
0.2662
0.4893
0.4685
0.5024
0.4851
0.0633
0.6594
0.2627
0.4432
0.2339
0.1371
0.7489
0.1797
0.8793
0.1573
0.6001
0.4506
0.9769
0.9274
0.4615
0.28
0.2764
0.3585
0.5065
0.574
0.3971
0.7126
0.2602
0.5531
0.6597
0.6439
0.8871
0.9269
0.846
0.4065
0.6542
0.4006
0.7381
0.5316
0.7978
0.5633
0.6258
0.8648
0.3067
0.4368
0.0608
0.5375
0.4209
0.3152
0.6028
0.1644
0.7365
0.7453
0.8826
0.5434
0.2741
0.9203
0.8457
0.8928
0.9589
0.7393
0.8722
0.2473
0.9149
0.5609
0.5958
0.5263
0.4883
0.4443
0.0444
0.283
0.4121
0.9694
0.2527
0.0073
0.429
0.541
0.9754
0.6106
0.9262
0.9646
0.0236
0.8867
0.8701
0.525
0.5065
0.746
0.7964
0.5472
0.1187
0.7095
0.243
0.5289
0.0092
0.5996
0.2529
0.1292
0.5564
0.598
0.8744
0.8629
0.8273
0.6779
0.3212
0.3911
0.8784
0.5282
0.7375
0.7321
0.0556
0.9777
0.0042
0.2424
0.2816
0.1123
0.6882
0.2362
0.3622
0.447
0.1144
0.687
0.6726
0.7664
0.8207
0.489
0.2248
0.0427
0.9143
0.608
0.3594
0.7117
0.5082
0.8299
0.0407
0.0095
0.1707
0.3174
0.9848
0.4287
0.6743
0.381
0.7394
0.2621
0.3107
0.0641
0.0142
0.0638
0.7579
0.06
0.561
0.7311
0.3914
0.3379
0.7129
0.9802
0.8336
0.5945
0.8371
0.754
0.7724
0.5965
0.1839
0.0101
0.0
0.0
0.0
0.0
0.0
0.0
0.0
0.0
0.0
0.0
0.0
0.0
0.0
0.0
0.0
0.0
0.0
0.0
0.0
0.0
0.0
0.0
0.0
0.0
0.0
0.0
0.0
0.0
0.0
0.0
0.0
0.0
0.0
0.0
0.0
0.0
0.0
0.0
0.0
0.0
0.0
0.0
1.0
1.0
1.0
0.0
