0.0872
0.0264
0.3241
0.207
0.5958
0.9578
0.7543
0.4432
0.9881
0.7858
0.369
0.2813
0.5748
0.8712
0.5089
0.8441
0.4457
0.5965
0.8251
0.9564
0.8877
0.6219
0.9843
0.269
0.1906
0.0238
0.3247
0.7447
0.4944
0.5241
0.7459
0.699
0.4437
0.0412
0.6251
0.2943
0.8283
0.5564
0.1861
0.3559
0.1801
0.4919
0.1142
0.3261
0.963
0.5305
0.0659
0.6068
0.5855
0.0454
0.5095
0.3928
0.836
0.0404
0.7355
0.1059
0.6571
0.7272
0.3554
0.574
0.0748
0.7805
0.6945
0.8693
0.7006
0.569
0.5867
0.1941
0.936
0.611
0.4533
0.5855
0.6876
0.3767
0.9745
0.3866
0.7685
0.4304
0.5094
0.6348
0.0055
0.892
0.7372
0.6144
0.0576
0.6519
0.5904
0.1141
0.5048
0.148
0.3187
0.2153
0.1622
0.0959
0.4699
0.5494
0.8065
0.2147
0.1729
0.2348
0.1744
0.7986
0.5193
0.3721
0.4514
0.6346
0.7843
0.0289
0.799
0.2665
0.1375
0.9715
0.774
0.2516
0.373
0.6883
0.0711
0.5651
0.5404
0.8022
0.513
0.794
0.0973
0.8611
0.3914
0.4334
0.9897
0.5598
0.9683
0.1042
0.3088
0.2318
0.5599
0.07
0.7864
0.585
0.9653
0.2228
0.7053
0.5592
0.3607
0.7384
0.551
0.6473
0.3627
0.9747
0.5326
0.1534
0.0953
0.641
0.3468
0.8096
0.0921
0.9576
0.9303
0.0241
0.3095
0.525
0.4614
0.4026
0.1743
0.9892
0.3235
0.2072
0.7241
0.2812
0.1958
0.164
0.8917
0.6097
0.1435
0.2381
0.4014
0.2338
0.7224
0.2634
0.9658
0.3215
0.9553
0.3592
0.2425
0.2427
0.637
0.8137
0.0036
0.4572
0.2236
0.7634
0.3064
0.5367
0.8679
0.211
0.4058
0.6864
0.1646
0.9519
0.6429
0.2656
0.1059
0.5203
0.625
0.5576
0.3405
0.0059
0.2367
0.0216
0.2898
0.7514
0.2151
0.3398
0.4426
0.7231
0.7228
0.5021
0.2949
0.1463
0.2014
0.1437
0.3604
0.8556
0.8533
0.6671
0.3451
0.9806
0.5669
0.5855
0.7182
0.4963
0.0398
0.2392
0.9455
0.0553
0.5704
0.6335
0.6618
0.0669
0.7087
0.5607
0.6914
0.5407
0.2797
0.1889
0.7592
0.6685
0.6879
0.8954
0.5707
0.8484
0.253
0.9327
0.9747
0.9923
0.8704
0.3788
0.5724
0.8126
0.5949
0.5971
0.2606
0.8037
0.7169
0.5674
0.5633
0.5686
0.5795
0.6734
0.5324
0.6918
0.5069
0.1092
0.4376
0.4841
0.9052
0.3896
0.2448
0.639
0.2379
0.1986
0.0005
0.9144
0.9817
0.4638
0.1834
0.4524
0.6707
0.6825
0.2997
0.7991
0.0169
0.6824
0.3294
0.8535
0.874
0.7148
0.5149
0.62
0.1997
0.9693
0.2539
0.8692
0.1404
0.4942
0.8315
0.1827
0.6688
0.1361
0.0734
0.864
0.3394
0.1641
0.1017
0.7098
0.4977
0.49
0.9675
0.0037
0.6484
0.6727
0.1996
0.9181
0.3572
0.7337
0.0779
0.4394
0.9644
0.5101
0.4752
0.6779
0.9475
0.7471
0.7563
0.4705
0.2454
0.4163
0.8076
0.966
0.5298
0.8288
0.3143
0.8951
0.9966
0.9762
0.8193
0.4552
0.5222
0.6269
0.9362
0.3846
0.5324
0.1372
0.4659
0.0465
0.885
0.8424
0.6988
0.2382
0.9471
0.2767
0.2459
0.6214
0.99
0.555
0.3847
0.9894
0.9478
0.739
0.3025
0.2339
0.5356
0.6916
0.1604
0.8617
0.5677
0.2772
0.1741
0.1587
0.915
0.3327
0.9854
0.0604
0.2186
0.374
0.5794
0.8882
0.129
0.9824
0.4021
0.6385
0.4435
0.8169
0.542
0.8236
0.5952
0.3271
0.8334
0.1666
0.4626
0.4682
0.109
0.8618
0.0004
0.8683
0.9006
0.7416
0.1698
0.009
0.2044
0.1762
0.5797
0.156
0.4284
0.8151
0.1055
0.2044
0.5068
0.5216
0.3845
0.9348
0.473
0.2425
0.0934
0.7088
0.0422
0.757
0.0624
0.5915
0.947
0.6058
0.3891
0.7573
0.3035
0.0444
0.7312
0.8984
0.7768
0.424
0.1123
0.5187
0.0465
0.4758
0.7798
0.1552
0.7662
0.9175
0.928
0.1851
0.883
0.8003
0.1434
0.839
0.3977
0.5581
0.7117
0.3021
0.1793
0.7511
0.552
0.824
0.2583
0.9111
0.6158
0.2238
0.768
0.4695
0.6913
0.2875
0.8536
0.31
0.331
0.4448
0.4458
0.211
0.0021
0.6337
0.2667
0.3836
0.7933
0.8782
0.696
0.5458
0.5029
0.7692
0.4011
0.66
0.1653
0.5843
0.0705
0.2841
0.4953
0.419
0.0482
0.8998
0.344
0.0865
0.2638
0.8214
0.8806
0.3829
0.001
0.0505
0.574
0.7086
0.396
0.855
0.8518
0.9396
0.9987
0.2662
0.148
0.1622
0.7849
0.0687
0.277
0.141
0.4661
0.2295
0.0209
0.4707
0.6411
0.4654
0.1991
0.4893
0.6916
0.01
0.2334
0.4948
0.1823
0.0814
0.1646
0.3488
0.1713
0.7054
0.3691
0.7958
0.7616
0.9802
0.2387
0.5585
0.4249
0.4571
0.0696
0.732
0.3531
0.5637
0.9195
0.9311
0.7605
0.3675
0.5325
0.2831
0.2805
0.1561
0.9921
0.6584
0.3858
0.291
0.8423
0.598
0.526
0.7463
0.8166
0.6649
0.392
0.8376
0.083
0.52
0.6067
0.8657
0.4264
0.3755
0.2116
0.7152
0.4144
0.791
0.2491
0.6222
0.9657
0.2931
0.6504
0.8342
0.4804
0.0866
0.6621
0.192
0.0749
0.6384
0.9854
0.2717
0.8609
0.0308
0.1683
0.6544
0.578
0.6063
0.0815
0.0785
0.6076
0.3609
0.463
0.2212
0.8927
0.8133
0.2228
0.516
0.7574
0.2753
0.8358
0.1747
0.2368
0.2554
0.8939
0.1982
0.4154
0.2912
0.7818
0.8827
0.3646
0.0443
0.7424
0.1581
0.9263
0.2171
0.6299
0.3131
0.968
0.448
0.111
0.1708
0.8515
0.0086
0.2552
0.445
0.8368
0.8714
0.8882
0.3494
0.9524
0.163
0.3101
0.8332
0.0108
0.1986
0.4429
0.219
0.8019
0.0897
0.3549
0.5876
0.018
0.1601
0.6624
0.954
0.4175
0.5151
0.3857
0.3261
0.4822
0.8381
0.8609
0.7878
0.7749
0.616
0.3498
0.364
0.4872
0.9097
0.2814
0.7356
0.2527
0.9254
0.4403
0.6347
0.9383
0.5238
0.1206
0.0468
0.6476
0.561
0.0444
0.2516
0.736
0.9731
0.5051
0.396
0.5438
0.1531
0.8028
0.1932
0.9487
0.1783
0.5266
0.2384
0.4109
0.8615
0.8459
0.9687
0.7291
0.1838
0.0014
0.3855
0.5452
0.3554
0.034
0.0272
0.7518
0.8605
0.5534
0.9528
0.2716
0.9592
0.2426
0.5073
0.4241
0.2222
0.8809
0.6122
0.5994
0.9356
0.0249
0.7377
0.4939
0.7295
0.052
0.6415
0.7442
0.9702
0.3119
0.6701
0.6082
0.138
0.8597
0.9195
0.277
0.7367
0.4277
0.4969
0.156
0.5461
0.4664
0.803
0.8194
0.9894
0.7579
0.4622
0.8383
0.7908
0.0712
0.3661
0.9361
0.9694
0.069
0.3085
0.6611
0.5399
0.7564
0.1508
0.2551
0.4675
0.7268
0.5422
0.6402
0.1661
0.2302
0.8651
0.2721
0.4562
0.8451
0.5923
0.3447
0.0162
0.8031
0.1067
0.4635
0.897
0.7713
0.9285
0.0535
0.3749
0.4025
0.1419
0.4279
0.7787
0.7584
0.7819
0.8392
0.3073
0.8075
0.2143
0.1486
0.8669
0.0943
0.7947
0.0484
0.9773
0.7182
0.2374
0.4926
0.6823
0.3953
0.0999
0.1722
0.0805
0.0254
0.2431
0.1355
0.6752
0.9244
0.0868
0.0346
0.5923
0.4688
0.2248
0.7661
0.1135
0.6971
0.8246
0.5677
0.753
0.3962
0.5434
0.1471
0.5329
0.2984
0.6973
0.0849
0.2054
0.1771
0.8282
0.3392
0.1422
0.3548
0.1936
0.5341
0.2451
0.6075
0.5849
0.9566
0.7145
0.372
0.9926
0.6532
0.416
0.3113
0.7559
0.4111
0.877
0.2628
0.9895
0.2178
0.1373
0.5167
0.9795
0.7904
0.6427
0.6249
0.6796
0.6873
0.6177
0.009
0.1654
0.1326
0.0233
0.0761
0.8704
0.859
0.4415
0.1781
0.8822
0.8495
0.009
0.552
0.0702
0.4669
0.4996
0.9545
0.6046
0.5968
0.0898
0.4566
0.2605
0.2775
0.1526
0.5187
0.408
0.8361
0.1602
0.7995
0.9213
0.8935
0.3591
0.2497
0.4375
0.9061
0.0283
0.301
0.8698
0.2529
0.1439
0.8685
0.7586
0.5654
0.6827
0.3606
0.251
0.1333
0.5894
0.7902
0.9607
0.0725
0.4601
0.6076
0.857
0.9294
0.4618
0.1126
0.9869
0.1386
0.2268
0.7091
0.5101
0.8869
0.6732
0.7491
0.3109
0.2113
0.4964
0.2009
0.6983
0.9751
0.7615
0.4639
0.7341
0.8886
0.906
0.2388
0.7162
0.3504
0.7174
0.8912
0.0277
0.3814
0.7242
0.0276
0.0104
0.4975
0.6609
0.9708
0.4132
0.3265
0.4193
0.8123
0.6285
0.0513
0.1036
0.7005
0.4011
0.9229
0.6448
0.6501
0.6459
0.7924
0.1999
0.6193
0.6938
0.937
0.3957
0.0874
0.3431
0.741
0.472
0.9394
0.3127
0.2306
0.9733
0.268
0.931
0.1632
0.9195
0.8025
0.371
0.3147
0.9503
0.9557
0.3224
0.6132
0.2827
0.2795
0.4617
0.0375
0.5912
0.1723
0.7824
0.174
0.8163
0.9813
0.2192
0.3539
0.6766
0.3909
0.9083
1.0
0.0
0.0
1.0
0.0
0.0
1.0
0.0
0.0
1.0
1.0
0.0
0.0
1.0
1.0
1.0
0.0
1.0
1.0
0.0
1.0
0.0
0.0
1.0
1.0
1.0
0.0
1.0
0.0
1.0
1.0
0.0
1.0
1.0
1.0
1.0
0.0
0.0
0.0
0.0
0.0
0.0
0.0
0.0
0.0
0.0
