421.88 523.19 597.56 1002.15 1110.52 954.39
612.44 833.98 1079.51 1769.58 1874.98 1428.26
655.89 910.93 1219.73 2003.88 1639.18 1148.53
354.22 638.66 372.88 4099.59 1364.68 800.14
726.88 983.86 1322.39 2215.44 2472.13 1752.84
381.1 480.77 575.67 933.27 1013.63 830.28
364.82 448.16 509.36 842.22 931.37 802.92
676.5 911.67 1159.99 2202.61 1865.92 1394.39
714.15 958.75 1230.51 2026.0 2069.46 1551.97
514.33 694.68 711.71 2421.62 1532.1 1178.21
323.59 435.44 415.58 1409.83 945.36 723.49
210.78 245.65 271.25 410.49 447.79 394.05
185.12 338.91 230.61 3703.09 1097.02 556.22
155.82 174.89 187.19 266.22 292.62 259.18
579.94 785.15 1051.13 1672.93 1717.39 1246.82
423.07 582.95 822.86 1254.12 1237.74 823.73
650.12 884.32 1125.05 1898.58 1896.88 1420.11
242.9 325.69 307.58 1469.73 749.55 536.22
465.53 596.51 709.28 1269.7 1357.73 1064.34
622.19 846.68 1096.93 1784.38 1854.94 1400.4
629.44 846.61 1082.78 1802.18 1632.12 1235.82
156.63 175.04 185.66 272.47 292.38 257.16
520.09 692.35 891.94 1627.61 1521.97 1098.63
754.31 1054.82 1457.32 2356.16 2396.11 1665.13
405.15 504.32 561.54 1029.27 1136.55 946.79
286.33 470.87 357.6 3858.85 1258.97 734.84
309.01 376.94 416.13 736.5 809.98 680.01
504.1 638.56 720.4 1349.58 1385.26 1173.55
377.88 465.34 529.55 878.84 972.39 837.6
481.6 776.32 681.59 4287.16 1576.96 899.41
594.82 821.99 1020.23 2219.45 1841.89 1341.49
468.85 604.54 725.37 1272.33 1364.57 1073.79
383.63 565.54 532.16 2996.47 1468.25 1010.4
556.62 743.8 853.73 2096.11 1644.4 1274.21
875.12 1252.71 1806.79 2839.95 2828.95 1866.62
936.83 1351.48 1991.38 3057.55 3381.39 2203.34
146.65 336.06 131.61 4858.62 1093.92 491.67
488.01 674.23 955.18 1494.58 1184.35 761.16
235.92 356.58 295.11 1979.49 828.38 550.97
466.0 675.19 720.51 2755.81 1396.46 903.63
758.8 1045.17 1408.44 2261.94 2451.83 1779.28
420.89 539.17 636.86 1086.94 1228.27 997.07
599.41 757.2 872.05 1518.02 1671.96 1426.98
149.48 165.05 176.49 238.68 255.34 231.34
484.88 639.75 747.83 1568.64 1480.94 1176.8
240.53 325.14 316.68 1940.06 817.88 570.39
376.51 494.56 541.3 1742.8 1193.73 903.84
564.94 768.07 1000.7 1673.48 1846.86 1365.49
635.16 886.01 1206.51 1906.96 1863.55 1319.33
825.41 1172.22 1656.62 2613.59 2706.75 1857.78
624.47 890.78 1342.76 2056.99 1821.87 1081.96
764.77 1071.73 1471.33 2299.83 2316.81 1688.05
307.47 378.34 424.04 717.78 815.87 691.59
503.95 778.75 990.59 3696.06 1786.34 1043.49
265.88 450.71 317.57 3827.25 1244.04 698.51
306.0 533.32 312.35 3813.41 1066.43 556.93
322.48 478.58 433.73 3363.74 1255.5 827.47
436.94 681.92 599.4 3894.72 1410.59 848.12
656.56 921.63 1234.41 2467.98 2280.73 1586.32
400.49 531.59 546.16 1750.16 1207.76 916.67
282.29 430.74 377.1 3414.32 1121.95 733.43
365.63 451.95 501.76 908.91 1002.3 837.11
315.64 389.29 436.8 742.1 844.05 714.88
430.07 575.19 754.22 1155.97 1143.15 856.83
332.15 407.59 451.12 806.96 888.57 744.21
258.33 369.71 335.43 1941.38 946.72 641.19
692.95 955.42 1289.64 2095.02 2174.87 1555.17
287.21 435.0 362.68 2906.04 1128.61 714.41
316.9 416.99 428.5 1545.13 1002.88 753.53
232.37 346.64 303.38 2612.71 899.64 592.52
331.11 410.06 460.97 788.19 897.45 759.01
537.59 730.66 920.0 1764.81 1635.0 1189.11
426.4 621.12 737.56 2857.93 1494.35 971.55
722.88 1060.01 1506.94 3250.55 2736.27 1741.19
682.28 996.65 1337.78 3104.61 2269.94 1490.96
152.79 183.6 182.8 551.3 353.2 273.63
683.44 921.98 1203.43 1954.45 2128.7 1600.44
224.19 416.78 300.7 4154.26 1100.36 539.56
550.47 880.2 1061.3 3901.21 2074.66 1226.14
643.55 836.67 1021.19 1712.82 1867.72 1511.6
523.39 741.67 1117.35 1695.72 1492.46 879.3
334.27 456.45 455.02 2033.88 1154.16 830.41
198.89 231.02 249.57 401.14 435.9 374.41
407.56 510.17 576.52 1044.86 1146.69 945.11
889.45 1260.55 1868.07 3050.36 2574.17 1556.69
387.19 542.93 527.45 2455.73 1270.38 935.35
335.18 427.38 529.31 876.25 890.17 675.47
686.58 944.49 1212.96 2321.16 2190.35 1599.21
161.91 183.06 196.7 284.36 313.63 276.54
618.62 790.66 934.06 1589.3 1752.66 1464.13
642.25 881.61 1155.91 1908.79 2145.3 1598.93
131.2 219.03 159.44 2701.48 713.42 375.4
456.92 611.68 697.34 1889.99 1476.47 1132.42
481.65 759.65 961.92 3772.97 1732.58 1012.37
791.82 1116.2 1580.39 2828.81 2958.13 1914.33
592.99 868.57 1127.12 2528.34 2090.82 1403.16
575.19 724.75 834.55 1431.85 1591.82 1361.33
499.38 697.85 1002.56 1522.88 1452.92 971.0
381.69 589.8 470.51 3506.19 1318.46 829.79
287.47 382.6 385.07 1869.76 978.07 705.88
520.56 684.65 742.61 2122.42 1572.88 1263.86
267.26 349.21 389.23 1301.77 845.89 609.13
526.15 698.59 881.07 1499.31 1632.22 1230.93
262.96 314.25 351.91 556.75 611.61 532.56
499.65 663.27 836.79 1620.96 1658.47 1197.93
495.37 661.33 701.35 2312.81 1540.98 1211.69
652.66 880.11 1171.74 1921.21 1935.05 1396.84
339.73 415.19 470.58 771.92 852.63 736.34
611.66 776.69 906.98 1550.24 1729.81 1459.31
124.3 258.4 138.62 3519.85 890.84 387.57
297.18 451.6 347.3 2406.59 922.17 589.9
439.65 546.55 625.04 1051.97 1166.31 1001.56
353.66 489.37 465.74 1980.98 1083.34 791.12
581.73 734.17 847.55 1453.44 1613.02 1375.86
510.84 657.44 784.93 1476.87 1416.8 1138.92
677.21 893.46 1114.33 1855.72 1940.0 1512.05
773.51 1072.58 1488.71 2403.37 2030.44 1385.26
450.82 625.38 637.96 2538.14 1532.18 1140.29
223.83 266.12 293.4 468.72 527.27 453.09
297.08 359.11 404.65 652.38 718.73 623.13
794.41 1104.56 1526.16 2488.11 2812.49 1973.06
209.24 264.12 340.06 477.32 457.4 336.21
609.55 864.93 1122.65 2531.83 1736.54 1127.31
514.22 659.39 764.65 1350.53 1526.04 1259.98
286.02 553.72 262.79 5352.2 1183.75 489.72
555.89 699.38 804.72 1377.76 1531.24 1310.1
260.42 400.12 346.77 3744.14 1214.85 740.91
295.2 437.85 446.53 2926.17 1201.57 774.2
367.91 463.59 514.4 1186.21 1013.54 834.66
410.04 579.15 569.61 2278.94 1390.64 1038.04
417.52 651.86 521.06 3492.06 1395.57 892.11
493.15 644.45 718.6 1619.69 1489.17 1197.01
554.17 697.11 802.06 1372.94 1525.84 1305.54
664.65 924.99 1251.51 2326.23 1816.41 1224.2
230.7 438.29 260.67 3769.33 1120.81 605.1
125.49 251.64 157.14 3935.14 968.81 467.39
354.95 435.19 494.1 814.56 900.39 776.72
138.33 397.4 102.93 5101.04 1091.76 419.36
104.63 233.56 92.07 4022.82 791.37 315.06
639.26 864.11 1152.73 1894.98 1910.1 1369.77
337.0 423.85 470.27 962.02 950.87 786.11
862.66 1239.25 1796.75 2968.14 2700.62 1787.17
227.08 300.11 285.1 1115.56 642.52 480.02
638.11 860.03 1045.2 2120.88 1845.9 1422.03
299.44 501.91 444.66 3899.54 1342.39 781.86
813.82 1131.11 1570.32 2473.16 2739.12 1921.06
648.29 840.78 1030.74 1751.04 1874.93 1491.84
782.33 1080.25 1419.12 2335.12 2215.21 1607.68
880.42 1301.64 1916.36 2854.48 2591.56 1670.57
570.66 732.52 823.21 1763.3 1639.55 1363.41
770.57 1058.39 1482.34 2357.89 2254.67 1531.38
424.79 527.01 602.06 1010.31 1119.65 962.11
490.57 623.99 710.03 1263.02 1447.67 1213.71
280.89 342.68 382.53 638.65 724.17 615.81
474.09 611.62 734.43 1293.25 1370.91 1083.55
931.18 1348.86 1999.43 3080.02 2913.21 1891.28
968.09 1401.41 2076.02 3176.86 3513.44 2276.91
190.74 345.93 225.27 4238.88 1057.3 542.3
407.58 517.58 580.4 1233.95 1129.05 932.86
330.77 409.6 460.43 787.16 896.27 758.03
319.12 447.09 443.72 1974.14 1151.24 820.84
352.45 446.34 517.4 899.89 968.94 788.46
447.56 604.53 701.69 1813.84 1348.68 980.32
194.14 268.91 253.32 1744.38 708.15 475.36
340.69 418.92 464.05 832.99 917.61 767.93
893.06 1279.15 1779.08 2885.65 2314.5 1458.01
900.72 1300.32 1807.22 3113.17 2359.22 1462.79
717.89 1006.69 1345.07 2228.17 2048.41 1419.66
233.36 275.34 306.15 473.79 518.68 453.99
193.08 222.38 243.88 360.88 392.22 347.07
865.81 1222.21 1740.77 2710.34 3000.11 2041.0
484.92 618.05 707.2 1252.8 1420.56 1185.78
633.76 861.8 1154.36 1897.44 1900.16 1357.32
446.76 628.19 603.8 2151.64 1434.04 1091.78
214.67 270.78 339.94 501.99 457.28 333.6
577.38 776.36 1039.7 1720.92 1685.93 1183.13
558.92 750.1 872.47 2181.89 1677.17 1284.78
614.09 812.29 974.53 2004.51 1774.19 1381.2
197.55 230.87 252.35 390.46 436.58 378.15
342.72 433.93 527.32 831.33 881.68 717.49
409.98 520.88 635.81 1048.94 1163.49 920.31
739.86 1056.69 1471.05 3028.74 2177.49 1322.51
522.86 672.37 783.97 1381.67 1535.12 1263.85
415.82 589.47 570.25 2894.11 1430.04 1021.02
251.11 298.67 333.58 523.52 574.39 501.1
561.96 745.69 938.01 1573.22 1683.5 1305.38
340.2 453.09 461.32 1903.01 1089.0 824.31
316.09 434.52 414.28 2024.92 1043.8 754.41
270.04 539.48 233.77 5460.58 1152.17 445.24
499.99 731.53 908.67 2739.62 1755.51 1152.45
192.26 222.25 239.55 380.97 413.4 356.03
753.47 1055.05 1501.5 2504.04 2437.34 1547.1
361.45 443.74 504.16 832.8 920.82 794.0
760.66 1052.75 1430.37 2292.87 2408.01 1734.52
454.52 579.34 683.94 1216.27 1296.42 1030.79
553.14 695.99 801.5 1371.18 1522.74 1301.75
389.87 541.54 544.97 2772.52 1308.38 968.66
514.59 681.6 830.53 1524.85 1538.95 1206.38
537.05 674.6 775.59 1324.95 1472.08 1260.09
176.58 292.63 194.38 2758.55 797.73 448.66
333.97 407.61 461.67 755.76 834.53 721.04
713.52 1020.46 1333.68 2653.03 2124.02 1450.38
640.8 907.57 1317.01 2007.86 2216.89 1461.15
556.7 703.53 813.83 1409.56 1549.82 1312.02
819.77 1135.75 1569.6 2544.25 2170.71 1494.5
364.61 475.37 500.64 1355.53 1057.92 841.15
338.98 416.65 461.46 827.78 911.79 763.18
451.28 561.85 643.02 1084.57 1202.83 1032.44
562.77 765.67 1023.99 1672.17 1710.53 1218.89
324.89 395.67 447.64 730.32 806.03 696.94
727.03 1008.45 1407.19 2197.84 2563.1 1789.04
343.1 564.03 389.64 4048.03 1208.27 673.43
644.97 846.23 1060.4 1882.17 1852.89 1436.72
212.84 371.26 267.26 4131.1 1098.79 588.12
372.16 460.62 511.65 928.83 1024.51 855.26
394.5 501.7 542.85 1224.55 1140.52 927.14
733.71 988.76 1324.96 2219.43 2084.98 1492.21
161.12 326.62 224.03 3383.14 1095.24 559.03
310.37 378.74 418.19 740.65 814.61 683.78
272.56 326.88 366.75 583.66 641.76 558.05
336.12 552.25 484.5 3888.54 1417.54 809.11
334.3 441.95 452.26 1528.1 1058.29 803.72
252.42 301.96 330.54 564.17 617.75 522.97
643.16 876.95 1146.98 1892.34 2091.32 1548.85
607.62 773.02 898.92 1587.94 1708.22 1434.7
158.79 248.27 198.27 2544.6 768.82 438.96
155.68 368.4 124.18 5152.54 1156.08 448.38
226.9 409.59 214.58 2732.64 842.18 468.47
443.87 561.51 649.64 1175.49 1257.28 1016.22
533.88 699.34 768.74 1971.62 1611.2 1300.83
370.75 562.01 457.45 3322.63 1228.86 772.85
422.66 568.07 579.43 1755.96 1270.66 990.8
291.81 352.18 396.5 637.6 702.18 609.14
287.64 484.99 358.47 3366.7 1176.4 719.44
274.26 425.96 371.64 3447.3 1264.83 763.17
388.1 486.51 549.98 957.89 1094.09 921.52
727.61 1022.29 1410.82 2265.9 2386.79 1674.54
389.28 523.19 553.78 2186.59 1345.26 1013.07
417.91 563.65 593.82 2593.74 1418.35 1057.24
328.64 583.14 364.69 3618.63 1240.07 713.26
116.3 121.86 125.45 148.53 156.23 146.47
83.84 205.56 81.2 4502.17 940.87 373.14
769.65 1053.74 1425.55 2271.72 2517.46 1819.2
433.26 587.72 766.07 1233.22 1160.99 832.11
354.27 472.21 485.11 1810.06 1161.82 867.17
302.46 421.74 407.25 2294.7 1130.05 773.23
698.58 1002.76 1514.23 2479.41 2769.73 1671.45
957.6 1394.22 1954.24 3151.85 2744.65 1773.85
215.05 345.69 275.82 3202.06 1087.71 613.53
140.01 275.18 175.0 3881.87 1049.7 481.5
548.89 737.55 919.76 1969.15 1603.14 1171.98
283.58 377.6 377.03 1888.44 959.93 692.76
402.61 552.55 583.22 1987.0 1395.63 1055.89
200.06 259.59 254.56 973.18 575.96 428.39
291.98 358.69 393.08 739.14 717.06 610.38
215.05 254.35 279.69 442.58 496.97 428.06
877.03 1259.5 1829.76 2869.43 2834.91 1847.17
467.0 592.51 673.67 1194.49 1366.23 1145.76
230.47 439.5 201.69 4262.15 912.5 364.09
721.29 980.81 1333.43 2149.12 2098.09 1489.9
705.69 1009.98 1372.0 2714.01 2520.81 1753.26
227.05 421.53 313.13 4297.57 1204.7 607.09
690.34 970.99 1417.33 2210.89 2023.9 1282.67
360.59 481.23 485.67 1818.14 1147.55 862.37
229.29 365.15 266.61 2847.96 957.17 552.26
435.63 541.27 618.83 1040.71 1153.7 990.9
795.87 1122.57 1618.16 2685.8 2596.32 1618.19
279.3 399.27 383.31 2684.03 1132.13 758.82
466.4 633.16 846.06 1361.89 1423.32 1017.45
175.78 247.35 189.11 1079.59 446.81 307.07
205.23 240.5 259.1 453.49 462.78 393.79
234.98 295.0 306.32 852.84 627.79 498.52
333.81 466.48 472.98 2486.48 1257.86 899.22
364.92 465.73 565.22 948.96 1045.15 812.58
285.41 455.94 356.92 3568.15 1173.41 721.16
397.16 510.55 544.27 1426.9 1184.33 941.37
154.75 173.45 185.51 263.03 288.92 256.12
243.37 388.95 347.17 3420.28 1204.27 683.81
422.43 555.3 719.69 1135.72 1176.39 882.19
462.59 610.37 768.1 1401.21 1347.59 1011.13
476.51 608.31 687.69 1318.92 1416.13 1178.72
191.72 247.87 235.22 999.18 527.19 385.85
554.41 760.58 1048.31 1691.0 1416.27 956.73
444.33 586.23 754.67 1254.85 1153.05 848.16
228.21 268.57 298.19 459.35 502.51 440.32
979.66 1430.83 2013.84 3241.93 2805.36 1798.98
584.7 824.61 1018.73 2816.63 1810.19 1225.25
237.15 313.81 311.71 1550.44 779.74 560.74
281.42 340.38 374.39 652.47 716.25 603.43
326.16 475.93 445.56 3152.59 1197.98 829.36
146.02 160.5 171.14 228.98 244.47 222.15
116.0 121.03 124.73 144.84 150.23 142.47
377.03 471.66 532.68 924.91 1055.88 889.94
356.89 449.76 498.55 1078.5 1023.3 824.48
645.16 840.69 1027.84 1705.22 1821.29 1480.09
234.58 293.79 306.91 838.8 640.81 504.2
76.69 208.56 78.96 4199.68 963.33 351.39
141.5 154.56 164.15 216.31 230.28 210.15
598.27 758.03 874.33 1545.91 1676.04 1423.02
215.02 364.5 266.76 3817.22 1083.31 604.49
710.29 955.47 1282.55 2072.26 2050.18 1478.85
674.0 914.3 1235.01 2009.96 1998.37 1417.64
221.02 262.36 289.02 460.36 517.57 445.08
241.92 288.05 314.66 532.2 582.1 493.84
337.2 418.23 470.48 806.33 918.47 776.38
478.96 629.29 690.27 2162.75 1494.9 1182.57
498.04 634.52 721.68 1303.75 1476.99 1236.26
516.34 681.37 808.35 1734.14 1602.87 1243.25
662.36 909.07 1265.29 2094.93 2337.57 1579.69
545.22 762.89 1112.08 1826.25 2035.94 1275.87
362.98 452.8 510.74 883.07 1007.4 849.87
638.83 850.75 1082.21 2014.31 1845.21 1381.15
624.41 846.49 1123.67 1879.94 1680.6 1198.22
622.84 857.5 1192.95 1938.72 1840.26 1234.12
357.75 491.17 509.27 2320.03 1291.07 948.83
376.48 498.38 508.29 1745.97 1181.91 899.15
718.61 1071.8 1501.61 3508.27 2785.95 1734.2
275.44 335.37 374.02 622.42 705.37 600.28
173.09 317.41 219.97 3323.51 1048.1 530.76
470.1 596.52 678.05 1202.06 1377.03 1155.34
267.96 471.84 267.92 3007.55 997.6 577.61
547.8 712.04 811.0 1953.76 1610.24 1304.05
681.75 1019.03 1262.73 3296.97 2062.25 1345.4
586.46 750.57 846.52 1706.83 1652.7 1384.84
293.94 453.89 408.42 3005.22 1325.6 837.11
122.6 299.54 90.01 4626.76 914.91 355.41
245.94 293.37 320.73 544.43 595.73 504.98
386.26 487.69 563.0 999.9 1039.17 842.42
353.78 439.27 514.54 833.88 920.87 769.16
224.09 373.21 281.33 3738.29 1096.2 624.82
278.85 416.38 387.73 2333.28 1136.97 754.11
413.77 518.54 574.55 1140.72 1179.61 975.18
690.12 914.0 1139.64 1909.0 1872.54 1455.6
456.71 689.29 874.38 3010.46 1601.9 1031.2
608.53 771.87 898.16 1538.42 1708.29 1446.93
423.14 529.13 593.22 1088.95 1203.26 995.94
360.46 488.81 680.41 1028.75 1016.86 685.23
592.87 789.38 970.66 1665.23 1739.03 1354.24
418.99 554.2 706.26 1145.03 1264.39 955.23
310.66 456.8 405.52 2584.65 1089.66 748.41
450.77 598.74 639.68 1935.34 1394.99 1094.97
621.79 797.91 948.39 1603.41 1753.92 1463.57
419.56 525.11 584.64 1106.39 1191.88 987.17
748.01 1032.83 1454.4 2317.69 2217.92 1489.74
860.6 1244.05 1796.93 2813.13 3024.58 2012.66
577.92 760.82 882.84 1945.74 1738.49 1385.28
819.17 1210.5 1689.49 3212.13 3001.49 2004.12
461.33 599.41 732.03 1228.99 1418.43 1116.6
909.68 1291.78 1933.7 2990.0 2697.57 1647.25
116.63 185.98 132.97 2047.89 587.11 292.15
453.04 611.72 708.69 1905.43 1418.4 1084.65
297.75 365.29 408.86 688.84 782.33 663.87
360.47 450.74 493.28 1065.6 1014.7 831.78
421.94 598.79 713.41 2343.76 1220.1 818.56
321.53 440.89 584.01 1481.97 1143.74 725.36
218.37 353.09 267.42 3412.22 1014.57 582.31
486.96 656.84 812.75 1546.85 1295.55 933.61
223.88 338.68 297.28 2877.08 1017.72 630.0
377.27 509.51 523.02 1914.58 1220.14 932.98
342.43 590.63 586.17 4066.82 1524.98 844.06
959.57 1389.55 2044.75 3179.77 3124.34 2007.37
538.95 744.06 857.71 2043.32 1681.6 1264.12
469.7 586.06 671.49 1136.2 1260.66 1081.33
495.15 661.41 831.23 1409.38 1377.53 1026.62
571.58 720.01 828.98 1421.75 1580.51 1351.77
291.15 351.32 395.49 635.77 700.12 607.4
475.16 624.71 681.58 2255.77 1498.48 1173.95
513.61 766.47 815.93 2743.05 1551.72 1052.26
344.1 420.93 477.34 784.17 866.35 747.94
388.45 540.06 562.58 2082.52 1381.89 1028.5
438.22 544.67 622.83 1047.96 1161.82 997.77
555.78 747.31 963.98 1617.86 1756.47 1298.72
571.93 767.08 994.57 1656.02 1567.91 1164.86
900.17 1281.54 1851.72 2966.53 2346.5 1481.81
489.43 671.4 828.11 2114.28 1457.93 1016.67
622.51 801.48 961.02 1623.33 1780.73 1466.38
572.02 844.3 1077.89 3061.79 1823.46 1106.62
202.7 332.97 262.09 2926.62 988.39 559.16
317.71 456.73 424.69 2311.46 1191.45 820.15
558.91 751.64 985.19 1622.48 1792.87 1306.64
300.33 457.26 460.93 3609.41 1359.5 830.51
494.63 709.71 892.84 2816.61 1900.48 1247.73
217.22 254.11 281.2 428.54 468.0 411.14
516.01 681.63 735.68 2153.35 1563.37 1241.72
230.95 364.23 307.24 3697.46 1156.67 676.12
496.21 651.29 797.84 1545.68 1383.57 1055.38
338.09 419.41 471.86 808.95 921.52 778.9
429.12 533.44 610.15 1029.57 1134.07 972.2
671.61 951.11 1244.32 2603.78 1906.97 1265.35
887.68 1267.94 1754.84 2849.85 2319.1 1482.12
489.75 650.49 750.12 1896.78 1510.88 1167.46
103.64 232.91 118.36 3944.5 978.36 400.27
236.76 399.0 279.12 3545.34 1096.51 608.09
561.62 795.76 1053.3 2555.23 1788.07 1182.81
361.79 575.0 651.48 3118.4 1518.09 895.07
192.09 275.07 235.7 1583.96 686.32 445.7
546.74 702.01 792.16 1791.05 1601.09 1318.76
934.21 1364.18 2004.04 3106.43 3319.69 2167.19
388.06 486.12 558.5 993.32 1072.65 872.91
501.51 639.73 727.13 1323.84 1491.39 1246.76
642.06 966.94 1328.01 3034.77 2154.96 1386.65
418.99 683.24 483.27 4185.46 1401.8 838.04
264.73 318.27 349.16 601.66 659.58 557.13
412.28 544.32 724.02 1167.48 1135.91 798.19
462.69 607.67 661.11 1681.48 1437.79 1157.43
826.22 1186.01 1694.18 2667.57 2877.05 1939.34
819.03 1142.11 1585.39 2522.31 2555.09 1781.42
342.83 452.71 466.7 1947.8 1137.91 848.96
211.82 394.66 184.88 3751.6 804.48 323.94
701.05 932.85 1207.1 2029.18 2101.66 1559.47
289.68 590.28 254.74 4480.57 1269.49 652.08
190.03 251.42 230.43 1221.03 527.41 376.99
760.64 1036.83 1406.3 2343.34 2357.74 1635.85
587.65 748.02 849.85 1626.75 1649.05 1391.43
466.54 636.84 870.8 1364.07 1386.49 967.88
408.17 638.65 494.05 3490.67 1367.26 874.65
251.69 299.44 334.49 525.16 576.23 502.65
402.76 515.32 550.04 1351.12 1163.34 932.76
264.56 318.05 348.9 601.15 659.0 556.67
818.78 1187.55 1670.69 2742.14 2006.89 1258.29
591.68 787.41 967.46 1660.39 1735.75 1352.88
302.8 451.86 409.1 3291.97 1157.49 778.27
616.78 833.23 1125.15 1907.12 1766.41 1220.7
94.58 226.71 106.26 4078.41 985.55 389.1
870.98 1247.75 1759.02 2801.36 2651.82 1703.91
147.76 164.07 174.59 242.21 264.79 236.19
485.64 684.04 650.19 2922.96 1494.73 1085.33
532.69 726.38 973.23 1726.48 1526.57 1060.5
443.29 567.94 661.53 1242.91 1283.79 1031.22
630.14 877.85 1188.14 1942.93 2143.68 1535.29
402.94 501.4 558.2 1022.56 1129.06 940.67
390.65 535.64 777.62 1172.03 1052.3 654.72
563.44 743.39 922.99 1634.59 1830.56 1396.7
320.89 392.67 434.09 772.66 850.32 712.96
540.74 795.0 920.98 2845.16 1674.58 1111.87
343.49 445.67 453.31 1289.6 965.12 758.14
514.72 652.04 742.06 1481.07 1446.84 1217.59
552.27 702.56 830.57 1399.55 1554.0 1294.2
559.86 742.32 785.57 2123.74 1612.86 1295.62
862.04 1229.91 1847.28 2869.92 2595.39 1563.73
326.7 508.01 383.01 3290.77 1135.29 672.91
910.54 1299.19 1799.04 2914.45 2364.11 1513.38
280.55 404.17 368.89 2226.78 1000.77 679.26
479.62 610.25 694.45 1248.41 1410.53 1180.29
556.87 772.71 921.49 2549.16 1759.11 1273.04
343.8 420.53 476.87 783.32 865.4 747.14
623.35 886.48 1264.71 1964.28 2110.62 1417.51
192.72 326.26 256.02 3413.12 1107.43 595.94
149.07 165.02 174.22 249.43 266.68 236.17
349.55 438.47 472.36 1011.98 960.58 786.54
438.58 587.13 620.72 1957.34 1416.97 1100.97
440.07 596.94 780.18 1520.16 1135.04 791.48
657.47 922.43 1300.71 2057.61 2055.2 1383.21
139.36 151.75 160.84 210.32 223.57 204.48
519.3 672.87 747.87 2048.61 1564.36 1265.07
289.74 420.11 400.01 2953.27 1216.2 805.75
575.6 756.9 942.22 1627.58 1694.65 1308.6
580.93 783.51 1008.6 1697.59 1707.21 1233.85
353.32 521.66 446.65 2781.92 1174.92 774.57
261.35 385.97 345.43 2721.5 1110.13 698.11
190.9 220.45 237.49 376.83 408.79 352.26
810.28 1147.01 1569.95 2568.71 2117.19 1375.76
111.05 114.64 116.71 133.65 137.54 130.67
303.02 453.07 415.0 2800.0 1126.06 720.92
179.56 206.73 224.26 336.9 374.51 326.85
353.76 463.06 486.51 1675.37 1143.32 864.95
320.72 489.91 423.03 2620.69 1189.34 809.49
748.0 1012.09 1372.02 2277.79 2127.14 1501.19
698.2 928.12 1163.81 1945.86 1890.56 1457.72
416.37 615.03 566.42 2950.37 1442.38 1026.74
287.37 346.35 389.65 625.17 688.25 597.36
542.55 681.84 784.1 1340.37 1489.35 1274.69
478.71 796.3 896.6 4118.15 2041.73 1182.31
380.51 498.03 522.49 1552.06 1188.72 923.2
275.94 429.68 440.82 3388.9 1159.37 656.81
768.49 1080.31 1464.39 2408.74 2017.61 1334.25
565.54 718.42 817.69 1544.8 1578.65 1332.79
504.43 670.63 715.77 2233.92 1547.1 1216.86
955.93 1375.47 2023.83 3108.88 3674.95 2421.66
369.81 454.73 517.08 856.22 947.05 816.18
249.32 298.19 327.36 555.71 608.84 514.24
133.53 172.93 153.93 1175.63 412.49 265.84
302.12 415.11 404.82 2408.48 1112.01 775.61
704.56 986.1 1369.77 2164.46 2251.65 1575.55
149.38 344.54 133.18 4850.2 1076.4 433.27
214.65 251.92 273.41 449.16 489.47 418.17
224.82 265.39 288.8 480.13 524.01 446.39
149.89 272.59 179.79 3046.69 864.91 426.86
351.06 466.82 494.6 1470.98 1062.08 803.11
404.27 503.16 560.21 1026.61 1133.58 944.36
504.49 768.09 803.56 3225.08 1456.38 893.81
225.62 393.73 260.04 3755.45 1101.53 587.53
496.44 667.26 861.72 1403.99 1417.02 1055.13
407.74 504.6 575.71 962.54 1066.14 916.87
447.78 569.69 661.74 1185.66 1303.51 1051.57
180.81 292.68 231.17 2433.83 879.19 495.97
333.54 444.14 452.59 2052.84 1132.0 832.24
571.97 767.69 1024.05 1698.71 1668.79 1176.42
178.92 388.98 163.29 4967.37 1183.82 499.73
806.8 1132.46 1571.41 2493.01 2689.3 1885.42
383.31 480.09 542.5 943.63 1077.57 907.86
566.05 730.68 832.86 1812.92 1659.65 1360.48
453.62 589.83 653.18 1691.02 1428.68 1147.08
367.15 487.18 513.89 1776.78 1174.94 907.87
387.53 499.49 530.07 1462.08 1157.26 918.93
320.19 391.75 433.03 770.53 847.94 711.02
723.12 1028.37 1410.01 2342.1 1810.21 1193.45
465.7 590.62 671.18 1188.96 1361.85 1142.79
689.92 928.39 1197.57 1935.25 2022.14 1570.54
279.51 337.85 371.51 646.67 709.78 598.14
412.03 560.86 596.94 1923.48 1404.77 1074.1
305.48 370.16 417.64 675.93 745.11 645.43
336.19 412.95 457.23 819.27 902.3 755.42
621.45 850.25 1109.71 1809.34 1906.68 1441.99
117.71 176.15 127.08 2022.62 521.09 277.87
368.95 538.7 471.73 2687.82 1199.59 815.8
473.21 637.16 679.59 2302.96 1547.08 1181.37
320.12 435.01 435.29 1848.93 1105.28 795.82
964.49 1437.98 2139.91 3311.57 3651.94 2404.89
404.63 510.97 559.87 1252.69 1173.86 957.08
176.34 201.15 215.47 332.49 359.33 311.85
118.36 124.14 128.38 151.46 157.64 148.74
597.75 843.85 1140.92 2568.79 1847.99 1165.9
758.7 1049.13 1423.52 2283.16 2398.96 1730.79
260.66 315.55 350.94 578.42 654.37 558.13
717.77 976.53 1279.65 2083.32 2307.05 1743.05
411.77 540.64 690.74 1127.72 1069.99 803.91
588.58 742.36 855.26 1469.39 1633.87 1396.88
782.38 1079.67 1446.2 2341.75 2308.83 1624.65
659.15 911.51 1195.0 2000.68 1878.55 1334.55
325.49 422.86 435.38 1405.99 974.72 752.02
417.43 674.75 787.44 3728.95 1576.85 851.6
771.91 1091.5 1472.16 2413.06 2221.26 1532.23
231.63 274.41 299.09 500.86 547.14 465.28
265.25 317.26 355.45 563.17 618.8 538.64
460.69 616.05 652.81 2178.6 1405.97 1095.27
230.64 382.46 298.02 3742.09 1111.85 632.83
217.38 257.47 283.33 449.52 505.01 434.7
584.38 853.79 1113.99 2842.21 1923.96 1259.07
445.15 726.83 925.43 4091.68 2269.69 1213.91
502.04 639.77 729.35 1298.53 1486.38 1244.3
543.72 706.85 846.66 1472.6 1576.4 1269.62
839.49 1213.92 1757.94 2753.21 2946.38 1947.98
641.99 832.51 997.46 1726.83 1766.49 1436.89
853.62 1256.37 1838.8 2750.87 2509.8 1630.83
505.08 645.72 736.05 1329.61 1503.79 1254.23
518.1 724.48 950.78 1792.47 1331.08 912.14
228.84 272.84 301.23 483.64 544.55 467.37
311.96 503.01 535.97 3656.43 1342.17 713.55
322.23 393.7 448.89 735.78 802.11 685.99
410.54 511.47 569.69 1045.7 1154.87 961.75
895.29 1272.54 1753.43 2844.9 2330.1 1509.38
463.21 587.06 691.77 1155.0 1237.19 1029.3
591.33 819.89 1027.82 2382.15 1734.85 1219.53
194.71 288.97 206.64 1407.25 560.8 367.73
307.75 378.1 440.93 705.95 741.76 622.86
356.18 606.33 402.52 3494.63 1339.15 838.22
200.28 232.88 251.68 405.4 440.65 378.29
842.93 1189.61 1676.14 2711.5 2672.31 1816.68
107.84 110.52 112.25 123.36 127.07 122.37
842.24 1237.15 1805.88 2706.88 2475.09 1613.97
479.39 634.39 733.32 1790.7 1506.15 1178.63
676.99 934.06 1248.1 2035.59 2236.52 1621.01
556.98 744.44 957.37 1612.46 1680.9 1245.5
484.71 629.53 773.72 1372.01 1521.68 1151.4
409.24 532.28 588.34 1500.57 1241.24 968.52
483.99 612.66 714.91 1244.96 1321.01 1101.89
488.66 625.56 722.82 1272.36 1422.54 1176.16
132.05 142.46 148.47 197.59 208.86 188.93
280.65 391.99 375.57 2495.42 1084.97 733.12
336.66 432.2 529.89 863.63 890.76 692.39
728.28 1026.75 1487.85 2491.87 2781.44 1766.44
883.93 1292.47 1876.9 2810.72 2588.26 1712.69
278.68 336.75 370.25 644.13 706.95 595.83
558.6 702.95 808.92 1385.37 1539.76 1317.31
469.61 595.86 677.28 1200.59 1375.33 1153.93
157.87 177.63 190.38 272.31 299.67 265.0
679.57 964.24 1339.28 2093.71 2112.46 1504.67
293.77 356.74 393.07 690.08 758.2 637.7
189.18 419.48 189.74 4360.5 1106.29 521.11
432.67 550.1 636.04 1139.18 1214.09 981.33
349.04 486.81 633.15 1350.71 958.21 652.97
264.63 405.03 353.03 3172.32 1085.98 709.69
766.26 1100.16 1527.58 2522.53 1898.92 1222.7
241.19 386.57 318.97 3005.88 1170.82 686.88
410.9 546.44 667.76 1431.12 1269.65 957.29
283.69 341.5 383.95 614.84 676.68 587.58
563.01 859.34 1091.53 3134.08 1851.38 1151.12
601.17 760.72 877.82 1530.34 1674.64 1426.1
507.54 689.62 699.0 2492.43 1520.96 1158.53
410.01 515.91 584.2 1023.13 1169.69 983.99
206.43 386.18 308.39 4529.1 1173.39 547.04
376.93 545.34 532.76 2897.98 1450.71 993.63
585.55 856.86 1180.53 2320.08 1823.94 1193.0
122.29 129.54 133.72 167.88 175.72 161.86
523.48 703.08 895.41 1872.23 1539.21 1091.51
521.06 697.6 813.91 1854.32 1554.61 1195.94
267.07 340.25 340.42 976.03 698.66 549.24
758.2 1044.07 1406.38 2259.02 2448.83 1777.94
361.22 472.94 496.08 1684.54 1158.33 880.04
333.13 497.09 520.39 2955.98 1194.64 768.43
633.08 860.16 1146.56 1914.1 1701.54 1207.13
761.72 1050.49 1418.36 2276.0 2466.29 1785.74
931.24 1340.1 1875.52 3031.81 2405.49 1495.94
427.77 539.35 618.31 1116.06 1193.73 974.61
600.68 836.82 1108.7 1876.15 1750.44 1251.23
491.07 638.98 794.86 1370.3 1411.47 1070.48
525.16 866.91 874.59 4004.61 1856.86 1106.66
399.8 507.55 552.74 1247.07 1171.57 949.47
341.21 417.12 472.86 776.05 857.25 740.25
385.25 481.11 540.53 1037.4 1026.88 867.5
501.1 644.46 737.58 1408.46 1501.41 1241.04
810.36 1136.29 1670.83 2588.23 2361.97 1487.49
215.95 287.59 287.36 1150.23 607.27 435.78
896.85 1284.84 1880.23 2896.99 3416.68 2260.1
454.92 576.15 654.34 1156.84 1324.63 1112.04
156.37 176.97 196.98 279.94 288.48 242.84
823.62 1138.37 1620.43 2550.82 2398.81 1597.36
577.47 760.02 891.83 1965.9 1700.74 1336.44
640.12 873.5 1144.84 1889.17 2037.48 1509.22
511.74 712.56 977.06 1529.05 1522.16 1084.19
709.56 991.25 1385.78 2210.53 2164.82 1499.67
402.07 547.61 574.2 2572.56 1381.72 1026.38
511.57 668.47 825.76 1435.32 1408.12 1082.17
404.46 503.41 560.5 1027.19 1134.22 944.89
486.6 664.62 772.81 2126.86 1564.56 1156.04
830.17 1170.95 1576.55 2705.0 2185.28 1454.04
240.46 286.11 312.45 527.75 577.14 489.79
433.85 581.2 665.3 1822.8 1406.78 1062.29
150.98 167.02 178.8 242.88 260.04 235.31
723.29 1010.03 1366.03 2215.0 1866.55 1253.91
663.15 871.22 1083.65 1801.43 1978.58 1567.74
620.0 791.11 933.74 1587.58 1776.29 1482.46
628.56 843.25 987.11 2145.09 1822.93 1402.41
137.92 149.85 158.62 206.28 219.04 200.65
593.33 771.09 891.02 1848.95 1685.85 1363.26
277.89 406.18 374.01 3187.46 1153.83 746.51
296.19 386.2 527.09 797.56 745.09 499.76
330.71 433.8 441.96 1469.39 998.67 771.34
377.62 637.58 418.52 4188.01 1326.86 754.37
434.42 563.39 692.37 1181.35 1250.89 964.17
672.42 896.68 1172.04 1969.2 2195.63 1611.2
467.81 605.38 671.65 1512.91 1426.42 1166.6
319.52 388.61 439.34 715.26 789.17 682.69
586.91 745.51 871.69 1481.96 1630.81 1377.48
890.08 1257.06 1793.51 2879.11 2330.41 1514.51
494.54 649.34 708.32 2148.06 1489.78 1197.54
423.78 557.38 610.93 1550.87 1341.37 1069.18
543.53 706.15 844.07 1460.94 1684.75 1354.3
588.88 803.62 1022.41 1842.5 1820.66 1381.64
414.22 515.31 585.97 1046.3 1101.22 938.99
806.4 1178.13 1645.41 2884.43 2031.14 1267.65
808.83 1147.48 1709.87 2671.55 2419.66 1470.08
596.82 829.17 1110.36 2228.67 1867.72 1270.25
357.45 579.45 418.89 3942.78 1283.68 746.12
336.38 435.26 553.55 886.95 901.42 678.91
602.77 782.35 973.1 1637.44 1675.86 1321.43
613.8 784.67 927.54 1592.94 1734.36 1444.87
320.54 506.95 369.74 3437.01 1131.87 652.12
249.49 298.08 326.11 555.25 607.81 514.84
443.73 562.26 646.6 1166.37 1263.7 1024.25
400.66 505.93 598.59 983.97 1040.45 859.23
713.53 1026.2 1411.95 2539.62 1799.95 1152.55
661.92 936.42 1302.27 2004.96 1954.97 1364.62
365.79 449.45 510.87 844.96 934.44 805.52
687.08 959.39 1291.0 2109.15 1803.75 1216.39
461.5 668.06 759.56 3050.88 1617.3 1073.03
636.3 898.01 1250.07 2007.34 1877.77 1214.59
436.2 556.06 648.71 1147.73 1231.96 995.34
205.04 239.18 258.87 419.87 456.8 391.48
138.81 314.98 170.21 4262.22 1201.24 530.74
347.27 466.13 476.09 1811.19 1168.73 861.66
547.03 695.19 786.72 1526.28 1523.04 1283.36
439.64 615.62 824.14 2061.82 1378.83 872.06
365.06 451.2 500.9 907.18 1000.37 835.54
264.77 351.46 364.25 1234.54 832.76 630.57
506.38 634.28 728.18 1238.99 1375.79 1178.68
499.67 640.96 721.38 1367.18 1489.47 1239.88
259.12 313.47 348.53 573.82 649.05 553.73
227.56 346.24 291.5 3252.14 1064.58 641.29
444.25 552.61 632.15 1064.87 1180.77 1013.78
128.49 299.12 147.33 4446.01 1100.99 462.35
899.04 1318.51 1881.52 3065.07 2176.36 1325.12
566.42 725.48 825.0 1740.37 1632.23 1354.94
576.64 825.22 1181.67 1760.01 1657.46 1108.35
372.47 462.53 517.85 933.16 1024.1 850.72
763.96 1070.17 1468.35 2295.85 2313.6 1686.77
244.29 318.56 323.8 1469.85 776.13 562.02
132.62 308.53 106.84 4539.48 930.12 378.96
705.85 951.61 1238.85 2021.36 2155.11 1630.18
126.36 336.44 127.06 4751.28 1223.5 513.11
501.07 730.53 1082.75 1580.47 1497.18 978.69
124.46 314.0 95.13 4997.71 1054.37 439.91
222.14 394.1 407.87 2782.53 966.06 471.91
658.19 899.79 1212.87 2013.06 1762.18 1232.96
367.73 454.75 504.95 915.33 1009.46 842.96
792.5 1089.22 1487.05 2359.84 2737.4 1961.25
825.71 1229.74 1796.12 3072.93 2534.63 1603.98
581.7 739.09 844.32 1628.1 1640.82 1388.11
287.82 549.74 270.61 5196.9 1183.75 505.78
255.07 419.09 348.73 3320.17 1294.44 760.35
505.18 644.08 734.7 1308.81 1499.72 1254.97
179.0 382.13 164.75 4792.73 1158.81 495.99
720.74 979.08 1290.87 2095.11 2223.8 1658.52
303.18 484.34 381.15 3524.09 1299.51 788.79
518.64 705.8 930.98 1504.53 1502.28 1062.23
411.66 575.8 824.27 1241.66 1262.43 834.01
223.45 263.7 291.54 479.11 494.76 429.37
501.33 654.86 761.42 1584.37 1526.91 1226.37
158.42 360.72 178.85 4411.05 1241.64 576.34
202.69 330.09 292.98 2730.12 891.57 476.21
564.5 765.3 854.13 2385.42 1681.82 1275.91
755.37 1027.64 1388.69 2315.57 2335.11 1629.1
559.64 721.94 800.15 1671.82 1583.25 1322.23
170.91 193.96 207.25 315.94 340.87 296.77
406.52 582.75 553.72 2851.56 1390.3 1002.78
337.67 418.85 471.21 807.7 920.06 777.7
510.25 681.49 860.63 1417.74 1520.11 1180.85
486.13 622.26 703.2 1374.43 1459.42 1209.89
272.24 406.67 370.45 3397.05 1203.15 756.3
835.14 1182.23 1614.64 2638.04 2206.12 1450.61
559.17 785.73 1070.24 1746.58 1364.52 911.79
581.97 774.07 985.39 1660.19 1738.05 1315.28
342.91 446.12 465.76 1390.21 1050.23 815.3
943.95 1350.47 1966.61 3138.09 2453.16 1528.45
878.08 1279.75 1845.92 2923.91 3196.85 2175.46
503.23 641.06 730.21 1301.1 1490.93 1249.07
684.43 909.91 1155.89 1903.85 2083.84 1614.79
773.02 1111.9 1641.17 2885.38 3080.5 1891.26
283.17 356.37 383.62 856.82 769.19 631.38
449.58 610.9 620.9 2128.45 1409.11 1072.35
863.65 1223.15 1817.14 2827.72 2574.18 1585.97
680.34 914.87 1213.7 2024.2 2061.53 1475.02
555.1 735.73 798.42 2030.23 1592.42 1269.83
430.19 543.63 622.91 1139.05 1224.26 997.94
412.23 522.82 567.0 1256.82 1180.79 961.05
686.56 914.77 1186.16 2027.2 2234.68 1651.84
288.74 382.85 386.92 1823.76 972.33 705.82
181.26 321.63 209.14 3842.57 982.82 507.63
476.93 615.2 688.25 1514.41 1447.86 1190.67
419.18 522.96 582.8 1073.08 1184.34 985.71
405.85 510.57 578.84 1011.68 1155.22 971.02
341.56 420.98 465.35 868.24 926.83 772.55
606.83 917.83 1076.25 3652.41 1767.41 1030.01
660.48 911.0 1239.49 2018.95 2054.1 1440.08
120.86 240.62 136.57 4124.73 967.97 440.85
189.78 220.45 240.23 367.34 409.79 356.01
110.18 113.38 115.73 128.53 131.96 127.02
441.28 563.26 645.61 1225.38 1231.28 992.48
399.97 497.45 553.7 1013.49 1118.95 932.41
209.98 244.59 270.0 408.24 445.27 391.92
275.73 353.44 369.75 1089.05 783.34 621.05
468.85 615.41 688.4 1602.6 1473.4 1181.57
810.91 1116.67 1577.73 2490.95 2357.35 1587.91
556.7 706.01 804.65 1528.43 1560.6 1320.6
745.78 1015.35 1309.06 2167.3 2105.94 1572.18
452.59 625.22 668.19 2577.06 1525.24 1120.69
548.5 727.41 874.87 1647.11 1573.09 1235.62
419.72 523.77 583.54 1077.37 1186.67 987.39
729.81 986.99 1260.95 2093.95 2058.18 1556.66
570.48 763.64 998.03 1719.59 1751.23 1240.3
418.7 522.45 582.03 1074.42 1183.48 984.69
281.28 602.93 224.77 4862.81 1273.03 613.98
673.91 950.89 1244.18 2612.18 1904.82 1275.03
468.94 606.34 725.59 1263.85 1340.88 1063.36
380.99 501.04 516.14 1676.37 1182.44 908.36
316.4 408.17 427.62 1327.59 955.44 737.91
820.67 1171.12 1725.78 2864.32 3217.0 2016.96
709.37 943.32 1236.68 2012.73 2026.2 1512.38
433.4 545.13 619.37 1127.29 1219.35 1001.78
337.8 415.08 459.67 824.17 907.77 759.89
226.62 266.47 295.73 454.89 497.51 436.09
290.43 462.84 400.84 3432.56 1364.13 824.97
408.98 514.52 582.58 1020.05 1166.12 981.04
518.61 669.54 746.84 1959.79 1545.57 1257.39
534.82 725.23 972.92 1564.92 1727.99 1231.34
127.69 253.48 136.78 3781.24 764.95 365.76
102.4 276.01 106.61 4689.51 1075.65 406.88
509.51 665.47 735.76 1915.8 1544.56 1238.16
543.6 705.55 847.81 1482.51 1604.97 1283.3
384.81 477.37 530.77 967.32 1067.45 890.33
517.54 675.12 821.19 1397.45 1613.83 1276.61
950.36 1419.28 2116.82 3122.92 2805.93 1777.05
457.27 628.67 693.89 2244.1 1525.4 1136.64
215.82 255.38 280.89 444.87 499.62 430.25
506.24 645.68 737.49 1312.27 1502.05 1255.71
490.02 623.43 710.02 1262.2 1444.9 1210.62
330.43 402.95 456.2 745.84 823.41 711.64
585.35 782.88 982.87 1634.33 1742.43 1354.14
500.13 670.92 731.33 1864.78 1535.46 1201.02
129.86 139.25 146.15 183.68 193.73 179.25
901.17 1315.09 2028.5 3124.53 2736.61 1571.82
841.12 1185.72 1684.59 2639.72 2570.29 1770.1
414.96 517.32 576.38 1059.16 1169.89 974.02
422.53 525.44 603.0 1009.39 1112.12 951.05
384.28 481.39 544.01 946.51 1080.91 910.62
377.31 502.63 511.55 1641.8 1164.95 899.9
826.01 1180.04 1742.54 2890.62 3246.02 2029.85
622.62 850.73 1118.58 1858.99 1841.96 1297.53
698.32 970.42 1361.08 2339.56 2119.19 1402.51
427.78 547.87 646.44 1137.35 1162.77 920.54
118.39 265.52 132.28 4301.61 1064.13 446.56
615.48 798.42 978.42 1630.75 1745.01 1413.07
504.04 671.4 830.89 1736.86 1478.58 1073.98
563.69 835.36 1077.34 3141.63 2117.04 1347.42
867.33 1233.31 1798.42 2966.56 2862.71 1761.94
849.17 1198.42 1764.23 2890.4 2450.68 1495.52
688.97 915.9 1186.87 2000.36 2230.42 1655.59
454.75 578.62 680.6 1211.4 1293.75 1033.35
241.39 397.52 285.9 3241.44 1068.85 608.76
336.69 445.04 473.73 1685.15 1099.55 843.92
771.53 1109.13 1525.13 2616.7 1964.21 1282.09
455.31 577.07 654.71 1167.25 1326.95 1112.93
216.94 253.74 280.77 427.75 467.12 410.4
314.07 381.44 430.91 699.99 772.05 668.22
440.44 547.59 626.26 1054.18 1168.79 1003.66
414.47 516.74 575.64 1059.9 1168.66 972.82
647.51 845.58 1030.07 1745.73 1752.67 1416.05
322.84 635.66 283.09 5438.35 1254.42 538.7
497.25 637.49 719.41 1373.09 1486.58 1236.63
688.01 920.81 1184.28 1941.58 2078.69 1593.24
787.91 1167.43 1621.5 3378.63 2566.72 1545.7
579.02 816.97 1146.64 1795.22 1680.14 1072.42
454.84 579.43 677.99 1207.21 1349.16 1081.02
572.68 730.49 839.54 1543.5 1585.88 1330.58
259.51 311.35 341.26 585.77 641.84 542.65
412.78 563.9 577.99 2210.65 1391.87 1057.91
169.84 358.28 257.55 4492.28 1193.84 501.85
377.09 495.24 512.49 1666.31 1168.13 899.6
816.67 1152.36 1609.44 2566.54 2747.1 1907.67
172.72 222.49 207.81 811.88 438.05 328.66
493.98 648.92 708.79 1648.23 1495.25 1206.42
744.45 1080.73 1556.08 2394.12 2333.65 1588.55
136.46 148.31 155.14 211.03 223.84 201.17
234.71 280.73 310.41 501.14 564.83 484.14
583.29 743.0 874.96 1484.89 1644.53 1376.17
648.04 885.18 1161.55 1912.97 2112.23 1559.24
289.28 444.9 336.16 2174.91 913.44 614.32
525.24 686.28 750.14 2006.74 1554.14 1260.03
358.95 456.68 491.41 1374.4 1073.01 851.51
235.33 359.9 300.12 2991.74 960.22 609.2
142.35 156.12 164.06 228.97 243.86 217.52
925.79 1333.82 1961.34 3015.22 3334.55 2177.4
370.25 509.93 705.53 1039.9 968.67 665.81
915.22 1329.65 1939.58 3015.02 3225.76 2125.2
450.89 630.38 741.93 2059.19 1388.1 969.31
232.26 374.76 357.34 3210.3 1146.31 618.32
458.88 643.71 682.12 2247.41 1481.95 1049.95
474.94 601.57 679.73 1379.52 1325.39 1110.22
612.11 779.09 911.89 1553.75 1708.71 1442.55
567.46 745.51 801.89 2012.45 1624.26 1320.32
590.86 749.8 857.71 1589.99 1661.28 1407.88
820.71 1166.53 1744.28 2720.36 2457.34 1484.82
521.42 672.36 784.54 1427.81 1545.7 1259.93
411.77 516.81 571.62 1159.1 1182.82 972.89
485.68 607.07 696.19 1180.97 1310.81 1123.74
623.07 798.46 948.04 1608.99 1780.74 1478.98
121.97 128.89 133.97 161.59 168.98 158.33
556.72 748.01 892.52 2177.62 1791.84 1366.3
560.16 729.84 910.52 1508.35 1492.12 1178.02
594.36 818.03 1170.8 1821.16 1695.87 1103.14
801.33 1125.9 1604.53 2664.39 2614.1 1669.32
654.15 893.4 1202.18 1997.12 1752.41 1228.8
503.47 641.29 730.17 1301.42 1492.17 1250.49
283.22 342.77 377.12 657.96 722.38 608.44
357.55 441.25 489.54 884.31 974.85 814.69
326.63 449.27 470.21 2286.86 1161.54 810.8
350.3 517.3 463.57 3120.23 1272.19 865.85
498.17 653.19 805.32 1391.03 1494.81 1151.56
653.27 851.05 1030.42 1742.44 1829.3 1482.31
455.71 577.22 655.58 1159.21 1327.38 1114.31
253.39 486.61 230.58 4827.13 1067.91 427.22
342.3 497.2 482.69 2613.31 1364.37 932.63
280.99 342.81 382.68 638.93 724.5 616.08
669.43 906.97 1221.44 1990.93 1984.8 1413.18
303.37 375.12 414.56 898.54 787.85 655.86
309.95 416.99 443.12 1417.62 874.97 631.06
605.04 813.16 1060.67 1765.89 1810.28 1334.01
454.68 630.81 627.83 2711.93 1504.62 1107.7
191.34 323.46 241.55 3973.24 1108.48 605.79
378.72 496.33 515.19 1643.92 1168.85 902.94
395.58 628.24 661.1 3994.22 1633.71 948.02
802.42 1115.18 1509.54 2434.49 2379.13 1646.0
446.17 555.12 635.12 1070.24 1186.78 1018.87
315.31 385.29 425.66 755.68 831.38 697.48
375.02 506.24 491.84 1608.98 1125.88 866.42
367.12 482.92 638.55 1060.59 1175.62 817.56
548.96 709.42 795.12 1834.78 1622.91 1329.08
399.21 515.26 569.37 1434.39 1224.52 987.94
307.65 580.22 321.58 3943.92 1237.81 671.54
425.46 704.72 777.27 3838.29 1625.82 877.76
659.15 927.92 1276.05 1999.05 1916.55 1342.53
160.12 332.12 155.35 3880.13 927.33 438.21
104.11 105.52 106.42 112.24 114.19 111.73
594.55 862.59 1149.34 2572.88 1595.75 1000.32
336.68 532.6 389.42 3511.36 1167.65 686.45
104.96 106.57 107.5 115.09 116.83 113.75
333.37 474.62 470.49 2938.74 1280.59 886.82
644.5 874.27 1147.12 1886.2 1961.06 1463.7
546.68 729.27 907.66 1565.12 1553.33 1171.57
642.05 863.12 1140.28 1877.08 1903.57 1386.5
277.77 383.18 401.68 1826.92 976.21 676.67
471.85 640.87 651.5 2036.96 1451.48 1125.4
517.9 676.56 815.25 1389.03 1525.8 1226.59
622.71 811.45 1019.87 1682.7 1748.56 1369.63
436.4 591.12 789.31 1248.98 1320.85 952.61
618.07 837.94 1041.58 2134.45 1994.35 1476.81
463.75 600.99 667.98 1646.79 1444.36 1168.8
591.46 807.54 1085.24 1726.39 1813.58 1317.61
140.82 234.51 171.77 2634.73 771.67 389.92
971.29 1451.9 2167.22 3350.62 3695.45 2424.64
382.02 503.57 621.1 1126.56 971.09 710.45
312.36 460.63 396.75 2735.22 1174.41 768.25
456.87 586.26 690.68 1217.02 1299.46 1042.65
476.34 598.67 697.22 1173.3 1273.33 1076.62
491.36 660.99 837.4 1816.98 1685.57 1189.22
272.02 443.08 334.97 3655.32 1152.15 691.07
559.08 720.18 800.09 1772.45 1584.92 1311.41
498.98 674.5 908.11 1477.45 1277.05 890.19
207.09 352.12 270.0 3611.89 1163.0 631.82
483.18 619.8 703.41 1337.74 1429.81 1182.8
439.06 554.87 629.57 1109.62 1269.91 1066.81
279.64 449.92 354.69 3535.3 1242.82 774.65
379.08 529.15 524.03 2791.23 1306.62 939.78
902.75 1281.9 1907.31 3110.66 2611.44 1567.2
578.24 738.01 837.08 1686.58 1645.91 1383.29
580.3 779.4 1045.98 1734.12 1932.48 1365.94
792.96 1099.14 1451.15 2383.96 2247.02 1618.01
489.37 654.15 711.39 2089.1 1548.86 1216.5
259.28 376.25 324.67 2132.17 907.81 614.19
426.81 540.66 607.16 1208.96 1213.32 986.97
355.18 464.12 485.47 1808.05 1145.76 871.21
670.4 928.05 1277.34 2056.89 2032.57 1430.47
175.84 342.64 271.45 4231.13 986.4 478.56
850.78 1198.01 1689.16 2670.84 2683.69 1832.47
681.8 973.03 1372.39 2092.05 2013.48 1380.68
506.36 670.21 820.84 1483.15 1570.69 1218.5
719.87 1022.97 1401.17 2328.53 1803.54 1191.25
630.49 811.07 977.84 1668.62 1857.63 1505.58
468.74 603.59 690.45 1362.7 1399.41 1148.21
596.01 752.13 866.75 1490.22 1657.21 1416.61
705.38 995.34 1447.01 2281.15 2113.23 1344.72
724.4 1028.71 1488.94 2292.19 2532.77 1677.22
687.37 937.46 1225.83 2011.31 1807.0 1298.62
831.37 1183.19 1700.56 2661.86 2582.27 1745.26
471.81 628.26 662.45 1882.76 1447.81 1140.9
203.05 327.61 227.77 2698.62 855.7 476.68
326.97 398.4 450.85 736.14 812.55 702.46
485.22 631.27 693.0 1587.93 1464.7 1189.99
533.27 697.92 856.55 1488.86 1695.61 1313.44
768.9 1089.23 1522.83 2424.8 2631.0 1817.06
159.73 311.4 177.94 4298.24 1004.74 480.61
340.57 509.32 494.29 3008.94 1225.89 789.44
667.83 928.05 1275.3 2125.96 2037.35 1425.53
257.18 369.58 331.54 2131.47 924.25 635.73
403.16 630.19 490.12 3926.69 1366.24 839.23
196.14 398.58 236.94 4275.32 1289.88 647.99
858.44 1220.24 1676.83 2731.99 2256.23 1464.59
327.72 517.18 575.77 3562.73 1399.92 751.88
462.34 593.63 702.48 1243.92 1364.56 1084.88
157.1 176.61 189.19 270.04 297.04 262.83
132.73 143.37 149.51 199.68 211.19 190.83
419.59 543.37 603.41 1439.87 1257.38 988.1
415.69 591.54 552.34 2642.48 1356.25 960.48
541.63 702.65 876.65 1443.73 1502.86 1183.04
604.61 764.68 884.02 1519.17 1683.78 1434.84
134.61 214.96 157.87 2595.42 701.91 370.88
574.04 771.89 1003.87 1679.46 1742.41 1277.58
173.58 198.72 214.93 319.11 353.89 309.82
418.39 568.11 580.45 2309.51 1337.71 1019.31
348.28 461.8 480.1 1596.04 1081.74 840.37
333.01 484.61 435.42 2312.85 1156.59 812.05
189.58 323.53 237.52 3466.47 1075.37 566.99
747.69 1062.94 1501.05 2385.85 2561.37 1737.9
827.54 1212.33 1763.34 2650.05 2430.25 1592.17
766.32 1068.96 1432.23 2368.89 1952.79 1373.1
578.53 777.02 999.65 1635.78 1501.76 1105.6
509.9 660.32 780.36 1357.87 1547.85 1259.75
531.27 701.21 890.16 1551.53 1604.23 1174.57
588.41 900.86 1138.49 3179.66 1958.92 1249.7
334.26 545.01 387.59 3877.56 1229.24 691.67
320.86 477.56 423.22 2898.97 1215.94 821.49
239.89 399.9 247.86 3187.02 857.44 428.4
354.81 480.29 474.78 1888.27 1140.1 854.33
335.11 414.06 481.61 778.73 855.89 719.73
215.36 468.29 248.25 4637.73 1225.83 587.59
625.23 837.22 1071.47 1808.65 1758.29 1328.18
106.53 108.66 109.88 119.9 122.2 118.13
529.48 686.38 810.12 1406.9 1568.9 1281.97
415.82 521.17 585.4 1094.96 1176.67 969.56
860.28 1238.09 1866.41 2897.3 2589.9 1556.78
142.74 158.9 165.88 281.25 248.15 218.05
802.18 1109.83 1474.88 2420.18 2122.45 1484.97
757.58 1127.52 1466.27 3343.67 1947.63 1190.95
881.49 1281.43 1962.62 3032.33 2675.57 1558.39
362.67 469.49 499.51 1438.49 1096.72 857.51
838.97 1184.78 1723.03 2851.29 3186.67 2040.36
176.99 308.48 234.42 3772.24 1050.41 569.14
333.92 498.29 535.04 2956.93 1426.82 898.2
416.18 653.81 775.22 3032.65 1627.8 1010.8
962.0 1398.0 2014.0 3173.0 2939.0 1816.0
69.0 191.5 59.0 4653.5 930.0 346.0
134.0 394.5 95.5 5146.0 1087.0 409.5
969.0 1403.0 2079.0 3181.0 3518.0 2279.0
155.0 368.0 123.0 5163.0 1156.0 447.0
89.8 263.8 87.2 4769.8 1060.5 381.0
971.0 1390.0 2115.5 3245.0 2879.5 1707.0
122.0 299.0 89.0 4632.0 914.0 354.0
72.0 203.8 71.8 4231.5 957.5 341.5
907.5 1325.5 2047.5 3151.5 2757.0 1579.5
948.0 1357.0 1978.0 3155.0 2462.0 1531.0
56.8 180.8 53.0 4412.8 873.5 325.0
119.5 322.5 80.5 4825.8 970.8 371.8
948.0 1376.0 2046.0 3146.0 2970.0 1921.0
911.0 1341.0 1922.0 3127.8 2196.5 1320.8
985.0 1493.5 2276.8 3372.5 3183.8 2033.8
76.2 218.5 55.5 4643.8 764.8 282.8
962.5 1390.0 1954.5 3151.5 2480.0 1527.0
959.5 1435.2 2145.2 3160.2 2832.8 1787.8
88.5 243.0 63.5 4918.0 903.5 321.0
978.0 1422.0 2105.0 3266.0 3199.0 2037.0
79.2 209.2 66.0 4931.0 970.2 374.0
222.2 574.0 104.8 5481.0 1198.8 463.2
992.0 1434.0 2127.0 3253.0 3849.0 2515.0
980.5 1432.2 2016.0 3245.2 2807.8 1800.2
966.0 1422.0 2112.0 3259.5 3477.0 2237.5
109.2 304.0 68.8 5231.2 1052.0 412.0
978.0 1434.0 2220.0 3640.0 4073.0 2397.0
81.5 229.5 75.0 4588.5 1023.0 369.5
937.0 1353.0 2081.0 3198.0 2826.0 1629.0
924.0 1316.0 1970.0 3207.0 2671.0 1584.0
102.5 315.2 89.5 4914.0 1200.8 467.0
980.0 1467.0 2194.0 3388.8 3736.5 2446.5
955.0 1376.0 2056.0 3368.0 3193.0 1885.0
977.5 1462.0 2197.0 3231.5 2940.0 1846.5
939.0 1381.8 2053.5 3176.2 3230.8 2074.0
265.0 540.0 222.0 5608.0 1151.0 427.0
83.0 265.0 84.5 4714.5 1156.5 420.5
245.0 494.0 207.0 5231.5 1090.0 397.0
304.0 635.0 236.5 5868.5 1229.5 464.5
138.0 335.0 114.0 4964.0 1063.0 407.0
53.8 244.8 74.8 4340.2 1057.2 381.2
420.0 524.0 584.0 1074.5 1187.0 988.0
504.0 642.0 731.0 1303.0 1494.0 1252.0
602.0 760.0 876.0 1507.0 1676.0 1432.5
100.0 100.0 100.0 100.0 100.0 100.0
