1113.06 1558.98 2002.73 2765.9 3352.01 3057.88
623.66 873.84 1132.79 1911.42 1981.37 1663.11
596.49 813.37 1030.26 1422.22 1747.29 1588.94
1141.52 1590.63 2002.74 2747.07 3311.21 3087.48
1086.19 1528.91 1990.79 2838.96 3178.44 2766.24
1026.99 1431.94 1836.89 2568.72 3175.66 2880.0
748.61 1070.52 1479.84 2277.89 2370.68 1764.26
1005.36 1402.88 1795.77 2559.82 3112.28 2817.34
427.04 778.1 492.95 5468.74 1541.38 848.61
618.36 936.31 1097.84 3371.0 2301.03 1836.42
688.73 963.81 1314.2 1912.93 2070.89 1640.89
568.72 839.94 953.77 2904.0 1877.85 1556.84
875.03 1234.05 1596.08 2604.98 2708.81 2304.35
1001.2 1403.42 1818.32 2576.72 2919.47 2527.01
133.5 303.75 119.43 3327.25 763.56 331.38
651.33 949.29 1135.06 3574.93 2314.96 1891.55
1020.6 1439.34 1890.76 2749.64 3101.61 2628.22
996.85 1422.28 2116.95 3209.98 2949.38 1877.76
677.6 1002.24 1146.52 3869.58 2281.2 1882.48
825.87 1167.33 1452.33 2676.27 2621.39 2302.93
579.68 922.46 855.67 4714.32 1941.84 1381.33
950.74 1343.93 1741.18 2708.16 2762.08 2327.22
819.42 1215.13 1407.79 3661.49 2634.02 2134.77
832.39 1187.09 1454.86 3058.59 2600.4 2257.22
279.62 356.99 427.74 555.27 654.2 616.73
552.21 770.85 918.67 1727.35 1580.84 1421.46
1109.47 1573.14 2118.48 3070.75 3385.54 2746.06
741.33 1022.11 1294.09 1765.2 2157.15 1993.84
375.95 627.73 607.85 4297.73 1690.46 1125.07
304.47 408.72 557.91 808.43 875.17 624.93
867.72 1267.0 1493.89 3147.28 2707.65 2349.28
932.72 1311.69 1773.24 2530.86 2783.05 2285.11
969.52 1384.22 1990.31 3135.72 2549.13 1675.1
781.62 1080.04 1369.11 1869.82 2286.4 2112.82
163.09 190.27 215.12 259.92 294.67 281.51
1042.18 1455.86 1864.76 2651.48 3233.51 2927.32
688.99 946.85 1196.63 1629.28 1989.25 1839.27
920.39 1333.67 1838.23 3102.89 3072.98 2283.08
464.35 713.99 813.7 3662.85 1631.09 1112.37
628.47 889.0 1054.58 2104.47 1852.48 1631.84
417.31 657.89 700.85 3909.43 1795.86 1263.89
441.77 764.66 676.07 4510.04 1784.77 1234.47
1003.91 1449.82 2015.06 2900.01 3038.51 2357.64
1146.92 1608.23 2010.59 3025.86 3387.73 3129.78
963.45 1373.36 1963.15 3075.47 2581.67 1745.8
220.89 394.01 329.18 4634.5 1297.28 746.8
385.25 509.89 634.68 860.18 1046.89 955.31
884.89 1269.41 1527.62 3500.66 2765.99 2431.94
951.98 1381.07 1644.41 3264.39 2965.76 2616.32
984.85 1431.65 2059.93 3118.21 3426.5 2397.2
129.43 191.74 134.02 1463.61 424.51 235.19
633.38 988.24 1059.6 3934.24 2244.63 1778.36
898.66 1268.51 1558.72 2875.27 2726.5 2451.02
908.8 1303.29 1756.59 3214.98 3174.37 2443.79
1087.58 1531.73 2018.15 2845.53 3406.44 2931.22
772.57 1139.41 1347.07 3490.97 2631.2 2209.11
941.02 1357.94 2081.7 3193.91 2836.31 1653.41
1111.9 1557.28 1991.83 2766.41 3336.8 3060.62
971.79 1398.52 2033.5 3030.9 2943.1 2041.89
1039.92 1476.12 1865.21 3132.8 3149.76 2766.92
641.37 941.94 1114.39 3475.04 2208.31 1830.19
992.34 1394.67 1791.67 2711.66 3143.04 2767.6
1048.26 1464.18 1883.4 2645.36 3240.91 2920.31
961.31 1353.48 1737.59 2844.95 2989.05 2602.0
1032.41 1449.65 1908.63 2719.0 3203.36 2771.7
1055.13 1484.33 1874.94 2875.02 3212.74 2932.96
1128.51 1590.92 1981.55 3079.53 3323.54 3042.57
296.03 381.66 467.29 622.05 750.4 687.88
397.01 677.36 522.93 4740.24 1498.27 878.92
1001.46 1479.7 2164.28 3151.28 3012.62 2058.27
991.93 1376.14 1727.46 2360.72 2852.0 2665.92
898.48 1267.66 1797.39 2780.32 2615.99 1862.24
384.74 551.65 632.71 2067.24 1279.23 1028.56
972.29 1357.35 1775.26 2537.42 2973.72 2592.2
142.21 218.55 160.63 1756.59 492.41 290.0
649.41 889.42 1129.42 1563.17 1922.89 1747.66
1137.66 1586.55 1991.96 2762.5 3306.24 3085.21
789.74 1107.34 1451.2 2049.07 2402.99 2049.13
1087.11 1524.68 1901.03 2975.19 3205.5 2960.08
1017.96 1467.94 2109.1 3206.66 3255.7 2252.52
673.06 997.23 1180.1 3442.55 2435.16 1963.37
689.83 947.5 1205.16 1670.82 2057.01 1868.88
1058.61 1483.52 1886.34 2696.8 3202.2 2941.09
670.57 919.82 1169.07 1619.52 1993.1 1811.11
974.64 1447.65 2131.68 3121.84 2883.63 1912.22
428.37 641.21 717.29 2651.19 1558.4 1204.84
1199.87 1675.58 2106.94 2938.5 3504.31 3267.47
635.42 961.9 1096.56 3629.37 2354.49 1863.0
248.23 312.98 377.73 494.75 591.8 544.53
1108.45 1554.38 2007.44 2786.49 3386.8 3046.0
375.43 496.01 612.82 815.14 983.47 913.33
286.18 544.49 291.34 5114.88 1197.42 524.78
1151.67 1629.88 2132.87 2976.25 3364.17 2937.91
506.9 684.64 862.39 1183.63 1450.04 1320.26
410.8 669.78 682.94 4141.37 1780.98 1232.06
896.36 1298.22 1534.13 3500.77 2791.35 2409.58
1083.02 1531.29 2005.05 2884.58 3221.69 2759.61
1030.28 1441.13 1847.22 2684.24 3204.13 2883.01
642.16 961.7 1094.83 3757.64 2298.29 1849.2
705.06 984.07 1307.53 1903.4 2102.35 1699.88
1051.06 1483.31 1983.7 2827.49 3424.42 2840.92
816.62 1163.25 1450.7 3048.91 2693.12 2332.43
953.63 1332.01 1685.28 2435.75 2851.3 2617.46
145.62 329.16 133.2 4594.87 970.7 417.81
247.07 490.64 362.7 4565.5 1513.78 845.71
969.71 1350.47 1719.31 2358.17 2889.71 2668.24
754.35 1060.97 1292.19 2321.02 2246.84 2024.53
996.1 1432.99 1954.01 2975.1 2674.08 2047.89
445.61 615.8 841.65 1221.15 1355.78 1017.44
632.05 953.08 1122.65 3347.5 2331.19 1871.71
308.7 560.85 534.88 3960.61 1610.81 1034.18
304.04 573.86 540.81 4496.8 1598.79 842.81
1045.84 1453.27 1825.82 2497.35 3018.33 2821.0
745.18 1126.52 1428.9 4101.36 2816.48 1816.25
761.28 1053.52 1379.71 1979.27 2146.03 1825.51
880.73 1254.8 1561.19 3126.2 2810.22 2485.08
813.12 1120.29 1401.18 1907.48 2300.27 2151.49
829.62 1226.58 1716.2 3478.58 3091.64 2030.63
444.98 624.27 859.65 1344.24 1010.05 669.33
1197.06 1671.54 2120.75 2933.47 3486.38 3210.03
1067.64 1499.75 1992.6 2874.51 3184.33 2700.34
1156.79 1637.08 2145.01 2992.2 3391.85 2957.01
713.59 1122.91 1211.67 4160.21 2416.9 1718.38
492.5 661.57 816.17 1094.84 1311.03 1229.14
1050.28 1479.58 1838.37 3127.69 3158.97 2882.66
352.02 605.21 515.53 4556.39 1554.8 983.29
1034.64 1453.48 1904.02 2705.6 3249.07 2827.89
933.15 1333.17 1951.94 2921.27 2801.76 1889.52
1150.09 1612.6 2075.81 3000.73 3354.16 2969.7
830.06 1214.53 1596.92 3431.05 2662.02 1980.4
464.7 764.31 758.88 4252.1 1964.04 1388.81
1043.51 1474.33 1934.91 2900.4 3185.85 2750.03
998.67 1452.78 2088.6 3152.31 3455.5 2422.47
1002.74 1440.81 2010.54 2984.19 3378.6 2548.67
729.08 1041.33 1310.43 2647.4 2140.41 1728.67
437.65 585.48 728.67 976.71 1183.07 1097.08
863.96 1256.42 1511.72 3345.72 2787.63 2422.21
987.92 1424.15 1950.94 2989.78 2628.17 1977.99
114.82 121.31 127.6 138.48 147.54 143.77
339.38 442.49 536.77 706.73 838.58 788.63
964.73 1365.14 1770.02 2901.06 3166.93 2688.9
169.41 254.54 242.04 1975.22 672.01 440.01
446.19 685.35 644.37 2922.33 1353.34 1013.56
274.18 496.99 429.38 4408.84 1474.33 869.83
337.42 605.48 399.08 4932.82 1338.22 689.99
1015.03 1464.57 2108.8 3211.01 3251.54 2236.71
1199.55 1676.24 2126.44 2931.95 3530.33 3246.73
535.87 876.47 900.39 4189.28 2061.56 1493.49
645.51 978.45 1142.78 3459.07 2342.3 1896.95
334.55 552.2 536.57 4175.76 1410.24 983.13
566.27 776.03 1005.37 1409.27 1591.48 1361.57
651.45 1036.03 1025.33 4002.62 2263.48 1752.21
774.03 1109.22 1625.48 2468.51 2733.33 1797.88
403.07 652.15 631.45 4025.65 1622.12 1139.96
698.55 997.19 1212.19 2622.21 2178.02 1818.64
1021.39 1435.13 1864.98 2755.21 3091.53 2676.27
974.98 1407.58 2064.3 3140.29 3498.35 2328.5
1021.43 1424.83 1815.6 2492.46 3055.6 2820.96
981.71 1400.17 2083.57 3161.61 2930.01 1875.4
189.56 420.85 254.02 4704.14 1389.27 695.05
237.07 296.95 356.83 465.05 554.79 511.07
979.8 1373.62 1786.34 2551.73 2944.68 2586.81
752.93 1162.24 1314.2 3804.63 2318.69 1739.57
1005.91 1414.5 1790.33 2682.73 3040.37 2762.91
284.67 413.8 400.79 1408.63 789.42 633.19
961.72 1340.52 1713.85 2458.14 2969.57 2686.91
977.64 1400.45 1901.86 2889.13 2702.56 2101.44
1031.27 1441.42 1853.97 2675.76 3204.29 2877.59
709.82 1035.88 1222.79 3496.88 2397.36 1996.2
652.62 935.57 1110.85 2806.72 2087.29 1782.7
987.28 1393.58 1785.31 2802.77 3118.36 2750.2
1104.17 1549.73 2009.64 2798.62 3390.84 3022.41
236.8 411.06 368.76 4350.04 1320.0 787.68
1012.46 1436.86 1938.68 2814.74 3244.83 2653.06
134.57 149.67 164.78 192.07 214.7 203.68
491.59 663.03 829.1 1116.75 1356.07 1256.36
874.81 1227.2 1642.55 2351.52 2812.05 2280.26
1021.21 1463.81 2005.87 2868.83 3128.12 2511.25
1121.08 1585.25 1939.49 3213.91 3300.53 3015.16
587.91 801.05 1014.19 1399.38 1718.83 1563.21
975.16 1403.92 1897.08 2983.32 3025.95 2418.49
640.69 965.06 1114.18 3659.57 2348.43 1868.17
262.25 333.12 404.0 532.09 638.32 586.57
958.99 1373.09 1746.25 3266.53 2971.62 2559.53
936.11 1319.4 1667.65 2866.24 2958.71 2632.91
967.89 1347.01 1726.14 2411.32 2979.55 2702.74
1067.17 1494.59 1930.92 2705.91 3148.19 2785.63
987.41 1432.82 2105.97 3252.02 3212.36 2087.77
170.46 201.24 232.02 287.64 333.77 311.3
218.69 377.77 297.65 2990.22 901.1 525.23
139.03 174.18 173.78 839.8 351.72 260.82
543.97 830.6 995.25 3167.98 1925.84 1425.97
209.0 404.05 261.64 4340.29 1153.08 635.15
832.28 1152.88 1463.43 2001.34 2448.89 2262.41
336.4 443.18 557.46 760.55 862.43 751.63
106.06 108.71 111.36 116.14 120.11 118.18
969.68 1349.59 1729.5 2416.09 2985.5 2708.12
1088.78 1525.8 1936.87 2756.74 3279.77 3015.81
764.12 1142.1 1428.39 3573.71 2687.09 2069.4
563.35 864.25 940.83 3320.79 1987.85 1572.78
846.61 1230.28 1547.42 3406.02 2760.63 2226.93
908.22 1326.82 1814.8 3666.26 3360.37 2364.92
975.71 1353.3 1697.71 2329.14 2803.67 2619.62
902.21 1309.03 1977.71 3010.64 2719.69 1671.29
1021.39 1476.4 2018.64 3054.08 3099.31 2451.89
484.83 666.96 888.46 1293.56 1351.63 1043.3
1052.92 1508.12 2112.68 3154.74 3305.29 2441.04
372.21 588.24 618.73 4105.15 1634.71 1144.09
1013.01 1432.0 1891.18 2762.48 2971.1 2515.69
982.57 1418.33 2003.56 3094.73 2993.32 2007.59
807.81 1221.64 1340.27 3702.27 2616.7 2190.98
959.6 1362.15 1877.23 3021.78 2947.47 2244.3
890.24 1233.74 1565.3 2167.01 2520.25 2302.05
898.29 1288.65 1573.48 3252.38 2851.19 2501.47
961.88 1368.52 1700.71 3109.46 2992.32 2658.18
1097.84 1580.78 2160.98 3149.92 3632.12 2879.51
972.84 1406.26 1997.49 3106.1 2977.56 1955.6
1028.93 1479.3 1842.79 3284.0 2978.01 2496.85
412.45 553.15 703.68 1020.73 1107.24 937.89
1204.14 1681.36 2126.77 2932.26 3520.66 3255.73
1097.65 1534.43 1957.53 2690.37 3300.1 3046.05
495.97 768.25 850.49 3597.59 1997.26 1482.24
478.41 768.06 855.72 4325.4 1875.65 1209.62
1027.14 1447.5 1936.16 2785.5 3327.07 2759.92
1163.07 1626.61 2038.2 2907.79 3400.18 3163.07
666.41 913.84 1161.27 1608.43 1979.27 1798.62
1104.42 1548.32 2013.66 2805.6 3320.23 2959.37
871.67 1292.11 1453.75 3974.2 2658.34 2173.59
966.33 1339.51 1680.74 2295.83 2773.01 2592.26
417.96 647.8 730.16 3965.5 1763.64 1224.91
1067.19 1512.95 2016.52 2876.71 3332.37 2807.22
1089.35 1516.94 1911.48 2619.12 3156.52 2939.33
996.55 1393.21 1773.84 2507.71 2990.4 2743.8
768.25 1151.52 1259.28 3853.12 2488.14 2010.65
955.74 1329.57 1703.39 2378.98 2939.26 2666.33
1050.18 1477.96 1930.25 2707.3 3216.47 2827.23
989.37 1419.55 1974.77 2928.35 3240.42 2471.05
1017.88 1471.37 2158.92 3392.05 3878.32 2597.26
908.2 1290.39 1901.13 2863.33 2681.62 1760.36
115.81 269.85 127.81 4583.64 861.26 387.98
609.48 865.04 1186.43 1835.15 1531.34 1099.89
977.62 1410.74 1993.14 2986.18 3238.18 2378.41
704.04 1037.96 1221.82 3527.65 2417.69 1950.46
184.58 377.62 209.77 4497.0 1071.65 528.98
1090.14 1532.35 1983.82 2745.06 3278.22 2950.42
1045.07 1513.61 2104.93 3094.45 3569.67 2755.02
1112.07 1574.26 2128.09 3070.44 3675.45 2942.88
1105.3 1562.92 2100.44 3000.15 3259.77 2696.44
646.45 1007.71 1112.24 3919.93 2315.48 1797.59
1188.45 1662.06 2124.89 2942.43 3470.63 3156.0
1008.12 1433.07 2012.39 3101.14 2705.46 1933.65
1096.28 1544.59 1983.86 2982.04 3265.3 2855.78
578.05 957.02 867.92 4255.42 2081.42 1531.79
343.47 551.46 580.33 3898.23 1560.01 1082.37
947.72 1318.86 1678.37 2301.08 2819.18 2603.31
652.06 962.19 1300.19 2545.28 1948.36 1352.16
1209.68 1688.0 2126.19 2915.71 3526.53 3291.8
1009.4 1445.84 1959.45 2989.42 2992.49 2277.84
1002.77 1508.96 2265.23 3336.96 3210.98 2132.83
1014.41 1421.41 1815.51 2691.09 3173.59 2857.27
211.59 426.42 321.92 4471.25 1431.34 754.31
884.06 1267.05 1533.17 3402.93 2803.48 2449.21
799.17 1203.84 1431.76 4043.44 2692.16 2009.47
689.39 993.19 1255.6 2857.75 2249.78 1820.76
999.25 1462.9 2101.92 3051.08 3033.58 2177.19
1062.85 1525.04 2080.43 2945.72 3198.72 2600.94
315.86 553.48 456.88 4441.73 1459.81 891.99
675.9 927.47 1179.05 1633.7 2010.77 1827.08
920.9 1321.22 1755.31 3237.83 2679.52 2056.37
1115.59 1562.07 2002.98 2765.85 3379.02 3086.24
141.48 363.53 161.15 4843.9 1282.66 566.49
300.31 550.45 519.73 3973.11 1592.59 1012.68
476.55 641.41 801.1 1077.71 1307.84 1211.95
1043.05 1458.49 1892.87 2683.96 3247.69 2871.2
1016.31 1450.43 1970.29 3015.54 2783.83 2066.09
950.31 1377.6 2039.42 3127.58 2970.26 1944.38
867.77 1265.67 1491.4 3597.57 2706.08 2272.33
423.7 723.68 624.25 4297.26 1456.75 780.53
993.77 1438.1 2093.53 3209.2 3218.41 2155.9
496.22 694.58 968.98 1483.34 1402.37 917.76
1204.34 1681.86 2126.59 2925.1 3514.72 3259.0
1026.92 1436.03 1832.91 2673.05 3185.82 2876.34
566.32 770.48 968.24 1310.79 1595.79 1477.04
903.12 1260.48 1606.7 2373.54 2798.96 2521.48
1014.99 1454.66 2009.67 3032.35 3084.31 2248.94
1103.9 1551.97 2027.2 2857.34 3458.49 3029.12
1017.06 1420.53 1824.4 2518.16 3043.24 2770.29
1009.4 1450.89 2087.31 3137.35 3520.16 2448.59
1016.34 1417.52 1806.13 2479.25 3039.29 2805.94
961.06 1362.95 1678.04 3243.1 2953.73 2652.98
984.8 1434.23 2007.59 3207.15 2835.27 1871.25
615.27 874.25 1203.63 1705.39 1792.56 1404.3
783.7 1082.37 1381.03 1920.8 2368.44 2150.37
773.6 1092.44 1347.19 2385.97 2322.99 2066.35
990.57 1411.32 1728.02 3270.75 3065.3 2734.45
400.88 530.49 649.0 862.62 1028.35 965.57
312.54 404.09 487.81 638.71 755.78 711.43
718.78 1047.57 1238.96 3486.56 2417.59 2019.45
846.48 1206.13 1726.69 2586.41 3082.84 2171.94
362.36 475.38 578.72 764.99 909.5 854.76
706.05 996.08 1333.87 2273.73 1964.69 1510.72
993.84 1422.91 1967.78 2906.34 3241.27 2506.31
512.45 789.08 822.26 3757.55 1835.97 1394.85
527.78 808.85 872.14 3756.59 1936.33 1488.71
204.52 275.44 277.06 1018.29 519.54 391.18
916.85 1305.7 1590.19 3286.7 2799.31 2510.83
1189.22 1661.23 2088.07 2947.96 3478.61 3240.37
783.06 1116.74 1477.17 2315.4 2347.81 1942.91
695.97 968.21 1264.18 1823.52 1984.01 1696.99
182.87 353.21 265.73 3611.83 1152.03 607.04
979.86 1451.94 2127.02 3108.61 2901.16 1955.12
437.95 585.58 733.22 1000.02 1221.29 1113.5
1045.02 1460.56 1881.5 2647.83 3214.2 2890.68
1111.46 1558.78 2002.02 2784.56 3336.49 3025.73
828.18 1192.23 1451.52 3365.57 2674.07 2322.61
657.9 978.95 1155.57 3583.37 2286.34 1760.41
1095.05 1538.53 2006.65 2799.68 3299.89 2928.38
910.13 1259.1 1578.2 2153.37 2599.6 2430.58
1123.17 1563.91 1966.92 2693.36 3256.93 3043.47
732.88 1009.96 1278.36 1743.25 2130.05 1968.88
652.7 965.71 1230.96 3676.27 2284.97 1613.84
892.26 1254.61 1679.63 2395.84 2823.84 2327.43
168.9 266.7 240.5 2260.72 775.37 459.62
753.2 1140.17 1609.41 3408.88 2755.61 1762.09
787.53 1157.81 1375.14 3459.2 2663.13 2248.0
683.62 999.36 1187.83 3501.84 2357.11 1947.61
1011.56 1416.76 1827.67 2566.25 2976.65 2654.75
996.69 1466.52 2119.14 3207.89 3620.98 2566.31
924.95 1313.37 1866.58 3144.19 2711.46 1859.53
1048.36 1464.02 1885.11 2644.44 3250.8 2928.29
895.57 1310.56 1514.13 3611.2 2783.0 2383.66
425.5 565.71 693.92 925.02 1104.31 1036.4
681.55 960.54 1289.28 1934.71 1833.72 1444.95
1029.12 1446.78 1913.98 2735.61 3194.28 2738.59
309.56 451.85 466.43 2004.38 990.17 759.79
1005.6 1458.07 1706.89 3452.86 3044.67 2707.65
832.18 1196.07 1532.1 3154.69 2611.22 2078.28
1201.69 1678.03 2109.74 2940.12 3507.82 3272.01
572.25 837.49 984.26 2764.5 1957.82 1608.99
1084.09 1579.71 2212.28 3174.33 3335.35 2586.06
204.87 250.79 295.26 372.3 436.4 409.69
606.09 832.73 1096.78 1571.05 1711.66 1440.45
1120.1 1566.9 2000.88 2753.11 3370.24 3106.74
1078.07 1534.55 2127.78 3122.13 3724.59 2821.72
902.45 1326.23 1915.08 2787.1 2851.04 2073.82
812.48 1229.52 1487.35 3843.99 2559.04 1824.54
651.33 1016.69 1071.37 4077.03 2259.87 1796.16
394.26 522.81 651.36 883.67 1076.34 982.48
131.29 144.78 157.1 179.32 196.56 190.03
706.03 974.01 1251.8 1756.33 2109.6 1870.08
821.75 1137.74 1443.84 1974.02 2415.13 2231.33
1026.26 1449.57 1965.62 2907.25 2902.27 2329.28
235.91 472.2 397.8 4116.66 1446.17 839.98
992.24 1413.47 1897.45 2836.85 2813.41 2272.44
98.28 234.44 129.31 4338.34 972.84 434.59
1206.06 1683.86 2117.8 2930.77 3517.54 3283.09
487.82 657.86 824.69 1112.81 1343.89 1238.84
892.89 1316.34 1622.54 3606.38 2704.88 2066.94
512.11 809.25 904.38 4030.2 2143.3 1490.48
1068.52 1485.72 1867.2 2554.83 3088.3 2886.24
971.81 1365.04 1783.07 2500.9 2963.68 2597.47
132.31 146.46 160.16 183.9 203.65 195.42
1144.72 1604.28 2005.3 3038.25 3373.65 3120.66
377.68 596.45 618.02 4184.95 1632.42 1143.48
581.28 811.86 994.22 1953.58 1748.47 1552.98
1200.15 1674.07 2107.38 2889.21 3494.59 3264.96
1039.09 1449.91 1859.31 2616.17 3218.5 2916.84
851.53 1175.26 1471.28 2004.85 2418.81 2262.01
986.39 1431.65 2105.86 3253.54 3210.91 2082.26
628.35 952.55 1060.2 3958.63 2243.92 1798.89
461.18 707.92 793.22 3781.34 1824.04 1385.17
1011.58 1411.69 1819.32 2553.68 3130.36 2811.9
162.44 375.22 163.54 4724.47 1076.07 490.73
863.36 1192.18 1492.85 2034.82 2455.28 2296.02
990.84 1380.85 1758.65 2413.03 2957.48 2730.63
1113.43 1557.11 1986.9 2731.34 3350.71 3092.64
873.81 1252.56 1511.61 3432.22 2707.35 2400.91
241.09 456.16 403.49 3895.12 1396.17 710.36
772.12 1065.73 1359.34 1889.97 2330.03 2115.66
1114.0 1560.85 2006.09 2776.21 3366.38 3062.22
888.37 1227.97 1538.5 2098.23 2532.47 2367.99
397.76 601.18 634.22 2347.97 1316.27 1041.48
1018.07 1433.35 1936.8 2790.52 3131.61 2575.97
164.06 330.96 220.11 4462.11 989.2 523.35
887.54 1278.5 1726.59 3146.7 2515.55 1784.29
1046.1 1460.04 1873.47 2637.59 3242.6 2937.34
241.22 309.12 391.54 523.88 561.19 468.39
1061.29 1495.18 1993.06 2890.43 3059.89 2568.31
770.47 1075.13 1403.28 2020.55 2232.1 1922.29
372.52 609.05 585.66 4412.53 1567.73 1073.84
902.93 1248.8 1565.06 2135.13 2577.39 2409.87
1032.95 1442.34 1802.34 2660.29 3015.54 2792.72
1105.27 1548.83 1970.76 2779.74 3336.87 3071.49
706.06 1048.9 1465.45 3657.33 2352.8 1416.59
385.18 508.03 620.35 822.83 979.91 920.41
710.37 1051.77 1429.33 3399.73 2346.71 1535.18
629.09 869.25 1087.1 1737.74 1851.54 1683.42
883.82 1265.01 1560.28 3344.91 2762.78 2391.39
540.48 733.32 920.13 1243.69 1512.9 1400.73
982.5 1389.9 1731.3 2923.02 3069.0 2724.2
355.06 538.24 504.99 2329.53 1080.55 791.54
567.62 891.93 1002.68 3895.06 2121.81 1538.35
1085.53 1526.13 2019.87 2931.04 3047.19 2564.22
756.64 1043.48 1330.33 1848.72 2278.65 2069.21
1042.6 1456.82 1870.04 2606.16 3056.85 2738.43
1168.2 1642.04 2107.62 2980.31 3394.18 3015.44
1036.88 1440.44 1809.46 2474.63 2990.67 2795.21
943.44 1350.3 1651.48 2997.0 2987.7 2629.01
930.67 1288.48 1615.66 2205.42 2662.96 2489.66
950.0 1343.08 1846.01 2777.35 2983.78 2278.01
649.83 886.68 1103.25 1493.62 1796.47 1681.76
1024.73 1445.76 1918.48 2785.93 3162.12 2623.65
625.85 855.57 1085.28 1500.43 1844.72 1677.0
853.85 1246.88 1470.64 3562.66 2778.8 2384.82
946.2 1349.51 1651.32 3080.61 2970.59 2603.3
1199.29 1674.67 2103.99 2926.51 3495.6 3260.72
221.07 376.27 317.26 3532.17 1041.5 626.94
709.52 1050.64 1377.01 3479.67 2419.62 1645.46
1095.11 1536.42 1997.56 2811.46 3238.36 2877.94
834.3 1166.8 1424.12 2311.17 2398.95 2197.6
609.71 898.51 1049.44 2822.52 2033.74 1702.29
1026.8 1442.97 1949.17 2810.64 3142.59 2584.19
1096.35 1541.09 1982.13 2819.75 3324.35 3013.28
1038.5 1450.47 1860.5 2655.91 3225.08 2915.81
846.65 1180.41 1499.26 2288.01 2619.57 2352.42
1157.57 1613.12 2029.68 2780.54 3363.05 3142.41
950.04 1340.79 1688.38 2873.65 3013.06 2668.48
391.66 670.88 632.19 4299.91 1818.07 1218.79
1073.15 1570.2 2219.4 3196.19 3318.63 2525.13
187.1 337.48 289.68 3576.07 1130.92 605.78
788.37 1084.89 1356.02 1844.75 2223.91 2080.3
750.45 1034.6 1318.74 1832.25 2258.13 2050.67
899.76 1263.74 1693.99 2427.99 2903.81 2349.78
311.21 402.19 485.38 635.33 751.66 707.6
934.05 1302.28 1652.91 2358.43 2790.27 2568.04
504.76 679.11 838.54 1125.91 1348.86 1264.41
982.48 1382.63 1742.5 2698.15 3062.0 2746.36
940.55 1345.09 1829.3 3050.27 3245.78 2458.03
1114.03 1558.24 1988.09 2740.99 3354.31 3095.07
1047.01 1483.96 2017.12 2889.8 3160.82 2582.84
1031.64 1473.05 1992.1 2839.76 3232.73 2690.45
314.43 676.15 325.31 5222.44 1410.54 667.44
968.96 1401.01 2052.59 3127.94 3014.53 2030.39
1002.71 1453.96 2071.12 3116.06 3300.86 2359.88
444.4 598.97 766.03 1071.11 1241.22 1072.55
236.29 295.96 353.76 453.87 537.16 502.46
822.65 1201.86 1451.28 3387.37 2734.95 2310.27
1049.28 1464.62 1883.06 2637.71 3259.39 2943.63
429.46 663.48 729.17 2834.99 1595.74 1222.52
1039.61 1456.1 1888.84 2691.9 3160.37 2780.23
569.06 804.42 955.63 2294.18 1708.44 1504.25
716.0 1027.68 1190.19 2446.74 2112.41 1873.92
1077.79 1516.72 2033.99 2893.32 3232.25 2709.37
372.89 686.59 667.41 4687.51 1870.99 991.44
795.49 1095.07 1369.02 1862.8 2245.88 2100.78
682.06 932.78 1162.04 1575.29 1895.89 1774.46
329.0 595.32 381.56 4960.05 1315.59 663.28
209.25 434.11 252.6 4639.87 1186.25 617.62
606.82 933.66 981.86 4202.87 2170.36 1662.42
1008.83 1417.17 1807.14 2774.22 3155.51 2804.59
888.41 1232.83 1577.24 2199.67 2715.88 2464.41
1016.18 1426.03 1863.12 2729.79 3155.41 2753.41
399.78 629.41 731.56 4219.61 1697.81 1059.62
1124.76 1615.1 2185.8 3092.97 3397.57 2812.78
862.8 1220.77 1558.07 2638.58 2592.01 2254.9
654.85 983.27 1130.04 3836.57 2334.15 1842.44
1004.71 1429.28 1740.08 3313.31 3054.65 2740.81
872.12 1271.49 1677.46 3368.49 3135.97 2364.73
1115.08 1560.79 2000.21 2764.81 3343.78 3060.84
1038.47 1448.54 1859.4 2601.45 3213.47 2911.82
566.01 769.59 973.16 1341.07 1646.19 1497.55
1005.88 1448.34 2072.86 3142.91 3204.69 2238.5
631.05 863.55 1088.76 1478.86 1803.41 1668.18
1036.98 1448.25 1858.16 2636.81 3219.64 2909.39
387.3 512.8 638.3 865.12 1053.22 961.59
1185.25 1657.69 2098.09 2952.7 3479.17 3201.08
185.08 274.41 255.67 1511.75 651.62 443.77
1035.88 1498.01 2077.0 2966.66 3089.24 2415.52
863.17 1229.19 1729.47 2567.25 2605.41 1927.88
705.93 1034.91 1205.13 3687.22 2298.5 1955.11
359.22 600.84 590.23 4169.41 1675.4 1101.54
988.4 1403.59 1761.66 2948.46 3087.01 2775.32
1047.35 1510.95 2117.62 3146.74 3494.86 2588.51
1016.64 1418.57 1817.11 2581.45 3148.59 2851.2
984.64 1378.82 1783.41 2494.99 2946.3 2614.9
1198.49 1674.78 2120.5 2920.56 3510.04 3243.31
814.93 1135.32 1441.21 2163.03 2422.83 2191.06
1030.63 1513.88 2181.59 3160.58 3073.9 2175.59
948.17 1332.3 1753.21 2561.35 2784.84 2332.34
1174.43 1649.92 2126.4 2970.58 3522.75 3136.89
906.73 1289.35 1606.94 3053.41 2881.2 2548.48
953.46 1366.64 1826.09 2948.2 2711.5 2145.19
558.59 781.73 966.95 2037.23 1702.11 1468.68
652.07 1049.4 1011.69 4175.33 2239.61 1731.47
1027.82 1438.3 1833.35 2590.51 3099.58 2835.42
1065.14 1502.92 1961.86 2891.39 3330.79 2872.29
1118.87 1564.94 1997.03 2745.47 3368.16 3108.71
1110.78 1554.55 1981.85 2762.47 3348.8 3086.81
1150.18 1631.31 2146.32 3043.82 3585.76 3071.83
457.11 610.94 751.6 1005.14 1201.84 1127.34
550.46 846.25 984.56 4028.21 1853.21 1300.91
520.04 700.98 866.43 1164.65 1396.01 1308.38
1111.5 1556.6 1981.27 2782.69 3350.33 3085.18
1176.54 1646.82 2074.08 2990.92 3458.47 3181.82
541.26 734.44 921.58 1245.72 1515.4 1403.03
736.98 1075.45 1385.06 3706.48 2434.88 1815.65
104.49 106.45 108.41 111.95 114.89 113.46
785.57 1169.7 1565.48 3319.26 2758.45 1999.41
510.99 690.53 870.07 1194.54 1463.63 1332.54
747.91 1111.36 1342.55 3307.51 2505.51 1923.18
1074.86 1516.59 1879.48 3144.74 3229.09 2942.4
902.3 1286.04 1852.41 2923.58 2353.48 1528.26
135.54 299.24 169.68 4095.94 1034.78 460.39
945.83 1363.32 2077.16 3176.54 2852.36 1700.34
1044.29 1459.05 1878.26 2641.71 3225.88 2900.26
989.61 1389.5 1835.96 2593.77 2884.19 2458.63
904.43 1314.55 1900.86 2890.24 3036.15 2095.17
879.95 1221.41 1552.18 2125.11 2601.79 2403.17
1042.15 1475.6 1889.13 3145.97 3131.77 2728.86
999.93 1444.14 2035.92 3033.85 3279.08 2422.52
544.99 915.27 738.78 5085.55 1840.33 1216.8
489.84 775.7 835.66 3944.92 2026.03 1476.6
1036.9 1453.77 1891.15 2708.06 3136.44 2736.15
691.16 1038.16 1356.61 3595.09 2515.43 1722.36
875.16 1310.87 1440.14 3790.55 2737.33 2333.95
814.61 1137.67 1466.48 2212.95 2547.46 2220.11
402.12 532.26 651.26 865.76 1032.17 969.14
841.63 1211.95 1726.38 2822.03 2616.44 1845.8
215.75 429.74 330.99 4428.34 1444.17 767.61
287.5 368.27 442.13 575.25 678.53 639.41
935.25 1349.66 1822.94 3328.22 3008.82 2260.27
621.29 875.02 1113.15 2251.57 1921.03 1597.42
296.6 427.03 476.2 1703.14 1009.56 769.4
679.84 1001.34 1185.36 3269.02 2356.62 1944.61
855.56 1276.46 1386.08 4076.55 2627.52 2186.29
403.02 535.68 664.19 886.78 1071.97 994.81
1134.43 1587.03 2035.92 2830.13 3412.6 3057.52
365.07 481.13 593.54 788.26 950.26 882.76
792.9 1096.26 1390.11 1899.1 2322.58 2146.13
657.1 897.07 1116.51 1512.04 1818.89 1702.66
607.45 936.12 1056.76 3660.59 2239.74 1775.98
937.26 1349.6 1882.57 3028.37 2449.19 1570.63
1044.67 1458.13 1870.14 2638.73 3239.49 2934.79
826.35 1144.35 1452.39 1985.95 2429.88 2244.91
498.7 786.83 852.02 3928.16 2044.97 1499.6
979.56 1441.8 2086.42 3042.69 2925.71 2045.16
689.05 1057.68 1379.27 3752.64 2656.42 1768.9
840.51 1208.4 1500.38 2989.64 2790.46 2409.02
426.54 569.18 711.82 969.61 1183.41 1079.26
988.81 1424.5 2068.84 3124.97 3499.37 2387.94
488.01 849.0 620.02 5270.67 1695.91 1038.92
194.43 235.77 275.82 345.19 402.9 378.85
445.4 628.55 808.05 1853.5 1376.89 1040.06
257.09 470.6 347.55 4377.64 1246.79 727.35
787.04 1164.04 1347.83 3682.82 2638.48 2214.28
485.85 652.05 804.03 1077.97 1290.5 1210.0
1115.42 1561.2 2000.26 2764.02 3345.57 3063.94
798.89 1173.59 1423.08 3441.85 2628.35 2152.83
874.04 1241.21 1582.58 3028.47 2825.22 2393.73
833.06 1181.64 1561.99 2789.9 2637.84 2143.18
909.14 1275.47 1721.49 2476.82 2771.59 2275.96
926.64 1308.22 1646.95 2923.54 2950.7 2611.84
197.23 419.77 205.91 5043.47 1254.91 565.07
962.11 1378.96 1983.3 2951.63 2946.71 2104.37
1000.88 1395.62 1800.05 2533.0 3083.01 2765.15
1023.43 1474.22 2109.66 3198.54 3263.46 2282.01
127.92 139.95 150.94 170.77 186.14 180.32
810.57 1141.29 1417.37 2417.08 2460.86 2219.92
770.62 1132.07 1509.16 3536.99 2767.44 1973.17
479.03 771.86 692.82 4287.83 1673.36 1131.46
988.39 1383.07 1792.59 2547.68 2909.56 2587.5
135.08 150.41 165.74 193.44 216.41 205.22
266.59 338.35 403.96 522.24 614.0 579.24
517.3 787.98 873.61 3897.61 1950.87 1493.02
299.02 386.16 470.56 616.76 738.39 687.71
978.19 1422.19 2104.86 3265.31 3199.23 2038.44
408.21 540.98 662.38 881.2 1050.97 986.66
481.95 646.48 796.93 1068.11 1278.49 1198.81
1209.08 1687.58 2127.66 2921.47 3524.09 3281.69
1106.14 1552.8 2005.29 2785.71 3363.23 3030.02
714.33 983.29 1243.82 1695.09 2070.55 1914.11
774.31 1094.41 1464.46 2099.73 2433.53 1989.03
1044.93 1460.58 1888.25 2655.63 3237.99 2897.94
995.21 1438.92 1979.91 3069.25 2569.84 1874.23
1023.17 1431.64 1842.13 2698.45 3204.12 2862.27
992.21 1396.66 1921.28 2894.66 2985.51 2322.9
998.17 1404.04 1884.18 2771.08 2921.83 2403.94
310.19 536.59 600.48 4212.6 1610.23 826.77
1035.92 1457.74 1918.6 2734.88 3289.35 2830.09
1088.49 1531.92 2009.46 2825.23 3298.9 2890.63
581.51 795.44 1012.07 1400.99 1620.35 1451.9
957.4 1333.48 1717.27 2427.3 2942.41 2639.79
1075.33 1519.17 2004.73 2872.22 3249.76 2741.88
890.88 1270.45 1752.25 2582.24 2879.09 2229.66
289.23 525.94 397.73 4675.97 1410.52 814.22
308.31 512.08 498.23 3959.33 1490.95 954.55
280.67 358.49 429.65 557.93 657.44 619.75
682.45 1071.16 1119.05 4551.39 2180.95 1484.83
1009.67 1476.46 2100.4 3033.08 3001.24 2200.12
825.15 1172.28 1685.18 2653.25 2144.64 1398.1
1121.26 1563.17 1982.78 2731.05 3255.22 2997.19
974.01 1397.98 2049.7 3297.36 3213.84 2025.83
1192.46 1668.9 2110.6 2949.03 3500.28 3223.23
201.99 353.58 294.91 3007.05 1045.28 603.46
920.28 1273.62 1596.72 2179.1 2630.92 2459.78
1026.55 1444.9 1899.96 2769.74 3045.14 2567.97
991.59 1402.85 1789.8 2988.03 3073.18 2705.3
519.68 829.81 987.1 3952.9 2057.27 1310.61
280.96 362.93 436.43 617.43 684.86 629.36
900.96 1301.84 1644.94 3534.64 2805.79 2234.34
942.95 1342.78 1683.41 2760.92 2873.5 2502.37
1010.81 1424.05 1823.81 2803.37 3152.37 2787.92
468.54 640.16 855.38 1214.96 1403.0 1114.11
991.83 1426.73 2070.07 3086.97 2971.37 2055.73
1030.69 1448.22 1877.95 2615.9 3165.88 2823.36
335.67 521.9 622.69 3082.57 1405.31 805.63
1101.54 1546.4 2006.06 2795.43 3329.45 2980.7
703.03 1011.23 1232.62 3272.35 2398.95 2011.42
739.89 1021.75 1318.0 1844.24 2220.74 1973.74
957.79 1373.61 2044.02 3093.5 2904.38 1871.86
831.09 1231.3 1639.44 3791.5 3104.57 2091.05
1149.61 1621.25 2098.55 3006.55 3336.09 2895.06
471.17 631.05 777.24 1040.76 1245.21 1167.77
1027.56 1453.51 1941.98 2798.16 3312.11 2758.93
323.51 421.37 516.16 680.35 816.95 760.04
880.74 1232.89 1634.27 2359.21 2681.93 2241.73
461.1 814.41 575.8 5269.02 1642.07 974.18
944.0 1345.98 1661.22 3149.48 2958.69 2627.38
653.88 911.71 1139.79 2115.91 2046.55 1800.6
980.1 1377.55 1749.48 2785.78 3092.46 2762.05
945.0 1319.66 1696.77 2370.67 2773.98 2489.59
737.47 1030.54 1345.43 1883.56 2176.0 1908.87
898.14 1299.55 1575.19 3560.53 2804.83 2386.48
947.29 1324.72 1734.58 2459.26 2982.91 2583.73
272.43 465.27 433.48 4000.66 1409.96 861.47
1163.37 1628.9 2097.61 2932.32 3402.04 3049.06
836.31 1218.49 1427.15 3706.37 2686.47 2315.48
947.24 1390.23 2051.12 3156.96 3237.33 2121.11
755.47 1037.82 1295.99 1761.37 2122.4 1985.65
1042.82 1470.69 1851.11 2910.99 3186.98 2900.77
364.39 478.27 582.41 770.12 915.74 860.58
878.07 1251.28 1750.98 2604.48 2750.21 2039.35
960.42 1343.1 1710.03 2573.5 2984.94 2688.0
980.72 1373.29 1748.2 2655.25 3059.97 2752.9
349.44 472.85 553.59 1217.46 953.62 843.03
1180.27 1646.12 2075.05 2849.06 3437.63 3200.96
209.55 269.4 288.76 693.77 471.65 405.97
1016.07 1435.08 1874.75 2770.37 3186.58 2777.1
881.48 1223.11 1564.91 2185.92 2693.29 2441.69
612.63 853.46 1230.16 1827.7 1723.76 1164.0
794.73 1121.26 1392.93 2340.42 2375.11 2104.52
1116.69 1561.81 1992.98 2739.81 3361.18 3102.28
911.04 1284.88 1724.26 2532.73 2705.95 2213.68
365.65 505.4 716.18 1068.63 1088.66 728.03
621.29 890.81 1202.76 2413.96 2161.31 1558.37
916.93 1273.79 1630.66 2275.6 2810.47 2549.92
971.1 1396.16 2008.4 3029.13 3033.87 2153.84
1030.48 1452.21 1986.76 2960.53 3051.52 2411.52
728.3 1080.06 1253.07 3687.96 2513.69 2065.76
332.96 434.95 533.75 704.87 847.25 787.92
348.11 469.82 553.06 1101.39 959.73 834.17
144.45 307.71 188.07 4537.2 931.42 444.92
638.25 962.0 1109.67 3664.18 2343.22 1861.84
577.9 878.88 1041.41 3918.0 2145.06 1577.46
1046.76 1466.42 1899.79 2667.04 3248.6 2903.35
854.34 1225.7 1528.05 3204.74 2766.55 2305.52
1032.07 1468.88 1932.29 3113.01 3114.28 2514.47
815.84 1174.19 1414.11 3374.78 2636.69 2271.25
1105.87 1541.17 1948.61 2679.1 3228.38 2982.89
375.32 495.59 615.86 833.22 1013.49 925.67
938.01 1338.2 1642.34 3394.21 2867.2 2518.26
1008.76 1405.74 1802.73 2520.17 3115.17 2825.32
996.92 1442.15 2130.66 3374.6 3857.26 2542.05
1203.36 1680.21 2128.52 2930.21 3507.64 3241.91
1016.87 1459.65 2007.06 2873.64 3112.23 2479.98
564.74 827.66 940.32 2854.91 1867.5 1530.46
1177.56 1648.31 2083.8 2983.73 3418.71 3133.16
393.18 534.58 620.29 1169.56 1035.66 929.59
584.62 808.46 1107.53 1600.12 1695.6 1316.79
477.54 652.74 844.35 1208.89 1293.55 1080.11
619.65 901.99 1057.72 2813.7 2053.5 1719.1
1150.84 1608.58 2026.04 2873.04 3352.81 3093.57
335.7 524.46 544.7 3741.71 1461.35 1014.34
895.53 1243.82 1581.2 2165.58 2651.78 2449.2
967.2 1346.86 1714.63 2351.65 2881.65 2660.82
528.22 768.49 882.16 2481.09 1693.01 1422.69
1031.79 1439.26 1845.8 2591.75 3193.25 2894.66
540.31 820.28 925.09 3777.47 2061.12 1581.3
705.56 1021.46 1261.75 3365.31 2459.8 2008.46
562.36 876.88 912.41 3599.14 1940.46 1529.43
813.24 1226.86 1611.95 3488.49 2723.93 2021.31
613.36 908.48 1074.56 3470.43 2204.98 1758.31
770.19 1133.19 1300.1 3759.95 2515.75 2109.33
681.05 934.88 1188.71 1647.44 2027.88 1842.55
1046.88 1474.96 1864.15 2891.2 3216.59 2922.6
739.26 1045.83 1482.18 2202.2 2610.85 1857.39
736.22 1042.17 1307.29 2505.25 2330.48 2006.35
917.71 1323.86 1578.5 3429.52 2846.82 2476.62
716.05 1071.49 1174.66 3896.89 2358.2 1876.1
364.98 559.45 582.93 3195.96 1306.3 994.6
584.43 850.81 1014.55 3256.21 2082.78 1689.22
257.31 346.07 393.31 974.11 725.38 605.8
587.18 812.5 1102.42 1636.9 1548.55 1196.57
1020.64 1442.99 1925.89 2774.46 3246.39 2717.57
1040.7 1464.62 1920.67 2707.17 3211.97 2807.55
1004.88 1448.26 2033.73 3129.34 3040.55 2070.39
1064.2 1500.6 2044.35 2938.05 3187.38 2581.88
936.44 1337.51 1667.4 2991.73 2965.51 2638.94
213.02 377.53 315.84 3431.27 1116.5 639.97
658.39 1042.67 1159.14 4399.71 2158.09 1281.28
1145.07 1603.2 2007.8 3020.09 3378.71 3126.1
211.97 365.1 325.83 3431.0 1135.53 650.71
507.54 688.69 887.32 1222.16 1406.2 1233.55
1095.93 1533.64 1963.58 2727.32 3286.82 3008.96
1041.68 1466.11 1887.06 2887.44 3188.0 2773.14
776.33 1133.12 1428.72 3399.32 2670.55 2126.71
1092.7 1537.27 2015.52 2831.07 3401.63 2959.32
519.43 780.8 899.05 3498.81 2007.23 1534.43
942.7 1322.82 1756.3 2513.32 3013.91 2533.02
1009.66 1429.8 1945.65 2834.07 3140.47 2542.44
1023.51 1421.31 1785.07 2440.74 2949.42 2756.74
981.15 1383.3 1774.06 2805.81 3092.64 2713.55
247.85 318.21 399.9 529.24 585.65 504.97
520.71 760.97 1128.35 1643.79 1562.99 1027.59
793.36 1112.67 1488.86 2134.62 2398.78 1974.1
791.22 1136.11 1391.1 3245.8 2619.92 2241.7
482.59 647.39 798.09 1069.72 1280.46 1200.63
1003.19 1392.25 1748.01 2389.26 2886.75 2698.31
872.48 1205.24 1509.51 2057.96 2483.45 2322.28
804.21 1148.04 1425.57 3032.48 2675.35 2293.69
1202.27 1680.75 2127.85 2929.82 3532.31 3264.73
294.94 380.28 462.95 606.15 725.29 675.65
1006.04 1465.78 2114.77 3204.0 3485.79 2410.27
650.28 890.67 1131.06 1565.49 1925.79 1750.27
931.77 1331.18 1887.64 2880.32 3337.65 2410.56
705.22 1119.1 1092.61 4230.5 2336.91 1847.07
1079.45 1512.43 1921.86 2750.81 3252.7 2984.58
1039.0 1478.72 2030.65 2987.57 3435.57 2674.46
795.16 1137.38 1437.77 3120.45 2628.92 2203.65
279.13 510.11 398.54 4611.38 1392.37 766.24
116.01 123.0 129.99 142.63 153.11 148.01
1027.34 1452.89 1976.52 2873.45 3485.29 2779.41
1103.49 1542.82 1968.4 2705.53 3318.83 3063.29
603.82 845.65 1039.69 2013.97 1872.74 1628.38
1129.66 1607.59 2134.28 2997.31 3303.33 2806.23
114.3 310.32 181.94 4058.9 1145.33 520.07
1119.14 1565.91 2000.45 2755.7 3364.49 3096.36
1025.36 1451.83 1984.91 2894.62 3505.57 2764.66
178.61 355.05 251.44 4445.04 1238.44 621.15
918.1 1339.01 1831.55 3115.31 2861.35 2174.31
1107.91 1549.18 1976.63 2717.02 3333.02 3076.35
889.85 1270.65 1577.36 3016.06 2905.29 2529.47
1052.84 1480.56 1979.94 2819.27 3084.62 2567.36
1049.45 1464.38 1878.86 2632.4 3250.45 2946.97
900.48 1292.41 1686.09 3441.97 2775.9 2185.24
728.94 1024.88 1249.0 2421.47 2197.73 1961.1
560.55 770.33 960.45 1533.04 1663.67 1490.59
990.48 1420.39 1973.03 2922.87 3240.63 2479.83
1003.13 1435.63 1966.42 3048.83 2709.44 1934.1
1025.6 1453.48 1927.75 2845.99 3096.04 2545.66
419.92 557.73 683.74 910.88 1087.1 1020.35
904.62 1293.62 1570.52 3372.57 2849.08 2502.47
703.74 1021.15 1227.37 2927.09 2380.23 2001.76
435.03 713.79 677.49 4547.91 1784.43 1264.97
970.16 1350.29 1730.41 2417.38 2987.11 2709.57
1040.82 1510.57 2110.75 3113.69 3580.57 2734.86
989.22 1425.48 1906.35 3239.72 3120.75 2404.95
205.06 368.13 311.57 4372.84 1252.06 707.03
1070.18 1506.06 1882.91 3129.8 3207.54 2905.96
636.4 871.24 1098.73 1492.75 1820.58 1683.99
996.42 1400.41 1770.03 2711.05 3043.01 2769.68
970.76 1400.58 2032.06 3092.08 3023.57 2094.24
930.55 1293.36 1656.18 2311.88 2855.67 2590.77
1100.41 1553.61 1946.85 3117.75 3268.02 2952.36
525.51 854.06 896.92 4754.09 1791.12 942.71
960.26 1361.78 1857.79 2996.54 2974.26 2317.88
311.88 404.43 496.99 664.26 802.98 735.4
332.25 585.25 470.96 4661.36 1571.1 942.5
1051.35 1468.42 1884.22 2634.01 3153.3 2815.5
536.87 728.13 913.41 1234.32 1501.32 1390.07
1012.17 1436.78 1868.46 2904.67 3030.39 2566.5
779.45 1112.88 1333.46 2786.1 2381.19 2080.96
972.41 1407.04 2079.7 3177.32 3518.18 2293.3
1048.25 1492.44 2072.05 3034.09 3642.3 2776.65
170.89 437.62 167.37 5044.66 1174.2 511.78
1036.4 1521.66 2172.57 3137.62 3256.06 2442.41
739.07 1077.88 1284.31 3552.58 2460.78 2081.49
258.44 326.68 389.09 501.58 588.84 555.79
864.77 1261.74 1602.87 3337.64 2489.01 1818.02
558.29 758.49 958.68 1320.49 1620.55 1474.38
201.66 246.07 290.48 370.75 437.31 404.88
894.28 1242.02 1578.87 2162.33 2647.77 2445.5
1058.84 1503.44 2061.71 2992.88 3603.38 2825.91
461.17 689.27 740.77 2956.49 1565.36 1247.53
841.45 1194.27 1492.88 3060.16 2758.38 2395.64
744.79 1083.98 1557.62 2259.73 2171.09 1523.08
1037.96 1459.32 1903.56 2736.6 3175.03 2749.95
867.49 1236.69 1539.24 3036.72 2835.46 2460.9
905.09 1281.84 1644.28 2903.02 2817.67 2436.16
938.95 1336.93 1657.78 3079.33 2922.88 2601.84
932.09 1321.83 1782.47 2706.45 2611.51 1995.3
580.86 884.81 1025.9 4026.13 2021.7 1464.05
632.39 957.6 1067.92 3948.72 2253.2 1809.69
1021.09 1424.35 1814.98 2491.59 3054.53 2819.97
1050.93 1529.62 2143.09 3071.19 3276.49 2557.97
949.17 1336.86 1689.52 2869.93 3005.73 2673.42
1032.34 1452.09 1884.23 2670.79 3070.28 2696.08
353.18 463.78 574.38 774.27 940.03 859.28
872.56 1223.77 1627.84 2298.2 2591.55 2199.11
145.58 165.49 185.4 221.38 251.23 236.69
860.18 1236.69 1501.81 3242.09 2732.48 2394.16
997.23 1399.9 1779.95 2635.05 3025.97 2751.18
879.58 1215.38 1522.44 2075.93 2505.33 2342.68
674.33 1035.84 1159.89 3833.54 2324.51 1830.36
506.2 778.83 864.46 3686.97 1978.08 1484.37
785.55 1080.86 1350.89 1837.62 2215.22 2072.2
1035.14 1503.33 2092.3 3134.13 3556.56 2719.04
1179.02 1649.36 2067.13 2981.31 3455.22 3210.2
1022.29 1441.68 1889.75 2786.96 3252.85 2786.33
228.99 314.38 341.18 1195.78 674.68 531.32
929.7 1332.69 1641.96 3157.28 2966.62 2617.63
458.74 654.66 855.92 1670.77 1485.18 1036.33
890.78 1250.03 1572.8 2611.15 2724.37 2466.61
1093.56 1529.72 1957.55 2704.94 3289.19 3017.31
1100.65 1540.65 1962.62 2749.49 3318.99 3057.76
987.97 1395.99 1743.34 2899.28 3083.83 2742.42
968.76 1405.06 1844.44 3369.25 2934.28 2237.07
581.7 908.97 1057.81 4030.36 2177.63 1491.27
1062.03 1502.62 1870.68 3071.78 3201.34 2901.74
915.38 1281.3 1586.35 2613.07 2693.07 2469.09
988.71 1380.05 1762.4 2438.03 2966.9 2720.57
309.27 399.42 481.85 630.43 745.7 702.04
1093.77 1545.61 2025.31 2820.0 3283.58 2891.21
1070.67 1496.85 1913.34 2640.1 3204.13 2939.08
1014.9 1446.24 2029.5 3007.07 3613.33 2686.32
780.8 1120.41 1375.63 3186.7 2564.43 2211.94
807.83 1191.72 1463.83 3629.1 2551.57 1895.41
371.76 620.41 610.5 4217.79 1693.36 1128.57
1100.21 1550.91 2019.56 2803.67 3305.21 2944.17
638.71 939.77 1086.5 3244.53 2143.31 1788.17
269.57 470.0 364.19 3839.01 1246.68 730.25
1023.2 1451.95 2075.65 3073.08 3051.94 2197.0
1032.42 1443.18 1847.35 2667.9 3213.9 2903.03
973.41 1368.48 1804.54 2603.01 2993.09 2521.43
477.51 640.13 788.83 1056.85 1264.79 1186.03
1018.48 1435.21 1920.87 2764.48 3299.76 2732.82
497.61 770.95 813.92 3821.68 1860.32 1404.34
216.16 363.59 329.78 3704.39 1148.41 689.26
489.63 757.76 816.22 4076.12 1863.68 1406.47
310.83 535.18 503.81 3894.58 1550.69 980.98
861.9 1266.04 1709.63 3204.88 2256.88 1545.28
844.44 1242.3 1390.56 3913.35 2602.03 2185.71
343.43 449.78 556.12 748.3 907.69 830.05
595.84 891.78 1027.98 3679.31 2186.76 1727.96
757.85 1045.23 1332.61 1851.96 2282.69 2072.86
589.26 828.81 1188.66 1759.51 1714.54 1194.46
502.5 690.67 979.83 1523.62 1372.64 926.62
162.82 389.4 202.71 4785.89 1329.57 623.83
523.14 725.27 1064.19 1594.31 1450.87 917.38
860.3 1219.42 1522.03 2945.2 2765.01 2423.33
1005.63 1426.97 1917.78 2894.45 2860.52 2227.91
923.97 1330.21 1588.93 3421.34 2856.02 2527.27
1008.16 1434.99 2040.16 3003.46 3037.35 2225.78
904.63 1257.06 1606.78 2266.79 2772.23 2512.34
360.02 473.61 587.2 792.48 962.73 879.8
905.61 1252.62 1569.94 2141.91 2585.64 2417.57
231.11 288.51 344.12 440.43 520.56 487.17
926.69 1355.0 1917.26 3071.61 2315.63 1504.57
917.46 1308.7 1563.05 2834.95 2716.58 2453.2
398.92 529.51 660.09 896.08 1091.8 996.46
1140.46 1610.06 1986.22 3099.37 3357.56 3082.9
517.6 783.3 891.3 3602.6 1984.42 1519.65
486.94 745.12 820.59 3753.59 1894.21 1417.98
761.79 1110.85 1324.39 3300.99 2543.2 2146.68
1037.69 1480.71 2007.09 3081.28 2796.73 2061.01
908.87 1257.3 1575.9 2150.19 2595.72 2426.96
909.48 1294.62 1858.59 2814.65 2767.81 1957.03
1019.0 1442.26 1774.18 3261.98 3079.63 2787.42
1014.19 1457.05 2105.32 3166.64 3767.45 2618.22
427.85 582.93 717.74 1218.21 1250.16 1106.79
995.17 1479.25 2191.88 3207.92 2984.53 1955.94
960.97 1337.91 1703.04 2335.49 2861.68 2642.44
816.7 1194.99 1551.2 3283.21 2406.77 1808.41
223.19 292.79 344.69 723.78 556.51 453.34
617.49 968.57 948.08 4587.6 2036.62 1471.68
1037.07 1451.3 1892.43 2696.57 3151.82 2769.19
1176.0 1654.53 2131.31 2952.96 3431.45 3083.53
739.83 1044.75 1550.49 2342.81 2142.9 1354.21
662.58 923.34 1244.99 1783.5 2074.89 1656.69
274.8 354.0 437.43 576.15 660.04 593.3
886.81 1256.96 1669.07 2488.16 2523.81 2004.39
909.99 1327.45 1844.01 3267.72 3136.67 2272.98
397.81 635.34 667.27 3536.21 1719.34 1203.81
417.73 696.96 723.05 4401.3 1655.69 930.78
673.84 981.95 1146.63 3393.02 2165.35 1851.17
901.7 1273.22 1708.65 2470.12 2856.87 2352.87
456.63 620.11 770.04 1288.21 1332.63 1188.6
761.87 1119.51 1468.43 3519.01 2542.19 1857.47
330.6 438.76 521.01 994.85 870.87 784.6
881.19 1277.69 1582.43 3052.48 2749.99 2263.4
940.21 1326.23 1635.84 3050.94 2856.54 2576.55
870.99 1204.03 1512.46 2067.44 2484.34 2309.67
436.48 715.77 766.08 4305.46 1604.72 875.84
603.87 872.24 1025.27 3126.92 2004.34 1676.16
607.59 869.54 1251.59 1888.71 2037.82 1381.97
480.34 649.53 837.5 1165.25 1358.86 1181.54
750.78 1035.69 1311.68 1789.72 2187.45 2021.73
617.6 934.08 1043.77 3650.39 2191.93 1751.38
516.73 717.36 970.19 1398.3 1542.62 1209.31
1008.86 1434.0 2012.81 3100.48 2708.44 1938.58
999.58 1390.6 1755.29 2453.03 2874.42 2650.48
979.26 1390.09 1947.97 2994.13 2704.07 1965.51
1007.45 1443.22 1997.51 2948.84 3365.96 2588.63
898.34 1301.87 1559.07 3155.96 2873.96 2482.91
279.1 356.24 426.79 553.94 652.59 615.22
387.67 514.99 647.27 872.42 1023.89 923.52
719.79 1097.77 1357.37 4029.91 2319.91 1412.22
268.94 453.8 421.09 4350.01 1384.98 862.55
826.41 1143.74 1461.07 2034.55 2510.16 2278.47
139.51 304.5 180.4 4502.8 1151.7 519.83
475.88 660.89 926.83 1379.92 1402.64 985.09
635.96 899.6 1286.26 1926.96 1886.16 1318.68
1033.36 1485.64 2110.68 3183.78 3277.55 2335.58
952.11 1380.9 2047.29 3142.46 2978.73 1942.45
433.6 598.96 855.11 1255.85 1180.4 799.19
347.9 489.84 648.88 1541.69 993.1 627.74
792.21 1152.66 1557.7 2804.58 2406.57 1853.86
458.84 720.31 744.36 4258.9 1769.61 1302.65
910.6 1267.83 1621.53 2265.13 2623.39 2336.87
899.64 1303.23 1563.99 3474.61 2868.66 2477.43
337.98 442.16 543.09 717.9 863.34 802.74
271.2 471.15 422.73 4293.46 1253.12 805.83
1121.18 1586.68 2031.59 3051.09 3315.96 2941.73
1043.33 1502.44 2046.67 3156.53 3004.08 2206.98
1006.18 1431.46 1987.65 2928.05 3395.89 2586.57
392.71 595.8 758.43 2304.53 1318.86 842.66
511.78 815.72 924.86 3994.6 1905.1 1207.68
670.99 916.95 1141.85 1547.25 1861.76 1742.63
939.77 1383.78 1572.27 3623.29 2889.55 2519.04
982.35 1410.52 2031.2 3011.09 2973.67 2117.84
1090.78 1532.68 2014.14 2824.42 3284.82 2870.91
621.5 911.61 1256.03 2894.82 2046.79 1355.32
432.31 607.37 794.33 1482.43 1296.74 958.94
983.46 1443.09 2074.98 3019.81 2943.8 2095.28
1001.23 1441.98 1975.44 3061.74 2940.27 2142.79
633.07 891.81 1191.15 2072.94 1959.19 1480.09
1022.76 1444.59 2024.52 3108.07 2965.91 2172.11
448.32 693.7 758.41 3738.02 1843.65 1338.7
672.8 1010.23 1117.38 3945.43 2291.96 1847.09
881.0 1226.6 1559.43 2292.99 2703.41 2438.9
1209.57 1688.24 2129.02 2925.34 3534.7 3290.16
230.61 405.54 372.73 4100.81 1289.74 784.2
651.3 892.66 1126.47 1531.44 1868.37 1727.98
832.58 1218.92 1696.9 3280.28 2663.32 1706.62
543.3 821.02 922.72 3835.76 2014.36 1564.06
484.41 775.26 765.96 4084.42 1807.87 1344.72
564.9 864.68 968.93 3839.69 2126.85 1640.62
1033.44 1472.95 2045.93 2998.7 3457.37 2633.43
564.31 767.59 964.5 1305.57 1589.34 1471.1
434.85 609.66 815.37 1473.88 1232.17 834.43
908.6 1303.5 1740.72 3101.89 2601.77 1938.71
1060.22 1484.16 1904.69 2640.7 3207.31 2918.56
1068.74 1504.67 1923.69 2876.32 3237.16 2904.86
980.94 1360.41 1707.4 2332.85 2818.08 2634.29
635.1 956.81 1128.17 3342.27 2337.9 1879.56
1090.26 1539.04 2023.02 2851.86 3395.23 2940.95
333.13 434.97 536.8 720.85 873.49 799.13
1062.53 1498.48 1888.12 2892.88 3239.46 2954.73
361.13 473.61 576.47 761.87 905.7 851.22
847.31 1253.5 1719.67 3811.6 3275.88 2171.98
1071.56 1514.56 1982.4 2839.71 3097.53 2692.57
1071.1 1516.95 2015.39 2867.58 3335.46 2829.57
188.1 343.83 274.02 3209.93 1069.72 589.42
672.11 1042.49 1049.59 4225.66 2223.61 1692.59
1041.42 1457.35 1882.59 2660.72 3186.86 2848.51
973.85 1357.26 1754.03 2463.16 2994.52 2676.81
545.49 792.52 914.42 3167.06 1845.29 1514.04
718.68 985.18 1228.87 1668.12 2008.89 1879.81
580.46 889.88 1029.15 3436.08 2217.51 1738.71
654.74 897.07 1139.41 1577.36 1940.57 1763.64
374.15 493.91 613.68 830.11 1009.61 922.17
342.88 521.67 549.86 2398.24 1281.14 951.87
552.72 764.13 946.98 1720.17 1674.04 1479.54
1208.55 1687.14 2127.32 2923.37 3520.23 3276.67
974.84 1409.92 2080.2 3174.69 3518.31 2303.51
605.23 940.91 940.6 4317.3 2061.6 1520.06
116.84 124.09 130.72 142.68 151.95 148.44
912.84 1268.71 1613.43 2210.52 2707.3 2500.31
1026.27 1440.95 1884.65 2728.97 3190.39 2778.73
881.77 1256.38 1613.99 3044.48 2840.21 2390.69
1060.46 1543.02 2172.94 3120.77 3149.08 2360.36
787.45 1104.42 1354.2 2471.85 2321.99 2112.0
662.83 974.33 1157.81 3563.43 2284.74 1845.05
1078.38 1513.62 1924.11 2782.21 3274.34 3001.73
394.74 521.7 637.79 847.05 1009.39 947.9
988.18 1425.73 2082.95 3160.28 3519.03 2359.5
980.62 1374.94 1751.22 2773.1 3087.79 2764.92
956.8 1384.67 2060.69 3113.78 2882.31 1857.88
370.96 627.2 561.19 4439.55 1610.91 1048.76
780.42 1078.31 1366.87 1866.69 2282.54 2109.27
962.0 1398.0 2014.0 3173.0 2939.0 1816.0
69.0 191.5 59.0 4653.5 930.0 346.0
134.0 394.5 95.5 5146.0 1087.0 409.5
969.0 1403.0 2079.0 3181.0 3518.0 2279.0
155.0 368.0 123.0 5163.0 1156.0 447.0
89.8 263.8 87.2 4769.8 1060.5 381.0
971.0 1390.0 2115.5 3245.0 2879.5 1707.0
122.0 299.0 89.0 4632.0 914.0 354.0
72.0 203.8 71.8 4231.5 957.5 341.5
907.5 1325.5 2047.5 3151.5 2757.0 1579.5
948.0 1357.0 1978.0 3155.0 2462.0 1531.0
56.8 180.8 53.0 4412.8 873.5 325.0
119.5 322.5 80.5 4825.8 970.8 371.8
948.0 1376.0 2046.0 3146.0 2970.0 1921.0
911.0 1341.0 1922.0 3127.8 2196.5 1320.8
985.0 1493.5 2276.8 3372.5 3183.8 2033.8
76.2 218.5 55.5 4643.8 764.8 282.8
962.5 1390.0 1954.5 3151.5 2480.0 1527.0
959.5 1435.2 2145.2 3160.2 2832.8 1787.8
88.5 243.0 63.5 4918.0 903.5 321.0
978.0 1422.0 2105.0 3266.0 3199.0 2037.0
79.2 209.2 66.0 4931.0 970.2 374.0
222.2 574.0 104.8 5481.0 1198.8 463.2
992.0 1434.0 2127.0 3253.0 3849.0 2515.0
980.5 1432.2 2016.0 3245.2 2807.8 1800.2
966.0 1422.0 2112.0 3259.5 3477.0 2237.5
109.2 304.0 68.8 5231.2 1052.0 412.0
978.0 1434.0 2220.0 3640.0 4073.0 2397.0
81.5 229.5 75.0 4588.5 1023.0 369.5
937.0 1353.0 2081.0 3198.0 2826.0 1629.0
924.0 1316.0 1970.0 3207.0 2671.0 1584.0
102.5 315.2 89.5 4914.0 1200.8 467.0
980.0 1467.0 2194.0 3388.8 3736.5 2446.5
955.0 1376.0 2056.0 3368.0 3193.0 1885.0
977.5 1462.0 2197.0 3231.5 2940.0 1846.5
939.0 1381.8 2053.5 3176.2 3230.8 2074.0
265.0 540.0 222.0 5608.0 1151.0 427.0
83.0 265.0 84.5 4714.5 1156.5 420.5
245.0 494.0 207.0 5231.5 1090.0 397.0
304.0 635.0 236.5 5868.5 1229.5 464.5
138.0 335.0 114.0 4964.0 1063.0 407.0
53.8 244.8 74.8 4340.2 1057.2 381.2
1050.0 1465.0 1880.0 2630.0 3252.0 2949.0
1121.0 1568.0 2001.0 2751.0 3375.0 3115.0
1212.0 1691.0 2129.0 2918.5 3531.0 3299.0
100.0 100.0 100.0 100.0 100.0 100.0
