727.63 1025.7 1454.36 2303.48 1940.85 1320.86
877.22 1278.77 1866.28 2882.85 3114.35 2088.92
476.88 809.84 870.43 3874.62 1672.99 857.09
276.97 478.94 518.7 3314.5 1468.0 750.64
726.63 1046.46 1443.96 2522.09 2750.31 2006.02
80.26 278.01 134.91 4305.98 1110.2 418.59
590.11 897.53 1179.95 3675.28 2031.2 1212.59
139.24 303.11 192.17 4546.3 907.22 388.58
556.0 876.91 1237.81 3472.94 2069.34 1216.96
705.76 1066.82 1348.14 3773.17 1953.51 1128.21
251.82 334.95 452.58 896.43 643.46 398.79
325.92 563.03 648.84 4252.5 1367.47 716.05
776.48 1126.66 1731.52 2656.39 2325.9 1339.45
906.72 1321.38 1952.1 3214.72 2877.25 1847.09
751.62 1124.53 1639.31 2856.18 2288.49 1450.61
977.23 1463.0 2187.49 3387.22 3727.07 2439.77
868.42 1232.46 1828.24 2969.12 2519.97 1540.97
636.38 867.98 1141.9 1934.83 2182.68 1723.07
969.6 1400.17 2073.27 3171.26 3753.39 2459.27
448.85 741.29 861.84 4158.04 1765.53 987.65
828.37 1192.53 1667.3 2522.79 2611.31 1977.16
900.22 1303.51 1932.6 2969.51 2811.08 1828.34
491.14 694.51 995.49 1509.31 1619.73 1089.12
361.11 615.41 706.45 4256.46 1664.16 867.85
273.61 563.65 426.06 4837.97 1536.43 752.1
837.92 1217.75 1837.2 3124.78 3437.33 2101.65
108.82 261.94 127.63 4589.63 844.87 339.27
724.76 1040.09 1533.71 2344.13 2214.46 1441.61
838.73 1182.62 1640.83 2607.33 2405.36 1778.97
638.36 983.34 1363.25 2927.08 2045.75 1262.8
930.9 1348.37 1996.46 3077.73 2929.59 1913.9
380.44 549.22 740.65 1606.18 1339.26 906.83
427.12 592.22 850.68 1275.01 1207.12 802.46
780.62 1105.93 1483.21 2375.09 2283.32 1801.09
785.66 1175.66 1569.57 3679.28 2484.24 1467.0
254.15 335.32 458.14 662.4 701.12 480.48
261.67 494.49 489.66 4390.52 1531.09 730.44
720.32 1021.62 1367.61 2188.2 2604.93 2060.68
750.24 1153.05 1601.7 3686.06 2399.43 1323.34
498.25 682.36 901.33 1424.08 1594.29 1268.44
384.94 625.58 768.91 3668.44 1695.29 1011.98
882.21 1277.01 1895.03 2909.69 2747.34 1779.72
917.14 1324.12 1951.83 2988.79 3315.07 2168.81
830.48 1187.03 1653.4 2572.89 2888.55 2159.95
809.07 1149.94 1607.69 2515.43 2901.34 2112.49
433.06 592.35 778.52 1215.33 1415.48 1118.41
815.91 1170.66 1726.85 2630.57 3108.91 2038.26
638.32 931.02 1241.72 2904.76 2311.07 1688.78
781.92 1113.77 1635.91 2679.09 2597.17 1596.99
572.29 780.52 989.01 1541.38 1841.46 1631.09
720.02 1050.32 1462.21 3030.87 2404.87 1651.22
766.18 1094.95 1545.42 2462.11 2686.28 1912.58
365.37 492.71 652.32 1004.34 1095.88 847.91
830.75 1178.78 1699.31 2810.94 2834.42 1845.68
834.87 1234.56 1696.35 3404.59 2521.5 1588.31
702.49 1051.39 1442.91 3681.85 2508.75 1472.04
662.53 925.1 1235.92 1998.18 2253.13 1767.13
259.88 415.37 441.6 3072.81 1153.42 717.43
731.87 1018.04 1319.15 2093.65 2315.78 1980.67
666.11 956.52 1331.87 2122.17 1840.95 1193.12
954.21 1393.37 1947.84 3208.15 2754.64 1779.8
928.37 1343.15 1979.99 3048.34 2919.13 1934.3
911.36 1321.47 1841.51 3181.8 2377.2 1453.29
398.05 552.84 819.66 1301.69 1448.68 879.74
705.78 989.78 1418.76 2253.54 2269.03 1560.0
649.6 990.99 1361.4 3920.18 2212.24 1194.59
827.3 1223.34 1751.06 3644.55 2865.43 1655.5
435.57 595.43 825.74 1264.9 1513.63 1076.91
387.77 540.35 746.52 1174.38 843.92 533.19
780.98 1164.77 1666.19 3307.75 2807.78 1797.82
907.34 1325.23 2046.94 3150.69 2756.68 1579.7
923.28 1385.38 2080.06 3114.66 3019.59 1994.04
457.7 766.26 720.63 4719.06 1705.52 927.52
762.68 1213.23 1610.72 4187.35 2545.8 1521.48
963.84 1446.01 2153.29 3415.11 3684.89 2408.48
295.2 454.61 539.89 2779.08 1199.67 746.35
961.05 1413.42 2095.26 3234.43 3455.52 2234.67
866.28 1283.44 1815.58 3248.19 2134.95 1269.11
400.26 556.2 824.99 1310.6 1458.68 885.52
137.45 158.96 192.11 238.47 230.48 181.82
947.54 1362.01 1987.78 3049.01 3616.09 2449.16
555.03 897.06 1136.53 4124.63 1998.79 1048.9
162.04 192.78 240.99 319.3 360.76 267.97
363.51 547.24 613.18 3308.88 1606.38 1107.42
750.72 1070.57 1530.86 2505.44 2910.53 2008.52
555.03 888.2 1125.72 4019.92 2260.26 1331.72
774.95 1092.77 1475.51 2307.87 2608.12 2083.04
904.25 1357.41 2024.34 3231.73 2761.55 1719.09
486.47 672.87 955.89 1492.31 1176.47 752.17
851.27 1294.1 1878.7 3527.93 2666.21 1631.72
636.62 890.82 1204.2 1901.79 2086.17 1622.32
500.81 745.21 1055.61 2252.52 1899.82 1215.91
656.68 910.14 1167.67 1914.66 2355.02 1962.44
558.39 878.98 1116.07 4224.63 2475.2 1482.07
855.46 1266.71 1796.16 3246.19 2109.89 1254.83
433.81 642.04 900.44 1962.66 1312.17 802.75
632.84 914.18 1387.11 2409.0 2542.64 1504.73
446.43 700.53 904.7 3652.37 1707.31 1028.19
944.97 1352.61 1971.32 3147.22 2454.18 1526.09
698.24 1050.35 1454.27 3595.32 2348.33 1447.19
708.48 981.68 1326.12 2193.23 2209.52 1672.36
881.61 1266.07 1733.06 2775.46 2639.32 1902.4
843.1 1232.96 1779.38 2804.74 3187.74 2222.73
941.37 1364.98 1955.95 3085.84 2893.65 1822.75
385.47 536.13 764.68 1146.68 1165.25 771.65
751.99 1045.33 1375.4 2151.76 2591.63 2159.55
266.38 480.15 452.86 4584.42 1283.25 615.98
937.8 1350.67 1891.14 3056.11 2453.8 1541.3
884.2 1263.68 1805.78 2781.21 3140.85 2217.79
633.45 916.3 1298.46 2091.61 1479.02 903.01
742.0 1044.7 1395.51 2310.38 2379.69 1777.4
384.87 533.52 733.94 1527.52 1065.92 650.21
772.08 1148.79 1528.52 3131.82 2770.74 1934.06
730.87 1049.28 1547.72 2366.07 2235.13 1454.73
829.04 1210.28 1736.17 2912.33 2990.0 2028.18
877.68 1284.75 1822.15 2966.88 2197.74 1392.2
154.72 181.65 216.49 292.11 255.71 197.45
970.31 1449.72 2175.04 3203.34 2924.72 1845.01
554.72 748.92 940.61 1602.72 1946.24 1620.04
834.99 1212.79 1705.43 2796.28 2165.42 1415.92
220.81 369.41 385.01 3681.89 1137.77 553.91
633.74 912.27 1269.2 2261.35 1952.13 1238.91
152.12 179.57 221.1 290.16 303.26 228.65
843.19 1207.84 1679.7 2671.01 2677.84 1854.89
290.94 520.09 547.33 4509.45 1351.91 661.91
644.49 988.55 1158.84 3971.15 1916.59 1133.87
608.5 884.61 1286.56 1968.45 2182.08 1484.31
945.27 1437.03 2180.61 3428.06 3086.05 1960.6
929.54 1348.54 1939.25 3055.36 2837.96 1761.36
139.03 161.46 196.0 244.33 236.0 185.29
599.3 836.83 1233.12 1982.68 1657.89 999.22
155.74 188.3 212.95 441.53 326.4 251.88
820.25 1207.98 1636.96 3464.21 2235.53 1333.77
685.33 967.35 1338.5 2146.31 2460.87 1802.91
914.04 1325.65 1909.67 3148.69 3529.6 2356.3
441.29 594.75 753.94 1168.52 1310.01 1136.89
628.11 1002.65 1388.85 3750.27 2718.55 1661.83
593.91 849.76 1287.36 2083.27 2329.99 1399.86
642.82 915.15 1245.85 2585.21 2589.69 1815.56
464.59 774.93 992.22 3853.53 2146.92 1217.15
405.2 708.79 598.01 5138.76 1494.24 681.18
708.56 996.53 1391.45 2223.02 1978.33 1396.64
330.44 446.97 626.23 930.95 913.36 608.39
606.07 821.2 1047.4 1782.01 2101.57 1732.81
307.13 409.77 570.69 832.16 970.55 660.79
853.26 1243.14 1908.32 3123.89 3494.12 2083.66
230.7 339.28 387.0 1531.02 749.91 432.91
233.19 440.34 378.42 4297.36 1351.16 683.7
751.58 1066.57 1483.53 2381.5 2724.95 1985.32
591.19 816.03 1095.21 1719.73 1709.14 1349.5
755.19 1081.43 1478.58 2349.42 2756.88 2112.49
809.83 1152.73 1645.75 2594.4 2643.46 1863.67
697.9 982.34 1456.89 2354.47 1965.54 1176.8
360.65 504.89 720.23 1074.12 1177.1 795.01
753.7 1075.69 1473.84 2441.75 2132.19 1517.63
741.14 1110.26 1649.01 3306.85 2425.95 1377.67
723.94 1078.04 1479.92 3494.56 2763.67 1767.71
547.61 750.8 971.62 1524.23 1632.25 1355.29
134.63 152.87 180.46 226.34 235.04 185.48
813.72 1154.83 1721.8 2647.7 2428.04 1519.06
655.28 1001.74 1393.87 3742.9 2529.9 1554.92
493.95 750.71 973.87 3255.41 1843.09 1127.95
867.69 1285.32 1955.25 3762.78 3668.35 2138.4
404.29 709.15 652.54 4831.34 1540.7 749.33
507.14 719.7 1020.74 1525.71 1505.11 1050.52
914.19 1377.42 2016.12 3294.35 2718.36 1698.88
428.85 597.56 815.6 1274.69 1111.32 735.0
967.4 1400.69 2075.21 3178.45 3512.22 2275.45
670.74 924.6 1230.89 2021.5 2513.39 1953.54
557.79 863.76 1109.9 3943.87 1897.07 1032.21
273.16 363.1 518.11 798.17 883.57 553.02
112.55 118.89 128.65 145.25 144.29 127.68
736.8 1066.02 1478.9 2511.72 2101.1 1370.13
841.71 1217.6 1792.64 3291.8 2576.77 1534.64
351.08 472.19 656.06 1004.55 799.36 523.7
756.68 1052.94 1390.11 2173.32 2616.24 2166.5
813.66 1163.33 1661.48 2580.46 2647.48 1850.15
701.84 1061.68 1449.93 3436.81 1899.1 1096.01
863.31 1260.57 1786.14 2919.82 2177.0 1380.47
773.35 1145.98 1702.26 2616.47 2882.52 1895.46
771.36 1084.57 1479.1 2385.88 2320.8 1749.17
473.73 660.37 951.1 1425.03 1569.96 1037.11
551.64 829.82 1117.8 3070.76 1852.49 1132.46
793.01 1117.01 1573.41 2546.68 2239.74 1545.02
908.65 1296.31 1866.86 2983.67 2430.55 1579.6
115.65 123.4 133.64 155.35 143.17 125.89
742.28 1031.52 1342.12 2115.97 2426.6 2045.9
833.62 1215.17 1748.3 2813.65 2883.16 1963.09
329.72 509.71 531.3 3530.86 1536.24 1070.28
933.79 1345.15 1965.55 3014.99 3361.39 2253.58
673.52 938.77 1202.1 2226.6 2267.25 1911.74
762.41 1124.28 1594.86 3596.33 2663.24 1550.52
819.92 1179.87 1642.81 2489.11 2561.91 1950.62
637.52 920.7 1326.48 1987.95 1936.84 1325.67
812.25 1150.73 1569.09 2571.23 2320.61 1613.97
118.93 195.42 150.1 1927.81 559.91 263.91
505.48 722.35 897.02 2099.17 1766.47 1398.86
706.01 1019.6 1327.31 2872.91 2185.32 1588.48
563.76 801.39 1103.1 1691.73 1827.92 1397.37
854.01 1214.09 1708.53 2638.92 3006.61 2196.0
761.6 1072.85 1475.2 2417.6 2608.05 1908.73
576.67 790.82 1058.85 1741.14 1960.08 1515.74
729.18 1010.26 1321.83 2088.97 2389.91 2026.15
421.01 618.48 818.45 2230.53 1450.93 915.73
822.7 1225.86 1692.45 3560.14 2633.41 1663.98
739.76 1051.33 1455.43 2410.74 2690.97 1958.37
936.01 1361.98 1954.22 3182.9 2880.77 1782.41
273.36 492.92 337.45 4001.41 1020.97 456.48
207.68 262.69 339.23 499.58 458.17 315.47
836.88 1274.62 1896.38 3395.98 2800.12 1797.38
614.68 907.67 1274.36 3003.8 2301.19 1447.09
829.19 1220.6 1785.26 2657.95 2538.8 1705.4
764.0 1107.72 1701.42 2609.23 2284.83 1316.58
844.69 1272.58 1931.69 2853.68 2694.9 1727.22
375.97 613.88 719.7 3371.14 1385.05 754.39
686.78 950.04 1275.65 2083.01 2580.1 1981.58
478.24 664.49 965.31 1545.73 1468.31 889.67
896.98 1311.71 2020.58 3171.68 2733.96 1564.85
915.62 1327.98 1961.88 3040.35 2979.5 1901.26
774.66 1100.04 1466.11 2378.97 2455.97 1873.28
398.29 549.16 762.32 1163.38 1082.4 693.8
835.94 1188.45 1629.85 2662.71 2345.74 1600.26
825.9 1203.28 1789.29 3015.86 2578.78 1561.39
967.27 1447.22 2163.71 3341.22 3683.89 2412.55
185.51 226.75 289.37 408.06 338.18 244.3
913.55 1346.44 1969.85 2927.58 2799.05 1902.53
903.04 1331.63 1970.83 3204.7 3129.09 2000.34
940.89 1407.91 2098.62 3138.31 2778.71 1751.37
791.35 1131.26 1552.45 2379.85 2600.91 2070.33
121.1 208.47 145.41 2455.98 687.7 333.8
586.96 843.96 1233.81 1885.43 1917.12 1245.71
769.21 1126.38 1585.59 2968.46 2737.53 1840.34
619.81 847.04 1100.43 1842.29 2203.75 1773.75
123.09 305.78 162.33 4707.44 1124.76 429.0
806.2 1178.06 1740.74 2676.5 2853.86 1843.08
749.71 1111.45 1651.83 3224.28 2358.38 1324.32
773.33 1206.01 1743.16 3821.72 2668.57 1641.83
201.25 383.0 326.11 4356.36 998.2 477.47
865.66 1256.31 1901.69 2943.34 2674.37 1631.41
931.21 1362.91 2107.03 3451.36 3861.29 2274.6
784.35 1104.74 1547.79 2457.0 2985.71 2152.09
925.27 1361.0 1889.35 3373.51 2697.29 1709.67
563.43 819.9 1202.75 1831.96 2015.07 1335.73
885.82 1282.96 1883.96 3362.05 2992.45 1782.46
620.14 882.86 1206.92 1869.02 2052.73 1592.51
786.09 1177.72 1633.76 3409.07 2009.75 1176.5
446.47 823.73 696.48 4714.8 1523.65 742.43
582.53 788.47 993.83 1691.14 2112.96 1774.52
337.24 465.57 647.97 974.4 900.54 618.09
483.48 660.55 931.78 1447.07 1434.98 993.56
626.46 885.58 1059.8 2416.67 2115.24 1794.15
102.65 103.91 106.01 109.99 108.27 104.77
753.37 1049.52 1383.73 2172.25 2493.25 2077.84
779.38 1122.6 1560.28 2398.36 2523.29 1891.13
209.46 381.67 365.35 4684.74 1249.08 568.7
461.31 635.58 900.17 1401.66 1106.39 709.72
973.87 1415.79 2095.58 3251.12 3184.43 2027.9
758.55 1057.87 1425.92 2228.73 2451.56 1978.27
690.82 960.34 1251.6 2035.17 2256.42 1848.65
501.28 723.45 971.82 2059.18 1748.77 1225.58
285.87 472.88 517.74 3551.58 1159.97 608.71
810.63 1191.86 1746.35 2870.28 2767.86 1770.39
967.53 1384.58 2105.41 3231.07 2872.51 1707.45
928.19 1340.62 1976.54 3027.54 3358.57 2197.5
153.9 187.16 220.63 419.3 334.23 241.0
352.77 492.67 701.47 999.97 903.68 596.36
885.51 1282.76 1873.11 3015.0 2824.28 1881.3
832.6 1185.75 1632.49 2658.57 2296.28 1541.83
842.39 1211.37 1857.09 2847.84 2517.88 1456.18
483.89 747.02 910.87 3569.02 1801.44 1216.96
398.27 620.07 790.86 3080.24 1748.2 958.66
686.92 962.76 1250.55 2045.69 2204.84 1800.91
884.7 1317.32 1858.09 3539.42 2952.09 1842.73
73.23 162.0 75.22 3135.68 655.85 266.38
723.07 1015.14 1354.1 2170.33 2474.4 1955.19
729.17 1037.82 1400.76 2188.56 2396.67 1883.42
561.46 796.28 1143.08 2191.52 1852.44 1126.8
836.76 1249.73 1712.81 3533.93 3288.54 2126.29
824.94 1217.03 1731.23 2951.66 3111.76 2175.78
717.1 1045.28 1365.83 3043.07 2706.95 1912.48
668.16 932.16 1201.62 1947.05 2377.64 1983.18
957.15 1379.37 2026.19 3110.23 3691.35 2458.35
291.31 652.79 291.29 5274.6 1410.47 628.05
354.63 581.71 528.12 3357.94 1586.0 1096.27
495.47 796.85 975.47 4307.48 1883.08 961.62
807.24 1243.11 1851.56 3313.64 2716.09 1697.22
198.94 381.82 393.54 4253.49 1227.29 586.68
94.19 122.86 97.53 1046.82 278.44 155.58
167.41 202.43 262.78 371.81 405.06 276.37
502.34 796.1 1034.26 3447.61 1844.69 1125.07
895.03 1280.68 1939.92 3066.94 2652.46 1571.54
858.5 1262.36 1736.98 3169.99 2584.66 1690.16
930.34 1361.29 1928.48 3302.69 2856.75 1750.98
962.52 1397.08 2059.82 3196.79 3148.49 2028.2
935.55 1338.55 1950.43 3110.16 2427.33 1510.0
540.22 870.96 941.25 4362.25 1624.31 868.55
849.44 1253.86 1890.91 3213.06 2605.75 1481.08
951.85 1387.19 1946.83 3131.13 2733.32 1774.36
931.62 1357.07 1901.47 3088.37 2685.67 1741.34
779.17 1171.37 1683.41 3476.14 2822.32 1755.35
799.63 1158.21 1613.02 2626.12 2114.13 1439.07
641.65 920.08 1267.44 2173.27 1704.83 1151.44
695.42 1066.22 1444.93 3962.35 2226.88 1199.08
884.85 1316.69 1939.26 2920.55 2909.0 2003.19
952.82 1401.68 2080.1 3210.44 3425.91 2207.63
786.51 1116.76 1688.58 2578.84 2290.75 1366.61
778.1 1176.0 1746.94 3069.13 2580.0 1660.61
770.26 1093.57 1574.92 2624.67 3069.1 2080.42
227.01 322.42 382.2 1250.62 628.78 369.01
472.54 698.83 899.24 2283.28 1434.51 887.64
768.36 1075.01 1421.85 2241.42 2487.41 2018.62
332.91 517.85 646.35 3207.69 1378.73 766.65
909.67 1357.22 2024.47 3124.18 3446.28 2262.41
886.99 1301.85 1857.08 3531.14 3461.14 2217.25
772.94 1207.08 1683.67 3905.22 2583.79 1564.75
181.32 226.33 293.52 403.93 436.06 316.85
577.0 813.43 1125.62 1787.61 1416.24 889.19
664.16 991.11 1409.16 3271.95 2399.42 1364.65
901.64 1309.55 1824.1 3253.98 2362.22 1441.56
383.25 540.02 774.01 1108.51 1000.61 656.23
392.7 554.69 796.5 1193.91 1309.56 880.48
644.77 913.02 1346.28 2182.24 2070.74 1237.33
151.35 262.59 221.24 2779.09 863.16 423.01
938.91 1342.5 1949.96 3109.45 2457.29 1551.62
301.67 413.28 579.89 853.71 933.4 637.76
561.01 881.13 1133.78 3876.22 2125.84 1179.38
431.7 583.86 775.85 1238.31 1388.45 1062.27
464.93 679.73 937.78 2049.46 1467.07 971.25
905.48 1332.01 1906.99 3103.38 2191.39 1325.23
208.67 404.46 344.03 4690.88 1255.92 583.45
940.99 1436.67 2164.0 3464.21 3075.37 1949.81
297.48 401.47 558.81 820.49 870.08 587.43
317.33 530.52 608.45 4203.53 1303.53 633.5
412.29 677.34 761.69 4350.85 1624.15 817.74
760.1 1110.41 1636.34 2563.47 2574.74 1660.05
449.03 642.18 930.52 1404.41 1542.31 1030.67
582.25 896.42 1110.53 3821.29 1771.53 996.32
896.84 1291.77 1817.99 2905.8 2785.57 1865.96
589.99 905.25 1290.11 4197.33 2733.51 1523.67
555.81 845.27 975.72 3457.57 1801.57 1100.88
860.09 1253.47 1834.14 2849.75 3084.53 2043.71
642.18 889.67 1159.06 1793.88 2064.96 1762.72
901.73 1363.8 1978.42 3378.38 2689.56 1671.33
836.4 1183.66 1683.5 2714.39 2312.8 1555.34
278.71 457.72 528.47 3518.08 1269.57 610.93
566.86 806.28 1089.53 2278.43 2193.8 1494.26
861.1 1244.97 1728.65 3056.7 2292.09 1432.17
416.26 629.7 870.23 2582.11 1823.23 1021.47
219.5 281.56 388.54 581.8 640.73 412.63
398.82 725.21 503.67 5101.67 1489.44 750.46
683.99 951.56 1221.68 1994.44 2252.01 1859.38
650.86 942.66 1250.36 2829.81 2344.26 1581.96
582.57 984.85 1077.29 4404.69 2302.58 1322.85
606.49 902.96 991.47 3173.14 2046.26 1592.49
515.58 715.49 1061.65 1600.57 1426.18 866.74
709.47 1002.84 1335.6 2104.37 2376.24 1906.87
684.21 962.35 1302.3 2083.01 2295.45 1768.64
731.99 1013.95 1328.42 2084.47 2395.83 2030.26
445.59 590.59 730.45 1234.73 1514.47 1277.73
859.48 1251.35 1863.62 3290.25 3525.03 2177.2
968.95 1448.96 2173.09 3223.82 2921.66 1838.58
862.98 1243.37 1763.37 2737.53 3029.65 2178.55
972.18 1427.38 2203.71 3654.18 4050.86 2382.1
404.38 641.36 770.48 4089.72 1511.79 789.29
921.38 1312.25 1962.73 3202.46 2665.95 1583.14
946.12 1373.19 2040.61 3141.21 2965.55 1920.11
644.78 891.36 1156.7 1890.04 2166.61 1782.14
959.87 1435.49 2143.59 3318.56 3652.69 2396.07
919.89 1309.75 1959.26 3189.99 2661.51 1581.94
954.94 1395.21 2139.3 3501.77 3931.68 2367.35
650.2 898.58 1146.09 1864.55 2249.6 1904.63
498.64 734.47 964.39 2492.84 1641.45 1170.92
848.04 1227.18 1840.28 2855.68 2639.57 1653.27
244.13 496.19 434.16 4707.9 1665.44 779.22
745.76 1129.57 1468.18 3673.27 2115.59 1234.66
258.51 493.25 462.21 4427.17 1479.42 690.3
687.91 966.03 1264.46 2038.35 2463.69 2012.52
670.51 953.21 1396.44 2116.61 2497.8 1644.6
699.82 1122.16 1382.68 4416.56 2697.43 1625.02
517.47 703.92 914.18 1507.44 1722.64 1351.99
898.06 1299.18 1795.78 2898.29 2666.9 1829.47
127.58 142.1 164.07 200.61 207.54 168.07
281.5 539.34 302.05 5135.7 1198.11 473.5
534.53 730.56 913.34 1476.82 1814.41 1568.91
129.6 145.99 170.45 205.41 194.13 158.14
971.71 1453.11 2183.21 3213.45 2921.81 1835.17
851.33 1246.31 1840.24 2844.94 2908.4 1888.52
638.32 903.35 1249.86 1968.54 1956.85 1349.17
889.81 1297.79 1999.06 3076.8 2703.14 1562.4
141.99 298.9 231.78 4146.31 1141.02 481.36
785.37 1140.59 1575.35 2905.77 2081.14 1262.35
389.43 533.98 759.13 1126.17 1238.41 825.75
384.61 591.56 671.87 2782.18 1242.99 706.01
346.94 478.53 666.49 968.31 923.11 643.49
493.16 689.05 937.19 1409.01 1518.07 1199.71
859.92 1239.44 1830.58 2794.24 3088.94 2005.47
789.57 1112.65 1530.52 2465.15 2335.35 1726.68
923.72 1335.23 2050.07 3220.26 2797.0 1609.38
467.14 649.07 934.3 1397.75 1643.06 1094.0
948.18 1382.2 2037.23 3311.56 3118.51 1978.99
578.03 805.53 1145.14 1872.19 1890.1 1245.2
583.23 831.13 1151.52 1826.12 1586.07 1033.09
601.35 830.79 1059.98 1715.5 2079.11 1752.05
675.46 974.33 1489.5 2420.2 2703.99 1605.51
918.63 1324.39 2030.06 3124.25 2778.88 1618.35
717.8 1046.4 1511.83 2872.48 2663.1 1692.01
504.1 705.92 1020.27 1532.72 1689.43 1113.27
760.35 1098.83 1558.06 3112.82 2626.01 1673.71
851.87 1221.73 1704.12 2707.68 2696.92 1852.05
770.87 1121.47 1617.55 2816.53 2498.79 1578.57
629.97 866.67 1080.13 1770.1 2209.05 1924.78
680.41 973.99 1388.76 2169.16 2011.6 1255.44
902.43 1303.0 1907.57 2948.86 2861.0 1921.57
718.35 1073.3 1514.04 3409.51 2276.34 1309.45
293.57 508.79 520.28 4497.37 1275.34 609.69
513.17 760.02 1035.4 2507.74 1658.01 1032.86
876.14 1264.43 1870.84 3221.04 2938.0 1735.97
817.32 1172.11 1606.74 2586.99 2258.88 1665.88
616.5 865.4 1157.17 2236.98 2172.62 1613.61
324.39 572.61 432.71 4309.54 1110.48 491.97
747.42 1124.49 1506.77 3541.12 2380.87 1469.62
568.27 853.42 1144.19 2927.47 2128.17 1360.56
685.22 952.44 1247.77 2087.8 2277.77 1771.97
346.76 640.54 436.24 5343.16 1454.42 661.82
604.24 912.02 1258.22 3841.36 2622.71 1603.79
838.77 1219.18 1716.23 2812.81 2166.97 1411.17
584.65 867.48 1137.27 3062.27 2167.07 1521.3
746.28 1159.49 1481.52 3964.17 3003.06 1860.07
437.08 691.01 839.57 3389.95 1511.39 825.53
772.2 1079.06 1417.32 2253.52 2373.66 1937.67
485.36 704.71 817.45 2447.25 1831.07 1430.48
737.74 1028.84 1343.92 2110.36 2510.79 2132.09
823.14 1177.71 1742.26 3133.39 2422.3 1422.74
657.23 913.42 1166.85 1896.53 2330.03 1966.95
711.01 1028.35 1575.33 2563.53 2864.86 1698.51
803.38 1175.72 1690.78 3263.82 2749.09 1762.61
565.89 814.18 1146.75 2045.39 1939.9 1308.13
320.29 434.32 631.28 932.45 824.83 503.61
681.31 993.72 1332.4 3062.67 2299.23 1513.87
564.27 823.61 1157.89 2408.69 2193.71 1339.99
815.97 1191.02 1690.9 2754.77 2014.44 1258.29
782.07 1101.51 1559.55 2592.68 2693.92 1830.28
838.65 1237.96 1820.93 3081.77 2915.88 1856.68
506.2 711.62 1027.61 1564.74 1533.74 996.15
557.59 854.72 1151.27 4044.8 2156.49 1259.14
811.68 1157.4 1591.03 2537.87 2608.57 1865.2
403.96 714.84 596.66 5142.45 1612.08 785.9
305.89 409.8 572.47 839.55 796.81 542.13
414.96 554.37 701.35 1165.15 1297.98 1060.24
853.25 1249.8 1893.94 3357.75 3529.16 2121.16
685.29 1042.92 1397.64 3558.1 1829.62 1044.23
665.35 1002.07 1451.47 2797.42 2050.66 1258.14
762.0 1150.01 1730.22 2802.14 2457.84 1563.61
730.26 1066.05 1448.87 2957.13 1953.15 1179.27
402.87 598.32 682.5 2608.92 1504.86 1124.06
902.49 1286.69 1916.93 3201.7 2629.93 1569.28
583.37 850.9 1250.2 1821.02 1636.9 1049.2
846.59 1204.67 1732.97 2764.47 2246.12 1457.85
475.89 759.78 1012.24 3971.17 1799.44 1004.8
563.17 791.49 1177.08 1794.01 1635.2 1005.84
392.09 524.42 684.48 1039.37 1146.23 943.6
112.12 256.17 161.18 4183.26 1038.18 400.0
579.04 802.1 1109.65 1732.06 1796.28 1323.5
658.54 903.16 1146.89 1806.42 2168.64 1919.0
914.9 1303.36 1947.17 3201.79 2653.92 1578.98
652.11 904.63 1150.54 1872.84 2307.7 1959.33
968.42 1405.43 2071.17 3305.02 3773.1 2457.14
575.39 775.96 971.07 1661.3 2093.95 1769.92
799.73 1142.45 1719.88 2803.9 2371.18 1402.83
676.75 1008.13 1518.6 2232.66 2109.68 1360.24
925.35 1334.69 1935.94 3009.63 3033.58 2046.57
291.14 522.26 468.65 4358.77 1287.11 638.93
705.94 997.74 1325.66 2090.55 2352.68 1893.06
128.49 290.81 225.14 3192.65 994.67 449.63
474.45 647.58 841.48 1280.1 1448.14 1223.53
772.67 1077.19 1437.0 2276.23 2371.12 1928.88
513.78 780.47 954.72 3189.63 1554.66 887.58
298.15 392.41 549.68 847.14 718.25 456.86
605.07 819.3 1052.89 1777.73 2143.64 1754.19
682.03 1016.15 1450.57 3060.06 2515.7 1579.53
757.19 1052.48 1389.2 2198.59 2363.09 1964.03
877.92 1277.11 1921.91 3280.7 3614.59 2227.18
857.19 1219.62 1719.92 2659.01 3021.97 2196.16
608.78 937.15 1359.96 2736.06 2068.58 1290.28
521.01 892.25 875.13 5150.99 2145.02 1086.7
942.32 1408.51 2104.31 3099.02 2778.16 1754.06
324.03 437.34 597.43 898.65 837.83 545.98
864.28 1227.56 1796.02 2979.56 2575.06 1629.81
696.38 991.9 1455.23 2208.06 2606.54 1714.64
858.58 1235.39 1808.06 2803.03 2722.84 1823.13
732.96 1048.53 1427.36 2235.13 2492.24 1956.77
778.62 1115.9 1706.15 2611.79 2310.18 1339.68
729.53 1055.4 1618.28 2478.96 2171.41 1253.42
713.68 1050.29 1542.25 2412.45 2645.34 1766.38
822.33 1167.72 1737.81 2873.6 2368.35 1410.1
899.83 1287.54 1905.89 3295.06 2615.25 1541.56
591.02 912.25 1233.07 3930.05 2342.94 1273.7
593.4 865.3 1215.06 2364.79 2129.96 1360.65
584.58 823.34 1106.97 1712.56 1861.12 1459.23
129.1 143.72 161.88 200.62 218.18 188.42
692.82 986.57 1447.13 2195.47 2591.57 1705.0
887.77 1267.76 1842.16 2999.62 2962.3 1914.43
667.28 949.91 1389.9 2242.76 2548.97 1681.98
241.74 470.01 356.65 4717.57 1215.13 529.64
869.03 1259.1 1807.99 2810.51 3067.77 2138.98
958.41 1447.85 2194.13 3278.03 3113.65 2013.32
719.27 1019.83 1364.28 2183.37 2600.37 2059.12
534.29 715.27 886.95 1521.83 1899.25 1608.58
818.3 1226.77 1783.71 3334.91 2934.43 1843.19
913.01 1320.03 2025.33 3199.73 2766.36 1591.32
819.51 1211.02 1810.85 3518.05 3434.22 2043.82
916.56 1314.38 1916.58 2963.82 3535.37 2383.16
675.58 968.8 1358.42 2557.35 2557.5 1774.62
956.04 1428.88 2132.76 3143.58 2826.09 1791.83
829.83 1191.83 1726.23 2673.51 2634.97 1808.5
769.21 1070.76 1442.75 2252.63 2469.53 1993.12
572.39 811.27 1178.75 1803.4 1767.35 1142.16
776.96 1090.25 1433.61 2278.31 2461.01 2010.56
326.67 560.44 592.33 3853.93 1532.84 831.03
497.28 698.18 1007.22 1532.55 1502.24 976.45
564.09 871.75 1162.96 3961.26 2223.06 1212.98
804.15 1143.76 1659.42 2636.75 2061.31 1288.25
727.76 1094.0 1512.21 3320.22 1906.54 1100.14
574.99 825.1 1203.56 1832.95 1952.25 1272.4
686.47 974.89 1408.45 2269.88 2594.75 1766.23
228.89 361.84 396.32 2005.53 795.65 452.02
190.18 240.1 314.59 421.09 386.74 277.09
884.11 1284.8 1800.31 2896.04 2529.22 1639.67
713.26 985.19 1260.77 1984.92 2389.19 2096.98
185.46 228.68 289.76 404.66 381.46 270.13
619.1 912.25 1278.15 2353.93 1978.54 1338.35
821.04 1206.28 1754.14 2687.54 2747.55 1928.17
772.63 1112.79 1541.21 2371.88 2478.96 1865.38
498.33 832.56 875.84 4963.98 2107.22 1071.68
643.81 885.17 1140.05 1925.5 2203.44 1768.01
823.01 1164.47 1662.53 2578.82 2586.81 1852.12
159.65 224.74 232.97 1184.59 501.02 307.66
621.63 957.52 1329.19 3824.85 2127.67 1143.91
491.51 677.42 983.35 1581.14 1335.35 824.86
146.55 169.61 205.77 264.53 295.63 226.02
265.32 460.34 488.23 4586.22 1431.73 718.37
375.43 588.47 592.08 3266.28 1592.44 1093.63
648.8 896.71 1137.13 1851.64 2254.35 1924.75
515.64 713.43 1004.43 1584.32 1312.57 873.56
531.84 745.89 1028.52 1627.84 1291.63 814.48
346.85 575.43 659.99 3933.11 1517.28 782.81
127.47 184.42 151.6 1239.08 397.48 220.73
485.55 787.31 926.89 4138.43 1572.63 817.85
485.61 775.82 773.9 4108.55 1844.81 1161.71
886.8 1301.78 1975.19 3470.57 3709.11 2225.86
569.3 763.76 948.69 1638.69 2079.84 1762.94
391.69 525.97 718.37 1124.15 1172.8 854.14
573.33 769.79 960.7 1650.44 2079.8 1758.28
619.21 976.02 1132.67 4370.57 2059.64 1132.87
662.3 932.8 1401.17 2130.36 1894.4 1137.45
84.93 213.18 93.2 4628.89 962.82 371.42
891.89 1311.35 1927.46 3137.59 3093.17 2011.46
883.72 1276.13 1915.28 3376.83 2697.34 1575.76
926.93 1338.55 1975.62 3027.35 3357.35 2190.51
816.59 1228.59 1816.77 3126.69 2524.41 1559.22
742.96 1104.9 1581.3 3545.77 2603.01 1599.28
419.71 611.84 844.45 1977.59 1463.08 926.22
866.25 1261.6 1744.67 3108.78 2587.62 1703.82
916.62 1331.43 1973.1 3097.3 2874.85 1856.77
440.78 593.25 762.11 1236.73 1457.85 1187.08
638.34 902.31 1336.44 2112.73 1924.48 1198.41
838.49 1228.89 1743.68 2780.77 2589.74 1843.96
956.48 1368.2 2079.67 3191.06 2837.61 1687.66
551.64 801.43 1173.88 1707.21 1536.85 989.0
791.79 1145.59 1592.43 2592.51 2104.27 1441.75
591.31 907.86 1164.69 3541.27 2250.99 1447.16
737.59 1112.11 1628.34 3836.59 3225.45 1866.41
576.86 896.91 1206.17 3917.85 2239.85 1327.58
536.88 832.0 1084.76 2610.32 1656.1 1003.18
771.29 1108.03 1566.11 2988.07 2346.24 1513.99
960.5 1432.87 2142.36 3160.0 2904.24 1850.33
812.88 1154.47 1560.82 2529.92 2357.52 1705.56
763.39 1135.92 1696.19 2529.63 2451.8 1624.76
469.82 714.26 944.09 2455.45 1654.71 1016.73
404.69 662.51 834.77 4276.26 1658.88 896.74
809.15 1156.93 1679.61 2593.26 2911.78 1957.56
588.76 794.66 1004.57 1725.96 2136.01 1769.1
906.95 1341.52 1981.56 2955.31 2790.12 1831.88
433.12 605.56 903.41 1358.85 1196.11 710.35
502.59 764.49 925.29 3052.18 1877.39 1347.13
768.63 1102.55 1622.68 2470.58 2729.88 1776.57
581.72 809.94 1115.65 1707.2 1950.43 1461.78
866.63 1250.73 1798.55 3293.97 2303.58 1414.49
559.68 880.1 1201.06 4108.4 2445.72 1479.45
391.34 552.57 793.25 1188.81 1303.92 876.84
662.92 931.81 1244.86 1983.03 2323.67 1825.24
629.51 949.13 1319.33 3578.59 2548.92 1545.71
429.58 593.39 880.05 1319.88 1173.4 702.07
541.49 836.22 1160.8 3320.07 1963.79 1083.66
618.59 874.8 1272.49 2117.13 1992.61 1225.97
806.73 1151.56 1586.09 2557.48 2185.3 1467.57
335.42 465.41 662.6 940.15 861.94 568.57
470.24 697.41 914.01 2340.9 1689.49 1118.04
850.48 1233.74 1821.87 2897.45 2663.09 1719.25
316.77 576.21 618.77 3996.2 1468.94 712.78
731.62 1113.41 1515.43 3524.1 1975.59 1131.37
241.48 421.29 465.55 2836.9 1142.09 596.23
660.58 936.0 1360.36 2073.7 2457.24 1642.77
790.0 1128.61 1484.37 2646.15 2459.99 1884.92
778.19 1089.58 1555.48 2567.72 2411.09 1634.67
976.99 1427.08 2008.39 3237.41 2798.13 1793.78
665.28 926.29 1262.02 1996.84 2151.43 1644.66
489.73 686.39 993.56 1500.77 1420.46 939.37
584.31 877.15 1184.76 3373.35 2250.13 1467.15
645.66 891.36 1126.1 1835.33 2271.24 1942.35
746.8 1107.15 1493.83 3258.43 2318.21 1387.35
828.31 1186.29 1727.83 2677.33 2593.59 1776.02
308.97 513.21 468.71 3695.82 1384.49 885.77
697.24 1024.16 1333.7 3090.2 2277.66 1608.97
196.63 347.35 291.39 2862.91 873.56 444.26
342.16 475.09 672.16 1281.97 953.64 563.91
211.7 438.77 394.35 4500.96 1444.15 655.14
616.37 845.26 1094.14 1817.68 2172.75 1771.68
634.42 917.81 1294.3 2224.87 2242.98 1531.84
869.06 1261.78 1814.29 2829.9 3111.69 2147.61
672.89 945.75 1254.58 2118.8 2271.16 1796.11
670.27 931.78 1245.19 2048.52 2439.75 1889.68
544.29 837.12 1008.18 2797.03 1628.64 986.47
697.49 1005.36 1400.47 2273.29 1946.17 1256.45
171.84 213.11 276.69 365.63 350.31 256.97
835.77 1219.44 1668.45 3221.86 2311.85 1449.0
465.43 659.18 920.97 1464.29 1044.65 650.08
824.32 1183.23 1745.96 2660.3 3144.26 2061.03
911.41 1306.22 1902.21 2944.08 3513.96 2374.16
167.34 396.6 238.37 4784.32 1374.19 602.59
731.56 1046.06 1422.65 2228.81 2488.4 1956.34
374.86 609.5 608.46 3928.89 1633.2 1102.98
560.35 769.2 1029.24 1669.03 1873.73 1454.54
106.34 109.68 114.73 123.13 124.72 115.65
615.55 1021.58 1205.63 4522.87 2694.64 1469.62
799.09 1154.3 1557.4 3036.47 2267.5 1535.27
575.04 935.42 1168.25 4066.79 2261.54 1321.45
297.71 422.77 578.73 1527.65 859.69 495.5
824.49 1175.86 1630.79 2566.93 2575.5 1824.65
548.45 847.5 1062.1 3962.03 1786.66 1024.81
800.76 1172.31 1674.34 2716.23 1911.52 1154.86
697.29 1076.56 1533.38 3655.88 2340.49 1384.59
682.95 1038.97 1417.2 3683.4 2330.42 1425.38
161.83 365.62 170.83 4910.53 1119.09 451.53
588.14 849.07 1234.5 2016.45 2029.8 1313.84
630.48 867.55 1081.72 1772.86 2213.47 1927.2
703.1 1076.77 1434.93 3572.98 2283.78 1375.44
576.14 866.74 1194.42 3677.25 2205.07 1267.21
532.2 786.61 999.4 3068.8 2222.32 1488.23
651.09 925.8 1212.46 2381.07 2370.53 1843.42
814.55 1152.06 1563.1 2463.63 2595.13 1970.28
862.91 1261.09 1821.19 3292.55 3388.4 2198.81
584.52 862.91 1291.75 1891.63 1788.32 1158.72
849.07 1243.51 1840.34 2832.91 3021.04 1948.9
944.53 1352.65 1970.11 3163.58 2456.17 1526.38
321.17 561.52 565.24 3971.61 1617.07 901.5
709.07 1002.94 1333.87 2158.14 2225.4 1698.32
161.16 192.24 231.1 308.85 328.81 273.51
539.16 830.43 1047.44 3864.3 1660.73 932.71
291.24 493.45 551.45 3459.03 1377.44 722.16
907.04 1319.77 1912.47 2960.76 3220.97 2203.76
712.72 1035.9 1507.59 2704.19 2261.05 1443.25
761.2 1092.96 1531.35 2455.37 2859.49 2088.87
784.17 1213.9 1797.72 3372.26 2672.2 1659.29
826.69 1201.67 1809.98 3287.44 2587.67 1502.78
732.25 1023.5 1390.53 2212.53 2410.04 1859.18
353.56 580.12 748.77 3972.8 1530.55 762.62
895.58 1321.66 1933.72 2887.01 2767.7 1864.95
958.83 1391.99 2034.61 3311.36 3716.56 2427.76
875.36 1296.07 1781.04 3484.84 2595.94 1632.69
923.15 1332.44 1959.91 3004.94 3339.37 2196.18
930.13 1347.45 1927.19 3041.53 2863.66 1815.25
648.26 953.66 1344.15 2728.06 2190.33 1375.08
555.68 889.04 1127.27 4018.73 2262.17 1333.14
731.45 1063.58 1468.29 3162.36 2531.13 1624.83
95.1 251.73 79.5 4903.76 918.45 331.15
802.84 1195.19 1787.33 3485.97 3374.12 1963.56
697.2 1133.95 1440.36 4018.22 2427.13 1483.9
297.93 516.67 591.83 4211.98 1477.34 686.54
459.65 677.02 894.54 2383.67 1548.37 976.64
791.87 1171.63 1777.3 3158.65 2488.11 1404.45
306.66 568.8 604.48 4041.42 1534.87 768.39
852.1 1251.02 1916.23 3221.42 2637.71 1497.99
924.9 1373.48 2020.87 3150.83 3500.07 2362.37
250.94 480.02 409.25 4163.35 1192.35 573.21
620.36 858.92 1146.87 1823.57 2027.09 1600.3
831.34 1182.88 1689.58 2647.86 3024.92 2104.32
378.16 672.18 504.65 4484.49 1324.12 625.74
667.54 1004.74 1452.3 2909.83 2558.76 1649.95
561.98 790.49 1122.67 1893.69 1416.23 889.35
756.06 1050.04 1401.6 2234.34 2415.68 1966.23
516.45 785.87 1031.05 3385.27 2119.15 1383.59
523.62 737.88 1040.61 1610.18 1495.18 943.3
611.88 831.35 1070.94 1829.61 2202.73 1776.42
207.61 447.12 345.17 4683.86 1404.0 612.27
808.75 1152.94 1623.01 2543.6 2636.93 1922.75
561.52 887.01 1203.67 3828.65 1901.05 1109.71
819.25 1221.99 1830.82 3781.22 3516.7 2045.06
441.04 610.03 874.98 1305.48 1533.35 1023.33
962.15 1416.12 2103.05 3245.45 3461.98 2227.99
297.35 579.83 305.19 5494.97 1234.0 491.48
564.67 849.93 1138.98 3075.26 2087.52 1308.91
679.8 952.9 1333.9 2107.64 1845.43 1306.14
805.56 1164.13 1714.48 2970.67 2397.9 1410.76
329.34 450.94 615.24 956.22 692.86 445.23
784.0 1157.82 1702.24 3529.35 3286.51 2007.44
932.02 1373.21 2104.36 3639.39 3895.37 2287.03
174.81 216.11 278.77 366.96 342.11 248.89
694.09 967.99 1268.81 2036.87 2457.96 1992.77
880.15 1280.97 1941.88 3251.67 2687.87 1538.42
792.24 1129.48 1563.42 2592.29 2551.92 1750.84
287.22 405.6 530.14 1461.13 909.67 559.78
802.96 1205.89 1733.8 3622.14 2492.41 1386.36
682.33 946.87 1238.95 1996.65 2311.87 1891.0
716.75 1033.15 1442.08 2303.08 1996.7 1290.92
66.62 260.89 102.98 4326.37 1087.58 402.59
332.88 592.13 552.8 4763.88 1608.93 766.74
204.91 422.14 265.06 4827.49 1201.58 517.65
898.92 1320.01 1917.9 2858.07 2766.81 1915.35
889.16 1279.16 1877.39 3319.9 2597.9 1528.35
322.25 434.42 610.02 898.31 852.18 577.26
504.36 779.59 783.5 2960.74 1896.07 1457.75
327.27 661.88 300.98 5774.45 1309.59 528.0
914.57 1321.56 1939.5 3003.77 2882.59 1929.27
931.39 1338.52 1988.21 3262.13 3124.85 1877.53
948.52 1365.46 2034.57 3330.97 3170.95 1890.19
805.24 1221.17 1784.82 3346.4 2506.85 1536.42
337.75 460.83 673.41 998.46 882.31 535.61
269.07 364.02 463.65 938.17 699.51 481.74
340.98 449.63 564.58 846.62 978.81 854.16
117.0 125.6 138.82 161.3 160.0 137.5
89.95 244.92 66.74 4915.11 906.88 323.48
219.27 282.22 377.71 537.31 545.07 380.62
807.2 1199.61 1768.85 3466.41 2504.62 1400.47
555.56 904.32 1036.21 4806.01 2341.75 1229.8
597.51 841.77 1128.62 1807.82 1778.88 1309.8
466.82 763.03 1012.97 3806.07 1884.35 964.71
734.64 1085.89 1610.14 2359.6 2117.86 1346.25
823.31 1221.82 1740.59 3568.01 3346.77 2126.6
167.71 260.46 264.48 1745.33 699.75 375.5
882.7 1254.45 1847.37 2863.13 2705.86 1763.29
699.21 967.14 1300.87 2155.98 2199.74 1677.84
458.69 756.0 920.41 4229.5 1889.27 975.55
350.05 469.0 667.46 1042.83 880.18 550.33
749.99 1090.75 1529.38 3380.08 2342.6 1422.31
485.93 749.41 1030.24 3954.37 1840.72 962.27
913.13 1302.61 1946.32 3221.16 2650.83 1568.97
813.69 1176.88 1644.77 2703.42 2156.72 1442.56
504.18 754.2 1013.5 3378.72 1664.07 915.16
756.72 1084.7 1595.57 2428.37 2683.05 1746.71
461.7 652.15 940.34 1419.6 1510.45 992.75
830.3 1178.44 1747.44 2695.0 2502.54 1593.4
901.19 1309.61 1866.82 3077.79 2790.33 1752.27
428.87 682.91 915.68 3770.2 1726.12 870.29
334.25 463.88 657.41 975.45 1068.01 724.62
896.29 1323.89 1940.47 3031.67 3400.95 2309.67
782.19 1107.2 1572.73 2715.01 2406.83 1625.72
254.53 481.87 334.54 3096.89 969.61 484.98
703.56 1087.27 1362.09 4296.93 2217.91 1208.8
677.97 944.38 1270.77 2023.64 2383.13 1887.66
749.79 1055.4 1437.54 2341.05 2471.29 1786.44
629.82 886.42 1174.72 1909.15 1873.85 1459.85
649.01 1006.81 1339.44 3911.08 2463.37 1472.2
590.47 801.1 1014.29 1727.01 2175.15 1809.81
848.94 1239.12 1906.94 3002.26 2580.47 1477.19
955.05 1394.94 2136.7 3497.02 3927.93 2371.12
579.18 807.14 1187.46 1906.81 1595.11 962.99
762.13 1101.81 1540.83 2465.18 2136.26 1378.55
335.12 562.02 642.33 4219.57 1563.25 861.72
771.7 1143.46 1698.32 2491.54 2235.68 1419.01
207.62 264.28 350.03 492.63 519.66 365.63
366.19 499.75 666.95 1029.71 943.23 667.19
351.03 477.72 676.06 1001.68 949.58 639.05
662.38 948.72 1240.38 2576.34 2394.33 1899.02
736.21 1112.28 1541.09 3730.64 3087.48 1926.08
732.78 1019.86 1326.5 2084.16 2485.67 2125.65
808.8 1200.16 1793.85 2629.47 2394.01 1510.74
788.58 1140.6 1626.61 2792.07 2632.79 1748.65
718.27 1070.49 1440.6 3736.72 2083.65 1216.96
374.31 708.19 442.8 5407.73 1460.03 661.51
928.44 1373.74 2013.06 3116.69 3475.61 2379.58
634.48 1009.59 1259.91 4255.06 2492.38 1483.03
512.93 807.6 1035.64 3828.78 1633.35 864.28
855.62 1246.36 1920.03 2953.47 2589.84 1491.07
406.31 575.82 828.88 1244.76 1365.79 916.77
950.22 1432.1 2159.6 3215.57 3088.38 2023.17
354.73 614.74 660.4 4223.0 1447.21 752.44
853.62 1236.41 1859.74 2883.45 2650.59 1646.34
817.46 1167.22 1684.05 2612.37 2571.2 1802.94
902.01 1281.74 1906.68 3109.72 2633.66 1594.63
836.75 1190.64 1700.89 2786.9 2835.35 1899.51
417.68 575.1 821.91 1222.94 1435.2 960.1
710.99 1086.96 1492.05 3754.02 2627.39 1600.82
395.43 617.16 719.15 2851.29 1692.3 1155.49
755.03 1117.53 1658.68 2548.03 2806.84 1846.63
644.78 998.46 1276.75 3896.67 1949.8 1113.23
665.84 978.25 1452.2 2119.27 1931.31 1226.19
574.92 825.57 1205.78 1841.29 1872.2 1217.39
331.41 454.11 619.89 963.95 698.22 448.34
495.41 686.65 939.88 1488.27 1652.18 1217.67
156.12 343.13 172.4 4571.96 994.05 407.38
923.06 1325.93 1927.58 2970.58 3537.15 2402.95
888.37 1278.96 1841.0 2880.79 2944.25 2008.24
620.4 889.78 1355.07 2066.55 1812.31 1053.47
648.35 1004.65 1424.5 3595.0 2219.37 1299.44
584.3 839.9 1227.62 1875.68 1907.2 1239.46
685.19 958.02 1295.74 2118.62 2442.03 1863.72
889.92 1286.04 1774.03 2864.03 2652.98 1832.36
892.5 1283.05 1912.69 3134.65 2967.67 1754.71
956.71 1370.14 2082.14 3233.91 2841.17 1683.89
768.46 1186.89 1550.45 3880.1 2644.45 1600.67
638.0 897.49 1291.48 2038.21 1598.55 1007.88
610.98 905.31 1236.52 2997.82 1955.7 1170.73
948.32 1382.76 1978.69 3215.68 2906.82 1790.98
572.83 770.29 963.56 1654.4 2079.0 1753.33
849.39 1215.13 1753.27 2838.89 3260.19 2252.02
520.35 745.63 1034.65 1965.1 1563.62 961.46
316.95 423.64 549.85 821.19 889.91 711.23
474.92 659.34 938.92 1428.05 1382.94 960.29
719.98 1063.08 1575.27 2417.03 2662.0 1753.16
223.33 394.48 330.6 4014.78 1130.64 700.66
517.76 820.93 961.73 4129.17 1715.67 922.87
145.11 167.92 203.01 262.66 259.22 199.52
906.11 1333.78 1967.64 3157.15 3137.5 2026.43
913.51 1332.73 1870.31 3062.63 2610.82 1673.64
106.71 246.11 128.11 4880.43 1056.96 438.52
900.63 1302.43 1808.2 2932.13 2664.43 1792.56
726.97 1007.56 1303.12 2048.45 2439.09 2100.72
88.7 226.04 107.1 4211.25 986.05 363.73
350.56 566.14 727.6 3826.61 1488.19 747.92
649.27 974.03 1355.67 3809.82 2602.5 1594.48
852.15 1218.1 1734.63 2694.69 3067.44 2157.34
707.42 985.29 1287.5 2018.49 2398.4 2032.16
695.39 984.98 1412.94 2185.42 2469.18 1689.39
809.43 1146.99 1704.16 2613.59 2406.48 1528.74
906.24 1374.15 2084.94 3221.42 2938.32 1871.72
728.73 1086.34 1484.79 3171.15 1910.81 1162.08
219.08 320.09 350.44 1440.9 799.04 555.66
180.83 327.83 299.52 3444.02 1029.89 469.49
635.81 890.71 1315.98 2120.35 1771.81 1064.98
798.13 1145.91 1598.02 3016.28 2717.7 1832.74
929.87 1347.49 1973.26 3153.89 3369.65 2199.1
609.58 895.65 1252.35 2838.57 1860.97 1055.9
758.91 1074.63 1424.04 2312.69 2429.05 1878.88
847.55 1205.44 1747.53 2886.26 2882.9 1851.0
140.97 290.81 201.95 4804.72 1076.27 456.26
680.83 1071.07 1515.41 3587.58 2335.3 1375.89
607.13 956.94 1071.82 4403.05 1802.89 966.57
598.36 887.42 1136.45 3160.36 2058.01 1412.61
484.49 748.07 1009.52 3778.86 1839.38 968.04
881.87 1252.05 1837.51 3019.27 2592.59 1634.77
327.69 437.5 604.24 920.26 734.19 484.22
909.2 1323.44 1824.69 3306.01 2376.75 1443.06
465.07 649.73 910.62 1401.47 1302.37 826.76
834.26 1192.65 1797.59 2931.0 2484.0 1475.79
174.16 210.68 269.66 383.47 368.29 254.83
798.79 1183.1 1588.92 3344.95 2174.26 1303.42
573.62 776.83 967.78 1784.96 2051.0 1705.7
881.52 1275.37 1947.62 3138.19 2669.58 1534.64
664.18 970.28 1338.3 2497.29 2382.3 1646.32
644.86 982.8 1370.88 3915.53 2199.94 1199.51
915.54 1345.96 1998.88 3090.19 3143.26 2018.8
494.21 775.83 943.42 3552.6 1950.01 1246.37
841.09 1190.66 1679.0 2716.61 2805.15 1976.31
264.46 347.62 475.55 693.01 680.46 462.81
581.84 809.39 1073.7 1760.08 1806.84 1353.01
609.37 873.05 1328.49 2024.89 1776.04 1033.27
904.26 1338.48 2032.1 3776.46 3811.63 2222.27
423.85 674.52 757.11 3780.81 1865.68 1190.79
750.69 1152.97 1443.17 4038.64 2390.0 1381.97
612.03 894.74 1323.62 1927.25 1757.16 1119.1
433.79 608.98 840.44 1800.06 1123.85 694.61
747.0 1123.64 1638.5 2963.99 2254.04 1398.61
712.63 995.65 1364.16 2206.35 2413.73 1823.33
692.72 1017.74 1449.79 3586.24 2218.6 1250.6
577.06 900.64 1225.99 3515.94 2144.81 1271.41
710.78 1013.43 1487.94 2258.94 2667.04 1753.62
369.38 677.32 623.65 4579.36 1482.75 726.98
919.43 1308.41 1943.57 2991.39 2774.73 1780.12
629.52 889.42 1269.08 1943.52 2187.01 1508.4
921.4 1311.96 1962.53 3195.52 2666.59 1585.25
839.31 1186.73 1648.85 2552.41 3049.09 2288.87
664.61 930.31 1261.8 1985.96 2410.36 1840.16
912.42 1322.99 1902.27 2995.08 2779.33 1723.44
518.13 832.64 1002.33 3866.44 1902.93 1078.7
881.13 1277.45 1896.07 3456.23 2689.69 1568.24
727.95 1007.75 1305.91 2051.14 2399.67 2070.1
356.25 491.5 685.79 1188.1 1040.06 676.5
768.69 1085.44 1598.11 2592.81 2226.1 1380.13
501.37 727.9 1003.15 1994.85 1222.0 730.04
698.08 1034.04 1427.44 2754.0 1757.73 1064.63
877.73 1289.69 1862.97 3379.49 2937.03 1857.61
110.91 207.21 131.35 2773.16 717.91 318.79
778.98 1144.67 1562.13 3521.23 2166.31 1287.44
441.12 688.43 883.76 3573.86 1666.94 966.61
706.49 971.78 1233.2 1943.98 2345.96 2086.37
702.23 1035.53 1533.01 2244.19 2014.79 1282.59
815.77 1170.35 1649.1 2997.42 2761.44 1847.62
919.8 1348.14 1984.92 3070.27 3300.3 2164.14
567.13 799.3 1205.6 1828.99 1621.38 953.33
521.12 826.42 905.78 3942.53 1857.2 1194.84
224.84 286.89 395.47 562.08 506.59 328.05
887.27 1300.89 1924.37 2979.92 3046.01 1972.43
282.28 514.8 524.48 4443.91 1523.94 739.88
822.38 1222.29 1853.92 3770.55 3532.5 2046.97
938.28 1359.88 1948.91 3069.96 2875.16 1813.86
854.05 1238.17 1770.39 3094.0 3103.94 2086.26
800.63 1138.0 1565.97 2443.76 2705.57 2081.62
902.66 1300.66 1909.05 2922.44 3246.79 2148.33
578.8 816.67 1010.43 2279.32 2143.72 1744.21
730.1 1030.96 1420.56 2293.52 2649.6 1960.05
974.16 1456.81 2187.72 3227.29 2932.78 1844.05
803.63 1201.6 1724.45 3406.33 2964.75 1869.89
911.3 1313.43 1858.96 2929.09 2820.76 1869.05
568.36 815.55 1190.51 1817.24 1847.72 1201.96
827.07 1203.92 1636.82 3107.32 2313.25 1485.89
531.47 769.69 1131.09 1639.75 1496.42 958.75
205.66 262.48 338.79 604.98 488.7 350.12
888.9 1344.1 1980.71 3375.65 2763.28 1712.97
778.78 1119.43 1601.56 3240.95 2383.78 1491.75
831.75 1270.44 1788.97 3341.54 2761.51 1847.75
960.24 1437.05 2145.89 3334.75 3656.35 2393.36
463.54 636.39 884.98 1402.89 1424.84 990.98
497.69 801.33 1006.74 3832.03 1808.93 1057.95
892.45 1283.04 1859.17 2869.61 2826.02 1958.64
908.25 1329.18 1953.97 3016.92 3241.86 2137.62
776.13 1136.87 1649.3 3493.57 2419.4 1399.61
183.21 326.4 303.17 3220.36 1013.77 503.34
896.79 1296.41 1902.24 2960.9 2937.29 1906.69
162.59 390.37 175.86 4321.39 1009.18 413.92
414.94 704.81 868.13 3920.44 1894.14 1028.23
378.74 577.75 722.88 2415.72 1223.12 679.9
695.65 1001.22 1364.85 3021.2 2285.67 1601.66
658.36 1041.64 1422.85 3776.47 2259.33 1323.68
771.4 1163.45 1562.51 3568.77 1964.56 1127.16
753.82 1129.83 1583.91 3115.11 2437.68 1636.73
587.73 822.36 1228.62 1861.11 1656.44 999.87
229.91 291.72 394.83 589.86 505.35 333.97
339.45 573.16 507.94 4077.92 1554.4 949.83
950.68 1367.09 1997.61 3063.42 3632.55 2453.81
397.15 669.07 832.44 4118.97 1766.32 862.1
975.47 1459.07 2191.46 3232.23 2935.64 1844.24
418.81 583.34 809.14 1251.15 1426.89 1028.76
613.36 834.92 1073.03 1810.07 2199.3 1795.36
947.79 1391.81 2058.62 3184.93 3413.12 2216.08
245.23 321.2 429.07 608.89 600.15 437.35
832.12 1185.74 1690.59 2731.3 3151.04 2232.55
895.81 1272.74 1897.17 2943.52 2728.3 1716.7
945.81 1444.1 2159.38 3516.14 3071.33 1943.49
843.95 1252.29 1757.9 3625.44 2813.31 1737.08
500.15 788.75 936.58 3418.33 1582.27 829.8
677.67 1031.05 1470.83 3086.71 2136.97 1303.04
907.04 1352.64 2028.62 2980.06 2711.96 1706.26
729.41 1127.83 1594.27 4083.57 3193.53 1811.62
663.16 920.55 1189.4 2087.39 2161.38 1808.02
934.44 1356.42 2005.53 3108.93 3045.26 1940.9
554.21 902.22 1054.76 4316.15 1961.63 1124.49
769.82 1094.66 1496.38 2413.64 2125.15 1467.69
589.84 868.9 1218.71 2744.2 1819.39 1047.64
543.77 845.0 1154.35 3534.27 1960.2 1193.62
367.33 505.72 744.74 1110.24 979.63 589.81
785.5 1197.89 1742.28 3522.29 2529.21 1530.0
747.76 1036.81 1371.21 2147.1 2425.93 2023.54
408.76 643.53 792.78 3838.85 1698.36 1029.79
783.05 1142.72 1686.95 2592.04 2763.59 1785.94
486.18 684.3 940.35 1479.47 1287.63 845.7
704.72 1010.53 1480.95 2280.59 2234.44 1434.11
428.01 680.13 878.32 2885.27 1528.79 874.5
859.94 1218.07 1776.1 2894.11 2570.25 1658.04
842.5 1257.02 1896.69 3802.68 3631.45 2097.76
569.94 875.02 1162.48 3251.36 2031.1 1305.8
368.09 600.87 492.03 3944.48 1470.14 902.76
693.72 994.02 1418.3 2216.58 2055.41 1281.93
645.99 926.09 1288.1 2050.32 1779.09 1154.28
472.27 751.13 857.45 3664.08 1925.9 1239.03
940.42 1364.71 2026.63 3130.01 2949.72 1911.55
625.08 859.64 1112.1 1736.34 2020.16 1737.47
540.17 837.88 1131.58 3990.18 2182.2 1285.44
431.87 792.01 608.72 5367.84 1554.26 726.89
974.56 1475.06 2241.6 3325.37 3155.14 2030.61
834.01 1175.48 1665.84 2620.17 2599.06 1878.77
915.63 1358.36 2010.2 2980.62 2793.32 1828.08
783.74 1137.68 1749.03 2683.83 2349.79 1352.75
876.01 1265.17 1855.01 2886.14 2863.62 1860.21
771.94 1152.03 1490.37 3703.94 2110.82 1226.88
353.5 654.05 603.14 4609.1 1457.78 711.93
772.75 1153.1 1701.79 2725.66 2288.69 1436.55
707.09 993.47 1369.31 2237.96 2395.28 1736.83
493.97 701.53 990.45 1466.53 1445.26 1021.36
462.72 816.98 650.6 5213.61 1530.92 720.6
921.22 1356.44 1956.48 3400.87 3044.47 1918.16
668.52 1003.55 1364.69 3192.99 2630.47 1777.93
255.27 419.97 405.55 2937.42 1105.17 587.55
417.99 632.99 827.79 2998.35 1755.35 1076.44
724.74 1064.2 1564.89 2307.79 2160.56 1418.92
316.41 575.33 667.92 4022.86 1881.23 967.77
354.51 490.44 690.36 1075.04 1053.46 698.3
441.96 612.74 878.75 1312.39 1445.0 957.45
807.23 1149.45 1601.97 2532.01 2713.59 1982.2
691.31 997.25 1239.39 2708.82 2347.63 1858.45
962.0 1398.0 2014.0 3173.0 2939.0 1816.0
69.0 191.5 59.0 4653.5 930.0 346.0
134.0 394.5 95.5 5146.0 1087.0 409.5
969.0 1403.0 2079.0 3181.0 3518.0 2279.0
155.0 368.0 123.0 5163.0 1156.0 447.0
89.8 263.8 87.2 4769.8 1060.5 381.0
971.0 1390.0 2115.5 3245.0 2879.5 1707.0
122.0 299.0 89.0 4632.0 914.0 354.0
72.0 203.8 71.8 4231.5 957.5 341.5
907.5 1325.5 2047.5 3151.5 2757.0 1579.5
948.0 1357.0 1978.0 3155.0 2462.0 1531.0
56.8 180.8 53.0 4412.8 873.5 325.0
119.5 322.5 80.5 4825.8 970.8 371.8
948.0 1376.0 2046.0 3146.0 2970.0 1921.0
911.0 1341.0 1922.0 3127.8 2196.5 1320.8
985.0 1493.5 2276.8 3372.5 3183.8 2033.8
76.2 218.5 55.5 4643.8 764.8 282.8
962.5 1390.0 1954.5 3151.5 2480.0 1527.0
959.5 1435.2 2145.2 3160.2 2832.8 1787.8
88.5 243.0 63.5 4918.0 903.5 321.0
978.0 1422.0 2105.0 3266.0 3199.0 2037.0
79.2 209.2 66.0 4931.0 970.2 374.0
222.2 574.0 104.8 5481.0 1198.8 463.2
992.0 1434.0 2127.0 3253.0 3849.0 2515.0
980.5 1432.2 2016.0 3245.2 2807.8 1800.2
966.0 1422.0 2112.0 3259.5 3477.0 2237.5
109.2 304.0 68.8 5231.2 1052.0 412.0
978.0 1434.0 2220.0 3640.0 4073.0 2397.0
81.5 229.5 75.0 4588.5 1023.0 369.5
937.0 1353.0 2081.0 3198.0 2826.0 1629.0
924.0 1316.0 1970.0 3207.0 2671.0 1584.0
102.5 315.2 89.5 4914.0 1200.8 467.0
980.0 1467.0 2194.0 3388.8 3736.5 2446.5
955.0 1376.0 2056.0 3368.0 3193.0 1885.0
977.5 1462.0 2197.0 3231.5 2940.0 1846.5
939.0 1381.8 2053.5 3176.2 3230.8 2074.0
265.0 540.0 222.0 5608.0 1151.0 427.0
83.0 265.0 84.5 4714.5 1156.5 420.5
245.0 494.0 207.0 5231.5 1090.0 397.0
304.0 635.0 236.5 5868.5 1229.5 464.5
138.0 335.0 114.0 4964.0 1063.0 407.0
53.8 244.8 74.8 4340.2 1057.2 381.2
560.0 749.0 922.0 1597.0 2053.0 1760.0
629.0 865.0 1077.0 1766.0 2207.0 1925.0
703.0 966.0 1222.0 1927.0 2335.0 2087.0
100.0 100.0 100.0 100.0 100.0 100.0
