0.0663
0.3865
0.4304
0.9559
0.1155
0.8271
0.8857
0.1748
0.191
0.0055
0.5576
0.8246
0.9611
0.7766
0.5448
0.3389
0.8657
0.6677
0.688
0.0626
0.9331
0.3843
0.8925
0.2648
0.2461
0.8819
0.7662
0.5977
0.8267
0.8225
0.5423
0.1361
0.011
0.6684
0.7033
0.0225
0.9357
0.7804
0.822
0.7708
0.456
0.4489
0.2485
0.0636
0.5191
0.67
0.3601
0.1062
0.8251
0.8285
0.0728
0.8472
0.5381
0.7333
0.5283
0.4777
0.0922
0.6697
0.9719
0.8962
0.8862
0.4292
0.7959
0.598
0.7206
0.2014
0.7322
0.0019
0.8959
0.6067
0.9547
0.7088
0.2753
0.1599
0.5298
0.8559
0.9752
0.598
0.4291
0.1656
0.2355
0.0286
0.8565
0.199
0.9021
0.9133
0.2862
0.1199
0.1006
0.6412
0.5152
0.7038
0.892
0.3713
0.7658
0.5674
0.0237
0.9923
0.4362
0.4475
0.6341
0.3835
0.4886
0.0531
0.6745
0.3992
0.4108
0.3888
0.7234
0.4889
0.5718
0.3158
0.9678
0.0035
0.6012
0.5717
0.1916
0.5942
0.8723
0.9174
0.718
0.8294
0.6404
0.9815
0.0266
0.3215
0.8873
0.7828
0.3012
0.3209
0.3342
0.5136
0.2416
0.5717
0.6768
0.9009
0.9127
0.1715
0.5096
0.7311
0.7282
0.3332
0.58
0.3213
0.88
0.2799
0.8368
0.6056
0.783
0.153
0.4528
0.9957
0.3101
0.6184
0.0953
0.3792
0.6142
0.4649
0.4359
0.0037
0.4862
0.8811
0.6347
0.0491
0.06
0.3855
0.3159
0.5655
0.0783
0.3078
0.1415
0.8854
0.225
0.3283
0.2434
0.7763
0.3873
0.6012
0.5251
0.3156
0.834
0.2553
0.2647
0.7589
0.6457
0.4358
0.9932
0.5017
0.4453
0.4841
0.21
0.5819
0.7977
0.9492
0.6647
0.4673
0.3326
0.4647
0.6384
0.1283
0.5086
0.0297
0.6061
0.9834
0.246
0.5303
0.1916
0.731
0.648
0.5853
0.3629
0.3964
0.3897
0.5318
0.6156
0.7087
0.5328
0.1998
0.3023
0.1457
0.5249
0.3709
0.3404
0.9448
0.3631
0.1886
0.4024
0.3667
0.9415
0.9253
0.2578
0.2594
0.6107
0.3538
0.088
0.1654
0.3754
0.8296
0.1792
0.2024
0.9233
0.845
0.0511
0.6415
0.3409
0.0055
0.8872
0.6805
0.5647
0.4718
0.8422
0.5269
0.6247
0.7265
0.416
0.8549
0.3883
0.7306
0.5757
0.6586
0.93
0.1673
0.41
0.5772
0.4553
0.3888
0.8502
0.9314
0.0513
0.6729
0.0031
0.5564
0.1445
0.9217
0.5728
0.0316
0.8978
0.0778
0.5729
0.308
0.4043
0.9085
0.972
0.0336
0.6433
0.3113
0.7087
0.6521
0.2381
0.1033
0.7816
0.0644
0.6851
0.1555
0.6488
0.31
0.0239
0.8723
0.1472
0.5777
0.4518
0.0092
0.9701
0.4688
0.1882
0.5827
0.0069
0.6498
0.9497
0.0625
0.9566
0.1517
0.9867
0.8004
0.0029
0.2528
0.852
0.6027
0.3596
0.7906
0.8129
0.4301
0.3591
0.8245
0.1808
0.5934
0.3185
0.6463
0.894
0.5637
0.3248
0.8928
0.9104
0.5295
0.1198
0.6614
0.998
0.0476
0.9035
0.8413
0.055
0.6381
0.1046
0.269
0.5181
0.6247
0.4994
0.1127
0.0749
0.9027
0.4993
0.166
0.3582
0.1439
0.4357
0.5723
0.2694
0.0804
0.9341
0.0841
0.3679
0.4886
0.3033
0.6637
0.3204
0.0544
0.9355
0.2921
0.2714
0.2917
0.7105
0.7191
0.8529
0.9299
0.567
0.0303
0.5605
0.1948
0.0613
0.9889
0.7604
0.2108
0.7031
0.0211
0.5915
0.3836
0.7626
0.7383
0.4987
0.5744
0.962
0.7576
0.4403
0.3105
0.8158
0.7224
0.2822
0.021
0.9388
0.3513
0.9352
0.9433
0.8104
0.1472
0.6201
0.583
0.6445
0.8334
0.1434
0.9839
0.6711
0.4743
0.6357
0.2454
0.8967
0.7158
0.0507
0.1372
0.3349
0.7714
0.8363
0.9899
0.0685
0.9852
0.4259
0.6488
0.162
0.3725
0.8993
0.5383
0.9849
0.6413
0.7215
0.3302
0.7371
0.6227
0.9159
0.6005
0.7184
0.2304
0.0801
0.4173
0.0762
0.3434
0.1677
0.7022
0.5054
0.3407
0.2025
0.0474
0.7881
0.0069
0.121
0.0026
0.6943
0.3199
0.8134
0.0146
0.152
0.9086
0.4948
0.4903
0.6077
0.9344
0.6978
0.6079
0.6116
0.6835
0.5913
0.4959
0.3055
0.0983
0.9114
0.1385
0.8706
0.2109
0.8617
0.7976
0.1423
0.4113
0.4886
0.8105
0.9833
0.2427
0.7333
0.6309
0.2403
0.3069
0.3371
0.1321
0.5143
0.0132
0.0138
0.7496
0.3873
0.9676
0.9222
0.5563
0.7581
0.0422
0.5029
0.0214
0.0503
0.7271
0.8939
0.8465
0.5315
0.354
0.3788
0.0478
0.5058
0.5445
0.2251
0.2028
0.3718
0.1925
0.9633
0.4174
0.9393
0.8403
0.3058
0.2954
0.3659
0.2597
0.3779
0.6569
0.721
0.1714
0.5937
0.0535
0.0293
0.7353
0.274
0.8515
0.5946
0.3359
0.3743
0.6445
0.3711
0.0872
0.6535
0.1788
0.7231
0.7301
0.48
0.7612
0.2998
0.4952
0.7543
0.9986
0.2386
0.4344
0.1054
0.4512
0.5363
0.5523
0.9936
0.7278
0.1172
0.9659
0.4512
0.1464
0.4208
0.7211
0.6181
0.0426
0.4747
0.7602
0.9301
0.0777
0.4689
0.51
0.1481
0.1506
0.9712
0.0923
0.0679
0.9151
0.3531
0.4908
0.8409
0.1891
0.1352
0.3663
0.3551
0.816
0.9475
0.6415
0.0958
0.3496
0.265
0.8629
0.3338
0.2848
0.9388
0.678
0.6196
0.1638
0.2287
0.3961
0.4052
0.4811
0.4891
0.1038
0.2607
0.7791
0.7598
0.4008
0.9689
0.7152
0.2961
0.3641
0.9121
0.1946
0.5563
0.9244
0.1373
0.0992
0.3866
0.3537
0.1051
0.6744
0.0682
0.6917
0.2169
0.3286
0.0442
0.0632
0.4508
0.5225
0.4963
0.9101
0.0422
0.0678
0.1622
0.4284
0.8498
0.1701
0.0554
0.0408
0.0653
0.1455
0.7671
0.6699
0.4113
0.8297
0.3084
0.4401
0.6786
0.9831
0.4137
0.9692
0.4296
0.5188
0.4783
0.0044
0.4822
0.0157
0.2551
0.5043
0.5282
0.541
0.3215
0.6874
0.2143
0.3298
0.3578
0.8735
0.1958
0.5341
0.3376
0.3467
0.4883
0.7949
0.0737
0.7552
0.6117
0.9147
0.7966
0.3648
0.5306
0.5113
0.1358
0.516
0.67
0.2612
0.8645
0.3215
0.3531
0.0971
0.0363
0.4717
0.1176
0.384
0.4735
0.4294
0.6429
0.6633
0.8134
0.0902
0.1155
0.5359
0.8508
0.1547
0.0446
0.8746
0.2851
0.7046
0.4632
0.4559
0.3274
0.2771
0.6414
0.1702
0.1713
0.997
0.2043
0.0497
0.3607
0.4003
0.3855
0.1144
0.0622
0.4693
0.0512
0.814
0.4669
0.2151
0.1263
0.0758
0.9709
0.9196
0.3789
0.8749
0.8963
0.5144
0.8566
0.6283
0.8644
0.8079
0.025
0.9112
0.6003
0.9846
0.8757
0.0577
0.0051
0.4734
0.2974
0.0375
0.0368
0.7748
0.921
0.6033
0.8585
0.9528
0.1663
0.6512
0.4169
0.9169
0.9953
0.917
0.2032
0.9166
0.9641
0.8516
0.1865
0.9304
0.0788
0.767
0.7972
0.6819
0.8106
0.0612
0.4809
0.7314
0.9362
0.6213
0.8003
0.0215
0.2128
0.6815
0.0374
0.5169
0.6978
0.7957
0.9026
0.9793
0.1932
0.0707
0.1001
0.0187
0.7622
0.4512
0.0271
0.3442
0.056
0.265
0.5442
0.1127
0.2864
0.3463
0.0069
0.6866
0.2594
0.4727
0.9206
0.8653
0.7138
0.513
0.1156
0.5403
0.6825
0.6536
0.1965
0.0606
0.3274
0.1116
0.2993
0.4467
0.0441
0.8801
0.0753
0.3449
0.8228
0.2124
0.0718
0.7288
0.003
0.5882
0.2383
0.2416
0.2054
0.171
0.2187
0.6518
0.2331
0.1317
0.4592
0.4776
0.1213
0.4644
0.711
0.1009
0.8452
0.5199
0.4524
0.4814
0.3807
0.4867
0.68
0.3175
0.1927
0.4056
0.1537
0.49
0.2694
0.2348
0.0759
0.0737
0.6244
0.7235
0.0188
0.5691
0.4802
0.7818
0.5784
0.7888
0.6055
0.0247
0.3268
0.88
0.5404
0.2265
0.7619
0.945
0.474
0.29
0.0583
0.076
0.5951
0.8824
0.9982
0.8483
0.4693
0.0413
0.9264
0.5706
0.1102
0.8303
0.2279
0.2162
0.305
0.7974
0.329
0.0158
0.6154
0.9088
0.3493
0.4026
0.954
0.7762
0.0914
0.4873
0.03
0.0141
0.238
0.4468
0.215
0.7352
0.7926
0.7857
0.4119
0.1093
0.7461
0.6265
0.1356
0.7056
0.273
0.1059
0.6866
0.8052
0.9319
0.2392
0.2654
0.6467
0.2055
0.6344
0.2432
0.6767
0.4486
0.694
0.8192
0.2003
0.3742
0.6161
0.4477
0.3266
0.0563
0.1134
0.6439
0.79
0.5044
0.3832
0.4101
0.6502
0.6042
0.6597
0.2816
0.3894
0.2549
0.8616
0.4146
0.2188
0.1274
0.0539
0.4453
0.5147
0.0227
0.7929
0.009
0.918
0.3845
0.8722
0.9125
0.777
0.7537
0.4455
0.6853
0.8071
0.9346
0.9828
0.6045
0.5036
0.3272
0.1541
0.8267
0.6922
0.5192
0.6534
0.3104
0.5555
0.1511
0.7619
0.1789
0.5357
0.5442
0.1791
0.795
0.2661
0.4268
0.091
0.4333
0.3915
0.0077
0.5442
0.6727
0.6069
0.6174
0.8116
1.0
0.0
0.0
1.0
0.0
0.0
1.0
0.0
0.0
1.0
1.0
0.0
0.0
1.0
1.0
1.0
0.0
1.0
1.0
0.0
1.0
0.0
0.0
1.0
1.0
1.0
0.0
1.0
0.0
1.0
1.0
0.0
1.0
1.0
1.0
1.0
0.0
0.0
0.0
0.0
0.0
0.0
0.0
0.0
0.0
0.0
