0.7863
0.821
0.2984
0.4208
0.6189
0.721
0.9518
0.1267
0.3798
0.4727
0.0691
0.4295
0.4766
0.3171
0.6842
0.101
0.9408
0.9719
0.7401
0.6464
0.7069
0.0536
0.6535
0.6624
0.5401
0.6961
0.7425
0.4942
0.3555
0.9154
0.4155
0.2142
0.5928
0.8255
0.297
0.9485
0.4936
0.2216
0.0996
0.3104
0.4912
0.5098
0.3678
0.8446
0.9474
0.1758
0.8692
0.9853
0.5625
0.1688
0.3201
0.5935
0.9695
0.1702
0.4331
0.8112
0.2532
0.5764
0.0935
0.5369
0.1302
0.1988
0.2533
0.5212
0.5315
0.6849
0.5659
0.945
0.1166
0.4936
0.0209
0.3633
0.5591
0.2247
0.1716
0.7778
0.9912
0.1205
0.9894
0.6498
0.169
0.7492
0.6401
0.072
0.1051
0.3304
0.2478
0.0897
0.5979
0.6929
0.0529
0.4679
0.4855
0.9601
0.9186
0.1198
0.0022
0.6915
0.4532
0.9069
0.9495
0.7556
0.9836
0.9604
0.365
0.8574
0.9212
0.2387
0.1179
0.2339
0.7164
0.5042
0.3819
0.4268
0.7723
0.5251
0.8231
0.257
0.4908
0.9225
0.2347
0.912
0.1274
0.9615
0.4196
0.7707
0.6876
0.9182
0.7261
0.1464
0.3717
0.5257
0.9043
0.6624
0.6723
0.3144
0.0061
0.7969
0.1799
0.4873
0.7933
0.0577
0.6161
0.2717
0.172
0.9339
0.0777
0.7318
0.1436
0.9364
0.7908
0.7109
0.3858
0.7434
0.4813
0.1524
0.5162
0.0516
0.0222
0.224
0.8664
0.7649
0.8543
0.4535
0.5231
0.1058
0.965
0.7448
0.2936
0.9808
0.6824
0.9155
0.4941
0.1854
0.8161
0.3371
0.1036
0.634
0.1047
0.4828
0.202
0.615
0.2756
0.6366
0.9208
0.1682
0.8444
0.1145
0.8951
0.637
0.2956
0.6104
0.6703
0.7037
0.2604
0.9391
0.6467
0.3494
0.2336
0.7645
0.9495
0.7886
0.1873
0.2979
0.451
0.0804
0.5048
0.7862
0.3242
0.4539
0.0705
0.4556
0.1069
0.3523
0.8553
0.274
0.1716
0.5166
0.3001
0.2045
0.9439
0.0354
0.8544
0.471
0.8639
0.0736
0.0742
0.1305
0.8942
0.9555
0.8854
0.9798
0.2889
0.1266
0.4531
0.3265
0.8344
0.8232
0.8567
0.8275
0.9022
0.9185
0.3275
0.2723
0.5649
0.0342
0.6243
0.7862
0.4831
0.7287
0.0562
0.1188
0.4729
0.2809
0.9527
0.6436
0.9534
0.5649
0.4139
0.4353
0.2548
0.2965
0.7039
0.4054
0.4051
0.0839
0.5732
0.2971
0.0959
0.3825
0.4052
0.6079
0.5149
0.0313
0.5125
0.0674
0.4096
0.6684
0.2061
0.2162
0.1077
0.281
0.633
0.1779
0.1448
0.1431
0.441
0.081
0.2577
0.9258
0.14
0.5054
0.5905
0.2945
0.526
0.9313
0.2503
0.6612
0.5475
0.2483
0.1417
0.6345
0.3499
0.8568
0.5899
0.6846
0.07
0.5253
0.0478
0.9726
0.848
0.555
0.5916
0.9347
0.4998
0.8485
0.1566
0.5086
0.3675
0.3068
0.9611
0.4226
0.7286
0.5236
0.3531
0.2955
0.4826
0.825
0.8809
0.022
0.3099
0.9347
0.9701
0.8742
0.6555
0.478
0.8032
0.2352
0.1175
0.257
0.4841
0.7634
0.1907
0.6579
0.2641
0.8674
0.0376
0.5919
0.49
0.8932
0.9716
0.622
0.3735
0.7304
0.892
0.315
0.213
0.1858
0.064
0.2157
0.1492
0.8403
0.0355
0.2936
0.2794
0.3951
0.853
0.8276
0.6529
0.3134
0.8988
0.3354
0.5619
0.5483
0.0066
0.489
0.0272
0.9741
0.521
0.912
0.0702
0.6166
0.1114
0.4278
0.0657
0.9817
0.6006
0.901
0.8558
0.6374
0.351
0.2533
0.4827
0.9942
0.5245
0.1056
0.5327
0.2208
0.1773
0.372
0.4493
0.3773
0.5925
0.9423
0.0714
0.982
0.7426
0.6824
0.7588
0.0202
0.8993
0.1509
0.3591
0.0707
0.7689
0.0926
0.4436
0.7003
0.3543
0.866
0.4984
0.9161
0.9916
0.1979
0.4156
0.8042
0.9736
0.9414
0.1028
0.238
0.5687
0.9031
0.4723
0.5934
0.8297
0.1463
0.3033
0.1679
0.7671
0.7231
0.3775
0.2332
0.1313
0.3939
0.3877
0.595
0.0385
0.4362
0.5672
0.907
0.4494
0.3316
0.9531
0.6865
0.9833
0.8322
0.0179
0.389
0.2337
0.1056
0.5383
0.9286
0.0526
0.3943
0.0748
0.6486
0.2804
0.6536
0.6811
0.1157
0.8602
0.3868
0.9819
0.0024
0.4279
0.6397
0.9411
0.6305
0.3572
0.637
0.1384
0.4262
0.2544
0.6424
0.6917
0.6457
0.7864
0.4994
0.0088
0.1239
0.5667
0.0119
0.6769
0.3284
0.1152
0.4534
0.4105
0.661
0.045
0.4723
0.2348
0.1741
0.2255
0.457
0.475
0.6916
0.0479
0.6367
0.5336
0.9124
0.0518
0.8822
0.7246
0.7493
0.6918
0.056
0.0523
0.1046
0.3571
0.4002
0.4317
0.7738
0.438
0.5661
0.1687
0.204
0.5206
0.333
0.8819
0.4904
0.2533
0.2115
0.4299
0.9227
0.1692
0.8921
0.081
0.388
0.7855
0.3874
0.5108
0.7646
0.7892
0.8872
0.6781
0.8877
0.1546
0.8106
0.485
0.7834
0.2448
0.1939
0.3866
0.4614
0.2126
0.4357
0.687
0.139
0.2406
0.7427
0.7706
0.0055
0.3407
0.0423
0.9533
0.2073
0.9401
0.417
0.8033
0.8247
0.0645
0.7644
0.0038
0.4139
0.8409
0.9529
0.8795
0.1718
0.6145
0.1544
0.5369
0.0475
0.1512
0.2163
0.0313
0.0346
0.9544
0.8132
0.1297
0.8603
0.8673
0.6238
0.9378
0.0568
0.9434
0.1186
0.9234
0.5009
0.6271
0.314
0.3124
0.1501
0.5625
0.2715
0.4201
0.0847
0.3318
0.4477
0.9849
0.0683
0.3691
0.5656
0.038
0.5155
0.2721
0.5906
0.8507
0.6498
0.3325
0.6696
0.6231
0.8543
0.6031
0.6686
0.4556
0.1991
0.9284
0.2847
0.662
0.3187
0.9319
0.1588
0.3628
0.0726
0.266
0.9874
0.3553
0.4983
0.7731
0.9372
0.0511
0.7279
0.6896
0.639
0.0878
0.3408
0.16
0.6037
0.3938
0.0844
0.8809
0.7804
0.2166
0.2306
0.5126
0.0993
0.0102
0.7328
0.3089
0.5738
0.0149
0.5979
0.5046
0.7648
0.7506
0.9379
0.744
0.5545
0.0863
0.3513
0.0569
0.0635
0.3261
0.0263
0.3716
0.2547
0.3784
0.1778
0.4144
0.8303
0.0892
0.1754
0.8666
0.1452
0.0455
0.5494
0.1384
0.0961
0.8351
0.8395
0.8607
0.869
0.6993
0.2863
0.296
0.5809
0.0214
0.879
0.7977
0.5306
0.1358
0.0078
0.7432
0.2686
0.8798
0.2502
0.9407
0.2469
0.247
0.8729
0.3659
0.7359
0.962
0.0781
0.6411
0.4857
0.3677
0.264
0.661
0.5194
0.2195
0.853
0.0918
0.874
0.1328
0.1515
0.9785
0.9881
0.1594
0.1506
0.7868
0.1478
0.0884
0.7169
0.5595
0.7008
0.0245
0.7887
0.6713
0.2313
0.0094
0.7937
0.2989
0.8019
0.5623
0.1578
0.7817
0.5699
0.6634
0.5605
0.1541
0.3689
0.8214
0.468
0.6402
0.2226
0.7979
0.4067
0.3396
0.0943
0.083
0.2701
0.2572
0.0351
0.64
0.7086
0.0353
0.9897
0.5545
0.9844
0.562
0.6806
0.2794
0.501
0.9637
0.4919
0.7305
0.5525
0.1556
0.0241
0.9221
0.2865
0.1849
0.2343
0.6559
0.078
0.2937
0.3797
0.079
0.8361
0.2106
0.7081
0.6111
0.1726
0.2062
0.4992
0.0857
0.4474
0.173
0.6705
0.9303
0.8181
0.9763
0.701
0.2482
0.4673
0.0455
0.3589
0.9189
0.9352
0.001
0.2495
0.5047
0.9313
0.9183
0.6747
0.3411
0.1998
0.6378
0.6705
0.9969
0.303
0.7387
0.75
0.8145
0.5468
0.6881
0.669
0.8377
0.0885
0.1744
0.1179
0.4713
0.9662
0.3837
0.4741
0.5814
0.0017
0.935
0.9529
0.4508
0.4554
0.326
0.6529
0.7893
0.9588
0.6931
0.9595
0.6925
0.6468
0.1814
0.3366
0.6608
0.7927
0.6703
0.7221
0.085
0.5236
0.9359
0.486
0.5124
0.7309
0.8671
0.4387
0.9565
0.0592
0.2248
0.8653
0.8051
0.2961
0.1426
0.8139
0.2883
0.1756
0.5435
0.672
0.2466
0.671
0.0923
0.1122
0.6346
0.9053
0.6958
0.1457
0.6039
0.865
0.0954
0.9595
0.3253
0.6322
0.9568
0.1543
0.8353
0.4439
0.8957
0.0542
0.7611
0.3099
0.8822
0.3133
0.1738
0.401
0.4601
0.6028
0.9255
0.1957
0.7458
0.4064
0.5
0.5908
0.3198
0.1836
0.7061
0.349
0.8666
0.714
0.8036
0.1498
0.0452
0.4389
0.1051
0.7427
0.0415
0.6192
0.3867
0.4048
0.7013
0.5553
0.3682
0.9325
0.4521
0.4467
0.4915
0.5668
0.8292
0.1712
0.9342
0.8136
0.2425
0.7823
0.2037
0.1464
0.9536
0.4501
0.7419
0.1591
0.5373
0.8556
0.5115
0.006
0.0433
0.2366
0.8064
0.9756
0.3643
0.707
0.1404
0.4011
0.4556
0.7578
0.9577
0.1828
0.303
0.3773
0.1891
0.9047
0.1925
0.3289
0.8257
0.2945
0.6494
0.412
0.7541
0.4086
0.6648
0.9806
0.6971
0.1354
0.592
0.3099
0.0233
0.1496
0.657
0.5697
0.0286
0.7635
0.6692
0.558
0.7926
0.7315
0.2351
0.9942
0.6309
0.6259
0.3542
0.2504
0.0301
0.745
0.2592
0.0055
0.0
0.0
0.0
0.0
0.0
0.0
0.0
0.0
0.0
0.0
0.0
0.0
0.0
0.0
0.0
0.0
0.0
0.0
0.0
0.0
0.0
0.0
0.0
0.0
0.0
0.0
0.0
0.0
0.0
0.0
0.0
0.0
0.0
0.0
0.0
0.0
0.0
0.0
0.0
0.0
0.0
0.0
1.0
1.0
1.0
1.0
1.0
1.0
1.0
1.0
1.0
1.0
1.0
1.0
1.0
1.0
1.0
1.0
1.0
1.0
1.0
1.0
1.0
1.0
1.0
1.0
1.0
1.0
1.0
1.0
1.0
1.0
1.0
1.0
1.0
1.0
1.0
1.0
1.0
1.0
1.0
1.0
1.0
1.0
1.0
1.0
1.0
1.0
1.0
1.0
1.0
1.0
1.0
1.0
1.0
1.0
1.0
1.0
1.0
1.0
1.0
1.0
1.0
1.0
1.0
1.0
1.0
1.0
1.0
1.0
1.0
1.0
1.0
1.0
1.0
1.0
1.0
1.0
1.0
1.0
1.0
1.0
1.0
1.0
1.0
1.0
1.0
1.0
1.0
1.0
1.0
1.0
1.0
1.0
1.0
1.0
1.0
1.0
1.0
1.0
1.0
1.0
1.0
1.0
1.0
1.0
1.0
1.0
1.0
1.0
1.0
1.0
1.0
1.0
1.0
1.0
1.0
1.0
1.0
1.0
1.0
1.0
1.0
1.0
1.0
1.0
1.0
1.0
1.0
1.0
1.0
1.0
1.0
1.0
1.0
1.0
1.0
1.0
1.0
1.0
1.0
1.0
1.0
1.0
1.0
1.0
1.0
1.0
1.0
1.0
1.0
1.0
1.0
1.0
1.0
1.0
1.0
1.0
1.0
1.0
1.0
1.0
1.0
1.0
1.0
1.0
1.0
1.0
1.0
1.0
1.0
1.0
1.0
1.0
1.0
1.0
1.0
1.0
1.0
1.0
1.0
1.0
1.0
1.0
1.0
1.0
1.0
1.0
1.0
1.0
1.0
1.0
1.0
1.0
1.0
1.0
1.0
1.0
1.0
1.0
1.0
1.0
1.0
0.0
