239.72 360.22 355.35 1974.63 702.64 366.54
266.84 558.56 417.47 4844.79 1468.6 701.37
916.28 1319.06 1896.46 3268.91 2401.12 1479.73
633.75 978.55 1069.09 3773.31 2268.19 1795.01
348.11 559.27 675.66 3120.63 1590.37 888.44
797.18 1197.42 1766.65 3925.01 3425.05 1968.62
682.28 1084.89 1319.94 3884.66 1861.31 1035.14
362.89 521.6 572.64 1856.31 1078.22 826.31
432.28 677.62 905.26 4044.33 1723.53 882.97
572.53 889.05 1034.88 3980.38 2024.5 1337.68
299.95 525.05 429.59 4296.94 1352.38 845.82
684.55 971.86 1152.08 2505.22 2069.85 1817.04
291.65 528.53 462.34 4382.59 1595.32 952.47
93.43 181.68 79.15 2851.93 558.94 226.23
204.66 375.76 345.01 4698.32 1285.8 604.35
237.49 527.96 186.97 4368.02 1082.67 498.21
83.63 151.29 91.07 1602.03 439.07 199.61
315.46 430.98 504.45 1237.15 934.12 783.51
123.94 248.04 108.82 3164.15 706.66 293.4
603.25 900.07 1236.79 2986.73 1597.4 920.71
959.32 1369.96 1720.68 3263.42 2928.65 2419.6
316.14 518.86 527.72 4007.82 1483.11 1004.91
641.94 916.92 1303.42 2057.29 1890.34 1180.55
636.69 980.62 1273.25 3895.36 2106.55 1202.34
1020.09 1447.71 1769.98 3183.95 3069.21 2781.6
266.82 456.36 446.07 4102.18 1338.34 815.02
887.1 1270.43 1883.33 3281.25 2593.01 1528.4
104.55 200.92 84.57 2638.33 570.94 254.34
986.15 1413.5 1955.7 2926.45 3224.08 2481.63
817.3 1216.02 1696.96 3617.13 2621.92 1635.11
104.84 273.34 157.42 3550.47 990.96 445.22
200.25 358.66 250.29 3123.26 889.33 516.12
241.93 416.98 302.12 3247.06 857.36 387.3
507.39 788.21 1000.22 3976.18 1833.13 1045.4
452.92 636.06 868.07 1415.59 1196.9 784.97
315.79 444.35 592.83 1282.02 1009.78 649.76
337.23 594.49 522.06 4700.72 1601.4 865.44
353.28 571.64 719.36 3613.3 1633.26 917.24
357.68 546.71 546.27 2812.87 1260.44 926.69
596.84 872.61 1014.0 2834.53 1991.88 1654.41
586.69 880.73 1016.44 3437.32 1955.68 1483.82
578.44 871.94 977.89 3854.4 2125.46 1657.25
97.23 108.18 96.33 507.11 174.21 121.99
396.26 644.11 712.92 4317.24 1793.11 1104.81
896.24 1302.86 1802.88 3318.13 2961.9 2102.26
76.57 269.52 116.84 4237.1 1088.94 427.95
276.33 514.2 381.02 4880.71 1427.69 849.52
346.94 571.68 592.93 4196.51 1513.56 994.06
438.55 649.22 697.86 2669.61 1448.18 1144.9
654.22 980.7 1306.14 3680.33 1911.42 1112.37
863.95 1230.92 1597.39 3036.33 2844.1 2311.44
323.35 656.54 279.66 5784.63 1281.13 527.19
205.35 375.17 229.69 2467.83 763.55 387.06
664.53 1033.42 1352.58 4312.43 2776.22 1535.06
84.56 128.88 83.2 1641.46 376.46 180.42
125.8 275.63 162.59 4284.25 831.77 352.05
91.8 179.6 92.52 2326.08 609.67 254.61
115.04 230.3 98.01 2332.55 536.69 236.94
836.94 1227.05 1797.63 3303.87 2708.73 1722.11
86.6 170.33 78.1 3211.27 660.43 276.46
448.89 688.69 915.73 2840.13 1711.81 1015.52
117.5 200.71 171.19 2433.65 621.45 286.15
290.43 464.59 433.7 3042.4 1171.25 806.71
647.09 960.94 1160.42 3597.86 2301.34 1787.77
929.83 1346.9 1806.34 3499.43 3282.24 2431.84
103.38 129.25 99.55 601.25 198.04 130.74
89.43 231.44 66.45 4528.47 838.54 303.13
181.44 350.48 335.63 4238.1 1206.54 572.1
822.81 1223.28 1852.04 3741.32 3539.36 2044.92
918.34 1320.08 1597.21 3385.66 2913.37 2550.28
160.52 375.25 136.91 5148.4 1172.79 460.26
305.84 553.51 531.51 3907.52 1612.48 1030.85
819.92 1191.04 1487.91 3239.31 2766.07 2260.75
528.24 808.64 1139.22 3762.14 1919.28 1023.44
476.61 715.32 825.62 2929.1 1648.01 1209.91
222.85 492.12 275.28 4767.98 1275.81 643.09
506.83 831.52 869.32 4733.87 1759.85 906.69
165.2 270.99 143.63 1943.63 460.99 216.49
135.91 197.57 126.5 1370.75 345.16 173.55
87.82 218.26 88.89 3407.21 857.19 329.7
786.35 1128.94 1347.78 3266.3 2464.63 2149.28
137.17 329.87 113.69 4857.9 1041.99 400.3
705.77 1056.69 1487.28 3645.4 2387.61 1470.08
165.41 274.42 148.36 2283.41 516.62 229.62
399.14 581.29 658.71 2674.14 1404.27 1106.77
657.33 1047.69 1309.52 4299.4 2136.1 1208.64
272.36 407.29 491.13 2278.4 987.66 536.42
208.41 267.72 293.96 711.78 490.66 426.23
632.96 918.25 1324.23 2912.51 2184.37 1264.24
203.05 369.97 338.05 4397.23 1224.68 599.19
76.44 217.29 55.96 4597.32 758.0 280.93
1089.01 1528.26 1938.81 2830.87 3301.52 3026.65
195.39 241.53 276.5 464.95 427.16 388.22
90.35 167.58 86.95 2442.32 581.67 240.64
899.97 1271.53 1602.61 2875.68 2900.01 2549.0
81.96 226.29 75.62 4477.14 1000.1 362.81
978.27 1484.41 2257.97 3389.41 3164.75 2018.91
771.48 1106.3 1635.9 2793.49 2551.18 1508.26
263.92 396.34 475.75 1693.77 796.64 472.54
115.25 273.96 84.75 3794.85 780.83 312.51
875.65 1250.93 1542.83 3041.43 2824.57 2466.11
1091.67 1539.66 1904.2 3170.85 3260.51 2983.99
739.31 1098.9 1223.8 3808.63 2420.47 1950.85
217.37 368.69 376.81 3214.37 1186.52 607.21
218.51 435.98 268.55 4782.76 1252.35 628.79
734.45 1075.52 1251.05 3768.4 2414.17 2033.19
1021.04 1466.42 1941.25 3212.96 3208.65 2559.33
697.72 1039.43 1478.71 3494.62 2382.04 1489.06
200.79 374.38 298.55 4270.27 1036.56 568.93
575.88 892.11 1017.1 3562.76 2191.08 1718.59
186.26 393.87 189.31 4748.78 1161.37 512.4
821.42 1185.91 1497.9 3432.71 2780.82 2254.32
685.07 953.34 1178.69 1929.77 2010.98 1819.13
452.74 764.79 697.85 4957.93 1621.73 835.36
133.85 264.97 114.16 3216.49 750.01 313.59
631.26 1017.2 1015.92 4097.36 2203.45 1600.33
919.11 1332.0 1696.0 3264.47 3010.43 2405.06
917.1 1331.91 1853.16 3251.3 2401.98 1465.33
335.33 557.65 536.18 4213.54 1586.12 1027.26
776.69 1198.89 1460.05 3836.95 2406.18 1563.09
188.9 329.99 276.85 3900.43 1062.35 577.96
522.31 860.47 960.38 4474.33 1790.38 945.76
634.7 905.54 1108.14 2611.89 2119.91 1787.73
284.88 503.48 471.2 3858.49 1249.07 615.28
332.88 566.92 624.38 4464.13 1534.16 792.45
400.13 667.02 701.81 3704.61 1809.79 1269.96
127.61 338.18 237.52 4241.62 1215.1 508.31
863.92 1255.68 1912.63 3298.86 2663.9 1520.74
195.95 410.07 338.76 4519.01 1457.55 657.42
163.49 264.14 255.3 2397.14 760.29 372.05
348.38 639.96 417.52 4642.53 1228.03 558.27
807.34 1151.24 1433.62 3065.58 2670.87 2307.89
543.45 874.85 1211.34 3969.23 2654.99 1449.18
374.33 721.48 526.76 4585.04 1359.35 638.92
174.21 389.58 167.56 5054.03 1186.6 482.56
629.66 957.87 1078.99 3969.78 2201.82 1722.47
210.15 527.27 104.33 4950.49 1090.47 427.39
88.74 239.96 64.28 4815.48 886.4 316.3
537.55 839.76 1095.97 3932.74 2382.29 1393.83
631.31 1012.3 1407.51 3699.71 2371.27 1453.92
160.24 284.57 238.84 3129.44 750.35 359.9
637.41 899.11 1054.04 2216.23 1838.42 1624.13
98.42 105.84 98.41 332.44 148.24 113.59
100.23 100.62 100.17 108.06 101.55 100.47
195.6 373.73 328.14 4137.54 1131.15 484.04
598.86 898.01 1131.74 3902.28 2211.66 1550.36
134.17 209.67 192.81 1911.93 595.74 293.77
369.06 601.26 597.55 4163.69 1660.92 1114.47
117.23 183.95 107.2 1686.03 430.8 208.7
151.88 236.05 134.71 1566.92 387.23 192.69
732.17 1174.96 1510.76 4073.02 2906.59 1797.89
437.48 788.04 584.74 5317.77 1482.98 679.87
189.89 355.59 305.74 4104.28 1028.0 447.01
224.97 382.51 420.15 3536.99 1166.54 569.2
822.88 1202.35 1655.05 3329.92 2642.88 1840.73
246.58 490.87 208.38 4993.02 1033.65 390.49
88.5 242.97 63.51 4917.02 903.34 320.96
873.85 1343.37 1965.91 3651.73 2869.3 1787.94
475.08 717.65 797.28 3416.63 1788.7 1360.35
236.23 392.66 419.86 3143.41 1195.66 619.18
649.78 955.13 1140.42 3551.54 2112.43 1696.93
757.87 1165.11 1438.66 4026.35 2577.61 1691.12
1061.25 1511.55 1955.5 3172.04 3324.27 2849.45
144.13 273.87 185.91 4092.42 985.3 496.57
305.96 542.05 504.69 4241.11 1636.38 986.66
796.45 1171.06 1693.01 3468.07 3220.96 2054.97
434.56 743.58 816.78 4136.06 1779.15 972.85
100.09 107.74 99.62 273.15 139.59 113.2
231.38 430.62 296.17 4244.77 1140.72 640.35
845.21 1216.48 1493.0 3123.66 2808.65 2412.54
453.31 736.51 890.24 4104.29 1843.41 979.07
548.42 871.83 1091.97 4046.5 2084.04 1203.76
92.49 172.89 93.15 2138.52 566.72 241.59
478.3 745.6 831.03 3746.36 1885.11 1341.91
747.43 1072.07 1316.68 2852.83 2493.76 2123.6
1148.72 1614.09 2001.57 3098.21 3371.97 3107.09
591.58 905.48 1189.25 3875.9 1968.47 1083.11
119.46 152.89 114.36 788.78 232.88 139.87
605.78 929.19 1071.08 3518.23 2256.02 1795.19
544.55 776.85 894.47 2288.09 1662.68 1419.58
167.43 292.21 196.61 2826.84 745.68 409.29
604.51 894.76 1045.33 3551.27 2114.16 1729.28
110.97 142.54 100.43 582.89 198.61 132.59
382.63 716.71 431.16 5380.83 1420.43 694.69
590.49 899.07 1160.39 3794.28 1791.99 1021.56
131.47 350.35 144.24 4844.17 1263.51 542.88
61.52 171.97 58.14 3941.47 788.97 300.41
753.9 1119.84 1583.57 3403.16 2578.52 1596.7
99.43 107.13 98.18 340.12 140.05 111.01
456.22 726.99 782.47 3821.43 1898.38 1340.75
678.19 1062.83 1463.4 3920.8 2289.2 1352.02
317.99 525.26 488.32 3356.45 1070.33 511.7
335.18 540.32 514.78 3417.89 1360.43 906.18
118.45 325.52 189.46 4260.85 1195.28 544.06
113.33 220.55 93.34 2845.38 593.1 253.87
149.24 234.27 207.51 1647.83 605.47 326.57
260.9 457.48 367.62 3894.78 1226.07 763.47
396.16 610.55 751.5 2688.76 1373.85 787.57
98.06 124.12 93.84 912.69 235.53 137.28
939.64 1352.38 1650.87 3191.07 2954.59 2617.88
98.23 103.31 98.07 276.73 131.7 109.22
231.36 441.46 297.7 4481.71 1244.32 657.35
322.41 552.18 504.62 3685.6 1497.17 981.78
74.11 176.41 65.76 3902.46 793.1 305.43
156.34 369.66 125.6 5159.67 1159.07 450.69
401.86 627.55 804.06 2915.32 1383.6 738.04
113.6 322.77 114.16 4748.6 1196.37 481.08
383.97 517.45 632.41 1187.3 1105.82 974.41
94.3 170.84 81.92 2486.62 498.02 209.47
96.14 127.03 94.78 1036.82 292.64 156.25
568.89 957.42 836.22 4427.96 2038.23 1486.08
814.6 1182.49 1706.4 2672.08 2729.43 1868.53
702.0 1005.6 1301.45 2487.99 2152.1 1762.25
374.44 644.35 706.8 4591.32 1910.26 967.15
474.29 850.04 697.16 4665.73 1841.19 1125.27
176.35 300.22 151.08 2258.84 522.71 236.41
118.29 170.95 100.72 905.4 264.46 154.36
425.19 692.88 866.53 4072.08 1976.56 1095.36
84.66 248.84 86.02 4262.59 1053.03 389.11
259.85 493.82 403.46 4861.48 1384.09 706.17
640.98 946.02 1192.4 3402.08 2434.41 1804.37
222.95 427.92 277.93 4473.31 1156.37 626.74
74.32 148.03 72.06 2663.89 559.83 233.76
418.36 706.04 743.3 4215.32 1861.37 1123.33
107.8 148.22 102.87 1098.02 297.59 162.99
95.47 116.79 95.44 768.34 238.71 139.07
1042.77 1479.68 1828.84 3126.24 3169.53 2872.66
232.69 300.26 341.09 753.07 564.22 498.32
275.59 530.9 270.58 5132.63 1172.17 493.99
1177.29 1651.83 2058.01 3008.37 3449.21 3199.55
584.55 882.46 1214.25 4029.13 2252.78 1245.86
256.64 392.38 402.81 2466.69 1044.09 713.7
414.84 664.4 839.68 4085.02 1718.73 870.73
968.05 1390.67 1914.51 3031.87 3263.17 2495.88
534.51 868.94 1101.37 4086.24 2339.6 1352.79
587.37 912.82 1219.9 3841.53 2500.82 1478.48
221.77 395.15 330.8 4632.67 1299.3 749.11
243.34 479.07 382.97 4766.08 1326.75 609.31
796.72 1166.12 1632.39 3670.73 2377.42 1360.53
88.77 239.69 64.34 4806.58 884.92 315.89
286.06 461.88 526.37 2646.47 1075.12 594.67
302.05 552.05 402.07 4850.75 1486.41 843.77
506.19 775.25 860.72 3928.52 1904.65 1429.4
171.91 376.8 273.33 4509.1 1279.11 528.82
634.76 1001.19 1281.17 4041.17 2699.02 1638.36
153.07 358.57 122.19 4984.88 1118.85 434.79
400.31 682.11 765.07 4510.27 1816.36 995.06
780.96 1124.75 1378.56 3281.99 2575.71 2223.52
449.32 671.11 913.34 2683.73 1471.18 812.87
439.02 703.51 694.7 4046.74 1728.71 1226.47
206.19 382.38 359.54 4671.83 1304.07 625.08
848.71 1224.5 1756.53 3280.25 2573.48 1636.44
255.44 514.5 214.93 5288.81 1090.1 408.05
285.24 433.45 385.02 2274.03 881.58 599.87
427.84 752.44 786.23 4382.77 1506.58 754.13
111.32 256.59 164.87 4188.42 1088.67 429.41
68.72 158.51 65.97 3222.84 660.08 262.92
759.09 1149.22 1341.94 3807.44 2552.99 2009.5
789.92 1163.77 1698.95 2901.22 2836.86 1815.64
257.6 438.27 407.15 4312.43 1368.33 842.41
96.31 118.35 93.11 803.77 202.97 128.31
81.1 170.05 80.97 2888.14 678.68 262.98
643.74 1040.19 994.12 4200.63 2219.44 1706.9
517.79 815.41 1016.44 4169.51 1895.96 1026.3
679.11 1076.9 1364.14 4322.69 2648.46 1596.65
94.25 155.85 94.75 1661.87 457.59 208.48
103.37 130.52 98.31 795.13 224.85 138.96
873.7 1237.65 1554.05 2918.69 2838.39 2478.96
599.87 908.44 1186.81 3858.95 2280.68 1522.57
691.25 1022.1 1178.49 3560.17 2316.32 1927.27
680.88 1018.93 1352.98 3609.8 2015.99 1160.61
99.28 102.24 99.61 165.7 114.83 104.36
845.67 1234.73 1603.77 3374.89 2692.45 2144.0
851.64 1266.07 1720.49 3544.58 2549.95 1588.96
270.13 380.37 399.14 1518.91 789.55 631.5
112.72 264.93 130.37 4540.85 854.58 367.97
655.57 1004.34 1341.63 3787.87 2578.18 1575.32
488.09 750.86 818.43 3967.12 1879.52 1413.18
659.3 1044.47 1042.15 3975.6 2282.94 1775.77
106.98 254.77 76.33 3992.91 822.26 336.71
89.4 202.91 90.33 2978.03 758.93 299.89
134.41 229.93 196.01 2862.54 745.34 350.71
836.41 1209.8 1682.77 2959.75 2175.79 1330.95
88.91 237.93 64.79 4747.16 875.01 313.16
830.14 1246.33 1387.38 3634.45 2670.77 2256.86
268.44 416.55 467.38 2394.45 998.84 568.15
755.64 1089.3 1292.97 2646.56 2385.13 2065.71
568.29 887.22 987.3 3708.66 2156.09 1677.32
569.92 871.25 1256.02 3652.02 2009.57 1081.68
382.4 645.29 588.92 4205.41 1615.32 1099.95
1077.73 1515.36 1884.47 3157.05 3227.46 2952.29
120.92 308.8 88.0 4450.7 910.31 358.26
579.72 899.26 1180.44 3966.5 2001.56 1093.2
85.42 143.05 80.71 2242.18 490.47 215.73
537.57 860.38 962.63 4102.43 1533.54 796.75
99.08 275.54 104.43 4751.63 1081.34 405.61
406.04 781.47 480.77 5005.05 1631.98 989.91
959.89 1361.24 1698.67 3089.15 2989.34 2679.01
670.82 969.82 1194.67 2993.77 2278.34 1852.21
268.73 488.68 313.49 4277.06 1046.7 434.12
745.62 1104.64 1473.8 3373.58 2094.53 1438.72
245.27 465.82 370.53 4546.63 1347.71 640.28
237.01 379.94 406.31 2278.79 1023.28 570.64
1085.94 1529.22 1927.03 2857.5 3290.1 3011.55
673.14 937.17 1161.63 1929.38 1999.43 1805.28
131.88 275.64 203.66 3974.73 1036.72 416.09
325.16 504.59 617.8 3487.04 1285.94 666.52
696.02 1032.09 1165.15 3729.41 2291.87 1900.96
488.48 742.03 975.52 2972.85 1327.28 751.91
98.47 104.53 97.97 325.2 141.05 112.17
724.63 1004.26 1240.6 1942.98 2089.11 1917.55
85.84 237.47 87.09 3944.71 980.25 367.03
241.36 594.33 154.56 5413.9 1231.27 491.21
276.33 553.35 245.92 5565.03 1181.31 463.39
730.66 1122.57 1604.04 3735.02 2916.68 1849.59
163.8 325.69 260.79 4083.71 1128.33 491.89
280.84 483.99 498.95 3460.91 1361.5 698.15
404.34 676.31 838.24 3883.71 1707.29 865.72
216.37 371.38 336.4 3504.31 982.04 580.49
376.71 641.84 485.42 4440.13 1376.06 810.53
115.12 321.2 113.39 4672.15 1177.48 482.82
331.89 603.84 602.55 4404.66 1441.6 729.83
765.33 1114.79 1579.2 3466.41 2143.63 1284.74
219.07 439.2 305.71 4790.05 1302.51 589.63
460.1 749.38 666.81 4402.91 1604.95 1020.01
316.47 564.0 510.26 4737.51 1510.66 851.04
668.34 951.05 1156.15 2535.17 2152.0 1855.76
330.19 545.06 646.88 4254.83 1581.96 831.88
213.64 393.28 386.3 4214.55 1201.93 575.48
184.33 322.23 258.83 2665.47 714.82 344.21
92.13 197.88 75.02 3397.8 649.98 251.27
350.7 517.35 551.74 2518.36 1182.13 914.68
207.3 406.39 242.78 4327.23 1143.57 539.82
547.29 854.52 900.84 3939.55 1997.76 1543.56
701.44 1056.31 1472.84 3664.52 2770.12 1701.39
908.8 1330.3 1943.54 3351.55 3015.18 1903.5
448.89 654.44 752.79 2540.6 1551.43 1239.91
740.07 1106.92 1462.96 3693.61 2107.77 1236.36
574.55 915.42 1114.33 4068.45 1831.17 1016.47
815.71 1171.11 1411.32 3520.04 2629.21 2275.17
269.66 512.98 363.13 4876.93 1412.95 730.56
93.88 201.27 78.4 3428.22 660.01 257.19
727.83 1079.2 1471.33 3646.72 2081.72 1225.47
560.37 849.25 1197.46 2531.83 1769.37 1075.72
861.26 1281.28 1503.85 3915.21 2666.49 2078.58
219.25 436.41 305.86 4782.38 1229.22 528.67
648.54 949.8 1128.83 3605.43 2276.93 1871.42
1211.96 1690.95 2128.93 2918.57 3530.91 3298.9
371.07 495.91 592.14 1002.92 972.35 889.01
92.82 215.29 90.99 3386.74 776.03 297.78
922.79 1358.53 2088.74 3701.56 3882.09 2272.42
1017.15 1427.53 1760.02 2806.82 2970.49 2727.36
128.67 249.38 157.05 3972.65 920.43 445.45
495.6 748.63 1011.34 3121.83 1696.64 1030.41
173.84 298.61 261.42 2359.21 843.92 435.1
254.47 424.93 384.81 4143.62 1275.35 794.03
110.16 191.86 94.92 2192.0 475.75 217.25
181.22 415.04 103.19 3676.47 830.32 341.4
100.86 174.03 96.39 1756.1 478.7 226.25
909.49 1331.85 1896.42 3279.37 2832.8 1733.58
267.93 405.77 393.87 2174.87 845.5 487.31
118.8 279.66 159.71 4532.51 1125.12 449.46
1032.3 1445.95 1842.05 2690.96 3208.1 2895.85
360.62 602.12 545.7 4182.7 1501.84 1013.5
825.41 1143.6 1459.23 2077.76 2515.64 2278.61
328.33 569.46 657.12 4258.93 1768.43 940.08
898.54 1296.49 1546.33 3287.49 2841.39 2444.59
376.96 648.26 608.15 4252.4 1794.96 1185.95
102.06 145.63 93.02 1247.82 312.96 169.79
70.73 196.74 83.02 4308.83 890.71 344.67
150.03 368.12 295.02 4139.41 1250.5 550.11
468.14 731.08 944.18 4216.01 2196.85 1286.27
359.84 507.83 539.14 1537.66 975.9 814.51
814.53 1243.91 1812.12 3501.69 2615.06 1586.69
197.37 293.84 278.58 1584.63 701.53 483.65
106.86 178.31 93.14 1763.25 406.48 195.66
502.67 788.43 1002.48 3911.42 1939.48 1061.41
57.28 179.91 53.52 4365.21 864.96 322.52
116.42 330.72 117.14 4846.59 1223.61 498.65
853.88 1244.98 1726.45 3302.77 2287.33 1382.84
817.94 1195.39 1392.84 3744.89 2645.19 2267.4
740.51 1043.07 1342.35 2216.99 2134.14 1765.56
954.01 1365.27 1644.97 3409.86 2938.15 2604.3
72.28 151.85 69.84 2867.79 596.4 244.4
92.54 221.4 94.21 3921.22 908.51 352.73
229.86 409.71 443.45 4191.73 1253.25 586.62
481.9 778.23 1019.45 4008.08 1743.92 986.67
332.31 549.94 430.81 3616.94 1163.34 699.25
250.52 476.9 256.36 4553.69 1053.35 425.37
246.23 473.49 222.56 4570.82 987.71 401.7
658.66 994.75 1166.51 3439.49 2370.86 1930.63
650.71 944.66 1125.3 3123.4 2122.91 1813.81
537.36 902.56 845.34 4905.63 1672.66 841.04
711.0 1057.16 1376.46 3707.78 2510.12 1664.63
608.66 952.71 936.22 4460.99 2043.88 1506.16
254.24 430.78 430.12 3284.78 1228.31 616.45
620.7 963.93 1351.94 3887.61 2629.6 1618.05
723.14 1063.67 1247.88 3401.33 2450.67 2043.69
170.44 334.49 190.39 3849.62 923.74 460.95
122.84 307.12 94.74 4343.29 892.17 351.04
136.04 239.78 101.42 1686.83 424.03 207.11
989.84 1412.85 2021.69 3059.12 2995.11 2142.07
56.81 180.78 53.01 4411.98 873.35 324.96
402.53 630.92 666.54 4254.42 1716.55 1224.69
421.09 591.44 845.91 1300.34 1358.68 894.71
316.09 508.96 606.23 2932.01 1321.19 721.01
689.41 1023.02 1172.11 3650.54 2407.53 1940.95
440.64 643.2 927.06 1545.68 1305.04 843.04
1055.6 1491.27 1836.29 3164.36 3155.5 2876.43
172.55 330.71 139.82 2435.2 630.02 313.64
438.83 698.51 885.38 4089.22 1910.69 989.45
211.97 404.78 347.76 4104.81 1167.11 513.68
355.33 723.43 418.67 5114.5 1590.18 830.35
139.81 254.42 101.56 1853.08 457.98 218.33
797.05 1159.87 1645.12 3412.78 2168.13 1314.88
834.58 1230.53 1534.82 3680.97 2594.24 1867.07
711.8 1101.59 1460.25 4032.54 2261.68 1217.94
129.04 192.35 168.98 1702.32 428.73 225.01
418.35 660.43 692.61 4023.95 1619.58 1210.28
921.74 1330.51 1650.22 3232.78 2857.28 2447.81
371.32 583.18 730.32 3060.77 1541.12 812.79
787.87 1180.53 1628.44 3343.78 2631.05 1632.01
933.75 1340.36 1769.84 3294.35 2964.19 2348.32
451.49 727.56 901.37 3343.27 1600.18 866.45
955.11 1397.75 1961.07 3292.69 2756.03 1760.02
434.49 683.0 709.59 4099.55 1637.4 1234.26
202.18 496.34 104.01 4599.36 1018.77 403.69
255.25 513.99 214.79 5282.46 1088.88 407.67
387.93 750.07 464.06 4851.66 1579.41 940.41
78.03 219.88 58.93 4610.8 764.76 286.21
213.82 409.29 183.99 4128.2 877.14 333.14
453.87 767.4 728.56 4975.84 1613.42 769.43
250.99 326.21 383.26 774.24 642.49 568.35
103.39 175.25 88.49 1992.82 451.18 215.09
894.99 1301.29 1745.29 3335.33 3235.48 2406.31
638.94 976.19 1287.7 3797.97 2000.99 1142.08
583.79 956.3 1065.81 4309.36 1957.33 1040.67
88.16 238.0 87.42 4575.02 1038.34 387.25
325.17 544.38 623.32 4073.57 1435.48 753.6
248.28 445.69 357.56 4535.21 1260.13 739.35
586.34 901.08 1054.84 3921.29 2199.47 1593.59
582.09 925.33 1217.78 3965.35 2427.53 1476.08
1010.24 1419.61 1889.92 2801.28 3117.81 2617.5
638.19 999.18 1188.46 4151.32 2386.49 1543.12
1045.08 1474.9 1804.49 3062.47 3076.36 2802.36
132.7 308.32 110.91 4497.21 921.42 378.63
422.27 682.46 650.96 4159.98 1634.91 1165.27
355.39 568.37 711.52 3512.56 1363.89 689.79
592.98 966.33 990.44 4676.16 1778.28 930.77
474.02 665.95 787.51 1815.78 1431.15 1234.9
532.48 723.2 904.81 1259.21 1493.66 1378.6
437.09 723.4 754.61 3869.71 1875.87 1346.8
329.93 603.76 604.98 4411.55 1480.89 707.17
142.32 260.59 147.82 2876.71 678.79 337.61
952.31 1350.32 1658.7 3312.69 2940.06 2628.08
902.91 1342.19 1496.9 3718.7 2802.72 2413.46
180.47 340.2 255.23 4690.97 1208.23 642.62
102.05 276.53 91.39 4049.01 1003.01 401.06
157.27 371.92 264.79 4165.74 1287.83 644.67
428.14 673.07 710.83 4006.22 1644.03 1236.81
88.22 182.44 84.09 2957.35 687.58 271.56
858.07 1274.62 1789.12 3397.56 3162.19 2235.88
861.9 1234.05 1516.24 3073.87 2790.86 2428.03
571.09 892.78 1141.95 3853.02 2150.66 1235.75
134.15 266.4 114.28 3243.57 755.66 315.45
123.69 323.68 105.33 5200.45 1087.27 438.83
93.93 158.98 91.0 2462.14 536.6 245.35
121.93 206.86 109.17 2118.85 521.08 238.36
126.87 230.92 111.24 2573.25 615.85 269.51
459.16 725.63 672.76 3832.24 1561.11 1083.36
1044.97 1475.06 1825.52 3165.24 3160.44 2866.16
869.45 1270.33 1820.3 3322.46 3185.09 2093.53
549.32 833.64 1141.62 3956.6 2156.82 1180.33
135.89 396.74 99.19 5141.43 1091.44 414.61
660.62 1004.72 1386.36 3648.48 2485.63 1446.62
223.01 558.68 119.64 5204.46 1163.56 463.91
201.67 494.38 103.99 4577.13 1014.23 402.19
970.84 1374.05 1721.39 3023.03 2999.86 2707.96
580.67 900.36 1078.56 4230.67 1871.58 983.81
876.62 1248.1 1556.27 3016.39 2856.28 2485.29
307.91 528.08 611.42 4303.93 1601.17 821.7
548.71 876.31 1049.64 4254.62 2239.58 1350.66
579.66 991.53 1094.04 4355.82 1991.0 1105.4
538.61 860.03 1028.46 4252.41 1917.33 1096.17
443.03 709.36 885.96 3640.41 1718.16 906.48
965.13 1358.83 1721.54 2819.13 3058.31 2722.03
661.69 1018.05 1332.43 3760.0 2327.44 1365.32
851.3 1226.23 1799.26 3353.28 2517.37 1474.46
515.44 808.61 823.04 4167.7 1916.6 1420.13
384.02 617.94 768.05 4172.65 1716.33 932.03
145.51 196.91 201.95 951.78 371.83 231.08
94.35 170.27 82.07 2467.41 494.81 208.59
652.28 956.71 1115.34 3768.12 2257.31 1852.94
69.51 223.92 91.32 3484.11 879.56 341.26
485.71 796.9 825.7 4593.95 1979.05 1079.5
256.41 441.29 423.37 4103.02 1341.3 836.28
228.53 415.99 333.6 4412.4 1135.81 687.34
107.67 234.48 114.44 3845.72 726.83 328.51
56.25 237.12 76.14 4115.39 1006.45 366.29
164.5 255.79 269.68 2295.61 701.72 344.72
486.28 735.78 826.65 3966.14 1927.01 1453.75
834.41 1240.44 1759.28 3497.73 3126.15 1977.66
761.97 1122.58 1314.04 3634.41 2584.5 2151.6
536.14 831.19 1077.52 3955.43 1872.76 1013.99
316.22 598.84 363.3 5323.64 1287.06 543.54
265.57 495.64 337.55 3200.59 1093.31 564.71
225.37 370.95 344.05 3526.14 1107.61 676.12
90.49 152.86 101.61 2117.52 481.61 218.78
325.05 547.44 512.77 3518.22 1487.3 985.71
662.96 926.52 1129.6 2245.11 1980.49 1771.48
79.18 165.24 88.65 2010.56 531.3 226.7
639.27 941.03 1114.51 3460.58 2306.7 1855.05
95.34 113.77 93.83 785.21 224.9 137.02
77.79 206.84 97.75 4316.86 907.63 354.9
94.95 181.04 93.67 2410.45 575.22 239.03
298.52 499.74 566.69 3996.59 1422.38 801.57
343.89 602.65 490.23 4691.36 1589.91 968.7
555.04 785.15 1127.18 2175.36 1584.11 937.69
84.16 178.89 70.37 3124.97 542.58 221.7
470.16 733.29 760.18 3491.16 1707.44 1304.41
853.29 1192.03 1508.35 2361.67 2644.23 2369.42
647.02 996.25 1084.44 4292.69 2264.48 1575.32
436.5 691.78 692.55 3826.18 1682.84 1210.27
93.2 187.81 95.22 2913.77 691.8 278.35
150.07 313.75 147.81 3978.15 919.92 399.57
93.02 134.75 86.95 1432.4 294.94 153.6
97.49 124.39 97.71 782.01 256.15 147.37
145.89 284.51 164.36 3046.11 733.13 330.57
95.23 159.25 84.88 2096.34 432.93 191.57
554.64 866.45 1128.31 3685.88 2130.05 1258.04
383.52 665.47 482.33 4900.16 1439.67 812.71
250.51 473.29 442.25 4001.57 1510.12 747.13
402.77 679.58 656.92 4190.19 1850.83 1253.56
77.84 210.33 58.57 4330.5 718.96 270.2
111.13 164.28 131.1 1627.65 441.8 250.44
109.02 313.49 192.34 4267.01 1143.96 452.21
335.89 696.37 348.6 5089.45 1480.78 804.6
763.1 1129.17 1565.01 3539.67 2186.19 1298.32
224.06 455.01 460.41 3847.86 1331.9 626.9
125.96 260.57 109.57 3423.39 757.98 309.76
106.52 287.58 163.46 3795.43 1053.5 471.6
600.83 1016.26 1152.62 4289.19 2037.92 1143.43
440.89 705.78 900.23 3870.6 1750.09 1055.18
190.81 367.63 234.35 4005.35 1054.08 572.8
316.7 565.65 572.03 4315.62 1690.09 935.12
118.58 268.08 90.71 3927.88 787.53 314.54
251.74 377.18 418.97 1700.56 713.66 410.03
718.97 1068.37 1509.19 3295.92 2571.93 1675.59
222.03 573.35 104.79 5473.61 1197.29 462.7
125.37 223.6 110.61 2435.01 587.02 260.03
304.77 523.79 601.11 4504.24 1464.83 743.75
108.9 124.18 106.57 414.92 160.76 118.23
206.48 389.34 178.58 3868.33 827.01 318.1
108.59 290.4 70.88 4889.15 988.54 391.2
152.33 233.11 200.07 1541.12 571.94 344.62
956.69 1406.12 2166.57 3673.59 3996.63 2346.51
461.7 771.78 637.45 4861.8 1677.45 1058.94
144.72 321.76 225.81 3472.97 1060.69 538.45
185.54 389.92 217.03 4714.76 1131.26 488.95
572.41 897.43 1140.81 3743.33 2102.39 1192.91
773.11 1156.05 1606.6 3683.19 2671.67 1658.85
146.53 317.46 175.28 4781.36 1033.19 464.8
93.81 111.58 93.26 718.36 210.9 132.26
134.01 270.09 145.32 3410.48 790.99 355.79
628.83 987.8 1370.31 4148.1 2927.5 1627.27
74.16 205.44 75.59 4194.03 954.73 344.57
140.77 221.64 170.04 1895.85 502.33 252.56
778.41 1163.05 1546.45 3558.78 2374.39 1511.73
597.14 903.03 1039.15 3606.19 2270.66 1764.88
103.79 118.47 101.59 448.91 172.77 123.91
514.92 819.63 856.41 3607.01 1826.41 1361.65
268.49 516.78 367.2 4072.65 1280.69 752.88
722.54 1103.75 1448.58 3733.18 2337.18 1413.52
379.11 642.7 562.96 4528.72 1680.85 1073.52
976.76 1364.75 1702.08 2642.23 2870.8 2647.54
180.41 266.62 295.9 1847.49 714.12 411.52
507.45 751.74 865.8 3514.23 1899.55 1482.25
315.75 539.08 500.3 4515.24 1441.14 901.03
435.99 704.22 691.04 4201.37 1778.25 1237.59
539.94 882.93 1008.96 4404.96 1832.57 981.3
99.49 106.34 98.38 313.68 135.64 109.8
321.15 654.62 287.97 5791.28 1272.91 496.19
610.95 984.04 938.71 4599.46 1916.76 1294.75
143.12 269.63 198.93 3359.3 953.58 472.63
327.26 562.69 642.36 4574.95 1754.27 878.25
114.38 281.04 134.18 4359.54 1039.64 418.14
650.63 1035.13 1023.55 4005.47 2261.43 1749.72
267.91 410.34 518.56 2309.41 990.21 570.3
641.64 955.42 1366.76 3606.42 2175.35 1206.73
298.25 403.63 462.31 1304.56 846.02 718.33
802.56 1214.82 1275.62 4248.74 2493.19 2020.84
388.25 688.27 481.08 5205.37 1461.15 790.66
487.17 784.45 991.36 4141.55 1831.68 939.04
594.22 868.92 1206.72 3001.56 1700.84 1008.73
818.82 1204.03 1791.81 3433.31 2557.82 1447.26
242.09 471.27 318.07 4494.5 1264.08 709.41
316.61 545.44 617.47 4201.27 1628.35 836.85
96.63 141.94 89.29 1513.19 335.68 164.82
233.01 448.82 189.0 3861.06 836.43 337.65
529.38 801.6 918.54 3723.01 1924.91 1503.72
391.82 666.22 821.08 4291.01 2150.09 1098.39
384.73 594.19 705.89 3268.47 1547.5 1002.23
137.71 333.23 113.89 4927.28 1055.73 404.68
343.14 703.58 416.18 4999.84 1437.19 673.22
689.38 1023.58 1150.88 3740.07 2276.23 1886.96
109.12 181.22 110.01 2195.2 486.8 234.86
705.99 1089.73 1398.2 4041.05 2493.79 1523.14
882.35 1228.48 1566.25 2290.91 2721.4 2454.79
321.12 457.05 515.71 2070.8 1099.26 858.25
209.59 387.42 173.33 3199.01 706.8 295.82
158.47 422.02 150.43 5049.91 1134.17 458.34
146.6 319.86 228.44 3884.25 1160.2 508.0
552.86 779.67 1034.4 1882.36 1460.41 1043.28
269.34 441.52 336.62 2211.36 861.9 591.03
90.71 215.58 70.5 3994.05 749.41 278.62
221.89 431.21 189.95 4413.72 932.23 349.67
729.01 1064.96 1265.43 3573.7 2436.69 2054.25
60.83 246.76 87.63 4188.16 1036.93 381.29
299.2 489.32 510.7 3079.24 1051.49 552.2
317.39 530.72 600.15 4235.05 1307.08 652.97
370.11 600.07 619.88 4026.91 1677.78 1115.37
652.89 993.17 1244.49 3482.07 2351.09 1730.1
644.66 948.61 1345.65 3679.59 2102.19 1179.53
667.07 1022.14 1416.26 3629.53 2882.11 1776.0
1072.02 1507.76 1909.08 2855.01 3270.45 2987.67
978.28 1385.2 1721.99 2941.36 3057.55 2710.14
336.76 484.93 529.65 1926.45 1083.64 860.29
857.74 1239.2 1737.04 3395.05 2608.4 1708.92
624.43 946.33 1223.05 3834.8 1870.2 1060.51
212.15 439.39 238.94 5022.31 1289.2 596.19
93.57 203.24 91.93 3043.37 705.4 277.11
564.11 868.93 972.79 3804.43 2184.76 1669.38
685.89 1047.15 1360.33 3923.57 2269.05 1352.78
508.63 811.99 754.89 4379.54 1798.03 1232.75
340.42 591.28 518.07 4509.86 1533.55 934.52
108.5 173.63 98.87 1361.5 346.75 177.38
298.65 575.51 296.41 5372.92 1225.82 536.54
823.39 1186.65 1515.78 3216.27 2740.17 2234.32
115.33 194.8 105.65 2062.13 488.47 223.84
166.15 290.53 260.19 3050.27 887.5 398.56
119.09 272.68 90.45 4032.6 806.34 320.41
96.03 149.43 87.38 1765.27 377.72 176.39
784.82 1160.25 1627.34 3383.73 2544.51 1522.45
976.66 1386.77 1785.2 3048.08 2945.18 2477.93
98.79 106.35 98.02 381.1 150.63 115.94
1050.76 1480.91 1874.22 2855.6 3222.45 2935.07
667.72 1042.75 1387.65 3629.07 2163.99 1179.35
193.41 437.28 215.32 4444.95 1118.83 544.05
107.6 268.44 74.24 4336.66 886.03 357.61
432.43 756.66 686.11 5049.54 1571.4 760.57
588.62 941.9 853.11 4422.94 1901.34 1375.06
520.85 791.99 880.35 3874.19 1956.93 1501.92
230.86 396.81 309.12 2642.27 896.92 570.82
119.32 273.78 136.81 4555.01 873.7 398.66
580.35 855.75 1224.59 2312.38 2091.79 1326.86
1020.88 1429.06 1823.93 2710.53 3183.89 2870.46
130.02 330.49 112.79 5185.78 1101.19 458.48
789.76 1189.73 1285.61 4014.95 2505.14 2040.39
273.17 505.29 395.81 4631.61 1400.11 754.53
154.08 299.16 230.3 4402.1 1064.53 471.9
672.96 1023.75 1057.61 4207.85 2170.3 1681.32
126.0 252.62 156.78 3627.53 756.93 358.66
548.41 853.17 884.0 4182.35 2006.11 1512.13
281.95 494.72 530.95 4254.81 1473.4 728.41
528.42 866.63 915.21 4596.64 1577.33 791.47
76.69 173.07 87.28 2239.74 583.03 241.9
486.87 667.04 794.48 1425.88 1332.99 1204.24
102.83 108.6 104.11 228.67 130.98 115.11
177.96 396.63 218.61 4701.52 1119.43 484.31
898.41 1294.91 1561.12 3417.36 2871.46 2499.47
114.15 233.57 141.93 2904.25 798.35 340.78
541.15 850.13 1066.42 3560.36 1560.13 858.55
128.97 241.18 112.12 2767.1 656.28 282.79
651.33 983.9 1100.35 3724.02 2247.51 1828.53
760.5 1105.74 1342.46 3254.06 2624.64 2192.01
154.81 340.1 157.52 3498.05 852.35 399.16
183.81 404.47 188.35 5091.23 1203.24 485.54
724.94 1103.97 1341.22 3624.66 2499.13 1915.13
409.15 567.2 785.42 1526.98 1020.36 641.43
75.86 145.15 73.74 2509.95 532.22 225.73
220.91 417.08 180.9 3518.85 769.43 316.03
466.38 692.51 784.39 3359.47 1717.9 1340.39
879.46 1263.8 1707.28 3055.82 3048.2 2241.85
634.91 970.39 1209.53 3904.75 2235.87 1449.86
120.19 198.4 108.44 1958.9 487.71 227.4
612.57 983.89 991.16 4568.5 2162.38 1412.78
824.45 1240.9 1661.96 3595.61 2490.58 1543.83
140.35 337.97 118.79 4958.86 1069.11 413.3
239.67 473.76 283.79 4977.36 1345.2 675.24
536.08 800.89 828.1 3126.32 1650.02 1298.77
103.3 173.14 88.81 1939.72 441.33 211.86
154.52 242.97 136.48 1641.57 401.85 197.41
240.77 345.25 351.38 1507.78 745.21 569.32
739.93 1158.29 1651.01 3832.99 2570.16 1563.09
263.03 406.16 405.51 2703.92 991.18 708.61
221.42 399.84 421.34 4483.56 1457.0 689.9
91.48 115.94 90.73 951.0 252.63 144.4
987.41 1395.36 1742.1 2901.73 3082.3 2740.54
109.12 204.05 90.88 2309.88 507.2 227.1
233.34 414.41 431.25 4037.49 1281.98 576.79
464.66 712.49 915.43 2905.24 1777.24 1064.14
90.06 196.46 90.94 2797.78 717.66 287.37
817.32 1196.61 1388.94 3607.54 2606.08 2241.5
323.14 608.47 376.23 5396.16 1285.11 529.08
76.99 172.13 87.45 2212.23 576.82 240.08
146.89 323.71 121.6 4292.35 978.09 391.16
308.76 462.69 579.75 2324.5 1091.04 618.65
619.95 908.7 1076.42 3649.31 2241.19 1808.31
312.73 547.31 492.81 4402.04 1551.27 960.66
217.03 523.6 133.31 4736.26 1082.46 438.04
596.32 924.31 1248.53 3783.7 2232.7 1310.95
328.3 579.58 563.99 4555.69 1625.2 835.69
604.61 871.99 1016.7 2597.57 1844.96 1517.72
91.14 160.44 100.79 2343.86 540.11 255.0
656.55 996.71 1129.33 3737.35 2383.54 1907.48
464.98 757.36 922.99 4044.62 1931.11 1026.93
109.37 315.93 190.45 4274.43 1162.77 468.64
401.75 553.13 652.34 1391.14 1156.34 1009.82
741.84 1121.03 1548.21 3652.78 2806.94 1807.39
282.48 515.2 438.17 4194.42 1304.12 715.13
646.12 981.75 1424.64 4116.7 2927.3 1650.01
319.76 551.56 459.13 4321.11 1388.82 888.33
649.71 981.84 1209.92 3838.69 2502.6 1781.57
187.39 393.73 222.46 4826.11 1187.02 594.94
318.03 574.97 467.94 4773.05 1571.57 880.55
547.9 840.62 1144.32 3641.78 2050.83 1199.59
593.97 924.52 1199.02 4144.91 2587.91 1566.82
330.5 531.98 535.49 4254.89 1545.4 1035.02
364.35 603.51 556.73 4109.16 1524.59 1031.7
295.9 429.08 450.02 1876.48 939.0 732.04
551.53 823.31 930.21 3145.76 1945.85 1549.76
828.15 1181.02 1464.34 3088.79 2685.36 2341.58
626.12 924.28 1075.95 3651.51 2178.11 1788.73
320.52 550.53 596.01 4487.09 1502.27 768.61
96.48 143.83 88.81 1576.79 346.28 167.74
1022.72 1445.78 1812.54 2954.6 3139.07 2845.8
581.0 896.15 1263.7 2807.8 1878.82 1128.58
230.51 363.48 274.5 2344.58 721.49 428.59
104.84 207.41 83.57 2801.67 601.24 264.27
807.83 1150.74 1363.82 2538.36 2375.65 2137.76
1052.82 1494.31 1860.02 3186.86 3152.88 2798.33
721.08 1098.42 1606.97 3948.45 3235.78 1829.62
509.82 820.28 838.24 4181.41 2056.26 1506.68
190.97 432.74 308.81 4746.31 1396.59 623.07
446.18 800.36 532.84 5406.56 1589.89 908.35
477.3 742.87 818.44 4105.44 1792.21 1279.28
385.01 657.4 701.2 4243.69 1578.65 865.95
136.19 196.5 126.76 1307.98 330.5 171.72
779.38 1202.79 1244.27 4038.51 2511.65 2059.54
101.11 112.64 98.89 368.48 149.47 115.44
191.26 392.12 275.49 4571.18 1288.22 649.99
91.84 265.01 90.87 4730.07 1057.31 383.9
83.93 212.5 78.28 3999.25 901.83 334.12
658.27 984.02 1122.43 3554.41 2291.64 1864.03
899.53 1296.48 1866.99 3252.75 2374.76 1463.18
969.26 1370.98 1801.57 2839.51 3046.23 2572.94
570.85 923.76 1129.83 4182.18 2493.27 1481.51
357.82 518.42 699.05 1669.07 1283.47 805.54
414.21 642.34 675.96 4157.39 1693.38 1226.83
417.85 715.62 616.53 3625.52 1488.22 951.34
363.67 663.72 498.51 5335.64 1555.39 699.63
932.95 1361.37 1979.13 3326.67 3393.95 2180.65
827.51 1188.35 1438.03 3415.86 2646.49 2309.14
590.93 909.47 1051.9 3817.96 2114.78 1364.2
333.19 621.89 363.72 5380.41 1328.17 641.13
107.14 181.5 92.86 1830.96 418.95 199.55
307.7 601.02 430.85 4724.51 1489.66 885.64
215.63 548.53 104.54 5191.86 1139.76 443.68
77.31 184.13 77.14 3448.51 794.99 295.73
1132.44 1590.52 1984.93 3045.06 3363.68 3096.17
810.66 1215.06 1376.07 3930.01 2503.39 1924.23
83.66 185.78 73.29 3894.89 783.57 315.23
373.38 594.67 621.93 4003.29 1601.79 1140.02
520.9 780.58 891.35 3884.07 2008.4 1545.6
694.21 1074.55 1363.43 3919.61 2457.52 1589.99
94.56 127.06 89.84 1137.66 251.82 141.75
276.82 478.95 494.45 3677.0 1393.3 757.91
99.93 100.71 99.93 119.98 104.58 101.39
1028.52 1446.62 1905.04 2773.07 2997.03 2571.25
178.38 405.76 214.11 4162.33 991.65 415.95
91.77 232.19 89.67 3868.69 875.16 326.78
121.44 293.97 89.28 4517.56 893.44 347.59
305.3 561.3 472.73 4425.14 1639.83 998.24
253.03 378.2 384.86 2251.48 873.15 648.3
485.86 764.55 807.72 4038.69 1916.0 1405.72
442.12 743.87 865.27 4395.05 2028.64 1143.65
250.95 495.87 201.0 4368.34 935.76 369.71
117.19 313.98 85.03 5209.62 1071.21 432.3
902.97 1324.17 1934.55 3393.03 3018.36 1897.12
95.19 190.12 96.68 3481.72 734.86 314.26
167.33 293.56 218.32 2769.48 780.5 375.54
695.27 1064.59 1276.8 4162.2 2229.27 1449.91
756.56 1136.34 1321.59 3757.79 2555.39 1910.73
688.48 977.79 1251.95 2257.31 2087.31 1684.41
400.56 686.08 777.04 4373.48 1897.33 962.77
393.03 624.55 779.25 3938.26 1472.8 779.99
449.1 714.91 717.58 3722.33 1689.33 1255.34
356.26 630.05 477.98 4210.53 1245.44 603.69
77.34 212.84 57.63 4426.79 733.05 274.07
514.92 769.56 835.59 2976.03 1696.45 1377.78
100.12 101.37 99.88 129.13 105.37 101.68
828.55 1232.82 1671.61 3376.34 2866.59 2010.46
285.71 587.04 224.26 5351.42 1128.25 431.83
351.77 615.46 512.4 4726.33 1569.29 926.84
564.01 792.93 971.36 1836.79 1723.25 1521.17
241.98 479.94 329.97 4928.86 1275.71 547.53
397.1 623.04 672.87 3699.14 1720.22 1208.27
992.05 1399.91 1764.96 2952.37 3071.89 2776.93
772.99 1170.57 1484.3 3833.47 2763.95 1941.24
371.07 642.26 698.53 3866.22 1782.04 1106.34
883.6 1249.75 1569.07 3024.4 2860.89 2507.63
63.43 214.61 80.05 3456.12 857.63 322.57
350.6 594.56 628.81 4285.12 1539.43 774.16
898.96 1314.43 1521.45 3598.26 2791.91 2394.66
368.6 626.25 459.09 3833.42 1236.92 755.29
898.4 1285.22 1720.07 3052.59 2869.85 2249.45
165.48 355.08 188.9 4563.75 1031.28 439.66
730.5 1091.61 1257.58 3507.57 2496.86 2063.24
222.3 361.13 347.67 3058.0 1036.55 671.54
536.27 857.36 1003.63 4252.09 2186.67 1348.08
892.39 1248.37 1544.41 2553.58 2621.93 2402.89
478.05 721.49 825.0 3734.53 1891.38 1420.16
174.15 350.79 195.93 4137.96 980.2 479.82
144.76 318.11 118.72 4220.42 959.4 382.4
690.37 1023.71 1215.18 3596.99 2384.88 1922.71
846.17 1240.42 1667.44 3406.03 2657.87 1800.01
528.82 773.11 1123.11 1768.28 1498.91 954.02
113.89 225.66 93.05 2961.71 614.0 260.39
915.74 1347.25 1875.77 3356.04 2680.77 1697.02
652.37 951.42 1153.85 3464.25 2312.8 1876.76
125.64 322.08 96.61 3905.23 844.3 333.4
795.06 1202.9 1711.62 3587.03 3026.4 1887.01
660.03 950.59 1186.84 2600.43 2124.86 1751.22
429.12 689.13 676.81 4053.72 1670.59 1202.81
836.17 1206.75 1533.08 3161.35 2665.45 2137.52
279.16 486.36 525.8 4587.16 1565.43 840.6
106.05 154.73 96.97 1346.4 323.87 169.86
750.87 1089.6 1315.03 3720.92 2483.91 2057.41
381.48 677.25 468.02 5166.12 1462.75 801.22
142.66 379.08 119.46 4607.04 1016.58 411.93
248.46 495.88 209.77 5055.71 1045.62 394.21
262.18 525.34 208.52 4686.08 997.98 389.79
544.48 822.12 1040.02 3614.6 2110.11 1382.96
80.47 185.62 97.28 3534.58 765.64 314.62
355.57 560.71 603.86 3000.14 1197.75 708.5
351.95 658.55 494.77 4053.52 1360.02 675.67
457.53 720.24 792.96 2857.59 1467.74 919.13
793.66 1181.01 1644.47 3468.22 2597.62 1548.74
189.23 363.18 267.27 4410.06 1053.48 592.26
230.89 404.17 362.97 3824.37 1282.46 747.49
155.57 406.39 156.61 4775.23 1082.62 435.09
199.42 423.92 237.14 5038.32 1306.35 550.46
730.59 1099.06 1573.2 3625.35 2808.55 1741.08
267.48 467.54 373.43 3948.24 1235.84 773.2
114.32 229.55 92.84 3050.4 629.93 265.36
870.39 1251.04 1535.89 3241.63 2812.51 2450.56
731.94 1091.78 1525.78 3803.75 2611.45 1481.47
200.31 422.19 360.37 4541.13 1493.9 685.45
159.61 249.88 237.23 1861.88 576.77 286.63
274.81 515.65 378.33 4504.04 1343.64 797.21
85.79 199.44 80.8 3546.6 808.75 306.94
116.26 247.04 91.87 3448.78 701.48 287.69
102.38 120.62 99.68 453.34 169.11 121.67
74.93 173.98 66.85 3781.73 771.1 298.9
350.98 624.1 473.97 4918.47 1296.83 567.95
536.32 845.8 1154.21 4004.74 2369.67 1423.51
988.86 1389.13 1766.48 2761.79 3119.52 2789.14
115.25 304.43 81.9 5026.34 1030.85 417.09
184.33 300.8 197.83 2345.34 614.88 288.03
537.27 799.59 980.92 2699.64 1705.35 1241.99
571.81 855.84 973.74 3655.84 2085.81 1638.16
261.84 449.13 309.56 2503.35 883.02 570.17
679.21 1028.9 1301.21 4123.37 2112.68 1193.16
135.95 322.35 113.25 4702.16 1011.16 390.47
95.66 169.65 94.56 2085.79 508.44 219.49
106.31 157.09 96.84 1400.14 333.52 172.87
95.05 161.58 84.28 2174.67 445.99 195.16
700.01 1046.02 1241.15 3377.91 2460.68 2036.57
958.57 1401.6 1945.48 3267.6 2785.26 1842.22
353.55 661.94 611.6 4575.74 1400.5 667.0
302.69 514.32 498.37 3609.15 1141.75 554.81
837.43 1251.24 1702.08 3647.96 2966.99 1957.4
376.66 647.53 704.38 4296.47 1691.66 874.96
243.7 462.81 386.91 4319.73 1481.38 815.1
603.69 922.37 1330.15 4057.34 2778.79 1552.45
612.07 900.72 1041.61 3078.67 2011.07 1600.92
223.06 401.29 339.73 3477.57 1224.04 706.73
128.75 308.15 105.56 4620.15 929.45 365.55
191.31 343.49 167.51 3148.03 681.6 280.96
177.4 375.41 185.61 4545.56 1097.8 455.75
294.83 494.49 473.91 3974.86 1460.52 919.58
148.41 348.22 137.69 4523.05 994.83 437.63
188.97 387.4 252.28 4158.71 1061.65 470.5
712.44 1093.16 1579.78 3571.58 2345.09 1408.48
251.04 483.77 402.05 4918.74 1411.04 659.02
123.16 292.75 94.86 4418.46 881.33 345.98
1130.04 1587.68 2011.69 3031.15 3332.97 3003.79
818.14 1175.71 1574.96 3305.37 2462.6 1824.29
434.58 667.84 732.3 3523.06 1759.39 1284.74
220.64 567.93 104.74 5412.14 1184.74 458.55
277.63 427.12 514.7 2131.23 1119.86 651.93
644.24 947.98 1124.19 3423.88 2276.27 1854.47
1039.62 1465.08 1849.98 2910.31 3192.36 2899.25
984.3 1391.98 1747.72 2992.64 3065.7 2753.96
62.42 217.79 79.5 3549.14 878.62 328.74
227.87 414.26 375.63 3124.01 1192.64 735.44
699.34 1039.45 1398.12 3470.67 2030.06 1176.66
616.76 982.22 1244.91 4070.66 2295.04 1340.41
297.6 494.89 463.75 4542.99 1463.92 937.94
184.87 353.72 309.81 4731.82 1268.92 596.06
286.73 524.98 468.85 4801.97 1412.71 703.33
896.05 1319.22 1526.41 3434.27 2830.33 2451.3
502.44 771.52 854.93 3844.41 1975.44 1481.28
94.63 166.83 82.94 2351.67 475.51 203.28
741.01 1120.42 1463.7 3573.36 2135.21 1396.34
79.05 177.66 78.9 3191.24 741.59 280.69
246.96 388.98 337.72 2125.48 740.38 398.79
227.37 496.05 279.51 4736.67 1280.73 661.97
164.98 270.42 143.48 1937.52 459.8 216.11
856.24 1211.29 1505.47 2587.1 2562.86 2274.43
340.47 676.65 315.27 5729.33 1325.28 582.83
215.84 390.4 351.56 4665.23 1352.66 710.88
437.93 767.26 834.75 4402.3 1896.39 1037.93
877.98 1274.79 1804.79 3186.22 2754.49 1898.14
467.38 775.54 782.81 4635.21 1729.83 894.54
216.97 390.32 332.99 3988.76 1267.73 711.78
133.7 391.29 95.71 5089.05 1076.1 406.25
298.58 417.39 515.05 1598.35 997.03 711.7
284.96 491.42 570.39 4092.98 1483.17 777.35
813.45 1232.88 1537.55 3727.15 2621.81 1852.94
93.74 118.48 91.72 1019.55 267.61 149.68
107.48 167.67 96.26 1641.06 376.79 186.37
170.8 380.78 196.48 5079.42 1186.1 547.33
161.23 353.43 258.25 4546.43 1191.39 480.48
732.41 1091.58 1205.2 3851.33 2361.39 1909.32
205.32 422.33 375.73 4482.62 1393.95 592.45
350.62 509.79 683.83 2357.71 1158.01 648.53
253.54 385.43 363.63 2248.85 891.94 640.08
345.75 619.41 615.71 4420.91 1668.07 931.37
810.11 1195.87 1555.31 3553.21 2871.08 2176.74
196.75 470.5 225.34 5021.45 1252.36 571.8
229.6 403.75 347.03 4574.52 1323.7 772.93
125.92 264.5 172.2 4453.22 1040.08 472.02
77.87 182.04 77.71 3365.46 777.75 290.88
674.13 1066.52 1354.24 4037.59 2227.59 1200.27
222.48 501.4 318.96 4946.19 1392.93 615.98
880.55 1280.25 1544.14 3516.45 2766.22 2296.36
878.22 1259.26 1585.91 3302.69 2676.34 2194.47
140.25 296.1 116.83 3804.75 872.71 353.91
1008.61 1416.8 1759.82 2975.82 3017.94 2755.35
482.49 751.68 918.89 3138.85 1877.98 1277.02
83.04 153.16 90.75 1656.61 451.4 203.23
375.7 634.32 739.75 4228.85 1696.63 894.03
1032.98 1443.36 1847.84 2670.51 3210.42 2902.47
278.82 533.83 577.8 4044.3 1609.75 811.52
283.36 475.48 445.2 4503.79 1441.47 911.15
419.11 682.11 788.99 3769.41 1728.19 962.68
105.85 229.66 80.17 3361.45 705.1 298.31
218.85 404.72 330.98 4310.75 1339.11 735.32
89.38 152.87 80.14 2127.36 396.62 181.56
808.08 1162.59 1487.82 3197.07 2716.46 2208.58
653.39 1035.36 1032.76 3948.89 2263.91 1757.27
453.04 743.84 795.73 4409.78 1838.77 1094.9
363.11 583.57 597.13 3896.21 1614.68 1096.73
936.37 1348.6 1909.02 3090.43 2880.92 2077.69
770.06 1187.63 1690.79 3547.87 2472.05 1495.84
496.53 790.36 971.08 4034.32 1913.78 1090.38
698.18 1055.81 1398.02 3774.65 2205.08 1332.02
414.83 660.46 796.6 3815.72 1543.63 797.89
531.8 822.94 876.56 3956.17 2008.22 1504.64
335.2 553.89 430.0 3693.76 1167.11 701.03
728.55 1094.08 1622.19 3998.3 3211.87 1835.55
538.39 902.67 742.71 4974.13 1845.02 1224.89
837.99 1227.53 1840.32 3441.19 2613.81 1483.43
330.26 606.67 438.63 4998.7 1305.34 565.72
118.79 294.5 140.8 4556.04 1092.37 447.47
918.71 1309.33 1958.06 3216.91 2660.79 1576.37
632.48 944.37 1186.74 3620.52 1980.89 1364.55
706.8 1073.39 1487.87 3650.36 2465.3 1506.22
113.85 185.63 105.1 1872.34 450.9 211.86
103.39 241.53 138.29 4340.04 983.02 447.15
773.62 1150.82 1279.05 3910.42 2472.46 2024.16
211.29 389.85 361.51 4653.31 1257.52 621.09
122.42 238.63 108.26 2969.36 668.09 281.1
111.63 239.27 151.25 3667.95 948.16 401.02
994.86 1410.42 1760.12 3060.2 3085.4 2778.02
607.61 968.86 1257.22 3873.81 2182.08 1334.55
233.2 343.74 406.12 1893.32 840.4 503.22
229.66 349.94 384.98 1933.92 782.38 417.08
559.85 868.47 1152.49 3674.14 2370.48 1409.59
107.42 264.58 74.83 4239.67 868.04 351.71
187.1 400.08 254.39 4995.54 1207.05 525.82
1112.26 1569.78 1928.15 3201.76 3280.34 2996.52
127.31 268.89 110.06 3595.67 792.09 320.64
229.78 452.64 195.77 4692.88 986.09 365.83
713.02 1046.82 1254.3 3356.41 2521.76 2067.87
357.91 603.75 682.97 3655.02 1570.44 851.67
341.37 624.7 556.84 4221.91 1435.17 772.07
93.09 185.94 78.06 2995.66 582.91 232.82
282.26 550.8 522.47 4568.35 1558.1 750.4
962.0 1398.0 2014.0 3173.0 2939.0 1816.0
69.0 191.5 59.0 4653.5 930.0 346.0
134.0 394.5 95.5 5146.0 1087.0 409.5
969.0 1403.0 2079.0 3181.0 3518.0 2279.0
155.0 368.0 123.0 5163.0 1156.0 447.0
89.8 263.8 87.2 4769.8 1060.5 381.0
971.0 1390.0 2115.5 3245.0 2879.5 1707.0
122.0 299.0 89.0 4632.0 914.0 354.0
72.0 203.8 71.8 4231.5 957.5 341.5
907.5 1325.5 2047.5 3151.5 2757.0 1579.5
948.0 1357.0 1978.0 3155.0 2462.0 1531.0
56.8 180.8 53.0 4412.8 873.5 325.0
119.5 322.5 80.5 4825.8 970.8 371.8
948.0 1376.0 2046.0 3146.0 2970.0 1921.0
911.0 1341.0 1922.0 3127.8 2196.5 1320.8
985.0 1493.5 2276.8 3372.5 3183.8 2033.8
76.2 218.5 55.5 4643.8 764.8 282.8
962.5 1390.0 1954.5 3151.5 2480.0 1527.0
959.5 1435.2 2145.2 3160.2 2832.8 1787.8
88.5 243.0 63.5 4918.0 903.5 321.0
978.0 1422.0 2105.0 3266.0 3199.0 2037.0
79.2 209.2 66.0 4931.0 970.2 374.0
222.2 574.0 104.8 5481.0 1198.8 463.2
992.0 1434.0 2127.0 3253.0 3849.0 2515.0
980.5 1432.2 2016.0 3245.2 2807.8 1800.2
966.0 1422.0 2112.0 3259.5 3477.0 2237.5
109.2 304.0 68.8 5231.2 1052.0 412.0
978.0 1434.0 2220.0 3640.0 4073.0 2397.0
81.5 229.5 75.0 4588.5 1023.0 369.5
937.0 1353.0 2081.0 3198.0 2826.0 1629.0
924.0 1316.0 1970.0 3207.0 2671.0 1584.0
102.5 315.2 89.5 4914.0 1200.8 467.0
980.0 1467.0 2194.0 3388.8 3736.5 2446.5
955.0 1376.0 2056.0 3368.0 3193.0 1885.0
977.5 1462.0 2197.0 3231.5 2940.0 1846.5
939.0 1381.8 2053.5 3176.2 3230.8 2074.0
265.0 540.0 222.0 5608.0 1151.0 427.0
83.0 265.0 84.5 4714.5 1156.5 420.5
245.0 494.0 207.0 5231.5 1090.0 397.0
304.0 635.0 236.5 5868.5 1229.5 464.5
138.0 335.0 114.0 4964.0 1063.0 407.0
53.8 244.8 74.8 4340.2 1057.2 381.2
1050.0 1465.0 1880.0 2630.0 3252.0 2949.0
1121.0 1568.0 2001.0 2751.0 3375.0 3115.0
1212.0 1691.0 2129.0 2918.5 3531.0 3299.0
100.0 100.0 100.0 100.0 100.0 100.0
