303.44 477.48 456.27 3848.5 1568.76 1135.23
335.49 523.75 440.61 3369.1 1398.93 975.85
180.96 343.89 211.8 3955.09 1132.65 658.0
754.46 1009.45 1340.33 2138.69 2747.57 2429.49
402.04 548.8 643.69 2202.23 1809.64 1549.71
705.52 950.17 1277.51 2322.96 2674.71 2288.24
455.4 608.77 854.44 1339.32 1454.19 1109.61
622.09 807.66 1040.29 1729.3 2460.93 2312.65
218.17 260.14 312.56 452.35 604.38 575.56
530.79 689.58 874.32 1561.31 1969.8 1843.4
661.85 901.42 1250.01 2019.43 2561.57 2056.36
501.02 726.9 757.18 3326.38 2054.55 1665.54
794.12 1087.59 1466.54 2405.29 2651.14 2180.28
840.32 1176.3 1707.19 2665.75 2820.41 2094.07
132.1 169.98 155.95 800.77 381.32 280.6
682.99 898.36 1149.08 2049.31 2717.58 2523.81
316.77 639.58 318.84 4761.03 1515.58 895.43
766.84 1014.3 1322.4 2155.68 2879.06 2658.41
680.96 902.38 1181.84 1955.78 2590.18 2343.72
246.49 391.98 365.37 3960.68 1483.65 1019.85
770.12 1070.33 1502.35 2435.63 2997.19 2361.97
143.01 157.92 177.23 240.87 309.39 295.39
325.84 524.96 576.34 3888.37 1568.03 1011.4
583.06 754.64 968.93 1540.36 2161.86 2044.04
685.44 894.84 1153.34 1957.2 2749.28 2578.92
482.22 671.74 792.18 2721.25 2115.93 1782.83
192.75 225.7 266.84 376.56 495.9 473.27
955.12 1393.54 2144.3 3522.75 3980.86 2400.89
507.8 779.34 939.9 3496.87 2323.39 1673.5
581.91 758.03 966.38 1992.45 2512.55 2315.56
477.43 687.76 774.36 3006.39 2198.6 1827.75
397.46 540.38 624.61 2009.32 1602.21 1396.01
513.49 766.17 928.91 3225.28 2107.21 1553.15
355.64 509.41 573.4 3023.94 1805.59 1458.82
846.9 1160.4 1606.24 2517.05 3265.53 2653.34
694.71 993.47 1339.59 2794.7 2768.27 2113.98
619.11 799.19 1032.3 1800.43 2626.95 2457.7
631.0 819.36 1066.52 1849.44 2620.98 2424.18
175.38 324.57 233.92 4124.19 1105.06 680.25
432.71 592.09 700.5 2226.69 1837.57 1585.11
822.76 1135.38 1563.83 2418.23 2877.96 2427.63
872.19 1247.08 1868.63 2896.19 2790.33 1849.96
563.09 764.74 936.42 2561.29 2312.97 2040.69
812.75 1145.39 1585.85 2602.29 2444.32 1880.85
429.48 616.27 688.38 2910.61 1941.97 1575.2
329.34 410.85 513.04 815.7 1137.08 1071.94
340.7 426.19 532.96 817.69 1127.36 1068.66
645.43 851.25 1120.71 1840.74 2487.55 2249.96
813.75 1101.64 1494.61 2370.75 2977.78 2557.13
585.22 840.3 1017.59 2575.48 2160.43 1711.67
721.18 973.21 1343.58 2166.64 2629.91 2200.63
758.85 1036.88 1362.4 2570.33 2880.43 2440.7
371.72 468.23 588.77 910.19 1259.78 1193.51
632.62 826.0 1073.83 1715.0 2379.95 2207.42
226.5 336.9 318.23 1461.56 716.87 474.31
300.4 369.9 459.87 756.42 1075.75 1010.49
478.18 612.38 778.82 1431.83 1957.85 1823.46
242.7 293.43 357.01 545.35 745.33 704.8
491.1 695.8 784.88 3019.4 2151.82 1809.76
559.06 760.59 926.94 2487.11 2276.92 2017.2
345.81 554.58 511.87 4069.68 1728.02 1263.61
428.43 689.45 574.16 4425.71 1733.16 1196.88
241.98 393.05 371.49 3537.27 1440.51 957.36
791.13 1120.62 1594.75 2487.62 2731.04 2119.19
749.07 1025.6 1461.06 2371.81 2708.39 2118.92
702.1 925.31 1212.06 2003.23 2779.16 2565.51
170.32 195.3 226.49 309.67 400.14 382.99
147.24 326.47 136.42 4529.44 993.07 449.0
751.49 1059.33 1492.45 2642.31 2652.88 1960.82
347.25 455.99 598.48 944.73 986.89 821.69
402.4 686.23 485.01 4597.54 1666.07 1087.25
491.52 646.15 866.96 1385.28 1732.21 1495.77
114.5 184.34 121.5 1611.22 494.83 267.37
843.14 1189.99 1690.84 2674.16 3159.69 2394.16
388.97 565.37 619.64 3259.0 1784.28 1463.32
895.5 1270.18 1836.54 2847.94 2950.86 2144.96
699.57 937.62 1248.38 2117.0 2592.52 2239.63
238.04 451.56 422.03 3871.93 1489.0 867.28
471.79 600.74 767.65 1317.82 1910.25 1789.19
228.66 274.39 331.72 501.52 681.82 645.28
455.68 579.04 738.71 1265.04 1831.79 1715.97
810.59 1122.85 1591.53 2585.5 2849.08 2114.7
588.02 830.01 1238.62 1912.85 1804.15 1163.08
727.52 971.56 1295.27 2146.36 2865.84 2527.79
351.56 505.72 554.7 3191.88 1691.93 1336.79
931.42 1316.19 1961.71 3026.14 2883.27 1897.15
504.99 747.89 831.07 3169.31 2120.38 1720.89
373.73 468.67 591.56 996.61 1432.79 1343.66
115.73 121.18 128.24 151.51 176.57 171.45
152.59 349.07 141.84 4868.04 1110.43 469.2
642.04 865.96 1146.16 2073.39 2388.47 2108.27
955.56 1421.78 2115.35 3281.26 3661.4 2447.28
804.1 1082.48 1460.41 2310.02 3039.54 2635.91
703.87 920.33 1192.28 1908.39 2671.4 2511.17
457.39 611.91 717.31 1968.08 1874.88 1664.4
783.59 1044.49 1402.11 2230.09 2888.72 2570.64
707.96 957.05 1311.72 2115.84 2537.71 2078.73
474.94 608.21 775.28 1270.1 1795.52 1689.04
706.38 982.27 1261.21 2696.16 2749.22 2328.18
509.79 682.21 835.54 2372.14 2252.34 2020.37
609.89 813.42 1091.05 1829.8 2487.47 2174.13
516.74 774.08 945.54 3091.74 1907.08 1337.26
596.9 791.99 1027.5 2129.1 2507.15 2243.61
619.22 799.43 1032.84 1800.99 2626.72 2456.83
394.42 521.99 719.35 1128.33 1137.74 860.88
734.18 960.7 1243.91 1995.95 2793.31 2630.89
537.36 718.95 893.73 2166.93 2400.25 2158.01
101.58 257.27 87.4 4852.92 943.98 370.55
441.02 618.51 741.96 2292.9 1731.44 1420.25
761.1 1035.04 1409.58 2283.26 2947.79 2498.79
380.19 479.71 604.0 935.44 1295.92 1227.58
563.87 803.45 905.75 2945.47 2235.71 1855.37
294.37 523.08 478.58 4133.58 1609.59 959.14
668.7 917.72 1281.33 2087.79 2072.7 1592.39
179.71 307.55 154.66 2324.36 540.14 245.3
668.1 962.33 1299.33 2783.09 2444.42 1880.31
757.18 992.58 1286.75 2069.16 2885.42 2713.41
296.56 383.16 456.63 1211.59 1105.07 975.57
739.6 996.66 1342.88 2190.15 2855.99 2485.52
692.44 946.56 1275.76 2429.67 2458.57 2016.05
374.28 471.77 593.99 955.97 1340.34 1262.44
780.67 1049.44 1393.48 2245.56 2745.59 2450.6
622.33 887.93 1111.3 3104.85 2493.63 1987.25
529.44 846.82 1049.5 3908.69 1889.86 1033.67
588.48 795.36 986.02 2620.67 2414.46 2161.38
537.89 763.19 957.07 3100.42 2091.06 1656.9
716.14 965.92 1224.33 2480.12 2711.67 2425.93
668.31 889.0 1205.58 2031.01 2649.22 2307.84
896.22 1277.73 1808.74 2875.79 2895.79 2002.29
583.36 786.64 945.98 2354.21 2339.11 2097.93
796.76 1112.64 1578.8 2934.86 2605.85 1874.96
821.75 1165.62 1662.38 2582.36 2950.3 2340.62
684.32 902.92 1177.58 2009.27 2721.01 2489.25
314.48 388.87 485.15 802.53 1144.29 1074.45
563.22 749.98 964.91 1900.0 2196.97 1952.22
796.28 1091.98 1513.51 2415.13 3051.47 2471.39
903.38 1290.82 1831.09 2908.16 2900.49 1982.01
617.58 811.25 1028.09 1897.93 2352.09 2191.19
767.4 1013.67 1325.51 2142.69 2911.55 2688.52
539.46 691.88 889.17 1539.47 2239.73 2096.63
875.35 1221.79 1723.53 2706.51 3060.75 2362.06
324.19 403.82 503.27 768.47 1056.91 1002.23
534.91 843.32 939.37 4207.76 1909.04 1147.32
342.69 597.14 621.03 4677.36 1550.96 773.35
832.76 1133.74 1555.49 2445.32 3208.66 2666.82
923.09 1333.52 1941.98 3013.56 3359.09 2340.19
399.18 505.45 638.16 992.07 1377.0 1304.03
810.46 1174.25 1720.36 2670.64 2926.09 1972.65
514.53 689.17 916.18 1489.35 1671.94 1429.89
496.14 676.6 814.82 2468.05 2289.94 1990.97
834.4 1180.01 1744.81 2904.02 3494.61 2421.4
348.85 538.68 517.85 3551.06 1653.47 1250.98
315.73 498.83 503.22 3596.97 1707.35 1208.46
570.93 863.03 1171.94 3648.63 2273.73 1452.7
780.23 1077.05 1532.33 2446.14 2758.16 2166.57
852.11 1176.45 1637.15 2579.82 3029.44 2435.67
648.07 884.15 1236.3 2153.39 2358.05 1862.72
857.6 1193.33 1729.63 2697.05 2858.46 2116.35
752.38 1042.41 1501.48 2424.82 2687.1 2051.85
678.53 926.53 1146.0 2647.6 2583.96 2264.35
565.24 897.36 939.74 4200.96 2227.92 1511.8
604.29 783.84 1005.96 1867.38 2583.57 2401.01
496.11 636.91 813.4 1336.16 1891.26 1778.76
667.1 872.64 1120.3 1911.88 2547.21 2391.38
174.4 336.71 220.47 4490.57 1169.38 646.41
521.12 729.36 923.35 2818.19 2267.59 1788.1
673.09 882.32 1144.68 1950.7 2694.16 2488.73
482.8 656.25 783.34 2600.54 2184.49 1909.33
910.12 1308.3 1971.65 3240.9 3765.43 2442.64
159.55 180.7 207.12 277.57 354.19 339.66
351.79 441.22 552.92 850.77 1174.72 1113.31
611.3 791.65 1017.33 1846.67 2601.46 2425.83
762.21 1043.75 1440.42 2266.68 2699.12 2205.28
573.1 741.14 951.01 1510.66 2119.35 2003.96
748.25 980.63 1272.59 2041.2 2862.34 2689.45
652.71 883.19 1077.25 2514.41 2504.97 2248.59
631.97 820.91 1056.89 1686.17 2370.6 2240.85
622.61 818.89 1042.08 1992.07 2526.71 2336.83
869.96 1259.28 1781.56 2908.26 2300.03 1554.77
844.9 1203.21 1721.57 2637.67 2857.1 2187.96
429.37 644.36 613.7 3539.87 1847.7 1413.01
690.31 948.05 1247.35 2611.58 2598.4 2182.36
917.41 1321.69 1844.27 2992.98 2776.25 1915.0
923.96 1331.57 1905.09 3020.73 2904.4 1887.2
200.14 235.73 280.35 412.5 552.83 524.39
532.31 685.85 877.62 1389.01 1945.21 1839.77
615.56 858.52 1063.63 2640.29 2510.13 2147.1
632.03 924.26 1115.06 3006.35 2405.09 1833.99
701.66 922.16 1205.58 1998.6 2770.08 2556.76
817.41 1204.87 1649.0 3242.94 2690.84 1924.08
672.11 923.3 1086.34 2763.57 2589.97 2317.69
385.65 484.72 612.96 1035.66 1490.83 1397.82
605.44 785.1 1010.31 1677.36 2385.67 2242.12
369.61 566.19 560.44 3625.57 1798.12 1386.25
791.69 1064.47 1423.98 2278.39 2997.41 2644.81
196.98 231.43 274.45 389.17 513.94 490.29
410.6 582.33 643.17 2288.95 1710.29 1457.19
544.33 727.81 1004.29 1553.11 1776.95 1443.87
744.46 1009.41 1352.18 2237.0 2616.58 2270.15
819.6 1129.47 1578.04 2505.56 3230.86 2558.67
842.2 1211.28 1740.09 2766.63 2813.68 2094.35
442.69 625.53 661.93 2341.87 1623.87 1371.18
380.43 510.94 610.91 2084.17 1700.79 1474.89
512.03 699.64 822.45 2575.27 2287.89 1994.4
498.3 693.17 824.8 2875.64 2168.15 1836.35
948.63 1357.39 1988.91 3064.98 3693.51 2525.98
785.39 1140.61 1562.23 2944.95 2091.43 1295.08
173.47 315.7 235.25 4467.08 1247.19 717.45
276.53 494.64 406.54 4152.9 1653.31 1072.31
730.9 991.16 1373.03 2322.2 2815.5 2267.17
396.16 659.94 504.63 4659.15 1618.21 1044.87
202.88 418.7 272.36 4475.0 1461.8 816.14
461.1 681.55 746.0 3250.43 1994.94 1594.11
202.92 394.01 297.52 4240.79 1467.17 833.81
578.59 754.34 983.36 1564.7 2087.93 1919.83
570.34 773.67 909.11 2428.51 2411.11 2150.04
634.87 905.27 1144.25 2951.08 2289.11 1798.9
596.41 792.76 1035.41 2207.77 2583.83 2258.27
372.83 691.11 436.42 4514.52 1678.85 1105.68
443.81 634.9 712.32 2856.22 2143.26 1782.68
511.57 693.45 878.41 2337.11 2085.93 1766.15
316.41 571.33 537.73 4373.1 1595.22 907.05
736.62 1008.03 1405.48 2273.5 2972.93 2367.37
531.78 816.24 789.18 3510.67 2180.9 1770.54
356.27 447.36 561.54 899.75 1258.87 1186.08
534.92 696.41 897.9 1474.0 1955.31 1806.63
419.41 546.08 677.33 1487.74 1635.62 1487.08
719.22 967.27 1340.5 2211.43 2698.89 2244.17
358.68 597.41 451.29 4385.59 1518.28 960.26
224.72 406.62 328.94 4130.41 1443.6 879.69
164.9 326.34 203.11 4537.86 1139.96 610.41
656.6 862.13 1147.73 1954.34 2653.97 2377.78
711.39 942.67 1253.69 2064.64 2758.79 2484.1
626.03 824.23 1064.13 1939.16 2472.9 2263.06
919.93 1326.48 2007.56 3298.61 3809.9 2436.04
386.95 538.68 613.29 2124.02 1653.46 1399.83
655.55 878.79 1106.09 2344.04 2582.68 2310.73
757.66 1061.5 1479.92 2359.42 2501.41 1839.82
620.02 806.96 1039.38 1895.68 2612.75 2414.2
522.37 668.86 858.48 1483.5 2156.53 2019.0
215.42 256.45 307.88 460.21 621.96 589.18
583.12 809.41 1136.77 1915.77 1964.61 1480.2
474.76 672.32 777.57 3111.94 2117.37 1751.61
328.8 449.64 500.55 1724.17 1235.52 1059.8
601.34 825.09 1014.56 2559.08 2494.13 2220.49
360.2 450.44 567.25 952.28 1366.89 1282.16
384.28 485.32 611.99 987.17 1385.54 1304.8
375.33 540.82 598.15 3064.16 1899.83 1511.18
285.91 351.94 434.41 654.33 893.52 848.18
453.77 576.47 735.29 1258.79 1822.51 1707.31
682.75 911.56 1169.78 2386.68 2662.29 2419.06
518.13 700.58 842.08 2225.3 2032.81 1811.23
649.91 845.23 1089.17 1739.67 2447.18 2313.05
658.05 876.56 1106.98 2367.53 2621.83 2396.53
149.44 408.51 125.15 5056.49 1133.61 470.34
806.13 1127.61 1577.73 2523.16 3154.47 2533.13
672.64 922.85 1278.74 2071.37 2574.53 2167.43
289.05 501.96 433.12 3983.41 1691.9 1130.06
345.18 541.89 508.25 3725.2 1613.11 1193.91
815.37 1108.02 1531.41 2479.65 3213.72 2648.26
473.9 640.19 803.64 1794.68 1730.62 1482.31
490.46 707.56 841.93 2908.6 2089.45 1653.87
282.02 345.15 426.87 696.22 986.27 927.0
643.41 836.57 1078.7 1795.86 2557.37 2403.04
763.78 1012.2 1319.41 2186.17 2838.73 2605.05
353.44 668.55 394.91 5232.95 1364.91 636.92
233.21 377.47 341.61 4037.7 1442.9 968.58
778.97 1130.93 1583.45 3130.26 2791.64 1955.65
235.77 584.55 134.67 5393.96 1242.03 521.06
532.25 725.58 880.63 2616.42 2313.19 2021.26
771.45 1019.0 1330.47 2137.97 2868.57 2649.24
576.82 742.19 956.26 1661.84 2421.63 2266.37
528.05 768.19 801.35 3472.56 2092.58 1694.81
942.35 1355.32 1900.37 3072.2 2488.62 1581.62
400.43 507.22 641.09 1037.58 1458.59 1373.26
637.78 828.92 1068.54 1778.26 2531.88 2379.14
610.45 951.17 1219.69 4111.66 2286.81 1327.65
734.89 1072.46 1507.82 3136.64 2956.56 2142.25
855.63 1223.83 1759.97 2781.64 3121.81 2250.79
252.33 306.48 374.36 575.4 788.87 745.61
799.61 1121.15 1579.04 2475.18 2918.63 2382.24
644.44 880.93 1045.74 2749.3 2504.83 2228.46
260.62 317.71 389.28 601.25 826.33 780.72
759.24 996.21 1296.44 2079.46 2896.94 2715.15
234.87 282.81 342.91 520.9 709.91 671.6
741.7 981.57 1258.83 2204.62 2831.31 2619.19
807.77 1160.58 1712.54 2952.38 2658.93 1764.78
386.54 488.39 616.07 994.23 1395.78 1314.4
376.24 672.61 418.92 4935.51 1549.97 921.65
653.54 875.0 1141.33 2298.85 2573.1 2261.53
215.9 366.7 311.2 4350.31 1359.98 851.88
686.86 910.24 1156.83 2220.51 2694.59 2492.64
886.44 1264.46 1885.02 3101.7 3658.14 2458.57
752.74 1064.65 1559.52 2546.25 2524.08 1611.94
716.54 959.93 1284.41 2098.84 2799.86 2462.19
170.44 325.74 231.14 4261.48 1065.24 616.47
404.5 617.49 742.8 3361.08 1666.49 1103.46
854.11 1179.52 1600.46 2576.48 2700.45 2163.69
722.81 1010.76 1358.5 2462.44 2500.56 2048.19
829.54 1167.77 1605.08 2641.68 2732.3 2074.9
599.83 803.51 1001.01 2348.66 2507.74 2265.81
664.13 931.7 1322.69 2081.15 2409.53 1918.32
847.47 1208.31 1804.51 2818.81 2757.55 1856.4
785.4 1154.89 1660.58 2993.66 2915.5 1950.53
552.67 769.45 997.21 2826.84 2291.85 1845.35
284.13 347.99 430.65 703.12 996.53 936.57
886.09 1251.22 1799.02 2794.55 2947.43 2185.07
391.87 514.22 695.51 1135.36 1339.57 1069.83
475.85 625.1 828.7 1319.11 1735.59 1504.69
513.26 727.87 848.81 3014.87 2271.15 1903.4
234.85 282.79 342.87 520.85 709.82 671.52
164.51 378.36 223.37 4506.62 1334.77 636.19
572.33 753.98 942.94 2106.96 2475.26 2259.02
557.5 781.14 905.91 2919.81 2298.34 2001.43
259.13 314.31 385.75 621.22 874.78 822.97
507.0 733.2 943.03 2948.4 2286.74 1737.76
971.69 1404.37 2067.69 3234.56 3777.54 2492.04
567.34 793.71 998.5 2902.57 2222.44 1807.03
230.87 290.85 334.45 796.56 728.07 649.42
372.17 612.93 608.15 4148.04 1782.36 1120.33
525.87 782.77 956.73 3457.55 2326.63 1650.7
667.54 888.63 1117.1 2152.92 2676.68 2460.56
769.16 1060.61 1527.35 2460.15 2720.97 2066.54
564.67 786.05 972.58 2835.76 2290.99 1913.72
306.71 380.13 471.83 716.36 982.31 931.89
283.1 472.86 397.37 4060.74 1589.27 1109.94
513.63 659.37 841.02 1508.45 2117.23 1975.11
472.29 606.92 782.45 1374.37 1873.47 1717.65
355.28 443.82 558.42 936.18 1342.96 1259.83
284.02 432.99 432.53 3743.0 1598.84 1164.74
541.52 755.52 895.98 2929.7 2307.78 1980.53
473.95 684.56 742.95 3231.34 2115.25 1730.59
480.19 660.28 931.83 1461.76 1209.52 810.84
463.17 646.21 768.1 2500.34 2194.2 1885.42
546.48 831.51 1021.35 3582.73 2130.31 1440.87
305.97 379.17 470.95 742.77 1031.4 972.9
540.82 722.51 885.32 2108.6 2245.81 2001.3
750.82 981.98 1270.68 2040.55 2877.88 2719.14
702.93 947.45 1309.73 2230.15 2965.04 2443.74
568.97 865.88 1157.92 3679.91 2115.7 1303.0
551.59 711.99 912.32 1446.52 2027.54 1917.39
754.57 1014.6 1370.99 2223.63 2997.7 2575.14
253.16 418.43 381.81 3837.46 1514.35 998.55
392.53 563.05 639.13 2577.68 1706.57 1366.38
557.5 810.38 1187.76 1808.86 1991.15 1322.3
553.9 737.86 913.22 2188.81 2446.42 2206.8
188.34 219.74 259.1 375.68 499.48 474.39
169.45 324.19 223.46 4288.84 1057.68 619.85
440.05 599.22 723.59 2393.7 2014.62 1717.56
355.91 595.78 521.5 3859.79 1756.74 1283.73
704.29 1044.34 1372.73 3345.03 2548.89 1872.56
666.73 889.23 1117.31 2438.75 2632.99 2416.49
608.04 806.77 999.09 2038.61 2297.76 2116.08
497.04 659.69 883.48 1434.92 1829.19 1592.42
727.18 974.67 1301.33 2111.82 2769.65 2475.94
423.1 576.68 647.31 1877.34 1592.11 1394.39
608.42 892.9 1015.54 3319.04 2298.24 1822.17
447.53 568.06 724.08 1238.34 1792.11 1678.95
433.06 637.19 748.26 2949.24 1654.79 1186.5
329.27 571.62 470.35 4014.22 1676.33 1178.77
108.08 258.76 122.51 4472.19 1099.09 466.92
618.35 798.18 1030.98 1797.97 2623.3 2454.18
174.89 328.45 241.28 4104.01 1301.69 732.37
662.55 925.06 1253.18 2506.66 2662.11 2159.72
785.76 1091.64 1493.48 2457.9 2512.41 2034.74
599.88 788.16 987.33 1977.33 2558.2 2361.9
253.21 306.34 375.12 601.83 845.96 796.07
770.44 1063.48 1465.58 2406.22 2764.76 2174.54
416.76 607.84 669.58 3060.4 1830.7 1454.77
417.68 634.82 587.91 3647.16 1799.64 1348.57
301.33 371.15 461.54 759.45 1080.26 1014.7
633.33 824.54 1065.34 1768.04 2500.63 2341.42
331.26 504.38 521.4 3495.77 1737.9 1284.74
610.71 897.45 1232.61 2744.55 2102.59 1484.89
417.71 634.76 642.48 3528.11 1874.66 1481.33
837.35 1140.73 1596.14 2505.9 2892.24 2349.13
591.18 773.94 993.31 1731.04 2195.57 2034.07
403.99 564.79 629.38 2553.81 1811.22 1531.49
561.96 811.01 856.21 3226.07 2256.98 1893.7
256.13 342.62 381.38 1468.26 1044.22 868.99
524.15 785.34 990.16 3522.63 2055.7 1365.65
567.16 746.48 943.44 1953.01 2304.71 2113.6
566.8 728.7 938.27 1629.03 2372.86 2220.86
726.88 1084.49 1516.8 3174.84 2543.32 1750.19
738.73 989.82 1307.63 2162.23 2767.46 2454.68
147.43 163.89 185.18 255.37 330.96 315.51
647.51 848.21 1117.3 1912.51 2699.59 2443.42
380.92 637.84 478.78 4601.41 1591.67 1020.32
463.66 676.57 683.59 3270.74 1969.35 1583.83
232.63 279.77 338.86 513.89 699.75 662.08
533.29 725.42 906.39 2313.48 2313.73 1982.61
436.35 611.47 718.06 2922.85 2007.29 1688.19
547.24 763.5 906.16 2720.81 2268.31 1873.33
639.38 841.34 1072.57 2139.78 2613.52 2414.88
406.57 597.29 643.29 3517.92 1848.47 1471.67
661.3 955.65 1400.4 2144.12 2293.2 1497.91
433.43 583.49 702.55 2394.66 1976.86 1714.82
349.94 436.62 548.83 918.68 1316.94 1235.56
844.56 1187.08 1637.76 2687.46 2530.47 1846.66
312.02 387.33 481.38 732.19 1004.97 953.26
417.21 560.76 775.48 1198.35 1438.81 1093.7
615.96 822.91 1035.84 2208.22 2565.68 2340.86
277.19 421.45 427.3 3573.39 1572.35 1145.43
947.8 1419.79 2139.71 3185.54 3108.22 2079.37
805.37 1132.74 1600.75 2503.1 2926.88 2371.4
468.22 658.65 771.68 2971.29 2082.74 1730.89
649.64 912.03 1235.8 3010.07 2415.79 1843.01
670.77 977.38 1324.43 2931.99 2783.3 2108.74
128.35 138.18 150.91 192.87 238.04 228.81
754.82 994.22 1294.94 2079.49 2821.73 2620.22
852.74 1242.53 1826.97 2804.25 2982.59 2187.09
260.65 316.37 388.49 626.22 882.21 829.9
626.51 851.19 1104.31 2603.97 2531.58 2143.95
894.23 1258.61 1793.68 2809.4 3086.17 2302.28
494.01 803.7 820.61 4663.35 1756.85 952.54
493.05 629.37 805.82 1387.44 2013.75 1885.76
119.88 126.77 135.7 165.11 196.79 190.32
363.89 455.41 573.88 964.37 1384.86 1298.93
393.41 630.22 714.74 3430.84 1881.93 1341.06
281.93 346.6 427.66 667.77 922.72 871.05
809.65 1096.53 1507.15 2438.77 3183.45 2657.12
893.49 1272.73 1800.22 2863.45 2893.99 2010.03
909.01 1302.28 1898.8 2984.28 3089.08 2117.9
616.98 829.31 1034.79 2334.04 2566.25 2311.61
747.12 1005.27 1377.92 2234.89 2774.91 2363.34
694.05 925.97 1172.98 2356.21 2696.83 2471.52
753.39 985.55 1275.57 2048.62 2887.95 2728.05
583.55 793.21 968.22 2466.41 2481.04 2212.93
563.09 732.77 958.29 1636.47 2297.81 2094.25
560.13 749.88 925.05 2277.24 2205.47 1996.11
400.41 612.7 609.1 3729.22 1843.02 1397.63
661.1 897.99 1229.96 1998.28 2495.71 2123.38
780.32 1098.44 1596.27 2597.0 2641.08 1758.39
288.09 353.32 437.76 716.09 1015.81 954.56
836.17 1144.91 1592.63 2584.57 3018.04 2395.54
779.53 1034.73 1368.25 2180.26 2968.26 2689.08
182.07 370.59 232.72 3939.64 953.71 431.71
790.59 1126.05 1600.87 2677.27 3152.29 2404.32
265.76 368.8 393.75 1945.78 1044.97 841.51
422.22 665.67 579.12 4130.21 1717.72 1209.57
366.19 460.73 578.81 893.69 1236.16 1171.24
610.19 907.81 1202.18 3293.42 2371.5 1636.45
667.26 906.94 1206.25 2432.32 2516.14 2070.83
540.03 737.87 941.95 2239.84 2202.18 1885.32
342.05 428.08 535.93 855.36 1194.55 1125.81
547.83 849.76 949.02 4059.35 2015.68 1308.29
543.33 806.31 1103.03 3401.18 2055.9 1346.76
308.41 555.43 340.15 4837.44 1314.61 687.76
531.65 723.05 988.39 1565.34 1977.19 1627.85
791.62 1145.33 1549.28 3101.08 2572.79 1823.93
130.97 141.72 155.62 201.46 250.81 240.73
551.45 721.16 947.81 1596.84 2190.65 1987.05
480.31 615.39 784.1 1233.98 1723.29 1630.53
264.05 398.18 386.86 3003.73 1317.61 978.48
301.75 374.57 463.38 769.15 1020.12 957.96
729.81 973.74 1316.26 2143.78 2735.43 2386.85
270.72 427.43 422.53 3490.64 1538.67 1067.52
288.18 556.96 275.05 5358.62 1247.66 560.01
473.0 658.36 778.38 2490.92 1901.64 1591.97
666.48 867.83 1120.24 1867.83 2661.67 2500.78
126.02 271.78 145.12 4382.79 935.71 482.44
625.8 833.03 1052.66 2170.91 2592.08 2375.16
347.65 486.27 542.44 2020.75 1480.12 1234.7
416.54 529.05 670.09 1087.83 1531.41 1441.51
597.89 793.12 1051.59 1701.86 2265.04 2039.02
597.54 802.5 998.33 2350.61 2519.38 2267.3
771.36 1018.86 1337.62 2137.14 2944.57 2706.75
700.05 942.56 1268.69 2007.61 2599.24 2249.97
745.18 978.39 1274.97 2048.54 2834.64 2639.35
881.08 1246.91 1775.57 2772.85 3243.68 2440.69
256.95 496.57 218.43 4237.8 953.95 407.0
837.57 1213.0 1797.29 3321.04 3527.76 2285.26
650.79 893.62 1211.96 1983.83 2069.14 1698.44
104.86 106.59 108.75 114.5 120.75 119.57
473.06 624.36 764.16 1756.77 1988.82 1808.62
699.53 922.53 1215.41 2020.5 2740.99 2500.6
859.97 1212.81 1766.39 2924.53 3032.92 2047.06
559.26 769.12 921.45 2899.55 2311.55 2027.02
563.16 754.77 940.45 2236.73 2454.33 2185.62
525.82 727.73 821.27 2731.74 2234.97 1929.41
795.4 1098.01 1574.5 2613.74 2652.45 1952.52
177.27 240.78 244.64 1402.7 678.38 501.09
635.6 839.17 1117.98 1763.62 2272.08 2024.76
683.09 911.84 1142.44 2399.08 2683.27 2464.76
311.47 384.81 479.75 792.67 1129.63 1060.77
143.76 281.32 205.6 4119.69 1125.53 625.35
641.49 867.5 1064.64 2516.46 2546.54 2312.38
446.07 589.0 782.56 1191.53 1472.27 1286.01
259.25 456.08 426.02 3561.04 1608.49 1097.38
946.04 1363.37 2010.31 3090.39 3459.54 2290.74
95.27 153.33 96.28 1568.38 438.95 204.88
610.09 788.53 1019.51 1773.55 2567.01 2393.34
404.66 576.89 650.31 3329.35 1926.48 1559.73
430.76 675.69 777.05 3553.19 1718.92 1132.18
773.21 1039.82 1368.02 2324.44 2935.93 2609.79
603.52 789.89 1005.0 1868.55 2412.14 2244.5
792.36 1067.04 1433.67 2278.55 2965.72 2607.69
847.24 1166.43 1635.78 2657.52 3034.33 2348.0
667.19 874.47 1127.55 1989.98 2683.23 2496.76
585.79 756.2 971.95 1740.39 2472.28 2307.71
312.18 385.77 481.03 795.01 1133.12 1064.03
653.43 859.82 1092.94 2071.7 2643.04 2451.19
630.0 817.47 1065.87 1845.16 2634.89 2434.53
445.74 594.08 711.9 1777.4 1684.11 1507.99
149.09 211.55 210.4 1248.19 546.86 329.28
123.6 232.85 144.85 3785.74 930.45 478.64
137.13 150.32 166.79 210.72 258.5 249.44
909.53 1290.3 1920.26 3128.99 2676.4 1645.82
660.25 883.28 1188.41 2173.65 2542.18 2162.95
744.78 1014.43 1395.12 2239.94 2707.4 2265.94
792.51 1060.21 1415.67 2254.98 2949.17 2624.39
668.98 942.54 1266.38 2949.6 2247.12 1708.83
245.68 296.2 361.6 577.17 809.3 761.86
343.76 442.87 556.42 1047.08 1119.49 1004.82
522.0 668.36 857.82 1482.29 2154.73 2017.32
615.54 795.24 1025.93 1815.38 2616.44 2444.61
895.9 1273.37 1837.18 2889.18 3074.43 2194.12
407.82 586.54 631.3 3003.37 1899.11 1563.97
431.26 563.56 748.03 1177.39 1444.5 1226.53
332.56 546.15 466.9 4110.62 1648.7 1120.98
264.19 350.4 387.46 1332.43 962.55 818.01
695.02 933.23 1148.59 2497.17 2682.77 2452.72
704.34 1050.42 1498.54 3400.23 2424.14 1486.93
617.08 796.62 1028.39 1798.62 2617.95 2448.89
122.12 130.51 139.82 192.93 212.17 201.89
809.3 1114.62 1566.52 2586.03 2956.17 2270.8
507.07 648.25 831.0 1433.37 2082.02 1949.46
664.27 870.59 1115.66 1987.54 2550.96 2387.22
528.9 681.35 872.46 1438.49 2039.53 1917.71
585.82 758.38 973.89 1548.59 2173.64 2055.15
252.99 472.2 331.93 3855.2 1344.74 858.15
860.61 1233.95 1770.82 2794.39 3336.83 2505.99
621.26 802.84 1038.96 1810.45 2627.33 2451.51
643.8 837.53 1079.7 1802.56 2557.08 2401.06
354.57 627.7 585.11 4142.92 1664.97 1046.34
463.44 589.48 752.65 1290.45 1869.57 1751.22
749.97 1012.54 1387.54 2308.78 3041.33 2546.0
562.56 725.13 928.76 1657.13 2353.33 2196.95
801.35 1102.21 1528.77 2455.26 2930.99 2375.06
270.72 342.54 454.54 694.96 795.77 647.39
523.1 735.52 842.48 3002.31 2170.43 1863.49
970.86 1413.18 1984.41 3194.15 2811.76 1840.54
225.6 575.93 112.74 5449.48 1211.03 480.28
681.75 892.74 1143.99 1999.01 2734.11 2557.38
162.02 183.53 211.37 303.15 401.98 381.78
657.24 858.05 1113.94 1850.15 2599.05 2420.91
653.8 922.99 1226.84 2672.49 2263.93 1772.73
628.14 829.64 1053.35 2158.17 2583.93 2373.3
862.59 1203.35 1751.7 2728.51 2856.42 2085.75
411.2 521.81 660.48 1071.18 1507.28 1418.89
779.66 1043.26 1390.66 2214.6 2931.99 2620.29
734.92 994.92 1343.81 2188.32 2903.59 2518.33
717.69 981.51 1352.7 2194.07 2713.16 2289.66
804.15 1078.8 1467.1 2322.26 2895.41 2508.68
152.11 299.68 192.05 4246.12 1025.21 586.98
350.11 533.36 474.06 3058.04 1363.97 997.64
773.08 1087.92 1547.63 2473.56 2938.11 2218.15
577.04 759.66 1002.35 1629.94 2157.7 1938.85
580.96 799.37 995.5 2925.25 2388.24 2041.59
812.48 1156.81 1660.73 2572.55 2795.92 2127.99
315.57 520.64 452.46 3828.8 1587.53 1137.52
474.51 693.16 758.32 3459.55 2089.81 1706.66
617.34 818.64 1031.56 2247.84 2528.69 2325.31
709.23 1063.52 1400.5 3507.93 2510.81 1781.11
420.46 644.87 717.71 3207.45 1733.63 1221.71
276.05 449.63 326.09 3243.22 1085.14 681.5
139.54 274.4 169.77 3916.34 882.98 482.39
801.27 1109.3 1567.08 2510.02 3224.14 2485.85
376.23 523.56 582.3 2197.89 1493.83 1252.99
209.95 248.09 297.45 460.16 635.37 599.56
934.7 1329.05 2003.75 3095.97 2853.46 1784.46
312.74 386.53 482.04 796.85 1135.84 1066.57
701.25 1005.33 1459.31 2251.96 2384.78 1642.83
696.82 929.14 1224.41 1960.06 2429.04 2158.86
502.41 714.32 845.39 3159.36 2131.62 1755.65
528.64 695.03 877.16 1960.54 2268.9 2053.55
971.67 1411.02 2086.09 3240.16 3188.92 2044.42
831.54 1131.44 1551.11 2439.14 3203.76 2667.98
505.57 719.45 834.92 2782.74 2048.26 1634.58
568.7 790.79 926.61 2937.34 2343.25 2032.92
665.6 873.72 1141.36 1814.69 2497.38 2300.24
110.45 114.07 118.76 134.22 150.86 147.46
572.9 809.39 1177.95 1789.71 1713.44 1142.99
288.6 447.54 454.08 3424.0 1590.94 1132.82
581.53 800.14 930.19 2727.29 2357.87 2064.45
852.09 1191.71 1634.55 2662.22 2592.22 1955.35
645.34 971.37 1345.05 3701.02 2216.34 1271.6
306.99 422.51 497.46 1927.71 1270.04 1027.92
555.95 714.08 918.78 1593.48 2320.01 2171.54
525.23 705.58 866.24 2309.86 2369.75 2101.56
413.36 522.04 662.72 1126.43 1625.75 1523.72
505.25 697.92 834.34 3004.08 2180.96 1866.2
564.63 744.35 939.85 2121.56 2455.84 2222.0
774.1 1027.63 1353.86 2163.71 2967.6 2716.28
536.29 793.49 794.53 3489.09 2154.71 1751.45
556.5 740.43 940.57 1987.43 2095.32 1877.95
416.21 532.59 667.76 1341.98 1674.45 1549.63
617.13 798.46 1032.25 1815.6 2607.86 2429.18
549.58 750.57 876.07 2298.11 2362.37 2114.63
391.94 601.36 692.17 3562.02 1928.79 1359.47
380.38 477.63 603.5 1018.41 1465.19 1373.89
382.73 529.86 603.91 2372.32 1557.91 1316.54
747.63 979.39 1265.22 2082.62 2876.23 2710.65
619.91 822.9 1100.37 1851.97 2488.91 2187.65
965.81 1384.62 2033.01 3120.16 3743.69 2539.97
242.52 376.29 358.56 2800.92 1273.79 903.03
179.49 292.13 242.25 2932.74 891.79 595.66
565.72 731.13 937.73 1488.64 2087.82 1974.23
576.35 770.89 1045.47 1721.3 2172.09 1832.77
763.04 1043.5 1462.76 2350.9 2758.32 2245.84
935.49 1384.3 2060.47 3063.73 2903.32 1918.17
412.48 598.3 682.98 2611.24 1850.26 1526.09
463.13 615.12 781.01 1536.93 1679.38 1472.46
644.35 917.88 1286.44 2083.9 2084.59 1572.03
771.97 1082.94 1498.24 2495.59 2401.48 1862.26
139.93 154.11 171.82 219.05 270.42 260.68
680.43 889.15 1143.22 1959.17 2726.71 2555.28
447.05 585.79 775.14 1262.12 1639.53 1447.35
612.58 794.64 1022.02 1628.37 2287.85 2162.83
883.52 1251.93 1785.21 2786.79 3250.37 2434.87
617.68 801.68 1032.34 1715.53 2440.98 2293.96
761.15 1003.81 1312.83 2155.57 2899.24 2670.71
344.36 429.11 538.82 900.42 1289.8 1210.23
498.58 777.62 1018.61 3040.28 1681.57 1016.34
320.09 563.29 452.73 4067.42 1648.63 1142.61
448.68 585.76 728.21 1591.93 1867.56 1694.94
527.62 751.43 801.24 2980.21 2221.61 1879.72
824.5 1142.15 1554.58 2539.92 2620.26 2062.41
600.67 774.31 999.08 1739.96 2537.75 2374.72
185.15 215.41 253.35 365.72 485.04 460.86
344.36 534.06 507.84 3606.58 1733.99 1286.92
283.68 487.52 375.08 4230.38 1563.93 1004.69
592.0 766.88 986.11 1635.42 2324.9 2185.16
617.62 860.72 1191.21 2242.76 2162.92 1666.48
434.94 553.99 703.23 1145.25 1614.62 1519.49
748.13 1044.03 1471.19 2354.81 2823.45 2308.33
552.38 735.45 905.1 2203.54 2406.12 2179.77
336.17 477.28 530.62 2941.92 1685.75 1344.88
846.72 1215.77 1756.36 2703.21 2986.01 2293.7
125.03 319.37 98.7 5124.67 1100.9 475.52
569.86 736.75 945.18 1500.99 2105.51 1990.91
323.03 462.31 514.95 2711.09 1525.75 1220.95
616.6 796.77 1027.3 1817.38 2619.4 2447.61
689.37 903.01 1172.07 1953.85 2719.09 2532.77
593.04 875.71 1116.1 3268.44 2106.64 1437.12
751.36 985.4 1269.79 2085.74 2885.23 2720.23
831.45 1131.27 1550.79 2438.68 3203.4 2668.07
928.51 1367.26 2013.46 2992.07 2843.03 1932.79
487.01 624.57 797.01 1307.76 1850.11 1740.19
714.55 932.83 1205.45 1932.42 2723.1 2573.21
409.73 707.14 490.5 4785.45 1650.63 1050.28
373.52 481.53 593.04 1332.15 1500.6 1359.97
602.55 862.83 1114.06 3056.33 2261.56 1811.48
558.11 720.94 925.06 1529.64 2171.62 2041.51
914.7 1316.94 1836.88 2982.13 2774.89 1919.94
807.79 1117.69 1567.68 2492.95 2856.22 2282.84
716.21 935.07 1208.42 1937.35 2730.15 2579.85
477.95 659.88 799.36 2803.8 2107.44 1774.15
907.36 1284.48 1857.47 2886.02 3545.5 2536.44
378.53 504.43 680.02 1033.28 1270.36 1036.19
756.59 992.39 1288.66 2081.6 2892.44 2715.05
691.28 971.84 1321.96 2574.22 2838.58 2272.17
629.05 829.65 1090.81 1863.1 2433.29 2171.38
652.39 907.73 1155.26 2780.11 2536.01 2129.74
592.91 770.07 993.71 1644.28 2321.88 2168.78
557.14 742.12 911.62 2255.81 2430.07 2186.32
479.1 679.53 775.35 3243.26 2071.78 1736.51
289.99 434.98 372.98 2230.78 1021.19 755.34
455.96 628.13 819.66 2075.44 1534.48 1184.71
752.41 988.32 1285.81 2057.52 2861.69 2682.04
896.44 1303.91 2002.73 3090.21 2757.1 1630.52
846.37 1224.18 1865.4 3054.68 3477.2 2149.84
724.08 968.74 1259.68 2350.97 2783.85 2500.71
575.45 752.86 954.46 2025.94 2497.04 2288.78
740.97 977.31 1246.91 2152.45 2852.09 2675.89
851.4 1181.64 1711.25 2691.35 2828.57 2081.03
529.81 713.02 865.52 2195.47 2080.12 1873.59
853.89 1197.89 1679.43 2638.45 3265.56 2611.74
471.2 634.49 743.15 1981.97 1822.76 1619.21
105.11 280.01 114.63 4697.25 1103.97 437.59
605.91 782.92 1012.29 1760.99 2544.09 2373.01
847.45 1189.51 1668.8 2552.2 2869.8 2312.11
691.3 913.5 1204.72 1980.76 2724.77 2461.5
810.92 1099.45 1523.06 2402.54 2877.55 2402.87
762.18 1043.19 1401.24 2297.24 2675.38 2238.11
520.21 766.59 967.7 2990.46 1938.29 1396.92
133.25 145.07 159.82 199.16 241.94 233.83
744.6 1060.97 1504.32 2369.41 2301.94 1527.64
451.51 576.93 734.28 1198.41 1683.56 1580.92
340.16 425.52 532.53 849.47 1186.02 1117.81
527.93 767.74 1007.38 3122.44 2136.52 1543.31
577.23 758.71 952.28 2074.75 2491.19 2279.9
243.1 293.93 357.41 526.68 710.8 675.89
129.07 254.02 117.95 3220.05 720.96 336.55
968.89 1458.01 2206.67 3279.88 3163.83 2083.49
557.67 731.88 913.97 1757.32 2178.87 2017.33
489.49 624.58 799.44 1375.8 1996.44 1869.61
811.09 1111.36 1559.08 2454.35 2848.0 2318.01
503.25 700.45 822.45 2580.55 2200.59 1899.66
694.96 937.63 1299.39 2155.86 2661.23 2226.69
449.88 621.68 713.26 2574.53 2014.12 1735.52
862.65 1213.79 1747.26 2749.11 3425.22 2495.23
428.71 592.39 763.8 2009.56 1594.03 1256.9
833.32 1180.68 1747.22 2740.36 2757.68 1921.69
685.85 1062.58 1470.41 3629.33 2210.14 1329.78
911.62 1291.47 1863.75 2877.93 3351.51 2403.19
398.11 621.53 689.39 3728.24 1651.23 1061.91
169.85 194.08 225.44 328.8 440.11 417.36
696.32 956.55 1212.95 2566.63 2669.06 2354.23
742.73 1044.34 1464.42 2348.56 2449.44 1756.39
303.08 373.51 464.68 765.2 1088.8 1022.67
387.7 646.03 716.56 4418.8 1686.2 932.86
646.74 849.76 1081.28 2025.7 2608.64 2422.25
634.0 823.81 1061.75 1766.49 2514.81 2363.15
630.36 864.35 1105.51 2643.31 2496.11 2121.13
363.08 456.52 573.22 884.43 1222.9 1158.73
466.4 701.75 865.6 3348.69 1778.46 1162.21
590.06 769.31 982.95 1670.71 2220.58 2083.87
734.6 982.27 1295.54 2143.74 2766.77 2465.85
235.63 282.67 343.56 544.27 760.39 716.23
366.29 673.92 430.91 4384.08 1681.43 1121.72
932.36 1331.78 1928.17 3126.95 2469.96 1577.26
592.57 779.03 1006.35 2064.2 2499.16 2256.06
137.36 150.32 167.09 222.38 281.92 269.75
369.8 533.87 593.49 3316.06 1815.38 1436.11
667.39 880.34 1116.47 2116.43 2670.04 2469.0
624.56 821.05 1084.85 1849.68 2562.54 2306.97
561.41 731.91 925.49 1881.48 2390.92 2203.99
726.0 966.6 1285.76 2055.72 2558.93 2283.59
823.41 1122.08 1501.0 2413.08 2872.32 2457.81
749.63 981.07 1268.37 2055.66 2876.15 2715.37
617.24 879.94 1109.54 3005.61 2520.99 1992.78
138.37 156.38 165.27 335.87 293.54 265.77
461.21 633.84 751.94 2398.27 1984.16 1711.61
137.27 315.47 172.19 4576.43 1191.58 549.09
145.11 199.43 199.31 1425.19 530.98 337.54
283.16 474.4 391.75 3977.18 1418.84 960.53
566.2 748.07 931.23 2147.32 2455.32 2232.86
469.15 624.43 770.77 1710.85 1810.16 1640.03
481.05 652.54 902.07 1405.57 1585.03 1227.41
184.11 214.0 251.48 362.48 480.34 456.46
525.93 736.14 843.97 2916.56 2271.56 1939.75
688.84 937.26 1266.08 2139.12 2416.56 2043.04
540.83 826.18 1018.03 3560.66 2106.66 1449.82
479.94 636.74 784.84 2060.59 1970.76 1767.56
879.71 1241.18 1781.64 2873.75 2496.25 1723.41
790.52 1062.71 1422.89 2239.17 2906.23 2600.77
492.55 656.12 885.65 1445.06 1838.89 1551.43
749.77 1024.67 1423.19 2315.98 2959.9 2391.12
386.41 588.83 585.98 3595.94 1829.0 1393.86
616.42 797.04 1027.89 1822.83 2616.31 2442.47
241.93 411.89 364.89 3488.98 1423.58 918.44
602.41 838.1 1067.6 2514.93 2505.25 2097.13
717.7 966.4 1315.8 2206.5 2577.5 2179.9
194.61 259.01 294.34 1222.54 622.74 459.26
669.18 871.49 1125.1 1876.26 2673.88 2512.22
680.13 968.43 1293.14 2844.51 2199.59 1692.25
540.31 728.07 892.53 2413.53 2365.52 2094.59
311.07 399.44 526.88 818.19 1034.74 856.71
431.57 549.42 697.16 1134.74 1599.38 1505.21
399.37 505.78 639.18 1034.27 1453.8 1368.78
494.15 634.14 808.98 1275.23 1782.33 1686.2
716.87 1017.78 1434.88 2308.41 2384.41 1829.94
878.6 1227.28 1739.88 2703.51 3255.7 2474.67
497.92 635.92 814.56 1403.39 2037.45 1907.88
682.4 889.41 1148.91 1917.52 2733.67 2568.26
604.44 801.73 1084.2 1862.8 2515.86 2149.08
731.95 965.59 1231.37 2193.5 2812.72 2626.33
581.19 752.1 965.56 1534.78 2153.87 2036.51
770.03 1108.57 1558.2 2840.98 2866.94 2087.19
107.85 219.7 103.25 3460.41 719.85 315.41
680.37 903.28 1143.76 2343.92 2662.44 2466.61
533.83 890.54 983.99 4702.62 1922.44 1059.33
305.95 543.7 341.44 4672.3 1340.47 732.86
834.18 1161.24 1620.31 2505.45 2996.89 2498.9
773.4 1032.07 1364.24 2194.39 2879.92 2621.89
356.78 466.33 564.49 1538.09 1394.03 1239.92
595.27 864.04 926.15 3087.27 2387.77 2054.46
751.28 1044.64 1449.81 2356.15 2602.21 1975.31
431.47 615.14 779.1 2459.73 1656.15 1288.3
521.72 675.61 873.58 1505.19 2077.61 1903.34
341.08 529.15 506.92 3670.51 1768.39 1342.63
468.3 646.59 762.94 2645.73 2180.9 1866.52
834.62 1168.5 1695.42 2797.02 3423.34 2493.41
765.47 1036.5 1412.63 2278.5 2968.24 2505.71
350.61 579.31 567.01 4083.61 1647.1 1061.15
897.0 1293.34 1792.7 3110.12 2450.42 1584.79
631.09 832.43 1059.28 2158.4 2589.0 2387.61
557.58 770.08 987.94 2478.41 2285.73 1931.75
358.98 477.88 570.06 1672.51 1390.92 1209.5
658.49 890.55 1220.71 2009.13 2495.88 2073.09
276.24 411.65 428.82 2815.88 1402.2 1031.82
468.79 639.84 896.41 1368.79 1604.26 1182.59
647.44 886.56 1160.95 2452.65 2650.94 2262.42
141.09 353.81 253.96 4202.37 1226.62 531.76
675.62 1039.73 1227.51 4154.02 2003.47 1198.89
161.14 183.37 211.75 292.71 369.64 349.06
332.46 482.39 520.77 2607.19 1532.67 1208.04
676.5 920.65 1249.06 2364.46 2466.94 1988.75
171.47 247.11 250.73 1433.37 651.49 420.23
180.68 380.86 197.03 4455.22 1173.64 627.3
122.99 300.05 90.88 4627.27 917.24 357.93
448.74 655.21 705.09 3151.65 2006.4 1657.59
775.13 1041.01 1380.6 2317.39 2866.15 2544.68
521.03 746.21 827.65 3270.74 2218.15 1843.51
690.83 935.7 1138.35 2431.42 2687.38 2463.11
855.91 1202.21 1687.68 2650.48 3273.11 2609.09
688.19 920.19 1220.33 2076.59 2661.6 2332.1
115.02 261.56 125.53 4471.9 891.35 429.34
766.96 1023.58 1378.71 2188.76 2806.12 2478.47
377.59 476.18 599.32 927.68 1284.82 1217.11
597.49 812.17 1045.79 2340.71 2380.0 2050.31
806.38 1141.55 1642.08 2555.73 2701.42 1924.66
813.03 1110.79 1516.11 2358.67 2910.3 2509.94
644.18 853.61 1142.54 1919.08 2622.66 2296.23
447.51 580.2 724.67 1393.55 1702.78 1574.7
894.48 1313.72 1932.63 2900.46 2793.5 1915.78
515.71 688.85 842.38 2073.35 2100.51 1898.0
455.8 696.94 817.01 3570.44 2133.34 1505.65
543.76 713.23 901.54 1673.28 2060.05 1912.55
308.93 552.16 344.39 4755.76 1330.87 713.78
427.57 645.07 800.86 3530.55 1758.43 1191.38
220.24 435.8 195.79 3270.19 936.75 511.85
633.33 824.57 1076.61 1862.89 2645.39 2432.65
930.58 1343.91 1986.58 3064.87 2955.86 1965.95
298.9 552.81 294.56 4358.04 1146.15 588.51
951.52 1379.18 1931.1 3115.41 2802.97 1878.64
798.52 1146.18 1648.09 2473.37 2534.78 1876.38
816.62 1179.17 1723.7 2972.62 2674.91 1771.98
533.27 776.06 897.26 3291.14 2270.67 1705.7
947.82 1363.64 1911.97 3086.46 2494.92 1583.94
195.28 395.61 222.07 4694.48 1233.25 623.22
456.08 579.58 739.44 1266.36 1833.76 1717.81
778.8 1033.37 1373.62 2212.17 2868.93 2583.15
358.08 565.88 603.77 3635.37 1829.24 1262.46
362.01 600.44 458.45 4360.81 1530.82 976.75
561.24 762.04 893.83 2403.02 2362.36 2100.96
548.54 709.8 901.52 1660.84 2293.2 2134.34
739.32 992.03 1346.77 2236.73 2991.54 2557.49
772.9 1021.39 1341.44 2152.73 2861.45 2633.58
478.04 677.67 786.1 2899.6 2202.86 1838.4
443.25 607.46 718.41 2823.19 2083.84 1773.39
292.36 539.91 581.58 3972.38 1696.52 918.38
520.19 744.34 798.38 3183.74 2126.77 1760.52
586.01 764.43 971.78 1993.89 2519.83 2325.11
633.89 852.53 1057.45 2579.58 2534.76 2297.47
359.37 449.33 565.77 949.58 1362.88 1278.42
873.92 1234.93 1777.53 3045.1 3045.51 2082.15
402.0 566.93 641.62 2936.87 1882.55 1588.42
452.18 577.26 733.49 1150.09 1603.19 1517.3
282.51 345.81 427.74 697.81 988.63 929.2
575.83 783.18 1013.76 2502.93 2518.55 2112.7
594.22 802.23 981.09 2411.86 2464.03 2225.76
793.09 1102.15 1531.5 2458.23 3110.81 2539.63
664.49 880.67 1173.58 1991.32 2738.43 2429.1
620.17 813.59 1058.08 1748.71 2344.94 2147.23
640.6 832.61 1072.41 1711.9 2407.42 2275.57
637.47 879.96 1208.04 2540.65 2457.59 1926.81
905.37 1279.73 1893.48 3079.35 2696.4 1712.21
506.43 666.02 887.07 1470.03 1921.81 1672.42
850.53 1178.5 1680.28 2730.52 3399.5 2593.94
704.94 969.86 1293.37 2539.63 2622.03 2164.48
761.54 1078.79 1500.48 2425.89 2132.43 1578.16
230.11 385.47 339.52 3773.71 1456.73 943.54
468.35 640.2 726.85 2061.96 1798.48 1581.93
504.97 704.48 827.83 3011.6 2111.53 1832.63
760.18 1141.86 1719.41 2630.1 2420.4 1556.33
684.99 895.14 1151.61 1900.69 2606.43 2456.56
565.39 775.06 975.44 2742.31 2376.87 2027.35
712.32 937.08 1224.86 1955.93 2677.85 2476.31
404.68 510.35 647.13 1097.99 1583.48 1484.27
441.89 563.32 714.98 1119.41 1559.27 1475.89
354.35 451.17 583.35 953.91 1206.14 1074.28
912.83 1326.54 1946.52 3035.87 3346.76 2271.29
558.79 732.42 966.17 1629.68 2245.67 2034.25
749.82 980.81 1269.33 2038.27 2872.19 2712.62
801.64 1089.54 1478.65 2318.36 2956.56 2599.27
671.93 875.07 1128.77 1805.32 2541.15 2401.66
770.15 1092.79 1555.69 2439.75 2635.73 2029.57
613.23 795.66 1024.34 1701.67 2420.9 2275.13
496.56 742.12 966.0 3469.0 2160.36 1463.99
740.78 1047.85 1442.59 2307.89 2234.32 1624.62
720.39 956.31 1278.92 2099.28 2767.71 2466.74
180.34 309.95 234.1 3480.53 1042.97 640.44
136.5 149.48 165.74 213.92 265.07 254.7
767.82 1048.4 1423.27 2311.74 2766.88 2284.44
476.61 633.6 850.83 1392.55 1839.68 1571.48
747.3 977.7 1265.79 2031.49 2860.15 2699.86
665.08 875.44 1116.97 2068.73 2574.52 2395.59
132.49 144.04 158.51 201.39 246.91 237.69
547.31 716.34 906.31 2010.5 2376.29 2174.39
714.4 976.28 1379.99 2153.44 2411.14 1896.2
498.57 646.46 815.63 1701.81 2090.69 1929.51
535.5 735.88 870.71 2661.65 2261.91 1989.02
359.2 496.48 568.66 2202.27 1499.49 1243.74
739.41 1022.51 1399.02 2347.56 2449.47 1989.04
216.34 257.7 309.54 463.08 626.12 593.07
238.54 442.43 377.31 4208.21 1167.27 548.83
681.54 908.68 1224.75 2055.86 2692.2 2355.92
288.43 461.13 468.47 2894.53 1492.99 1096.54
358.44 472.69 635.3 981.68 1162.68 968.18
709.89 928.18 1201.95 1923.39 2694.01 2537.07
663.66 863.86 1113.89 1780.66 2505.85 2368.37
122.33 130.07 140.09 173.13 208.71 201.44
508.03 670.81 886.74 1428.63 1910.2 1688.34
695.47 932.55 1250.94 2106.12 2696.56 2314.86
370.92 468.25 587.97 972.69 1330.96 1250.07
251.68 454.52 414.43 3696.51 1576.5 1045.91
394.69 542.95 770.6 1161.04 1146.6 761.4
629.09 900.45 1364.65 2211.26 2488.8 1513.67
604.62 789.72 1004.83 1767.83 2392.12 2235.76
739.68 988.29 1323.56 2159.06 2944.3 2578.91
132.54 144.1 158.53 197.02 238.88 230.95
563.9 848.89 992.99 3479.99 2391.83 1800.37
750.4 1066.82 1458.86 2484.08 2325.17 1696.49
762.02 1000.54 1301.89 2090.47 2886.26 2702.08
435.48 603.57 787.02 2113.51 1658.86 1287.22
666.41 884.38 1178.71 1891.77 2437.9 2142.3
236.99 339.72 301.8 1808.41 829.78 615.2
486.62 725.46 843.2 3452.52 2067.86 1589.18
755.2 1076.8 1550.83 2418.27 2740.09 1959.18
355.4 554.4 622.44 2933.29 1715.49 1259.08
707.01 936.3 1244.21 2049.26 2742.13 2471.71
396.35 538.08 724.34 1133.12 982.69 685.47
413.01 573.74 660.24 2199.27 1769.92 1509.81
349.61 670.72 341.79 5483.83 1398.05 694.09
145.82 283.7 209.22 4112.73 1131.52 632.48
275.49 337.82 415.67 623.26 849.04 806.24
605.04 808.19 1001.34 2233.58 2356.85 2155.72
387.11 602.73 584.82 3661.25 1781.92 1367.5
619.45 800.99 1037.18 1804.25 2616.2 2439.07
523.68 711.35 863.98 2743.66 2276.18 1993.33
634.25 916.99 1298.95 2093.26 1487.73 913.05
481.78 614.19 785.58 1350.52 1958.87 1834.55
280.04 430.18 437.0 3306.71 1592.47 1146.48
139.11 153.01 170.44 222.05 276.86 265.75
532.62 697.4 879.04 1787.15 2112.74 1954.2
217.43 345.33 302.17 3155.36 1144.52 783.84
506.6 658.52 822.6 1607.3 2097.48 1940.57
123.68 335.04 128.16 4786.28 1259.29 548.66
542.37 782.06 831.43 3383.53 2143.32 1760.5
786.6 1125.82 1579.01 2556.76 2113.59 1490.75
689.96 923.3 1225.16 2083.7 2662.49 2328.87
605.49 869.71 1264.52 1900.13 1985.58 1450.25
428.9 619.21 674.63 3030.49 1850.34 1523.91
378.46 491.37 640.37 1010.16 1245.43 1071.97
380.87 574.2 567.64 3428.66 1853.24 1419.56
687.17 990.88 1354.47 3017.35 2352.75 1601.17
568.66 843.35 867.55 3258.03 2302.95 1940.94
759.98 1024.35 1385.74 2272.76 2676.77 2298.26
128.96 288.22 137.24 4744.51 1024.53 467.64
396.56 602.32 641.51 3475.86 1968.83 1501.2
147.64 164.17 185.56 256.06 331.98 316.46
720.75 987.27 1359.51 2247.8 2939.71 2454.76
897.77 1274.1 1907.38 2950.46 2842.04 1869.82
721.34 981.75 1349.94 2155.75 2747.92 2257.68
447.36 694.01 692.25 3589.27 2000.39 1583.6
356.94 448.26 562.75 901.84 1261.9 1188.92
676.38 897.53 1206.87 2067.76 2723.65 2360.15
295.36 442.61 464.05 3025.25 1523.6 1125.65
766.95 1072.77 1508.23 2451.14 3081.71 2453.29
435.57 621.93 776.86 2432.5 1564.87 1135.64
847.37 1185.12 1666.2 2615.3 3065.16 2407.48
651.42 853.04 1111.47 1842.21 2516.51 2323.79
671.78 874.87 1128.51 1804.88 2540.52 2401.06
869.27 1275.05 1884.48 2966.02 2991.9 1937.58
613.46 804.82 1017.85 1912.1 2436.92 2261.87
128.79 277.42 159.29 4260.24 1131.48 533.49
852.5 1196.52 1717.48 2709.59 3391.99 2493.68
425.95 539.0 685.33 1167.66 1687.05 1580.91
458.39 592.92 770.84 1255.02 1673.54 1506.82
698.4 984.22 1419.52 2170.67 2483.91 1737.49
399.05 629.09 731.5 3434.8 1613.56 986.99
394.4 570.16 649.03 3078.95 1943.6 1524.33
747.6 1012.12 1371.4 2229.72 2871.03 2469.0
791.23 1057.5 1417.36 2288.24 2951.86 2588.66
586.42 826.31 1163.66 1822.89 1762.85 1166.88
116.5 122.36 129.68 149.19 170.42 166.4
399.4 511.65 662.43 1098.88 1504.82 1358.31
461.22 586.5 748.66 1283.19 1858.77 1741.15
292.97 490.75 438.39 3633.75 1637.16 1135.21
599.35 780.09 1015.3 1754.51 2437.09 2243.39
102.78 103.74 104.99 109.1 113.53 112.63
555.1 721.39 917.87 1634.59 2176.9 2031.44
459.93 617.56 846.47 1310.84 1606.21 1268.52
907.16 1311.79 1905.8 2858.21 2927.3 2130.24
282.75 346.14 428.18 698.62 989.82 930.31
875.7 1252.7 1801.02 2744.13 3048.34 2370.87
275.98 548.03 247.13 5489.87 1196.79 490.0
547.93 752.51 961.29 2399.73 2214.62 1837.42
425.79 602.14 750.89 2355.62 1572.28 1164.62
665.24 872.99 1115.98 2040.89 2685.57 2500.98
810.33 1161.26 1643.16 3156.16 2322.19 1529.04
625.0 847.79 1041.79 2489.53 2527.78 2274.02
229.19 273.99 331.99 523.15 729.0 686.94
236.15 389.14 398.41 3718.53 1299.65 786.09
439.66 624.86 693.15 3007.07 2072.93 1738.23
505.73 749.79 803.4 3299.31 2170.51 1802.28
490.14 693.91 747.75 2982.3 2097.44 1747.9
652.04 907.07 1277.93 2040.11 2445.01 1874.19
962.0 1398.0 2014.0 3173.0 2939.0 1816.0
69.0 191.5 59.0 4653.5 930.0 346.0
134.0 394.5 95.5 5146.0 1087.0 409.5
969.0 1403.0 2079.0 3181.0 3518.0 2279.0
155.0 368.0 123.0 5163.0 1156.0 447.0
89.8 263.8 87.2 4769.8 1060.5 381.0
971.0 1390.0 2115.5 3245.0 2879.5 1707.0
122.0 299.0 89.0 4632.0 914.0 354.0
72.0 203.8 71.8 4231.5 957.5 341.5
907.5 1325.5 2047.5 3151.5 2757.0 1579.5
948.0 1357.0 1978.0 3155.0 2462.0 1531.0
56.8 180.8 53.0 4412.8 873.5 325.0
119.5 322.5 80.5 4825.8 970.8 371.8
948.0 1376.0 2046.0 3146.0 2970.0 1921.0
911.0 1341.0 1922.0 3127.8 2196.5 1320.8
985.0 1493.5 2276.8 3372.5 3183.8 2033.8
76.2 218.5 55.5 4643.8 764.8 282.8
962.5 1390.0 1954.5 3151.5 2480.0 1527.0
959.5 1435.2 2145.2 3160.2 2832.8 1787.8
88.5 243.0 63.5 4918.0 903.5 321.0
978.0 1422.0 2105.0 3266.0 3199.0 2037.0
79.2 209.2 66.0 4931.0 970.2 374.0
222.2 574.0 104.8 5481.0 1198.8 463.2
992.0 1434.0 2127.0 3253.0 3849.0 2515.0
980.5 1432.2 2016.0 3245.2 2807.8 1800.2
966.0 1422.0 2112.0 3259.5 3477.0 2237.5
109.2 304.0 68.8 5231.2 1052.0 412.0
978.0 1434.0 2220.0 3640.0 4073.0 2397.0
81.5 229.5 75.0 4588.5 1023.0 369.5
937.0 1353.0 2081.0 3198.0 2826.0 1629.0
924.0 1316.0 1970.0 3207.0 2671.0 1584.0
102.5 315.2 89.5 4914.0 1200.8 467.0
980.0 1467.0 2194.0 3388.8 3736.5 2446.5
955.0 1376.0 2056.0 3368.0 3193.0 1885.0
977.5 1462.0 2197.0 3231.5 2940.0 1846.5
939.0 1381.8 2053.5 3176.2 3230.8 2074.0
265.0 540.0 222.0 5608.0 1151.0 427.0
83.0 265.0 84.5 4714.5 1156.5 420.5
245.0 494.0 207.0 5231.5 1090.0 397.0
304.0 635.0 236.5 5868.5 1229.5 464.5
138.0 335.0 114.0 4964.0 1063.0 407.0
53.8 244.8 74.8 4340.2 1057.2 381.2
619.0 799.0 1032.0 1800.0 2627.0 2458.0
688.0 897.0 1159.0 1935.0 2759.0 2592.0
756.0 989.0 1280.0 2056.0 2900.0 2740.0
100.0 100.0 100.0 100.0 100.0 100.0
