592.72 827.12 1218.19 1957.87 1637.36 987.37
654.25 934.59 1330.67 2075.89 1925.43 1203.36
143.56 165.59 196.72 255.29 243.47 186.72
394.59 546.74 765.6 1289.99 1360.33 906.37
146.35 171.99 210.28 273.21 291.52 223.58
766.6 1153.38 1607.43 3510.13 2750.71 1752.2
400.59 567.38 798.96 1441.52 1273.48 827.13
617.45 875.88 1278.41 1934.61 2135.28 1397.5
482.84 775.52 910.88 4216.77 2152.81 1323.98
589.95 826.39 1163.85 1837.06 1707.88 1180.23
936.16 1354.81 1919.47 3001.81 2879.16 1894.74
686.27 987.45 1441.24 2304.42 2615.31 1716.4
864.55 1250.74 1825.3 2821.53 2806.23 1843.46
673.31 977.62 1363.13 3014.71 1852.0 1127.02
964.02 1377.51 2073.04 3175.44 2865.27 1759.96
854.77 1212.87 1800.33 2917.21 2461.57 1495.79
528.1 776.59 1153.98 1758.58 1607.34 1040.83
781.61 1180.57 1581.51 3624.56 1987.1 1141.78
213.16 271.22 346.25 504.23 448.01 318.51
263.37 506.7 508.68 4447.93 1675.28 827.89
654.93 939.46 1370.39 2365.91 2486.94 1601.84
633.8 893.2 1206.5 1776.05 1856.64 1474.75
622.99 940.97 1354.82 3436.78 2147.95 1208.73
281.14 469.91 428.64 2647.8 1092.15 724.06
752.98 1129.06 1628.33 3402.62 2743.06 1702.29
915.89 1344.93 1915.7 2927.09 3297.94 2378.75
183.5 380.55 242.11 4560.73 1140.97 500.79
340.59 571.64 700.11 3746.14 1383.32 765.44
192.41 271.02 330.26 1276.34 658.69 409.59
270.81 360.75 496.84 723.17 766.07 521.59
266.75 508.76 402.8 4882.2 1394.64 615.91
840.65 1201.54 1691.23 2750.73 2568.09 1802.14
937.58 1378.79 2045.51 3163.25 3221.34 2076.75
776.04 1129.81 1599.56 3506.53 2166.73 1301.99
471.63 767.39 961.84 4085.53 2043.4 1122.42
608.28 917.24 1212.96 3382.28 2152.89 1335.01
442.25 611.84 877.73 1309.76 1538.44 1026.6
916.01 1345.11 1929.99 3298.89 3025.42 1953.93
657.12 980.15 1429.12 2574.09 1969.03 1226.29
917.81 1310.5 1905.18 2906.68 2781.45 1889.81
286.52 380.86 514.16 764.94 714.31 471.31
432.5 719.5 745.93 4143.6 1712.52 931.9
175.02 212.19 270.47 365.17 415.29 303.1
804.24 1157.62 1614.55 2742.5 2071.84 1274.65
972.36 1421.46 1997.73 3258.35 2789.85 1786.49
424.17 617.62 894.49 1493.62 1261.86 817.35
663.96 943.49 1312.6 2095.28 1656.21 1033.07
854.22 1251.37 1852.31 2851.7 3041.13 1961.61
505.56 760.67 929.48 3567.53 1904.67 1339.39
188.2 349.14 280.83 3075.88 949.8 447.08
758.28 1135.57 1675.02 3468.55 2418.76 1350.8
497.56 803.23 977.39 4059.28 1883.06 1078.72
917.13 1343.15 1875.46 3200.69 2645.46 1686.82
889.58 1260.23 1723.17 2608.02 2715.74 2127.72
862.88 1243.98 1685.54 2545.25 2935.24 2322.72
698.72 1035.28 1352.84 3159.26 2631.17 1901.44
896.6 1268.67 1674.31 2501.67 2769.17 2336.57
262.97 343.72 470.33 676.04 784.93 541.21
966.34 1466.5 2225.84 3379.57 3138.94 2008.22
785.59 1122.59 1657.58 2524.61 2367.99 1529.64
725.77 1072.08 1589.06 2438.69 2685.94 1768.61
364.39 497.83 706.72 1049.67 994.8 667.74
867.98 1277.41 1803.93 2682.2 2676.93 1941.66
681.58 972.03 1424.45 2161.96 2387.5 1558.3
210.63 293.2 293.53 1237.44 557.29 377.33
152.32 416.82 138.56 5098.42 1113.16 430.99
721.01 1016.44 1509.32 2441.59 2037.63 1218.41
922.64 1338.1 1953.13 3022.73 3013.04 1984.86
483.12 655.76 834.38 1226.89 1372.57 1193.89
627.95 926.16 1362.09 2160.14 1845.85 1162.05
452.97 711.75 926.27 3296.54 1820.7 1053.73
447.53 623.31 871.66 1338.93 1244.59 791.83
119.41 130.13 146.39 169.27 162.82 138.63
754.13 1089.7 1523.4 2436.58 2111.64 1363.09
540.35 875.38 1070.99 4173.98 1952.02 1052.11
874.95 1242.21 1748.62 2755.85 2636.98 1887.12
438.38 609.75 818.89 1184.69 1245.09 974.71
160.22 209.28 211.67 802.9 388.66 251.12
341.83 490.76 660.39 1554.06 1273.06 810.01
575.14 832.81 1102.35 2524.5 1843.53 1301.28
378.31 513.63 731.77 1226.21 984.56 606.11
908.82 1284.36 1722.03 2611.31 2840.28 2288.75
687.75 999.38 1420.44 2294.3 1619.37 984.74
861.51 1244.04 1693.23 2652.19 2397.24 1800.15
260.05 512.22 246.09 5186.61 1125.05 423.32
810.07 1165.38 1516.5 2960.81 2374.36 1787.85
541.67 860.35 1058.17 4005.11 1654.93 884.2
889.92 1295.47 1802.93 2740.0 3120.23 2351.3
584.02 904.67 1277.36 4056.83 2732.64 1505.99
490.99 764.66 960.02 4092.42 1633.31 887.62
722.5 1063.64 1412.01 2967.15 2532.75 1791.14
965.5 1461.35 2221.28 3289.59 3116.03 2003.2
565.82 875.96 1192.72 3382.44 2215.3 1317.36
500.15 798.24 964.69 4130.93 1939.27 1173.97
382.9 633.33 764.35 4166.65 1699.66 956.56
486.84 685.3 941.79 1481.83 1289.66 846.98
541.06 753.24 1120.62 1692.58 1507.5 913.76
797.67 1212.12 1774.93 3430.1 2546.27 1547.61
719.48 1009.61 1393.09 2161.31 1952.19 1438.22
738.42 1045.92 1502.68 2374.27 1905.28 1228.79
950.02 1376.2 2032.42 3159.38 3448.97 2238.54
613.6 897.17 1327.37 1932.86 1762.24 1122.22
830.08 1182.21 1716.86 2730.19 2133.56 1332.01
707.4 1071.63 1515.61 3467.33 2455.32 1506.68
964.96 1438.14 2141.51 3151.81 2913.63 1878.78
949.74 1377.91 2031.42 3317.17 3706.69 2412.0
528.09 835.91 1006.04 4043.79 1952.03 1105.71
365.92 529.07 717.77 1765.31 1212.51 760.88
731.47 1079.11 1550.07 2790.54 2489.63 1581.25
664.37 996.4 1404.56 3545.1 2189.51 1225.14
850.88 1210.63 1778.55 2708.67 2542.13 1664.88
788.94 1117.2 1656.23 2681.05 2261.57 1370.68
454.16 729.59 860.55 4257.28 1709.79 880.43
908.22 1298.04 1889.91 3011.7 2351.2 1463.87
775.54 1099.92 1557.76 2445.68 2074.26 1416.26
918.6 1324.71 1832.5 2927.22 2479.17 1653.65
711.44 1070.19 1439.81 3608.19 2334.98 1379.91
898.4 1286.93 1897.02 3231.1 2623.17 1571.9
482.17 789.92 895.76 4160.03 1744.57 973.46
516.99 775.02 1060.29 3260.78 2083.54 1262.38
806.42 1226.94 1778.64 3286.87 2498.85 1537.81
246.31 315.91 432.04 651.68 556.5 363.5
935.68 1357.78 1933.31 3035.58 2881.53 1856.22
822.23 1181.77 1640.95 2503.25 2611.19 1942.62
825.27 1200.7 1849.18 2840.75 2486.42 1428.84
845.93 1258.74 1874.98 2887.76 3182.49 2089.02
814.12 1195.16 1652.34 3108.55 2155.64 1428.7
242.57 314.04 421.7 602.38 584.17 419.22
380.93 509.22 645.65 944.09 1032.23 875.11
565.73 839.47 1153.27 3069.68 1999.27 1140.67
816.39 1187.44 1603.59 2447.84 2839.86 2228.47
913.15 1305.4 1892.09 3075.77 2765.18 1837.07
427.69 660.76 748.47 3301.19 1352.92 705.54
629.53 975.71 1283.25 3899.13 2294.57 1361.09
209.5 361.41 347.26 3508.7 970.43 452.23
353.73 621.63 697.08 3733.19 1654.19 978.73
900.69 1311.93 1929.75 3106.3 3531.5 2309.86
504.4 728.23 1062.29 1539.86 1385.81 894.13
901.08 1295.81 1963.61 3010.35 2713.48 1636.86
823.99 1170.54 1519.82 2291.66 2549.4 2163.51
582.62 842.75 1249.58 2195.36 1718.4 986.11
949.71 1377.46 1969.05 3091.59 2910.54 1853.45
499.75 772.86 992.97 3870.62 1713.51 930.82
811.62 1166.82 1652.46 2516.36 2842.08 2013.57
874.24 1246.07 1841.69 3089.03 2556.0 1557.67
882.8 1283.68 1862.58 2982.77 3406.17 2289.69
840.57 1226.59 1709.55 2892.66 2403.13 1537.41
632.22 893.04 1198.79 1856.37 1940.26 1507.48
961.28 1405.13 2143.92 3492.7 3923.17 2384.13
872.77 1252.92 1781.0 2820.81 2723.55 1943.88
379.83 514.79 719.71 1108.1 879.42 572.21
906.68 1362.48 2028.43 3251.11 2768.29 1722.98
172.08 230.36 243.76 852.79 405.56 267.63
278.36 536.4 492.33 4585.6 1724.38 871.91
618.0 916.35 1184.73 3309.17 2180.26 1524.81
782.39 1123.51 1463.32 2235.15 2546.74 2090.49
629.99 893.4 1354.37 2061.66 1826.11 1068.16
614.91 908.87 1284.96 3139.25 2070.8 1283.01
332.15 588.98 590.06 4699.57 1691.45 896.13
857.14 1223.23 1657.68 2499.92 2716.95 2155.88
894.95 1278.37 1860.52 2963.89 2314.24 1441.48
859.37 1251.39 1834.97 3070.44 2830.65 1791.09
385.72 543.84 779.88 1167.81 1280.7 861.86
885.84 1285.57 1774.37 3104.29 2299.32 1411.22
702.26 998.78 1327.36 2132.38 2177.64 1683.76
802.47 1152.03 1509.81 2334.03 2476.99 1988.64
550.6 960.1 1014.49 4502.92 1955.87 1064.66
658.75 943.73 1380.58 2184.91 2004.98 1303.53
452.84 627.68 901.81 1347.22 1582.98 1055.29
653.84 1045.74 1191.58 4010.87 2208.12 1335.26
780.59 1141.84 1597.49 2372.91 2397.43 1766.0
197.57 385.69 322.85 4696.9 1150.64 489.14
346.52 645.49 447.96 5336.1 1355.68 589.4
185.95 263.81 289.16 1302.94 591.23 371.82
777.57 1202.53 1504.53 3843.54 2377.21 1442.4
838.46 1232.73 1688.4 3434.32 3165.81 2125.66
824.99 1167.48 1514.22 2272.08 2582.27 2204.35
771.21 1106.42 1429.04 2176.76 2522.33 2107.58
909.54 1391.63 2071.56 3461.38 2992.97 1910.89
836.52 1216.72 1701.93 2778.83 2373.61 1524.56
859.04 1259.97 1763.27 2624.64 2698.4 1999.32
728.55 1038.18 1501.79 2275.9 2688.65 1827.04
262.17 468.37 516.28 4055.0 1539.54 782.37
646.52 930.37 1419.63 2303.53 2573.05 1529.8
900.45 1295.64 1871.86 3021.54 3002.21 1952.85
893.77 1314.64 1883.3 3063.49 2151.97 1294.87
782.26 1165.47 1639.67 3542.57 2958.05 1859.74
487.96 682.93 912.8 1328.84 1410.0 1121.19
511.81 880.2 874.51 4542.59 1806.33 925.72
120.28 253.67 192.15 3989.4 942.97 397.62
583.43 907.53 1130.82 3915.0 2068.15 1164.44
534.77 854.19 926.0 3777.49 2027.98 1452.7
930.11 1364.57 1906.75 3323.14 2693.95 1715.64
608.35 873.22 1228.01 1806.89 1837.48 1368.37
966.24 1383.58 2104.45 3246.76 2867.6 1699.19
357.57 493.51 699.73 1044.4 1061.16 706.02
605.91 924.53 1169.26 3247.53 2234.7 1615.54
859.62 1257.62 1749.69 2834.86 2269.3 1550.14
930.02 1336.56 1917.75 2931.89 2896.48 2046.84
495.45 806.9 903.71 4372.06 1837.24 1005.09
836.68 1195.26 1578.31 2343.48 2632.6 2192.05
715.6 1024.99 1392.47 2148.79 2225.15 1635.22
797.27 1190.86 1611.76 3636.05 2672.06 1699.78
967.26 1442.73 2138.68 3297.01 3649.32 2433.03
367.33 568.18 713.52 2717.85 1408.3 930.3
604.36 922.0 1302.6 2904.17 1916.39 1154.92
886.75 1266.49 1837.65 2924.27 2306.53 1452.89
456.87 721.79 901.13 3667.02 1632.6 872.59
483.53 752.47 861.99 3197.41 1932.99 1409.28
890.63 1356.53 2004.87 3414.3 2941.31 1902.93
805.96 1221.55 1785.7 3571.15 3188.17 2041.04
871.69 1259.98 1737.11 2701.43 2741.77 1954.02
859.22 1254.43 1891.93 3389.04 2659.31 1514.65
765.65 1098.32 1408.27 2146.06 2498.53 2116.93
632.96 935.06 1382.98 2034.25 1966.36 1316.23
645.18 931.37 1272.79 2310.52 2257.45 1618.34
291.19 391.86 544.19 797.52 845.54 571.9
830.5 1171.36 1607.06 2512.54 2624.53 1964.66
827.96 1185.62 1574.01 2338.92 2644.43 2194.15
851.72 1257.67 1808.82 2677.99 2577.58 1792.06
853.48 1270.5 1892.92 2782.71 2495.7 1579.6
862.91 1254.3 1853.99 2844.18 2677.44 1738.19
811.98 1166.43 1584.49 2706.73 2578.98 1944.14
448.67 608.84 781.61 1149.68 1282.79 1088.47
552.38 855.67 1131.57 3317.41 2055.36 1240.02
371.02 508.07 718.9 1077.28 1056.6 697.91
518.75 796.03 1053.82 3150.25 1911.67 1154.05
307.53 512.77 597.2 4239.99 1483.36 775.6
474.2 732.2 973.76 4184.24 1815.87 964.41
771.03 1117.53 1566.88 2396.42 2657.31 1919.34
120.05 207.73 144.44 2885.94 687.16 336.12
456.0 764.59 786.47 4773.36 1948.7 972.73
710.54 1038.25 1502.24 2806.89 2274.97 1444.15
919.8 1306.08 1823.87 2882.81 2956.59 2125.22
295.52 502.89 542.34 3725.47 1491.76 771.87
408.09 766.22 548.35 5487.0 1528.2 704.36
971.35 1458.78 2183.76 3238.02 3119.77 2080.56
578.25 829.02 1092.03 1912.16 1772.52 1385.57
394.26 565.32 792.2 1399.53 1093.71 711.42
431.06 580.47 738.8 1091.14 1212.31 1036.5
741.36 1125.35 1514.54 3430.64 2413.03 1498.21
961.35 1390.55 2049.1 3132.22 3472.7 2278.56
141.75 162.5 198.81 254.53 235.97 176.27
812.04 1168.69 1565.63 2392.52 2672.73 2111.97
871.08 1252.63 1713.09 2593.51 2929.2 2257.66
634.73 899.7 1315.13 1990.14 2347.42 1547.73
902.19 1296.57 1812.8 2769.8 2921.04 2144.05
806.56 1146.46 1734.99 2651.25 2354.75 1403.61
604.01 853.82 1183.69 1883.16 1490.76 933.87
961.49 1388.15 2035.38 3109.9 3447.83 2288.47
883.61 1245.17 1733.22 2722.49 2620.86 1932.43
762.37 1119.73 1486.74 2960.49 2177.24 1565.65
938.78 1367.36 1897.98 3031.75 2747.74 1861.71
646.58 958.81 1276.72 3433.1 2027.32 1297.13
955.38 1366.29 2072.33 3176.75 2831.78 1695.74
859.1 1277.61 1893.82 2916.5 3223.19 2137.66
634.89 888.46 1141.2 1702.66 1925.44 1642.26
650.11 1035.74 1213.19 3974.11 2213.1 1449.07
421.07 605.55 889.72 1287.23 1218.77 801.57
925.96 1347.45 1944.37 2990.04 3110.59 2145.03
391.35 608.04 701.76 3167.42 1297.26 764.92
496.1 810.08 1019.03 4305.63 2331.64 1260.19
922.29 1316.26 1845.54 2897.98 3282.16 2392.98
980.64 1484.77 2256.34 3342.45 3168.86 2039.78
432.85 615.86 755.99 1721.17 1307.85 1039.72
958.84 1392.71 2002.42 3152.04 2931.67 1825.64
904.69 1276.14 1699.15 2572.21 2818.85 2303.79
884.96 1237.25 1589.78 2388.29 2707.87 2361.97
241.67 364.59 359.09 1957.29 725.49 400.02
245.69 329.39 458.34 638.71 607.64 418.33
833.04 1203.29 1700.54 3270.5 2784.76 1818.47
698.05 986.49 1424.45 2254.52 1765.79 1109.2
470.45 746.19 937.79 4164.52 2037.63 1170.35
523.34 842.98 931.84 3655.79 1940.03 1362.87
796.87 1187.58 1764.87 2722.09 2386.14 1497.17
929.21 1334.77 1911.92 2922.16 2893.14 2052.56
405.53 600.51 774.34 2128.53 1040.88 603.98
791.23 1161.81 1719.23 3235.14 2511.99 1528.02
602.5 844.24 1262.8 1914.43 1703.57 1027.12
734.92 1140.02 1631.81 3452.8 2392.51 1439.01
944.46 1371.48 2023.75 3223.48 3452.59 2227.52
344.3 600.17 553.15 4130.13 1656.88 1047.2
957.84 1409.52 2086.99 3233.91 3444.14 2229.26
814.51 1232.38 1767.16 3367.96 3097.75 1991.43
552.73 857.84 1018.28 3781.74 1797.02 1153.12
573.54 785.32 995.71 1475.14 1686.64 1485.18
835.27 1265.37 1825.99 3383.23 2568.12 1606.96
445.44 627.33 902.57 1360.29 1447.05 952.63
729.54 1091.26 1648.46 2427.89 2293.65 1475.6
706.34 1071.81 1472.87 3720.89 2983.65 1852.37
858.69 1274.76 1796.51 3220.04 2121.44 1269.68
214.21 457.96 361.35 4751.44 1567.29 713.27
230.18 307.16 400.62 1034.28 659.01 400.83
932.68 1352.94 2010.83 3090.95 2918.13 1888.09
794.96 1201.58 1626.54 3484.66 2591.11 1779.99
847.8 1202.62 1600.21 2435.78 2559.97 2079.51
854.47 1248.61 1750.16 2595.69 2734.06 2075.62
536.84 744.41 963.58 1420.96 1677.7 1405.85
306.61 415.66 581.07 857.55 870.99 586.12
895.21 1305.55 1825.92 2778.14 3156.45 2356.89
889.0 1287.01 1899.15 2915.52 2779.16 1826.68
572.82 807.82 1219.07 1850.07 1639.92 963.74
916.33 1322.08 1863.74 2852.49 3021.77 2197.51
231.89 383.08 408.9 3168.27 1064.67 508.33
767.17 1113.67 1710.92 2789.94 3118.96 1845.42
573.45 812.92 1151.25 1787.82 1659.3 1042.5
128.6 273.44 190.75 4215.51 1041.82 505.72
921.72 1329.0 1866.81 3007.21 2367.46 1459.52
939.13 1381.68 1995.4 2949.41 2797.3 1944.09
535.17 827.61 1055.81 3037.95 1636.02 963.83
631.32 931.27 1307.57 3746.66 2076.33 1172.47
794.21 1128.15 1550.8 2335.69 2464.68 1891.77
645.41 984.85 1359.86 3350.82 2204.45 1438.63
695.25 1037.47 1334.01 3630.4 2184.03 1366.12
735.98 1036.05 1325.76 1968.72 2330.25 2028.64
608.09 934.23 1300.98 3715.82 2054.5 1112.38
858.62 1265.29 1821.73 3061.55 2976.11 1994.0
678.33 984.97 1399.29 2259.16 1595.04 970.57
800.73 1142.54 1653.15 2742.84 2075.48 1290.38
791.14 1180.97 1555.62 3504.55 2229.09 1402.67
703.45 1016.68 1531.72 2720.24 2151.98 1229.08
245.96 318.31 413.84 616.42 502.78 341.5
206.13 262.14 347.11 489.13 496.03 349.7
397.79 667.81 775.35 4153.96 1486.56 733.48
945.36 1414.58 2106.04 3156.8 2805.39 1778.72
754.98 1144.2 1646.35 3281.87 2429.27 1520.5
780.25 1106.13 1462.21 2195.14 2484.33 2041.11
901.41 1350.68 1996.38 3178.61 2692.35 1705.33
948.55 1417.83 2116.33 3117.74 2801.07 1773.92
526.37 742.03 1046.72 1619.99 1504.25 948.78
411.33 562.06 769.1 1187.93 1133.08 814.84
595.43 977.59 1165.0 4582.07 2083.91 1164.4
382.01 618.34 764.33 3901.78 1931.84 1073.9
910.95 1301.06 1976.55 3028.18 2687.88 1596.21
518.48 793.68 1029.2 3959.53 1822.98 1024.29
703.05 1016.25 1263.37 2768.15 2333.02 1891.58
128.23 142.71 161.43 200.84 186.81 154.51
941.24 1424.59 2169.16 3210.67 3031.31 1938.17
905.24 1307.39 1933.79 2954.94 3267.21 2119.12
432.63 616.29 894.91 1287.06 1176.56 762.05
923.47 1339.31 1966.24 3039.13 2909.36 1936.79
748.48 1085.15 1400.31 2722.26 2454.82 1951.7
220.99 281.68 356.53 500.37 525.82 419.58
753.25 1112.99 1427.42 3267.47 2414.68 1670.1
863.2 1268.7 1786.01 3000.69 2203.18 1418.75
351.67 478.96 658.81 997.19 928.87 601.0
830.54 1207.56 1643.13 2597.15 2336.18 1730.21
294.31 574.51 299.74 5501.21 1218.6 478.46
361.43 490.88 692.7 1021.71 1196.01 809.13
980.2 1485.82 2263.19 3358.53 3167.28 2025.21
417.9 694.19 797.69 4208.2 1704.13 903.77
559.55 848.47 982.13 2944.53 2032.57 1595.6
770.86 1141.27 1703.19 2494.08 2271.22 1435.22
965.94 1455.32 2187.26 3240.99 3118.43 2059.98
492.64 767.36 1035.41 3944.34 1761.98 934.08
145.7 362.32 272.83 4210.22 1179.34 481.93
492.18 679.92 973.25 1540.26 1351.26 875.31
90.54 229.99 116.57 4214.06 1002.7 375.86
965.85 1415.54 2190.55 3590.76 4017.81 2365.36
644.44 945.73 1395.51 2134.71 2349.82 1551.73
552.55 892.06 1143.62 4051.68 2387.14 1389.78
577.89 822.65 1137.41 1800.74 1573.8 1033.68
859.83 1247.42 1776.35 2824.22 3245.3 2263.8
675.99 961.48 1338.47 2137.84 1689.4 1052.97
337.35 530.96 648.51 3038.7 1345.93 764.02
260.83 417.87 455.95 3273.19 1089.5 577.0
887.17 1334.25 1969.89 3340.77 2721.64 1711.96
692.54 1057.33 1482.84 3638.7 2600.93 1582.65
934.63 1358.49 1917.58 2839.02 2831.61 2087.94
295.12 387.9 489.04 705.95 787.2 656.45
864.56 1267.95 1726.56 3272.4 2340.74 1459.6
299.22 514.39 560.97 4278.39 1452.55 781.45
210.68 423.58 366.54 4561.44 1393.88 637.12
771.23 1147.26 1612.76 3187.52 1962.84 1149.34
672.14 1057.3 1450.1 4185.76 2990.91 1676.75
737.13 1096.32 1402.79 3137.04 2367.81 1747.08
645.39 952.48 1128.15 3174.32 2169.4 1727.59
544.54 858.41 1163.1 3783.29 2270.08 1392.83
435.04 602.36 862.99 1287.85 1417.78 940.09
527.78 842.14 1055.26 3720.17 1799.34 978.85
832.85 1216.84 1672.93 2498.7 2617.1 2000.72
437.56 703.13 860.71 4274.75 2041.46 1168.63
679.85 1036.21 1453.01 3689.45 2683.1 1633.18
917.62 1307.13 1947.79 3165.18 2663.85 1604.38
202.73 423.54 287.46 5008.19 1320.24 615.08
922.1 1312.6 1865.81 2943.15 2478.03 1691.05
890.1 1247.58 1608.96 2430.02 2706.22 2336.08
972.9 1405.71 2067.25 3163.32 3742.04 2484.87
798.75 1171.34 1574.6 3094.44 2304.93 1538.15
277.98 515.53 488.31 3520.39 1207.78 620.96
989.37 1430.59 2120.75 3257.22 3840.25 2508.44
549.17 767.68 1032.25 1511.92 1577.91 1254.57
367.26 609.1 757.99 4239.44 1848.84 1033.7
822.34 1227.5 1691.48 3394.0 2055.4 1209.83
626.94 904.0 1238.01 2452.13 1651.57 1004.2
570.96 895.72 1081.1 3539.55 1983.07 1168.69
169.64 206.31 261.79 354.06 371.55 271.88
954.38 1375.01 1974.25 3042.48 3076.53 2122.95
424.84 584.06 770.23 1171.04 1223.91 960.8
232.09 518.17 339.06 4910.03 1294.45 573.28
887.56 1252.87 1686.61 2546.76 2711.09 2189.51
826.7 1178.45 1558.63 2438.92 2789.98 2262.08
360.8 546.86 713.75 3003.01 1303.29 699.56
457.03 719.99 978.64 3184.41 1705.47 898.32
655.37 924.35 1206.6 1824.43 1930.05 1600.56
321.15 470.41 647.32 1650.17 1007.19 564.4
929.07 1340.0 1882.62 3033.23 2387.76 1471.69
238.95 460.99 352.38 4738.34 1269.52 558.17
704.38 1044.86 1398.09 2908.41 2336.65 1725.66
620.84 951.02 1278.66 3895.07 2094.59 1157.93
828.85 1216.63 1597.93 2950.91 2540.99 1837.85
151.16 178.97 218.65 278.16 268.98 211.14
292.17 526.02 545.67 4404.09 1626.16 817.88
750.63 1124.91 1610.38 3380.59 2540.48 1578.63
893.26 1294.41 1911.49 2960.44 2899.91 1850.06
912.85 1312.66 1802.18 2677.53 2751.5 2145.68
793.88 1136.7 1569.95 2423.06 2433.43 1729.29
885.51 1274.25 1799.04 2824.98 3243.96 2325.81
653.97 945.66 1387.05 2121.09 2260.22 1467.33
836.18 1193.1 1571.58 2333.32 2642.75 2210.33
516.02 720.86 1051.73 1690.1 1604.95 968.52
817.05 1155.67 1489.01 2219.09 2601.59 2249.04
624.34 983.77 1352.1 3780.5 2149.8 1245.65
876.44 1267.48 1857.34 2834.13 2703.42 1806.47
803.4 1171.93 1586.49 2755.64 2599.69 1862.16
888.28 1245.52 1614.57 2426.04 2762.86 2376.94
276.43 360.37 500.4 765.27 650.5 417.75
937.82 1348.54 1985.0 3225.03 3120.55 1931.57
922.06 1381.15 2032.34 3022.6 2994.24 2062.24
935.78 1346.9 1933.65 3028.95 3296.41 2273.86
903.33 1330.54 1904.42 3133.32 2182.89 1311.25
695.26 996.34 1421.72 2222.08 2060.49 1284.99
644.97 961.93 1357.4 3309.74 2185.4 1365.74
589.07 836.44 1185.94 1843.52 1710.75 1073.6
519.84 824.99 1005.39 3397.87 1965.54 1281.73
400.45 680.94 768.43 4043.73 1780.37 997.32
376.76 613.57 732.74 3986.7 1539.13 834.5
832.62 1206.05 1793.49 3365.0 2579.03 1527.61
820.29 1220.72 1656.38 3504.01 2454.38 1530.31
434.7 657.13 874.96 3207.53 1555.85 829.93
888.26 1286.64 1911.06 2993.3 2713.56 1734.99
734.51 1085.3 1460.46 3365.93 2534.99 1737.09
917.87 1313.93 1884.56 2989.28 2464.13 1623.68
513.46 742.3 1083.84 1572.11 1414.61 911.91
678.37 1003.36 1275.21 2912.72 2070.67 1544.29
824.94 1191.61 1709.66 2684.37 2487.58 1543.15
232.5 384.3 447.58 2172.98 930.84 499.26
787.13 1186.07 1608.82 3589.69 2547.87 1518.95
812.46 1159.97 1552.97 2640.84 2447.12 1908.34
434.87 783.14 605.18 5353.75 1553.24 708.29
955.37 1379.51 2011.5 3073.32 3641.16 2458.23
297.7 502.57 553.18 4320.53 1266.57 614.2
902.45 1323.74 1881.86 2780.81 2739.8 1975.59
149.88 335.8 151.57 4586.97 975.49 400.96
509.79 787.73 1059.09 3801.1 2186.73 1295.33
889.24 1273.14 1767.12 2672.28 3045.58 2274.4
697.28 982.83 1317.76 2020.45 2212.31 1733.38
637.35 891.07 1138.04 1683.03 1987.26 1725.96
790.74 1164.21 1561.82 3176.87 2171.25 1485.73
882.19 1232.15 1578.0 2365.06 2707.02 2383.49
589.77 924.81 1170.05 4160.85 2235.28 1286.96
783.51 1140.14 1549.15 2969.69 2772.96 1999.37
965.73 1398.06 2071.06 3168.55 3504.53 2271.55
523.57 812.14 956.29 3629.74 1741.38 1098.18
914.73 1318.55 1851.78 2982.49 2348.18 1447.96
785.38 1137.65 1600.95 2711.47 2404.01 1537.57
607.73 845.74 1198.54 1804.57 1743.59 1227.86
859.54 1252.72 1931.84 2970.27 2599.2 1491.63
684.9 975.63 1475.59 2250.88 2013.19 1195.62
915.2 1325.62 1826.04 3071.35 2446.24 1584.79
367.46 610.27 664.71 4195.86 1451.76 730.46
450.54 654.8 867.83 2060.0 1356.62 848.86
661.94 958.39 1348.24 2164.57 1603.09 1022.83
764.64 1120.38 1514.71 3193.6 2192.07 1415.66
378.55 661.55 556.35 4835.32 1447.14 686.51
899.1 1315.5 1892.02 3077.79 3049.86 2073.67
569.45 810.14 1213.01 2051.75 1676.91 972.37
243.2 321.89 427.54 665.82 683.08 495.4
751.11 1057.88 1418.06 2163.95 2255.84 1748.88
859.03 1244.0 1865.74 3015.85 3384.22 2125.32
959.79 1449.85 2174.07 3295.87 3102.51 2034.56
519.33 736.43 944.58 1632.37 1671.77 1356.54
240.59 309.81 421.62 637.35 608.58 393.5
367.49 615.26 690.6 4258.32 1715.67 1013.13
178.28 217.87 273.81 379.05 357.8 255.83
869.43 1271.64 1785.54 3017.82 2206.33 1438.41
903.25 1290.59 1938.82 2968.78 2688.29 1651.66
352.5 631.56 758.37 3842.26 1631.03 843.24
509.43 838.53 1045.58 4384.4 2285.84 1347.09
377.23 618.05 702.64 3527.58 1458.64 815.43
275.4 364.11 489.45 725.28 677.67 449.17
374.97 609.17 675.95 3822.56 1558.05 943.42
616.48 983.98 1207.19 3624.65 2320.87 1395.27
703.59 1096.65 1366.57 3766.02 2368.02 1504.05
802.69 1157.41 1634.07 2553.75 2448.66 1607.81
711.76 1039.48 1356.19 3087.54 2320.34 1713.54
571.52 914.74 1092.9 4436.07 1917.18 976.83
339.42 519.94 684.99 2392.25 1217.69 642.95
784.25 1147.04 1637.24 2654.58 1868.83 1130.0
944.28 1395.22 2033.28 3002.71 2806.27 1904.57
742.43 1068.73 1404.41 2441.25 2316.69 1836.18
944.77 1373.8 1976.13 3031.84 3281.93 2275.59
699.27 1038.68 1515.97 2862.34 2142.34 1212.08
401.0 553.21 787.36 1185.37 1162.4 764.05
664.57 944.6 1297.46 1909.45 1953.23 1503.79
391.07 538.27 764.7 1149.59 1127.38 742.15
727.07 1037.88 1448.29 2318.56 1830.35 1137.48
550.68 776.09 1078.62 1659.68 1599.32 1074.51
791.3 1172.99 1752.03 2567.02 2337.37 1475.9
539.82 757.76 1099.47 1654.67 1948.55 1290.78
750.88 1084.23 1410.28 2331.54 2546.16 2079.37
670.89 971.64 1371.81 2204.74 1605.92 1010.11
641.37 965.54 1266.44 3692.2 1858.54 1076.19
702.37 1082.41 1543.29 3662.62 2276.0 1369.17
409.8 643.53 759.0 3435.36 1746.27 1196.34
793.29 1152.92 1690.55 3281.47 2728.25 1585.02
892.63 1299.36 1888.47 3501.11 2688.89 1587.61
923.49 1333.64 1873.14 2917.9 2849.83 1933.34
365.9 615.25 729.68 4146.41 1496.51 784.69
844.81 1219.55 1775.14 3166.67 2832.05 1746.01
935.0 1338.52 1993.08 3052.94 2813.77 1777.54
472.69 674.04 975.96 1911.36 1385.85 801.57
559.38 893.31 1136.2 3922.47 1977.88 1167.97
188.78 237.91 311.26 431.8 466.88 336.73
883.12 1295.54 1911.73 2951.81 3019.98 1966.43
546.22 830.49 1067.89 2708.72 1749.67 1078.73
769.81 1117.36 1652.5 3406.31 2406.94 1392.33
550.68 789.23 1086.45 1643.45 1868.1 1395.02
883.34 1280.38 1899.61 2904.68 2715.33 1756.02
423.79 713.66 877.54 4151.66 1741.12 921.26
280.05 379.46 530.27 742.53 682.72 458.35
707.69 1039.42 1450.31 3238.82 2016.83 1196.4
574.94 804.53 1095.73 1634.41 1929.0 1465.53
781.02 1109.48 1608.2 2553.44 1996.9 1249.22
282.74 405.9 503.2 1747.27 804.31 468.78
342.69 467.19 628.1 966.91 846.35 568.62
776.6 1097.46 1556.86 2461.05 2296.09 1598.14
492.66 818.48 787.17 4707.85 1693.61 923.73
710.14 1124.92 1626.84 3658.13 2556.1 1546.01
851.82 1229.3 1714.71 2621.37 2730.03 2027.38
141.58 311.79 181.73 4809.13 999.74 395.72
432.82 610.64 871.89 1376.97 1346.97 882.35
864.81 1309.75 1934.95 3373.4 2857.8 1876.75
671.52 979.58 1232.2 2473.41 2270.71 1875.23
307.84 567.3 547.68 4644.88 1488.26 733.2
863.29 1235.92 1715.3 2689.08 2467.99 1791.56
773.42 1128.78 1540.91 2794.81 2873.16 2077.81
908.09 1356.21 1978.06 2944.91 2952.15 2068.56
399.07 551.51 757.34 1125.78 1193.68 869.61
927.42 1351.3 1956.59 3010.88 3124.04 2137.08
405.32 574.3 826.52 1187.07 1070.77 699.56
697.21 981.18 1272.76 1905.58 2243.15 1895.06
523.48 757.3 1112.01 1611.25 1470.58 942.86
740.98 1095.71 1625.24 2495.52 2748.78 1809.16
441.16 629.53 915.29 1317.49 1204.16 779.02
750.08 1179.84 1694.55 3782.84 2655.93 1616.72
530.84 815.04 998.75 3388.16 2061.13 1397.23
887.44 1243.14 1613.97 2424.74 2722.35 2344.9
738.15 1041.61 1538.6 2482.93 2101.54 1283.55
897.01 1288.77 1756.9 2764.12 2429.46 1819.46
756.18 1109.48 1625.06 2726.79 2696.88 1731.75
822.02 1191.28 1626.72 2489.03 2763.61 2114.85
951.18 1381.5 1981.48 3143.2 2914.37 1826.22
796.72 1197.04 1813.7 2676.3 2527.75 1622.4
583.3 821.28 1205.66 1947.29 1848.37 1109.0
558.1 836.89 1162.81 3195.97 2016.17 1214.15
154.07 180.94 227.97 300.13 276.1 198.77
792.83 1180.34 1690.52 3482.89 2953.4 1900.38
871.71 1280.88 1833.73 2981.12 2094.94 1261.66
926.02 1337.87 1882.38 2934.64 2855.68 1925.64
748.73 1122.47 1481.16 3660.74 2520.51 1611.06
918.97 1312.32 1838.92 2800.29 2851.3 2124.18
663.61 1017.47 1429.51 3423.98 2352.76 1544.39
727.33 1048.5 1510.36 2405.61 2745.55 1857.22
839.01 1254.33 1875.9 2773.6 2663.52 1768.67
405.75 607.87 753.48 2437.58 1331.25 769.55
200.91 256.76 340.12 477.13 517.01 369.08
610.73 918.33 1286.1 3808.19 2028.08 1133.59
395.39 682.15 765.09 4287.18 1812.9 976.06
824.44 1168.24 1517.9 2267.37 2625.87 2240.42
218.9 466.2 465.22 4168.62 1434.25 674.21
899.2 1348.67 1997.45 3259.63 2762.82 1742.22
548.17 835.12 1116.49 3631.01 2366.98 1497.9
338.96 455.33 586.26 848.3 963.19 788.12
848.43 1262.66 1880.91 2764.75 2479.66 1569.7
557.61 795.14 1126.42 1819.1 1859.16 1276.66
185.95 326.77 341.0 2321.55 949.59 503.32
322.24 440.08 599.29 929.73 674.52 434.54
283.93 370.84 488.89 729.25 742.43 549.99
881.21 1229.76 1571.78 2354.34 2696.48 2383.6
975.62 1409.51 2089.62 3194.86 3779.89 2470.87
816.73 1216.58 1750.73 3453.45 2825.26 1748.06
941.1 1370.43 1974.04 3057.63 3281.86 2261.69
425.96 692.74 786.93 4119.96 1769.1 913.24
684.47 1053.91 1378.56 3538.2 2492.45 1639.41
452.74 715.38 908.06 3958.17 1507.2 790.26
466.37 648.3 862.16 1332.31 1222.44 890.8
580.08 794.19 1003.43 1484.42 1693.55 1502.66
103.89 280.25 130.01 4410.08 1130.8 429.36
87.09 220.45 119.95 4370.69 936.28 368.97
689.83 1000.41 1470.36 2251.91 2400.05 1555.84
927.88 1363.8 2023.43 3120.42 3328.34 2143.41
632.93 901.91 1322.97 2014.27 1903.66 1244.41
135.65 179.95 146.43 910.49 286.55 168.91
686.3 1023.18 1542.1 2267.99 2142.98 1381.12
426.25 588.4 872.16 1307.54 1162.54 695.98
891.95 1293.38 1792.97 3082.45 2762.89 1861.09
852.78 1241.15 1714.49 3172.15 2251.53 1369.26
962.53 1377.89 2086.69 3199.81 2864.03 1723.6
520.21 752.78 1099.9 1596.14 1436.07 925.17
882.43 1289.68 1847.13 2843.92 3004.89 2093.75
636.47 899.49 1278.3 1925.79 2273.13 1591.32
678.18 1005.89 1271.23 3441.78 2516.57 1798.51
467.58 713.84 948.11 3399.16 1841.0 995.41
940.98 1355.86 2023.99 3342.08 3147.6 1857.51
592.8 915.12 1294.3 3830.88 2702.63 1503.17
448.48 714.97 902.06 4050.23 2162.02 1234.24
181.31 222.44 280.55 389.88 367.81 261.87
857.34 1247.57 1729.02 2926.36 2493.4 1657.45
856.46 1215.35 1727.98 2740.84 2557.1 1778.46
249.21 437.09 378.06 3656.71 1167.18 554.38
752.09 1069.03 1399.38 2643.89 2375.53 1886.26
930.54 1362.81 2000.73 3087.09 3169.18 2096.77
963.13 1413.58 2183.4 3643.94 4018.48 2364.17
517.93 749.22 1094.49 1661.92 1827.05 1214.4
320.97 607.11 376.4 5290.39 1281.93 554.83
974.82 1417.1 2096.97 3253.14 3187.38 2031.37
263.31 462.48 481.21 4023.8 1347.14 648.68
822.48 1167.03 1510.94 2246.23 2613.93 2245.6
359.29 698.26 402.42 5619.57 1369.45 566.66
307.12 561.31 548.83 4427.16 1396.08 659.35
275.91 366.64 481.52 691.96 775.75 599.49
820.53 1219.32 1814.52 2665.41 2390.94 1514.9
171.04 338.76 297.82 4123.82 1236.62 551.54
725.81 1034.03 1532.38 2331.63 2164.48 1376.03
684.11 1020.01 1345.9 3354.56 2493.51 1806.33
578.43 906.23 1160.17 3937.21 2346.9 1402.14
800.68 1194.03 1680.61 3277.63 2940.91 1958.23
595.66 857.25 1254.08 1917.34 1949.6 1266.19
284.64 378.03 509.98 758.24 708.12 467.57
719.52 1100.97 1578.38 3642.95 2325.03 1402.38
912.56 1291.35 1717.67 2659.15 2612.36 2055.81
928.87 1355.11 1968.69 3031.53 3137.38 2129.2
430.28 665.33 766.89 3593.79 1818.95 1279.14
848.96 1230.99 1744.2 3103.53 2695.15 1873.42
470.79 750.07 941.5 4018.31 1732.26 899.65
667.46 1009.96 1370.53 3697.58 2590.94 1593.67
433.49 699.16 831.61 3949.65 1658.05 841.88
642.93 994.29 1302.4 3831.05 1813.85 1016.95
830.1 1216.98 1675.11 2511.3 2717.24 2103.8
941.77 1383.56 1982.2 2946.68 2981.05 2181.85
218.27 342.39 330.53 2231.34 857.07 473.24
568.0 834.0 995.58 3095.23 2035.44 1594.62
641.37 911.15 1274.03 1929.77 2102.44 1523.8
780.52 1125.75 1583.92 2412.63 2581.84 1871.25
736.3 1067.79 1480.24 3207.19 2380.37 1593.64
788.27 1140.02 1726.5 2644.33 2366.78 1430.17
838.53 1243.66 1666.29 3553.45 2748.82 1824.14
139.99 160.42 182.49 232.06 229.41 199.92
491.49 808.35 901.65 4031.47 1863.87 1136.1
378.71 636.11 623.23 3986.7 1532.92 970.97
455.33 631.41 907.47 1356.01 1593.43 1062.03
711.57 1068.0 1463.73 3884.07 2566.44 1455.8
914.28 1341.86 1908.7 2915.47 3286.9 2377.04
882.0 1231.21 1577.14 2363.15 2698.32 2376.44
840.29 1260.43 1893.64 2798.45 2680.23 1760.9
158.93 187.17 217.27 281.18 303.31 264.88
514.33 821.22 981.87 3901.99 1908.92 1197.68
880.49 1270.13 1778.31 2934.55 2269.08 1395.95
591.18 893.0 1239.27 2936.66 2310.66 1537.7
863.56 1230.5 1634.24 2774.29 2676.89 2077.47
787.09 1138.23 1454.53 2762.13 2515.53 1976.47
565.53 870.77 1133.57 4097.55 1958.72 1068.38
383.44 635.92 799.39 3855.57 1615.57 849.03
792.66 1143.02 1638.01 2569.33 2381.29 1478.9
516.9 715.23 1046.11 1671.97 1400.78 850.82
815.96 1188.73 1658.9 2933.87 2569.79 1751.18
949.88 1416.41 2100.82 3096.26 2817.13 1819.45
708.84 1087.9 1504.69 3463.22 2270.08 1425.5
671.05 995.32 1367.26 3627.96 1922.84 1134.47
455.25 642.32 925.37 1396.1 1485.33 976.86
828.77 1189.15 1680.92 2684.88 2745.89 1885.81
947.03 1360.41 2052.48 3310.6 2820.41 1663.74
298.92 518.12 614.5 4144.25 1624.35 881.38
323.58 434.71 629.17 927.55 828.18 508.43
948.91 1377.97 1980.77 3121.3 2899.56 1804.75
646.47 953.71 1408.88 2070.27 2005.06 1350.15
780.38 1155.57 1697.73 3509.87 2470.57 1388.14
669.54 943.52 1417.92 2156.49 1917.49 1150.8
501.56 704.63 1017.01 1548.0 1517.36 985.91
345.3 488.91 611.8 1278.26 1023.14 728.19
189.91 279.5 296.62 1757.59 627.64 346.1
489.77 803.77 976.27 4199.55 1882.31 1102.22
933.39 1366.62 1953.23 2890.07 2787.3 1988.09
778.8 1165.28 1474.76 3335.44 2480.24 1695.53
205.57 329.93 247.58 2340.47 654.71 313.54
789.38 1125.24 1614.75 2582.91 2573.57 1701.34
553.79 850.82 1044.74 3473.88 2032.32 1368.31
276.39 397.08 481.41 1476.44 691.03 404.56
659.97 964.99 1248.44 2974.73 2199.28 1666.88
772.16 1118.68 1594.72 2655.71 2520.23 1691.28
211.72 385.56 349.27 4636.18 1191.45 545.24
887.42 1295.29 1814.19 3045.05 2547.79 1629.14
905.65 1318.75 2013.95 3095.27 2752.73 1636.22
848.08 1230.61 1789.63 2741.96 2650.98 1790.97
624.0 956.36 1320.16 3966.78 2155.23 1168.84
870.58 1268.27 1781.58 2732.28 3034.82 2194.43
831.12 1194.67 1530.75 2851.15 2571.24 2085.05
529.49 868.15 1147.87 3790.1 2403.77 1450.68
470.77 774.25 965.12 3804.32 1921.16 1039.94
872.34 1256.91 1800.41 2766.55 2820.54 1949.7
711.0 1077.55 1440.53 3793.83 2266.46 1330.34
239.32 316.25 432.95 597.2 550.92 377.3
837.17 1199.55 1674.18 2532.24 2611.56 1952.47
431.89 639.98 784.46 2409.4 1458.7 1033.38
918.42 1308.69 1957.66 3214.76 2659.43 1575.9
911.66 1292.97 1736.81 2660.27 2787.98 2172.74
873.28 1245.37 1718.19 2687.79 2848.29 2106.56
563.56 790.96 1074.38 1680.6 1450.9 1001.88
519.6 816.82 996.1 3366.98 1652.69 955.59
820.39 1258.69 1761.49 3755.55 2545.5 1533.48
757.95 1135.99 1489.06 3488.59 2019.26 1264.29
333.69 514.19 620.06 2483.11 1237.32 720.12
904.63 1366.96 2079.13 3075.33 2903.77 1858.19
614.3 923.66 1328.26 3200.12 2001.44 1109.28
649.28 979.85 1289.82 3291.34 2383.36 1609.52
929.18 1357.01 2037.12 3305.62 3732.21 2341.62
903.52 1274.57 1778.57 2797.96 2682.9 1967.81
902.79 1297.57 1815.12 2773.74 2923.24 2143.2
389.11 617.28 775.0 3867.88 1608.52 903.94
816.23 1181.77 1607.73 2455.64 2792.19 2144.43
830.43 1195.51 1683.82 2623.0 2531.56 1687.4
226.26 286.32 386.53 576.07 493.94 327.39
780.61 1155.17 1741.73 3323.24 3288.44 1916.53
558.51 813.89 1196.85 2401.4 2250.27 1318.54
855.78 1244.41 1745.83 2886.61 2845.51 2005.63
820.83 1162.97 1501.91 2240.95 2639.2 2268.34
187.46 366.64 301.49 4459.07 1037.88 475.37
880.37 1271.97 1861.67 2877.25 2844.03 1858.25
604.21 855.71 1293.43 1993.3 1746.49 1022.4
893.01 1314.91 1891.98 2792.21 2687.22 1880.5
938.81 1354.88 1959.3 2992.12 3547.24 2432.58
713.53 1034.67 1511.82 2655.8 2249.06 1443.1
859.36 1262.56 1771.81 2637.2 2662.26 1956.14
325.77 568.31 592.1 4332.23 1444.32 690.87
702.88 1063.92 1452.93 3900.87 2932.96 1826.25
694.1 991.7 1288.08 1967.19 2332.34 1928.14
433.86 667.53 890.61 2400.48 1414.37 839.37
427.46 713.5 918.09 4122.88 1850.39 1006.77
373.13 667.33 508.81 5214.05 1400.4 616.84
590.74 915.3 971.37 4059.38 1973.56 1348.7
890.26 1246.7 1624.69 2459.58 2663.65 2271.23
193.27 242.38 316.7 440.29 463.71 330.22
624.65 925.81 1109.81 2428.74 2013.39 1588.22
906.94 1293.74 1823.18 2860.27 2502.15 1755.77
721.1 1001.25 1298.43 1954.74 2114.7 1806.05
521.64 734.91 1036.22 1603.13 1488.67 939.37
335.26 592.99 596.13 4425.25 1454.43 710.12
840.48 1221.35 1694.08 2597.49 2837.35 2108.4
666.49 996.08 1375.65 3822.7 2414.63 1398.26
545.05 837.59 1013.0 3537.82 1978.76 1321.13
906.34 1334.32 1964.97 3184.79 3128.01 2026.87
759.55 1185.14 1701.12 3796.11 2619.3 1600.79
419.44 666.68 858.42 3923.11 1924.81 1101.8
857.56 1271.51 1877.93 2763.54 2515.82 1635.48
908.04 1331.38 1940.56 2994.34 3107.16 2084.81
697.93 995.1 1515.16 2313.11 2047.37 1192.27
946.85 1369.79 2028.56 3102.47 3430.88 2223.46
455.76 627.05 823.9 1213.42 1332.04 1085.11
272.81 479.09 498.45 4248.32 1488.73 729.43
792.29 1134.45 1495.14 2298.6 2473.01 2009.92
338.05 469.49 668.89 949.54 870.46 573.8
705.1 1049.42 1492.88 3537.36 2752.95 1713.71
105.38 108.16 112.97 120.32 117.7 109.85
401.81 674.5 735.85 4435.45 1923.64 1058.19
392.94 648.28 742.03 3840.3 1546.56 786.31
895.67 1301.74 1852.5 2835.69 3011.82 2141.4
675.12 965.95 1413.34 2173.83 2129.95 1368.8
930.7 1372.94 1989.86 2934.03 2841.55 1967.0
795.8 1183.97 1761.36 2664.56 2366.44 1488.86
913.29 1286.77 1764.44 2669.84 2761.84 2144.94
679.98 1021.86 1451.63 3270.11 2591.89 1604.44
389.56 554.28 729.34 1607.05 1097.39 701.49
673.42 944.97 1264.52 1961.91 1825.07 1371.83
764.63 1128.4 1630.11 2883.7 2613.96 1660.4
939.66 1356.14 1905.29 3076.87 2418.09 1489.52
277.38 474.2 562.39 3473.68 1330.98 681.83
736.45 1090.92 1567.78 3508.82 2479.02 1541.94
593.08 830.89 1191.98 1876.36 1473.4 932.07
314.25 671.32 349.44 5182.74 1391.9 610.21
949.02 1372.75 2025.19 3253.98 3661.58 2394.91
890.5 1352.37 1968.03 3561.73 3448.6 2232.89
459.08 700.8 810.7 3002.3 1826.6 1366.56
915.51 1325.46 1899.16 3050.35 3460.28 2367.12
906.77 1307.91 1835.06 2993.38 2334.02 1437.38
783.49 1138.73 1651.75 2534.05 2627.8 1775.21
325.75 444.89 625.63 927.71 942.4 631.14
313.1 555.49 588.2 4299.65 1503.78 715.91
609.67 876.69 1266.91 2192.95 1872.31 1209.5
653.2 1005.9 1354.65 3569.86 2299.17 1328.15
910.02 1312.74 1977.54 3034.65 2775.5 1702.74
895.18 1257.17 1661.53 2543.49 2791.25 2293.21
460.94 652.31 910.89 1447.54 1033.06 643.32
388.89 626.91 731.6 3809.07 1609.97 908.76
882.58 1315.14 1959.24 3019.51 3329.86 2189.15
815.3 1152.52 1478.43 2201.45 2598.17 2261.79
856.9 1265.3 1817.98 3510.79 2891.07 1802.02
886.25 1307.39 1823.73 3588.75 3409.89 2210.1
926.31 1330.14 1937.41 3129.2 3071.99 1962.78
535.41 820.24 1045.75 3390.95 1709.33 1053.26
537.97 902.54 902.03 4033.69 2001.06 1282.13
499.85 758.16 1021.99 3924.58 1807.32 969.85
586.91 858.3 1268.31 2613.16 1839.83 1058.85
763.35 1129.61 1685.24 2467.27 2246.91 1420.27
886.98 1293.52 1810.47 2677.95 2714.59 2026.5
742.78 1117.92 1573.98 3646.69 2662.2 1612.16
749.02 1084.99 1665.29 2552.62 2235.55 1289.14
703.14 1097.37 1474.91 3855.52 2721.9 1659.96
745.38 1063.04 1567.23 2843.75 2182.88 1283.69
209.75 383.11 384.25 4170.3 1260.62 616.27
961.8 1388.96 1952.95 3148.92 2478.29 1526.19
922.64 1366.92 1990.06 2972.74 2769.48 1876.52
836.69 1194.11 1571.84 2356.61 2756.05 2295.04
667.27 955.82 1397.04 2478.1 2199.8 1300.1
752.86 1105.76 1600.39 3661.28 2676.7 1533.88
826.28 1209.55 1723.8 2793.18 1993.33 1223.86
437.72 606.39 869.11 1297.39 1428.36 946.84
885.95 1265.99 1809.2 2984.41 2893.84 1926.15
447.74 620.57 923.02 1387.09 1232.54 735.23
914.55 1316.06 1970.19 3014.76 2783.99 1745.06
499.59 761.69 1031.6 2601.03 1739.97 1131.62
680.44 973.4 1432.0 2184.93 2064.46 1346.44
899.61 1306.32 1840.6 3038.41 2783.02 1810.52
244.32 442.37 458.35 4342.01 1167.69 545.04
866.6 1279.28 1845.39 3303.37 3118.64 2055.15
902.28 1271.33 1685.78 2549.35 2806.33 2312.57
869.45 1246.98 1802.42 2744.4 3050.04 2082.63
629.63 897.52 1276.01 1988.13 1844.35 1154.35
418.5 733.13 635.86 5093.74 1660.33 823.45
848.61 1228.98 1699.81 2733.3 2843.74 2114.92
370.87 520.79 744.54 1064.42 961.24 631.91
520.61 821.13 932.08 3164.1 1899.09 1386.08
729.46 1074.72 1493.05 3157.11 2741.7 1835.74
747.92 1053.19 1520.73 2307.04 2191.63 1492.03
519.85 829.45 1021.69 4045.73 1823.35 992.2
302.49 404.68 564.67 827.32 785.3 534.82
899.29 1265.33 1688.62 2600.11 2818.84 2265.18
829.88 1188.21 1635.61 2492.12 2621.84 1983.5
851.69 1221.26 1705.84 2581.29 2660.73 1987.3
892.85 1279.01 1781.22 2695.28 3066.94 2274.61
624.71 916.25 1295.49 2713.59 1871.2 1057.42
754.97 1139.2 1561.37 3537.12 1973.78 1143.95
765.38 1110.96 1706.62 2782.75 3110.89 1840.75
770.66 1101.18 1660.68 2537.34 2287.93 1385.58
519.54 719.49 995.38 1483.68 1497.57 1103.56
784.45 1125.63 1471.29 2690.19 2485.55 1934.82
872.02 1272.77 1917.61 3005.36 2691.23 1646.83
876.64 1273.33 1762.76 2609.22 2697.74 2060.52
894.08 1254.83 1630.01 2476.91 2661.35 2251.55
236.65 303.26 402.69 612.74 484.99 331.94
860.16 1226.58 1701.75 2570.87 2682.23 2026.22
810.5 1141.72 1624.64 2578.08 2362.77 1634.36
876.71 1271.92 1825.47 2917.12 2670.24 1650.3
275.79 360.58 489.31 733.3 589.64 396.65
101.29 101.94 102.96 104.63 104.37 102.77
909.26 1345.21 1942.09 3316.56 3251.75 2108.31
817.64 1172.58 1652.2 2634.79 2705.97 1872.48
427.87 681.69 637.83 3572.98 1480.13 998.23
367.41 513.16 694.33 1328.92 1038.93 649.98
861.89 1224.34 1829.04 2972.8 2477.2 1472.14
638.95 970.02 1236.38 3721.42 1877.17 1075.45
882.2 1232.15 1578.01 2365.08 2707.03 2383.48
347.36 573.22 697.74 3999.26 1549.4 750.45
614.59 871.27 1110.4 1672.18 1973.53 1687.56
794.07 1133.93 1438.41 2360.24 2546.84 2170.99
612.24 878.03 1331.28 2153.36 2407.62 1446.3
207.95 267.69 356.86 484.33 443.22 311.97
356.78 696.3 381.53 5667.85 1430.46 621.81
319.34 430.26 600.88 890.92 874.18 583.89
888.34 1292.35 1802.41 2664.82 2752.46 2076.05
937.5 1352.58 2016.62 3379.74 3147.47 1854.02
291.81 508.42 537.58 4252.24 1134.58 550.9
470.32 638.01 807.9 1193.61 1320.98 1145.83
650.29 914.55 1275.1 1920.03 2144.79 1563.24
886.54 1296.44 1812.97 3094.92 2560.17 1631.71
391.34 672.09 854.77 3870.21 1729.27 854.98
811.18 1164.62 1613.32 2541.36 2542.25 1901.87
394.32 657.14 691.61 4195.52 1753.71 1101.63
538.19 848.06 1086.04 3579.67 2268.54 1431.34
677.84 982.1 1442.5 2208.17 2353.29 1526.24
849.52 1237.26 1742.88 3193.9 3230.96 2203.2
888.64 1245.76 1622.5 2438.99 2727.24 2336.53
715.74 1124.38 1465.15 4209.01 2780.9 1700.1
276.43 365.66 502.9 736.21 722.74 489.24
589.47 847.21 1237.21 1885.79 2008.72 1308.14
625.91 891.91 1267.73 1974.84 1832.07 1146.93
635.95 999.61 1164.63 4443.52 2001.29 1063.89
949.07 1377.26 1978.08 3112.38 2897.07 1810.21
856.67 1274.48 1860.2 3420.48 3172.95 2006.37
880.03 1272.32 1811.87 2775.24 2800.41 1996.18
575.31 848.4 1269.09 1857.56 1756.21 1138.58
934.18 1350.69 1965.32 3003.73 3352.34 2256.9
739.3 1081.16 1554.35 2283.79 2179.03 1512.61
670.7 991.05 1459.69 2267.31 1942.16 1230.08
388.35 657.75 747.36 4545.56 1650.23 822.4
885.53 1276.21 1883.66 2886.44 2729.67 1769.64
900.36 1343.28 2004.48 3091.15 3407.38 2234.13
744.55 1097.99 1476.6 2869.39 2459.16 1704.83
947.86 1371.29 2025.34 3097.41 3430.25 2236.47
232.9 345.06 336.84 1815.99 627.5 338.31
772.9 1110.54 1453.19 2367.66 2433.54 1968.15
279.69 455.88 376.91 2612.44 838.97 436.05
600.23 949.83 988.68 4060.62 2047.62 1394.62
586.68 909.18 1190.65 4179.36 2260.67 1243.56
377.86 510.24 691.15 1013.17 1027.05 770.32
794.62 1137.19 1658.42 2683.68 2616.21 1644.12
922.33 1338.97 1971.14 3082.23 2908.2 1916.25
694.74 1057.32 1438.81 3560.22 1897.34 1073.31
514.79 896.51 835.86 4560.31 1705.17 883.64
989.65 1430.5 2119.58 3241.46 3835.65 2511.35
879.79 1274.13 1880.74 2911.88 2852.37 1820.34
851.62 1236.27 1804.99 2766.35 2657.3 1778.37
901.06 1325.88 1897.96 3099.26 2176.97 1313.42
688.79 1056.14 1347.06 3922.9 2224.09 1322.01
854.61 1251.96 1853.21 2853.12 3042.64 1962.57
911.45 1310.97 1954.92 2989.51 2778.2 1761.06
865.76 1313.84 1911.7 3458.23 3348.38 2166.03
758.24 1086.58 1390.78 2109.37 2502.13 2136.28
585.65 889.95 1076.6 3535.11 2267.11 1624.66
876.7 1286.77 1875.97 2986.04 3004.42 1994.41
916.87 1372.82 2044.25 3102.4 2719.57 1711.19
961.93 1432.6 2115.56 3258.67 3612.9 2427.41
937.18 1359.7 1972.34 3051.17 3069.57 2055.44
381.0 549.2 729.18 1789.02 1286.57 866.69
938.01 1357.55 2008.39 3100.61 3402.43 2203.56
919.55 1336.73 1956.44 3211.52 3342.21 2152.04
584.25 824.37 1102.86 1701.28 1673.22 1256.21
665.41 991.86 1404.09 3011.36 2558.38 1599.49
544.04 789.8 1156.6 1680.98 1511.83 971.96
306.36 541.4 618.06 4321.83 1377.43 726.25
870.72 1258.97 1860.33 2853.6 2710.98 1774.98
702.77 1036.73 1557.18 3157.55 2931.98 1710.07
363.7 584.55 652.08 3968.43 1516.32 943.56
443.27 630.88 777.07 1782.76 1458.41 1156.17
178.96 354.83 288.4 4475.43 1081.69 512.56
240.19 499.04 430.76 4673.5 1510.18 711.45
840.23 1254.93 1832.72 3306.08 2988.27 1885.12
927.96 1326.98 1826.56 2826.28 2836.88 2057.23
485.32 689.62 965.66 1538.56 1096.08 680.02
831.41 1177.61 1589.68 2436.75 2520.89 1927.18
810.05 1161.98 1593.68 2510.1 2683.04 1982.66
359.45 621.12 677.11 4616.55 1588.3 779.91
269.63 476.07 483.18 4322.62 1239.59 617.61
777.33 1137.79 1615.47 3383.13 2620.88 1513.22
934.86 1341.92 2018.64 3219.64 2807.86 1695.71
594.7 909.58 1207.49 3484.58 1885.36 1014.04
769.73 1106.13 1418.56 2878.91 2634.19 2091.13
856.92 1258.24 1800.5 2925.89 2056.7 1239.39
893.36 1289.37 1832.05 2795.9 3158.12 2230.99
200.24 478.01 259.97 4986.65 1227.09 520.1
771.38 1142.92 1697.57 2609.12 2874.39 1890.21
772.35 1136.74 1650.0 2430.04 2329.47 1584.59
665.8 964.42 1417.4 2174.52 2211.34 1431.22
823.42 1166.15 1520.44 2271.07 2613.5 2216.12
803.66 1167.37 1688.92 3224.93 2491.32 1520.73
439.2 610.4 878.4 1318.39 1247.99 828.4
823.73 1251.47 1763.29 3369.53 2549.08 1647.02
956.76 1382.55 1994.53 3172.11 3612.7 2446.55
517.43 714.67 915.3 1352.98 1526.76 1306.93
547.5 936.33 944.31 4466.13 1964.0 1058.05
345.49 561.78 677.97 4427.57 1540.3 772.03
918.18 1310.56 1833.22 2790.78 2848.03 2129.77
717.69 1105.96 1538.37 3499.67 2873.03 1884.38
878.1 1234.94 1617.28 2473.1 2572.18 2123.06
859.24 1261.05 1703.01 3450.84 2279.96 1364.38
773.12 1112.34 1444.12 2218.46 2435.87 2022.38
960.49 1391.34 1925.91 3064.77 2785.32 1918.81
677.97 1022.45 1481.71 2864.36 2095.72 1284.47
749.92 1103.7 1623.71 2379.06 2219.84 1459.56
108.92 317.43 201.43 4274.05 1169.54 468.63
717.82 1086.29 1453.62 3652.03 2368.56 1397.43
959.61 1385.7 1946.47 3136.74 2479.95 1535.33
220.15 454.26 324.86 4417.27 1431.92 761.78
878.02 1268.91 1843.98 3349.94 2946.63 1818.34
781.18 1117.23 1433.22 2468.63 2514.7 2084.43
955.37 1362.03 2020.39 3089.18 2847.62 1825.64
113.15 235.29 168.03 3719.94 851.25 360.36
927.68 1315.2 1803.06 2728.56 3180.85 2442.56
606.43 894.33 1253.12 3000.15 2411.93 1530.41
437.3 611.91 913.5 1374.65 1209.86 718.01
661.17 939.25 1375.23 2083.61 2458.57 1619.32
754.53 1130.6 1709.91 2520.27 2380.71 1530.2
457.27 788.8 754.96 4966.7 1633.77 810.06
640.54 941.91 1372.8 2104.45 1838.62 1185.34
368.45 489.52 611.3 881.86 990.39 874.15
742.28 1075.85 1650.83 2689.6 3006.34 1780.31
789.22 1131.78 1496.4 2315.11 2613.18 2091.21
923.78 1336.1 1872.13 3130.96 2398.89 1470.86
514.17 708.85 1002.61 1501.41 1438.72 1003.74
818.51 1208.76 1706.14 3036.85 2850.59 1956.16
962.0 1398.0 2014.0 3173.0 2939.0 1816.0
69.0 191.5 59.0 4653.5 930.0 346.0
134.0 394.5 95.5 5146.0 1087.0 409.5
969.0 1403.0 2079.0 3181.0 3518.0 2279.0
155.0 368.0 123.0 5163.0 1156.0 447.0
89.8 263.8 87.2 4769.8 1060.5 381.0
971.0 1390.0 2115.5 3245.0 2879.5 1707.0
122.0 299.0 89.0 4632.0 914.0 354.0
72.0 203.8 71.8 4231.5 957.5 341.5
907.5 1325.5 2047.5 3151.5 2757.0 1579.5
948.0 1357.0 1978.0 3155.0 2462.0 1531.0
56.8 180.8 53.0 4412.8 873.5 325.0
119.5 322.5 80.5 4825.8 970.8 371.8
948.0 1376.0 2046.0 3146.0 2970.0 1921.0
911.0 1341.0 1922.0 3127.8 2196.5 1320.8
985.0 1493.5 2276.8 3372.5 3183.8 2033.8
76.2 218.5 55.5 4643.8 764.8 282.8
962.5 1390.0 1954.5 3151.5 2480.0 1527.0
959.5 1435.2 2145.2 3160.2 2832.8 1787.8
88.5 243.0 63.5 4918.0 903.5 321.0
978.0 1422.0 2105.0 3266.0 3199.0 2037.0
79.2 209.2 66.0 4931.0 970.2 374.0
222.2 574.0 104.8 5481.0 1198.8 463.2
992.0 1434.0 2127.0 3253.0 3849.0 2515.0
980.5 1432.2 2016.0 3245.2 2807.8 1800.2
966.0 1422.0 2112.0 3259.5 3477.0 2237.5
109.2 304.0 68.8 5231.2 1052.0 412.0
978.0 1434.0 2220.0 3640.0 4073.0 2397.0
81.5 229.5 75.0 4588.5 1023.0 369.5
937.0 1353.0 2081.0 3198.0 2826.0 1629.0
924.0 1316.0 1970.0 3207.0 2671.0 1584.0
102.5 315.2 89.5 4914.0 1200.8 467.0
980.0 1467.0 2194.0 3388.8 3736.5 2446.5
955.0 1376.0 2056.0 3368.0 3193.0 1885.0
977.5 1462.0 2197.0 3231.5 2940.0 1846.5
939.0 1381.8 2053.5 3176.2 3230.8 2074.0
265.0 540.0 222.0 5608.0 1151.0 427.0
83.0 265.0 84.5 4714.5 1156.5 420.5
245.0 494.0 207.0 5231.5 1090.0 397.0
304.0 635.0 236.5 5868.5 1229.5 464.5
138.0 335.0 114.0 4964.0 1063.0 407.0
53.8 244.8 74.8 4340.2 1057.2 381.2
750.0 1074.0 1364.0 2066.0 2476.0 2140.0
813.0 1149.0 1469.0 2186.0 2594.0 2270.0
881.0 1229.0 1568.0 2348.0 2696.0 2390.0
100.0 100.0 100.0 100.0 100.0 100.0
