0.8987
0.3718
0.1921
0.8861
0.1328
0.5727
0.7952
0.9425
0.1718
0.0506
0.0805
0.6325
0.3926
0.878
0.9308
0.5348
0.989
0.0146
0.2842
0.6531
0.7173
0.6855
0.598
0.8692
0.4186
0.5689
0.3771
0.3689
0.3407
0.2459
0.4066
0.9562
0.3415
0.9479
0.6372
0.2644
0.4397
0.6595
0.3008
0.5415
0.1437
0.5339
0.2631
0.8097
0.1947
0.6477
0.387
0.9787
0.5013
0.9447
0.3736
0.6023
0.442
0.8521
0.5116
0.2033
0.119
0.004
0.1426
0.7943
0.3431
0.4801
0.0242
0.5754
0.5836
0.3154
0.6833
0.49
0.3386
0.5499
0.4755
0.4679
0.4644
0.8764
0.5213
0.5083
0.0249
0.2575
0.6015
0.7539
0.7894
0.9394
0.2901
0.0003
0.7877
0.4279
0.2176
0.4768
0.1107
0.1888
0.1856
0.6782
0.4319
0.2131
0.0454
0.5746
0.5158
0.5633
0.8155
0.2975
0.709
0.4047
0.3998
0.4274
0.8654
0.3811
0.0051
0.1682
0.2474
0.2075
0.4082
0.8782
0.4429
0.3503
0.6097
0.8455
0.897
0.29
0.8128
0.3236
0.6669
0.517
0.4251
0.8497
0.9402
0.6277
0.9705
0.2127
0.1717
0.5258
0.5309
0.3504
0.6426
0.1748
0.3007
0.5343
0.0883
0.4087
0.6358
0.313
0.7173
0.7719
0.755
0.0186
0.4297
0.8331
0.4624
0.3443
0.6172
0.9279
0.3909
0.782
0.9351
0.4028
0.0327
0.1204
0.8388
0.6961
0.6996
0.0489
0.5128
0.5601
0.9916
0.1404
0.0894
0.8374
0.1677
0.1027
0.9766
0.8202
0.0553
0.8774
0.5023
0.5326
0.7473
0.3514
0.0795
0.8895
0.1645
0.5796
0.9992
0.0485
0.7891
0.5617
0.6564
0.0721
0.3422
0.6147
0.6749
0.8791
0.562
0.3043
0.2179
0.1641
0.9529
0.6429
0.02
0.2365
0.1942
0.1473
0.2983
0.515
0.8535
0.0903
0.4924
0.3437
0.5654
0.3864
0.0697
0.4937
0.2962
0.7005
0.1011
0.0773
0.3032
0.7461
0.6722
0.4583
0.0912
0.2459
0.8373
0.3346
0.3936
0.7827
0.1154
0.1659
0.4455
0.1572
0.2692
0.8185
0.9835
0.9833
0.5908
0.8534
0.305
0.7189
0.6085
0.0736
0.6149
0.2574
0.2885
0.6065
0.7466
0.5382
0.1027
0.5601
0.3591
0.061
0.1958
0.8344
0.5596
0.171
0.712
0.102
0.9696
0.6896
0.3884
0.6911
0.8671
0.4521
0.502
0.4697
0.2117
0.1097
0.2235
0.3364
0.7473
0.3316
0.7341
0.0077
0.2022
0.7483
0.5457
0.2818
0.7168
0.879
0.1714
0.6553
0.1174
0.2905
0.2653
0.5705
0.5593
0.8693
0.5052
0.2896
0.6861
0.3785
0.0573
0.9717
0.7001
0.0372
0.6337
0.5353
0.1501
0.4242
0.0692
0.4965
0.934
0.6694
0.2399
0.4599
0.8535
0.9222
0.3082
0.4919
0.8888
0.8838
0.3104
0.3402
0.3965
0.4063
0.2647
0.1607
0.7625
0.6938
0.0799
0.2446
0.8092
0.2965
0.3962
0.9334
0.6054
0.9671
0.0198
0.7249
0.1461
0.7459
0.6152
0.163
0.452
0.05
0.29
0.7947
0.5527
0.3664
0.2045
0.0077
0.7801
0.8821
0.4133
0.7905
0.9513
0.4295
0.1805
0.143
0.1207
0.9021
0.6892
0.3235
0.0679
0.7742
0.4369
0.4957
0.0601
0.556
0.0754
0.5877
0.6947
0.8182
0.9021
0.1487
0.9758
0.5494
0.7821
0.7541
0.0365
0.9303
0.0931
0.0171
0.846
0.154
0.0937
0.5301
0.558
0.88
0.8195
0.2022
0.827
0.8459
0.6261
0.9594
0.5433
0.6663
0.4272
0.794
0.5699
0.5552
0.5091
0.1594
0.0336
0.7873
0.0785
0.8436
0.9307
0.4103
0.6435
0.9737
0.5822
0.9984
0.5767
0.7213
0.2972
0.0721
0.5237
0.1709
0.9858
0.9605
0.8849
0.7875
0.1195
0.9011
0.8583
0.431
0.3971
0.5296
0.3878
0.0915
0.8241
0.955
0.2596
0.0627
0.5273
0.3445
0.443
0.464
0.819
0.6179
0.0616
0.6306
0.8959
0.6891
0.6868
0.4629
0.2252
0.5416
0.1316
0.198
0.8113
0.8388
0.6756
0.9714
0.0095
0.5632
0.216
0.3217
0.3932
0.5679
0.6794
0.4245
0.821
0.5269
0.6444
0.5411
0.2355
0.298
0.2444
0.4367
0.3919
0.0966
0.76
0.3859
0.2552
0.6802
0.5022
0.098
0.175
0.5128
0.1125
0.3984
0.429
0.2066
0.5399
0.8273
0.8421
0.8434
0.6061
0.6086
0.234
0.9316
0.9434
0.7373
0.9253
0.2375
0.9421
0.9396
0.4213
0.865
0.054
0.4221
0.481
0.3066
0.4695
0.5927
0.0365
0.1973
0.6226
0.7461
0.9471
0.2793
0.438
0.1195
0.8918
0.1263
0.5255
0.122
0.1621
0.977
0.0917
0.7661
0.1677
0.6207
0.9048
0.6083
0.4785
0.1976
0.4695
0.4578
0.5749
0.3185
0.6601
0.4191
0.3265
0.3009
0.5546
0.0361
0.6776
0.8599
0.4234
0.6168
0.538
0.3124
0.4888
0.6217
0.4277
0.4433
0.3439
0.0838
0.9837
0.7997
0.5322
0.2387
0.3638
0.4279
0.2271
0.9244
0.1435
0.8385
0.1019
0.0391
0.9603
0.3549
0.4759
0.3722
0.3126
0.3934
0.025
0.684
0.1205
0.3345
0.6247
0.9021
0.8196
0.1032
0.1971
0.4007
0.389
0.2353
0.232
0.4642
0.4795
0.1894
0.5566
0.1656
0.0214
0.2125
0.6974
0.7218
0.2032
0.0715
0.0936
0.5197
0.1758
0.9235
0.8155
0.072
0.2447
0.4259
0.4461
0.3222
0.6572
0.7295
0.1078
0.2836
0.5948
0.578
0.2108
0.2559
0.5216
0.7431
0.3829
0.9118
0.8337
0.7877
0.9058
0.213
0.8534
0.626
0.4858
0.0971
0.0386
0.2296
0.5498
0.7324
0.9188
0.4022
0.1532
0.446
0.8339
0.7017
0.9921
0.9024
0.1708
0.492
0.2818
0.5528
0.9462
0.2949
0.3606
0.2141
0.9004
0.9606
0.9327
0.3447
0.4598
0.0455
0.2112
0.8931
0.7964
0.3552
0.1181
0.0969
0.3681
0.0767
0.5339
0.0327
0.7952
0.009
0.3124
0.1067
0.9688
0.8366
0.7473
0.0322
0.3497
0.6154
0.9007
0.9626
0.9235
0.7926
0.8052
0.5965
0.8888
0.2987
0.612
0.0125
0.0036
0.2527
0.9699
0.3118
0.7436
0.5864
0.3815
0.6425
0.1715
0.9629
0.3014
0.4672
0.132
0.768
0.8377
0.869
0.458
0.6841
0.1154
0.3828
0.5762
0.6664
0.2018
0.0069
0.4186
0.9143
0.3036
0.6046
0.196
0.113
0.5178
0.4672
0.126
0.4048
0.8914
0.5327
0.7366
0.8236
0.0394
0.3119
0.9047
0.0337
0.5722
0.0253
0.5445
0.8191
0.9127
0.4773
0.4221
0.3464
0.6719
0.615
0.8179
0.3906
0.7443
0.4538
0.229
0.5984
0.9421
0.6759
0.3896
0.4555
0.499
0.1216
0.1068
0.7865
0.8705
0.8808
0.3925
0.641
0.3975
0.3061
0.6232
0.3367
0.1532
0.2782
0.6773
0.5312
0.3559
0.6258
0.8284
0.3413
0.8287
0.4298
0.8067
0.4126
0.4347
0.4847
0.9767
0.3678
0.3176
0.8319
0.6628
0.7073
0.453
0.3971
0.2838
0.0501
0.7166
0.8644
0.3806
0.024
0.5412
0.7124
0.3925
0.525
0.6468
0.0314
0.7342
0.7536
0.2662
0.0052
0.3996
0.1501
0.521
0.8089
0.5277
0.98
0.3432
0.1694
0.5813
0.8559
0.9919
0.6837
0.6444
0.3937
0.5162
0.9197
0.7994
0.514
0.0045
0.5494
0.2374
0.6794
0.997
0.8496
0.759
0.4995
0.671
0.8336
0.3694
0.3112
0.1043
0.0506
0.0712
0.3463
0.423
0.4132
0.8347
0.6368
0.1132
0.2012
0.4181
0.3686
0.3603
0.0075
0.5866
0.2317
0.4209
0.425
0.2806
0.3258
0.2192
0.2503
0.6774
0.4766
0.4679
0.3453
0.2917
0.4473
0.7886
0.6021
0.272
0.7906
0.9101
0.9774
0.2914
0.1642
0.4717
0.4168
0.2377
0.3379
0.1987
0.5692
0.8112
0.284
0.2335
0.3572
0.4813
0.3286
0.9613
0.7795
0.0163
0.8309
0.6927
0.7567
0.9329
0.3851
0.1155
0.0474
0.4967
0.5088
0.8995
0.5064
0.9483
0.3045
0.0058
0.5793
0.2515
0.1404
0.4971
0.424
0.9391
0.818
0.164
0.6559
0.5211
0.3875
0.7494
0.432
0.2606
0.1603
0.7163
0.7545
0.7017
0.3558
0.4777
0.5385
0.3303
0.6091
0.5992
0.9417
0.2406
0.3201
0.5751
0.1656
0.7498
0.8429
0.1343
0.031
0.9257
0.277
0.0138
0.598
0.9112
0.5344
0.9564
0.6622
0.6144
0.2525
0.9755
0.4334
0.6194
0.8303
0.6831
0.5306
0.0605
0.4504
0.2927
0.7864
0.0243
0.9805
0.7832
0.2077
0.3038
0.0943
0.5406
0.6348
0.3128
0.8721
0.8471
0.0185
0.2199
0.8004
0.9571
0.3017
0.998
0.3159
0.2715
0.5107
0.5948
0.8575
0.6132
0.7004
0.0623
0.2562
0.6467
0.2203
0.3673
0.7831
0.6714
0.6431
0.4342
0.4283
0.529
0.6405
0.2112
0.8241
0.601
0.7814
0.6354
0.095
0.2261
0.0171
0.5658
0.0784
0.8688
0.4487
0.8001
0.6268
0.7682
0.383
0.6212
0.6157
0.7366
0.0077
0.2037
0.0204
0.5126
0.7283
0.403
0.6562
0.9827
0.9144
0.2802
0.0903
0.3873
0.8114
0.0272
0.7284
0.0417
0.8797
0.7076
0.8373
0.0
1.0
1.0
0.0
1.0
1.0
0.0
1.0
1.0
0.0
0.0
1.0
1.0
0.0
0.0
0.0
1.0
0.0
0.0
1.0
0.0
1.0
1.0
0.0
0.0
0.0
1.0
0.0
1.0
0.0
0.0
1.0
0.0
0.0
0.0
0.0
1.0
1.0
1.0
1.0
1.0
1.0
0.0
0.0
0.0
0.0
0.0
0.0
0.0
0.0
0.0
0.0
0.0
0.0
0.0
0.0
0.0
0.0
0.0
0.0
0.0
0.0
0.0
0.0
0.0
0.0
0.0
0.0
0.0
0.0
0.0
0.0
0.0
0.0
0.0
0.0
0.0
0.0
0.0
0.0
0.0
0.0
0.0
0.0
0.0
0.0
0.0
0.0
0.0
0.0
0.0
0.0
0.0
0.0
0.0
0.0
0.0
0.0
0.0
0.0
0.0
0.0
0.0
0.0
0.0
0.0
0.0
0.0
0.0
0.0
0.0
0.0
0.0
0.0
0.0
0.0
0.0
0.0
0.0
0.0
0.0
0.0
0.0
0.0
0.0
0.0
0.0
0.0
0.0
0.0
0.0
0.0
0.0
0.0
0.0
0.0
0.0
0.0
0.0
0.0
0.0
0.0
0.0
0.0
0.0
0.0
0.0
0.0
0.0
0.0
0.0
0.0
0.0
0.0
0.0
0.0
0.0
0.0
0.0
0.0
0.0
0.0
0.0
0.0
0.0
0.0
0.0
0.0
0.0
0.0
0.0
0.0
0.0
0.0
0.0
0.0
0.0
0.0
0.0
0.0
0.0
0.0
0.0
0.0
0.0
0.0
0.0
0.0
0.0
0.0
0.0
0.0
0.0
0.0
0.0
0.0
0.0
0.0
0.0
0.0
0.0
0.0
0.0
0.0
0.0
0.0
0.0
0.0
0.0
0.0
0.0
0.0
0.0
0.0
0.0
0.0
0.0
0.0
0.0
0.0
0.0
0.0
0.0
0.0
0.0
0.0
0.0
0.0
0.0
0.0
0.0
0.0
0.0
0.0
0.0
0.0
0.0
0.0
0.0
0.0
0.0
0.0
0.0
0.0
