0.4055
0.8152
0.1271
0.1161
0.9723
0.8447
0.1016
0.7594
0.2489
0.575
0.1983
0.1649
0.2405
0.9366
0.2077
0.1121
0.628
0.7161
0.9935
0.7231
0.9835
0.7244
0.9455
0.2943
0.983
0.8582
0.9373
0.8837
0.6576
0.7222
0.4817
0.0184
0.2301
0.7389
0.8678
0.7579
0.3572
0.187
0.2149
0.0094
0.4393
0.6988
0.7209
0.5376
0.5333
0.8585
0.0143
0.5345
0.112
0.3397
0.7592
0.6336
0.8061
0.0271
0.6028
0.0966
0.2638
0.6768
0.865
0.7825
0.5598
0.7271
0.8063
0.1024
0.5063
0.4415
0.7934
0.2391
0.6985
0.2128
0.4823
0.5329
0.5313
0.397
0.7066
0.584
0.733
0.7571
0.0483
0.6597
0.0531
0.9885
0.4681
0.3322
0.0952
0.061
0.2504
0.4455
0.6297
0.6444
0.2882
0.9351
0.9737
0.4696
0.4694
0.1462
0.826
0.5934
0.1299
0.2359
0.7015
0.3519
0.1173
0.6874
0.7426
0.0444
0.9319
0.5607
0.6377
0.4463
0.8186
0.5456
0.075
0.0652
0.9555
0.7107
0.8765
0.5613
0.4213
0.8467
0.8569
0.6496
0.1478
0.9659
0.3572
0.6022
0.1902
0.046
0.7696
0.1119
0.0228
0.5697
0.771
0.0559
0.779
0.3796
0.7752
0.2949
0.8196
0.8426
0.4229
0.3033
0.0667
0.0261
0.0962
0.9267
0.6897
0.9693
0.6351
0.1918
0.5274
0.9454
0.4134
0.8213
0.7319
0.4195
0.1928
0.3703
0.1099
0.1382
0.7607
0.2156
0.2243
0.1024
0.1268
0.9887
0.6301
0.9633
0.8434
0.2705
0.7426
0.3065
0.8616
0.0589
0.5439
0.9215
0.6498
0.5769
0.9495
0.7437
0.7459
0.0335
0.9586
0.2487
0.022
0.3517
0.734
0.9319
0.8192
0.6468
0.0059
0.0681
0.0573
0.0404
0.3767
0.6235
0.1339
0.5119
0.4245
0.3168
0.1007
0.9374
0.5046
0.4368
0.2833
0.7995
0.5896
0.4691
0.0661
0.2598
0.7982
0.746
0.9419
0.8239
0.2912
0.0789
0.1697
0.1389
0.124
0.4485
0.3
0.5221
0.385
0.1938
0.3923
0.3336
0.8114
0.0108
0.7011
0.8226
0.1681
0.0628
0.7732
0.9747
0.4659
0.0171
0.5418
0.3186
0.7871
0.2613
0.9979
0.26
0.4834
0.0061
0.8495
0.6832
0.177
0.0994
0.2523
0.5936
0.406
0.5947
0.9909
0.7772
0.0119
0.8881
0.182
0.4733
0.5467
0.178
0.3517
0.7325
0.4323
0.7965
0.0667
0.9629
0.4484
0.7418
0.3063
0.8228
0.4897
0.4963
0.1798
0.4599
0.6666
0.282
0.1115
0.4409
0.7869
0.3592
0.3876
0.7019
0.3943
0.3243
0.4711
0.7094
0.7836
0.0534
0.4737
0.0301
0.9414
0.6165
0.7265
0.3598
0.5593
0.2606
0.5107
0.5939
0.1832
0.7898
0.7014
0.4394
0.4461
0.4163
0.6833
0.4667
0.8684
0.1423
0.9172
0.1922
0.9188
0.2455
0.8431
0.791
0.8009
0.8983
0.4962
0.7551
0.1771
0.5642
0.1481
0.2266
0.9897
0.2802
0.0877
0.404
0.5074
0.9419
0.757
0.8925
0.4743
0.6255
0.847
0.1609
0.8349
0.8911
0.4573
0.3836
0.3833
0.2886
0.7918
0.063
0.9986
0.9714
0.6601
0.4001
0.5221
0.6115
0.7338
0.9595
0.0558
0.6523
0.0468
0.9755
0.6662
0.4335
0.3477
0.1657
0.9343
0.7455
0.4402
0.8096
0.0011
0.2739
0.3614
0.1353
0.561
0.6028
0.4944
0.8573
0.8674
0.6749
0.4839
0.8633
0.0698
0.6096
0.7165
0.0234
0.7497
0.0782
0.4626
0.5648
0.4157
0.4868
0.1837
0.1067
0.1929
0.8126
0.8923
0.1399
0.1808
0.6151
0.6808
0.8789
0.7864
0.9338
0.9576
0.8612
0.3076
0.0267
0.9261
0.344
0.9644
0.4097
0.4945
0.1343
0.7829
0.2024
0.7234
0.6887
0.6555
0.4458
0.6394
0.2476
0.3488
0.9845
0.122
0.3666
0.3266
0.5827
0.089
0.2778
0.8901
0.1138
0.3807
0.2259
0.896
0.4357
0.7343
0.8293
0.192
0.7695
0.0635
0.7798
0.6966
0.4205
0.1864
0.6869
0.4683
0.4081
0.662
0.6879
0.5854
0.6814
0.211
0.8127
0.749
0.6417
0.5292
0.476
0.9472
0.6994
0.939
0.8036
0.6659
0.4958
0.0827
0.7156
0.4189
0.52
0.8275
0.483
0.6029
0.6875
0.096
0.4971
0.0136
0.2397
0.3298
0.8681
0.1698
0.9966
0.0962
0.4323
0.744
0.1856
0.9101
0.1445
0.9638
0.7973
0.4102
0.8117
0.5468
0.7759
0.8647
0.3859
0.2172
0.2701
0.1069
0.1736
0.5848
0.4651
0.5011
0.937
0.8457
0.1001
0.2705
0.5202
0.016
0.0505
0.1275
0.9343
0.6638
0.8162
0.787
0.4748
0.9634
0.0662
0.4812
0.4348
0.012
0.9281
0.1237
0.7276
0.4664
0.1052
0.7124
0.8131
0.1336
0.4961
0.1937
0.1124
0.1942
0.0299
0.3284
0.5324
0.0568
0.7049
0.1452
0.3118
0.4656
0.2759
0.9971
0.2897
0.91
0.221
0.072
0.9325
0.3841
0.9619
0.7619
0.2637
0.8204
0.543
0.3242
0.8963
0.6819
0.4451
0.145
0.3781
0.2272
0.2621
0.5803
0.264
0.2161
0.7234
0.7626
0.0192
0.3993
0.0818
0.1333
0.5798
0.9487
0.9116
0.6227
0.6055
0.2865
0.2054
0.3359
0.8656
0.5944
0.5812
0.3133
0.9953
0.6162
0.6293
0.3824
0.8998
0.9696
0.7076
0.2659
0.3203
0.0612
0.1843
0.1689
0.2343
0.26
0.6619
0.3202
0.3956
0.7088
0.7287
0.908
0.5663
0.5053
0.756
0.4003
0.3988
0.5633
0.2215
0.3651
0.4045
0.715
0.5375
0.1485
0.3485
0.1906
0.4488
0.7886
0.8934
0.7121
0.233
0.7712
0.4427
0.6602
0.582
0.0499
0.1797
0.6357
0.822
0.479
0.4591
0.8472
0.6037
0.6685
0.9032
0.9759
0.8065
0.2343
0.6193
0.3858
0.1513
0.9435
0.7594
0.3042
0.8024
0.4476
0.9553
0.4636
0.9109
0.0159
0.6955
0.5096
0.0064
0.001
0.3948
0.499
0.6762
0.4318
0.9369
0.1416
0.4985
0.1735
0.8812
0.3454
0.5206
0.5605
0.6847
0.4416
0.8872
0.0093
0.2955
0.3903
0.1147
0.905
0.7337
0.7336
0.4839
0.7923
0.8808
0.0002
0.6741
0.4809
0.855
0.5498
0.4588
0.3442
0.4781
0.9782
0.5613
0.8955
0.503
0.9175
0.2035
0.7195
0.9011
0.6825
0.4184
0.5575
0.0181
0.6366
0.6249
0.5342
0.0638
0.01
0.7131
0.1141
0.6992
0.5065
0.9723
0.946
0.5222
0.2137
0.3314
0.2665
0.5358
0.6817
0.6945
0.6008
0.197
0.5246
0.3478
0.5166
0.6401
0.8594
0.563
0.3779
0.6616
0.448
0.054
0.6408
0.629
0.6577
0.7422
0.7164
0.9143
0.8697
0.4001
0.2916
0.165
0.7449
0.8504
0.3762
0.2616
0.5659
0.8467
0.3519
0.3856
0.6358
0.7493
0.2822
0.4441
0.8407
0.7611
0.7369
0.3856
0.9309
0.9244
0.1134
0.2806
0.1668
0.7317
0.7084
0.428
0.006
0.8684
0.6489
0.3483
0.5533
0.9555
0.3279
0.724
0.9805
0.0066
0.7544
0.0056
0.1717
0.7879
0.9969
0.1609
0.718
0.7327
0.7179
0.5844
0.9918
0.7756
0.5426
0.9367
0.9691
0.0498
0.7061
0.0993
0.4973
0.8076
0.0169
0.4352
0.2691
0.6485
0.2682
0.161
0.2564
0.3305
0.0275
0.0847
0.4629
0.0027
0.1685
0.2941
0.2482
0.9875
0.1355
0.893
0.687
0.3554
0.8128
0.5606
0.579
0.4163
0.6519
0.5711
0.2173
0.9126
0.4833
0.0476
0.2583
0.9807
0.1434
0.238
0.7023
0.0382
0.0187
0.9189
0.7794
0.3432
0.7682
0.2485
0.8422
0.8634
0.172
0.4134
0.1074
0.8379
0.9996
0.517
0.7596
0.159
0.2407
0.292
0.7938
0.128
0.9189
0.4436
0.4024
0.4231
0.0115
0.8145
0.8862
0.4305
0.8142
0.1393
0.6461
0.0033
0.7827
0.9444
0.2728
0.2546
0.1837
0.8948
0.8165
0.557
0.79
0.1217
0.7982
0.825
0.2632
0.5769
0.3249
0.8934
0.017
0.912
0.0343
0.0493
0.3734
0.9635
0.1945
0.0055
0.8957
0.9119
0.1788
0.4584
0.3802
0.0885
0.7208
0.6303
0.6788
0.8695
0.8898
0.8646
0.5598
0.4947
0.57
0.668
0.1671
0.9709
0.4541
0.5871
0.347
0.2284
0.5606
0.5392
0.1899
0.0729
0.7873
0.3456
0.5238
0.6487
0.6836
0.3585
0.5327
0.2062
0.917
0.3183
0.0097
0.1601
0.8095
0.8985
0.718
0.6927
0.1105
0.5123
0.8781
0.5456
0.9018
0.8868
0.9517
0.1386
0.8776
0.6521
0.3422
0.58
0.9913
0.7678
0.6538
0.668
0.8388
0.257
0.6384
0.8546
0.2272
0.24
0.2043
0.2052
0.938
0.8232
0.6524
0.8707
0.974
0.6837
0.6731
0.7005
0.5464
0.8951
0.6994
0.4753
0.7088
0.2133
0.9927
0.5677
0.4211
0.7164
0.7576
0.1899
0.5273
0.4925
0.573
0.4246
0.3547
0.2751
0.0018
0.1415
0.7841
0.7424
0.111
0.9195
0.8774
0.204
0.0349
0.2806
0.1496
0.1267
0.0857
0.2946
0.9396
0.6144
0.0817
0.5861
0.4965
0.9389
0.8355
0.3829
0.7924
0.6578
0.8862
0.8695
0.6113
0.5274
0.0929
0.0406
0.1417
0.1741
0.0
1.0
1.0
0.0
1.0
1.0
0.0
1.0
1.0
0.0
0.0
1.0
1.0
0.0
0.0
0.0
1.0
0.0
0.0
1.0
0.0
1.0
1.0
0.0
0.0
0.0
1.0
0.0
1.0
0.0
0.0
1.0
0.0
0.0
0.0
0.0
1.0
1.0
1.0
1.0
1.0
1.0
0.0
0.0
0.0
0.0
