180.79 321.59 266.55 3885.71 1096.62 613.93
317.32 562.73 517.01 4351.42 1308.93 614.24
250.09 485.16 385.92 4492.46 1275.15 626.05
269.68 388.61 418.12 1547.02 905.16 700.37
791.68 1148.6 1541.63 3289.17 2668.87 1986.97
730.47 1107.54 1548.39 3553.98 2838.44 1904.27
933.72 1307.62 1678.6 2431.91 2971.2 2693.2
436.2 653.96 774.06 3015.3 1601.38 1199.35
543.03 851.64 939.86 4031.15 2001.19 1252.99
847.27 1215.15 1461.92 3108.61 2679.51 2344.72
109.53 182.59 98.74 1515.07 376.79 186.79
656.08 1003.68 1342.46 3709.5 2318.63 1330.32
213.42 333.04 251.99 2183.62 673.5 394.81
312.24 517.56 596.12 3945.32 1458.99 841.01
104.01 189.02 86.38 2339.18 515.44 236.15
789.35 1135.55 1394.86 3076.49 2616.4 2261.86
896.01 1284.87 1548.4 3073.22 2805.54 2482.45
99.39 103.19 99.01 241.08 125.41 108.0
165.75 329.14 195.84 3777.45 898.47 380.52
217.1 433.46 280.77 4820.7 1308.12 715.66
603.77 898.56 1124.65 3384.39 2178.78 1574.3
445.67 743.1 716.97 3956.47 1836.77 1316.77
578.0 908.27 1183.02 3765.92 1778.24 958.73
100.14 103.14 99.52 178.87 114.63 104.8
433.53 752.04 676.38 5043.39 1710.2 862.27
806.67 1163.21 1426.3 2868.55 2670.15 2328.99
276.82 439.88 424.4 2511.91 1125.29 783.37
790.63 1169.35 1748.53 3387.29 2532.87 1422.21
939.69 1339.61 1767.5 2862.75 3096.39 2608.19
705.82 1012.14 1244.76 2659.93 2315.43 1962.25
123.98 317.09 167.15 4634.23 1236.82 503.91
163.53 206.99 206.52 662.45 358.31 284.71
106.29 156.94 96.85 1396.73 332.91 172.68
421.31 690.23 769.34 4003.16 1841.67 1176.08
313.16 630.82 271.23 5517.29 1227.05 510.85
545.37 862.57 947.33 3302.71 1848.51 1267.35
599.49 904.23 975.07 3594.75 2089.94 1615.99
149.24 229.14 132.95 1492.42 372.64 187.98
805.59 1210.58 1553.72 3653.69 2720.82 1895.72
913.68 1285.28 1622.7 2751.84 2885.97 2612.56
356.55 616.64 654.33 3570.55 1499.49 821.59
122.03 280.27 165.5 4592.78 932.93 390.25
540.01 755.25 1073.37 1765.89 1339.24 846.45
393.97 606.3 788.49 2493.11 1294.54 762.51
273.81 518.74 382.06 3955.32 1289.98 778.91
413.74 666.21 727.1 3280.9 1769.27 1300.19
893.36 1276.68 1761.56 2837.88 3242.5 2458.52
299.34 527.11 443.62 4373.3 1479.12 939.65
311.34 534.38 575.92 4519.38 1492.3 723.22
104.9 308.07 174.64 4242.84 1166.4 500.79
276.4 516.23 477.46 3921.19 1535.05 959.61
86.35 232.51 87.55 3805.86 948.47 357.39
179.32 335.3 271.73 3839.57 1182.35 628.37
125.68 274.66 153.64 3788.64 954.84 420.6
309.52 488.01 507.71 3566.77 1402.6 964.19
209.7 372.28 373.47 4028.25 1131.0 545.74
176.34 384.37 293.2 3907.46 1268.92 680.81
382.07 602.53 643.42 3670.69 1668.72 1177.67
308.7 640.03 247.24 5843.03 1242.46 481.08
184.87 358.86 323.88 4743.65 1227.36 567.26
183.87 321.64 283.96 3390.49 875.22 398.92
143.44 274.34 218.27 3400.25 919.82 388.32
183.03 391.31 261.39 4206.06 1289.08 624.94
710.67 1018.5 1238.65 2629.37 2322.71 2026.45
396.29 622.26 703.56 3720.46 1661.2 1155.42
448.87 645.38 862.67 1711.67 1420.38 958.54
660.63 1020.78 1374.38 3863.4 2474.65 1467.87
115.95 252.29 145.91 4547.8 1038.72 471.98
593.99 886.96 1239.52 3325.82 2492.68 1550.75
889.1 1253.95 1588.4 2595.52 2865.48 2562.66
974.46 1424.51 2002.74 3256.69 2796.74 1791.02
111.09 246.63 158.55 3887.18 992.57 398.06
624.03 961.1 1270.8 4015.56 2669.2 1615.62
757.57 1108.55 1492.29 3404.68 2468.16 1704.48
168.02 361.64 201.9 4565.32 1065.38 466.23
601.13 915.16 1144.05 3829.46 1933.87 1207.28
205.71 418.29 177.73 3199.62 835.08 406.29
111.06 153.9 104.63 1118.22 312.37 169.79
212.33 413.22 274.23 4444.7 1213.03 672.96
469.5 725.25 773.92 3562.04 1815.94 1374.97
101.9 263.78 92.01 3763.73 937.77 379.31
130.34 362.81 95.98 4602.95 980.78 376.19
127.4 264.11 158.87 3796.74 976.42 443.6
417.95 720.65 896.89 3839.46 1776.69 971.71
240.17 480.87 203.43 5060.48 1057.01 387.1
96.4 134.94 96.72 1077.27 323.75 167.88
231.47 400.07 367.35 4196.9 1312.57 775.85
174.5 356.44 288.76 3908.74 1195.87 530.36
86.63 125.0 85.46 1434.57 339.36 169.63
888.54 1284.0 1828.2 3330.64 2345.95 1435.08
239.68 376.79 348.02 2248.61 815.73 440.7
827.1 1270.19 1898.49 3549.47 2790.78 1743.1
107.61 119.95 105.09 315.08 142.11 113.59
318.35 545.33 496.16 4144.46 1402.11 857.69
206.9 514.64 104.2 4807.17 1061.2 417.72
373.89 616.85 587.74 4084.17 1622.37 1130.13
94.84 127.1 91.56 1299.02 315.98 168.0
108.82 248.5 129.24 4865.04 1042.2 437.76
88.43 212.28 89.45 3240.12 818.94 318.1
682.99 982.1 1199.86 2987.16 2302.34 1982.09
769.97 1087.14 1363.72 2424.87 2486.18 2207.91
762.35 1130.53 1598.06 3744.35 2690.73 1536.48
567.26 788.7 1038.23 1625.23 1582.2 1257.37
222.08 563.35 114.73 5300.78 1174.94 460.17
345.98 522.69 650.7 2802.49 1259.49 707.06
871.64 1218.02 1567.4 2322.2 2861.47 2558.19
391.4 676.53 802.31 3862.7 1505.91 751.26
483.3 699.02 865.81 2443.47 1723.84 1339.12
903.53 1278.75 1595.02 2831.57 2859.19 2570.15
103.69 241.69 121.53 4073.88 965.81 375.64
543.86 866.8 1046.63 4009.47 1857.3 1011.0
677.93 946.12 1167.27 2000.44 2046.31 1847.59
142.66 278.64 196.51 4199.06 1058.52 531.17
149.39 225.93 223.43 2091.4 612.29 305.61
352.3 482.42 561.68 1242.19 1012.25 868.9
366.18 703.26 374.29 5574.91 1395.03 676.44
550.74 868.3 843.2 4258.97 1926.45 1392.52
462.78 706.63 795.11 3494.74 1910.5 1425.58
318.73 471.32 595.0 2237.25 1138.67 730.22
751.98 1077.27 1327.84 3043.3 2503.87 2181.83
89.49 210.61 90.22 3723.72 856.04 324.57
80.4 202.92 67.96 4653.08 920.14 358.24
197.62 465.66 222.35 4903.19 1240.04 594.69
92.21 225.16 90.22 3668.23 833.93 314.71
753.9 1116.21 1633.48 3520.16 2396.45 1342.56
93.25 135.43 88.97 1667.29 382.31 188.89
712.5 1029.74 1420.31 2556.9 2476.2 1809.22
343.09 502.37 547.93 1805.48 1145.31 914.73
239.61 362.54 422.95 2269.54 889.12 460.58
686.14 1001.65 1177.32 3197.0 2306.89 1946.22
526.38 856.68 916.73 4759.48 1924.52 979.3
939.99 1315.27 1690.32 2415.35 2984.18 2709.74
402.46 716.05 623.76 5018.09 1523.26 734.89
460.17 743.0 673.2 4238.04 1696.94 1136.9
104.72 140.86 99.38 800.14 236.95 142.94
822.34 1179.67 1493.3 2879.28 2694.96 2307.6
94.05 174.03 81.1 2594.18 515.96 214.41
532.58 903.37 773.08 4320.32 1951.39 1411.84
692.05 996.69 1230.74 2974.99 2391.38 2040.36
303.61 625.48 249.11 5666.52 1213.34 468.2
276.04 531.17 271.68 5122.08 1171.93 497.39
419.51 767.44 537.86 5391.91 1448.85 650.88
619.71 880.49 1085.24 2315.2 2072.83 1768.63
548.23 890.77 824.04 4441.92 1935.26 1307.11
92.34 223.09 90.38 3609.12 821.77 311.16
427.94 703.87 711.53 3943.3 1893.96 1338.58
99.25 112.09 99.06 444.7 170.9 120.74
205.55 403.46 287.81 4347.76 1129.09 486.83
356.6 513.86 581.2 2348.66 1248.61 989.18
163.45 269.19 146.91 2218.01 504.14 225.74
407.58 708.99 567.34 4950.29 1535.96 845.64
268.21 482.98 509.75 4321.3 1214.33 609.95
367.75 513.14 600.96 1540.9 1167.71 979.92
546.81 831.74 924.75 3405.64 2044.39 1613.17
131.31 272.07 160.18 4007.44 825.77 408.53
978.82 1429.91 2012.39 3247.8 2804.34 1797.52
509.38 807.06 909.88 3798.16 2156.34 1512.44
364.53 670.1 646.0 4646.75 1678.35 823.81
231.98 347.0 332.82 1951.76 828.07 577.72
603.76 882.29 1083.6 3040.77 2203.69 1744.16
314.81 526.84 548.32 4043.71 1476.84 850.28
404.29 687.39 817.41 3882.2 1857.47 1065.81
134.07 315.13 191.03 4540.86 1121.76 436.87
187.05 332.14 164.36 3005.92 654.49 272.52
463.82 720.45 814.73 3563.64 1925.89 1382.34
705.4 1023.45 1298.08 3032.75 2410.26 1982.38
757.93 1083.42 1360.31 2599.29 2612.2 2256.26
97.46 131.56 91.94 1163.3 277.33 148.77
78.8 274.88 122.82 4281.83 1114.41 443.28
897.39 1292.53 1866.49 3250.23 2379.35 1463.18
786.01 1127.1 1387.48 2905.67 2615.0 2267.31
536.07 907.08 780.6 4307.26 1959.86 1422.51
168.79 345.06 228.62 4687.69 1101.45 522.05
351.18 582.91 693.51 4045.56 1585.12 819.86
970.98 1419.42 1995.36 3259.92 2786.29 1784.23
101.68 244.71 92.94 3337.24 840.25 346.79
746.19 1088.49 1283.25 3345.88 2506.4 2123.07
691.64 961.75 1202.78 1951.82 2100.83 1912.8
106.2 237.53 78.97 3559.33 741.81 310.34
132.59 258.78 113.63 3099.62 725.64 305.58
922.7 1305.46 1619.09 2842.73 2878.59 2588.66
906.16 1298.03 1755.15 2942.46 2583.34 1905.6
101.45 224.56 93.92 2886.34 737.14 312.42
483.41 780.32 1023.05 4005.71 1747.57 989.29
856.32 1198.44 1538.62 2366.68 2824.61 2515.98
82.82 231.18 77.46 4585.57 1025.98 373.07
918.97 1298.24 1625.96 2807.46 2901.14 2622.51
167.19 338.61 249.88 4487.67 942.54 413.98
430.23 688.17 838.42 3842.59 1687.1 916.68
854.52 1252.11 1735.42 2969.09 2721.87 2015.76
341.96 571.36 665.69 4224.58 1670.04 821.38
206.48 383.94 178.73 3654.39 778.22 311.02
107.72 261.36 158.81 3220.66 918.37 425.41
322.79 539.71 505.26 4312.11 1464.26 969.35
283.57 514.8 561.25 3527.25 1243.53 594.27
122.63 286.34 100.07 3853.33 807.2 327.03
785.32 1096.89 1371.87 2198.36 2394.55 2178.77
870.52 1289.51 1817.75 3255.68 2129.24 1264.65
403.95 713.54 599.58 5106.66 1579.77 766.54
811.78 1220.11 1834.17 3765.94 3530.59 2034.44
292.96 546.95 509.69 4672.83 1451.01 704.63
167.27 344.41 254.04 4169.69 1124.06 489.48
679.37 1039.36 1330.12 4001.29 2546.69 1526.12
411.93 633.72 736.27 2841.43 1555.66 1096.43
157.87 364.84 261.19 4582.2 1303.89 539.41
84.9 212.08 88.43 4617.71 966.81 388.66
150.08 301.24 256.83 3790.04 1064.9 459.92
262.31 512.64 248.19 5108.35 1126.12 445.33
514.5 707.64 889.18 1534.18 1632.13 1438.34
371.66 609.2 616.89 3987.82 1523.29 953.21
124.97 316.32 96.69 3806.53 825.0 327.34
167.76 362.85 102.66 3083.92 709.32 301.41
244.86 481.35 459.56 4018.57 1454.97 784.07
236.9 457.62 318.85 4681.22 1323.08 680.17
140.17 350.05 230.73 4177.14 1242.54 606.1
692.26 1003.26 1216.96 3143.83 2378.45 2014.63
105.06 212.11 82.85 2919.97 623.19 271.47
844.2 1307.04 1874.97 3809.67 2786.27 1719.58
124.54 248.61 156.42 2948.28 849.35 398.96
589.6 912.9 1242.07 3845.08 2329.7 1410.63
215.74 408.63 185.58 3963.52 837.21 329.37
141.49 403.52 114.41 5126.68 1103.18 420.83
396.13 667.7 788.1 4211.04 2084.01 1142.01
409.45 649.56 841.78 4263.79 1684.68 857.18
686.21 996.5 1439.89 2592.83 2148.29 1376.8
94.35 154.87 94.85 1634.54 451.34 206.58
496.29 768.64 830.71 3762.8 1970.11 1497.13
720.81 1102.3 1363.65 4112.25 2027.21 1154.77
126.65 234.65 154.23 2703.16 731.43 353.44
127.5 172.11 118.4 877.53 252.24 149.13
284.14 492.36 565.29 4316.76 1405.98 701.33
532.41 892.23 936.13 4482.26 2045.19 1153.84
220.7 427.96 189.07 4371.38 924.06 347.22
599.32 929.37 1197.9 3722.02 1689.86 938.88
364.97 615.41 642.9 3570.85 1744.39 1209.83
216.87 312.4 343.83 1829.82 807.0 545.82
945.56 1364.1 2033.68 3384.47 3167.89 1867.9
351.89 470.58 571.12 952.26 980.78 876.98
714.02 1093.97 1576.74 3560.25 2349.99 1424.88
295.6 524.92 439.77 4441.12 1478.03 921.57
705.27 1080.93 1377.33 3770.73 2047.51 1180.05
730.36 1086.78 1367.09 3425.79 2499.74 1844.5
99.01 109.61 99.1 368.8 161.54 118.67
258.11 480.13 260.49 4428.41 1043.13 462.45
381.77 652.27 503.33 4600.02 1475.79 867.3
843.52 1243.83 1815.68 3285.53 2746.5 1741.09
403.54 604.39 759.16 2242.14 1312.64 859.33
677.59 1039.89 1318.66 4268.57 2372.04 1298.83
373.68 730.57 439.2 4834.97 1575.45 937.07
295.04 519.55 546.76 4495.01 1468.67 746.71
84.41 251.33 85.78 4332.23 1068.98 393.95
624.3 908.47 1321.54 2281.98 2106.63 1350.67
780.16 1164.18 1583.46 3544.55 2410.07 1481.37
909.68 1339.25 1918.92 3130.32 2194.35 1319.18
107.52 256.84 127.02 3955.0 932.38 357.34
135.84 252.37 179.54 3628.43 908.88 461.14
444.4 689.83 786.02 3649.71 1681.09 1235.97
122.42 238.64 108.26 2969.46 668.11 281.11
771.57 1151.56 1489.47 3705.01 2110.11 1226.29
410.17 684.38 595.55 4417.97 1566.92 914.38
421.63 800.92 662.93 4995.23 1957.2 973.46
343.79 550.93 618.83 4006.17 1647.04 1031.03
94.85 136.07 93.04 1350.29 357.11 175.07
925.9 1347.18 1993.64 3185.76 2914.99 1879.07
843.15 1193.94 1492.12 2910.64 2722.64 2423.29
137.83 287.67 187.02 4167.64 857.86 383.66
400.36 771.77 575.77 4932.3 1752.08 896.39
499.64 836.75 693.74 4656.82 1790.5 1183.16
626.74 951.09 1002.41 3885.94 2097.48 1631.53
666.02 1037.49 1409.38 3834.28 2686.24 1622.42
101.31 129.08 95.55 831.39 235.7 144.47
771.72 1108.24 1351.72 3151.19 2538.71 2211.63
546.76 855.93 1041.63 3709.83 2137.28 1422.11
357.43 585.74 715.06 3877.81 1613.24 856.15
142.22 297.41 246.44 4304.45 1118.09 504.68
170.84 363.99 206.07 4552.57 1062.33 463.0
221.29 452.2 276.0 4983.96 1324.02 600.13
478.9 753.48 961.23 4219.64 1935.04 1025.66
680.27 1037.77 1095.91 3830.22 2266.75 1791.46
145.72 292.46 217.24 4132.99 1069.63 558.74
178.81 353.58 236.32 4557.39 1107.56 569.28
373.87 600.45 638.75 3875.27 1655.77 1103.63
207.48 319.7 326.0 2388.08 848.62 546.72
214.71 449.24 304.8 4577.37 1438.73 765.44
255.19 499.4 377.46 4513.73 1521.86 871.48
247.28 369.63 392.6 2255.23 969.55 699.43
477.92 818.08 961.21 4532.32 2303.76 1219.38
786.62 1129.77 1389.22 2866.33 2607.37 2272.46
321.07 558.2 485.02 4425.17 1554.91 1008.25
335.43 542.55 557.43 3755.05 1561.73 1051.89
136.02 354.59 153.9 4801.22 1273.28 558.16
132.22 282.04 148.84 4305.18 931.24 420.97
81.75 228.41 75.39 4546.88 1014.66 367.21
330.79 529.51 542.64 4103.87 1570.72 1067.46
405.76 622.07 780.4 2307.8 1592.47 908.61
620.56 936.92 1193.98 3575.89 2114.43 1443.06
422.91 673.98 779.85 4080.34 1833.89 1148.73
308.94 513.99 495.98 4043.21 1362.54 936.66
264.61 458.9 511.02 4149.68 1528.5 814.07
94.61 110.08 94.14 637.8 196.45 128.06
627.51 906.6 1106.24 2821.01 2198.51 1837.94
913.63 1305.67 1749.16 2984.94 2927.14 2341.06
326.01 559.65 583.4 4472.58 1410.56 714.87
121.52 277.42 130.37 3483.9 931.61 416.68
341.33 582.19 634.65 3794.18 1604.07 834.9
510.38 762.15 893.8 3212.93 1953.12 1511.06
80.91 170.77 80.77 2916.88 684.65 264.66
702.08 1032.44 1446.81 3502.08 2023.67 1198.21
218.62 531.01 126.83 4829.35 1100.07 454.15
401.14 694.24 635.81 4892.48 1725.44 823.04
302.53 506.75 516.84 3281.13 1331.57 773.33
941.14 1410.51 2093.66 3207.95 2789.23 1756.82
604.4 857.87 1040.56 2171.27 1931.83 1689.86
133.96 347.83 149.21 4710.73 1239.49 541.3
100.09 251.67 111.41 4499.51 1049.23 405.95
882.33 1242.28 1581.85 2560.62 2852.42 2552.62
344.93 549.27 596.46 3947.61 1541.53 994.47
86.71 141.65 92.75 1319.62 375.32 180.88
449.14 726.55 788.49 3593.85 1905.51 1410.6
782.78 1180.52 1631.63 3714.6 3175.5 2001.59
439.77 680.79 808.48 2788.77 1435.22 904.39
247.38 422.78 381.04 3839.15 1169.59 690.74
873.46 1222.49 1568.05 2331.48 2864.7 2559.72
592.13 885.06 1034.39 3378.68 2197.1 1756.93
101.07 192.03 95.51 2158.61 570.74 256.94
114.86 243.17 147.02 3653.93 924.01 380.13
144.2 187.65 206.66 831.0 375.86 247.94
422.78 717.5 671.32 4043.84 1781.7 1250.14
110.76 193.16 98.58 1696.19 412.22 197.9
302.59 507.46 479.94 4134.57 1332.7 906.84
264.15 503.44 348.87 4847.14 1423.27 747.7
711.48 1091.21 1487.77 3856.89 2748.58 1675.57
99.94 233.05 131.31 4223.33 953.05 431.81
148.06 345.69 140.09 4470.11 997.83 443.07
760.25 1143.26 1585.19 3429.22 1987.97 1148.28
776.24 1155.4 1656.52 3457.44 2609.91 1623.06
923.78 1315.77 1969.42 3207.7 2670.54 1583.65
760.19 1132.51 1507.41 3644.59 2141.43 1262.64
355.74 611.0 536.92 4218.08 1538.03 1034.8
100.22 118.54 99.1 514.81 194.85 131.62
309.15 510.47 584.26 4461.73 1433.15 703.36
663.82 1008.29 1238.46 3590.58 2013.38 1246.23
463.29 733.48 926.86 4097.58 1827.63 1114.95
725.53 1099.24 1591.48 3932.58 3141.28 1794.43
119.33 320.58 80.67 4784.97 963.28 369.45
166.76 278.03 149.36 2328.63 525.25 232.31
692.11 1066.05 1440.28 3902.34 2693.16 1632.82
276.39 463.91 516.05 3626.09 1489.28 785.68
302.42 477.14 460.33 2694.98 1169.11 834.78
284.64 543.76 309.48 5119.24 1222.92 500.03
148.74 227.82 132.61 1478.17 369.85 187.08
104.37 196.82 85.19 2535.33 551.83 248.08
135.11 284.61 189.49 4099.3 1104.85 513.7
880.27 1249.76 1560.79 2840.01 2835.76 2528.07
668.89 1013.48 1492.85 3899.32 2999.39 1701.73
136.6 278.34 115.31 3469.25 802.73 330.92
213.85 380.62 321.09 4488.34 1291.58 745.13
661.15 1036.71 1332.1 4514.57 2774.48 1521.54
86.15 125.91 84.93 1482.91 348.02 172.15
417.37 666.62 856.17 3963.93 1783.73 995.1
283.28 475.49 461.29 3849.37 1442.11 911.25
279.19 495.43 403.22 4224.31 1313.96 791.61
960.88 1348.55 1706.31 2650.99 2987.59 2731.78
123.13 243.05 108.52 3060.76 686.19 286.87
939.5 1345.77 1959.29 3172.38 2447.4 1519.68
232.96 448.84 287.21 4541.19 1285.74 661.87
527.07 817.9 1052.38 3818.36 1858.27 1076.04
168.7 330.08 218.64 4263.74 1036.22 529.36
710.22 1045.59 1353.23 3301.38 2215.67 1582.21
267.68 543.06 229.96 5592.89 1161.52 434.58
98.22 128.58 97.77 914.73 267.58 149.03
575.18 945.28 1050.28 4647.61 1915.89 965.53
384.28 642.62 703.79 4051.9 1917.98 1170.46
257.44 444.26 458.76 4336.73 1256.89 595.07
115.03 302.97 119.68 4252.01 1081.39 438.7
826.18 1166.56 1466.22 2548.11 2729.37 2395.49
529.63 837.21 1037.77 4282.44 1947.27 1025.47
361.22 551.92 601.08 2638.82 1432.07 1057.31
91.28 230.51 84.75 4388.82 768.04 311.09
773.55 1151.83 1442.67 3375.73 2260.55 1629.41
401.14 618.0 649.39 2607.1 1463.92 1125.34
736.07 1109.49 1622.5 3140.59 2305.9 1415.52
385.94 653.32 514.27 4474.45 1454.43 871.71
106.63 246.94 77.53 3795.97 785.72 324.73
851.04 1193.91 1525.69 2402.61 2810.58 2496.22
545.94 862.91 1107.31 3791.89 2147.47 1249.34
428.68 687.31 696.42 4015.78 1810.34 1311.08
535.82 763.12 936.65 2332.06 1864.21 1568.44
219.21 371.01 316.59 3422.75 1029.67 628.83
394.99 645.91 731.66 3484.01 1265.04 662.99
236.1 424.48 395.63 4136.26 1063.45 488.96
470.31 728.33 786.41 3599.83 1841.03 1365.8
470.63 736.65 905.51 4087.41 1899.34 1112.29
510.82 734.47 1017.85 1998.63 1593.32 1004.25
762.83 1138.67 1253.27 3702.05 2450.99 2028.49
259.3 611.26 188.91 5306.66 1291.21 577.27
94.77 119.41 94.73 872.41 260.31 145.15
244.63 348.87 447.06 1311.29 709.97 430.77
675.26 996.54 1181.17 3322.03 2403.94 1986.11
183.07 338.68 289.75 2781.73 1000.25 590.73
115.21 231.73 97.99 2357.05 541.48 238.44
67.75 160.33 64.91 3320.03 677.51 267.99
715.21 1058.94 1321.55 3339.69 2248.45 1659.15
706.83 1042.14 1236.04 3340.62 2381.62 1975.94
105.64 151.02 97.18 1261.85 308.68 165.12
296.51 615.35 231.49 5656.6 1188.01 451.11
128.01 237.0 148.12 3101.01 710.95 337.58
262.39 505.14 500.05 3937.38 1493.91 829.52
656.38 1030.74 1318.76 4527.71 2754.96 1508.39
338.8 528.97 658.31 3605.73 1362.05 698.44
959.8 1346.43 1706.35 2664.81 2988.86 2732.09
182.03 414.59 261.97 4751.01 1319.1 565.02
554.7 864.51 863.02 4049.91 1966.02 1441.43
670.59 1039.78 1375.78 4307.45 2821.98 1558.24
78.37 140.45 76.47 2259.14 487.24 212.64
84.46 215.73 77.31 4904.32 982.77 385.93
632.82 931.26 1190.11 3249.47 2390.65 1830.57
584.23 930.74 1074.53 4457.27 2001.2 1125.29
115.92 235.87 95.18 3159.6 652.31 273.4
746.45 1107.74 1574.6 3545.63 2831.71 1781.41
309.02 564.58 538.33 4611.07 1445.37 700.24
470.94 677.15 930.35 1804.43 1417.91 870.8
741.69 1077.19 1270.08 3122.15 2432.39 2051.83
844.04 1209.78 1488.0 2970.07 2760.03 2431.35
99.21 112.63 99.01 460.03 174.05 121.66
258.7 403.14 369.93 2461.22 1001.26 671.9
806.19 1161.61 1401.0 3161.46 2643.44 2293.17
668.13 994.44 1139.53 3596.65 2328.17 1881.78
275.92 486.03 463.13 3745.56 1437.17 852.07
425.14 692.38 859.07 4189.54 1752.72 885.61
448.03 736.01 769.17 4272.04 1819.77 1153.95
697.06 1010.79 1221.58 2906.32 2421.86 2049.64
750.88 1071.98 1334.44 2495.5 2449.89 2129.55
731.72 1085.49 1485.72 3690.34 2098.44 1242.47
339.15 614.73 511.02 3541.85 1326.6 702.65
108.91 134.55 100.35 492.21 180.09 126.47
173.29 299.73 284.21 2980.84 901.75 407.56
205.78 358.82 376.81 3531.57 1105.41 552.0
458.98 662.06 932.78 2311.28 1391.98 807.13
267.87 487.65 445.54 4375.33 1256.22 582.21
88.48 133.99 84.77 1791.54 408.33 191.38
355.59 593.44 593.4 3803.29 1474.02 873.07
146.89 409.23 121.01 5102.35 1117.35 446.29
104.77 217.68 98.8 3478.83 701.39 292.98
426.83 661.23 720.56 2753.39 1253.15 722.42
365.14 538.08 627.7 2400.57 1385.65 1025.16
443.1 729.23 914.5 4245.3 1715.81 929.48
608.43 921.99 1195.86 3747.67 1794.79 1029.95
290.74 473.71 532.22 2859.2 1082.94 594.48
865.59 1280.34 1952.75 3765.34 3684.31 2143.36
137.74 300.99 175.28 4576.42 940.73 369.36
451.35 714.21 809.05 3588.53 1664.64 1080.3
155.87 313.18 248.87 3939.76 1066.42 456.04
887.1 1284.82 1914.98 3400.76 2691.43 1575.44
378.09 611.13 523.45 3597.65 1316.25 863.28
841.74 1199.32 1479.99 2816.75 2715.22 2381.29
724.97 1101.58 1479.32 3628.6 1940.47 1105.79
453.4 750.14 902.06 4151.81 2004.19 1162.23
338.84 704.31 411.21 5143.41 1600.36 774.09
297.22 481.59 541.54 3058.54 1265.95 684.56
178.56 340.83 268.25 4038.77 1201.92 628.87
469.51 706.18 820.14 3352.32 1880.25 1456.18
563.87 820.95 970.34 2887.03 1969.07 1623.5
135.94 310.1 213.02 3466.41 1050.66 525.61
352.24 625.64 477.15 4914.75 1299.29 569.98
131.1 220.64 101.22 1469.57 379.67 192.44
637.49 945.33 1151.58 3375.48 2177.61 1636.98
855.13 1246.0 1677.23 3028.03 2661.34 1928.51
91.53 206.33 91.49 4234.39 864.35 348.12
254.82 475.11 419.65 4478.08 1404.15 670.99
117.93 253.83 147.18 4619.37 1034.67 454.44
194.43 421.19 262.22 4672.48 1138.08 503.89
516.43 823.43 1040.42 3916.75 1650.68 869.25
76.56 216.69 56.18 4574.21 754.62 280.0
121.76 288.5 97.12 3329.82 731.75 298.1
371.87 583.12 569.39 3153.56 1294.49 799.44
458.27 693.48 805.61 3398.65 1850.18 1410.62
105.65 284.2 121.5 4732.41 1089.43 405.6
641.54 990.32 1150.36 4267.35 2220.77 1379.81
81.53 229.3 75.04 4581.71 1021.6 369.09
770.66 1106.59 1364.99 2716.11 2618.57 2262.81
374.49 620.56 686.67 3668.12 1655.92 944.72
127.11 326.49 109.57 5186.86 1082.11 435.9
704.8 1026.7 1422.5 2666.89 2134.29 1303.86
942.39 1325.79 1675.08 2699.2 2958.49 2688.05
264.55 438.54 427.77 3166.98 1072.71 528.41
321.3 602.48 509.17 4436.33 1461.65 795.73
809.47 1149.99 1442.36 2568.02 2711.91 2375.76
75.85 171.29 68.05 3647.97 746.72 291.68
104.88 286.38 132.76 4510.2 1166.1 447.73
132.51 381.61 95.7 4925.06 1043.78 395.95
101.79 116.2 99.1 468.93 166.26 120.68
213.17 408.67 345.3 4659.51 1258.45 606.83
623.61 1008.11 1134.68 4205.36 2271.08 1343.68
65.18 209.15 81.0 3296.19 821.52 311.96
310.55 526.28 576.26 4174.45 1387.82 719.9
689.46 1030.62 1530.42 3542.08 2281.91 1258.74
695.55 1085.22 1268.1 3695.45 2090.48 1426.39
797.69 1174.43 1629.45 3307.9 2873.07 2017.02
223.29 428.78 191.16 4215.77 885.34 344.35
646.2 947.46 1124.73 3339.59 2291.67 1890.87
313.25 666.17 313.62 5062.54 1429.08 738.59
947.27 1369.64 1921.94 3182.18 2453.97 1507.12
726.39 1038.46 1305.75 2797.26 2494.83 2117.05
481.09 789.9 951.05 4097.94 1967.98 1122.86
476.54 704.41 962.14 2391.33 1436.14 795.83
177.2 335.35 252.87 4650.37 1200.47 634.96
760.44 1159.0 1680.15 3400.49 2412.18 1463.4
814.51 1157.8 1436.61 3038.22 2659.8 2346.57
93.84 132.34 89.93 1530.63 357.7 181.14
554.23 896.04 965.63 4597.55 1892.97 1003.39
147.35 330.73 119.8 4458.81 1009.13 398.74
223.51 434.92 348.71 4288.47 1460.68 801.45
326.18 552.67 488.66 4078.65 1430.55 941.92
722.34 1030.79 1442.95 2387.98 2263.53 1659.26
202.38 368.51 168.51 2995.13 666.88 282.94
243.4 436.87 480.62 4325.53 1342.22 661.7
301.18 558.31 472.06 4779.62 1467.34 729.58
93.86 119.24 96.65 663.45 227.19 137.37
937.7 1312.59 1685.6 2422.57 2978.0 2702.9
582.29 855.72 1027.25 3223.42 2129.11 1743.97
235.6 397.77 394.27 3894.66 1242.78 700.94
402.11 666.57 655.26 3899.73 1778.77 1243.56
285.83 563.33 268.08 5495.99 1209.59 499.93
99.19 185.07 92.06 2711.46 548.85 229.29
152.26 303.8 262.98 4143.01 1144.86 536.96
635.76 960.2 1152.91 3663.81 2287.08 1697.39
121.78 297.01 89.11 4586.71 905.87 351.46
840.18 1214.04 1742.62 3338.8 2274.09 1385.65
100.04 103.62 99.82 181.05 118.53 106.18
74.49 175.3 66.26 3847.32 783.05 302.45
430.92 675.23 856.09 3247.03 1511.21 802.06
435.99 682.58 913.9 4038.12 1731.62 888.45
104.05 125.06 101.49 618.73 202.7 132.74
95.55 214.22 82.1 3749.51 720.99 276.01
107.63 137.19 103.19 802.55 246.53 148.15
787.11 1089.33 1384.38 1945.42 2373.31 2192.76
69.34 190.5 59.45 4603.77 920.94 343.31
155.63 372.89 213.14 4598.96 1265.62 543.03
579.05 899.22 1231.26 3474.18 2512.59 1418.1
864.47 1265.53 1706.46 3400.49 2314.2 1426.3
98.19 106.71 98.18 366.99 155.41 115.61
281.47 511.51 505.67 4181.24 1412.54 656.73
478.51 765.21 976.04 4119.28 1970.71 1124.86
133.52 390.35 95.56 5074.97 1073.11 405.14
305.62 661.18 309.57 5159.02 1419.0 678.4
85.07 174.35 72.08 2950.83 517.1 214.69
331.28 554.51 623.56 4175.28 1437.81 704.31
104.47 244.29 162.83 4347.01 979.25 395.62
558.14 867.69 1012.38 3707.03 2285.86 1640.12
354.25 586.75 587.83 3942.61 1670.0 1117.34
255.62 445.76 365.09 3766.29 1236.08 773.76
858.27 1206.81 1549.03 2456.52 2836.77 2479.24
101.58 235.8 93.37 3137.85 794.65 331.59
482.74 674.05 828.5 1709.14 1577.52 1352.91
894.31 1259.48 1600.31 2561.67 2874.38 2578.21
455.37 685.85 902.17 2890.95 1294.27 726.01
586.13 911.18 989.98 3615.24 2151.1 1699.67
365.98 603.29 559.1 3991.68 1538.62 1037.66
200.76 412.58 219.38 4728.15 1220.41 572.8
304.02 568.02 546.47 4403.74 1434.16 674.89
203.49 382.95 335.15 3134.0 1157.7 688.91
559.35 890.83 946.43 3915.03 2064.4 1536.24
264.09 464.09 357.16 3861.13 1263.07 737.58
89.82 198.83 90.72 2863.99 732.82 291.97
674.08 1010.02 1111.35 3676.64 2261.19 1809.3
932.65 1306.51 1675.34 2443.19 2966.9 2688.18
173.19 362.59 189.19 4493.28 1043.49 501.39
89.42 202.67 90.36 2971.28 757.39 299.42
742.96 1062.73 1373.68 2817.37 2640.9 2155.31
853.24 1205.97 1524.51 2670.78 2771.71 2466.2
199.16 423.31 230.84 5059.19 1249.28 515.19
241.92 472.2 194.96 4113.19 885.8 353.59
409.26 664.01 658.27 4089.65 1764.25 1256.44
285.58 541.97 293.57 5067.28 1200.53 531.95
228.66 417.87 407.36 3197.84 1144.29 578.43
256.02 509.98 437.45 4574.84 1389.86 629.12
181.26 285.48 299.1 2369.31 851.61 484.33
723.32 1075.28 1186.03 3455.24 2308.06 1915.12
263.87 403.16 475.02 2735.65 958.17 507.31
781.03 1179.54 1718.85 3015.63 2377.0 1474.33
651.14 998.53 1318.31 3739.65 2425.69 1541.01
182.39 316.07 155.13 2429.76 556.18 247.21
498.71 838.98 677.87 4738.01 1729.46 1138.57
89.9 229.34 93.65 3611.03 911.82 351.87
820.94 1216.59 1713.62 3522.94 2630.21 1645.55
671.51 1029.64 1434.14 3678.17 2547.18 1540.72
714.95 1052.26 1487.73 3351.49 2483.72 1426.94
263.43 492.56 504.14 4548.94 1649.41 775.1
94.1 129.4 88.96 1227.16 264.91 145.35
227.62 457.03 315.06 4536.8 1184.9 584.04
183.16 422.57 103.27 3761.86 847.75 347.16
399.32 609.22 672.61 3187.55 1606.19 1189.07
123.74 168.86 149.68 1341.11 422.64 262.72
946.56 1395.52 2067.64 3280.63 3422.22 2196.28
852.5 1299.65 1888.22 3610.41 3368.07 2158.88
700.28 1083.9 1443.78 3884.61 2504.05 1501.48
866.65 1312.21 1916.98 3344.3 2626.99 1631.29
170.0 384.08 156.24 5049.85 1180.01 483.85
545.21 767.74 940.69 2046.0 1753.3 1521.16
608.11 902.58 1048.9 3333.18 2236.24 1816.02
103.55 117.28 101.48 426.44 168.09 122.37
97.17 145.43 96.45 1395.15 366.39 177.93
124.35 164.94 118.01 912.94 255.12 148.26
720.65 1016.45 1352.9 2334.21 2374.19 1881.33
628.27 933.03 1099.51 3145.21 2337.58 1896.76
80.64 157.13 74.4 2943.22 618.25 253.6
241.84 463.01 314.89 4674.75 1306.64 700.42
786.74 1216.14 1793.65 3639.33 2709.65 1668.6
696.05 1103.23 1468.61 4098.38 2366.24 1394.68
151.28 301.2 195.44 4054.05 949.51 451.16
297.77 557.26 317.34 5045.88 1229.15 566.87
649.9 971.52 1124.19 3177.02 2328.06 1911.27
655.63 1056.76 1223.36 4128.79 2218.34 1255.78
705.47 1050.84 1530.51 2556.97 2090.71 1304.98
557.69 860.55 881.98 3876.29 1934.34 1432.33
716.26 1070.95 1493.47 3843.77 2341.45 1313.65
163.12 344.82 102.48 2879.24 667.52 287.59
697.47 1022.75 1458.44 3590.91 2161.66 1236.32
219.94 319.8 282.47 1627.73 626.49 428.47
249.67 486.73 329.28 4890.75 1327.67 632.94
628.86 968.17 1058.96 3671.02 2229.25 1800.03
938.77 1389.63 2034.85 3366.82 3384.55 2164.57
153.38 357.78 155.02 5081.55 1154.74 534.19
572.46 920.34 1033.99 4598.08 2034.14 1121.27
224.49 428.0 348.72 4078.89 1397.1 778.0
74.5 194.52 74.32 3862.05 880.82 319.9
544.91 859.75 1141.83 4141.9 2474.72 1363.35
145.76 348.5 142.77 5104.14 1132.62 501.63
188.05 360.43 273.11 4343.05 1044.81 572.34
114.6 266.63 85.4 3639.13 752.14 303.55
948.88 1395.9 2146.99 3685.9 3968.65 2328.01
101.79 139.73 93.92 1099.21 285.39 160.76
789.14 1127.84 1394.83 2823.99 2601.75 2274.96
635.46 943.07 1091.61 3383.88 2254.42 1835.1
859.82 1255.1 1824.61 3082.91 2844.17 1832.02
538.72 878.93 913.79 4583.59 2043.25 1260.06
407.39 590.59 797.47 1863.57 1016.48 602.64
63.31 215.0 79.99 3467.49 860.19 323.32
219.94 387.97 319.81 3036.95 1118.1 675.67
340.03 578.7 498.36 4133.75 1228.38 563.12
54.57 242.4 75.22 4269.91 1041.33 376.54
107.15 258.58 75.75 4088.86 840.06 342.54
84.87 175.35 71.7 2989.36 522.74 216.24
404.78 559.82 795.69 1217.42 1179.0 773.27
648.73 937.75 1130.44 2779.13 2196.01 1865.15
250.87 408.24 458.45 3363.15 1214.25 652.25
110.93 198.9 94.53 2352.35 504.55 226.24
284.56 563.35 273.04 5531.98 1200.89 470.22
288.55 451.03 436.99 2714.62 1124.94 802.06
132.96 385.5 95.64 4991.86 1056.85 400.05
417.12 654.05 852.68 4109.91 1682.39 871.26
69.12 157.76 66.4 3183.22 652.98 260.85
360.56 623.5 632.59 4339.67 1404.68 709.08
193.35 321.29 249.59 2641.0 829.14 486.06
783.14 1101.35 1381.17 2483.35 2473.78 2224.91
326.83 459.6 639.2 1112.31 1074.72 717.19
82.78 231.16 77.83 4585.97 1025.77 371.86
165.63 314.03 272.74 3674.0 1127.11 502.26
87.55 146.15 87.46 1936.72 481.21 207.36
674.03 1017.96 1104.28 3189.1 2211.58 1845.22
487.71 849.51 745.8 5159.14 1766.33 893.12
752.29 1128.72 1242.93 3771.55 2397.65 1933.1
495.37 885.44 841.98 4665.12 2035.51 1114.84
94.04 243.27 102.95 4498.17 1032.52 382.94
775.83 1169.09 1573.92 3554.77 1971.92 1133.3
94.13 110.98 93.61 686.08 205.11 130.58
831.04 1178.9 1504.05 2562.35 2768.49 2391.16
416.46 672.65 672.41 4062.28 1781.33 1276.69
99.37 106.15 99.42 271.94 139.37 111.94
350.7 599.31 633.52 4127.77 1614.43 859.25
337.88 522.56 562.62 3436.15 1488.59 1054.66
266.0 516.17 532.09 4040.06 1339.24 613.8
112.9 247.22 87.1 3226.82 676.16 279.84
643.39 926.11 1138.46 2985.15 2312.22 1929.11
144.31 295.35 246.45 4291.12 1054.89 452.05
551.43 798.67 1104.01 2369.14 1713.07 1041.1
748.49 1106.54 1523.89 3648.83 2126.63 1264.84
134.98 316.32 112.89 4577.42 986.46 382.6
415.85 674.28 848.26 3137.83 1556.75 872.6
195.23 358.76 170.27 3470.16 750.19 295.06
72.18 193.04 64.65 4557.97 920.17 348.37
590.41 930.35 905.87 4094.67 2050.77 1516.59
404.37 582.13 684.23 2376.2 1472.93 1173.58
430.37 649.52 875.95 3103.33 1656.55 912.24
153.79 310.31 241.49 2986.53 993.98 539.08
332.12 550.09 536.95 4202.17 1492.92 981.99
895.61 1264.04 1587.17 2793.33 2821.83 2553.94
117.72 209.56 106.53 2367.6 548.95 243.12
76.43 217.35 55.93 4599.57 758.33 281.02
238.46 416.09 405.58 4026.76 1301.92 776.1
97.11 135.88 90.84 1308.78 301.59 155.45
352.04 506.96 679.46 1553.15 1131.22 718.68
807.24 1152.21 1424.09 2983.43 2653.47 2324.74
446.37 697.0 852.18 3612.81 1545.03 823.81
144.34 333.84 132.78 4703.16 1039.2 410.21
843.01 1269.92 1812.56 3361.73 3235.18 2199.28
75.76 189.84 75.59 3675.98 842.2 309.03
102.75 124.86 98.63 666.07 201.67 131.73
913.09 1347.93 2058.4 3715.22 3833.45 2242.08
345.31 682.9 348.08 5699.29 1336.81 549.34
369.92 528.13 727.27 1742.86 1152.13 727.52
457.39 695.67 910.86 3010.28 1550.44 833.41
163.74 316.13 270.65 4411.28 1209.35 561.68
74.82 270.2 113.13 4294.49 1102.92 436.45
71.9 182.93 62.84 4226.96 852.25 322.96
234.64 439.21 363.67 3257.49 1014.16 520.64
395.46 678.63 804.31 3901.11 1765.12 920.96
767.81 1117.71 1315.13 3234.12 2515.55 2126.02
349.7 592.56 516.13 4210.78 1561.49 998.38
801.48 1141.86 1416.59 2912.14 2630.71 2308.68
457.6 721.93 772.2 3876.56 1879.27 1376.24
523.45 806.77 926.68 3579.79 2062.67 1522.95
154.28 310.54 102.13 2490.17 588.07 261.33
562.2 914.67 1194.99 4162.06 2124.76 1225.32
293.85 558.18 324.96 5038.84 1207.48 509.24
138.19 313.87 254.3 3365.31 1025.34 457.87
100.38 104.36 99.62 192.61 117.06 105.33
86.39 195.3 81.6 3403.27 779.27 298.34
417.6 644.2 721.92 3596.17 1735.6 1299.27
675.58 958.18 1168.38 2432.55 2146.21 1896.74
193.73 335.72 192.39 2918.73 684.62 291.09
817.18 1217.55 1771.39 3383.42 2882.61 1821.09
148.14 318.71 178.32 4767.48 1045.42 479.61
352.07 536.97 588.8 3267.77 1496.97 1084.34
89.35 155.9 82.6 2572.93 545.45 240.26
633.76 932.94 1159.7 3300.08 2320.42 1785.17
87.14 140.31 92.98 1280.55 366.5 178.29
364.99 542.12 634.91 2781.33 1409.0 1003.63
62.83 177.73 61.84 4063.65 816.93 312.09
96.02 163.91 95.01 1921.9 474.73 209.63
286.47 485.61 509.36 4477.43 1437.25 759.94
849.02 1203.22 1492.31 2771.54 2687.28 2408.7
416.34 664.72 655.16 3776.86 1716.06 1203.86
132.39 223.58 174.9 2429.32 724.39 378.75
258.81 509.74 246.32 5139.25 1127.6 430.87
504.66 795.5 858.18 3714.44 2057.38 1544.06
203.1 315.26 294.82 1673.84 685.2 449.92
98.86 179.66 102.2 2233.61 548.09 235.14
115.74 242.38 92.13 3342.51 682.39 281.73
94.04 131.3 90.26 1484.64 349.41 178.53
173.61 442.35 189.6 5052.78 1202.33 498.19
581.97 884.26 1097.92 3345.99 2008.94 1402.72
690.76 1027.99 1451.52 3384.76 2371.89 1461.99
328.09 485.7 537.32 2359.04 1265.47 942.45
248.35 486.15 334.73 4930.46 1309.06 571.85
322.61 588.56 654.07 3960.0 1414.48 675.85
110.57 165.36 103.89 1452.92 367.86 185.39
940.52 1356.37 1962.35 3141.73 3585.82 2448.78
100.98 108.89 99.51 302.51 136.37 111.35
395.1 675.86 776.71 4707.57 2046.14 1065.22
209.59 337.9 279.9 2535.47 817.38 523.28
760.97 1108.35 1401.38 3107.58 2631.19 2093.68
633.15 954.46 1396.88 3642.94 2159.22 1175.91
396.06 653.14 613.26 4245.15 1668.5 1136.2
779.82 1165.48 1589.85 3716.8 2883.56 1787.23
199.01 321.89 302.91 2420.41 769.62 379.14
556.24 922.21 916.36 4096.52 2036.5 1365.82
173.33 386.45 225.85 4399.6 1282.8 634.05
946.42 1355.01 1974.4 3158.92 2459.34 1528.89
239.36 416.76 259.09 3441.77 886.0 436.93
857.75 1253.43 1731.8 3078.36 2920.59 2123.54
851.43 1203.38 1547.32 2567.08 2797.55 2423.69
478.17 816.03 953.19 4133.14 2112.6 1226.29
130.1 289.5 142.52 4622.46 970.45 426.2
496.08 829.28 1043.71 4407.62 1993.36 1129.1
167.07 319.29 278.29 3720.28 1013.13 426.61
306.01 513.6 476.68 3310.26 1385.48 926.09
685.87 1025.16 1187.3 3277.56 2385.83 1984.27
357.48 585.11 682.27 3570.47 1417.5 724.4
96.32 159.11 95.38 1785.31 446.64 201.41
584.74 896.97 998.98 3649.82 2214.8 1744.46
566.24 915.71 835.46 4447.94 1952.4 1389.31
406.18 631.36 806.1 2804.25 1347.41 747.19
234.86 436.33 437.7 4237.37 1325.47 614.31
231.94 456.5 302.65 4452.11 1253.3 698.45
739.66 1074.23 1561.38 2698.04 2419.47 1529.98
626.43 904.42 1106.58 3034.42 2271.4 1882.36
612.24 958.08 1147.96 4216.78 2302.66 1343.91
137.7 339.54 117.16 4654.25 992.98 417.21
65.26 208.89 81.05 3288.58 819.8 311.46
88.8 239.3 64.44 4793.36 882.71 315.28
224.35 394.95 353.75 3418.76 1135.8 549.47
763.06 1130.84 1701.97 3461.8 2445.42 1369.29
102.95 315.73 90.36 4912.49 1201.77 468.22
718.02 1086.47 1199.34 3366.48 2431.61 2014.21
359.75 510.05 692.82 1772.67 1157.84 676.55
154.41 356.94 162.37 5005.69 1130.99 511.83
321.79 529.8 583.96 3793.32 1563.48 925.58
147.61 229.36 135.13 1784.86 425.05 197.52
882.64 1255.25 1808.23 3043.25 2651.53 1773.63
829.23 1287.68 1786.29 3673.09 2598.19 1574.95
105.08 229.69 141.49 3657.02 917.51 364.78
242.41 464.47 376.65 4476.18 1344.58 647.15
823.83 1205.98 1689.93 3637.0 2438.11 1403.13
660.51 1017.06 1313.13 3858.19 1976.37 1134.9
400.06 747.16 502.8 5497.59 1510.19 688.61
491.86 804.59 1008.46 4311.48 2316.31 1250.19
314.01 587.42 361.5 5128.58 1299.55 579.39
110.89 167.37 104.01 1494.38 376.07 188.01
456.1 699.33 817.6 3569.37 1864.78 1382.19
820.94 1179.11 1435.72 3021.37 2655.03 2340.39
349.13 605.43 591.83 4545.6 1595.23 896.46
83.07 218.45 94.99 4215.73 976.61 357.31
287.35 506.88 428.42 4224.03 1354.22 805.68
944.83 1388.68 1940.62 3083.54 2847.23 2081.53
433.87 683.04 909.56 3501.28 1921.55 1141.83
443.61 665.55 909.72 1982.61 1328.98 816.13
826.22 1182.39 1618.87 2987.31 2708.77 1964.94
146.99 282.26 101.85 2169.03 522.5 239.65
96.62 142.03 89.27 1516.16 336.17 164.96
57.45 233.37 76.79 4005.48 981.64 359.0
398.4 696.65 618.58 4250.82 1709.28 1163.98
584.75 932.14 1109.45 3872.61 2231.2 1484.19
588.53 885.17 1204.5 3894.0 1961.31 1076.88
129.6 296.07 113.76 3275.05 743.84 315.88
111.26 270.27 145.47 4538.49 1085.61 418.23
276.91 538.08 513.92 4660.21 1772.97 851.48
491.74 799.44 946.73 3591.19 1483.48 796.22
219.89 393.13 370.79 4075.81 1273.72 738.62
109.0 246.21 150.2 4242.41 988.1 460.24
387.21 683.86 596.45 4288.7 1682.94 1132.05
104.97 130.71 101.83 735.69 225.86 140.12
140.36 309.89 130.9 4218.43 935.41 373.12
150.2 351.37 149.45 5024.41 1135.09 521.61
420.37 696.94 586.96 4421.81 1584.66 1000.03
608.65 928.2 1238.14 3893.56 2245.42 1248.43
343.37 495.31 550.57 1655.5 1119.95 909.5
99.8 103.16 99.75 189.99 118.51 105.41
757.25 1071.72 1352.43 2654.45 2586.2 2242.91
535.29 906.25 778.91 4310.18 1957.96 1420.12
302.6 415.25 480.06 1239.36 927.81 758.76
372.68 629.46 732.81 4209.82 1684.68 887.03
500.25 733.05 1033.45 2212.3 1698.5 1074.96
824.2 1209.13 1655.91 3307.71 2261.94 1368.04
663.61 964.52 1173.46 2974.99 2382.96 1978.69
449.76 772.35 767.28 4335.09 1767.05 1089.99
832.68 1234.67 1777.02 3638.11 2562.89 1437.09
423.11 686.12 681.4 4167.96 1781.99 1280.15
103.1 245.67 140.18 4191.43 1042.14 411.23
157.88 235.86 246.57 1769.81 611.5 307.97
284.63 564.62 277.02 5553.81 1231.46 481.25
400.76 583.93 731.46 2325.4 1461.98 1006.54
85.74 214.87 78.28 4816.19 967.79 385.53
139.49 282.06 141.75 3500.32 807.06 335.84
105.57 148.27 99.26 927.11 261.78 150.73
270.14 491.06 444.47 4345.77 1296.69 592.93
702.47 1014.11 1249.3 2836.3 2497.51 2099.97
90.46 253.12 88.03 4465.36 997.88 362.68
205.35 394.23 321.29 4674.44 1119.59 495.37
550.99 820.77 934.57 2719.68 1890.12 1557.63
145.7 335.53 200.91 4656.72 1176.58 497.06
512.23 781.94 1032.52 3542.11 2180.57 1319.07
92.21 128.88 92.15 1249.54 338.59 167.19
702.62 1066.06 1458.8 3528.48 2370.23 1572.38
554.67 875.85 1112.87 3943.49 2020.87 1185.51
94.05 131.25 90.27 1482.31 348.99 178.4
680.51 1055.21 1315.46 4012.71 1823.48 1001.9
92.24 154.34 89.51 1983.45 487.31 213.09
654.01 1010.83 1446.96 4028.97 3017.24 1681.51
673.81 963.9 1188.56 2662.33 2283.43 1953.48
116.58 168.52 135.48 1241.75 421.51 240.72
806.67 1155.66 1475.18 2951.24 2557.89 2112.43
112.44 242.0 87.56 3115.96 655.74 273.46
798.37 1131.9 1418.61 2621.4 2687.34 2340.79
99.67 102.31 99.55 179.97 116.44 104.8
846.86 1279.15 1877.75 3171.04 2589.45 1606.42
87.36 146.87 87.27 1965.68 487.23 209.06
258.77 431.09 369.07 3225.25 1131.98 709.78
133.1 261.27 113.84 3146.6 735.44 308.8
226.61 540.34 155.99 4809.63 1115.87 451.8
689.87 1008.52 1311.5 3188.08 2396.65 1817.11
156.06 317.38 194.1 4397.75 1020.68 498.16
156.86 369.53 126.97 5137.9 1156.81 451.58
88.79 208.83 89.78 3143.75 796.87 311.4
237.06 459.44 191.71 3975.62 858.87 344.89
409.88 643.71 698.96 3491.58 1625.06 1125.1
246.54 413.09 368.1 3574.99 1136.87 717.82
715.25 1051.98 1347.39 3242.27 2393.52 1876.91
338.39 631.43 493.42 4536.81 1558.77 983.81
410.42 553.48 708.69 1095.02 1224.24 1041.52
504.84 823.19 1030.0 3532.61 2103.29 1264.89
906.24 1280.76 1607.76 2786.99 2878.02 2590.24
309.4 516.05 491.4 4117.17 1350.21 929.15
564.1 850.49 1003.08 3320.72 2158.91 1641.7
668.31 983.23 1156.17 3279.53 2333.11 1929.41
529.88 877.43 817.57 4651.6 1845.35 1125.18
342.19 569.09 523.0 3954.02 1485.51 1000.94
494.46 764.39 819.73 3683.51 1936.65 1451.44
730.73 1090.19 1573.19 3653.92 2370.85 1313.52
876.94 1238.41 1556.99 2797.13 2796.94 2515.59
572.93 846.9 984.01 3358.81 1985.44 1650.53
158.86 256.95 143.52 2064.77 474.9 216.64
725.01 1101.81 1383.09 3934.06 2339.16 1419.22
339.83 557.94 555.2 4017.18 1603.36 1065.46
91.25 145.94 85.69 2132.59 466.13 215.28
120.94 229.48 107.71 2780.0 630.6 269.15
428.17 741.85 652.93 5072.03 1619.69 795.45
929.11 1301.74 1668.81 2444.64 2955.86 2678.01
92.39 206.27 107.21 4034.46 852.77 336.93
94.27 121.24 94.23 945.6 275.51 149.43
107.01 180.01 92.99 1799.34 413.13 197.74
115.0 271.2 85.0 3736.23 770.03 309.13
769.4 1106.54 1495.76 2517.23 2295.39 1667.71
140.84 295.91 134.39 3828.32 871.58 366.89
300.24 525.93 479.13 4258.72 1528.98 950.45
820.84 1270.54 1862.92 3720.9 2784.21 1729.8
246.67 490.94 208.69 4991.45 1033.81 390.72
108.45 132.76 100.33 471.91 175.94 125.1
573.68 872.11 947.28 3716.29 2083.93 1628.15
887.29 1298.83 1943.58 3356.75 2712.85 1547.93
837.83 1216.21 1675.79 3372.36 2598.04 1741.8
734.31 1097.26 1419.98 3276.45 2415.49 1810.79
142.31 298.49 121.0 3794.79 877.03 359.77
141.98 349.7 124.6 4759.77 1025.95 435.85
126.66 277.14 114.63 3886.12 858.56 387.77
92.77 137.93 88.19 1778.09 402.27 195.18
100.93 209.35 108.8 3240.64 786.8 329.88
364.24 574.29 651.45 3992.74 1614.19 1007.62
399.92 679.75 531.5 4688.48 1495.45 889.95
599.59 916.73 1103.72 3870.79 2172.46 1553.61
435.67 677.18 727.44 3832.0 1667.22 1279.15
333.79 481.11 589.0 1898.98 1016.38 663.98
567.53 873.18 1159.35 3480.1 2072.8 1340.84
98.44 108.17 97.45 461.65 165.14 120.51
810.25 1152.42 1434.7 2928.5 2640.54 2337.47
584.54 909.16 1166.19 3911.14 1919.85 1073.62
683.68 1034.9 1469.92 3486.97 2561.35 1563.8
134.47 267.98 114.42 3273.38 761.88 317.49
310.06 537.3 560.11 4168.64 1554.61 825.23
135.91 322.08 113.23 4696.56 1010.05 390.12
854.44 1217.86 1512.95 2900.74 2781.35 2459.78
85.27 193.05 91.83 3395.21 806.16 315.11
183.51 345.84 245.34 3638.83 976.4 467.68
297.43 547.58 573.03 3944.3 1662.8 939.73
104.54 112.1 103.35 251.47 128.9 108.99
118.01 169.88 100.71 893.26 261.98 153.54
100.0 100.01 100.0 100.31 100.06 100.02
216.2 449.5 329.85 4535.76 1423.67 709.89
556.88 850.32 961.97 3600.34 2154.61 1673.19
592.56 900.61 1145.11 3584.85 2113.75 1489.98
342.61 556.87 598.48 4296.01 1547.93 943.9
215.05 379.69 380.54 3755.39 992.27 467.94
576.66 856.7 985.15 3232.07 2094.09 1689.83
575.05 906.18 1062.54 4391.74 1891.24 989.43
518.71 756.62 918.65 2639.63 1766.52 1338.78
549.8 843.2 924.64 3561.92 2026.4 1597.75
66.21 163.2 63.24 3473.27 704.99 275.98
866.77 1306.35 1930.29 3288.87 2631.54 1637.54
853.03 1272.2 1908.56 3812.62 3621.42 2102.19
465.59 825.56 642.09 4443.01 1803.97 1224.57
439.96 627.73 747.84 2313.84 1554.9 1268.81
360.16 556.47 605.21 3555.63 1579.55 1129.77
255.56 431.59 418.75 2940.13 900.5 451.89
210.49 417.9 268.05 4571.5 1223.79 598.96
350.76 583.74 680.11 3938.84 1617.24 808.43
476.31 740.44 876.61 3753.51 1633.69 1115.58
963.34 1381.2 1941.13 3074.09 3497.72 2550.71
74.16 181.0 85.9 2471.94 635.45 257.3
386.73 664.47 732.58 4543.91 1780.7 967.85
91.47 144.77 86.06 2080.44 456.73 212.32
234.7 407.27 383.68 3955.68 1307.46 812.6
259.44 505.93 242.67 5042.24 1118.46 450.92
578.73 888.12 1051.37 3741.85 2201.35 1567.27
924.29 1322.84 1827.07 2947.59 3311.03 2491.9
693.33 1033.98 1465.61 3669.23 2383.81 1467.54
559.99 887.32 1181.69 3857.31 2312.37 1341.88
586.35 884.14 1152.41 3877.17 2198.98 1444.25
125.99 324.14 101.78 5167.33 1091.85 459.25
570.62 877.9 1069.9 3723.17 2362.14 1638.69
394.02 739.23 485.11 5468.51 1507.07 708.1
134.56 234.05 101.36 1621.79 410.75 202.72
574.27 848.97 1231.75 2224.26 2140.7 1390.89
89.32 232.79 66.11 4573.92 846.12 305.22
735.61 1082.01 1530.42 3675.02 2296.67 1313.02
502.06 745.36 872.86 3395.64 1972.12 1539.59
77.49 170.55 87.72 2165.87 566.36 237.0
162.14 416.68 154.23 4851.05 1121.89 483.78
881.23 1264.21 1720.93 2954.43 3177.48 2382.37
416.36 635.76 711.8 3644.57 1765.89 1303.38
107.38 208.68 126.92 3456.22 802.29 371.14
784.9 1114.69 1396.2 2660.62 2655.88 2313.54
631.12 953.93 1055.99 3669.52 2111.55 1605.13
717.53 1081.31 1385.45 3982.75 2019.61 1158.46
622.9 978.44 1255.89 3897.96 2631.8 1601.76
386.67 648.46 759.75 4233.32 1890.3 1021.88
968.6 1392.33 1984.47 3121.52 3584.97 2538.26
148.82 337.89 120.42 4594.16 1037.36 408.01
835.19 1241.59 1701.34 3493.92 2522.75 1568.68
129.75 215.4 101.17 1410.03 367.51 188.42
297.14 539.55 406.75 4665.86 1487.01 856.65
765.42 1093.87 1468.73 2812.5 2243.89 1683.42
461.6 704.8 790.02 3526.86 1851.13 1392.13
151.32 215.48 203.18 1093.57 403.43 232.81
944.8 1326.81 1679.13 2682.24 2945.33 2690.29
127.24 345.81 147.2 4866.47 1248.61 502.32
964.6 1416.81 2183.19 3669.1 4018.45 2360.42
107.94 190.64 92.06 2025.16 454.74 210.72
133.14 253.28 135.89 3011.75 722.2 359.52
482.8 671.98 816.27 1859.07 1506.95 1316.37
962.0 1398.0 2014.0 3173.0 2939.0 1816.0
69.0 191.5 59.0 4653.5 930.0 346.0
134.0 394.5 95.5 5146.0 1087.0 409.5
969.0 1403.0 2079.0 3181.0 3518.0 2279.0
155.0 368.0 123.0 5163.0 1156.0 447.0
89.8 263.8 87.2 4769.8 1060.5 381.0
971.0 1390.0 2115.5 3245.0 2879.5 1707.0
122.0 299.0 89.0 4632.0 914.0 354.0
72.0 203.8 71.8 4231.5 957.5 341.5
907.5 1325.5 2047.5 3151.5 2757.0 1579.5
948.0 1357.0 1978.0 3155.0 2462.0 1531.0
56.8 180.8 53.0 4412.8 873.5 325.0
119.5 322.5 80.5 4825.8 970.8 371.8
948.0 1376.0 2046.0 3146.0 2970.0 1921.0
911.0 1341.0 1922.0 3127.8 2196.5 1320.8
985.0 1493.5 2276.8 3372.5 3183.8 2033.8
76.2 218.5 55.5 4643.8 764.8 282.8
962.5 1390.0 1954.5 3151.5 2480.0 1527.0
959.5 1435.2 2145.2 3160.2 2832.8 1787.8
88.5 243.0 63.5 4918.0 903.5 321.0
978.0 1422.0 2105.0 3266.0 3199.0 2037.0
79.2 209.2 66.0 4931.0 970.2 374.0
222.2 574.0 104.8 5481.0 1198.8 463.2
992.0 1434.0 2127.0 3253.0 3849.0 2515.0
980.5 1432.2 2016.0 3245.2 2807.8 1800.2
966.0 1422.0 2112.0 3259.5 3477.0 2237.5
109.2 304.0 68.8 5231.2 1052.0 412.0
978.0 1434.0 2220.0 3640.0 4073.0 2397.0
81.5 229.5 75.0 4588.5 1023.0 369.5
937.0 1353.0 2081.0 3198.0 2826.0 1629.0
924.0 1316.0 1970.0 3207.0 2671.0 1584.0
102.5 315.2 89.5 4914.0 1200.8 467.0
980.0 1467.0 2194.0 3388.8 3736.5 2446.5
955.0 1376.0 2056.0 3368.0 3193.0 1885.0
977.5 1462.0 2197.0 3231.5 2940.0 1846.5
939.0 1381.8 2053.5 3176.2 3230.8 2074.0
265.0 540.0 222.0 5608.0 1151.0 427.0
83.0 265.0 84.5 4714.5 1156.5 420.5
245.0 494.0 207.0 5231.5 1090.0 397.0
304.0 635.0 236.5 5868.5 1229.5 464.5
138.0 335.0 114.0 4964.0 1063.0 407.0
53.8 244.8 74.8 4340.2 1057.2 381.2
881.0 1230.0 1585.0 2295.0 2884.0 2584.0
943.0 1319.0 1696.0 2407.0 2991.0 2718.0
1010.0 1410.0 1801.0 2535.0 3109.0 2871.0
100.0 100.0 100.0 100.0 100.0 100.0
