1150.79 1606.64 2039.61 2813.15 3397.78 3114.47
478.95 648.87 847.55 1178.13 1313.99 1116.12
971.93 1353.66 1723.44 2363.94 2896.83 2674.79
221.11 274.13 325.49 414.45 488.47 457.63
908.51 1280.29 1616.5 2710.46 2891.76 2561.13
659.82 1006.16 1328.22 3704.42 2277.62 1452.17
360.29 507.4 570.69 1639.37 1089.28 901.02
308.72 408.74 533.37 747.06 811.37 645.8
691.98 1041.82 1354.06 3635.93 2625.95 1885.43
520.38 796.88 872.4 3940.17 1996.66 1506.79
1077.12 1519.02 1924.43 2885.71 3263.84 2949.68
962.68 1400.38 1945.96 2975.7 2944.8 2239.23
1073.25 1509.94 1941.6 2888.16 3282.95 2914.81
1116.02 1561.92 1995.14 2758.58 3361.69 3091.26
364.9 479.01 583.35 771.42 917.33 862.06
899.05 1260.3 1589.64 2508.08 2738.17 2485.28
372.3 632.67 571.22 4586.28 1656.04 1114.85
937.94 1298.88 1628.94 2223.86 2685.4 2510.58
705.33 1034.87 1240.01 3232.06 2242.48 1805.05
901.88 1283.59 1654.91 2994.14 2909.66 2484.42
960.76 1380.76 2070.67 3140.28 2896.89 1820.88
188.42 342.88 238.22 3099.16 867.47 480.0
1074.49 1531.11 2034.43 3014.12 2921.34 2395.28
200.14 397.18 239.81 4463.42 1110.87 572.52
142.93 236.4 155.36 2187.9 583.53 305.56
806.23 1162.27 1465.24 3512.64 2595.12 2099.08
1013.41 1413.31 1800.69 2471.66 3029.9 2797.3
403.67 536.62 665.4 888.47 1074.06 996.73
693.19 948.71 1182.36 1603.51 1930.24 1806.48
687.07 940.82 1175.01 1595.0 1913.76 1784.72
1022.68 1439.06 1961.45 2842.72 3123.16 2519.42
135.04 150.13 163.93 188.81 208.11 200.8
796.66 1101.66 1397.11 1908.86 2334.64 2157.23
830.48 1186.01 1465.28 3152.37 2715.82 2349.01
1032.67 1455.01 1987.1 2955.45 3059.35 2428.55
1021.43 1455.2 1752.4 3372.37 3050.16 2722.91
231.39 288.91 344.64 441.15 521.45 487.99
1039.08 1475.85 1881.02 3267.09 3188.76 2693.09
1108.92 1552.13 1994.63 2766.08 3332.79 3033.77
1002.55 1445.53 2032.65 3131.72 3035.03 2056.56
998.26 1431.29 1888.27 3015.39 3052.95 2556.6
174.12 206.57 238.0 292.45 337.75 318.87
1023.56 1475.05 2142.46 3347.69 3821.48 2599.04
633.49 926.62 1123.88 3085.33 2153.48 1713.93
1035.81 1451.53 1922.31 2740.49 3185.08 2725.86
1003.83 1429.09 1887.54 3075.13 3159.79 2560.75
140.7 246.21 176.3 2855.62 662.38 368.09
742.45 1133.97 1220.46 3689.23 2489.18 2025.46
890.4 1235.84 1579.71 2190.74 2551.52 2300.65
1005.39 1407.97 1811.55 2527.1 2962.38 2676.46
971.78 1387.47 2019.13 3023.17 2957.12 2035.29
291.21 483.11 458.33 3879.07 1262.28 853.82
144.52 164.01 182.89 215.6 242.81 231.47
922.91 1306.88 1620.15 2917.48 2897.46 2549.68
523.56 708.59 893.61 1228.0 1505.32 1370.23
828.07 1190.14 1436.17 3360.69 2664.29 2302.97
802.44 1109.29 1416.15 1970.7 2430.61 2206.57
1119.32 1567.16 1989.51 2864.45 3271.75 2971.52
266.26 541.48 224.65 5603.23 1154.36 431.04
1019.87 1430.16 1842.01 2716.27 3179.33 2815.72
990.7 1380.65 1758.39 2412.67 2957.03 2730.22
466.12 736.12 747.61 3984.06 1761.72 1305.06
648.3 892.08 1101.33 1748.46 1843.45 1696.08
866.99 1263.93 1443.26 3743.74 2660.09 2263.62
303.25 538.32 493.46 4239.72 1633.79 996.41
744.84 1095.96 1448.04 3377.11 2568.7 1904.21
705.45 1029.07 1304.88 2842.53 2305.71 1810.99
162.42 377.29 137.09 5147.24 1172.68 467.03
991.01 1393.84 1757.4 2820.65 3093.56 2761.98
576.35 781.54 969.17 1307.37 1569.75 1470.36
905.56 1256.79 1598.49 2202.48 2595.49 2366.48
1037.19 1486.99 2009.95 3045.81 3036.65 2330.68
954.98 1335.85 1702.22 2571.36 2977.88 2676.93
703.5 1073.49 1326.41 3787.15 2683.67 1899.25
969.12 1358.76 1727.73 2641.38 3035.17 2723.39
1108.24 1560.34 1941.72 3110.03 3280.53 2991.89
562.16 957.65 800.04 4600.87 1999.83 1437.2
1056.72 1498.22 2033.98 2932.84 3435.47 2761.47
433.69 577.43 708.87 945.79 1129.59 1059.97
1011.96 1415.94 1809.67 2692.29 3162.75 2847.58
467.05 627.4 787.74 1077.52 1317.84 1200.77
870.48 1243.9 1797.36 3210.09 2610.53 1676.06
963.86 1353.34 1720.79 2695.38 3017.84 2694.41
1019.65 1448.48 1845.78 2971.43 3143.19 2780.49
1063.75 1520.57 2113.79 3138.66 3320.66 2499.46
979.31 1397.89 2090.72 3180.3 2918.69 1837.67
1115.23 1560.93 1993.91 2762.16 3360.91 3091.76
1056.19 1555.44 2230.45 3230.12 3292.69 2430.58
1065.41 1500.2 1993.61 2880.81 3081.64 2606.04
926.63 1392.16 2011.02 3330.47 3024.97 2109.81
1208.54 1687.14 2127.31 2923.38 3520.21 3276.63
1090.94 1558.63 2120.63 3086.3 3504.43 2776.64
944.58 1315.87 1680.13 2317.79 2797.27 2559.74
432.79 654.39 720.5 2897.94 1451.26 1083.19
230.56 359.12 337.73 2613.42 852.79 594.72
1085.06 1510.28 1901.22 2607.66 3134.79 2921.35
930.71 1339.77 1630.36 3263.72 2929.67 2589.22
138.86 155.6 170.9 198.49 219.9 211.79
339.41 537.08 527.65 3580.43 1336.08 939.38
1038.06 1452.25 1867.09 2678.79 3213.58 2880.94
980.07 1364.53 1748.98 2443.77 3019.99 2739.29
1077.33 1521.63 1877.42 3200.91 3228.28 2946.46
412.16 637.22 632.57 3247.37 1487.29 1088.37
620.41 927.37 1024.28 3631.29 2074.43 1691.36
1034.95 1444.9 1859.45 2609.8 3201.54 2881.67
433.24 576.78 708.03 944.63 1128.17 1058.65
483.36 665.45 884.55 1333.86 1197.64 883.44
741.45 1056.21 1439.03 2220.6 2118.2 1539.16
876.55 1220.76 1584.68 2236.32 2691.82 2371.42
875.36 1267.27 1559.7 3467.35 2838.82 2381.33
766.44 1163.1 1235.26 4103.91 2443.91 1964.76
1066.88 1550.88 2169.66 3212.69 3659.55 2765.74
844.38 1236.59 1633.69 3311.28 2714.44 2104.76
166.56 195.23 221.45 268.7 305.36 291.48
463.85 623.15 777.45 1044.73 1267.1 1174.45
240.43 432.25 371.2 4267.11 1388.78 792.8
1047.21 1484.18 2017.07 2889.43 3161.4 2584.28
833.46 1155.9 1479.87 2045.45 2449.62 2225.63
995.55 1399.24 1819.38 2522.03 2969.78 2645.25
790.7 1183.77 1624.63 3389.65 2799.25 1918.42
1017.8 1427.8 1862.85 2744.67 3097.82 2694.02
979.15 1382.2 1741.97 2824.61 3084.54 2752.58
703.24 966.76 1230.28 1706.52 2101.48 1909.08
531.54 720.06 908.57 1249.26 1531.81 1394.17
1089.24 1524.11 1905.29 2837.72 3200.89 2961.06
1163.52 1633.4 2062.79 3046.99 3431.71 3101.57
820.2 1180.67 1443.67 3282.73 2694.39 2320.52
601.61 836.52 1153.32 1746.05 1823.89 1338.67
839.25 1190.17 1464.1 2542.83 2617.78 2316.67
1032.86 1475.56 1795.51 3285.1 3124.11 2810.71
1049.36 1513.15 2117.76 3143.95 3495.3 2597.18
170.81 201.74 232.67 288.57 334.93 312.34
974.98 1367.95 1739.82 2807.82 3075.67 2750.01
352.65 463.26 570.41 756.0 910.41 846.08
1072.85 1508.42 1908.68 2820.76 3255.04 2981.02
980.37 1359.6 1706.36 2331.41 2816.33 2632.66
694.46 1012.21 1195.72 3234.79 2329.39 1947.98
1042.0 1457.17 1889.4 2659.27 3224.22 2872.13
1006.02 1473.45 2103.66 3042.33 2988.98 2170.1
852.75 1243.56 1641.7 3259.63 2960.22 2318.13
787.28 1089.62 1392.0 1911.53 2305.75 2101.97
859.72 1199.86 1544.47 2133.3 2453.94 2189.7
202.17 246.8 291.43 372.08 438.97 406.39
941.43 1358.45 2081.77 3193.5 2837.36 1655.91
1114.83 1560.06 1989.57 2761.9 3361.05 3098.71
1078.67 1545.2 2119.79 3103.33 3501.73 2723.66
982.26 1430.32 2067.1 3137.67 3433.45 2375.21
947.97 1369.14 1823.89 3081.62 2637.37 2058.54
1028.92 1434.7 1840.49 2573.85 3182.04 2885.77
1092.7 1547.8 2097.07 3009.79 3227.75 2625.31
899.78 1244.29 1559.31 2127.14 2567.67 2400.81
938.21 1299.27 1629.43 2224.54 2686.23 2511.36
870.43 1254.48 1583.35 3246.08 2727.48 2279.45
292.34 375.19 450.95 587.5 693.44 653.31
790.22 1133.61 1395.85 3155.32 2654.13 2257.11
1057.33 1515.65 2057.85 2912.32 3161.25 2591.78
987.71 1376.35 1752.82 2404.91 2947.45 2721.39
983.03 1407.57 1673.9 3466.18 2953.01 2611.85
987.69 1432.33 1998.76 2945.67 2996.25 2285.74
104.41 106.31 108.05 111.19 113.62 112.7
768.94 1118.09 1596.58 2393.7 2684.71 1919.78
527.12 797.22 926.83 3140.4 1820.49 1322.89
601.06 846.69 1034.51 2164.21 1872.48 1634.15
506.36 716.25 1023.27 1539.43 1595.54 1088.59
956.47 1383.24 2030.67 3101.63 2993.68 2009.78
502.85 750.35 959.83 3014.73 1784.94 1278.83
906.53 1281.83 1592.36 2772.05 2790.38 2503.36
1045.65 1490.91 2022.74 2927.04 3315.3 2684.0
352.34 636.4 512.98 4277.2 1507.75 976.93
987.78 1407.95 1887.08 2851.11 2803.69 2262.24
716.9 998.82 1333.01 1913.02 2158.99 1794.07
657.44 996.89 1076.55 4096.08 2284.95 1802.7
373.22 623.18 625.41 4219.42 1713.04 1117.77
1120.83 1560.56 1962.65 2687.42 3249.71 3036.73
567.86 883.44 877.99 4188.12 1957.11 1420.53
366.15 610.28 613.86 4162.15 1686.87 1093.7
980.08 1391.1 1740.81 3017.57 3073.81 2749.18
848.83 1171.4 1466.35 1998.01 2410.47 2254.24
1035.84 1447.92 1850.57 2675.76 3213.97 2904.11
1024.79 1454.15 1999.04 2983.63 3539.45 2755.73
1037.37 1499.23 2075.68 2962.91 3094.21 2427.69
828.64 1198.24 1458.41 3323.36 2718.8 2339.87
257.25 482.75 344.91 4658.82 1349.22 739.38
510.14 804.38 876.6 4065.76 2017.16 1415.55
679.73 929.46 1157.81 1569.41 1888.73 1767.78
1073.77 1534.19 1921.65 3233.55 3241.66 2804.93
568.78 778.29 990.59 1369.68 1574.95 1417.47
475.07 657.85 897.47 1307.86 1430.6 1090.21
909.23 1297.93 1663.75 3226.89 2909.54 2451.32
215.71 432.48 263.18 4789.04 1245.78 621.09
1085.05 1521.14 1935.19 2807.14 3290.5 3020.75
336.25 439.69 539.88 713.43 857.82 797.66
962.84 1351.7 1705.31 2638.03 2915.64 2654.14
1047.95 1480.57 1955.0 2918.19 3185.6 2709.25
246.34 434.04 376.76 3733.42 1257.47 747.67
361.75 474.5 577.6 763.43 907.6 853.0
926.98 1344.57 2024.6 3080.2 2824.68 1766.74
759.74 1057.09 1326.22 2040.82 2257.37 2060.92
978.58 1410.62 1988.76 3070.72 2997.96 2029.42
1130.82 1591.23 2114.83 3001.0 3322.89 2806.04
745.38 1051.24 1448.3 2203.34 2254.49 1743.4
1088.85 1546.12 2037.15 2983.78 2993.51 2512.94
329.63 430.16 527.54 696.22 836.56 778.09
551.61 749.33 940.85 1272.59 1548.6 1433.59
561.98 764.24 960.17 1299.53 1581.87 1464.23
1120.34 1567.05 1999.77 2749.29 3372.89 3113.06
632.28 1034.43 1006.13 4356.78 2173.41 1552.77
394.08 650.31 612.36 3436.73 1498.98 1076.95
747.16 1030.49 1304.94 1780.33 2175.85 2011.05
982.21 1379.46 1739.12 2681.71 2981.19 2717.05
1027.92 1463.47 1973.69 2986.2 2849.4 2182.43
1164.33 1628.31 2050.21 2897.14 3395.5 3146.29
772.98 1062.87 1327.95 1805.76 2176.44 2036.03
605.37 858.15 1214.61 2035.35 1781.53 1211.04
752.67 1115.41 1379.5 3501.42 2490.02 1987.21
645.55 901.87 1212.17 1751.45 1991.95 1608.21
877.57 1243.11 1510.12 2806.26 2626.61 2370.83
990.25 1421.16 1962.64 3081.39 2636.68 1805.0
1201.13 1677.25 2122.78 2928.24 3486.98 3226.2
505.92 834.95 797.99 4863.99 1935.88 1133.57
371.03 615.54 555.52 4200.88 1505.28 1025.14
425.04 582.51 778.3 1087.18 1167.52 939.38
448.2 753.73 609.42 4839.01 1610.56 1005.19
1027.95 1474.11 2094.35 3200.69 3730.6 2660.67
872.76 1252.81 1679.21 3280.7 3107.49 2379.7
577.31 782.91 970.91 1309.79 1572.7 1473.12
902.32 1254.39 1610.16 2251.29 2773.07 2501.61
878.69 1296.03 1904.47 2779.91 2629.11 1760.08
982.92 1413.65 2044.81 3086.32 3472.29 2394.13
995.47 1450.37 2193.25 3531.42 3987.75 2484.7
865.52 1222.56 1528.02 2832.9 2705.0 2414.87
675.23 986.91 1181.54 3387.86 2389.47 1950.84
253.71 422.93 297.48 3118.15 889.78 485.2
525.86 711.89 897.92 1234.13 1512.95 1377.13
301.06 500.12 491.95 4096.85 1435.4 953.82
1035.56 1449.87 1878.72 2705.95 3272.12 2891.05
297.55 383.85 470.15 626.11 755.45 692.45
1006.77 1423.96 2008.88 2966.57 3048.14 2269.3
719.2 1042.17 1287.17 3191.8 2469.99 2029.17
908.03 1309.73 1575.44 3005.37 2792.92 2464.89
869.31 1233.72 1541.47 3003.65 2790.51 2454.3
577.94 892.9 1057.06 3499.19 1836.35 1201.91
582.08 901.95 947.87 4018.22 2054.83 1611.22
902.0 1262.44 1641.09 2307.43 2674.22 2326.34
1030.19 1454.41 1964.35 2842.75 3455.87 2800.79
604.91 832.57 1074.48 1489.39 1771.13 1554.85
509.86 807.81 996.01 3712.2 2171.56 1331.1
283.36 489.05 311.71 3301.54 926.35 511.6
838.27 1156.29 1447.08 1971.24 2377.89 2223.86
851.08 1179.18 1507.29 2100.25 2592.01 2352.45
638.88 989.01 999.02 4360.13 2122.39 1601.05
696.82 989.08 1384.25 2178.06 2189.11 1576.95
1004.92 1424.75 1862.4 2928.79 3064.64 2578.93
707.98 1063.35 1278.33 3525.36 2370.82 1844.65
634.03 897.06 1229.61 1751.05 1836.55 1437.47
754.35 1095.37 1443.72 3002.03 2534.57 1950.94
883.95 1284.87 1784.49 3550.59 2954.44 1930.71
799.84 1150.29 1382.57 3544.13 2593.09 2234.16
806.58 1115.93 1415.59 1934.63 2366.47 2186.54
655.36 963.09 1141.69 3539.19 2281.28 1853.56
1034.5 1459.9 1925.42 2720.82 3180.2 2750.1
694.54 1010.72 1201.7 3341.68 2301.43 1944.98
462.05 618.01 760.61 1017.66 1217.09 1141.55
986.04 1375.58 1762.38 2508.66 3053.58 2758.93
847.79 1175.18 1492.32 2041.63 2498.65 2308.22
623.68 947.66 1074.38 3657.66 2329.08 1832.25
787.14 1133.63 1359.57 3563.41 2564.2 2201.36
1104.04 1545.73 1980.38 2732.11 3332.91 3050.81
939.05 1306.4 1662.23 2278.58 2791.38 2577.71
960.92 1349.94 1714.77 2775.41 3014.14 2695.98
482.82 651.72 828.71 1153.0 1257.94 1109.22
249.39 314.64 379.9 497.84 595.65 548.0
1089.3 1535.7 2039.98 2949.78 3481.52 2886.43
157.29 370.86 127.34 5158.15 1161.13 453.17
73.65 167.57 75.6 3296.96 688.52 282.35
1042.51 1451.6 1835.83 2525.06 3028.69 2794.69
329.9 428.93 519.49 682.71 809.34 761.38
360.86 497.52 610.75 1290.74 1020.74 800.56
809.63 1120.31 1421.26 1942.53 2376.23 2195.52
1020.81 1469.5 2018.46 2940.44 3418.06 2706.23
1040.79 1472.82 2062.22 3015.15 3110.05 2362.13
1046.55 1498.58 1784.15 3456.04 3111.63 2782.51
884.08 1292.44 1468.66 3849.8 2706.87 2304.5
662.52 978.15 1132.18 3465.92 2275.79 1865.48
1037.51 1453.14 1917.24 2727.26 3193.09 2752.59
570.31 853.99 1090.66 3337.29 1934.55 1376.03
799.46 1139.22 1395.54 2786.26 2502.27 2183.28
967.44 1368.3 1718.59 2967.73 3021.11 2708.99
155.7 180.09 203.71 244.63 278.67 264.49
682.8 1013.48 1250.19 3690.96 2313.36 1729.77
1161.76 1623.02 2066.88 2872.08 3353.25 3064.35
1000.69 1419.9 1829.39 2978.19 3099.33 2690.21
1020.67 1424.31 1828.77 2574.26 3157.14 2852.35
997.72 1408.76 1771.44 2974.34 3067.0 2780.81
426.61 569.28 711.96 969.8 1183.64 1079.47
982.38 1393.4 1944.97 2978.04 2728.28 2008.96
786.33 1086.15 1385.96 1927.8 2377.17 2158.26
967.06 1355.59 1737.26 2693.72 3002.9 2661.28
1034.8 1444.06 1840.5 2527.18 3098.49 2860.44
1029.41 1455.28 1920.3 2812.3 3120.37 2608.59
1040.69 1470.38 1921.01 2793.08 2999.42 2524.65
823.12 1173.94 1427.55 3074.15 2586.15 2262.1
1077.89 1513.92 1918.24 2848.06 3273.59 2996.23
534.89 724.87 914.84 1258.18 1542.91 1404.21
965.19 1343.97 1710.89 2346.44 2875.21 2654.89
971.09 1385.16 1981.07 3101.09 2583.83 1742.37
810.58 1177.27 1637.83 3426.13 2475.15 1601.18
647.92 978.52 1135.15 3610.52 2379.0 1863.98
351.61 461.76 568.47 753.29 907.07 842.99
246.04 309.84 373.63 488.93 584.54 537.96
299.44 491.96 523.5 3011.31 1296.75 726.57
783.84 1122.02 1538.89 2373.44 2059.23 1519.61
1155.35 1612.39 2049.35 2827.06 3361.35 3086.06
350.27 501.29 544.96 1606.13 1027.24 857.19
927.23 1289.73 1651.34 2337.85 2853.02 2581.62
771.64 1067.72 1375.06 1925.33 2331.07 2080.64
854.18 1216.07 1510.78 2845.09 2769.7 2416.84
988.9 1405.18 1951.82 2853.62 3039.74 2361.75
1028.84 1439.98 1895.11 2726.88 3154.45 2719.82
512.98 770.21 847.82 2714.96 1697.87 1384.58
777.67 1074.36 1361.75 1859.55 2273.72 2101.15
947.58 1343.36 1659.66 2720.13 2877.28 2603.09
1069.94 1540.03 2104.55 2984.35 3303.21 2709.05
949.18 1371.56 1599.74 3664.93 2870.47 2501.92
428.55 572.08 715.6 974.99 1190.1 1085.31
877.38 1251.12 1545.74 3071.77 2837.67 2467.86
922.27 1331.56 2007.69 3193.46 2814.34 1705.1
1024.8 1432.15 1832.47 2664.95 3186.11 2878.81
1064.24 1502.35 2019.81 2961.96 3312.77 2694.45
383.09 507.03 627.08 835.03 1008.05 935.96
1087.95 1520.98 1939.5 2677.48 3271.92 3018.38
324.13 532.08 582.21 4375.27 1524.28 889.83
252.21 366.07 394.56 1720.23 797.2 541.28
421.4 682.45 667.44 3855.3 1666.42 1196.19
494.73 795.23 726.01 4424.44 1760.71 1188.7
599.99 831.53 1063.21 1687.12 1759.31 1523.65
1113.51 1558.79 1986.95 2766.9 3359.02 3095.54
623.57 930.28 1059.89 3787.74 2225.58 1774.19
888.27 1261.68 1788.03 2803.5 2386.86 1648.79
924.77 1285.06 1645.36 2296.49 2836.5 2573.44
369.81 499.42 602.74 1203.94 1042.81 924.43
983.65 1388.25 1707.02 2968.64 2940.85 2666.42
395.88 624.07 580.07 2564.06 1311.57 986.25
102.35 235.14 120.56 4593.19 1007.51 433.78
1014.2 1449.58 2049.08 3132.26 3660.27 2674.5
1106.42 1548.41 1975.68 2746.61 3327.57 3061.27
652.91 960.32 1129.8 3574.92 2282.09 1863.66
919.85 1328.73 1591.97 3443.95 2917.42 2553.29
252.11 378.25 387.15 2601.85 1007.71 700.52
151.06 301.03 167.36 3561.18 867.55 379.37
749.18 1060.49 1308.37 2495.04 2368.81 2077.26
535.02 849.58 800.95 4410.26 1846.51 1296.87
937.42 1338.49 1640.19 3416.52 2922.27 2562.55
838.02 1155.92 1446.62 1970.6 2377.1 2223.13
726.0 1076.48 1327.4 3376.6 2451.13 1913.71
1048.95 1475.83 1989.66 2917.78 3117.51 2555.03
711.32 984.66 1272.17 1775.26 2135.91 1896.19
935.0 1307.5 1727.95 2457.26 2862.59 2453.35
509.34 740.34 853.73 2586.91 1710.19 1405.39
665.36 919.53 1209.34 1692.02 1919.0 1643.03
821.53 1199.85 1725.71 2507.22 2419.06 1703.48
903.97 1255.95 1596.91 2187.49 2678.85 2474.12
1088.37 1524.35 1968.13 2727.31 3273.05 2956.42
952.67 1325.15 1697.63 2370.79 2929.06 2657.1
712.47 1056.82 1332.02 3250.83 2481.3 1929.16
533.7 723.57 907.5 1226.09 1491.15 1380.71
575.01 802.97 984.41 1836.83 1711.76 1499.89
1035.6 1471.31 1967.88 2794.45 3236.9 2746.3
112.34 152.54 128.98 1149.43 370.64 215.66
855.02 1220.02 1503.71 3050.63 2760.78 2403.78
821.69 1132.57 1416.83 1929.22 2326.74 2176.17
1041.95 1475.64 2035.37 2943.03 3139.15 2476.62
311.78 519.8 611.52 3961.54 1472.77 720.23
990.48 1462.54 2140.24 3123.8 2995.86 2043.9
1006.25 1402.14 1798.02 2513.48 3106.84 2817.79
964.32 1351.48 1721.52 2576.25 2927.2 2655.11
926.6 1293.82 1685.28 2385.3 2861.41 2508.33
1046.93 1481.01 1914.72 2887.76 3097.43 2718.56
1040.23 1450.97 1861.7 2603.99 3219.59 2919.71
1000.19 1401.28 1745.5 2794.76 2962.19 2722.3
1061.59 1481.9 1854.75 2697.92 3100.85 2876.91
924.08 1307.22 1622.71 2872.87 2891.65 2552.23
998.92 1386.14 1740.21 2378.43 2873.57 2686.02
965.99 1389.2 1761.48 3360.06 3073.84 2552.16
989.0 1442.45 2088.46 3171.66 3451.97 2375.25
484.28 710.79 814.52 2905.84 1684.41 1346.36
938.62 1362.56 2048.82 3288.68 3724.99 2347.82
1039.73 1507.97 2112.0 3023.13 3128.64 2396.59
730.54 1122.11 1227.87 3732.4 2449.77 1924.09
877.11 1250.45 1558.98 3002.69 2877.35 2496.93
371.61 488.61 595.59 788.43 938.03 881.36
1096.29 1533.89 1953.7 2722.32 3299.38 3040.91
637.47 896.64 1258.3 1864.95 1907.18 1406.04
219.86 345.67 304.59 2374.52 839.08 563.44
1030.38 1513.64 2181.67 3160.92 3073.26 2174.02
1025.91 1430.39 1834.86 2565.85 3172.07 2876.76
852.59 1183.06 1501.37 2087.52 2520.75 2324.83
1030.25 1492.25 2116.44 3170.44 3491.1 2514.73
1153.93 1614.22 2050.86 2822.27 3369.31 3101.64
726.0 1067.87 1243.94 3546.98 2493.22 2043.24
982.44 1419.86 2012.33 3118.74 2995.06 1983.01
613.92 907.02 1072.8 3542.83 2183.07 1785.6
990.54 1413.39 1924.78 2884.8 3211.27 2553.39
651.14 954.89 1057.24 2621.66 1960.57 1688.09
700.61 1031.9 1188.83 3828.63 2335.02 1943.48
994.41 1431.8 2053.71 3121.03 3211.08 2244.88
321.38 553.63 462.16 4318.56 1392.71 892.71
485.15 841.87 627.74 5177.26 1705.22 1052.19
557.61 767.7 993.61 1368.27 1521.88 1319.98
222.58 311.99 360.7 1600.56 735.77 475.18
839.59 1258.66 1730.76 3567.14 3093.2 2157.74
978.8 1434.34 2216.24 3628.84 4063.93 2403.1
618.58 845.62 1065.55 1446.49 1763.43 1631.37
963.05 1398.8 2012.41 3166.54 2942.72 1829.47
967.42 1410.87 2045.3 3109.81 3253.31 2236.54
947.82 1340.15 1676.55 2944.07 2930.92 2637.4
570.27 792.94 980.43 1667.37 1696.27 1521.88
886.97 1251.89 1563.33 2762.68 2731.68 2456.49
249.79 315.23 380.67 498.93 597.0 549.22
533.63 805.92 1034.05 3359.2 1570.5 903.99
355.72 549.59 637.86 3035.65 1344.91 900.73
998.89 1415.93 1818.95 2784.66 3032.15 2676.26
699.76 1022.76 1204.64 3508.47 2374.65 1970.1
1055.54 1467.15 1843.52 2521.94 3048.26 2848.9
1022.68 1427.72 1828.3 2610.11 3170.88 2870.0
1074.43 1571.31 2218.57 3193.64 3320.59 2532.26
493.59 673.83 833.94 1364.21 1444.26 1288.35
1092.77 1539.12 2009.14 2816.95 3352.63 2953.54
621.23 911.87 1087.02 3650.86 2224.38 1777.45
892.14 1257.37 1672.05 2419.27 2664.16 2178.35
1117.11 1555.24 1955.87 2678.0 3238.24 3026.03
1065.35 1492.92 1930.82 2693.33 3276.18 2930.3
898.36 1309.27 1920.62 3225.59 2858.93 1857.27
476.28 737.19 785.89 4036.07 1739.19 1345.25
587.29 805.33 989.36 1620.98 1658.2 1521.38
135.96 151.92 167.71 195.69 214.91 202.66
948.45 1349.42 1873.75 2757.93 2861.33 2190.79
1027.71 1462.88 1762.71 3359.3 3065.8 2745.95
1124.59 1578.76 1996.92 3069.95 3388.84 3058.63
799.19 1144.08 1382.72 3149.26 2544.13 2209.29
1174.25 1647.1 2103.04 2944.75 3363.62 3050.89
757.02 1104.6 1292.53 3728.24 2466.94 2093.0
1003.42 1447.95 2086.51 3174.45 3230.29 2228.64
798.88 1129.96 1602.76 2493.78 2116.95 1452.48
667.86 919.08 1179.83 1653.5 1983.0 1756.94
845.14 1217.89 1454.24 3292.05 2701.8 2299.55
243.11 305.63 368.15 481.13 574.83 529.19
1069.44 1519.44 2037.92 2920.14 3408.93 2823.13
322.21 419.28 516.35 691.78 837.27 766.4
1124.66 1588.98 2128.21 3051.29 3657.24 2987.77
718.25 1133.79 1119.24 4196.79 2367.6 1884.38
993.88 1438.22 2093.45 3208.8 3218.55 2156.73
1052.14 1518.67 2095.26 3062.5 3551.55 2788.51
849.64 1250.67 1716.32 3225.81 3023.37 2175.68
607.18 923.5 1014.65 3907.76 2166.49 1699.5
291.53 389.72 452.71 987.9 802.59 688.37
482.89 755.0 786.44 3891.06 1833.36 1386.66
533.52 743.02 982.84 1734.32 1637.03 1249.29
955.78 1331.04 1709.12 2395.32 2928.26 2643.76
613.93 939.54 999.69 4107.47 2181.08 1679.89
1107.58 1558.9 2069.28 3012.04 3108.2 2599.73
971.31 1390.38 2115.52 3244.58 2880.33 1709.03
1116.17 1563.48 2008.39 2781.01 3398.56 3090.76
468.41 629.34 790.28 1081.12 1322.33 1204.83
1183.29 1657.99 2126.06 2961.14 3490.26 3144.16
855.39 1226.17 1639.55 2735.77 2723.18 2224.78
1094.12 1522.34 1913.91 2619.71 3167.28 2959.88
346.07 452.07 548.99 723.69 859.23 807.89
439.77 674.06 722.83 3275.65 1637.28 1230.42
1092.14 1534.81 1988.66 2811.27 3218.06 2843.3
1035.52 1448.28 1855.16 2570.43 3095.19 2819.23
482.47 657.05 848.99 1183.59 1363.54 1158.42
670.43 920.17 1162.08 1581.11 1929.73 1784.47
535.18 743.41 909.65 1737.27 1627.94 1424.48
617.77 843.95 1070.13 1478.89 1817.89 1652.75
876.31 1227.64 1624.32 2285.36 2602.0 2231.61
747.13 1086.11 1314.51 3304.94 2560.75 2138.99
985.63 1396.85 1941.84 2961.29 2753.48 2054.19
110.84 115.57 120.31 128.86 135.96 132.5
585.05 875.37 1048.34 3866.03 2168.96 1624.8
754.61 1124.49 1603.55 3014.01 2322.57 1543.82
742.64 1074.8 1308.42 3341.83 2485.63 2123.06
836.72 1220.75 1580.82 3438.34 2719.77 2116.35
367.6 622.99 554.74 4447.11 1603.01 1039.5
995.41 1407.56 1926.72 2880.02 2781.15 2171.71
1107.45 1556.86 2013.1 2785.32 3329.52 3003.68
646.16 946.77 1134.6 2787.62 2173.73 1834.39
279.01 405.58 429.86 1659.64 923.08 710.52
507.49 732.27 888.02 2399.46 1712.07 1347.76
284.97 503.76 403.52 4280.42 1324.58 809.71
785.12 1088.27 1375.73 1991.36 2319.18 2130.87
968.69 1384.41 2024.63 3038.71 2945.47 1999.18
1000.26 1411.46 1773.33 2801.31 3128.63 2799.63
712.75 1036.38 1242.86 3432.52 2428.26 2027.22
249.91 475.82 386.76 4448.98 1507.55 846.06
1184.23 1657.5 2109.58 2944.43 3414.02 3101.77
1070.97 1512.94 1864.41 3187.09 3206.93 2919.25
412.23 548.92 681.33 910.68 1101.51 1022.0
946.8 1341.45 1680.63 2996.86 2973.54 2654.42
985.59 1388.83 1926.01 2924.96 2955.0 2251.22
993.17 1394.87 1770.6 2787.12 3119.11 2795.76
721.44 1047.43 1259.28 3411.84 2449.48 2050.97
665.01 913.7 1136.61 1635.31 1863.3 1722.29
699.08 1041.71 1150.69 3764.07 2309.52 1836.51
498.62 759.22 846.95 3770.24 1843.72 1439.37
367.77 483.12 588.59 778.71 926.2 870.33
365.04 481.95 596.01 794.7 919.87 842.07
1028.73 1438.09 1848.61 2682.19 3190.96 2864.32
872.53 1218.47 1586.39 2220.8 2614.65 2296.21
816.73 1178.58 1428.88 3180.47 2680.12 2302.91
423.5 576.58 703.81 1234.66 1196.22 1061.66
1026.86 1454.08 1925.29 2834.86 3104.09 2566.46
276.1 459.25 424.82 3370.51 1239.96 793.26
701.69 960.87 1197.86 1625.05 1956.46 1830.93
468.46 629.77 786.03 1056.69 1281.88 1188.05
423.85 797.0 530.21 4868.52 1687.03 1058.13
1049.02 1482.41 2019.57 2898.01 3159.0 2562.1
814.75 1122.63 1404.16 1911.61 2305.3 2156.18
1069.93 1515.14 1846.63 3258.32 3172.38 2872.65
982.01 1371.22 1742.22 2482.43 2944.03 2709.65
407.42 575.79 642.71 1764.06 1181.67 983.92
203.14 341.73 291.26 2839.95 941.83 560.52
907.88 1346.45 1870.78 3319.57 2962.39 2174.35
464.56 751.65 773.91 4374.12 1845.0 1273.48
810.59 1194.11 1331.16 3878.65 2517.71 2094.35
294.18 407.13 462.5 1585.07 911.0 740.77
928.06 1370.57 1548.33 3653.59 2861.98 2485.51
1004.2 1415.44 1919.85 2793.08 3089.12 2514.32
403.07 551.13 744.15 1071.75 1183.91 897.2
873.63 1269.25 1534.57 3609.36 2746.45 2307.85
688.77 952.93 1255.32 1811.67 1972.04 1665.12
536.22 807.35 917.39 3692.48 1939.75 1542.31
920.73 1327.44 1771.0 3012.09 2610.82 2026.94
508.17 898.68 797.21 4597.45 1863.43 1150.62
1067.74 1494.58 1902.22 2720.3 3225.73 2965.55
233.4 445.41 353.7 4488.68 1382.8 761.72
727.5 1060.23 1336.33 3757.82 2413.25 1843.55
730.4 1059.17 1264.51 3205.56 2427.92 2050.5
809.4 1119.98 1420.83 1941.93 2375.49 2194.84
1093.88 1548.57 2038.12 2873.68 3444.53 2986.42
824.8 1212.97 1628.08 3380.1 2687.36 1843.16
751.46 1092.96 1244.28 2783.19 2256.91 1976.49
1210.86 1689.4 2126.89 2916.28 3527.55 3295.7
649.86 939.51 1137.87 2537.32 2119.72 1820.44
280.85 475.41 455.9 3936.73 1438.82 893.7
236.21 589.49 134.36 5438.44 1232.72 504.54
782.09 1094.46 1440.51 2027.35 2345.99 2017.64
439.1 697.95 850.2 3775.15 1964.58 1249.25
383.97 516.02 680.86 956.42 1101.93 882.63
1088.23 1539.3 2093.84 3134.98 3368.22 2618.02
1033.23 1442.31 1862.93 2625.5 3189.18 2855.25
933.25 1339.38 1930.33 2915.82 2859.65 2018.05
1103.28 1570.36 2163.05 3232.84 3762.75 2883.56
829.72 1192.94 1461.31 3265.89 2715.94 2345.68
598.88 838.92 1213.28 1798.88 1718.22 1161.85
714.89 996.79 1334.56 1919.39 2153.16 1777.3
943.69 1323.96 1730.66 2434.89 2913.44 2560.93
615.4 862.33 1146.16 1706.77 1564.83 1238.98
1054.32 1475.9 1895.66 2639.32 3131.84 2833.3
520.97 809.52 855.59 3983.89 1982.22 1474.45
798.9 1123.94 1419.91 2551.41 2537.44 2224.61
513.9 692.19 855.22 1149.08 1377.06 1290.71
986.23 1373.58 1744.4 2455.36 2816.72 2562.18
1008.84 1450.21 2087.2 3137.97 3520.13 2446.21
1188.29 1661.94 2122.27 2959.97 3499.82 3168.56
919.93 1320.74 1695.39 3069.82 2966.64 2454.21
1059.64 1491.69 1883.34 2878.12 3227.7 2946.93
731.55 1022.97 1266.07 2337.95 2174.61 1938.55
907.27 1259.93 1612.58 2249.9 2778.45 2520.97
1121.21 1561.1 1963.34 2688.38 3250.87 3037.81
426.47 569.4 707.86 947.68 1147.2 1064.07
373.74 493.33 612.91 829.02 1008.25 920.94
590.77 906.66 963.47 4101.67 2103.45 1626.2
1095.83 1536.51 1959.71 2800.06 3316.82 3036.41
432.42 696.73 616.09 3533.3 1375.84 906.76
989.43 1381.94 1772.19 2446.22 2977.2 2709.51
1037.47 1453.2 1881.24 2615.81 3169.53 2829.98
1102.1 1547.03 1997.56 2794.24 3304.7 2926.24
477.73 642.74 807.74 1105.95 1353.26 1232.79
193.68 243.22 273.82 536.99 444.54 391.13
840.01 1208.29 1451.87 3278.84 2658.57 2315.0
744.04 1082.25 1308.74 3311.83 2553.69 2130.73
224.98 458.54 378.4 4130.08 1422.81 812.43
668.63 913.58 1137.55 1541.27 1854.48 1735.84
1149.9 1619.61 2122.63 3010.72 3442.89 2964.08
847.22 1232.1 1732.06 3413.0 2907.84 1889.72
1066.0 1519.1 2108.68 3140.47 3701.46 2788.2
634.55 933.2 1101.61 3489.15 2190.88 1811.52
453.14 679.09 692.35 2804.05 1416.31 1086.44
377.36 619.41 707.69 4058.98 1753.99 1033.67
316.12 445.56 509.35 1869.08 1057.23 835.41
545.94 746.13 979.93 1372.86 1496.87 1254.56
210.15 258.27 306.39 393.35 465.47 430.33
204.31 396.39 318.57 4142.49 1233.68 630.55
919.08 1312.7 1814.74 2749.61 2804.95 2032.84
963.19 1368.3 1782.68 2901.25 2976.94 2479.73
884.44 1281.15 1598.56 3244.26 2773.81 2335.51
130.6 228.07 135.97 2432.8 607.75 317.14
769.75 1062.97 1347.01 1838.99 2248.32 2077.76
1072.43 1533.21 2067.48 2970.68 3499.51 2884.75
1045.33 1507.94 2193.82 3432.41 3917.05 2656.53
1012.08 1431.92 1941.71 2821.81 3147.17 2566.86
305.7 395.76 482.99 634.09 759.81 707.43
883.16 1225.27 1567.39 2185.67 2698.44 2448.65
1150.99 1616.22 2111.67 3025.21 3450.76 2963.31
908.39 1309.61 1717.42 3229.42 2921.04 2259.69
651.16 892.46 1126.2 1531.07 1867.92 1727.56
152.8 175.87 198.93 240.62 275.19 258.35
868.97 1222.58 1619.28 2310.14 2621.64 2191.29
1064.38 1514.86 2082.59 3045.71 3217.31 2528.48
175.67 392.86 185.82 4727.74 1102.43 522.3
816.26 1195.2 1387.09 3623.55 2601.41 2164.0
383.22 531.56 737.43 1043.64 1010.5 730.88
1114.59 1558.78 1989.06 2734.35 3354.43 3096.06
1005.81 1403.99 1811.97 2546.28 3113.02 2787.93
266.32 348.09 471.87 666.52 637.06 456.8
442.26 689.33 818.63 3995.93 1848.17 1226.34
355.05 581.74 581.85 4104.94 1641.95 1092.0
1208.14 1686.76 2130.5 2930.41 3539.94 3284.11
692.56 1006.58 1199.37 2878.9 2282.65 1942.59
1006.97 1421.17 1789.73 2952.57 3117.0 2813.83
718.9 1039.71 1485.43 2144.43 2117.83 1514.75
528.33 863.34 856.8 4189.14 2001.12 1490.42
1001.89 1486.1 2173.72 3179.61 3201.52 2271.56
113.46 119.36 125.07 134.96 143.19 139.76
931.98 1295.43 1658.87 2315.7 2860.43 2595.08
688.89 946.14 1203.39 1668.3 2053.87 1866.04
329.9 565.28 480.89 3959.32 1377.33 912.51
981.01 1360.5 1707.52 2333.02 2818.28 2634.48
709.71 988.49 1292.07 1866.31 2025.33 1729.52
963.06 1347.93 1706.26 2554.35 2905.38 2659.82
707.37 1045.03 1207.36 3599.71 2449.58 1991.16
1061.34 1502.83 2120.56 3122.61 3123.72 2303.78
998.73 1418.54 1811.07 3032.61 3092.33 2731.09
1067.95 1494.59 1899.62 2684.97 3212.21 2956.1
672.95 984.48 1153.83 3271.33 2174.28 1790.69
1020.39 1426.24 1828.96 2531.05 3055.94 2776.89
1026.5 1449.34 1895.32 2680.66 3080.53 2703.93
785.69 1123.1 1386.12 3256.47 2630.76 2247.93
854.94 1188.01 1511.11 2112.72 2428.36 2181.36
736.79 1011.09 1261.91 1714.02 2064.77 1931.91
553.16 865.26 1084.51 3651.44 1940.39 1232.84
335.41 594.11 595.22 3926.99 1646.28 1054.73
1070.3 1498.66 1907.55 2711.66 3233.5 2970.78
1049.6 1498.98 2008.62 3002.16 3086.74 2446.8
298.89 385.77 472.65 629.67 759.89 696.45
790.72 1143.25 1398.58 3188.91 2690.14 2271.04
1039.59 1475.67 2119.34 3152.07 3064.93 2160.12
226.11 447.26 386.65 4450.85 1458.69 714.46
1052.79 1480.22 1875.11 2871.81 3219.6 2932.51
1198.05 1671.03 2103.54 2883.13 3487.94 3258.86
757.84 1119.22 1398.95 3545.49 2535.55 1864.8
850.77 1221.27 1550.61 3079.57 2802.81 2334.55
988.21 1404.51 1952.64 2856.15 3037.35 2355.12
544.53 754.12 1088.53 1717.67 1491.36 957.98
1012.91 1442.85 1995.89 2957.59 3224.7 2479.24
728.51 1042.0 1454.17 2253.44 2362.69 1735.19
174.4 378.43 254.21 4517.47 1354.57 659.5
520.81 819.68 1003.84 3974.12 1771.58 969.42
324.08 528.59 520.82 4418.59 1535.45 1018.27
541.45 859.51 896.39 4124.52 2122.7 1587.43
992.24 1399.43 1758.71 2771.18 3100.83 2775.6
350.66 484.6 558.11 1647.7 1047.96 883.47
926.14 1333.36 1634.29 3079.29 2984.5 2563.12
1022.67 1436.06 1906.26 2770.69 3040.29 2569.0
662.24 1022.56 1115.33 3864.19 2311.54 1857.49
1165.56 1628.84 2045.21 2933.82 3414.98 3175.9
866.43 1233.81 1552.83 3180.34 2755.96 2373.48
1098.52 1541.45 1968.95 2800.81 3322.56 3038.43
1069.51 1506.38 1850.36 2972.9 3130.94 2871.5
530.43 747.66 914.97 1849.7 1681.69 1448.88
1081.76 1511.77 1929.32 2652.26 3252.47 2998.29
1152.27 1623.35 2112.48 2974.88 3465.32 3030.99
232.87 337.1 328.04 1677.11 729.99 533.67
540.85 738.29 936.37 1308.23 1422.3 1264.32
240.32 375.7 338.32 2441.17 878.53 597.88
643.85 881.43 1119.0 1548.36 1904.43 1730.97
658.99 903.73 1140.79 1551.42 1893.05 1750.7
1025.64 1441.16 1908.63 2719.14 3167.39 2714.92
989.66 1427.49 2083.25 3158.68 3519.11 2365.72
252.14 318.6 385.07 505.18 604.79 556.27
760.55 1098.75 1311.42 3603.76 2503.7 2132.67
1055.37 1499.02 2084.51 3192.45 3325.01 2437.24
775.03 1115.53 1360.52 3284.32 2580.38 2197.45
974.75 1384.77 1804.44 3018.3 2995.18 2555.27
887.7 1291.39 1929.49 3345.79 2705.05 1577.29
1018.93 1420.35 1821.78 2547.25 3148.9 2855.81
731.55 1003.59 1252.35 1700.73 2048.59 1916.83
117.89 125.7 133.52 147.64 159.36 153.65
855.48 1186.23 1506.62 2061.58 2523.3 2330.91
327.01 426.39 522.66 689.42 828.15 770.35
1090.52 1539.44 2047.67 2940.46 3523.75 2961.98
1010.98 1423.01 1796.66 2764.78 3155.37 2831.1
979.61 1411.08 2037.78 3073.83 3044.0 2139.15
549.8 746.29 942.79 1297.89 1592.4 1448.93
228.68 285.01 339.59 434.11 512.75 479.98
955.36 1348.07 1683.31 2789.64 2973.64 2645.68
1158.67 1623.74 2033.3 3003.22 3418.16 3160.44
651.46 904.02 1191.9 1721.12 1925.56 1583.31
272.12 352.4 457.08 633.98 747.84 590.88
607.86 916.95 1043.75 3730.28 2103.1 1635.31
1081.76 1527.24 2039.33 2903.7 3519.18 2932.49
318.25 412.26 498.22 653.17 773.38 727.85
536.42 759.76 960.23 2084.58 1695.42 1366.57
410.52 656.25 667.78 4242.14 1674.33 1192.41
943.35 1338.88 1956.18 3118.4 2760.21 1793.59
223.88 277.25 326.04 414.0 482.24 456.39
994.54 1441.02 2106.7 3241.43 3222.47 2126.22
1013.14 1416.53 1818.9 2513.88 3050.06 2772.42
707.28 1026.67 1207.67 3383.63 2253.43 1942.23
214.52 395.56 314.66 4357.75 1118.1 661.52
1050.52 1489.78 2019.33 2911.92 3210.01 2628.58
1017.42 1420.33 1816.98 2596.76 3149.22 2849.52
811.59 1141.0 1399.04 2708.25 2449.51 2202.1
1049.27 1464.44 1881.11 2634.5 3249.41 2939.61
152.27 293.63 161.73 3088.43 756.34 382.1
147.76 168.67 188.93 224.01 253.2 241.04
972.4 1364.84 1788.11 2620.76 3005.72 2601.64
440.49 591.64 742.66 1011.11 1188.48 1077.11
496.23 821.04 687.63 4951.3 1732.13 1128.26
901.16 1252.63 1604.17 2238.09 2675.25 2386.09
370.89 487.57 594.27 786.59 935.8 879.28
910.77 1309.62 1797.58 2771.35 2439.36 1816.68
798.63 1167.54 1374.28 3555.93 2634.48 2224.64
1010.81 1427.12 1880.18 2736.89 2977.31 2536.62
843.69 1216.31 1451.87 3573.99 2669.63 2322.73
697.07 1052.48 1182.45 3844.63 2449.53 1984.64
1009.14 1447.41 2072.93 3203.12 3717.87 2635.77
654.38 954.86 1094.85 2749.32 2031.78 1747.94
241.33 417.58 371.09 4391.92 1322.15 791.22
728.01 1002.36 1276.7 1772.5 2183.68 1983.38
509.61 872.7 782.16 4990.17 1848.96 1037.24
693.48 977.58 1205.85 2279.54 2138.73 1894.85
534.19 731.35 938.05 1285.2 1447.44 1273.71
432.82 578.53 719.68 964.16 1167.57 1082.81
1044.95 1494.5 2009.12 3018.48 3068.0 2403.37
1058.23 1535.22 2138.87 3065.7 3105.79 2378.67
135.56 160.95 171.65 439.72 265.65 206.28
289.95 372.92 455.9 605.86 730.22 669.64
620.08 847.78 1068.34 1450.38 1768.24 1635.8
651.79 889.48 1106.82 1498.58 1802.52 1687.39
334.52 573.31 500.12 4001.35 1443.25 952.86
1165.05 1629.12 2042.2 2938.44 3410.9 3168.93
1047.42 1513.65 2101.5 2997.38 3151.95 2464.57
1041.12 1465.25 1919.82 2726.23 3313.44 2885.27
473.39 758.96 764.28 4338.48 1888.14 1384.92
916.59 1294.81 1631.36 2899.79 2944.95 2593.67
997.05 1411.07 1840.25 2851.77 3056.4 2580.33
985.21 1434.42 2006.79 3203.55 2837.88 1877.98
866.89 1250.28 1483.11 3461.01 2702.43 2366.58
787.4 1184.57 1331.93 3554.27 2586.31 2110.76
354.45 562.06 588.87 4064.71 1605.65 1103.41
529.77 784.36 941.84 2625.68 1837.04 1448.32
1050.39 1498.18 2078.19 3057.76 3187.59 2455.47
971.15 1372.66 1726.7 2985.0 3022.76 2722.13
489.07 659.4 824.4 1110.2 1347.98 1248.91
964.97 1390.22 1788.82 3011.06 3056.91 2571.21
529.3 837.97 929.77 4217.5 2003.33 1423.72
1075.04 1510.65 1958.93 2773.74 3159.96 2783.37
1076.95 1506.23 1935.33 2673.3 3233.11 2944.87
956.16 1370.14 1720.06 3166.88 2842.47 2421.42
368.89 514.09 610.63 1508.58 1080.45 868.23
742.42 1046.06 1289.07 2359.62 2265.06 2021.23
988.3 1418.03 1973.95 3010.7 3032.55 2154.64
981.01 1381.2 1801.16 2535.96 2994.95 2598.99
130.82 336.01 142.58 4537.99 1186.37 514.96
382.74 539.69 633.96 1992.31 1267.35 1031.22
867.32 1209.26 1604.82 2287.92 2626.58 2225.29
694.16 953.72 1213.27 1682.35 2071.37 1881.86
1015.92 1447.7 2017.33 2934.02 3069.85 2372.64
817.89 1183.63 1432.97 3132.48 2668.35 2307.34
925.77 1303.24 1655.98 2660.35 2889.8 2536.93
932.58 1296.29 1659.99 2317.29 2862.41 2596.86
886.25 1251.83 1645.56 2512.69 2737.75 2334.92
715.38 980.45 1222.84 1659.74 1998.7 1870.31
206.46 388.91 307.89 4335.81 1310.6 702.32
415.18 648.7 677.88 4334.1 1729.72 1241.54
531.96 832.14 876.13 4194.9 2022.62 1541.4
1016.55 1438.7 1837.39 3189.27 3120.2 2680.45
233.51 369.61 400.17 2976.54 1015.54 574.24
981.51 1391.28 1733.12 2865.9 3082.12 2743.32
1152.55 1620.06 2110.31 2969.73 3404.66 2988.68
701.7 960.88 1197.88 1625.07 1956.49 1830.96
788.06 1140.28 1334.52 3163.85 2438.24 2091.53
804.43 1145.19 1485.04 2585.33 2485.93 2020.9
241.61 431.3 338.93 3877.28 1114.75 625.32
808.84 1118.5 1428.15 1987.76 2451.87 2225.79
617.36 935.77 1014.72 3933.31 2143.66 1692.91
428.23 605.12 747.76 1779.25 1377.85 1071.91
927.22 1363.11 1888.88 3287.91 3323.44 2435.9
847.63 1216.95 1482.71 3202.75 2778.06 2383.26
1012.89 1429.77 1990.61 2918.86 3077.04 2365.65
923.0 1283.32 1632.35 2236.91 2739.9 2530.32
844.75 1196.36 1690.98 2804.02 2515.41 1757.31
179.69 254.92 249.75 1723.34 627.29 432.59
461.91 729.3 781.97 3940.56 1909.78 1376.18
290.44 373.63 456.82 607.16 731.85 671.11
1194.36 1669.82 2124.28 2932.0 3486.15 3199.36
530.67 744.96 986.28 1528.72 1564.57 1266.64
934.76 1312.7 1665.74 2775.71 2960.72 2636.49
973.47 1392.93 2113.62 3236.87 2887.65 1730.17
930.52 1324.72 1695.58 2863.13 2972.34 2571.68
285.19 366.09 446.99 593.19 714.44 655.38
1090.25 1551.94 2030.93 3092.62 3229.52 2767.99
202.23 246.88 291.54 372.25 439.18 406.57
1048.0 1463.93 1888.53 2651.51 3272.61 2934.02
956.93 1362.13 1790.31 2864.72 3094.03 2585.01
953.93 1336.31 1736.67 2487.71 2904.58 2531.64
854.83 1185.3 1505.43 2059.91 2521.23 2329.01
1208.25 1686.12 2126.93 2922.25 3519.81 3276.69
677.22 925.86 1153.22 1563.04 1880.98 1760.55
846.21 1260.16 1514.92 3869.4 2871.79 2171.83
1182.63 1649.18 2075.93 2847.81 3441.09 3213.4
725.79 1033.81 1246.52 2353.47 2256.81 1976.35
151.36 362.12 141.59 4759.8 1047.27 459.06
942.59 1384.49 2047.88 3158.52 3231.49 2102.33
1021.64 1425.23 1826.89 2588.9 3164.51 2866.31
1112.52 1557.05 1985.23 2766.37 3353.81 3091.96
297.41 419.02 492.29 1261.69 778.97 584.71
668.21 1058.5 1009.22 4666.51 2154.06 1577.91
1025.2 1453.29 1928.54 2849.55 3093.48 2539.02
936.67 1326.81 1660.73 3084.35 2946.6 2629.83
862.09 1286.79 1649.66 3700.27 2932.43 2100.36
847.33 1220.54 1458.81 3284.95 2707.69 2306.51
112.93 118.51 123.6 132.78 139.91 137.21
624.18 865.35 1056.87 1969.32 1820.77 1644.91
389.17 626.88 683.04 4246.02 1595.01 982.59
615.22 928.46 1042.98 3832.11 2235.3 1776.56
1036.46 1521.51 2178.18 3274.35 3686.49 2653.97
987.97 1393.35 1776.94 2811.26 3098.68 2734.51
994.65 1386.33 1765.75 2422.93 2969.71 2741.89
784.05 1135.09 1326.53 3167.75 2426.85 2079.24
1103.16 1547.36 2006.91 2817.32 3355.44 2982.79
176.3 393.14 189.43 4708.12 1107.16 527.39
1039.99 1452.58 1861.42 2651.57 3230.32 2922.84
1018.28 1425.79 1863.14 2741.47 3140.31 2730.51
516.86 829.09 1072.87 3734.65 2281.74 1362.73
1079.74 1537.48 2050.04 2875.75 3300.96 2831.48
1097.97 1539.11 1956.79 2802.85 3320.83 3051.56
543.63 817.24 927.88 3783.06 1993.44 1578.32
1113.23 1566.24 1950.13 3075.63 3323.26 3047.17
774.68 1119.11 1377.88 2947.58 2347.38 1928.76
1134.86 1615.67 2151.37 3021.46 3336.6 2821.22
150.14 172.09 193.36 230.19 260.84 248.07
899.76 1315.35 1523.18 3595.21 2794.01 2397.26
575.48 919.4 947.82 4074.73 2110.41 1619.66
437.86 699.11 614.95 3433.94 1406.54 986.13
1006.15 1438.81 2017.04 3017.36 3219.72 2393.54
168.34 206.02 227.49 459.79 367.15 318.25
956.41 1377.32 2053.39 3357.05 3193.88 1900.78
677.97 974.99 1119.55 2379.48 1999.23 1764.59
348.57 461.35 565.13 851.44 923.04 840.09
507.82 862.71 716.19 4988.96 1773.93 1079.01
993.38 1430.05 1952.99 2979.98 2658.82 2024.65
176.13 209.46 241.75 297.67 344.2 324.82
1022.29 1495.09 2135.82 3081.51 3075.79 2242.47
327.84 574.69 470.17 4602.44 1499.24 918.19
936.19 1305.27 1635.34 2441.21 2728.61 2508.09
845.7 1166.91 1460.63 1990.07 2400.8 2245.23
942.97 1328.97 1677.79 2884.7 2990.57 2656.46
1051.24 1486.49 2031.33 2920.46 3166.87 2551.65
212.1 261.45 308.99 397.12 460.44 430.08
473.94 637.29 800.64 1095.86 1340.69 1221.42
1031.21 1472.0 2008.34 2989.3 3128.79 2381.47
875.52 1214.3 1553.08 2165.33 2673.09 2425.74
984.59 1402.9 2075.0 3139.23 2943.56 1920.61
958.48 1396.4 2023.04 3080.32 3234.52 2227.6
913.57 1343.3 1921.22 3118.58 2216.05 1350.96
1190.33 1661.88 2091.33 2910.09 3472.32 3233.33
666.13 913.99 1154.08 1569.94 1915.94 1771.78
557.5 839.23 944.2 2951.21 1893.88 1507.17
461.32 625.34 807.89 1130.42 1326.93 1139.68
339.59 535.61 480.29 2285.74 1107.19 817.51
1027.47 1448.91 1794.8 3198.61 3111.08 2822.25
468.37 734.2 757.48 3884.77 1786.65 1322.57
639.34 875.47 1104.2 1500.39 1830.02 1692.67
458.87 644.23 772.43 1918.29 1429.95 1223.83
235.46 373.98 354.95 2536.29 975.36 638.1
567.12 771.63 969.73 1312.87 1598.36 1479.4
867.89 1213.52 1544.6 2377.45 2708.85 2417.25
1119.64 1571.26 1960.39 3058.79 3306.07 3053.74
298.34 507.08 484.6 4248.42 1288.72 812.91
236.09 396.42 261.35 2977.42 795.77 422.24
1209.09 1687.65 2128.7 2922.82 3526.87 3283.31
699.8 970.41 1258.15 1795.87 2022.6 1761.27
233.73 292.27 348.98 447.21 528.94 494.89
1076.21 1517.13 2010.75 2835.01 3245.36 2792.9
1098.04 1541.86 1997.1 2803.29 3321.19 2975.29
1053.45 1500.69 2086.56 3039.82 3128.0 2403.7
515.66 694.71 858.43 1153.54 1382.49 1295.77
1003.74 1440.27 2077.01 3126.91 3728.17 2602.84
609.46 901.2 1103.89 3463.21 2234.79 1741.71
985.29 1429.44 2099.7 3239.76 3207.97 2091.93
534.42 891.36 744.13 4868.21 1854.2 1231.9
769.35 1121.41 1452.36 3170.17 2549.91 2006.66
906.14 1260.33 1607.47 2208.09 2693.13 2472.11
977.44 1393.09 2009.06 2994.7 2978.47 2101.45
1056.69 1486.66 1881.65 2876.9 3230.66 2944.49
715.23 983.99 1252.75 1738.46 2141.27 1945.04
770.79 1102.02 1432.81 2591.54 2450.21 1996.73
1023.18 1457.02 1795.5 3177.89 3024.61 2656.42
1091.54 1523.97 1928.79 2706.75 3201.09 2940.7
930.67 1358.54 1916.06 3057.37 2345.83 1551.16
1055.77 1490.94 1983.74 2971.51 3282.67 2713.84
354.41 490.98 541.4 1434.06 963.46 814.49
117.12 141.43 126.44 550.55 223.39 168.02
1069.44 1487.2 1870.56 2560.87 3091.5 2885.33
529.33 825.28 908.58 3870.21 2110.44 1579.12
908.7 1287.19 1616.29 2827.59 2833.91 2502.5
1037.7 1465.35 1935.17 2763.33 3337.13 2860.7
380.26 627.06 583.29 4145.72 1550.22 1067.77
796.54 1150.14 1440.23 3371.2 2587.4 2129.42
735.58 1085.75 1529.5 3682.51 2567.09 1534.84
985.45 1401.81 1955.87 2866.22 3027.78 2328.66
1132.62 1581.8 2012.95 2781.59 3340.0 3047.17
1088.48 1525.14 1962.51 2737.94 3328.33 3006.82
1017.69 1462.52 2076.14 3123.06 3247.85 2336.19
218.19 515.29 136.87 4571.77 1060.48 450.95
874.67 1245.69 1546.27 3196.48 2802.49 2466.63
752.87 1115.19 1310.1 3532.8 2589.15 2157.9
1156.8 1624.4 2090.39 2970.05 3298.46 2906.93
955.27 1329.72 1692.44 2320.7 2843.41 2625.61
203.48 248.69 293.9 375.6 443.35 410.34
150.33 361.32 145.06 4759.56 1053.58 453.81
897.09 1319.83 1680.16 3354.65 2881.63 2354.61
1042.39 1448.33 1819.52 2488.6 3007.67 2811.06
1031.08 1450.82 1909.58 2723.11 3248.39 2799.84
679.94 956.69 1285.28 1800.08 1966.0 1620.18
736.77 1084.66 1509.05 3574.84 2946.39 1951.63
1035.75 1467.68 1897.91 3139.35 3312.46 2794.82
938.24 1322.22 1659.27 2771.35 2933.66 2596.49
1084.74 1533.47 1876.06 3222.9 3209.75 2917.08
768.57 1056.55 1319.89 1794.56 2162.81 2023.33
1060.59 1511.39 2093.52 3126.56 3669.87 2811.68
400.32 626.85 655.94 3251.5 1595.74 1153.54
995.14 1398.78 1732.01 2779.18 2955.18 2705.83
1034.82 1444.09 1840.55 2527.24 3098.57 2860.52
445.77 596.81 747.86 1020.83 1247.22 1136.94
623.21 943.18 1218.07 3204.09 2184.92 1460.98
546.23 829.7 947.05 3458.77 2096.55 1600.7
711.29 983.89 1215.65 1975.85 2048.55 1880.87
915.32 1296.52 1628.54 2930.13 2944.62 2588.82
551.96 767.34 1080.18 1677.98 1673.19 1135.18
282.11 512.09 454.21 4285.28 1587.98 941.14
1202.04 1679.82 2123.83 2949.82 3536.33 3263.29
537.83 726.43 898.88 1209.73 1450.89 1359.54
607.97 914.47 1015.94 3653.81 2176.44 1704.88
362.27 625.48 525.96 4645.46 1632.13 1019.47
847.67 1195.9 1670.25 2431.18 2515.62 1910.43
1046.45 1478.54 2046.24 2974.05 3129.99 2444.12
1054.5 1477.17 1877.34 2746.45 3193.93 2930.17
1175.51 1647.75 2121.49 2957.92 3529.05 3145.82
1191.01 1662.69 2098.71 2879.95 3468.37 3226.04
731.56 1107.06 1161.52 4282.96 2323.56 1841.95
1146.7 1599.02 2021.68 2778.45 3333.27 3088.24
1066.07 1507.04 2015.29 2876.41 3246.41 2735.9
471.08 729.74 752.13 3027.13 1504.99 1063.2
416.08 552.23 676.73 901.13 1075.23 1009.29
1153.25 1608.09 2025.93 2786.77 3358.3 3127.19
830.98 1205.7 1543.05 3307.59 2728.13 2148.07
961.26 1355.09 1752.92 2864.24 3054.27 2637.83
1015.44 1458.04 2088.56 3130.83 3520.48 2473.94
606.13 832.11 1072.27 1496.66 1708.83 1484.8
892.29 1239.16 1575.16 2157.16 2641.38 2439.62
1005.96 1431.99 1948.84 2846.71 3243.59 2601.83
954.31 1346.15 1704.05 2846.37 3020.59 2670.85
1067.42 1505.56 1924.76 2887.25 3255.37 2932.38
217.96 274.54 354.27 492.21 566.22 429.85
1012.09 1411.42 1798.23 2468.23 3025.67 2793.4
996.18 1446.56 2069.31 3122.22 3293.68 2330.59
695.42 955.52 1215.63 1685.7 2075.54 1885.63
1020.46 1432.28 1849.96 2716.05 3196.47 2827.47
428.44 573.71 721.99 976.71 1178.9 1063.62
247.6 482.18 425.98 4007.5 1484.17 880.74
837.4 1216.37 1489.12 3173.32 2759.06 2388.51
694.54 986.57 1175.1 2331.8 2063.32 1841.31
388.1 516.61 651.84 883.54 1030.41 922.02
1039.47 1450.49 1863.33 2610.05 3216.9 2908.59
997.03 1388.88 1780.74 2488.92 3076.23 2790.13
855.49 1211.82 1711.55 2660.68 2748.5 1934.32
1172.51 1640.16 2062.44 2926.46 3429.96 3178.91
758.96 1126.42 1598.47 3431.73 2424.38 1511.15
918.58 1359.87 1528.93 3678.15 2839.62 2458.33
855.32 1291.14 1614.11 3885.51 3102.45 2189.85
923.89 1323.07 1589.79 3371.41 2839.27 2520.58
1096.61 1558.35 2117.17 3089.86 3367.28 2676.68
712.66 1125.91 1170.41 4123.93 2258.64 1697.43
709.84 1024.1 1230.99 3119.79 2305.14 1976.39
1067.29 1499.3 1992.55 2875.32 3183.07 2697.6
191.32 297.45 246.17 2094.48 694.51 435.81
1090.87 1557.96 2176.11 3291.98 3811.57 2832.08
513.14 693.62 874.1 1200.26 1470.76 1338.99
172.0 203.01 231.37 282.48 322.14 307.12
390.57 545.97 765.54 1087.65 1098.52 803.2
802.92 1153.37 1418.75 3247.7 2627.32 2281.09
767.9 1059.67 1351.44 1878.73 2316.03 2103.01
765.38 1116.16 1499.98 3311.0 2574.69 1753.96
599.25 942.15 941.99 4070.55 1838.29 1254.59
1101.53 1555.0 1915.68 3181.74 3261.55 2965.61
568.97 836.87 1150.22 2317.21 2048.37 1427.82
962.0 1398.0 2014.0 3173.0 2939.0 1816.0
69.0 191.5 59.0 4653.5 930.0 346.0
134.0 394.5 95.5 5146.0 1087.0 409.5
969.0 1403.0 2079.0 3181.0 3518.0 2279.0
155.0 368.0 123.0 5163.0 1156.0 447.0
89.8 263.8 87.2 4769.8 1060.5 381.0
971.0 1390.0 2115.5 3245.0 2879.5 1707.0
122.0 299.0 89.0 4632.0 914.0 354.0
72.0 203.8 71.8 4231.5 957.5 341.5
907.5 1325.5 2047.5 3151.5 2757.0 1579.5
948.0 1357.0 1978.0 3155.0 2462.0 1531.0
56.8 180.8 53.0 4412.8 873.5 325.0
119.5 322.5 80.5 4825.8 970.8 371.8
948.0 1376.0 2046.0 3146.0 2970.0 1921.0
911.0 1341.0 1922.0 3127.8 2196.5 1320.8
985.0 1493.5 2276.8 3372.5 3183.8 2033.8
76.2 218.5 55.5 4643.8 764.8 282.8
962.5 1390.0 1954.5 3151.5 2480.0 1527.0
959.5 1435.2 2145.2 3160.2 2832.8 1787.8
88.5 243.0 63.5 4918.0 903.5 321.0
978.0 1422.0 2105.0 3266.0 3199.0 2037.0
79.2 209.2 66.0 4931.0 970.2 374.0
222.2 574.0 104.8 5481.0 1198.8 463.2
992.0 1434.0 2127.0 3253.0 3849.0 2515.0
980.5 1432.2 2016.0 3245.2 2807.8 1800.2
966.0 1422.0 2112.0 3259.5 3477.0 2237.5
109.2 304.0 68.8 5231.2 1052.0 412.0
978.0 1434.0 2220.0 3640.0 4073.0 2397.0
81.5 229.5 75.0 4588.5 1023.0 369.5
937.0 1353.0 2081.0 3198.0 2826.0 1629.0
924.0 1316.0 1970.0 3207.0 2671.0 1584.0
102.5 315.2 89.5 4914.0 1200.8 467.0
980.0 1467.0 2194.0 3388.8 3736.5 2446.5
955.0 1376.0 2056.0 3368.0 3193.0 1885.0
977.5 1462.0 2197.0 3231.5 2940.0 1846.5
939.0 1381.8 2053.5 3176.2 3230.8 2074.0
265.0 540.0 222.0 5608.0 1151.0 427.0
83.0 265.0 84.5 4714.5 1156.5 420.5
245.0 494.0 207.0 5231.5 1090.0 397.0
304.0 635.0 236.5 5868.5 1229.5 464.5
138.0 335.0 114.0 4964.0 1063.0 407.0
53.8 244.8 74.8 4340.2 1057.2 381.2
1050.0 1465.0 1880.0 2630.0 3252.0 2949.0
1121.0 1568.0 2001.0 2751.0 3375.0 3115.0
1212.0 1691.0 2129.0 2918.5 3531.0 3299.0
100.0 100.0 100.0 100.0 100.0 100.0
