790.32 1134.75 1628.31 2391.8 2441.39 1843.98
627.37 852.25 1246.74 1817.89 1566.58 1314.7
519.54 813.49 720.28 3935.92 1965.73 1548.36
366.84 571.68 751.65 3000.12 1410.15 843.77
664.71 927.02 1312.08 1968.45 2163.48 1617.32
650.8 858.88 1133.07 1595.12 2085.38 1971.82
870.25 1203.83 1575.9 2295.01 2734.82 2630.6
610.24 840.32 1082.7 1573.96 1877.15 1784.86
255.06 413.28 434.2 3524.11 1341.54 935.53
595.39 863.16 1169.52 1519.28 1718.25 1672.87
286.94 440.66 458.7 3717.34 1343.95 920.08
947.82 1287.34 1748.39 2393.19 2923.37 2636.56
689.88 953.74 1390.03 2233.78 1988.34 1288.72
395.48 684.74 532.49 4746.11 1492.66 915.09
839.82 1110.02 1468.21 2223.76 2718.38 2491.97
521.34 749.13 974.69 2913.44 1970.1 1539.86
771.16 1111.28 1386.57 3039.41 2529.26 2148.95
851.79 1200.56 1728.88 2597.21 2947.92 2069.22
797.09 1185.34 1697.59 3483.83 2947.91 1914.5
235.66 260.82 300.52 401.32 626.34 613.69
601.11 856.77 1028.39 3251.49 2291.28 1953.88
520.26 735.61 851.29 2966.95 1941.39 1670.8
931.72 1329.65 2013.54 3068.0 2785.02 1688.32
544.01 765.68 947.22 2839.1 1915.95 1621.68
753.17 973.18 1173.42 2371.85 2313.83 2165.35
713.13 1063.18 1443.48 3590.79 2121.03 1271.14
236.3 287.82 367.51 462.05 583.02 563.77
697.85 1020.91 1346.52 2882.66 2221.66 1685.06
921.85 1210.78 1599.15 2314.46 3013.83 2883.84
873.12 1178.29 1547.23 2559.8 2937.24 2662.93
541.67 734.44 943.25 1191.05 1174.65 1132.74
869.84 1174.0 1641.76 2259.61 2739.57 2569.15
688.75 937.1 1147.46 2963.68 2481.63 2208.19
849.8 1254.36 1687.58 3541.48 2649.38 1643.33
830.29 1102.01 1526.1 2197.47 2822.59 2534.77
163.28 365.32 186.59 4871.27 1149.33 564.75
582.01 838.47 1061.65 2584.19 2006.96 1753.18
563.78 726.38 943.57 1295.16 1742.14 1686.35
957.44 1403.46 2063.94 3161.47 3576.12 2470.79
524.46 768.51 930.77 2954.8 1917.47 1636.53
868.67 1162.58 1519.6 2279.77 2526.8 2266.68
239.14 412.29 354.84 4119.04 1335.1 784.45
585.7 886.41 997.91 3290.42 1987.38 1644.21
206.33 355.13 300.46 3895.04 1260.66 730.63
718.86 997.71 1369.5 2000.4 2720.4 2607.22
956.2 1360.35 1969.09 3008.67 3360.75 2366.6
767.01 1011.7 1286.41 2130.71 2274.68 2137.11
458.07 632.81 828.85 1074.32 1081.46 1050.03
446.28 590.24 688.86 2125.4 1555.95 1174.81
973.9 1450.87 2173.21 3193.67 2929.74 1866.78
949.25 1304.87 1845.43 2778.61 3049.7 2352.34
857.05 1200.74 1768.9 2653.73 2590.56 1808.58
858.0 1192.19 1594.08 2136.6 2677.21 2573.29
651.58 915.34 1317.02 1930.5 2230.6 1776.01
658.55 887.82 1235.12 1722.99 2170.72 2071.58
166.58 189.88 221.96 276.83 341.39 334.03
436.31 637.81 731.62 3063.15 1486.48 1199.72
257.82 302.08 348.03 432.59 555.57 540.12
840.67 1193.58 1675.26 2690.61 2164.2 1478.35
541.95 782.1 952.82 2874.35 1862.7 1594.65
670.5 936.04 1411.05 2460.16 2258.82 2084.54
700.72 868.28 1089.27 2006.92 2302.28 2146.39
520.23 714.91 863.17 2373.74 1838.86 1584.72
110.58 113.82 118.17 126.42 137.56 135.96
339.48 417.81 431.84 1905.11 1385.13 1205.6
450.68 679.79 777.5 3323.86 1702.53 1333.64
838.23 1126.05 1518.24 2240.12 2501.2 2165.39
628.55 757.94 900.86 1274.65 2054.37 2004.47
980.14 1484.7 2261.84 3347.89 3171.25 2040.41
884.56 1296.32 1857.2 2977.88 2214.26 1434.28
917.65 1297.15 1798.42 2456.64 2861.4 2495.96
590.8 814.4 1098.52 1592.07 1749.48 1659.58
340.05 563.63 512.8 4281.18 1505.56 1033.18
841.53 1182.91 1600.49 2408.12 2623.25 2341.71
596.68 815.15 904.65 2953.76 2166.57 1718.41
115.31 119.25 122.95 134.4 163.44 161.02
255.42 436.64 395.17 4112.79 1196.37 793.59
107.84 111.24 115.43 122.1 129.41 128.24
654.99 970.13 1332.28 3111.19 2284.15 1716.5
710.13 909.68 1148.71 1608.81 2297.9 2245.5
253.33 323.65 452.25 585.97 646.89 624.65
225.54 470.84 279.4 4398.95 1265.52 714.14
626.85 815.11 1061.84 1470.26 1985.72 1920.43
228.39 396.02 349.86 3881.07 1196.77 765.11
690.97 981.94 1466.06 2093.16 2318.71 2023.88
782.95 1064.44 1363.06 2421.11 2346.71 2158.75
399.69 513.14 671.29 931.37 1149.23 1028.07
495.18 623.2 652.21 1834.78 1675.94 1520.32
270.4 346.33 412.6 1119.19 850.17 761.23
857.97 1243.32 1733.54 2432.83 2747.1 2325.4
768.37 991.55 1299.76 1888.06 2372.67 2221.14
717.98 930.79 1197.93 1677.44 2252.23 2166.75
786.09 1073.34 1474.41 1996.37 2593.54 2475.04
814.27 1069.87 1393.06 2159.74 2697.17 2591.64
210.86 257.34 323.77 418.38 506.4 494.06
689.33 960.42 1276.79 2471.8 2373.97 2190.57
868.22 1169.63 1640.47 2525.54 2821.97 2186.49
359.32 486.83 662.1 1011.95 840.43 579.72
327.07 427.39 593.52 801.25 906.44 853.37
719.52 1010.87 1435.6 2053.31 2275.1 1822.02
201.73 238.7 309.2 392.27 445.79 430.68
903.37 1301.67 1918.79 2899.26 3061.83 2158.99
825.6 1071.22 1422.63 2109.33 2551.35 2198.8
403.85 509.51 649.77 907.15 1201.83 1163.27
296.47 386.43 555.35 754.95 822.9 793.67
379.28 521.38 646.87 1638.24 1222.78 1060.39
695.13 810.5 952.34 1293.22 1821.69 1732.83
403.08 489.23 542.02 1075.91 1046.74 957.88
511.87 682.94 868.56 2298.46 1643.41 1172.73
516.07 744.14 907.38 3079.04 1845.93 1550.91
968.15 1431.46 2122.6 3094.64 2916.85 1951.31
503.09 614.07 686.73 1933.91 1816.53 1662.13
552.56 754.97 1073.55 1458.76 1690.38 1629.81
783.19 1037.31 1384.68 1983.71 2442.13 2273.33
709.67 919.82 1220.5 1741.29 2458.95 2368.41
692.88 928.93 1189.66 1677.94 2204.24 2091.43
861.99 1203.18 1719.74 2594.83 2781.43 2124.51
621.62 878.06 1275.25 1950.01 2260.21 1608.29
578.36 827.84 1203.73 1707.31 1748.51 1352.09
814.84 1105.73 1487.58 2024.81 2518.39 2413.88
539.86 820.09 979.69 3759.11 1979.63 1361.87
143.62 268.29 174.99 2647.6 797.44 419.75
587.77 808.45 1099.16 1696.62 1660.56 1251.16
497.33 752.26 798.98 3849.57 1906.25 1466.79
570.82 782.64 984.01 1345.68 1909.41 1801.62
483.47 662.83 832.65 1922.74 1521.78 1206.92
835.99 1190.97 1785.61 2718.58 2642.98 1821.72
806.49 1141.16 1610.51 2292.96 2497.71 2121.23
116.05 123.37 133.07 146.67 165.16 162.21
888.26 1236.65 1653.33 2240.33 2784.06 2672.78
747.58 1043.08 1374.23 3161.31 2787.74 2255.3
640.01 839.52 1083.83 1980.02 2112.2 1994.4
474.81 583.77 755.68 1065.6 1446.23 1427.83
537.96 794.99 875.64 2930.43 1630.59 1221.1
466.46 674.21 897.27 1981.01 1585.52 1290.07
206.88 228.42 257.47 344.85 517.15 513.49
702.74 1004.94 1502.67 2510.38 2701.76 1784.92
927.61 1248.17 1667.58 2252.24 2748.07 2599.47
624.56 883.46 1163.54 2989.87 2317.14 1928.07
908.14 1263.57 1738.81 2714.58 2688.0 1986.4
885.83 1248.02 1810.91 2595.38 3054.25 2540.87
435.77 615.76 637.85 3447.16 1574.27 1178.14
856.55 1206.85 1687.3 2480.61 2778.71 2271.54
565.04 797.94 1089.14 1523.11 1782.48 1612.09
746.77 927.19 1206.15 1766.67 2217.33 2116.06
640.68 931.3 1097.24 2947.58 2088.15 1755.01
250.69 407.0 393.23 3539.09 1321.11 853.33
337.43 529.82 574.06 3453.59 1315.2 866.39
807.15 1179.34 1748.39 2525.04 2436.97 1749.26
166.26 201.88 243.53 433.75 374.79 349.58
919.02 1322.86 1905.83 3229.24 3043.06 2061.84
335.23 429.36 546.01 708.57 877.21 843.59
892.86 1251.82 1782.22 2780.83 2322.4 1569.22
368.46 479.52 614.95 851.14 977.38 886.79
663.09 966.41 1297.54 2735.78 2038.53 1440.7
833.1 1118.71 1532.62 2300.28 2461.35 2094.41
481.69 605.15 754.35 1037.49 1349.34 1341.68
453.91 630.2 772.74 1764.62 1421.22 1292.87
219.89 261.2 318.08 413.52 525.67 512.68
892.87 1158.12 1505.77 2100.93 2855.88 2748.15
887.75 1271.38 1890.6 2910.07 3375.93 2355.82
232.06 453.26 312.91 4366.59 1232.35 715.82
784.44 1150.19 1661.04 2878.03 2568.47 1862.91
128.72 132.97 138.71 157.53 207.06 202.23
759.49 1068.88 1411.95 2634.57 2609.81 2355.4
160.33 212.07 188.07 969.22 396.11 289.0
419.79 554.42 715.73 946.18 1185.11 1151.15
721.15 998.93 1310.94 1863.2 2098.88 1812.3
727.53 1005.73 1311.6 1743.09 2240.42 2132.38
311.58 453.41 544.9 2006.6 1216.76 981.58
863.25 1237.56 1739.38 2448.39 2665.51 2215.56
325.39 661.68 401.85 4758.5 1411.08 782.06
917.32 1313.82 2004.03 3028.96 2792.79 1790.97
576.39 796.44 1197.67 1680.79 1849.95 1556.14
551.56 722.1 938.42 1248.26 1613.66 1539.88
709.42 919.15 1147.89 2553.12 2323.11 2097.74
540.99 687.59 888.04 1245.87 1714.38 1659.93
239.78 376.7 384.74 2225.88 991.2 699.58
669.7 938.03 1272.07 1803.85 2040.89 1802.75
932.84 1317.23 1812.03 2773.28 2842.43 2215.13
449.37 673.23 764.66 3359.93 1749.78 1365.18
763.61 1062.55 1527.33 2232.13 2399.18 1929.67
503.04 815.77 760.09 4135.89 1718.07 1241.51
328.97 576.85 548.08 4258.32 1578.71 923.54
618.82 870.88 1145.04 2502.87 1955.8 1754.96
313.85 440.57 557.48 1372.76 1020.85 767.61
738.21 1051.11 1534.08 2254.3 2429.91 2059.93
496.57 706.25 914.98 2127.03 1863.2 1685.16
367.16 635.63 661.32 4258.55 1687.62 934.16
96.47 271.47 100.24 4737.59 1073.09 399.84
576.04 785.13 974.91 2498.23 2139.18 1920.04
885.03 1282.4 1866.3 2804.09 3092.79 2213.15
318.6 570.32 627.91 3797.13 1558.4 856.62
948.65 1237.51 1637.54 2380.01 2904.88 2691.96
912.06 1342.99 1966.65 3216.42 3137.15 2030.08
621.15 856.82 1160.33 2263.09 2182.53 1731.1
951.86 1412.23 2104.6 3088.28 2872.79 1870.67
463.98 695.2 805.63 3389.49 1770.16 1426.13
562.42 773.34 1089.19 1620.15 1651.25 1230.15
628.4 916.07 1214.44 2850.87 1868.37 1448.94
855.71 1189.96 1722.98 2655.2 2558.03 1892.57
401.9 523.14 677.25 891.99 1210.69 1164.18
256.34 335.07 442.16 651.04 588.61 426.38
308.58 520.56 517.92 3329.3 1447.2 999.03
830.82 1178.24 1653.17 2533.19 2499.21 1917.67
182.77 211.4 250.2 313.14 388.31 379.66
529.11 844.16 879.42 3470.72 2155.4 1784.4
859.87 1165.61 1691.03 2682.82 3299.96 2314.05
816.77 1117.65 1547.64 2269.57 2823.38 2410.96
232.69 448.12 295.12 4460.68 1267.93 740.0
647.93 899.89 1212.89 2146.91 2302.72 1942.09
638.58 753.37 884.47 1429.94 2172.07 2110.96
133.1 336.92 221.73 4120.84 1208.98 589.46
851.76 1173.09 1639.26 2429.56 2748.11 2224.72
116.75 123.17 133.08 146.05 157.73 155.24
183.99 441.62 188.88 4889.49 1192.7 562.41
358.1 635.9 437.58 5078.46 1396.97 767.85
310.41 398.69 538.74 705.56 872.47 838.13
686.91 1043.13 1447.63 3567.4 2601.74 1626.09
386.7 551.29 762.73 2054.49 1368.74 1159.59
648.62 882.08 1175.96 2012.39 2188.61 2003.69
872.73 1231.23 1794.2 2705.46 2569.25 1737.03
301.61 589.04 455.11 4674.72 1417.09 715.12
590.23 796.01 1053.7 1846.34 2210.79 2084.42
708.17 963.64 1273.55 2176.42 2290.19 2152.58
397.01 559.65 752.89 1796.38 1209.1 1063.02
416.63 559.3 749.53 1072.32 1440.7 1382.79
164.41 191.58 237.31 290.5 325.14 316.19
958.91 1393.0 2136.01 3479.85 3929.18 2391.09
576.93 674.84 794.89 1159.96 1915.62 1873.8
768.84 1054.54 1314.92 1729.1 2301.8 2151.4
857.88 1261.36 1856.12 2713.37 2492.55 1636.51
924.77 1285.49 1751.0 2377.83 2781.43 2501.84
440.71 672.34 713.12 3604.74 1683.71 1283.19
692.51 867.12 1124.81 1586.36 2156.4 2072.48
870.22 1260.05 1875.5 2840.21 2771.26 1945.41
826.46 1157.52 1621.37 2403.38 2584.04 2013.22
716.76 1048.32 1490.97 3245.83 2449.79 1714.36
585.41 818.97 969.25 2093.04 1864.12 1666.08
629.74 849.07 1132.55 1561.11 1779.05 1554.96
324.21 559.36 506.64 4100.18 1691.62 1143.61
287.8 342.91 424.19 570.07 737.03 718.73
901.26 1187.43 1564.1 2101.29 2666.76 2483.57
812.5 1050.57 1362.55 1896.28 2577.83 2482.43
726.68 1043.61 1406.07 3036.02 2619.59 1951.3
412.55 718.64 535.18 4124.2 1681.06 1189.02
831.08 1140.8 1547.6 2389.88 2585.84 2170.26
424.51 685.85 783.54 3899.73 1744.47 1020.81
541.94 795.48 1064.92 1669.08 1616.02 1503.47
625.77 921.03 1198.34 3240.26 1986.33 1363.16
857.14 1141.04 1552.62 2305.9 2840.72 2215.7
598.64 766.49 984.45 1375.24 1712.59 1580.05
492.47 714.49 864.46 3380.73 1922.68 1550.79
658.88 962.14 1268.8 3141.66 2347.99 1782.25
402.81 552.15 714.64 964.74 934.82 902.52
891.67 1293.02 1880.19 2854.65 3057.41 2180.28
341.41 469.15 661.48 1404.79 1097.18 989.14
910.88 1276.73 1815.04 2727.75 3186.88 2438.11
325.55 511.67 576.68 3670.52 1650.14 1243.84
744.69 1019.47 1384.83 1918.83 2275.12 2058.15
459.87 698.46 829.6 3385.76 1913.09 1497.15
784.43 1039.16 1390.77 1937.9 2222.63 1895.92
801.0 1068.73 1400.32 1959.11 2463.35 2337.93
975.88 1402.78 2057.63 3107.7 3692.75 2514.24
751.47 992.55 1274.66 1991.4 2546.82 2451.67
690.8 958.9 1410.57 2149.2 2249.66 2145.97
678.55 842.4 1019.04 1405.67 1853.27 1783.37
497.81 642.95 866.29 1223.19 1383.22 1189.36
939.04 1381.24 2051.69 3172.63 3230.55 2077.72
793.94 990.34 1313.12 1912.7 2577.39 2381.32
565.84 777.36 1017.89 2286.67 1858.64 1542.28
871.51 1183.44 1659.5 2311.76 2713.99 2462.45
425.97 547.96 709.59 947.94 1186.6 1143.91
487.91 728.36 956.46 3028.09 1454.6 881.87
333.9 550.73 556.11 3659.98 1403.9 891.59
635.72 846.8 975.45 2650.72 1877.63 1512.33
953.38 1383.77 1986.15 3110.83 2918.46 1850.66
281.02 324.83 398.34 545.22 748.41 723.15
952.49 1340.0 1926.09 2880.63 3340.93 2454.78
967.17 1417.97 2099.03 3073.49 3121.44 2242.7
695.73 1002.75 1442.41 2990.97 2193.61 1326.54
433.01 608.15 682.4 3116.97 1737.92 1391.67
628.63 828.49 1137.57 1504.23 1973.42 1898.75
906.09 1316.81 2011.17 3069.46 2759.31 1675.4
566.58 810.94 952.78 2804.92 1907.15 1652.18
668.17 944.43 1294.33 2543.94 2391.37 2171.71
657.06 887.67 1137.02 2162.65 2227.58 2096.08
581.32 772.86 1036.5 1433.01 1831.5 1774.83
326.85 489.2 553.12 2307.95 1281.27 1011.79
481.58 737.51 979.7 3644.74 1883.24 1101.22
702.03 962.15 1218.11 2447.05 2130.91 1967.03
777.61 1033.53 1402.31 2021.12 2416.25 2090.94
581.34 750.52 852.48 2164.14 1670.85 1497.22
720.43 971.16 1256.95 2491.32 2328.22 2059.03
602.65 776.27 1020.16 1461.81 1923.47 1717.77
638.42 887.24 1213.79 2038.63 2334.35 2209.09
787.68 1036.2 1320.33 2600.11 2645.52 2474.9
811.21 1157.9 1627.15 3305.56 2747.53 1711.37
698.82 1030.5 1482.91 3297.81 2346.49 1435.73
579.05 823.03 907.25 3234.55 1942.16 1577.06
432.78 559.92 718.6 1033.21 1380.04 1342.0
250.3 467.19 439.26 3836.69 1487.66 913.26
439.93 659.58 789.17 3824.07 1866.61 1215.01
575.66 826.8 1141.09 1790.42 1610.78 1242.73
798.31 1106.03 1555.37 2188.69 2510.77 2078.63
882.65 1200.33 1683.6 2561.33 2883.97 2248.2
793.61 1113.63 1513.44 2656.69 2795.95 2437.55
378.58 434.72 510.46 738.2 1187.32 1177.79
220.97 266.49 327.58 407.27 487.3 468.26
919.47 1306.32 1848.91 2840.69 2555.99 1889.68
449.01 670.59 917.64 2716.49 1701.76 1443.6
660.64 854.83 1094.23 2320.05 2333.03 1903.89
867.23 1140.18 1488.83 2046.86 2655.51 2550.79
286.89 378.1 480.42 608.55 612.28 595.87
429.92 571.29 744.08 987.0 1168.21 1105.24
619.09 821.81 1020.78 2810.83 2233.37 2008.14
509.73 716.58 983.09 1489.59 1142.35 809.18
941.46 1309.61 1843.3 2700.37 3032.87 2454.15
707.67 985.12 1315.83 2128.58 2325.68 2026.94
692.86 962.8 1319.95 2006.29 2616.94 2479.63
865.39 1201.7 1699.87 2394.69 2672.5 2298.42
403.05 601.21 715.69 2548.57 1316.05 747.86
724.63 1017.26 1416.4 1955.49 2240.1 1881.6
92.64 275.96 106.49 4662.95 1172.02 448.01
955.82 1383.64 2072.25 3264.87 3733.67 2476.35
349.57 522.63 545.86 3417.44 1547.38 1135.05
907.84 1222.57 1642.16 2636.6 2992.05 2603.26
713.95 980.39 1209.64 3003.92 2559.05 2324.42
885.06 1249.77 1839.35 2924.41 2615.65 1717.9
819.34 1163.0 1702.36 3118.17 2578.22 1691.31
846.18 1177.71 1658.45 2492.14 2327.62 1793.41
413.14 653.98 664.85 3914.18 1893.31 1395.55
862.88 1144.29 1520.59 2259.83 2876.95 2667.23
217.97 425.79 366.48 3813.13 1366.46 811.8
224.16 444.43 318.55 4363.32 1454.99 840.35
243.96 351.41 385.32 1991.7 895.19 685.03
639.44 929.66 1188.63 3098.04 2367.59 1903.52
766.72 1039.19 1363.66 1861.67 2245.16 2048.51
752.75 1105.53 1658.13 2367.2 2223.55 1610.42
668.61 874.69 1125.2 1812.11 2182.46 2084.09
521.64 699.03 853.74 1089.5 1471.47 1406.86
345.11 477.65 629.03 799.7 900.7 880.27
522.37 733.63 1035.61 1574.35 1530.46 1058.24
963.04 1384.89 2043.57 3086.26 3679.17 2520.94
604.06 798.71 1087.72 1590.08 2067.79 1975.14
247.37 300.94 403.06 523.4 600.94 579.05
508.84 775.27 902.49 3252.87 1830.99 1499.62
708.07 986.6 1349.6 2048.18 2161.33 1745.47
214.75 289.98 250.63 1583.26 648.8 473.58
913.8 1234.91 1671.46 2360.69 2746.27 2449.99
825.3 1224.12 1712.76 3564.54 2642.51 1671.14
401.49 574.56 772.57 1057.8 1376.52 1325.68
252.42 306.97 380.28 505.14 677.05 652.87
854.93 1185.67 1683.81 2459.43 2750.93 2219.48
759.83 914.6 1083.69 1487.81 2082.29 1985.24
670.22 887.21 1171.69 1656.82 1953.18 1772.51
342.77 539.29 604.55 3501.38 1519.53 1143.74
303.01 551.29 355.71 4617.93 1152.5 565.19
829.98 1115.71 1572.07 2498.23 2533.2 1850.33
752.22 997.29 1316.91 1858.53 2563.01 2467.84
519.59 706.64 925.33 1189.8 1563.9 1494.39
771.47 1133.0 1576.96 3332.37 3046.52 2039.26
940.53 1348.33 1957.33 2976.89 3296.74 2322.98
918.1 1311.14 1969.28 3188.49 2774.57 1732.74
785.04 1021.92 1321.97 1856.52 2537.74 2432.89
550.02 710.63 925.67 1288.8 1682.36 1623.53
738.7 1027.51 1309.82 3109.15 2541.0 2128.21
214.88 377.39 356.72 3686.96 1249.6 745.6
269.35 346.89 492.49 664.53 723.11 697.91
495.35 727.14 834.71 2885.96 1853.44 1569.58
697.93 990.99 1415.75 2121.14 1914.1 1541.73
356.68 467.91 606.18 1180.03 1028.86 940.19
537.7 721.75 879.33 2196.17 1837.47 1635.34
887.76 1246.88 1785.61 2747.87 2442.89 1785.26
887.78 1276.6 1845.76 2869.75 2643.68 1707.0
913.25 1285.73 1907.27 2898.37 2786.11 1880.78
263.77 301.85 343.26 442.46 591.69 568.77
637.86 936.39 1311.32 2486.2 2143.47 1678.95
553.37 875.31 840.9 4353.75 1837.63 1260.48
336.92 589.15 483.08 4370.07 1343.63 806.26
809.32 1123.11 1469.49 1951.09 2537.87 2416.32
889.36 1278.17 1847.93 2805.76 3118.35 2203.98
950.83 1304.25 1827.51 2752.6 3345.42 2641.08
950.09 1263.06 1736.22 2523.25 2845.79 2447.43
739.18 994.66 1452.31 2046.44 2343.7 2066.66
364.82 536.26 502.56 3634.68 1528.68 1139.75
648.07 872.22 1088.45 2452.24 2304.76 2132.02
888.97 1245.83 1719.14 2613.83 2704.56 2185.91
698.34 961.02 1320.03 1735.46 2213.16 2104.19
763.12 993.19 1339.61 1894.38 2635.2 2512.18
750.66 1052.88 1542.65 2230.96 2417.09 2012.3
474.94 566.98 690.53 915.57 1283.96 1244.62
339.75 521.19 567.88 3605.1 1455.48 1067.74
402.46 624.54 545.24 3224.2 1353.04 985.49
594.35 851.27 1200.48 1635.5 1827.15 1581.69
552.98 717.66 874.64 1768.77 1679.23 1603.27
370.25 489.5 619.83 800.0 1024.47 985.7
492.48 636.39 820.49 1108.31 1504.62 1462.48
132.49 310.76 148.42 3978.02 1068.94 485.57
540.87 790.16 981.3 3379.21 1970.55 1389.5
827.56 1055.56 1377.47 1972.11 2619.47 2526.82
536.77 790.01 1007.33 3228.9 1929.88 1640.12
709.67 929.37 1225.68 1799.25 2294.68 2191.19
618.5 882.35 1001.17 2914.19 2155.49 1880.31
913.15 1221.4 1615.69 2198.92 2784.51 2636.23
366.59 458.83 583.78 786.52 1028.64 1000.77
876.59 1129.86 1480.42 2186.62 2892.5 2781.1
792.65 1146.71 1748.71 2821.08 2422.75 1473.33
590.89 865.89 969.39 3538.38 1996.92 1648.95
282.89 615.75 262.35 4860.4 1324.01 689.26
576.34 755.56 996.09 1309.88 1625.0 1550.01
643.69 883.6 1145.79 1508.26 1959.85 1881.86
512.4 693.75 945.11 1304.95 1442.19 1234.68
904.55 1253.3 1674.35 2261.27 2864.71 2740.66
381.36 579.92 558.85 3723.35 1599.79 1169.15
471.88 607.88 682.96 1548.91 1716.64 1584.72
956.96 1378.13 1930.89 3076.32 2506.52 1622.83
649.25 902.03 1307.94 1827.76 2007.46 1799.68
813.32 1174.07 1535.5 2757.29 2476.87 1896.94
673.84 870.45 1124.14 1476.66 1903.99 1831.96
946.53 1394.52 2055.53 3013.96 2871.96 1971.65
931.87 1321.43 1873.09 2904.21 2890.41 2003.46
748.11 1033.38 1378.25 2036.83 2546.3 2419.24
327.22 417.1 514.81 698.07 901.7 866.84
923.97 1212.88 1654.12 2384.97 2997.89 2697.01
770.67 1077.77 1464.76 2184.22 2364.21 2234.68
663.07 924.45 1159.13 1779.81 2257.23 2098.03
684.26 931.54 1226.69 2218.25 2223.86 2079.25
702.84 910.18 1190.49 1682.94 2175.68 2051.47
447.57 553.69 704.29 985.63 1316.64 1282.26
336.51 438.23 566.81 818.62 801.03 639.96
836.97 1168.53 1676.72 2377.01 2571.55 2084.19
683.47 884.45 1118.58 2043.49 2244.13 2102.96
732.8 1030.84 1352.74 2328.35 2397.57 2246.4
534.15 682.96 867.39 1619.27 1689.06 1573.55
442.52 582.58 716.4 1577.9 1411.86 1302.19
812.02 1152.36 1691.63 2355.52 2504.74 2034.7
345.11 521.83 575.77 3394.48 1569.78 1210.5
389.25 634.81 453.58 4404.99 1395.73 858.76
506.5 684.3 925.64 1802.1 1655.91 1268.64
789.4 1103.44 1434.19 2579.8 2481.73 2300.71
416.1 733.13 564.3 4193.95 1631.36 1128.74
419.97 532.61 699.66 969.99 1094.04 923.01
664.25 823.9 944.22 1891.6 1948.61 1773.38
687.51 940.29 1139.55 3164.23 2421.86 2071.29
336.19 375.52 421.1 588.92 1123.43 1112.16
391.75 541.81 790.08 1080.15 1253.22 1218.55
197.45 357.92 280.33 4103.34 1257.6 701.0
616.02 867.11 1059.55 3211.67 2127.39 1846.66
709.57 945.03 1205.29 2667.37 2319.41 1904.65
292.11 494.13 400.08 4480.92 1489.18 993.15
844.96 1100.51 1417.05 2443.01 2680.86 2537.61
266.67 350.73 421.51 1030.52 759.78 682.13
88.05 220.18 84.05 4892.85 994.9 405.09
404.16 567.78 538.16 3425.59 1491.74 1144.31
541.49 778.28 987.12 2339.26 1836.43 1624.45
705.52 971.88 1337.94 1915.82 2311.86 2018.99
891.88 1298.41 1931.28 3546.61 3650.59 2292.63
205.85 373.23 220.09 4173.11 1112.0 619.91
499.73 703.04 818.04 3197.18 1821.54 1501.6
780.57 1088.49 1555.59 2353.27 2512.03 1846.39
541.1 739.86 1004.86 1454.55 1967.74 1887.07
869.84 1128.62 1503.81 2061.83 2771.95 2649.07
688.97 947.76 1210.92 2820.12 2404.17 2062.32
153.27 211.09 211.12 942.17 408.04 308.61
805.41 1184.08 1554.97 3531.51 2748.04 1962.8
843.52 1226.03 1763.3 2824.05 3063.98 2224.39
579.95 754.4 1086.98 1478.91 1731.43 1660.13
745.28 1031.16 1377.38 2072.95 2537.05 2402.01
943.07 1339.91 1868.14 2963.46 2537.93 1738.66
524.1 742.22 1103.11 1524.76 1776.34 1725.94
290.3 339.31 385.28 527.58 888.58 858.5
596.06 888.01 1003.21 3839.31 2241.53 1644.01
455.51 606.82 722.71 2188.21 1463.24 1298.23
942.76 1311.45 1842.96 2794.23 2717.16 2115.49
471.61 627.43 835.95 1243.81 1617.93 1311.92
323.1 489.75 492.48 3577.09 1514.38 1072.06
938.58 1290.79 1768.48 2769.5 2776.75 2109.89
788.12 1006.68 1316.67 1831.09 2415.33 2346.35
699.89 970.33 1327.47 1890.03 2220.64 2075.07
905.22 1174.27 1526.86 2130.05 2900.3 2792.49
675.85 886.99 1157.09 1579.37 2160.84 2099.01
283.09 487.36 405.53 4132.86 1349.14 880.27
312.84 403.14 493.91 942.84 950.06 882.26
710.31 929.61 1178.54 2177.46 2330.52 2199.34
647.03 854.95 1117.5 1570.63 2139.09 2072.67
827.86 1079.95 1402.35 1974.92 2438.38 2110.03
930.0 1362.15 2016.06 3109.66 3193.7 2091.4
200.26 223.57 248.92 309.65 401.01 386.98
210.16 238.03 281.73 361.71 488.52 470.54
485.12 601.22 770.42 1093.88 1445.5 1379.06
698.61 916.18 1076.25 2432.75 2351.64 2145.06
696.14 995.9 1411.23 2180.2 2074.67 1361.01
208.34 250.52 304.99 379.04 443.05 433.25
211.78 265.37 343.66 464.37 480.09 383.67
724.02 1036.65 1426.74 2776.46 2711.55 2224.22
233.1 284.36 283.49 954.58 661.07 571.62
702.84 922.55 1215.82 2021.85 2142.48 2008.97
957.46 1367.44 1961.97 2820.24 2923.71 2149.48
735.22 969.78 1289.09 1909.14 2140.6 1834.97
725.74 1008.58 1484.0 2196.35 2116.66 1498.99
376.34 501.82 672.4 1005.92 935.84 750.6
399.8 480.51 599.24 863.48 1197.39 1029.5
937.44 1259.01 1746.7 2440.56 2991.67 2648.47
665.95 901.1 1229.31 1711.72 2097.03 1814.02
929.12 1392.44 2077.59 3053.68 3027.89 2064.92
839.26 1175.84 1706.31 2482.23 2284.84 1677.36
523.4 682.31 783.14 1883.74 1597.45 1415.66
741.5 894.82 1079.81 2146.23 2236.57 2110.85
525.84 729.17 1072.26 1610.61 1511.1 996.05
953.59 1381.34 1985.26 3121.45 2922.85 1838.55
399.96 671.0 742.95 4327.82 1818.32 1085.57
884.1 1249.73 1748.56 2920.01 2945.78 2254.55
389.91 548.44 745.03 1532.79 1183.09 782.32
601.7 756.77 876.72 1469.74 1743.25 1646.42
947.22 1355.43 1983.79 3011.72 3602.27 2455.89
580.37 792.61 940.48 2440.88 1978.99 1782.49
176.01 294.81 285.96 3004.87 888.19 488.71
864.79 1233.41 1814.0 2767.82 2688.72 1816.53
843.06 1192.67 1665.21 2465.24 2602.17 2156.55
321.09 509.98 472.36 3386.95 1475.34 1006.87
734.14 923.64 1170.22 1586.11 2057.14 1935.39
115.47 170.18 128.65 1958.85 521.41 288.78
545.09 841.48 1068.43 3605.9 2046.98 1234.57
683.47 900.25 1130.77 2281.24 2265.78 2116.53
611.64 839.8 1151.04 1516.25 1835.46 1712.76
166.74 185.1 205.26 241.12 294.56 288.04
109.4 245.85 121.96 4761.74 1038.54 467.08
202.65 255.0 332.06 428.57 433.16 367.9
104.22 231.2 112.18 3422.91 820.76 340.6
238.24 301.54 420.39 560.84 608.65 588.08
714.93 1054.24 1230.34 3516.92 2417.59 1817.55
189.25 450.42 210.97 4822.9 1196.72 574.78
757.24 1017.5 1425.71 2092.4 2284.27 1845.5
122.78 130.55 145.31 163.53 157.5 156.33
807.0 1190.97 1767.16 2579.45 2385.22 1549.22
326.36 675.28 348.76 4960.92 1445.55 769.54
733.65 1081.93 1535.74 3249.89 2405.15 1586.83
82.37 230.51 76.66 4584.59 1024.86 372.12
597.33 868.16 1235.65 2836.1 2181.4 1728.29
455.12 555.91 654.97 1209.95 1281.61 1196.35
540.22 717.79 971.7 1418.66 1723.38 1496.66
491.45 665.01 797.57 2738.25 1788.39 1550.8
846.03 1125.77 1553.57 2267.65 2530.14 2100.96
580.46 793.86 922.33 3298.12 2178.38 1909.32
217.27 351.91 270.45 3576.56 1249.23 773.9
904.91 1225.22 1677.06 2446.1 3091.5 2709.9
502.75 711.85 984.19 2392.51 1768.06 1595.96
643.03 890.65 1127.3 2024.97 2066.24 1899.49
512.26 861.27 801.86 4030.58 1842.82 1386.72
318.44 404.61 518.3 706.71 920.15 887.26
854.9 1153.4 1583.89 2280.86 2728.63 2420.64
668.18 984.86 1311.93 2753.19 2382.64 1904.75
649.35 903.92 1318.15 1872.36 2124.8 1836.73
417.46 552.96 670.18 1563.73 1384.81 1273.64
804.92 1087.48 1408.3 2109.85 2365.71 2241.48
850.03 1230.3 1760.6 2727.68 2522.29 1859.07
206.46 292.89 285.89 1307.8 649.74 509.25
380.16 488.12 645.4 953.5 1227.06 1007.95
651.16 756.16 884.27 1195.77 1688.21 1613.64
854.41 1211.56 1750.65 2770.93 2234.48 1450.53
601.24 843.65 1108.63 2458.94 2035.71 1837.35
469.61 798.0 639.68 4352.72 1751.17 1182.18
906.61 1278.0 1809.31 2725.5 2803.75 2099.75
681.83 901.58 1180.3 1579.54 2050.36 1955.29
325.76 613.04 501.3 4599.58 1507.36 837.57
527.82 745.16 932.16 3200.49 1953.09 1668.42
437.7 650.0 671.99 3660.33 1755.06 1383.68
633.25 845.38 1089.9 1705.43 2078.66 1985.35
189.75 217.67 255.12 322.68 395.92 385.92
407.6 567.08 714.61 2905.14 1243.84 990.12
803.52 1070.52 1480.53 1993.18 2597.39 2494.9
434.83 715.81 789.42 4007.57 2013.9 1337.96
421.72 656.69 649.66 3393.6 1544.1 1163.89
424.79 635.72 753.94 3544.54 1666.41 1181.69
591.64 819.2 1154.24 1674.17 1763.18 1383.81
756.16 992.18 1303.39 1882.94 2416.08 2324.1
923.87 1324.03 1894.16 2739.42 2716.19 1982.28
369.14 565.01 673.81 2511.95 1426.88 958.03
415.63 698.0 538.89 4860.41 1587.32 1004.76
499.85 716.06 885.64 3027.6 1526.13 1232.35
382.84 573.66 559.96 3379.7 1549.2 1187.15
825.92 1055.95 1386.54 1978.53 2713.42 2632.76
425.29 658.46 763.05 3656.49 1641.01 1147.82
532.89 687.59 890.31 1225.9 1649.43 1595.79
231.15 423.12 380.75 3983.45 1287.23 665.45
933.88 1293.06 1825.84 2714.28 3070.44 2413.04
932.12 1319.66 1915.87 2891.65 3499.01 2490.48
830.35 1172.52 1662.86 2419.03 2861.0 2243.85
761.92 1135.57 1622.51 2315.96 2614.58 2191.85
151.59 170.18 194.59 240.38 294.86 288.38
911.87 1178.87 1539.63 2168.19 2822.38 2691.56
290.01 470.13 456.53 3444.26 1342.98 896.91
485.29 628.51 812.87 1163.18 1282.5 1086.04
267.67 327.68 408.32 545.67 734.78 708.18
478.71 674.1 749.93 3335.57 1833.77 1359.54
407.1 584.68 679.99 2324.3 1566.19 1305.25
261.07 546.05 274.72 4191.24 1144.48 607.17
570.04 745.72 944.19 1942.5 1951.51 1815.73
232.99 272.18 330.02 433.61 561.55 542.72
878.79 1247.13 1777.95 2705.95 2697.04 1923.79
429.52 631.36 860.58 2747.22 1582.21 1346.86
871.63 1240.52 1738.4 2630.31 2776.15 2111.28
658.85 975.29 1245.0 2828.65 2164.03 1703.68
819.76 1080.47 1428.72 2265.52 2820.12 2583.52
609.24 858.77 1282.5 1786.03 1968.54 1887.05
454.85 562.96 633.62 1401.81 1687.56 1556.84
265.79 343.21 475.47 669.87 651.99 468.88
427.0 560.66 745.81 998.09 1201.66 1161.34
603.36 807.94 1091.48 1520.29 1929.16 1832.4
138.72 153.38 172.09 201.68 241.09 236.34
756.0 1042.91 1253.25 2989.98 2694.53 2378.63
396.27 602.55 706.11 3209.4 1519.98 1223.37
491.12 756.33 968.21 3635.05 1833.97 1122.34
905.5 1214.32 1643.77 2492.11 2743.71 2329.65
569.74 785.36 1077.51 1832.21 1914.56 1754.35
349.87 615.52 447.11 3562.25 1310.31 878.93
184.77 209.41 248.29 318.38 404.47 400.31
917.03 1321.51 1849.49 2939.08 2353.36 1514.77
513.36 716.28 894.48 1805.17 1586.46 1433.11
875.82 1203.89 1593.97 2202.95 2742.6 2653.86
846.38 1132.63 1472.69 2172.1 2586.46 2472.45
846.11 1179.92 1691.82 2520.15 2736.73 2070.53
869.51 1197.41 1597.16 2157.85 2600.84 2454.09
196.6 357.25 297.63 3306.51 1122.31 641.78
505.04 703.22 912.64 1815.16 1410.08 1007.97
335.07 424.06 541.59 736.58 1008.4 980.76
174.33 231.27 204.37 1803.7 611.22 409.88
847.68 1172.1 1648.35 2380.96 2683.29 2215.54
283.56 523.3 307.88 4670.21 1156.38 551.58
113.85 116.36 120.61 130.53 150.12 148.13
882.28 1278.56 1818.32 2890.79 2236.3 1512.6
931.41 1281.61 1795.28 2596.57 2931.83 2438.19
954.72 1357.07 1948.16 2816.39 3133.1 2498.67
724.22 919.3 1152.91 2212.08 2420.95 2240.53
880.66 1206.77 1712.14 2593.21 3049.43 2317.74
230.95 490.45 286.71 4661.99 1317.32 728.42
528.98 742.24 949.53 3003.46 1977.89 1693.42
509.65 710.33 797.05 3068.08 1831.24 1494.89
284.87 338.79 419.75 565.26 759.69 737.17
444.2 563.3 724.63 986.39 1299.0 1263.02
567.49 800.8 949.88 3072.6 2131.83 1804.29
658.05 887.71 1119.95 2404.68 2141.63 1971.76
413.36 650.6 724.55 3529.79 1740.64 1324.74
619.11 861.63 1167.34 2356.91 2045.42 1515.39
838.76 1085.86 1412.04 2114.35 2648.83 2542.16
582.19 821.22 1109.66 2845.66 2053.37 1766.2
849.47 1121.73 1511.31 2154.25 2739.91 2549.31
911.78 1314.07 1932.97 2931.84 3302.17 2235.03
115.83 310.74 80.72 5198.73 1066.17 431.37
418.88 569.87 810.69 1167.91 1307.57 990.15
674.18 950.6 1207.87 2779.0 2244.3 2045.68
639.46 888.16 1341.16 1815.82 2023.11 1931.56
719.26 1033.57 1491.73 2912.86 2299.92 1803.3
299.6 431.52 520.64 2140.16 1040.11 853.43
825.15 1112.82 1481.55 2206.84 2269.63 1870.68
169.44 217.01 222.2 1024.88 495.75 379.45
474.3 618.43 655.29 2409.13 1909.05 1672.78
859.9 1151.19 1528.79 2245.92 3054.41 2949.42
895.75 1235.07 1730.41 2586.25 2990.03 2367.67
431.78 532.83 678.61 951.08 1273.81 1233.6
331.18 473.97 505.41 2539.04 1347.66 1020.16
767.09 1094.25 1549.7 2463.43 2805.21 2316.27
794.5 1093.28 1330.65 2962.97 2798.85 2546.09
721.5 1018.86 1303.8 2715.12 2344.89 2111.69
659.35 862.95 1002.18 2052.69 1910.49 1737.69
306.04 546.7 448.46 4544.27 1469.14 886.61
977.22 1444.82 2135.25 3278.65 3683.18 2506.13
607.83 883.26 937.14 3882.37 2126.56 1680.45
628.38 817.89 1158.27 1706.93 1460.99 1380.33
61.15 252.86 86.99 4322.67 1074.46 403.4
910.34 1338.28 1916.3 3113.18 2206.52 1341.95
511.08 737.56 894.53 2834.37 1922.79 1588.87
884.15 1288.2 1809.79 2831.81 2526.38 1742.72
872.31 1182.61 1662.81 2353.98 2689.95 2401.38
827.56 1129.69 1503.36 2037.97 2581.24 2482.98
832.8 1157.64 1658.96 2493.07 2562.4 1889.95
394.06 545.79 581.77 3327.66 1561.47 1256.33
463.21 724.02 805.78 4055.43 1848.72 1185.34
599.27 842.24 1250.45 2090.22 1972.82 1838.93
502.44 632.61 789.91 1088.45 1417.25 1409.17
474.1 625.81 796.16 1443.32 1559.95 1473.17
752.65 959.0 1250.46 1875.37 2402.04 2291.18
652.8 905.94 1192.47 2794.07 2171.6 1704.09
888.48 1298.52 1850.76 2994.18 2164.99 1354.73
623.71 792.69 1011.28 2366.24 2093.37 1717.39
539.61 764.35 1044.6 1861.11 1550.51 1197.54
638.2 853.77 1152.85 1576.84 1964.43 1897.34
889.33 1243.29 1777.8 2717.65 2850.95 2099.35
794.14 1065.93 1450.74 2073.92 2720.97 2386.1
889.82 1151.82 1491.6 2354.21 2943.27 2816.91
660.16 884.81 1198.25 1999.92 2340.24 2202.0
131.24 260.86 165.58 4414.77 1066.08 523.43
739.91 1001.84 1364.98 1860.63 2255.93 2172.9
673.63 894.63 1183.58 1649.99 2010.5 1845.97
576.37 778.48 1016.22 1614.08 1376.24 1311.16
334.1 502.96 517.81 3839.99 1521.78 1103.95
454.87 633.26 937.18 1394.96 1303.73 852.5
798.84 1067.98 1431.67 2103.06 2505.0 2176.77
65.58 236.24 89.43 3854.19 966.79 370.18
507.75 781.72 998.89 2428.86 1692.24 1430.06
453.14 635.88 803.75 1710.56 1583.43 1434.31
513.91 721.86 1097.25 1440.39 1534.0 1461.69
795.44 1046.15 1354.77 2172.61 2661.03 2540.63
612.75 916.48 1251.8 3493.15 2061.58 1225.51
455.48 681.63 910.94 2186.12 1790.87 1602.18
474.49 699.97 917.04 1938.03 1423.63 1291.66
349.18 663.34 416.7 4392.74 1499.46 949.86
511.01 716.19 1004.06 1532.98 1463.77 977.44
786.34 998.27 1273.79 2343.45 2471.63 2299.13
796.74 1103.48 1682.78 2369.05 2424.73 2142.71
682.84 883.56 1135.51 1587.76 2129.87 2049.25
346.16 471.32 662.22 959.41 1087.88 802.73
929.95 1355.5 2078.5 3341.4 3783.52 2397.82
515.8 760.36 1050.31 2030.78 1952.37 1771.04
656.14 862.3 1102.39 2006.53 1953.31 1634.97
684.72 966.46 1350.39 2443.5 2158.27 1827.73
584.4 802.06 1063.12 1418.53 1894.11 1806.51
699.87 946.02 1169.35 2545.88 2314.46 2114.76
791.98 1084.67 1552.76 2172.98 2551.04 2426.28
608.46 880.35 1272.31 2777.11 2112.96 1630.12
493.74 706.27 987.69 1984.33 1673.14 1186.47
400.39 471.3 532.01 1323.65 1326.08 1173.39
126.74 265.92 153.18 4778.76 1096.08 526.52
488.24 700.47 826.49 2249.24 1724.96 1511.8
638.72 856.44 1126.95 1550.45 1935.41 1876.07
652.34 834.06 1068.37 1638.0 1903.54 1827.82
818.75 1083.42 1433.86 2557.86 2563.0 2391.13
708.77 970.27 1321.98 1976.33 2600.43 2497.57
693.84 903.53 1049.5 2456.09 2092.63 1846.51
600.18 796.59 965.12 2640.65 2169.95 1903.51
528.81 626.23 718.87 1058.86 1725.49 1687.28
503.53 633.72 778.78 1077.98 1397.83 1350.49
505.42 677.45 906.38 1302.27 1194.83 1066.1
131.37 263.82 169.29 4439.22 1081.71 537.74
905.56 1345.75 1989.71 2911.57 2693.3 1809.17
774.57 993.3 1258.97 1711.63 2105.94 1903.11
253.27 311.52 385.08 512.04 671.31 652.7
900.08 1288.13 1905.1 3059.48 3043.38 1978.84
875.39 1154.41 1499.4 2390.18 2890.76 2761.16
746.27 1047.41 1319.52 3042.24 2244.94 1804.14
351.79 609.55 605.19 4228.53 1494.06 830.36
605.53 785.04 1030.95 1491.79 1984.41 1853.47
782.71 977.06 1227.62 2294.85 2415.26 2157.25
637.9 887.36 1109.09 3087.69 2176.28 1653.66
136.23 148.38 164.93 195.91 237.1 232.65
763.71 1036.38 1297.01 2495.52 2564.97 2344.59
402.88 516.24 633.25 1056.74 1077.86 1007.37
139.54 158.9 191.95 230.59 245.58 240.74
303.53 466.13 576.12 3257.56 1165.55 742.02
652.06 868.05 1236.87 2065.76 2067.28 1925.14
455.87 629.54 824.38 1068.35 1075.45 1044.2
818.47 1222.66 1826.45 2682.72 2629.13 1771.0
342.1 671.77 321.43 5650.61 1342.14 616.45
764.52 1103.33 1674.3 2361.32 2446.01 2010.55
509.43 709.03 1016.96 1472.31 1601.83 1260.89
955.78 1378.46 2090.9 3370.36 3854.7 2446.82
777.36 1096.75 1539.57 2198.48 2581.85 2180.76
827.51 1173.18 1721.84 2534.19 2548.73 1879.14
461.02 640.26 927.99 1358.33 1576.8 1113.38
474.25 770.19 801.13 3720.55 1844.87 1371.96
289.93 356.18 448.28 601.78 776.23 750.72
895.65 1277.51 1923.21 2902.84 2679.92 1711.2
615.81 857.14 1284.72 1778.69 1920.8 1732.56
943.19 1260.77 1694.75 2490.27 2863.38 2512.91
248.91 294.53 355.73 471.86 628.66 606.1
774.91 1114.7 1563.89 2709.71 2779.55 2094.91
793.45 1065.21 1432.64 2057.62 2683.57 2514.65
713.15 1003.18 1119.81 3186.93 2372.41 2090.75
487.41 641.39 853.31 1171.78 1495.36 1451.23
379.4 599.11 725.48 3532.95 1637.46 1232.46
376.3 531.82 640.58 1401.35 926.08 822.91
141.63 188.33 151.11 749.87 320.4 238.49
794.54 1143.87 1742.76 3037.42 2513.89 1740.79
463.78 619.22 769.76 2100.71 1588.06 1398.56
266.71 348.51 483.92 705.45 807.42 590.6
925.98 1330.16 2032.94 3092.75 2812.02 1734.45
743.05 1020.23 1264.4 2343.32 2250.57 2084.51
796.49 941.53 1163.83 1769.85 2302.49 2247.88
184.1 229.04 289.08 467.49 394.0 335.89
704.59 944.22 1230.02 1730.04 2019.46 1907.96
836.68 1081.68 1416.35 2016.73 2797.08 2705.76
844.49 1197.51 1661.09 2585.81 2565.57 1950.73
170.52 350.81 226.08 4510.31 1236.5 616.03
348.51 498.28 598.97 2336.35 1276.73 1037.51
859.79 1206.61 1771.56 2503.44 2761.18 2287.58
630.68 930.88 1164.52 3250.53 2297.29 1804.56
695.26 922.72 1250.61 1855.21 2208.56 1963.89
260.44 320.24 399.56 527.84 694.65 674.34
599.5 826.32 993.74 2189.21 1977.38 1806.14
547.05 763.99 888.34 2387.8 1711.17 1480.45
324.84 497.86 540.72 3502.9 1540.47 1157.35
888.51 1257.09 1863.89 2807.61 2762.87 1923.39
390.46 574.13 694.81 2107.42 1543.09 1312.41
359.79 485.83 519.53 2268.6 1245.38 980.12
671.19 923.05 1291.88 1876.84 2185.97 1819.26
661.4 936.7 1330.07 2220.57 2357.54 2232.41
789.1 1030.74 1333.25 2056.93 2481.47 2356.42
353.03 490.17 488.06 2025.14 1057.53 842.32
381.09 621.75 608.92 3965.55 1625.59 1119.21
550.9 794.01 1125.86 2502.19 1883.52 1696.31
545.28 690.47 909.0 1282.53 1669.4 1549.01
702.97 843.17 995.61 1360.84 1910.28 1825.89
373.15 587.98 647.84 3556.54 1644.15 1215.07
606.15 939.85 1302.35 3686.59 2005.83 1211.54
759.06 991.48 1321.16 1970.12 2209.61 1984.05
692.39 934.79 1181.7 2251.12 2231.02 2068.48
558.5 763.86 1101.13 1657.83 1654.3 1137.51
957.41 1400.86 2064.16 3012.43 2920.2 2019.04
883.54 1200.53 1725.87 2564.9 2665.17 1999.47
693.11 921.23 1273.05 1736.67 2140.1 2045.75
513.01 682.17 843.55 1969.54 1786.89 1610.96
722.12 994.85 1318.15 2639.12 2415.53 2236.05
147.99 344.1 137.45 4873.75 1067.09 426.72
562.9 776.76 1093.4 1630.7 1816.33 1373.81
624.43 855.97 1185.71 1659.28 2218.66 2136.27
958.06 1379.55 2004.73 2910.21 2939.69 2159.89
865.62 1256.71 1845.78 2756.14 3062.68 2246.82
786.67 1006.58 1203.26 2236.86 2225.91 2035.81
121.17 302.44 146.76 4545.82 1228.9 527.84
839.17 1193.39 1747.27 2752.85 2472.55 1682.92
431.55 581.86 595.43 2110.06 1617.13 1404.53
519.49 708.51 960.53 1388.18 1876.22 1799.51
312.46 494.35 372.45 4090.94 1348.28 834.49
829.58 1089.2 1450.53 2068.23 2679.32 2450.36
718.27 913.44 1153.91 1576.05 2067.59 2008.31
492.62 654.97 948.41 1686.27 1190.19 1103.97
649.41 790.2 994.34 1420.39 1994.27 1943.65
547.76 752.8 926.22 2985.38 2063.78 1797.52
716.42 1015.49 1416.53 2107.41 2224.16 1673.68
515.25 791.31 974.11 3688.63 2076.19 1423.42
809.64 1137.63 1632.84 2487.2 2607.95 1850.28
607.57 837.35 982.85 2769.11 2154.98 1908.84
619.21 819.78 1030.17 2284.16 2197.5 2048.49
151.75 177.39 173.51 678.82 378.12 317.71
758.2 1040.27 1409.78 2139.04 2239.06 1800.23
902.58 1224.18 1702.83 2506.35 3174.98 2643.8
572.61 781.75 1019.38 1848.83 1630.24 1460.05
547.53 677.16 837.72 1672.03 1761.24 1634.47
742.35 998.21 1294.88 2124.86 2341.82 2179.07
890.64 1258.01 1863.09 2829.84 2761.78 1882.74
379.09 623.28 552.21 4079.57 1306.89 710.16
213.18 365.34 333.85 4171.07 1217.26 681.79
387.04 593.09 699.28 2780.73 1710.86 1365.66
640.8 860.52 1038.07 2973.41 2298.03 2004.62
847.4 1194.12 1655.57 2479.03 2501.93 2006.21
641.03 862.43 1196.55 1678.13 2114.37 2023.17
741.61 1045.19 1492.53 2264.31 2248.22 1595.07
273.9 476.2 449.07 4158.96 1458.33 913.42
829.69 1166.81 1554.27 2976.81 2968.63 2493.51
856.98 1235.8 1887.86 2722.47 2667.42 2144.32
105.94 318.23 94.75 4892.21 1208.36 478.52
217.17 269.75 332.74 417.78 535.3 515.41
596.86 827.56 1119.55 2428.04 1982.19 1804.83
288.98 400.34 515.17 1169.3 885.77 676.26
623.84 776.61 1006.02 1418.33 1969.25 1905.45
789.03 1064.31 1380.51 2054.54 2323.7 2201.68
814.93 1122.08 1613.68 2407.76 2743.07 2182.79
293.12 369.29 469.8 636.37 825.06 795.98
762.57 1003.68 1307.32 2344.91 2590.04 2438.4
712.49 1021.49 1288.54 2658.39 2239.79 1877.04
655.14 824.52 1062.49 1505.09 2016.65 1972.7
391.69 602.62 595.76 3549.95 1681.31 1232.88
936.07 1231.58 1631.6 2309.25 3080.15 2831.95
538.09 793.8 988.11 3428.92 2011.08 1452.42
749.71 1049.24 1422.26 3019.47 2671.08 1915.84
504.1 672.37 892.08 1486.96 1570.21 1464.86
453.09 723.34 921.05 3964.86 1768.31 944.23
112.15 150.44 124.02 1124.9 318.61 198.0
773.49 1092.69 1543.26 2110.92 2406.15 2070.97
845.07 1176.18 1743.96 2664.26 2654.21 1752.62
818.08 1099.3 1475.98 2012.08 2479.86 2331.9
840.56 1180.72 1670.44 2439.12 2690.32 2168.86
684.74 889.58 1182.85 1697.21 2475.96 2373.09
912.15 1286.19 1859.69 2839.08 3207.21 2288.13
644.49 861.42 1140.15 1946.66 2139.0 1898.83
919.21 1310.56 1812.57 2695.47 2481.32 1974.84
915.87 1207.34 1674.19 2538.66 2867.94 2319.21
732.92 1078.05 1509.49 3159.17 2487.46 1637.86
612.18 835.68 1072.28 2247.99 1887.85 1736.59
674.26 968.68 1186.5 3184.97 2281.78 1924.26
183.08 209.88 239.75 301.35 367.2 357.45
774.53 1094.98 1624.43 2418.55 2360.33 1664.4
806.26 1063.72 1324.73 2672.18 2778.93 2600.45
830.86 1190.79 1717.95 2620.92 2940.88 2121.9
306.49 422.2 522.55 1548.11 1051.91 903.23
382.65 626.88 691.32 4275.99 1553.43 888.33
584.35 817.88 898.12 3311.43 2030.65 1696.25
467.96 612.58 810.68 1149.35 1500.44 1441.47
640.33 788.31 909.32 1515.63 2371.38 2258.64
232.66 297.95 381.66 500.62 520.95 444.96
436.29 534.98 680.53 941.77 1240.75 1207.99
579.65 740.54 959.59 1369.75 1915.11 1856.19
104.79 106.68 109.17 113.3 117.98 117.26
720.44 967.14 1257.61 2186.61 2510.75 2376.63
424.13 618.56 849.22 1687.79 1299.33 1182.42
723.08 1026.28 1294.31 2815.95 2403.33 2193.1
843.92 1146.94 1594.82 2239.35 2591.12 2307.6
720.23 1006.46 1262.99 2875.77 2358.53 2077.77
283.39 552.63 262.02 5383.71 1184.2 497.89
346.45 608.98 391.02 4969.85 1357.42 743.0
163.06 257.25 159.45 1975.5 493.18 242.63
335.45 383.68 443.07 620.67 995.85 975.53
561.04 778.88 867.49 3141.3 1881.89 1467.12
536.44 757.06 1039.34 1821.2 1816.12 1692.85
886.98 1156.44 1570.45 2346.83 2824.7 2314.08
327.43 435.22 592.74 923.79 976.44 869.71
758.07 1064.81 1523.03 2202.61 2359.49 1831.73
794.92 1156.45 1677.93 2411.09 2499.0 1889.31
241.13 310.79 408.98 592.43 566.86 395.94
326.64 493.65 583.58 3262.03 1438.3 1034.93
601.3 793.2 1086.7 1468.26 1753.41 1687.32
453.28 584.95 759.62 1042.09 1409.38 1364.66
168.37 199.07 202.8 685.26 423.78 371.68
499.46 667.98 951.59 1281.49 1496.31 1440.78
837.94 1134.71 1500.02 2049.04 2546.8 2433.47
574.91 748.77 934.96 2496.15 2072.12 1749.36
804.87 1085.35 1517.85 2251.97 2550.56 2072.62
673.63 906.48 1198.96 1642.71 1921.21 1739.66
327.83 472.0 505.18 2982.61 1415.82 1042.55
115.03 119.8 126.57 137.8 150.56 149.05
415.3 640.57 611.99 3997.24 1726.98 1251.32
921.46 1354.76 2002.08 2929.87 2825.19 1942.28
386.44 506.81 663.22 883.16 1124.28 1086.39
846.28 1083.33 1400.34 1988.48 2622.48 2526.84
627.42 800.08 1038.52 1470.18 1953.02 1900.44
688.58 964.13 1244.86 2827.27 2173.89 1511.65
342.04 519.59 543.56 3588.24 1595.72 1138.85
704.61 881.69 1147.94 1626.76 2255.59 2177.01
863.46 1255.46 1792.1 2862.62 2191.73 1463.65
203.58 412.49 245.73 4683.52 1208.63 604.69
309.23 390.26 504.96 703.04 963.55 931.84
292.63 456.15 387.18 2128.14 989.53 750.23
617.68 809.25 1056.62 1439.14 1956.82 1886.14
589.03 816.45 1111.48 1611.02 2063.59 1944.29
548.38 808.31 1082.0 3008.99 2011.41 1473.61
548.17 809.17 918.72 2982.33 1833.04 1527.33
392.04 559.4 788.52 1566.37 1304.0 1190.37
314.55 446.97 399.46 1728.79 1146.9 962.49
276.83 379.71 412.11 1997.5 981.74 796.28
815.98 1129.7 1540.21 2060.12 2146.67 1816.75
751.63 1042.26 1462.34 2187.6 2605.71 2011.76
521.73 755.67 859.13 2972.93 1939.45 1622.96
214.77 272.41 357.93 501.39 528.19 394.89
250.39 454.88 328.01 4624.78 1362.38 828.12
688.05 925.34 1227.68 1844.7 2336.69 2230.72
831.23 1141.87 1610.44 2400.99 2831.62 2328.54
725.78 936.78 1152.73 2698.4 2319.81 2097.26
513.03 821.58 984.91 3875.45 1590.21 891.69
425.11 537.13 691.37 950.19 1254.3 1219.07
259.83 330.35 417.14 697.67 609.54 495.82
744.02 1136.18 1586.58 3398.86 2836.03 1914.02
228.52 287.15 364.86 473.77 621.79 598.21
604.73 857.79 1092.79 2682.09 2348.46 1984.12
212.85 268.33 335.08 432.08 498.2 478.39
921.08 1174.87 1535.14 2178.07 2992.18 2903.61
638.28 881.81 1245.47 1797.13 1925.11 1513.32
784.33 1121.01 1602.47 2685.39 2093.22 1390.63
840.67 1127.11 1558.0 2224.25 2562.65 2452.42
262.79 492.23 383.07 4408.19 1527.11 912.9
333.39 608.47 325.82 4679.43 1187.64 594.35
459.9 699.14 890.86 2264.86 1507.96 1302.98
615.78 926.48 1105.46 3399.0 1991.44 1441.07
261.22 491.48 400.88 4273.42 1495.41 901.66
310.05 512.47 441.39 3108.35 1031.0 673.85
232.23 438.09 374.49 3898.75 1428.35 871.32
582.33 814.16 1010.7 2240.89 2112.14 1799.82
890.95 1259.66 1849.8 2788.07 3289.08 2387.11
675.12 914.05 1195.51 1525.06 2075.32 1982.32
663.61 942.24 1211.98 2404.25 2202.28 1959.72
910.9 1353.24 1949.76 3448.2 3283.12 2102.18
901.4 1191.78 1581.55 2261.7 2879.57 2731.46
825.97 1189.6 1631.91 2865.68 2334.74 1686.22
659.48 917.43 1191.24 2360.98 1705.98 1524.73
756.09 1036.74 1299.66 2465.86 2381.52 2208.54
380.45 601.49 721.21 2900.52 1607.64 1315.36
848.87 1135.09 1543.49 2262.16 2832.51 2534.68
787.8 1076.37 1473.46 2100.98 2192.79 1905.54
498.22 656.97 832.52 1161.99 1494.41 1419.84
449.45 629.17 926.54 1273.97 1481.27 1439.74
471.87 747.84 804.98 4139.67 1686.18 1228.62
422.98 545.75 803.75 1088.52 954.04 912.76
527.63 799.05 1012.15 2401.46 1692.1 1521.13
563.24 824.29 1101.54 2691.18 2106.06 1897.91
662.43 935.14 1316.72 2013.38 1941.06 1315.06
462.93 588.68 734.31 1218.52 1425.88 1225.19
151.67 175.34 211.41 264.34 272.95 227.75
507.75 708.24 949.42 1299.89 1538.81 1467.21
870.49 1132.89 1513.97 2081.54 2789.22 2646.59
926.97 1241.0 1664.99 2224.05 2764.7 2604.76
326.88 390.93 459.94 577.81 758.97 736.75
372.16 468.47 590.97 786.97 1003.33 971.13
825.42 1117.03 1528.01 2297.04 3132.03 2428.42
554.64 750.26 1017.93 1382.33 1866.65 1796.47
588.47 761.02 1005.25 1472.84 2092.91 2000.19
533.05 703.8 962.4 2131.21 1348.38 1225.5
343.73 577.65 577.94 3339.54 1404.41 881.08
529.52 706.44 784.91 2715.0 1761.21 1470.84
845.98 1106.84 1467.53 2072.52 2755.93 2647.31
163.75 278.68 257.05 2771.91 755.36 490.07
962.0 1398.0 2014.0 3173.0 2939.0 1816.0
69.0 191.5 59.0 4653.5 930.0 346.0
134.0 394.5 95.5 5146.0 1087.0 409.5
969.0 1403.0 2079.0 3181.0 3518.0 2279.0
155.0 368.0 123.0 5163.0 1156.0 447.0
89.8 263.8 87.2 4769.8 1060.5 381.0
971.0 1390.0 2115.5 3245.0 2879.5 1707.0
122.0 299.0 89.0 4632.0 914.0 354.0
72.0 203.8 71.8 4231.5 957.5 341.5
907.5 1325.5 2047.5 3151.5 2757.0 1579.5
948.0 1357.0 1978.0 3155.0 2462.0 1531.0
56.8 180.8 53.0 4412.8 873.5 325.0
119.5 322.5 80.5 4825.8 970.8 371.8
948.0 1376.0 2046.0 3146.0 2970.0 1921.0
911.0 1341.0 1922.0 3127.8 2196.5 1320.8
985.0 1493.5 2276.8 3372.5 3183.8 2033.8
76.2 218.5 55.5 4643.8 764.8 282.8
962.5 1390.0 1954.5 3151.5 2480.0 1527.0
959.5 1435.2 2145.2 3160.2 2832.8 1787.8
88.5 243.0 63.5 4918.0 903.5 321.0
978.0 1422.0 2105.0 3266.0 3199.0 2037.0
79.2 209.2 66.0 4931.0 970.2 374.0
222.2 574.0 104.8 5481.0 1198.8 463.2
992.0 1434.0 2127.0 3253.0 3849.0 2515.0
980.5 1432.2 2016.0 3245.2 2807.8 1800.2
966.0 1422.0 2112.0 3259.5 3477.0 2237.5
109.2 304.0 68.8 5231.2 1052.0 412.0
978.0 1434.0 2220.0 3640.0 4073.0 2397.0
81.5 229.5 75.0 4588.5 1023.0 369.5
937.0 1353.0 2081.0 3198.0 2826.0 1629.0
924.0 1316.0 1970.0 3207.0 2671.0 1584.0
102.5 315.2 89.5 4914.0 1200.8 467.0
980.0 1467.0 2194.0 3388.8 3736.5 2446.5
955.0 1376.0 2056.0 3368.0 3193.0 1885.0
977.5 1462.0 2197.0 3231.5 2940.0 1846.5
939.0 1381.8 2053.5 3176.2 3230.8 2074.0
265.0 540.0 222.0 5608.0 1151.0 427.0
83.0 265.0 84.5 4714.5 1156.5 420.5
245.0 494.0 207.0 5231.5 1090.0 397.0
304.0 635.0 236.5 5868.5 1229.5 464.5
138.0 335.0 114.0 4964.0 1063.0 407.0
53.8 244.8 74.8 4340.2 1057.2 381.2
768.0 937.0 1202.0 1687.0 2456.0 2347.0
839.5 1125.5 1473.5 1964.5 2431.0 2337.0
851.0 1125.0 1487.0 2077.0 2845.0 2757.5
674.0 931.0 1168.0 1598.0 2316.0 2207.0
802.0 1081.5 1471.5 1917.5 2488.0 2377.0
925.8 1236.5 1653.5 2197.5 2743.8 2613.8
730.2 928.0 1240.5 1701.5 2120.2 2066.2
807.5 1039.5 1351.0 1892.0 2546.5 2477.5
913.2 1175.2 1552.5 2217.0 2972.0 2874.8
762.0 1017.0 1384.0 1898.0 2403.0 2316.0
768.8 1023.0 1344.0 1898.0 2593.0 2511.8
829.0 1082.5 1419.0 2036.5 2743.5 2651.0
854.0 1156.0 1575.0 2169.0 2712.0 2618.0
639.0 865.0 1188.0 1648.0 2076.0 2016.0
844.0 1157.0 1430.0 1846.0 2520.0 2406.0
716.0 963.0 1366.8 1791.0 2127.8 2035.2
641.0 907.0 1227.0 1692.0 2009.0 1914.0
822.0 1025.0 1317.0 1836.0 2480.0 2426.0
742.5 1032.0 1418.0 2073.0 2820.5 2703.0
703.5 879.5 1143.8 1618.8 2253.5 2180.0
842.5 1154.0 1648.2 2236.5 2825.8 2704.8
656.2 975.5 1340.8 1867.0 2455.0 2361.2
923.0 1214.2 1604.0 2234.0 3080.0 2985.5
734.8 963.5 1263.8 1827.2 2497.5 2417.8
800.0 989.0 1283.0 1784.0 2597.0 2503.0
706.0 816.0 1002.0 1436.0 2293.0 2206.0
725.0 878.0 1047.0 1489.0 2411.0 2352.0
878.5 1224.0 1682.0 2199.2 2656.0 2552.8
947.0 1212.0 1599.0 2313.0 3158.0 3037.0
589.2 813.2 1233.8 1730.8 1900.0 1827.2
729.0 991.5 1413.5 1964.0 2248.0 2150.5
904.8 1159.0 1500.8 2110.0 2816.5 2720.0
824.0 1099.0 1504.0 2058.0 2602.0 2523.0
836.5 986.8 1224.5 1763.8 2408.0 2363.0
894.0 1109.0 1450.0 2050.0 2679.5 2581.0
922.8 1209.8 1608.8 2273.8 3029.5 2919.0
761.0 1043.0 1428.0 1885.0 2397.0 2298.0
690.5 905.0 1162.8 1628.5 2187.8 2117.0
794.0 1033.0 1333.0 1871.5 2517.0 2421.0
944.0 1266.5 1688.8 2251.2 2816.2 2701.0
726.0 907.0 1139.0 1530.0 2019.0 1932.0
829.2 1124.8 1599.8 2206.2 2634.5 2532.0
921.0 1181.0 1557.0 2200.0 3037.0 2940.0
735.0 948.0 1238.0 1781.0 2503.0 2425.0
684.0 932.0 1313.0 1825.0 2332.0 2243.0
955.2 1228.0 1601.8 2260.2 2853.5 2766.5
806.0 1120.0 1498.0 2025.0 2566.0 2470.0
822.8 960.5 1128.5 1537.0 2182.8 2085.0
641.0 896.0 1266.0 1659.0 1887.5 1822.0
871.0 1129.0 1503.2 2057.8 2777.2 2662.0
833.0 1120.0 1439.0 1912.0 2418.0 2335.0
906.5 1134.2 1379.5 1798.5 2442.5 2363.5
612.5 842.5 1118.0 1490.0 2004.0 1917.0
741.5 944.0 1193.5 1631.5 2141.5 2080.0
882.5 1167.0 1520.5 2088.0 2698.5 2609.0
938.0 1173.0 1417.0 1866.0 2519.0 2437.0
927.0 1208.0 1637.0 2208.0 2809.0 2698.0
855.0 1101.0 1438.0 2028.0 2691.5 2610.0
705.0 972.0 1320.0 1791.5 2238.5 2159.0
837.0 1082.0 1417.0 2015.0 2798.0 2707.0
842.5 1173.5 1560.5 2028.5 2690.5 2567.5
604.0 697.5 845.0 1219.5 2055.5 2008.5
730.5 976.0 1293.0 1724.0 2096.5 2039.5
764.5 919.0 1087.0 1489.5 2095.0 2002.0
745.5 970.5 1232.5 1660.5 2177.5 2078.0
613.2 779.2 979.8 1360.5 1779.8 1769.5
793.0 1047.2 1363.0 1889.5 2419.2 2344.2
815.0 1000.0 1207.0 1625.5 2248.0 2163.0
843.0 1099.0 1451.5 2043.0 2738.0 2657.5
772.0 992.0 1295.8 1845.8 2461.0 2394.0
895.0 1245.5 1667.0 2236.0 2803.0 2694.0
765.5 1003.0 1321.0 1858.0 2440.0 2353.0
714.5 1003.5 1444.0 2002.5 2485.5 2401.5
494.5 611.5 726.5 1056.8 1795.0 1744.5
924.5 1207.0 1571.5 2078.0 2692.0 2588.5
696.8 869.5 1026.8 1427.2 2001.5 1927.5
721.0 985.0 1346.0 1933.0 2632.0 2539.0
849.5 1092.0 1370.2 1861.2 2472.8 2388.2
948.0 1249.0 1638.0 2246.0 2922.0 2819.0
694.8 840.8 1036.8 1393.8 1978.2 1915.8
760.0 991.0 1309.0 1853.0 2493.0 2420.0
928.0 1191.0 1564.0 2183.0 2886.0 2803.0
865.0 1153.0 1527.0 2115.5 2890.0 2785.0
662.8 884.0 1187.0 1705.0 2242.0 2151.8
603.2 862.0 1290.2 1790.5 2089.0 2029.2
682.8 802.2 949.2 1388.8 2317.5 2267.2
571.5 650.0 741.0 1076.0 2143.0 2120.5
811.2 1079.8 1420.5 1908.5 2484.0 2367.8
634.5 841.5 1134.5 1640.5 2306.0 2225.0
693.0 922.0 1262.0 1853.0 2415.0 2306.0
712.5 980.0 1304.5 1763.2 2235.8 2140.0
871.0 1195.0 1616.0 2208.0 2857.0 2755.0
915.0 1197.0 1579.0 2198.8 2939.0 2853.8
726.5 1001.0 1490.5 2050.5 2329.0 2253.0
784.0 1041.0 1376.2 1944.2 2683.0 2583.2
865.8 1136.8 1481.5 2033.0 2641.8 2551.2
837.8 1147.5 1648.5 2250.8 2700.2 2578.0
866.0 1156.0 1526.0 2111.5 2891.0 2797.0
833.0 1069.5 1333.0 1876.5 2457.5 2371.5
823.0 1116.5 1508.0 2131.5 2906.0 2777.0
585.5 771.0 1002.5 1461.5 1967.5 1912.0
873.0 1194.0 1591.0 2159.0 2736.2 2631.8
716.0 947.5 1257.0 1678.0 2192.0 2089.0
846.0 1104.0 1453.0 2038.0 2776.0 2693.0
623.0 879.0 1316.2 1827.2 2025.5 1961.5
935.0 1244.0 1643.0 2260.0 3095.0 2981.0
760.0 1046.0 1398.0 1960.0 2575.0 2476.0
655.0 909.5 1375.0 1859.0 2079.5 1999.0
781.0 1034.8 1371.5 1916.0 2624.0 2537.8
877.0 1167.5 1545.5 2071.5 2560.5 2478.0
755.0 955.0 1238.8 1769.0 2392.8 2328.0
928.0 1278.0 1695.5 2233.0 2786.0 2674.5
663.0 808.0 944.0 1365.0 2433.0 2344.0
655.2 879.8 1083.0 1511.2 1882.5 1803.5
759.0 987.0 1297.0 1832.0 2491.0 2412.0
826.5 1133.0 1648.8 2248.8 2639.5 2538.5
799.0 1081.5 1432.5 1982.0 2481.5 2404.5
657.0 884.0 1228.0 1711.0 2171.0 2084.0
562.8 795.0 1215.0 1587.5 1707.0 1652.8
940.0 1248.0 1642.0 2258.0 3106.2 3016.0
739.0 1000.2 1362.0 1855.0 2252.8 2174.0
911.0 1149.0 1500.0 2130.0 2851.0 2772.0
811.5 1080.5 1496.5 1990.0 2621.5 2521.0
794.0 988.0 1204.0 1609.0 2197.0 2121.0
853.0 1090.0 1411.0 2003.0 2752.0 2658.0
929.0 1206.0 1569.0 2190.0 2983.0 2872.0
864.0 1186.0 1576.0 2099.0 2608.0 2509.0
531.0 693.0 1037.0 1412.0 1224.0 1183.0
625.0 804.0 1144.0 1564.0 1425.0 1398.0
753.2 1030.5 1597.8 2142.8 2414.0 2318.8
715.0 985.0 1354.0 1781.0 2272.0 2160.0
819.0 1111.0 1495.2 2022.2 2530.8 2429.2
562.5 761.5 1033.8 1404.5 1897.2 1825.8
873.0 1144.0 1506.0 2092.0 2837.0 2744.0
680.5 936.8 1301.8 1826.0 2445.2 2354.0
925.0 1180.0 1542.0 2188.0 3006.0 2917.0
760.0 961.0 1251.0 1793.0 2435.0 2355.0
832.5 1056.0 1370.0 1954.0 2629.0 2571.0
761.5 1050.5 1440.0 1886.0 2352.5 2250.5
745.0 1005.0 1345.0 1792.0 1763.0 1724.0
891.0 1224.0 1623.0 2193.0 2784.0 2700.0
891.0 1224.0 1623.0 2193.0 2784.0 2700.0
568.0 821.0 1180.0 1644.0 2111.0 2013.0
866.0 1046.0 1340.0 1946.0 2723.0 2646.0
940.0 1228.0 1620.0 2241.0 3065.0 2968.0
794.0 1042.0 1367.0 1905.0 2584.0 2498.0
919.2 1225.8 1632.0 2231.0 2830.8 2723.5
681.5 912.5 1230.5 1707.5 2195.0 2129.5
626.0 732.0 875.0 1305.0 2153.0 2135.0
445.0 496.0 565.0 791.0 1386.0 1328.0
857.0 1146.8 1590.0 2166.2 2596.8 2497.0
791.0 1049.0 1494.0 2026.0 2529.0 2427.0
891.0 1224.0 1623.0 2193.0 2784.0 2700.0
735.0 1019.0 1466.0 2006.5 2331.5 2246.5
805.0 1139.0 1507.0 2041.0 2565.0 2447.0
773.5 936.5 1210.0 1756.5 2512.5 2418.5
812.0 1059.0 1431.0 2026.0 2822.0 2690.0
766.5 976.8 1268.8 1760.2 2291.8 2219.8
858.5 1094.5 1411.0 1982.0 2601.0 2516.5
720.0 969.0 1285.5 1726.5 2381.0 2285.5
706.0 970.5 1257.0 1597.0 1574.5 1517.0
717.0 935.0 1230.2 1764.0 2423.0 2349.2
829.0 1060.0 1392.0 1986.5 2724.5 2643.5
702.5 921.5 1339.0 1831.0 2148.0 2058.5
549.0 651.0 748.0 1104.0 1802.0 1762.0
644.8 881.0 1280.8 1749.0 2053.0 2000.8
878.0 1092.0 1327.0 1745.0 2368.0 2292.0
919.5 1129.5 1434.0 2069.5 2925.5 2850.0
711.0 952.0 1270.0 1797.0 2394.0 2302.0
933.0 1197.2 1551.5 2165.0 2886.0 2796.2
803.0 1095.0 1504.5 1993.5 2662.0 2566.5
911.0 1260.5 1689.0 2227.5 2882.0 2764.0
601.2 845.8 1120.2 1463.8 1473.8 1429.8
911.0 1170.0 1541.0 2187.0 3003.8 2910.8
832.0 1155.0 1508.0 1996.0 2604.0 2499.0
864.0 1157.0 1609.0 2201.0 2733.5 2620.0
747.2 1003.2 1281.5 1803.5 2383.5 2284.2
836.0 1061.5 1364.0 1938.0 2713.0 2601.5
799.0 1005.0 1309.0 1853.5 2526.0 2427.0
793.2 1096.8 1554.2 2108.2 2683.0 2555.8
874.0 1167.0 1554.0 2196.0 3091.0 3000.0
834.0 1087.0 1449.0 2076.0 2940.0 2831.0
640.0 932.0 1265.5 1641.5 1864.0 1819.0
911.2 1214.2 1595.2 2144.5 2765.5 2671.2
776.5 1048.8 1375.5 1702.0 1798.8 1734.2
811.0 1085.0 1446.0 1942.0 2443.0 2355.0
806.0 1048.0 1354.0 1876.0 2610.0 2516.0
874.0 1099.0 1454.0 2094.0 2880.0 2842.0
906.0 1228.5 1628.2 2185.2 2763.0 2647.8
845.2 1154.8 1519.5 1946.5 2659.5 2539.0
750.8 970.8 1260.2 1788.0 2377.2 2283.0
913.0 1204.0 1595.0 2261.0 3178.0 3049.0
748.0 975.0 1300.0 1870.0 2733.0 2619.0
567.0 814.2 1131.0 1471.0 1600.0 1553.5
586.2 808.0 1102.0 1514.0 2074.0 1984.8
682.0 908.0 1178.0 1613.2 2030.8 1954.5
950.0 1228.0 1561.0 2202.0 3162.0 3089.0
774.0 1019.0 1314.8 1903.5 2600.2 2521.2
853.5 1109.0 1470.0 2096.5 2805.0 2714.5
794.2 1101.8 1720.5 2272.0 2521.5 2432.5
691.5 970.0 1384.0 1883.0 2344.0 2263.0
100.0 100.0 100.0 100.0 100.0 100.0
