492.86 687.84 870.87 2147.3 1668.23 1154.36
312.04 483.47 419.4 3192.33 1257.69 759.23
746.23 1091.55 1529.13 3434.27 2122.05 1267.2
571.2 914.46 1226.5 4022.99 2507.61 1497.97
310.97 566.26 501.23 4766.28 1512.79 736.92
277.1 484.04 485.94 4305.54 1153.58 564.82
133.81 336.0 105.22 4735.1 992.9 402.28
368.42 675.07 415.34 4995.41 1348.36 637.05
434.61 600.46 819.47 1283.85 1023.34 653.61
603.15 857.6 1249.0 1914.33 1875.94 1210.03
813.61 1215.66 1690.26 3389.97 2062.47 1208.24
971.69 1414.64 2087.52 3290.35 3180.57 2022.29
372.23 548.15 688.44 2153.71 1046.44 614.45
815.68 1175.76 1672.69 3205.52 2189.86 1354.08
608.42 835.37 1097.53 1807.68 1615.31 1135.8
674.05 887.95 1093.0 1837.87 1891.44 1502.49
397.01 592.76 773.34 2590.65 1519.34 918.67
903.89 1328.31 1934.38 3405.51 3029.85 1904.1
496.46 676.68 898.07 1425.71 1410.43 1022.67
770.97 1116.44 1598.36 3377.7 2334.12 1363.2
779.15 1115.81 1672.56 2900.88 2333.83 1375.23
247.66 329.39 451.36 625.74 569.49 389.96
412.1 584.82 842.66 1266.41 1389.72 932.21
774.44 1106.73 1648.03 2584.58 2328.46 1418.05
116.17 279.93 126.02 4857.78 946.99 354.63
924.64 1321.34 1922.12 3065.89 2399.14 1497.58
870.64 1269.56 1958.6 3012.2 2635.71 1511.96
231.36 584.28 129.04 5454.16 1223.04 482.27
160.32 253.33 243.87 1927.28 676.77 353.43
319.23 534.25 631.92 4127.96 1416.95 738.95
673.06 1090.66 1477.24 4022.58 2415.21 1438.41
718.74 1034.73 1498.08 2328.05 2488.33 1642.12
794.52 1150.24 1597.62 2796.27 2370.57 1596.29
392.23 627.51 825.84 3949.86 1617.57 821.94
835.93 1231.06 1854.24 3246.38 2559.5 1450.21
832.92 1218.85 1764.58 3331.98 3083.08 1973.22
492.85 753.85 965.11 2505.85 1445.14 864.24
172.22 389.69 166.12 5119.73 1192.78 473.03
382.34 523.34 742.98 1101.01 1210.51 807.96
673.94 921.04 1260.83 2046.72 2016.76 1399.96
646.17 915.11 1349.49 2187.6 2075.81 1240.26
571.2 722.33 838.37 1431.95 1581.58 1340.91
725.52 1049.32 1608.62 2463.82 2158.22 1246.08
288.44 547.14 478.8 4169.1 1306.02 617.53
876.6 1284.36 1974.08 3367.21 3642.51 2141.81
596.38 809.89 1083.35 1761.42 2032.83 1456.77
725.62 1038.0 1520.59 2581.71 2202.76 1347.63
400.31 624.89 682.2 3215.9 1578.41 942.19
784.47 1160.11 1652.72 2833.73 2469.92 1646.26
916.17 1364.0 2040.46 3003.57 2740.35 1732.27
484.1 615.64 730.94 1210.35 1307.65 1088.74
470.99 746.39 932.72 3962.35 1870.55 1009.36
858.56 1251.22 1929.46 2966.55 2595.96 1489.83
227.09 291.23 391.65 556.5 530.13 372.91
710.57 1082.14 1499.76 3674.87 2701.34 1667.48
188.99 248.39 308.22 667.14 465.62 320.24
316.75 578.23 634.22 4369.03 1828.83 948.46
565.46 862.25 1174.19 3931.95 2089.48 1239.85
878.19 1246.87 1793.7 2879.94 2293.43 1459.21
210.97 265.6 353.86 524.13 501.42 331.66
615.84 857.99 1214.79 2083.37 1811.69 1182.49
632.68 901.53 1322.4 2013.38 1902.82 1243.88
438.18 604.24 837.35 1297.85 1388.78 953.02
601.49 983.18 1083.71 4265.47 1858.93 1021.22
538.25 845.15 925.87 3286.01 1567.42 939.97
697.82 1028.66 1522.54 2334.22 2570.42 1694.07
720.36 1100.53 1429.4 3683.5 2501.91 1542.21
251.57 502.68 224.84 5213.57 1106.59 410.0
121.54 206.99 175.98 2489.65 656.99 307.37
349.95 481.57 680.72 1011.92 1074.7 716.94
775.28 1100.12 1662.6 2538.29 2254.92 1345.89
902.27 1361.01 2010.34 3386.76 2771.8 1717.5
442.59 560.22 649.41 1167.28 1258.61 1016.01
948.1 1433.05 2176.99 3228.81 3054.89 1959.9
714.52 1023.92 1419.22 2785.87 1970.05 1254.24
655.38 892.26 1179.35 1931.37 1997.24 1480.09
531.5 812.3 1128.46 4017.23 1948.72 1035.73
313.85 587.96 669.81 4073.07 1809.47 961.08
795.46 1111.35 1549.57 2518.71 2129.42 1435.14
913.8 1312.17 1910.98 3008.48 3270.58 2154.3
908.04 1344.13 1971.29 3328.45 3299.51 2106.62
735.58 1145.6 1661.03 3802.48 2549.39 1557.28
777.61 1100.67 1527.51 2459.09 2342.97 1534.31
509.4 744.62 1106.97 1613.84 1526.55 994.56
914.91 1324.01 1925.8 3110.76 2982.41 1923.92
586.94 917.9 1103.88 4078.52 2049.33 1163.21
200.88 322.55 340.81 3027.46 911.23 449.32
196.95 399.93 266.91 4533.8 1141.05 482.17
330.69 665.71 311.5 5755.66 1301.64 524.87
261.41 374.79 468.57 1812.41 779.68 444.45
369.04 457.89 513.45 925.85 1015.76 840.81
174.64 404.09 250.64 4763.91 1308.41 557.79
342.96 509.3 508.15 3255.22 1329.23 862.6
136.01 305.12 172.75 4833.01 1029.04 406.76
785.87 1113.63 1604.65 2489.65 2925.45 1961.73
734.99 1147.46 1643.01 3737.37 2526.25 1547.17
563.31 729.98 899.4 1498.06 1510.49 1209.52
517.28 722.49 1011.09 1578.96 1690.99 1152.03
617.07 875.24 1243.34 1941.39 2007.26 1355.96
613.07 1030.55 1186.48 4250.67 2065.04 1165.41
577.31 899.59 1200.79 3914.22 2009.72 1075.84
724.39 1013.86 1413.7 2269.96 2284.54 1560.23
678.49 921.48 1248.31 2028.61 2011.68 1422.01
899.47 1350.29 1999.42 3116.32 2672.26 1678.3
511.46 722.51 904.81 2578.19 1615.52 1053.62
645.33 913.17 1318.17 2030.94 1948.64 1303.01
600.11 805.44 1023.18 1716.85 1877.71 1433.61
596.17 870.12 1285.72 1870.66 1705.84 1087.53
735.4 994.88 1312.05 2131.09 2216.36 1646.98
765.39 1133.62 1683.33 2586.75 2849.65 1874.25
815.18 1154.83 1582.33 2587.47 2128.87 1380.63
457.89 667.87 803.94 2930.01 1790.22 1168.56
823.65 1199.48 1847.31 3017.67 3374.55 1993.19
286.53 497.95 555.7 4513.93 1408.89 706.99
731.25 1001.74 1326.66 2150.44 2380.54 1779.21
677.34 946.93 1278.52 2397.8 2141.53 1482.99
984.84 1493.22 2276.29 3371.82 3183.24 2033.54
454.89 642.2 926.32 1401.22 1424.32 934.99
829.38 1176.69 1697.46 2706.32 2141.03 1356.6
806.68 1237.56 1725.44 3823.33 3112.43 1963.21
949.95 1367.78 2041.15 3344.86 3173.96 1877.91
344.69 479.79 684.75 973.22 891.94 587.01
694.8 951.66 1276.81 2065.42 2414.77 1745.81
150.63 241.33 184.07 2422.6 624.56 323.16
257.7 460.36 520.82 4155.04 1324.41 656.99
587.71 817.73 1134.99 1777.18 1843.82 1286.23
862.51 1225.46 1784.26 2944.49 2844.55 1755.18
351.42 515.2 576.76 3060.8 1383.13 873.92
229.02 293.46 393.83 557.45 607.48 423.52
819.62 1155.67 1658.26 2748.12 2682.99 1694.98
737.38 1059.45 1532.76 3092.42 2260.73 1362.15
622.01 917.86 1288.27 3201.76 2103.87 1311.75
489.6 787.98 1052.55 3943.71 1945.78 992.06
871.65 1315.03 1998.0 2953.37 2788.84 1786.13
530.48 745.47 1080.34 1626.24 1793.18 1179.41
378.15 680.3 519.77 5173.57 1334.13 583.56
478.71 618.73 746.56 1304.83 1385.25 1091.74
487.95 852.09 778.54 5241.19 2004.01 992.67
374.06 629.49 813.11 4057.22 1663.17 909.08
528.38 696.77 849.19 1464.0 1476.85 1164.0
207.33 260.52 343.9 479.39 551.11 390.59
471.13 653.87 949.04 1518.53 1442.57 874.81
514.54 809.8 1053.72 4081.63 2107.39 1119.34
859.2 1214.0 1728.59 2784.59 2268.39 1475.2
745.23 1119.63 1548.18 3697.84 3034.94 1908.83
468.53 606.5 741.66 1306.73 1375.84 1047.98
685.84 934.83 1241.71 2061.48 1890.44 1366.26
710.4 1058.66 1372.44 3193.45 2166.34 1377.32
668.2 875.53 1097.3 1856.02 1960.5 1517.36
438.14 611.61 835.81 1307.87 1139.89 752.94
164.73 308.05 241.46 4277.3 1099.38 524.29
841.86 1302.53 1821.28 3635.47 2627.31 1598.08
664.39 1032.3 1449.66 3810.22 2783.33 1716.91
559.38 830.29 1089.82 2934.18 2132.48 1360.13
635.77 932.26 1374.88 2102.3 2313.99 1528.61
378.72 517.93 734.75 1088.21 1196.3 798.9
954.15 1364.12 2071.74 3180.8 2826.97 1681.47
390.87 537.68 767.49 1144.8 1084.43 724.62
594.41 798.11 1068.76 1761.52 1722.72 1215.58
929.22 1344.78 1875.63 3179.28 2421.11 1488.72
188.96 401.58 317.09 4528.68 1371.37 588.72
742.22 1107.15 1652.76 3514.07 3182.31 1834.02
684.03 911.36 1162.63 1913.32 2054.48 1588.66
135.95 287.3 238.56 4295.45 1048.73 441.71
531.05 733.13 1021.8 1601.23 1559.92 1079.67
325.89 434.14 499.61 1433.37 926.63 667.9
658.43 865.5 1074.52 1766.15 1865.95 1494.72
933.11 1346.61 2068.87 3180.97 2814.03 1625.61
710.71 1011.42 1497.13 2434.27 2309.27 1374.99
130.71 146.89 171.36 212.06 219.77 175.81
683.3 956.74 1318.92 2093.3 2003.69 1336.21
926.77 1344.96 1935.79 3047.42 2822.99 1745.88
349.28 480.54 679.16 1009.47 1072.07 715.28
653.81 893.19 1180.89 2439.78 1974.42 1379.65
304.75 383.95 479.49 744.87 753.78 583.68
772.95 1151.92 1603.29 3335.62 1972.44 1160.83
683.83 940.18 1254.2 2081.72 2285.94 1647.53
664.18 999.79 1220.24 3543.87 2203.21 1383.82
760.57 1056.61 1517.26 2481.28 2163.25 1386.19
337.84 511.47 657.5 2763.62 1267.58 731.98
482.24 701.27 819.74 2950.42 1697.66 1157.4
485.61 735.83 867.14 2959.92 1599.23 907.06
813.65 1165.04 1732.62 2827.71 2681.64 1589.89
798.29 1128.17 1588.28 3011.43 2325.69 1452.45
821.07 1175.12 1613.04 2631.57 2344.74 1563.66
518.33 764.95 963.43 2745.64 1512.95 870.31
654.7 858.57 1059.76 1769.37 1963.28 1573.88
599.53 809.88 1064.42 1763.81 1635.91 1195.89
827.37 1191.95 1714.11 2695.49 2785.09 1863.05
515.31 652.94 773.08 1305.6 1403.02 1165.74
527.47 682.65 803.67 1398.6 1565.68 1281.47
963.55 1401.37 2069.66 3262.29 3156.29 2009.3
857.99 1233.69 1729.8 2781.76 2191.62 1354.1
345.59 617.07 647.29 4636.46 1557.45 801.17
806.57 1187.02 1641.68 3711.08 2397.98 1371.97
787.39 1134.3 1714.76 2657.01 2369.91 1411.1
474.82 692.34 760.19 2662.44 1446.2 997.59
374.42 533.84 590.5 2538.79 1270.4 858.11
904.66 1367.42 1990.61 3335.31 2756.13 1718.93
976.83 1460.74 2194.64 3228.42 2937.74 1845.76
808.23 1145.66 1683.52 2635.95 2408.65 1515.88
195.47 242.91 325.95 453.35 410.92 274.39
264.79 493.34 466.13 4470.28 1403.78 659.82
187.73 232.1 300.35 416.37 409.67 293.56
547.18 716.79 864.7 1478.88 1625.88 1306.22
199.39 361.46 358.52 3632.61 1211.4 577.9
628.47 805.74 960.9 1625.5 1823.48 1505.97
465.81 733.25 949.19 2965.84 1624.79 951.72
377.83 612.44 792.73 2733.56 1395.54 784.42
117.58 250.75 183.97 4030.42 939.04 393.09
821.38 1190.24 1615.48 3011.53 2419.79 1587.83
565.88 838.02 1106.75 3010.39 1605.19 973.1
496.6 650.6 800.89 1384.69 1488.65 1148.28
322.32 434.54 610.19 898.58 852.44 577.42
738.66 1121.04 1452.25 3690.36 2103.65 1225.08
402.75 569.9 823.49 1180.4 1079.83 702.56
617.75 787.48 928.65 1590.03 1743.68 1452.69
485.28 770.63 1015.05 3126.45 1722.51 991.25
465.27 606.34 715.87 1379.98 1288.21 1005.95
643.82 834.12 1008.2 1700.54 1822.72 1477.05
884.61 1289.52 1951.81 3305.81 2709.12 1548.47
619.89 916.65 1237.77 3137.89 2087.57 1184.07
694.08 1012.62 1369.95 2903.55 2242.85 1537.11
532.89 773.84 1069.6 2667.56 1607.37 924.69
917.73 1386.36 2048.09 3367.16 2808.7 1744.68
311.42 416.75 454.91 1749.06 1010.51 719.2
280.18 360.59 461.33 697.81 764.28 579.46
388.91 660.06 576.5 4432.05 1544.83 802.41
662.99 951.8 1325.08 2111.02 1831.35 1187.1
638.91 906.02 1258.74 2006.65 1587.08 991.62
360.07 618.04 750.71 3772.88 1633.56 819.39
761.07 1037.98 1351.88 2232.63 2030.76 1474.2
527.25 690.39 792.06 2049.0 1593.12 1260.67
541.42 777.1 1128.83 2009.64 1576.87 914.2
616.61 857.02 1173.09 1890.21 2035.7 1423.22
420.45 572.85 830.54 1266.12 1126.11 704.5
301.78 439.03 569.03 1540.62 1051.0 667.94
548.41 852.18 1087.87 3962.75 1877.25 1018.08
317.85 410.81 450.47 1181.88 927.6 709.99
834.5 1184.1 1724.45 2851.41 2741.17 1682.96
731.61 1085.22 1420.97 3597.92 2463.19 1455.63
148.64 173.69 206.63 279.11 228.67 177.8
828.56 1193.32 1771.66 3030.23 2506.67 1474.74
899.69 1342.02 1984.76 3222.19 2741.05 1731.91
596.53 856.76 1234.88 2154.91 1909.94 1213.44
323.53 513.96 505.42 3059.84 1059.91 531.3
567.68 880.38 1066.36 4024.7 1879.43 1003.63
348.49 573.82 547.26 3406.61 1498.48 878.41
386.68 529.17 778.52 1161.11 1033.69 623.7
815.67 1195.62 1636.91 3205.06 2205.3 1327.35
963.04 1405.79 1978.01 3182.84 2754.11 1766.49
297.62 457.89 488.79 2007.13 983.51 585.05
171.32 360.25 250.0 3889.74 1123.49 494.09
606.27 767.98 891.01 1526.6 1690.36 1437.2
884.43 1271.92 1852.09 2900.07 2861.97 1859.51
755.34 1106.39 1623.67 2408.4 2231.96 1448.47
796.7 1148.89 1637.22 2495.12 2387.85 1619.49
640.51 898.38 1284.41 2037.23 1616.53 1031.67
604.29 854.68 1241.99 1883.73 2078.99 1366.76
367.89 459.88 527.18 933.26 990.82 809.31
657.92 921.75 1300.52 2037.15 1995.43 1374.74
822.49 1215.73 1729.93 3342.45 2657.47 1694.87
828.92 1284.47 1788.31 3624.46 2590.43 1573.18
323.14 589.73 590.92 4778.56 1711.53 911.84
497.35 795.95 980.75 4376.16 2034.53 1087.97
735.26 1086.81 1611.62 2474.13 2725.12 1793.9
742.01 1099.14 1556.4 3552.12 3005.7 1899.57
205.04 428.98 395.59 3951.31 1349.25 656.08
909.04 1328.31 1952.59 3031.54 3238.09 2107.14
662.98 955.37 1459.37 2369.89 2647.53 1572.86
356.12 698.63 388.28 5653.14 1356.99 569.73
820.61 1167.27 1767.5 2701.98 2399.59 1429.53
949.09 1352.59 2041.89 3141.79 2808.03 1690.7
961.46 1415.07 2101.45 3242.93 3459.29 2226.29
164.44 196.5 246.13 374.9 308.32 218.46
352.16 630.69 470.56 4942.11 1340.27 601.44
927.01 1363.74 2016.5 3174.22 3332.46 2146.02
161.39 196.66 250.99 327.0 313.91 234.14
536.33 821.78 1063.27 3442.14 1839.57 1067.11
675.89 925.97 1277.63 2109.03 2093.19 1409.11
708.66 1065.96 1466.29 3649.62 2472.56 1509.94
657.05 978.32 1233.28 3360.92 2366.61 1557.82
912.69 1338.31 1978.99 3069.64 3127.18 2018.94
385.03 520.42 717.11 1091.01 1088.17 749.33
734.04 1038.79 1447.47 2210.93 2108.19 1478.64
249.05 436.26 429.14 4588.82 1260.52 595.71
508.94 650.4 746.01 1324.26 1513.72 1261.33
827.06 1233.66 1741.12 3246.52 2084.94 1228.8
422.87 759.83 622.75 4293.7 1473.89 754.74
263.85 620.38 214.68 5338.71 1259.13 515.06
877.32 1284.12 1877.17 3238.26 3256.28 2083.59
503.09 790.67 976.1 4147.88 1809.91 953.71
783.27 1147.27 1623.31 3099.32 2465.88 1499.43
405.42 550.72 793.13 1251.63 1052.96 650.05
492.7 642.67 758.87 1651.21 1423.72 1131.48
857.82 1241.7 1878.13 3193.04 2637.56 1525.83
722.92 971.02 1280.22 2144.51 2195.67 1587.51
749.55 1037.43 1375.47 2280.94 1924.54 1379.16
455.25 600.72 776.33 1321.16 1346.3 962.55
667.24 989.17 1394.05 3126.26 2546.96 1588.49
485.12 711.48 895.79 2521.09 1399.37 809.24
621.81 838.58 1099.48 1772.27 1926.73 1438.91
455.52 579.82 681.69 1224.81 1291.6 1030.01
547.98 734.41 968.19 1619.75 1599.15 1143.28
399.84 547.48 785.95 1246.06 1184.69 725.99
741.61 1080.23 1593.9 2452.46 2494.21 1609.57
825.67 1158.2 1632.33 2566.51 2512.49 1748.28
458.21 836.8 727.43 4674.71 1540.65 757.04
939.8 1413.48 2131.53 3178.01 3024.99 1960.33
536.66 777.44 1099.61 2164.2 1758.17 1100.84
920.24 1326.58 1952.14 3014.52 2866.19 1881.81
482.57 629.67 760.8 1289.94 1422.46 1143.93
684.65 951.06 1316.81 2112.82 2080.71 1455.66
567.6 896.98 1125.45 4015.35 1944.5 1050.79
777.3 1138.98 1692.0 3399.71 3236.56 1933.8
826.21 1187.81 1782.29 2779.12 2502.57 1513.53
578.06 857.12 1097.51 3356.01 1849.56 1126.97
461.59 647.11 964.09 1458.91 1291.29 772.09
631.81 937.75 1287.7 3694.04 1910.91 1104.74
640.91 832.03 1025.22 1716.47 1813.7 1451.22
696.94 953.49 1251.76 2335.73 2276.03 1655.99
959.67 1390.23 2053.79 3259.24 3738.81 2435.37
137.95 319.23 126.42 4603.65 948.95 378.47
570.65 868.56 1177.82 3964.44 2377.4 1426.17
859.98 1245.07 1749.3 2860.2 2110.56 1339.24
850.53 1252.42 1845.09 3005.97 2927.47 1872.96
415.22 705.15 756.29 4107.31 1620.79 852.18
410.95 532.89 667.13 1099.15 1153.32 882.94
764.21 1136.1 1700.38 3460.57 2432.71 1359.31
652.51 931.97 1326.8 2069.67 1919.69 1199.89
520.62 807.32 1093.88 3817.21 2110.28 1238.26
496.17 671.49 875.98 1447.54 1595.69 1177.24
794.51 1198.69 1716.08 4038.41 3326.26 1896.33
850.35 1200.27 1767.47 2895.38 2454.15 1496.91
598.55 958.72 1262.21 3935.65 2070.27 1195.17
686.76 980.2 1349.68 2169.69 1921.04 1273.67
902.92 1376.22 2075.58 3430.07 2979.63 1882.52
754.03 1047.79 1446.25 2302.09 2700.6 1899.1
489.48 822.19 725.09 4652.7 1554.29 798.88
731.33 1054.65 1511.12 2264.99 2102.94 1415.24
900.93 1324.59 1937.28 2889.37 2643.29 1729.59
683.83 1026.53 1407.49 3188.57 1807.74 1047.0
585.39 776.35 959.0 1635.31 1750.78 1352.23
971.85 1454.26 2174.32 3358.02 3702.48 2424.77
521.14 785.33 962.86 3269.28 1779.55 1001.17
549.74 776.63 1092.19 1928.5 1673.77 1113.73
467.61 737.27 962.52 3523.6 1757.4 1005.96
268.15 350.46 451.96 689.58 623.87 442.42
936.37 1377.35 2045.6 3164.97 3220.35 2068.98
770.98 1109.57 1667.53 2656.99 2312.03 1380.17
962.96 1403.11 1968.69 3173.7 2759.43 1780.02
562.27 772.07 1077.22 1734.59 1637.36 1091.31
739.13 1020.4 1367.81 2186.6 2147.62 1579.24
755.45 1161.93 1640.68 3608.24 2393.21 1444.83
449.82 745.6 746.31 4335.78 1567.68 828.32
712.29 1016.6 1549.15 2366.26 2094.13 1218.5
532.33 703.31 895.0 1557.99 1608.74 1174.63
767.5 1057.26 1445.94 2301.82 2298.32 1659.19
617.86 860.43 1166.3 2192.53 1960.83 1270.7
615.26 833.08 1056.57 1801.83 1686.04 1270.81
672.03 893.22 1126.34 1968.07 1997.15 1540.89
834.0 1239.55 1697.9 3489.52 2519.36 1567.41
761.25 1091.5 1605.89 2444.44 2700.87 1758.07
606.74 856.26 1259.28 2036.88 1933.16 1157.93
700.94 934.2 1199.41 1969.87 2076.77 1591.57
843.63 1205.22 1646.9 2687.33 2430.43 1642.74
929.76 1348.49 1880.72 3039.89 2666.95 1739.49
641.49 997.23 1337.21 3775.08 2410.32 1456.03
820.26 1193.1 1837.1 2821.83 2469.95 1419.66
631.76 1028.49 1262.24 3862.58 2511.51 1531.39
852.35 1215.22 1766.18 2810.42 2195.59 1369.6
245.88 321.39 451.83 651.27 580.0 367.28
217.21 422.52 415.53 3469.24 1118.27 509.46
946.22 1368.55 2017.64 3137.95 3429.72 2228.14
462.48 657.37 957.07 1888.27 1357.84 784.41
740.61 1072.23 1645.01 2520.85 2207.88 1273.73
870.69 1313.24 1935.8 3304.67 2649.74 1644.34
867.8 1272.4 1807.45 3032.32 2119.01 1291.7
478.44 618.05 743.3 1304.03 1397.73 1097.87
219.37 285.43 384.04 546.11 593.27 418.29
632.37 857.79 1174.29 1911.09 1839.35 1265.13
667.24 921.47 1244.12 1991.82 1941.85 1342.72
638.26 1013.69 1275.37 4157.76 2083.21 1175.19
274.46 341.21 397.15 756.23 669.25 535.15
647.85 966.94 1341.29 3118.71 2648.11 1664.37
900.46 1319.0 1947.98 3022.87 3080.5 1991.48
102.0 239.9 116.3 4885.6 1021.04 411.24
766.7 1096.7 1634.36 2705.56 3022.51 1857.48
622.86 879.41 1245.88 1932.66 2071.55 1407.04
485.47 708.91 1005.16 1922.86 1643.32 1043.14
594.35 878.4 1315.94 1927.99 1822.59 1180.21
577.63 753.68 876.22 1889.84 1722.93 1385.69
820.71 1171.34 1647.99 2909.11 2898.24 1940.2
756.13 1048.02 1439.12 2354.67 2043.69 1410.43
239.89 320.27 444.09 617.28 587.46 405.68
362.5 500.72 709.87 1057.69 1123.62 747.91
398.24 685.8 774.05 4103.3 1745.58 946.21
798.36 1204.44 1782.86 3901.4 3483.68 2001.0
952.39 1363.99 2068.2 3232.08 2830.32 1678.75
587.0 775.65 964.1 1649.19 1674.95 1304.15
689.62 1072.71 1361.48 3916.76 2441.87 1365.33
439.38 630.4 733.79 2480.99 1566.13 1023.38
782.63 1151.31 1651.12 2714.67 2327.2 1517.31
927.54 1396.09 2069.84 3470.19 3578.79 2324.77
793.33 1231.99 1736.53 3608.57 2594.81 1599.67
815.48 1210.53 1809.82 2653.31 2415.64 1524.03
831.11 1200.11 1777.75 2726.12 2574.38 1669.98
657.85 857.86 1059.09 1761.77 1956.34 1561.33
708.71 1066.81 1475.9 3393.91 1897.77 1084.68
404.85 546.29 738.23 1136.03 1220.3 869.21
195.63 370.03 349.24 4099.75 1263.36 572.86
469.97 656.7 949.01 1428.93 1352.14 894.48
819.27 1192.51 1789.71 3302.14 2539.42 1454.13
934.56 1365.51 2095.53 3474.05 3855.97 2287.61
846.26 1223.64 1804.15 2790.95 2734.0 1746.36
853.33 1237.7 1743.48 2847.48 2086.15 1314.27
755.54 1088.22 1520.97 3138.42 2071.73 1286.1
804.45 1118.37 1604.23 2528.94 2370.99 1551.25
456.92 590.85 727.67 1174.74 1249.22 1008.42
613.62 780.29 914.86 1568.29 1725.96 1447.4
680.77 943.66 1294.8 2098.64 2127.26 1478.22
252.57 331.55 467.97 676.57 602.03 379.54
525.08 678.54 795.8 1395.39 1593.33 1304.91
689.79 1035.66 1378.03 3278.42 2267.3 1383.3
600.45 799.84 1010.6 1692.53 1913.81 1465.02
448.06 569.08 651.83 1142.27 1298.26 1083.58
733.95 1082.37 1528.21 3460.48 2935.41 1877.97
238.04 430.72 442.81 4630.49 1318.5 634.37
315.95 393.41 455.14 759.87 841.77 694.36
627.68 878.72 1297.54 2089.7 1746.45 1050.34
631.92 936.13 1103.59 3495.91 1815.46 1114.39
321.87 507.6 591.15 3447.52 1215.35 630.45
577.6 822.61 1139.27 1806.01 1568.76 1022.22
122.6 134.03 151.61 181.49 179.77 149.86
185.95 260.86 285.15 1175.57 569.5 352.41
381.72 592.13 768.97 2352.73 1295.44 754.69
700.32 966.35 1337.28 2303.86 2105.53 1424.15
739.27 1162.36 1551.88 4221.51 3165.14 1786.18
798.63 1232.77 1822.62 3623.33 2738.08 1690.5
604.77 765.21 885.38 1521.53 1680.67 1431.5
493.95 806.52 1080.12 4033.4 2009.4 1129.25
402.13 546.49 722.13 1174.89 943.69 652.79
695.11 954.77 1285.03 2074.86 2325.86 1674.1
752.46 1058.28 1416.26 2330.46 2169.76 1515.03
529.99 705.7 884.74 1513.28 1426.3 1057.1
371.45 510.66 715.66 1079.2 1149.23 775.68
544.36 731.31 975.89 1687.71 1497.98 1050.23
614.46 908.81 1131.21 3265.2 1998.56 1278.78
542.87 913.92 898.72 4946.15 1927.51 1021.81
736.91 1005.37 1334.12 2156.55 2343.53 1730.87
623.33 804.87 972.18 1698.67 1764.47 1432.0
688.35 917.05 1169.21 1922.74 2103.25 1623.47
201.29 257.35 341.03 478.56 518.58 370.09
622.19 900.2 1253.7 2554.8 2378.95 1540.84
700.86 934.05 1199.13 1969.47 2076.43 1591.43
772.82 1179.29 1672.52 3109.48 2364.09 1453.88
219.92 409.97 347.49 4039.3 1122.85 521.49
781.91 1101.87 1634.43 2525.61 2291.07 1416.34
508.56 739.95 1027.46 2544.06 2039.83 1229.26
883.41 1245.56 1772.29 2847.38 2315.28 1512.61
727.39 1069.78 1561.6 2737.11 2495.97 1593.5
745.22 1096.38 1634.26 3519.58 2407.1 1345.53
794.82 1194.04 1809.02 2669.26 2521.11 1618.24
846.85 1269.95 1867.35 3163.74 2562.7 1609.26
806.37 1213.71 1731.33 3626.85 3025.2 1897.39
888.72 1261.53 1811.5 2907.72 2332.75 1493.75
198.15 252.34 334.55 450.26 417.66 295.35
896.28 1290.48 1882.24 2945.04 2904.33 1883.37
192.88 239.85 312.1 434.91 427.82 304.9
659.76 902.26 1220.29 2070.95 2341.47 1628.25
741.76 1004.23 1294.1 2144.53 1987.69 1469.13
415.68 700.72 733.84 4520.18 1731.95 889.22
424.15 578.72 777.02 1385.91 1345.51 933.25
454.93 614.7 803.07 1262.86 1275.39 950.6
574.77 774.78 979.42 1673.9 1634.56 1212.28
720.94 968.39 1265.87 2049.52 2272.96 1706.84
412.42 555.02 749.16 1165.41 1163.49 836.03
717.89 978.88 1287.44 2042.92 2051.0 1547.68
765.11 1077.37 1583.27 2491.97 2281.06 1415.88
598.26 815.91 1111.64 1875.95 1865.98 1253.92
848.87 1219.36 1785.96 2767.18 2635.03 1734.25
669.09 1028.69 1275.79 4013.95 2183.63 1236.3
158.49 188.08 229.87 308.52 292.64 216.44
220.14 282.32 389.74 553.98 495.29 320.11
362.86 624.9 713.33 4264.54 1985.45 1065.34
711.03 1062.12 1602.94 2359.44 2229.16 1435.16
478.02 741.34 815.22 3293.24 1709.75 1068.52
598.84 845.95 1172.11 1864.31 1476.81 926.11
307.55 533.57 522.7 4144.65 1452.63 769.26
946.02 1412.43 2106.19 3108.08 2791.67 1767.81
869.31 1245.33 1825.09 2804.43 3308.83 2184.88
784.94 1079.24 1487.52 2471.44 2462.17 1667.0
521.78 697.85 931.58 1533.16 1501.02 1055.52
755.1 1104.67 1593.87 2513.5 2250.89 1472.01
728.32 987.54 1327.95 2213.75 2237.99 1571.74
431.71 595.08 822.39 1219.95 1165.47 815.51
853.69 1255.93 1853.36 2971.29 2930.95 1878.52
172.96 208.15 261.58 362.85 303.22 223.12
668.13 914.51 1269.44 2029.17 1963.08 1342.55
808.31 1198.14 1777.1 2616.95 2354.19 1498.72
916.81 1346.09 1994.72 3076.77 3282.25 2116.8
926.02 1371.96 2026.33 3005.37 2724.46 1754.52
532.18 690.35 815.29 1425.27 1543.92 1250.4
858.68 1261.81 1834.07 3103.29 2964.17 1913.65
772.79 1102.13 1550.97 2466.97 2322.09 1486.86
734.42 1059.28 1517.88 2305.44 2171.25 1450.57
308.54 409.12 561.84 851.29 680.87 451.92
663.06 868.2 1069.0 1789.55 1890.2 1497.54
315.76 523.32 637.23 4082.0 1441.73 716.47
556.16 793.07 1201.43 1939.17 2164.13 1293.38
831.85 1221.43 1764.74 3496.22 3309.64 2124.63
788.99 1184.87 1794.68 2647.7 2500.8 1605.5
317.69 438.17 618.01 913.58 999.59 680.48
739.06 1070.96 1643.06 2676.62 2991.78 1771.89
626.87 880.99 1266.82 1998.1 1567.54 989.1
186.4 326.34 273.39 3980.5 1024.35 503.11
417.1 552.02 701.97 1139.38 1168.71 864.74
787.34 1186.32 1609.3 3589.2 2548.33 1519.3
799.56 1134.85 1712.13 2620.36 2334.71 1399.6
848.85 1241.18 1907.0 3201.16 3502.4 2063.02
443.85 725.47 891.52 4170.37 1912.93 1041.1
409.24 578.18 843.32 1506.4 1160.52 680.36
954.27 1386.36 1996.84 3145.45 2913.55 1800.62
600.82 904.73 1291.29 3877.19 2098.69 1137.15
661.15 975.74 1376.44 3652.46 2080.01 1180.58
779.63 1066.98 1445.78 2302.23 2665.71 1925.54
859.87 1244.28 1823.68 3226.32 2866.28 1683.66
468.92 656.98 976.15 1483.03 1315.5 790.18
494.78 684.64 880.32 1887.58 1347.82 906.28
660.33 923.56 1364.16 2100.34 1896.42 1171.45
407.45 654.15 865.03 3797.89 1679.98 838.55
760.47 1132.08 1585.3 3535.07 2605.71 1613.53
238.95 430.66 483.93 2900.12 1163.27 603.96
574.96 866.67 1187.72 3546.52 2332.43 1428.22
905.87 1312.99 1938.71 3004.19 2943.58 1878.83
872.61 1264.39 1764.87 2843.97 2485.98 1616.36
490.76 660.06 876.49 1422.65 1278.97 917.89
858.63 1245.46 1904.57 2938.57 2591.84 1513.77
578.14 898.61 1250.59 4214.5 2648.22 1463.78
888.78 1263.13 1897.74 2924.98 2626.61 1592.11
255.47 322.07 392.64 627.35 564.55 432.01
739.47 1067.52 1491.5 2384.22 2066.55 1334.78
147.43 295.27 242.17 4333.37 1064.15 462.52
473.92 714.06 921.46 3817.86 2108.28 1238.27
457.25 780.15 943.95 4231.86 1905.93 1026.29
388.33 623.42 749.03 3951.11 1461.55 764.98
659.84 974.48 1312.15 3577.11 2115.08 1222.77
832.98 1188.2 1721.67 2667.64 2949.64 1954.57
902.68 1286.6 1944.67 2998.69 2666.57 1596.38
820.48 1229.89 1816.92 3150.15 3150.65 2046.3
461.29 598.85 722.9 1261.25 1392.11 1093.01
111.96 117.88 127.17 142.27 150.26 132.38
900.65 1318.84 1917.94 2996.91 3305.19 2233.85
529.31 707.55 934.15 1525.45 1541.97 1115.86
646.87 929.95 1418.92 2166.58 1899.41 1101.97
672.1 961.4 1406.44 2162.94 2119.28 1362.13
332.32 537.82 647.54 4208.01 1466.19 727.27
380.11 698.44 691.98 4587.97 1793.97 950.23
447.06 622.61 870.62 1337.26 1243.05 790.9
720.62 1029.07 1568.87 2397.09 2121.27 1233.72
697.18 1040.53 1400.8 3715.17 2028.79 1182.95
662.8 962.85 1366.87 3229.71 2080.91 1199.66
470.73 735.03 963.79 4027.04 1697.21 910.75
851.71 1224.56 1801.76 3342.58 2519.38 1477.46
380.78 561.31 639.62 3250.29 1500.75 943.23
714.6 1072.8 1401.12 3696.46 2053.95 1190.25
376.2 529.07 757.23 1083.4 978.19 642.37
941.91 1413.49 2112.83 3268.99 2863.92 1788.13
363.18 508.22 710.18 1229.14 1110.6 726.76
864.0 1250.35 1844.67 2854.92 2796.62 1785.5
602.92 913.73 1257.83 3666.82 2626.15 1595.8
380.01 553.15 692.55 2356.07 1298.38 804.42
827.74 1173.58 1740.34 2719.81 2489.88 1533.87
813.17 1157.14 1679.41 2669.27 2086.45 1303.48
879.08 1259.12 1799.07 3118.69 2338.71 1469.83
372.35 550.76 714.06 2039.29 1139.67 650.39
773.82 1094.37 1629.17 2640.71 2202.4 1313.52
241.33 312.8 422.74 609.63 598.85 411.8
841.01 1286.8 1810.67 3820.18 3233.91 2053.94
638.31 938.8 1285.9 2836.05 2292.51 1437.86
751.39 1061.07 1538.17 2436.35 2268.37 1452.8
355.35 693.44 380.01 5671.28 1384.37 576.54
938.08 1419.62 2161.39 3199.0 3020.31 1931.28
572.99 889.04 1122.51 3848.68 2001.2 1138.93
847.53 1221.66 1707.14 2794.87 2089.58 1343.74
173.84 210.72 268.16 361.8 390.43 285.15
725.5 1037.89 1444.75 2384.6 1838.33 1138.43
744.14 1032.83 1436.53 2402.55 2398.67 1589.05
502.58 691.69 860.83 2039.33 1621.28 1145.0
955.68 1429.26 2136.1 3146.59 2820.65 1780.29
517.1 674.36 831.57 1374.64 1354.86 1063.5
774.49 1098.96 1660.78 2535.45 2252.41 1344.44
287.59 536.54 444.54 4825.74 1459.31 693.46
407.2 672.22 711.59 4234.94 1688.52 930.84
758.04 1090.06 1629.21 2651.31 2296.34 1374.26
505.96 707.72 1060.81 1602.57 1422.15 841.58
304.16 573.68 561.82 4527.62 1732.37 880.47
442.55 607.16 805.59 1285.08 1177.75 821.11
425.62 628.83 682.53 2616.24 1575.81 1057.51
790.77 1206.45 1724.67 3516.92 2470.67 1519.59
440.33 565.86 642.51 1322.32 1264.25 1001.37
864.83 1259.36 1833.83 2918.22 2946.76 1932.05
445.26 757.42 901.14 4173.23 1864.8 1013.32
676.09 951.06 1360.7 2098.38 2469.99 1669.53
637.23 870.81 1120.86 1900.32 1723.95 1274.52
439.9 666.24 772.76 3034.43 1836.18 1163.0
510.98 803.85 1014.22 3513.41 2208.54 1264.51
497.74 707.2 881.16 2843.31 1697.83 1102.25
772.81 1142.42 1562.22 3059.08 2295.52 1441.05
863.28 1252.79 1914.74 2963.08 2614.58 1525.84
699.73 1026.97 1409.42 2809.08 2070.74 1297.64
722.23 1104.81 1581.99 3775.23 2932.31 1850.58
159.54 325.26 276.31 4125.83 1142.47 484.15
751.63 1045.22 1505.77 2380.87 2205.67 1420.75
199.88 266.6 329.53 942.99 559.02 338.13
526.8 717.1 814.9 1953.99 1594.55 1221.55
168.85 202.05 252.47 348.02 291.76 216.18
562.53 817.92 1205.34 1750.63 1596.98 1020.59
666.76 965.87 1419.62 2178.02 2214.9 1433.46
887.97 1276.99 1898.73 3164.12 2959.19 1751.26
850.86 1221.41 1666.48 2920.2 2461.52 1645.38
837.46 1203.98 1845.4 2829.56 2501.8 1447.16
432.43 656.14 615.64 3027.37 1374.03 881.84
562.77 796.79 1156.78 1768.71 1733.39 1120.94
935.21 1343.94 1877.56 3038.32 2417.54 1512.55
922.15 1377.18 2056.33 3027.23 2714.06 1714.46
407.52 566.7 841.66 1262.09 1111.85 663.43
924.84 1317.04 1904.23 3044.68 2409.38 1524.41
798.2 1141.37 1695.76 2655.38 2413.98 1484.97
663.12 997.6 1439.87 3525.39 2252.8 1229.48
705.66 1037.77 1492.46 3198.04 2326.69 1460.52
877.62 1309.24 1955.06 2935.74 2804.28 1835.03
944.85 1352.56 1970.06 3152.53 2455.8 1527.7
851.68 1224.44 1818.75 3036.57 2830.15 1672.45
564.38 802.6 1110.5 1758.78 1528.09 996.69
860.91 1219.6 1748.07 2811.83 2251.7 1441.43
908.23 1322.03 1888.49 3112.63 2776.49 1709.2
715.8 1096.27 1459.63 3837.23 2542.28 1534.64
231.49 301.21 395.41 590.91 439.91 297.93
846.32 1194.97 1702.16 2664.33 2589.72 1777.44
636.66 900.51 1254.85 1924.06 1869.89 1300.91
630.83 870.23 1141.96 1991.41 1876.01 1300.8
693.24 977.0 1339.15 2117.19 2158.81 1559.58
828.36 1174.87 1752.96 2846.39 2372.6 1411.76
579.03 869.4 1261.54 3365.95 1968.3 1077.49
389.67 523.58 685.9 1089.68 942.72 654.42
607.35 899.49 1255.44 3117.01 2434.56 1538.96
248.61 592.21 170.53 5240.14 1236.43 517.26
306.08 562.44 482.51 4756.29 1363.93 621.62
931.53 1340.53 2000.46 3275.76 3106.91 1837.41
655.78 932.37 1122.81 2874.23 1937.37 1340.91
325.72 414.19 527.25 837.41 806.54 606.76
322.38 426.67 492.87 1300.39 967.65 725.37
486.88 800.24 841.73 3632.37 1505.89 820.81
119.29 129.94 146.09 168.83 162.42 138.39
835.42 1242.44 1849.94 2718.41 2438.27 1544.14
914.52 1310.74 1918.0 2957.91 3488.42 2308.16
486.0 772.09 935.88 3565.26 1710.2 961.83
410.88 660.87 772.58 4080.29 1412.48 752.62
798.07 1126.73 1559.67 2483.12 2744.81 1958.48
653.75 920.04 1229.79 2355.86 1995.51 1331.27
598.29 938.68 1078.9 4410.97 1790.75 965.74
956.07 1385.64 2046.5 3307.51 3735.38 2430.57
768.39 1078.66 1484.55 2317.43 2331.04 1693.72
757.19 1089.53 1600.77 2469.79 2419.64 1549.87
736.46 1041.24 1411.26 2345.26 1895.24 1291.3
459.34 649.42 905.86 1439.65 1030.06 643.27
657.66 902.29 1207.72 1885.96 1878.98 1386.91
472.33 652.82 922.07 1414.79 1360.65 925.52
647.43 1047.63 1202.2 4154.37 2199.06 1240.78
568.82 794.94 1138.27 1788.98 1405.85 891.14
840.08 1187.44 1692.4 2645.93 3115.84 2121.8
713.65 1075.01 1542.48 3492.08 2628.64 1627.23
552.12 872.22 1183.86 3426.14 2214.51 1311.26
879.79 1276.29 1880.88 2976.66 2862.85 1823.64
909.78 1367.88 2034.56 3321.61 2778.24 1728.37
356.1 512.48 579.99 2723.98 1383.53 903.41
511.22 788.97 1027.13 3920.35 1924.87 1073.96
581.91 796.64 1049.49 1743.62 1924.12 1409.69
498.3 695.67 1005.11 1507.9 1774.03 1178.36
616.02 784.96 923.4 1573.4 1728.43 1452.29
805.89 1153.1 1591.74 3026.43 2183.48 1407.41
362.77 474.99 562.84 1360.62 1089.77 821.58
549.26 822.43 1050.99 3592.24 1986.86 1233.01
809.73 1155.55 1586.3 2564.28 2288.55 1537.16
633.6 866.44 1132.25 1830.84 1889.78 1414.72
901.03 1327.86 1945.11 2925.79 2650.53 1725.77
351.03 444.42 544.75 863.33 906.64 727.94
372.31 644.28 711.55 4288.65 1543.85 759.25
362.38 641.87 791.07 4106.41 2064.16 1054.26
639.84 926.62 1372.88 2447.71 1962.22 1151.52
157.68 186.48 231.35 304.5 326.86 244.63
728.9 1013.8 1464.67 2306.9 2130.18 1365.47
898.61 1331.46 1954.68 3386.87 3279.37 2090.32
521.3 890.23 899.72 4511.86 1826.23 940.87
605.32 906.97 1261.23 3313.02 1990.06 1097.85
106.46 109.57 114.3 123.27 117.99 110.9
949.79 1418.58 2116.73 3120.75 2801.66 1773.16
763.15 1100.76 1563.82 2417.97 2404.4 1673.21
418.13 576.25 852.95 1277.51 1136.12 681.15
862.64 1271.66 1764.9 3430.11 2679.65 1619.31
320.09 472.11 444.87 2701.31 1159.07 758.97
742.26 1111.28 1679.74 2474.9 2337.96 1503.39
347.83 571.51 632.39 3909.59 1367.02 724.92
460.12 701.99 864.29 3591.72 1665.52 982.34
539.85 860.01 1005.49 4365.05 1829.69 921.94
591.14 830.24 1139.47 1821.88 1474.71 946.28
766.79 1203.27 1583.64 4056.51 2404.85 1414.13
433.74 608.48 871.75 1313.66 1397.88 924.63
637.17 823.04 1001.7 1706.5 1900.19 1522.71
785.35 1160.17 1664.32 3472.25 3001.72 1883.88
543.35 815.07 1129.93 3697.61 1925.78 1063.84
397.84 495.79 555.4 1010.59 1112.57 922.88
417.61 660.46 826.47 4065.2 1532.43 806.79
299.19 444.24 474.75 2012.38 803.9 444.49
842.86 1216.36 1858.7 2974.05 2546.25 1465.31
326.03 592.46 598.29 4703.09 1506.11 762.83
734.08 1101.19 1531.84 3360.54 1935.23 1114.29
780.74 1145.0 1628.96 3014.3 2802.04 1818.56
227.83 451.02 412.93 4451.87 1460.15 671.74
597.77 876.81 1158.0 2719.15 1629.24 967.85
509.82 651.9 748.7 1328.07 1517.24 1263.0
588.59 892.15 1283.91 3564.11 2559.65 1457.15
849.85 1263.58 1729.0 3441.71 2557.09 1598.55
343.23 471.31 665.11 987.41 1048.5 700.36
397.83 572.44 746.44 1659.9 1128.76 712.48
894.87 1305.06 2010.93 3098.01 2716.58 1563.66
956.57 1401.43 2168.25 3553.58 3976.01 2340.92
507.97 724.27 1016.54 1623.11 1154.63 714.11
389.84 641.9 758.04 3565.69 1532.39 829.39
769.19 1089.72 1523.7 2426.04 2632.25 1817.68
755.66 1081.53 1651.8 2526.8 2235.39 1297.73
381.05 603.15 746.17 4261.51 1567.72 802.95
762.72 1124.82 1603.24 3497.59 3071.51 1821.65
793.91 1180.36 1748.72 2735.71 2972.6 1950.6
714.49 958.05 1243.68 2033.24 2131.63 1613.35
676.37 994.12 1272.77 3380.9 1891.32 1150.47
494.68 854.0 847.28 4378.25 1794.53 930.95
546.93 762.49 1089.78 1710.1 1344.86 854.19
785.15 1110.76 1545.86 2399.08 2397.03 1720.04
300.22 403.87 582.89 856.63 758.81 466.85
850.83 1257.1 1851.39 2752.35 2496.1 1607.35
791.7 1109.96 1612.81 2644.32 2284.77 1430.26
830.91 1195.95 1760.61 3359.65 2488.9 1449.8
339.76 534.2 641.89 2628.07 1324.3 754.09
647.6 1003.04 1348.47 3517.14 2182.68 1330.18
683.24 943.22 1308.28 2202.99 2174.03 1429.36
440.51 625.23 860.29 1930.54 1556.7 1007.4
636.9 831.73 1005.86 1763.32 1855.18 1495.42
558.04 713.09 818.34 1635.07 1597.52 1328.77
651.75 899.52 1176.1 1972.04 1857.16 1323.83
739.94 1043.96 1509.9 2626.3 2138.42 1311.47
452.16 576.41 671.04 1200.61 1290.62 1034.68
629.95 874.51 1232.51 2054.84 2312.68 1527.02
535.35 714.65 910.6 1541.61 1641.25 1229.37
349.26 481.42 659.99 1030.6 744.36 475.21
921.52 1400.0 2118.35 3386.4 3012.76 1914.62
713.9 1024.75 1548.25 2393.51 2123.79 1258.67
284.8 426.59 539.4 1960.29 905.87 528.08
738.41 1026.88 1413.1 2272.7 2519.46 1769.61
644.86 967.74 1334.72 3630.36 2671.28 1658.41
611.13 892.1 1268.23 2711.18 2433.66 1544.16
676.26 978.46 1360.28 3045.84 2510.43 1626.46
748.53 1074.88 1516.84 2355.07 2353.04 1649.44
445.26 623.98 932.69 1404.72 1236.05 732.59
431.5 655.65 736.95 3274.99 1573.98 964.87
926.77 1386.66 2055.85 3141.81 2741.61 1729.93
402.07 545.52 665.82 1456.29 1132.75 810.35
779.29 1094.04 1589.3 2507.8 2340.86 1491.69
669.77 1028.71 1388.91 3854.7 2889.68 1773.1
677.17 889.79 1131.38 1903.84 1908.27 1467.87
542.1 839.95 1083.72 3918.74 1799.14 987.09
450.27 585.32 694.81 1383.92 1351.06 1051.77
363.73 643.02 536.84 4858.74 1388.75 608.92
176.74 382.21 211.81 4404.4 1019.29 434.41
620.78 967.09 1276.69 3946.19 2743.82 1660.3
670.04 885.94 1136.9 1873.24 1916.74 1465.24
827.74 1178.87 1604.04 2622.54 2386.6 1624.45
733.93 1053.89 1554.76 2377.08 2245.51 1461.31
866.27 1257.68 1838.97 3126.19 2753.02 1781.57
686.88 944.33 1272.64 2062.12 2101.95 1527.56
677.06 892.87 1145.99 1885.88 1933.67 1476.53
905.24 1332.73 1952.58 2909.3 2657.23 1733.88
699.78 972.52 1394.71 2287.09 2002.44 1278.85
917.09 1321.45 1943.97 2983.6 3302.47 2156.91
542.13 850.01 1119.62 3913.95 2066.94 1192.69
299.06 551.53 511.86 4662.7 1574.39 797.11
806.8 1157.12 1619.72 2600.63 2050.35 1269.39
638.3 857.1 1129.14 1861.46 1892.43 1382.85
318.91 429.39 602.35 886.3 840.87 570.08
508.23 676.68 887.82 1450.62 1472.45 1072.81
387.34 552.22 530.33 2623.57 1386.98 982.09
902.07 1291.79 1824.55 2895.64 2728.74 1752.15
900.67 1311.7 1916.71 2982.83 3196.59 2098.14
259.74 485.87 480.74 4397.7 1474.77 665.01
795.75 1164.18 1697.42 3514.93 2471.05 1426.93
444.58 737.66 764.09 4357.39 1541.21 746.27
511.27 754.57 1043.45 2576.5 1832.52 1157.03
935.28 1399.38 2087.77 3126.06 2767.01 1743.73
622.65 945.68 1300.74 3579.95 2167.39 1212.73
433.5 610.02 873.94 1332.35 1402.46 923.35
743.02 1055.08 1553.73 2450.75 2227.3 1379.94
166.45 204.63 263.45 345.72 331.55 245.2
192.15 239.43 300.53 429.18 383.4 277.94
856.76 1212.44 1643.3 2676.93 2437.78 1679.99
535.22 750.51 1125.0 1706.98 1518.28 900.67
734.04 1050.02 1395.87 2701.81 2192.16 1480.14
595.93 833.6 1207.13 1901.54 1742.35 1101.9
353.98 476.74 487.3 1868.34 1141.88 852.8
886.59 1291.3 1889.09 3313.25 3501.1 2259.99
214.56 274.88 366.16 517.96 546.73 382.76
593.5 849.06 1215.39 1828.42 1782.44 1228.9
889.35 1271.58 1847.67 2868.17 2750.65 1838.19
803.9 1159.17 1715.31 2628.39 2482.3 1611.56
832.41 1234.84 1746.92 3241.5 2080.06 1229.06
703.75 990.97 1470.15 2376.51 1983.78 1187.33
779.14 1119.64 1678.33 2822.04 2351.01 1381.16
717.85 1085.67 1589.3 4013.77 3146.03 1789.84
929.18 1388.05 2073.07 3198.87 3526.48 2310.98
633.27 930.11 1286.31 2725.75 2045.92 1368.22
719.61 1029.05 1511.05 2296.79 2537.07 1653.65
470.09 720.97 940.5 3627.82 1801.23 1077.28
506.22 708.51 1061.52 1616.87 1425.66 842.93
365.48 465.58 565.68 978.61 1082.01 825.41
725.03 1002.58 1320.81 2194.1 1969.32 1384.57
676.39 981.99 1394.91 2251.89 1590.0 967.63
767.38 1088.3 1589.7 2607.74 2505.75 1532.33
599.94 849.62 1238.52 1872.5 2066.38 1353.58
761.46 1121.07 1506.69 3306.05 2303.6 1466.83
774.64 1191.45 1699.78 3698.7 2498.9 1511.35
562.95 882.33 1227.19 3804.66 2088.17 1095.17
730.54 1020.52 1442.63 2419.91 2726.56 1799.22
907.95 1336.09 1914.27 3115.59 2189.58 1317.72
481.06 761.48 983.92 3829.02 2192.53 1193.55
879.04 1265.3 1745.07 2852.1 2530.32 1680.76
921.15 1327.9 1977.91 3303.15 3082.19 1818.04
122.78 134.07 151.76 180.52 195.74 161.67
795.32 1123.49 1530.41 2521.02 2001.64 1362.62
193.02 256.27 317.57 890.61 504.87 305.85
726.31 998.07 1330.65 2112.47 2165.38 1627.66
136.74 155.0 186.95 235.98 219.65 167.11
864.58 1246.09 1814.58 2948.14 2714.66 1786.83
837.58 1188.47 1773.88 2881.15 2401.37 1428.37
741.28 1059.45 1530.0 2892.69 2275.92 1390.31
816.19 1163.31 1681.04 2628.89 2524.91 1688.09
900.93 1291.71 1798.95 2915.77 2333.25 1465.83
771.77 1090.9 1508.81 2421.0 2332.21 1545.53
545.65 817.78 906.84 3649.81 1746.91 1061.5
764.81 1097.74 1523.61 2516.43 1895.92 1221.71
844.19 1226.68 1878.27 3080.12 3444.2 2050.22
300.88 501.5 581.64 4317.07 1522.26 748.78
293.57 442.64 418.12 2339.92 913.69 542.1
94.8 270.16 98.21 4760.4 1068.66 387.69
673.3 1040.52 1299.02 4200.4 2523.8 1501.12
935.8 1377.35 2045.64 3180.55 3221.44 2067.45
917.06 1304.49 1886.62 2917.51 3431.46 2307.0
581.41 854.94 1016.91 2618.6 1836.58 1267.48
112.68 119.96 131.19 146.88 144.18 127.71
936.54 1364.73 2089.77 3435.6 3847.43 2296.85
246.53 427.59 454.32 4282.58 1329.57 664.39
859.01 1279.65 1855.57 3433.48 3152.12 1998.75
812.86 1151.82 1596.21 2564.06 2468.46 1632.34
348.46 556.07 654.49 3585.86 1290.6 698.32
471.6 681.69 763.2 2642.46 1555.59 1033.18
696.04 1025.93 1518.3 2222.18 1995.14 1270.45
797.74 1176.14 1588.82 3441.71 2173.03 1297.07
648.82 899.11 1282.54 2026.71 1915.43 1250.75
316.96 424.79 613.5 903.04 806.61 496.34
370.46 549.5 732.28 1903.51 1346.45 855.97
715.93 1016.42 1390.44 2312.06 1795.44 1188.58
869.84 1264.17 1843.22 2878.36 2954.65 1943.3
467.68 729.96 928.74 4141.49 1705.65 894.19
580.51 858.63 1096.1 3385.63 1918.86 1211.4
221.2 434.06 384.88 4532.35 1427.78 664.66
524.98 815.01 932.55 3634.7 1702.6 1032.33
576.3 853.22 1165.1 2515.36 2136.59 1415.86
852.51 1232.55 1845.34 3430.03 2623.4 1528.21
472.74 663.95 911.09 1431.43 1246.27 819.73
143.43 280.24 224.97 3649.2 1004.15 424.61
844.71 1208.87 1704.55 2718.88 2559.86 1636.82
671.2 973.13 1323.24 2704.22 1755.13 1108.55
152.37 323.55 231.07 4474.57 1177.22 485.93
615.8 994.82 1189.53 4519.18 2419.54 1417.84
854.99 1209.29 1637.97 2668.8 2432.49 1678.27
540.06 701.74 865.37 1427.35 1545.96 1235.3
866.23 1294.02 1907.96 3138.22 2653.08 1668.36
750.82 1084.91 1573.57 3199.7 2342.19 1392.71
700.51 932.16 1170.72 1956.4 1895.71 1458.32
441.55 639.52 799.32 2018.74 1112.04 690.78
754.04 1089.56 1523.21 2436.27 2111.36 1362.91
406.16 664.53 797.89 4016.8 1482.29 741.83
423.35 727.79 813.23 4520.13 1801.03 962.88
922.43 1352.82 1999.2 3112.5 3159.76 2041.57
653.29 849.51 1047.46 1777.4 1896.42 1498.25
454.08 601.94 775.92 1237.68 1240.97 913.36
699.51 985.74 1299.8 2557.2 2395.18 1715.53
231.36 384.11 450.25 3219.96 1253.79 638.79
457.25 578.16 681.84 1128.19 1222.99 1023.76
752.55 1077.77 1473.84 2572.2 1926.6 1269.69
697.41 1072.82 1539.64 3540.82 2326.78 1380.98
866.53 1284.74 1949.75 3800.16 3675.8 2136.84
750.6 1057.11 1456.25 2354.51 2255.65 1493.05
421.44 622.67 826.33 2780.27 1356.44 751.9
663.65 946.97 1287.17 2259.79 1870.83 1242.74
698.28 981.52 1419.42 2260.12 2083.21 1325.65
908.63 1316.77 1955.66 3004.6 2836.77 1836.47
126.03 287.34 173.41 4574.6 928.66 402.1
558.24 742.1 948.98 1619.22 1520.83 1130.17
779.08 1107.97 1628.51 2563.2 2355.04 1475.27
560.91 790.0 1190.89 1805.99 1601.14 941.98
505.59 746.97 952.59 3363.05 1745.53 1051.32
736.15 1070.8 1564.7 2800.89 2338.61 1495.65
550.81 784.17 1187.24 1803.58 1583.34 925.97
222.34 281.35 370.94 540.74 440.76 306.45
638.99 865.76 1161.19 1883.34 1671.41 1201.04
821.39 1146.27 1593.11 2533.36 2564.66 1785.22
907.63 1352.46 2025.72 2979.08 2714.97 1711.91
882.31 1294.24 1917.55 2954.15 3150.63 2030.92
565.17 897.14 1149.29 4050.04 2578.24 1532.25
824.95 1198.27 1717.44 2709.37 3006.03 2057.4
323.26 433.89 607.34 889.16 1038.34 704.45
485.5 676.58 928.89 1463.9 1163.77 737.81
856.56 1238.63 1737.7 2842.22 2104.79 1340.48
848.96 1239.4 1799.03 2707.97 2547.46 1685.11
565.45 858.26 1170.67 3072.35 2064.73 1267.21
227.12 358.44 342.2 2784.79 981.88 538.33
754.5 1118.96 1515.41 3463.81 2437.59 1476.38
398.84 696.65 624.31 4785.53 1465.24 696.45
849.76 1303.55 1936.06 3430.53 2808.83 1765.77
830.74 1247.69 1840.45 3007.32 2496.0 1558.09
416.66 685.61 786.58 4163.68 1592.16 810.22
730.5 1019.9 1487.55 2326.21 2130.37 1346.16
580.79 820.91 1194.92 1804.62 1991.07 1305.57
811.01 1175.35 1721.69 2791.19 2631.91 1674.6
461.9 733.92 827.65 3544.71 1687.73 958.51
597.7 822.99 1098.15 1762.05 1745.77 1261.65
637.63 947.52 1326.43 3260.28 2636.48 1644.0
355.47 490.92 673.93 1053.76 760.4 484.55
493.68 758.04 938.67 3057.54 1775.51 1051.58
898.92 1323.97 1894.48 3134.4 2176.76 1307.71
721.16 1063.8 1583.15 2315.96 2110.61 1337.45
533.26 755.52 1042.78 1647.62 1432.39 936.6
442.04 603.51 702.09 2026.18 1355.43 959.02
814.81 1166.78 1735.28 2832.15 2685.84 1592.32
611.58 776.52 906.5 1552.61 1697.75 1435.23
874.19 1264.7 1915.63 3162.71 3536.08 2134.87
420.01 725.27 682.44 4753.67 1531.99 743.31
728.08 1014.63 1431.65 2395.22 2342.16 1504.54
697.53 1021.75 1396.23 2716.65 2112.13 1285.5
926.44 1327.6 1939.46 2991.04 3532.63 2345.33
546.67 869.07 1103.52 4051.87 2169.0 1257.49
151.96 251.21 193.38 2180.83 604.89 296.16
293.47 419.7 510.57 1509.64 823.58 509.09
192.2 245.18 326.78 440.93 421.27 301.46
679.31 1013.75 1501.6 3442.69 2889.06 1668.76
500.57 744.44 921.6 3473.98 1576.0 963.59
605.03 870.46 1170.98 2833.15 1906.43 1170.12
149.07 174.97 214.26 279.92 283.12 215.46
863.35 1262.48 1734.59 3301.63 2294.44 1388.96
460.98 714.23 926.03 3842.36 1593.92 871.95
532.15 771.31 1128.33 1715.07 1885.82 1252.32
689.95 976.07 1404.95 2161.04 2394.4 1597.81
772.55 1126.98 1612.38 3545.54 2361.17 1357.21
880.56 1270.67 1909.9 3344.24 2686.15 1569.63
491.54 654.69 827.25 1466.19 1496.93 1120.4
779.95 1165.54 1692.68 3578.98 2485.89 1390.49
936.87 1360.52 1998.7 3239.54 3648.37 2373.74
540.38 704.49 837.47 1466.13 1556.8 1258.15
423.05 603.61 851.41 1513.19 1357.45 877.27
265.62 345.29 483.24 698.01 628.51 405.56
441.5 626.02 856.96 1917.87 1419.58 915.0
341.27 461.49 497.88 1626.37 1131.69 823.98
416.12 573.99 819.9 1220.78 1343.37 892.66
238.68 330.64 433.29 1112.27 830.3 496.81
518.53 670.77 778.45 1454.52 1545.21 1262.01
538.6 841.58 1130.65 3708.88 1956.27 1051.3
793.4 1141.53 1616.1 2698.53 2784.26 1871.51
513.34 722.36 1043.9 1590.47 1558.93 1011.89
772.78 1102.19 1572.22 2462.72 2539.21 1719.24
603.69 884.8 1212.2 2655.71 1556.34 938.08
905.63 1322.85 2042.67 3152.12 2752.59 1577.0
252.55 476.03 456.94 4494.25 1452.35 684.44
234.14 303.81 423.9 640.85 707.01 450.94
881.84 1263.76 1826.26 2867.77 2853.11 1877.75
839.59 1230.56 1790.32 2808.53 3097.26 2080.81
567.57 802.83 998.36 2487.49 1800.7 1231.53
862.08 1283.82 1913.39 2948.08 3249.19 2132.06
561.09 808.46 1166.96 1720.16 1576.08 1038.27
218.52 443.13 310.38 4964.77 1234.94 554.84
676.59 1029.57 1413.78 3872.89 2542.39 1421.91
837.88 1177.54 1724.46 2697.66 2485.73 1570.86
839.61 1226.98 1733.25 3076.38 2834.68 1857.87
202.75 481.18 266.21 4980.61 1232.4 524.29
144.36 342.94 129.01 4949.79 1076.01 416.52
760.72 1041.87 1354.03 2235.88 2150.6 1586.69
582.21 775.01 968.77 1639.77 1806.25 1399.78
136.85 154.62 181.6 232.75 202.63 162.18
568.29 827.44 1214.32 1850.12 2035.15 1348.68
757.63 1087.76 1534.37 2436.52 2708.76 1883.08
724.53 1070.14 1586.09 2434.02 2680.78 1765.28
962.0 1398.0 2014.0 3173.0 2939.0 1816.0
69.0 191.5 59.0 4653.5 930.0 346.0
134.0 394.5 95.5 5146.0 1087.0 409.5
969.0 1403.0 2079.0 3181.0 3518.0 2279.0
155.0 368.0 123.0 5163.0 1156.0 447.0
89.8 263.8 87.2 4769.8 1060.5 381.0
971.0 1390.0 2115.5 3245.0 2879.5 1707.0
122.0 299.0 89.0 4632.0 914.0 354.0
72.0 203.8 71.8 4231.5 957.5 341.5
907.5 1325.5 2047.5 3151.5 2757.0 1579.5
948.0 1357.0 1978.0 3155.0 2462.0 1531.0
56.8 180.8 53.0 4412.8 873.5 325.0
119.5 322.5 80.5 4825.8 970.8 371.8
948.0 1376.0 2046.0 3146.0 2970.0 1921.0
911.0 1341.0 1922.0 3127.8 2196.5 1320.8
985.0 1493.5 2276.8 3372.5 3183.8 2033.8
76.2 218.5 55.5 4643.8 764.8 282.8
962.5 1390.0 1954.5 3151.5 2480.0 1527.0
959.5 1435.2 2145.2 3160.2 2832.8 1787.8
88.5 243.0 63.5 4918.0 903.5 321.0
978.0 1422.0 2105.0 3266.0 3199.0 2037.0
79.2 209.2 66.0 4931.0 970.2 374.0
222.2 574.0 104.8 5481.0 1198.8 463.2
992.0 1434.0 2127.0 3253.0 3849.0 2515.0
980.5 1432.2 2016.0 3245.2 2807.8 1800.2
966.0 1422.0 2112.0 3259.5 3477.0 2237.5
109.2 304.0 68.8 5231.2 1052.0 412.0
978.0 1434.0 2220.0 3640.0 4073.0 2397.0
81.5 229.5 75.0 4588.5 1023.0 369.5
937.0 1353.0 2081.0 3198.0 2826.0 1629.0
924.0 1316.0 1970.0 3207.0 2671.0 1584.0
102.5 315.2 89.5 4914.0 1200.8 467.0
980.0 1467.0 2194.0 3388.8 3736.5 2446.5
955.0 1376.0 2056.0 3368.0 3193.0 1885.0
977.5 1462.0 2197.0 3231.5 2940.0 1846.5
939.0 1381.8 2053.5 3176.2 3230.8 2074.0
265.0 540.0 222.0 5608.0 1151.0 427.0
83.0 265.0 84.5 4714.5 1156.5 420.5
245.0 494.0 207.0 5231.5 1090.0 397.0
304.0 635.0 236.5 5868.5 1229.5 464.5
138.0 335.0 114.0 4964.0 1063.0 407.0
53.8 244.8 74.8 4340.2 1057.2 381.2
420.0 524.0 584.0 1074.5 1187.0 988.0
504.0 642.0 731.0 1303.0 1494.0 1252.0
602.0 760.0 876.0 1507.0 1676.0 1432.5
100.0 100.0 100.0 100.0 100.0 100.0
