0.1216
0.1129
0.2959
0.7993
0.5003
0.2426
0.5423
0.3525
0.5994
0.5146
0.9774
0.9899
0.6011
0.4013
0.1815
0.2566
0.8501
0.6071
0.2251
0.7913
0.2643
0.6281
0.1882
0.5032
0.5781
0.2653
0.108
0.8833
0.1368
0.3679
0.6315
0.8715
0.2351
0.8047
0.6637
0.2907
0.8501
0.519
0.3109
0.2548
0.6049
0.5992
0.0934
0.7276
0.1609
0.0703
0.0762
0.6135
0.8385
0.7456
0.7208
0.7269
0.9234
0.2284
0.5011
0.6677
0.5831
0.3897
0.3191
0.8263
0.81
0.4072
0.5647
0.9516
0.1141
0.0831
0.4758
0.7216
0.3186
0.501
0.7204
0.7518
0.0369
0.4524
0.2987
0.3649
0.6134
0.51
0.5402
0.907
0.6832
0.1335
0.2976
0.3302
0.1317
0.5298
0.3623
0.399
0.5943
0.4611
0.8412
0.9305
0.3558
0.7118
0.8992
0.6926
0.8381
0.292
0.714
0.9939
0.6281
0.9689
0.4565
0.5897
0.5896
0.746
0.0807
0.2841
0.8746
0.935
0.3031
0.0632
0.5955
0.6343
0.9573
0.5044
0.5833
0.0504
0.3499
0.2602
0.1008
0.0772
0.8325
0.9476
0.2609
0.9385
0.658
0.2735
0.4139
0.1155
0.1132
0.6535
0.5588
0.5561
0.3942
0.0142
0.5016
0.2475
0.9868
0.5379
0.6329
0.7556
0.8425
0.3607
0.8088
0.729
0.8111
0.7145
0.225
0.449
0.1765
0.3697
0.9775
0.7144
0.9683
0.1054
0.7653
0.637
0.0165
0.4492
0.559
0.4221
0.4182
0.2447
0.1661
0.546
0.869
0.0561
0.1902
0.7244
0.52
0.8258
0.343
0.4083
0.5275
0.1982
0.8462
0.653
0.1996
0.8008
0.3878
0.0194
0.0304
0.2034
0.5395
0.024
0.105
0.9824
0.925
0.1262
0.226
0.0977
0.4414
0.9244
0.8978
0.1269
0.8423
0.7238
0.6923
0.3662
0.4636
0.7768
0.8504
0.3764
0.7744
0.3325
0.8826
0.3667
0.8408
0.6899
0.5025
0.7343
0.7903
0.1253
0.3958
0.2957
0.4244
0.0492
0.6703
0.5346
0.1388
0.8503
0.8224
0.8083
0.0273
0.7477
0.1091
0.3428
0.1843
0.6441
0.2439
0.038
0.9587
0.6706
0.3549
0.7173
0.8827
0.0653
0.0415
0.9752
0.0166
0.3864
0.7646
0.2466
0.8618
0.7077
0.5366
0.35
0.9965
0.2413
0.5684
0.3249
0.3321
0.8418
0.8181
0.768
0.7026
0.7004
0.8507
0.0092
0.5257
0.0439
0.9024
0.5891
0.5858
0.1976
0.0791
0.1118
0.4863
0.2342
0.1387
0.1729
0.4733
0.5676
0.8507
0.4101
0.9654
0.8274
0.3391
0.7431
0.1291
0.189
0.0184
0.1056
0.6372
0.8732
0.0661
0.4426
0.3874
0.1657
0.8861
0.6709
0.983
0.6541
0.2771
0.5691
0.9516
0.3301
0.5783
0.5484
0.8171
0.677
0.9815
0.1897
0.1604
0.3933
0.187
0.8594
0.1956
0.6582
0.0207
0.2798
0.4559
0.0211
0.2655
0.2697
0.1323
0.1457
0.3889
0.2363
0.646
0.0202
0.3181
0.7083
0.7413
0.3932
0.4335
0.9967
0.2558
0.2912
0.6965
0.1898
0.9406
0.4892
0.3808
0.3185
0.5097
0.8426
0.923
0.0919
0.0964
0.5305
0.0985
0.729
0.0785
0.6553
0.5355
0.8004
0.1719
0.7346
0.1842
0.7561
0.0136
0.7888
0.0419
0.8756
0.0885
0.5192
0.7549
0.8119
0.529
0.7783
0.8596
0.8186
0.5784
0.3809
0.5898
0.4025
0.072
0.0707
0.2121
0.7275
0.33
0.1236
0.2032
0.3334
0.6322
0.6851
0.2283
0.727
0.5799
0.8672
0.4153
0.1652
0.0583
0.5947
0.256
0.7457
0.2854
0.8282
0.4873
0.5021
0.3213
0.8916
0.5177
0.3098
0.6027
0.0982
0.4308
0.0673
0.2209
0.5213
0.395
0.8344
0.8906
0.4693
0.3414
0.7205
0.3249
0.2816
0.4253
0.7426
0.177
0.8779
0.904
0.6027
0.5536
0.1881
0.9486
0.2308
0.0675
0.8224
0.7498
0.3196
0.6152
0.1219
0.9301
0.9096
0.9498
0.7767
0.0146
0.7742
0.4999
0.2836
0.5078
0.3571
0.2129
0.1349
0.8224
0.6641
0.0094
0.811
0.4295
0.6678
0.8322
0.401
0.9754
0.0053
0.6488
0.7948
0.569
0.5518
0.9773
0.1272
0.3127
0.8809
0.9676
0.7901
0.4466
0.948
0.1497
0.6691
0.3547
0.4776
0.6285
0.943
0.5179
0.9908
0.1499
0.6359
0.5759
0.6617
0.273
0.7996
0.7924
0.7118
0.5136
0.4999
0.266
0.5119
0.0055
0.8357
0.4682
0.3585
0.9561
0.5823
0.0027
0.412
0.8262
0.5294
0.4185
0.2554
0.9629
0.486
0.8684
0.4665
0.4863
0.5138
0.2106
0.2017
0.973
0.1984
0.2951
0.7036
0.4783
0.3868
0.4237
0.0025
0.7565
0.984
0.1435
0.6601
0.7922
0.7187
0.23
0.2978
0.3647
0.6509
0.7814
0.8042
0.8949
0.0016
0.2542
0.8219
0.8586
0.8766
0.1996
0.5975
0.0173
0.3054
0.0499
0.4537
0.3328
0.419
0.8296
0.3518
0.8969
0.7512
0.9721
0.7476
0.3253
0.5223
0.442
0.862
0.0142
0.3037
0.2104
0.8174
0.8418
0.2092
0.0202
0.1812
0.852
0.7916
0.4945
0.4242
0.2832
0.0136
0.4088
0.2667
0.3303
0.4468
0.4735
0.9096
0.1048
0.0457
0.4239
0.5111
0.9315
0.7236
0.1413
0.1518
0.0266
0.9242
0.7298
0.6904
0.7045
0.4749
0.8732
0.8803
0.1624
0.1245
0.3083
0.5388
0.2183
0.766
0.0762
0.4723
0.0137
0.8936
0.9009
0.837
0.636
0.4987
0.846
0.1975
0.5603
0.4569
0.4863
0.9225
0.2908
0.4622
0.8681
0.4052
0.2867
0.3066
0.1627
0.4636
0.1492
0.1731
0.78
0.5561
0.7822
0.7936
0.6349
0.534
0.2169
0.2251
0.2265
0.9429
0.0826
0.6906
0.2494
0.8865
0.7788
0.798
0.816
0.2572
0.1676
0.8085
0.9388
0.7699
0.6288
0.0391
0.7197
0.4024
0.2364
0.1716
0.0782
0.4029
0.996
0.0292
0.0726
0.0405
0.3632
0.9511
0.7643
0.9339
0.3849
0.0202
0.2094
0.8924
0.0985
0.7269
0.5183
0.1811
0.9585
0.7838
0.3515
0.0381
0.2912
0.3529
0.0164
0.8506
0.0403
0.142
0.8066
0.7937
0.9983
0.7436
0.6667
0.2901
0.6779
0.4086
0.7218
0.0652
0.9112
0.6422
0.7169
0.9263
0.1504
0.5013
0.6759
0.9923
0.7998
0.374
0.3603
0.1333
0.459
0.9972
0.3244
0.1702
0.362
0.617
0.1343
0.6136
0.931
0.7537
0.4465
0.8321
0.1881
0.6456
0.7361
0.1842
0.3784
0.5046
0.7998
0.6477
0.5466
0.1127
0.9305
0.6262
0.4624
0.1124
0.0614
0.397
0.8586
0.2943
0.1697
0.8247
0.8106
0.8386
0.4598
0.8368
0.9046
0.1441
0.5907
0.2768
0.0646
0.2089
0.0283
0.1779
0.5056
0.9318
0.0053
0.24
0.0334
0.983
0.3686
0.5442
0.7767
0.697
0.5614
0.1691
0.5587
0.1182
0.0974
0.279
0.0739
0.3346
0.443
0.1173
0.1331
0.5931
0.4261
0.0984
0.3879
0.5223
0.2493
0.8138
0.7293
0.8735
0.36
0.3513
0.0624
0.4703
0.0151
0.4251
0.3113
0.8459
0.1392
0.9124
0.9984
0.1117
0.4991
0.3742
0.6579
0.43
0.6405
0.5291
0.6382
0.1533
0.4049
0.1118
0.2382
0.1699
0.3711
0.2491
0.8842
0.6328
0.9319
0.7351
0.9907
0.0564
0.823
0.2896
0.5624
0.3768
0.221
0.2126
0.2444
0.5131
0.9573
0.6853
0.2466
0.9823
0.1949
0.788
0.7397
0.6129
0.7859
0.8306
0.6909
0.448
0.7305
0.1166
0.5855
0.2419
0.8888
0.2461
0.7737
0.666
0.5966
0.7803
0.9552
0.7738
0.8587
0.5368
0.7886
0.7168
0.1392
0.7119
0.9059
0.7856
0.2956
0.1621
0.2345
0.1542
0.3905
0.5932
0.5493
0.7203
0.5428
0.4278
0.1229
0.4897
0.5645
0.8606
0.0403
0.6696
0.3903
0.5809
0.9162
0.088
0.5589
0.249
0.6152
0.5881
0.8249
0.127
0.5058
0.2726
0.6746
0.9064
0.7084
0.1593
0.1127
0.3211
0.4893
0.8345
0.9644
0.3587
0.1865
0.4602
0.0004
0.8747
0.4544
0.4498
0.523
0.2834
0.3679
0.56
0.8054
0.587
0.561
0.9223
0.84
0.7166
0.0752
0.5357
0.0205
0.2328
0.6417
0.3434
0.1248
0.6868
0.9998
0.4828
0.1298
0.4147
0.1527
0.9471
0.6675
0.649
0.1038
0.3299
0.1015
0.9497
0.5874
0.13
0.7468
0.2614
0.5295
0.6114
0.6051
0.8632
0.9942
0.3558
0.4654
0.9159
0.0198
0.4618
0.3941
0.5938
0.5823
0.3203
0.0727
0.4004
0.0417
0.0439
0.1509
0.0064
0.9253
0.6304
0.5335
0.8788
0.7829
0.078
0.8776
0.2403
0.5623
0.0148
0.158
0.3763
0.7263
0.1469
0.7475
0.7451
0.5515
0.1971
0.5525
0.4971
0.1151
0.27
0.5665
0.9404
0.1282
0.2458
0.9985
0.8137
0.3061
0.9899
0.0753
0.6317
0.8066
0.4043
0.9072
0.4816
0.2486
0.1456
0.2743
0.8096
0.1684
0.7203
0.9888
0.2624
0.2748
0.7702
0.962
0.3335
0.8423
0.1625
0.4144
0.2344
0.4621
0.9652
0.0556
0.4616
0.9079
0.2014
0.1069
0.5764
0.0547
0.7653
0.526
0.4857
0.4597
0.879
0.1691
0.8003
0.0
1.0
1.0
0.0
1.0
1.0
0.0
1.0
1.0
0.0
0.0
1.0
1.0
0.0
0.0
0.0
1.0
0.0
0.0
1.0
0.0
1.0
1.0
0.0
0.0
0.0
1.0
0.0
1.0
0.0
0.0
1.0
0.0
0.0
0.0
0.0
1.0
1.0
1.0
1.0
1.0
1.0
0.0
0.0
0.0
0.0
