0.2097
0.5579
0.7148
0.6499
0.8715
0.0018
0.4257
0.8021
0.3365
0.5217
0.3347
0.5382
0.0326
0.7838
0.1466
0.3895
0.591
0.7709
0.1567
0.0115
0.0306
0.2645
0.8245
0.6414
0.3038
0.2679
0.4583
0.4196
0.6427
0.8095
0.6209
0.8061
0.3118
0.6092
0.4677
0.8372
0.0114
0.3638
0.4688
0.9893
0.7387
0.9993
0.0682
0.6291
0.0481
0.1783
0.9449
0.6497
0.2678
0.6951
0.7398
0.5778
0.5951
0.8789
0.8397
0.2595
0.1376
0.8994
0.8286
0.1177
0.4035
0.9208
0.7438
0.4705
0.4753
0.5799
0.7387
0.6256
0.3374
0.4975
0.2587
0.7842
0.6072
0.6802
0.1052
0.9941
0.4184
0.2415
0.903
0.1265
0.772
0.6208
0.4733
0.0034
0.4078
0.1481
0.9884
0.5393
0.3604
0.6572
0.0484
0.6411
0.4065
0.3871
0.4069
0.7028
0.9796
0.672
0.419
0.0794
0.6962
0.2461
0.405
0.656
0.9818
0.3913
0.2865
0.3689
0.5169
0.7079
0.8997
0.2357
0.3414
0.2926
0.957
0.0282
0.076
0.3236
0.1071
0.7849
0.2294
0.7455
0.4949
0.1355
0.136
0.1217
0.1209
0.4961
0.442
0.3572
0.2001
0.5774
0.6262
0.7013
0.3646
0.8285
0.0953
0.231
0.6845
0.9448
0.5656
0.5025
0.5576
0.6906
0.245
0.0471
0.874
0.7099
0.4189
0.6654
0.2994
0.7986
0.0714
0.1497
0.6749
0.8064
0.617
0.764
0.2051
0.986
0.425
0.9139
0.3924
0.2384
0.2133
0.7806
0.9453
0.303
0.2815
0.3384
0.9759
0.8606
0.2858
0.6961
0.0467
0.9718
0.8876
0.8259
0.3702
0.7911
0.2698
0.8792
0.0379
0.1727
0.2532
0.4372
0.3848
0.4991
0.97
0.4123
0.8308
0.2529
0.8772
0.8553
0.0465
0.4102
0.2553
0.3689
0.9996
0.6086
0.7799
0.8417
0.8211
0.528
0.2243
0.5913
0.6837
0.2816
0.1015
0.8027
0.6026
0.2133
0.5545
0.9917
0.7039
0.9074
0.1583
0.8782
0.4448
0.4516
0.7769
0.749
0.4386
0.2946
0.3732
0.3029
0.9763
0.7632
0.1063
0.14
0.8749
0.1463
0.372
0.0967
0.8951
0.8885
0.1823
0.0061
0.6128
0.6245
0.8716
0.3014
0.0379
0.3915
0.3319
0.4967
0.6489
0.821
0.1325
0.001
0.794
0.555
0.4129
0.4759
0.0406
0.9974
0.8643
0.6838
0.1509
0.5286
0.5539
0.8232
0.3119
0.1363
0.9311
0.9241
0.0039
0.4092
0.3942
0.1132
0.1518
0.7325
0.3402
0.4253
0.0026
0.8154
0.442
0.9917
0.309
0.4652
0.1415
0.7958
0.4206
0.1331
0.4296
0.0807
0.7114
0.9837
0.6935
0.3684
0.2029
0.8198
0.3412
0.0259
0.1256
0.4021
0.6661
0.2341
0.8836
0.6799
0.1544
0.1399
0.3353
0.9435
0.2769
0.6528
0.9626
0.3025
0.2742
0.7979
0.503
0.2127
0.0623
0.257
0.0532
0.0774
0.9398
0.6256
0.4347
0.1153
0.7407
0.0614
0.9225
0.0472
0.5681
0.2107
0.5009
0.386
0.7595
0.7712
0.0034
0.6366
0.7919
0.8886
0.2729
0.7889
0.3316
0.7608
0.3994
0.0414
0.7073
0.4054
0.2022
0.8712
0.1671
0.1047
0.9337
0.3728
0.9839
0.8605
0.458
0.2214
0.3311
0.8536
0.3681
0.401
0.544
0.8967
0.547
0.1836
0.8559
0.9193
0.0694
0.0384
0.6438
0.5728
0.3469
0.2994
0.9486
0.1992
0.4486
0.9844
0.5135
0.6049
0.1992
0.9366
0.9282
0.5284
0.2856
0.6936
0.8697
0.7664
0.9016
0.9086
0.5043
0.8581
0.9501
0.0596
0.6484
0.1179
0.0057
0.6298
0.2842
0.8911
0.5037
0.814
0.401
0.388
0.9243
0.2126
0.2113
0.8406
0.8663
0.7637
0.2828
0.8191
0.6195
0.5081
0.9203
0.9739
0.9876
0.7027
0.237
0.7396
0.3258
0.8419
0.0164
0.1527
0.891
0.6997
0.6878
0.0514
0.1252
0.2977
0.8494
0.9708
0.3732
0.7202
0.8442
0.1542
0.2164
0.877
0.2464
0.3741
0.454
0.7935
0.3498
0.9923
0.874
0.0305
0.4617
0.042
0.3852
0.3573
0.0019
0.0739
0.3746
0.3475
0.6044
0.3782
0.9658
0.4509
0.155
0.1512
0.7107
0.4329
0.4068
0.6918
0.2732
0.1766
0.3191
0.5214
0.9283
0.4257
0.036
0.8816
0.3279
0.6707
0.6267
0.8007
0.6699
0.92
0.0069
0.9807
0.257
0.2133
0.5097
0.0211
0.7867
0.5685
0.9226
0.6485
0.1076
0.8519
0.5773
0.7015
0.0403
0.7937
0.0472
0.6875
0.9523
0.7496
0.1063
0.1526
0.7871
0.4833
0.3449
0.7566
0.7082
0.1627
0.5207
0.0275
0.5305
0.0887
0.9766
0.7003
0.0969
0.8972
0.6694
0.9065
0.4863
0.3383
0.4503
0.5637
0.1685
0.4278
0.1353
0.838
0.792
0.1333
0.5009
0.4701
0.1326
0.7553
0.3357
0.1087
0.6213
0.6124
0.2664
0.4033
0.4521
0.7458
0.8076
0.626
0.7492
0.4318
0.1463
0.7554
0.7618
0.1719
0.3561
0.8801
0.2827
0.1142
0.4138
0.7666
0.5665
0.2279
0.6174
0.5231
0.102
0.2877
0.4292
0.6647
0.7335
0.1944
0.3277
0.0481
0.2742
0.8777
0.7586
0.1592
0.7121
0.1522
0.2195
0.0062
0.3237
0.9915
0.27
0.1242
0.3352
0.1358
0.6614
0.5045
0.4089
0.4313
0.8122
0.8412
0.5954
0.8822
0.2562
0.6301
0.5516
0.5164
0.2369
0.2086
0.1274
0.9858
0.1239
0.8913
0.5331
0.603
0.2612
0.4123
0.9139
0.5662
0.6707
0.5914
0.8892
0.6229
0.4047
0.6201
0.7876
0.4938
0.0362
0.0071
0.971
0.5115
0.0841
0.158
0.8684
0.2466
0.8436
0.8186
0.9541
0.1036
0.0411
0.8891
0.2874
0.4807
0.2671
0.6913
0.1069
0.1516
0.4728
0.5454
0.966
0.2767
0.6436
0.8647
0.773
0.2996
0.6613
0.4533
0.4496
0.2154
0.5593
0.713
0.1984
0.2472
0.2299
0.0767
0.3164
0.1376
0.181
0.7106
0.1523
0.9942
0.3018
0.2887
0.2256
0.6952
0.2778
0.2579
0.3745
0.5417
0.7232
0.4468
0.941
0.4616
0.425
0.967
0.2338
0.459
0.9378
0.6089
0.166
0.5946
0.9615
0.9452
0.2984
0.581
0.9862
0.2138
0.4443
0.6345
0.9337
0.2091
0.9026
0.7897
0.3012
0.9607
0.1212
0.2943
0.15
0.5394
0.8618
0.661
0.3238
0.4326
0.6141
0.0036
0.7993
0.1407
0.9482
0.6997
0.679
0.6803
0.0385
0.8554
0.4811
0.4206
0.1538
0.1563
0.6573
0.6202
0.6376
0.028
0.4526
0.5885
0.1074
0.6351
0.3601
0.6844
0.9895
0.9971
0.4682
0.3437
0.3434
0.156
0.3523
0.9371
0.5927
0.1429
0.3321
0.32
0.7744
0.3663
0.0625
0.7388
1.0
0.1523
0.4666
0.0416
0.9682
0.313
0.884
0.0935
0.067
0.4606
0.8554
0.222
0.988
0.6652
0.1219
0.0794
0.5315
0.7882
0.9417
0.5431
0.3668
0.253
0.951
0.6532
0.1869
0.0406
0.1262
0.6876
0.1628
0.638
0.4537
0.2247
0.7829
0.7957
0.7437
0.0944
0.637
0.6598
0.0668
0.4916
0.298
0.5148
0.3125
0.4282
0.9511
0.3477
0.0441
0.4614
0.4916
0.5021
0.8059
0.0485
0.8709
0.8193
0.2956
0.0674
0.3492
0.7953
0.6321
0.1949
0.3291
0.0805
0.7079
0.6661
0.5719
0.1092
0.8898
0.7432
0.3433
0.954
0.85
0.7309
0.8613
0.8378
0.7342
0.4293
0.4704
0.1806
0.903
0.4175
0.6504
0.5944
0.6051
0.6318
0.0218
0.9844
0.0494
0.4533
0.1358
0.9294
0.5104
0.4195
0.4065
0.1456
0.0317
0.993
0.3416
0.3229
0.806
0.3533
0.9717
0.6979
0.0412
0.8072
0.1418
0.2919
0.2748
0.8509
0.6703
0.611
0.8567
0.6741
0.5376
0.0105
0.2593
0.8156
0.5177
0.3757
0.7634
0.3271
0.2529
0.7509
0.7626
0.212
0.4685
0.2879
0.4826
0.3802
0.2415
0.6553
0.2039
0.8127
0.663
0.8209
0.3841
0.9261
0.0635
0.9553
0.1971
0.0069
0.2885
0.1319
0.2469
0.9972
0.575
0.325
0.7501
0.1923
0.5207
0.3486
0.1917
0.967
0.7478
0.1274
0.5743
0.6977
0.932
0.8803
0.7411
0.5384
0.2517
0.3758
0.5161
0.3201
0.7025
0.6952
0.6964
0.2387
0.4869
0.997
0.2105
0.6698
0.1883
0.2291
0.3874
0.3686
0.6186
0.4604
0.5713
0.2678
0.827
0.8757
0.408
0.4343
0.5391
0.1521
0.856
0.7832
0.8077
0.2914
0.4238
0.0943
0.6798
0.1305
0.8821
0.0455
0.1409
0.5979
0.5449
0.6458
0.6646
0.9462
0.2471
0.4473
0.2688
0.1629
0.9933
0.0723
0.4685
0.8019
0.2595
0.3194
0.5783
0.9427
0.9626
0.1271
0.1449
0.6934
0.1093
0.3101
0.9026
0.1012
0.9845
0.0309
0.0259
0.785
0.1075
0.7996
0.8803
0.17
0.5436
0.3932
0.008
0.1096
0.113
0.8829
0.5248
0.0323
0.9285
0.7956
0.0668
0.6185
0.9605
0.7424
0.7485
0.8065
0.9241
0.0646
0.1309
0.9533
0.9676
0.5436
0.183
0.2503
0.1867
0.9395
0.0508
0.7658
0.8216
0.0435
0.0399
0.0266
0.6623
0.0696
0.7844
0.9869
0.8869
0.5862
0.8973
0.5854
1.0
0.0
0.0
1.0
0.0
0.0
1.0
0.0
0.0
1.0
1.0
0.0
0.0
1.0
1.0
1.0
0.0
1.0
1.0
0.0
1.0
0.0
0.0
1.0
1.0
1.0
0.0
1.0
0.0
1.0
1.0
0.0
1.0
1.0
1.0
1.0
0.0
0.0
0.0
0.0
0.0
0.0
0.0
0.0
0.0
0.0
