295.09 357.07 401.61 661.14 715.9 618.98
334.37 484.38 458.37 3103.63 1212.2 847.3
87.62 161.63 76.86 2463.09 445.74 195.07
459.23 709.34 906.8 4010.67 2109.84 1252.64
423.27 674.68 817.08 3806.43 1574.8 904.21
298.51 524.41 295.35 3842.7 1040.46 527.95
415.11 762.85 548.7 5398.78 1529.79 715.79
839.79 1231.76 1774.19 3303.92 2704.3 1726.04
95.45 144.16 95.85 1334.99 382.75 185.78
167.98 281.27 150.26 2369.16 532.99 234.72
321.82 540.08 626.83 4435.83 1608.09 853.7
573.96 798.74 944.44 2635.65 1717.46 1192.79
69.29 196.24 83.25 2918.33 736.22 286.9
421.05 615.46 677.27 2888.46 1457.0 970.02
340.18 418.85 463.12 847.33 918.51 767.2
122.17 184.38 156.87 1430.86 476.96 244.69
559.52 878.81 1118.84 3880.32 2504.6 1510.47
344.38 527.95 501.29 3193.07 1353.53 816.0
131.41 187.05 121.67 923.8 303.04 189.05
61.71 171.62 58.34 3922.71 785.6 299.43
716.56 1049.58 1465.82 3589.36 2060.09 1224.75
380.95 524.16 537.45 2250.57 1306.54 952.66
133.49 221.18 127.61 2123.28 555.66 270.16
301.19 555.45 299.08 4956.09 1202.94 551.93
272.72 434.19 437.97 3651.32 1214.11 681.26
298.34 475.09 433.75 3427.72 1247.8 737.05
180.77 405.56 261.11 4590.4 1321.67 581.87
254.78 492.97 366.65 4928.46 1366.76 601.08
440.44 598.86 627.66 2123.02 1446.28 1096.46
169.68 272.69 278.75 2376.15 775.27 368.79
530.73 802.62 1093.81 3679.9 1880.06 1010.47
320.07 594.07 599.09 4497.13 1774.31 913.1
112.32 254.74 180.93 4336.17 996.67 407.26
672.09 994.7 1472.54 3020.96 2792.18 1625.86
215.25 366.64 280.53 3286.01 1168.47 643.21
167.44 212.2 205.88 940.6 471.65 337.68
160.46 344.38 152.89 4161.53 976.79 452.19
291.61 567.4 446.37 4553.29 1328.11 641.14
425.86 638.85 739.77 3265.87 1580.53 974.6
63.73 167.84 60.54 3721.11 749.45 288.91
70.89 185.92 61.5 4375.84 879.39 331.0
484.62 761.57 1032.75 3597.81 1797.18 934.83
493.66 632.71 713.62 1393.13 1478.3 1227.69
98.85 118.46 98.56 626.28 208.25 131.67
202.0 343.03 254.13 3661.42 979.22 567.8
559.87 721.41 806.81 1820.91 1620.34 1339.38
262.94 555.96 212.06 4425.95 1180.6 575.91
126.01 307.0 185.22 4314.97 1212.45 488.37
611.02 968.28 1320.75 3961.21 2627.32 1590.37
303.64 570.21 325.43 5111.3 1231.71 535.97
96.41 118.87 94.13 934.66 250.35 147.34
481.14 780.45 884.43 4107.54 1618.23 867.37
280.59 486.25 522.81 4262.04 1412.44 656.5
347.7 582.22 650.76 4397.33 1734.79 948.09
136.81 238.36 150.59 2968.57 670.27 350.73
108.04 240.33 137.41 4490.19 993.13 407.97
619.16 951.06 1144.58 3283.04 2182.26 1399.07
138.74 344.69 147.4 4588.11 1227.26 537.85
658.95 969.94 1216.27 3407.26 2331.36 1498.86
271.94 541.47 249.6 5410.68 1155.27 442.29
356.37 536.82 576.43 3249.8 1369.42 849.94
100.98 184.22 95.89 1983.91 530.79 243.62
222.11 447.7 318.32 4956.01 1240.95 559.54
534.11 831.97 1096.28 3906.88 1880.83 998.72
599.61 759.0 870.86 1542.03 1672.41 1424.73
459.87 700.1 811.59 3185.26 1809.81 1147.85
557.81 884.69 1203.04 3867.13 2042.07 1154.67
74.75 193.6 74.57 3825.46 873.23 317.77
322.2 488.94 445.1 3289.38 1339.77 858.09
408.92 627.44 671.76 3489.32 1508.29 944.83
499.04 636.97 723.43 1336.62 1487.84 1241.55
347.56 564.55 681.05 4002.43 1391.77 718.47
325.16 570.38 668.79 4260.57 1605.73 818.33
345.46 586.75 508.95 4074.02 1347.56 670.73
205.75 327.97 269.96 3420.55 1071.06 617.87
135.39 166.57 156.14 841.47 351.42 247.38
101.86 116.83 99.07 483.22 168.83 121.48
128.76 264.61 112.85 3181.79 714.99 320.77
137.18 159.23 183.53 326.26 263.05 198.62
273.84 550.97 245.27 5574.04 1165.31 439.24
512.64 680.43 735.3 2116.5 1590.99 1259.77
250.41 408.27 472.37 3490.0 1326.76 679.5
734.52 1138.82 1584.31 3802.09 2412.98 1433.07
221.58 394.22 207.1 2606.78 804.63 447.67
242.22 423.53 462.89 4154.98 1257.84 594.2
310.52 426.04 406.67 1858.8 1007.82 736.33
402.88 659.76 749.68 3512.19 1451.69 760.09
361.63 628.42 652.93 4544.95 1583.78 754.64
252.21 391.45 285.48 2608.8 839.38 483.09
106.73 249.26 77.17 3854.25 796.53 328.27
89.05 176.64 85.2 2756.53 646.28 259.5
92.85 137.56 88.31 1761.44 399.27 194.23
199.72 361.52 166.72 2919.8 652.13 278.18
317.31 491.25 527.65 2860.38 1286.03 789.98
110.79 245.35 138.02 4672.33 999.85 408.55
144.06 276.55 139.44 3273.23 779.18 349.1
680.15 1016.51 1387.85 3335.7 2337.58 1449.95
376.6 535.14 516.23 2577.33 1343.98 957.87
248.9 418.42 438.16 3021.21 1191.17 620.62
278.35 459.86 342.06 3090.97 1137.47 701.49
587.39 746.48 852.06 1617.45 1657.49 1402.24
109.12 302.14 69.08 5184.33 1043.3 409.15
887.42 1317.44 1923.65 3387.29 3238.37 2062.14
411.92 622.72 723.48 3105.13 1612.65 976.69
102.51 155.61 91.49 1498.83 359.53 185.06
86.72 139.21 82.43 2051.14 455.65 205.41
168.38 282.34 150.56 2382.58 535.55 235.51
169.22 324.55 277.44 3978.29 1129.75 489.39
372.91 522.3 527.24 2400.23 1356.8 976.33
470.43 619.54 673.34 1651.69 1457.07 1175.56
131.04 288.27 187.04 4269.17 1074.22 436.87
480.96 831.93 752.01 5065.46 1943.72 983.82
560.82 757.8 910.89 2142.51 1726.05 1295.98
97.01 147.94 96.25 1466.82 381.13 182.25
132.38 225.6 101.27 1525.8 391.15 196.24
194.92 345.08 245.34 3552.19 1092.06 571.53
91.15 242.05 88.9 4149.69 932.95 343.69
958.89 1396.22 2061.65 3301.4 3151.62 2001.65
801.63 1136.98 1605.81 2643.99 2820.9 1908.35
235.91 389.91 283.21 3340.51 1033.81 584.67
441.52 574.46 621.5 1661.14 1276.84 1034.96
322.73 547.79 535.01 3935.78 1407.54 769.79
387.95 572.29 515.43 3257.67 1427.0 960.59
942.43 1381.94 1930.54 3306.7 2723.81 1736.06
316.23 623.3 273.14 5363.09 1225.02 519.69
659.64 992.74 1461.4 3471.89 2223.17 1212.24
145.67 322.53 119.1 4303.94 976.82 388.12
732.44 1119.3 1620.3 3615.07 2397.83 1441.76
83.19 263.14 84.67 4662.59 1144.62 416.89
417.69 581.45 592.16 2681.08 1454.52 1054.13
287.9 430.49 365.02 2841.26 1129.62 743.18
477.98 780.9 1026.92 4240.31 2443.59 1292.76
948.8 1399.95 2071.7 3292.46 3431.65 2202.23
282.58 578.81 222.16 5262.67 1110.88 426.22
574.21 875.2 1195.58 3643.35 2391.06 1426.26
714.2 1100.76 1495.75 3561.83 2199.0 1309.5
304.31 471.62 386.4 2721.47 1146.55 753.99
216.85 440.02 300.94 3926.16 1175.16 561.29
208.14 357.89 255.71 3877.07 1073.53 589.08
171.34 289.03 220.46 3360.01 972.37 534.09
335.13 501.68 445.3 2850.19 1264.21 865.42
91.46 159.77 88.46 2171.47 525.97 224.38
85.37 232.2 80.81 4528.5 1020.58 375.18
498.0 639.44 718.22 1411.05 1485.39 1231.29
514.65 820.12 1054.41 4020.48 2435.08 1415.11
539.13 847.22 1164.41 3880.53 1992.74 1039.59
113.65 266.89 123.95 4075.3 980.63 398.51
407.94 586.48 528.08 2275.4 1253.04 927.52
166.27 259.29 213.89 2550.22 796.63 465.58
101.17 155.08 107.28 1701.61 360.0 180.19
321.78 537.87 362.33 4066.98 1209.76 650.45
106.3 156.96 96.85 1397.13 332.98 172.7
225.7 395.43 301.8 3691.36 1265.72 687.68
128.48 304.82 99.89 4575.51 923.84 369.24
236.22 309.41 318.81 1070.24 714.03 541.68
103.6 179.86 87.79 2108.65 472.67 222.13
959.46 1394.74 2008.2 3179.14 2933.37 1811.81
275.29 361.92 357.4 1413.41 824.52 620.13
386.44 643.29 693.97 4064.77 1343.31 692.02
113.96 136.61 109.34 494.74 177.29 124.94
431.29 567.01 620.76 1808.63 1393.11 1101.28
466.55 749.2 948.06 4143.76 1937.99 1100.22
531.08 824.96 1089.08 3911.32 1963.41 1040.4
220.55 352.34 395.33 2118.47 860.82 457.02
483.14 730.57 771.64 3306.38 1579.5 971.9
705.59 1071.87 1411.88 3865.12 2321.74 1395.5
542.66 735.19 875.76 2494.43 1739.92 1290.12
633.3 831.49 1015.54 1882.02 1914.22 1510.09
441.17 736.79 927.27 3765.23 2050.31 1163.82
231.13 429.5 391.49 4662.85 1280.38 578.45
405.22 512.64 562.09 1234.14 1185.66 963.11
315.61 411.16 428.67 1519.07 1004.65 756.04
315.27 494.68 406.34 3673.87 1312.93 838.74
138.04 305.35 177.57 4755.78 1021.61 406.71
142.26 302.54 145.47 3981.67 862.47 363.93
322.16 461.53 447.06 3158.98 1284.33 862.06
184.37 329.26 162.26 3085.85 676.05 272.81
460.47 649.76 760.02 2094.42 1391.78 978.7
344.29 526.4 653.58 2220.14 1103.09 641.11
85.25 146.23 91.96 1453.64 405.58 189.77
237.22 586.48 141.14 5376.43 1225.22 494.94
432.29 600.51 627.97 2384.09 1484.43 1107.04
536.41 697.44 775.97 1912.36 1610.35 1304.61
481.65 764.44 939.26 2715.31 1513.47 890.02
104.55 200.82 84.58 2635.83 570.48 254.19
645.14 968.41 1283.58 3454.62 2113.55 1249.36
111.2 201.33 94.4 2407.59 514.47 229.33
216.15 303.36 263.35 1627.45 696.9 477.06
410.53 519.71 567.82 1209.35 1183.69 968.84
209.31 401.82 369.35 4396.46 1377.6 639.43
157.83 307.54 215.85 3059.99 1004.42 520.63
355.47 622.91 373.45 4419.05 1274.94 678.72
227.91 410.53 266.93 3948.06 1146.31 579.1
98.13 130.07 97.65 957.37 276.35 151.59
180.79 373.43 184.19 4264.29 1054.19 512.1
175.25 229.23 240.26 1170.3 534.57 359.94
492.9 663.36 809.94 1723.6 1602.99 1171.47
453.11 620.28 622.63 2219.61 1420.97 1076.34
805.37 1249.53 1823.94 3753.72 2746.57 1701.17
239.41 405.06 324.69 3447.07 1281.89 729.42
377.72 630.84 672.06 4086.37 1545.59 799.46
367.4 534.69 491.35 3034.34 1303.57 905.38
125.3 256.46 109.32 3338.35 741.15 304.39
817.5 1194.0 1696.3 3051.91 2551.52 1556.01
336.46 536.34 613.09 3341.98 1447.81 841.03
178.87 376.33 178.39 4417.42 1057.57 502.32
588.96 751.49 850.69 1665.7 1655.68 1393.59
89.28 156.3 82.47 2590.56 548.62 241.26
241.47 458.59 318.76 3770.49 1174.27 621.57
161.23 263.28 145.27 2144.02 490.03 221.35
99.33 241.4 92.03 4463.16 804.23 335.21
193.96 355.21 313.38 3363.54 1104.85 520.07
768.82 1124.31 1577.52 3018.41 2816.68 1910.86
278.62 502.45 447.51 3951.98 1248.47 652.27
281.84 430.28 376.4 3416.97 1121.18 732.46
538.61 813.49 1144.9 3372.34 1884.28 1010.99
239.97 410.53 378.11 3314.22 1041.23 507.94
675.96 1031.49 1370.31 3974.2 2832.15 1734.14
235.98 448.18 417.13 4495.94 1342.72 591.81
341.96 496.22 460.25 2669.5 1258.63 867.24
144.56 218.31 172.86 2275.69 665.79 374.12
102.56 115.85 100.94 428.05 164.95 120.71
139.86 336.25 117.1 4938.34 1063.82 410.83
343.72 543.28 399.19 2773.89 1191.55 785.61
751.75 1116.39 1679.19 3352.83 2421.54 1348.71
315.9 546.83 339.87 4491.76 1206.39 602.66
658.92 962.24 1237.17 2807.03 2447.53 1626.34
619.02 932.67 1282.72 3924.53 2667.28 1639.2
120.49 277.5 97.29 3141.33 694.89 286.54
340.96 572.99 534.17 3684.44 1324.26 690.09
255.53 582.04 178.87 4986.82 1233.72 556.5
474.65 770.27 1011.16 3837.67 1893.35 989.53
96.9 115.44 94.2 691.97 186.61 123.82
75.47 172.39 67.56 3702.69 756.69 294.63
486.82 625.23 704.33 1436.58 1474.85 1216.12
157.11 275.59 199.66 3490.78 960.09 508.12
490.7 784.42 1037.64 3990.51 1953.53 997.45
169.57 365.53 152.89 4650.92 1108.07 466.99
86.79 228.23 87.95 3686.18 921.06 349.08
149.27 291.11 101.94 2269.51 543.01 246.44
376.11 607.11 723.38 3968.12 1439.88 748.77
134.59 296.33 193.44 4478.19 942.87 418.1
657.73 932.39 1206.47 2571.7 2071.57 1395.79
409.83 628.28 669.33 3174.02 1586.49 1024.68
114.63 263.39 127.88 4496.52 835.51 352.29
318.49 468.4 486.15 2759.8 1206.97 803.85
386.83 729.96 452.59 5526.76 1386.79 598.14
908.64 1307.91 1885.93 3254.67 2397.18 1477.2
549.34 862.36 1184.31 3848.0 1956.39 1123.72
91.48 271.52 97.07 4622.93 1157.27 434.78
508.36 832.26 907.43 4137.71 1672.42 843.58
83.11 184.12 68.41 3325.42 571.91 229.76
86.75 228.56 87.92 3695.51 923.2 349.73
260.25 369.06 410.61 1432.95 640.04 374.61
109.14 156.5 103.37 1269.49 331.54 173.81
118.57 336.26 128.21 4883.1 1232.75 492.34
150.73 226.86 204.6 1301.24 446.59 243.7
560.83 905.95 1003.27 4636.28 2000.73 1095.0
266.68 408.24 329.33 2904.8 1046.54 661.81
92.44 123.7 95.88 793.88 256.64 146.02
172.19 378.3 196.15 4893.44 1137.56 460.36
265.31 527.94 229.91 5326.91 1122.19 434.02
61.91 171.25 58.56 3902.79 782.03 298.39
640.1 955.73 1219.22 3367.3 2016.99 1271.43
123.62 304.55 96.87 3604.85 785.55 314.97
717.42 1064.92 1501.63 3057.36 2718.27 1791.02
101.86 141.22 93.7 1136.74 292.35 163.04
412.1 524.52 583.99 1166.28 1191.18 986.56
227.42 412.14 418.17 3843.14 1253.6 607.67
74.26 180.67 85.96 2462.27 633.27 256.66
99.53 105.79 98.52 295.07 132.53 108.95
307.56 564.61 599.72 4008.25 1454.53 701.17
385.86 497.32 604.19 1123.61 1075.75 817.23
326.27 503.59 573.89 3350.64 1273.25 731.04
528.99 859.85 923.69 4750.97 1932.27 984.83
289.64 550.03 331.02 5091.35 1202.33 476.68
103.45 116.81 101.44 417.58 166.24 121.77
468.51 737.66 706.43 3929.65 1562.01 922.43
619.96 832.08 975.1 2197.68 1739.95 1330.09
134.4 267.61 114.38 3266.44 760.43 317.02
200.79 413.29 349.84 4564.38 1286.68 560.54
276.23 562.16 217.92 5083.12 1075.72 414.87
125.17 214.91 125.93 2243.46 549.2 251.32
103.12 124.1 103.91 719.9 209.61 142.08
91.27 208.53 72.3 3756.66 709.82 267.73
103.12 135.55 96.88 855.17 239.15 143.43
186.77 301.43 239.92 2951.61 979.26 536.64
222.65 411.81 279.38 3859.09 1261.57 681.58
451.01 696.66 551.97 3716.93 1449.76 942.02
671.82 1017.49 1468.29 3077.34 2656.02 1687.46
166.55 325.25 262.66 3955.36 1133.01 508.48
106.55 245.3 77.78 3754.73 778.07 322.22
612.9 797.22 930.29 1780.28 1734.39 1419.61
293.49 411.59 389.53 2387.87 1031.65 728.51
381.19 594.39 769.27 3308.83 1590.58 910.42
223.15 421.51 241.73 4409.23 1222.0 604.2
102.73 161.37 113.31 1770.57 467.17 215.5
512.13 810.3 1063.75 3374.74 1761.69 941.44
275.41 334.28 365.27 700.98 708.68 591.28
577.75 902.36 1144.55 3787.42 1683.67 919.87
635.17 918.33 1213.48 2751.84 2191.64 1473.99
118.67 261.72 97.53 2870.95 642.0 269.96
196.49 325.23 254.82 2818.29 985.67 548.1
221.87 402.76 320.44 3471.56 1246.92 703.52
467.34 784.79 781.74 4882.35 1655.34 788.92
122.19 173.74 151.42 1178.63 398.25 212.75
155.56 355.19 139.95 4577.78 1023.5 451.07
384.99 669.67 794.69 4268.19 2025.09 1102.58
367.99 582.27 710.91 3712.8 1513.71 808.82
368.22 537.09 458.55 2228.08 1190.09 850.61
482.67 786.35 773.29 4443.06 1676.64 896.47
202.39 473.88 256.08 4914.53 1256.51 552.61
295.6 451.71 407.07 3047.31 1275.89 813.76
341.8 607.19 418.47 4817.05 1316.81 628.65
549.19 874.64 975.8 4572.6 1806.48 925.94
98.49 118.78 95.21 732.64 205.5 129.02
123.13 259.01 179.78 3837.84 996.92 405.11
142.36 319.11 126.8 4566.36 1019.09 457.34
158.8 343.02 151.39 4512.5 1044.86 444.84
672.23 1009.53 1436.39 3491.21 2184.56 1209.95
91.21 241.08 88.98 4122.0 927.26 342.02
442.64 637.48 767.24 2921.9 1637.09 1082.91
531.62 836.34 1079.02 3621.1 2069.96 1200.03
79.21 209.89 60.81 4264.9 712.4 270.31
674.6 1034.78 1399.96 3845.7 2904.04 1784.21
305.75 464.47 426.56 2909.48 1335.07 860.45
473.22 616.95 681.82 1579.81 1471.52 1191.82
348.14 537.38 448.36 3583.29 1380.69 872.82
522.02 851.31 1110.39 4303.53 2577.1 1391.82
378.4 574.35 703.03 3111.17 1251.43 688.02
322.23 537.21 619.3 4194.65 1310.9 639.17
279.01 496.8 341.74 4081.07 1060.78 462.4
114.13 222.42 98.13 2197.49 510.27 228.65
103.31 173.43 88.77 1946.93 442.66 212.3
638.19 986.66 1144.45 3817.11 1793.72 1008.23
568.9 916.81 1021.72 4441.25 1642.83 847.47
160.73 218.86 197.05 1209.66 531.57 346.63
711.66 1097.87 1435.75 3996.43 2529.3 1518.48
318.23 460.62 442.55 2747.65 1286.9 863.96
292.38 585.13 495.19 4737.61 1428.95 649.07
81.77 223.02 64.09 4572.47 769.47 293.51
101.16 113.27 98.84 381.79 151.92 116.21
141.41 287.55 133.3 3738.21 876.65 414.88
77.13 184.77 76.97 3473.93 800.26 297.22
214.57 342.25 283.87 3532.3 1118.73 649.18
471.95 670.38 927.56 2086.1 1262.94 768.98
348.46 578.93 672.49 4017.92 1550.82 838.05
94.25 130.19 90.6 1435.58 340.58 175.75
153.73 233.51 192.98 2226.43 693.85 407.36
100.11 101.22 99.89 126.0 104.79 101.5
155.99 329.52 146.12 4335.79 965.61 433.9
92.6 138.86 87.9 1818.99 409.64 197.5
239.15 442.11 275.11 3649.03 1123.77 622.2
332.28 579.76 583.18 4498.28 1531.75 814.21
208.76 401.69 259.27 3958.35 1278.4 674.75
804.29 1207.87 1659.91 3477.35 2602.13 1636.79
401.68 648.52 805.9 4297.74 1873.75 1051.24
573.82 774.98 940.59 1898.97 1662.97 1253.6
302.47 514.8 327.39 4120.15 1126.42 573.22
363.96 601.78 576.88 4254.42 1513.68 804.54
106.0 252.25 92.17 4545.3 885.42 345.57
402.47 642.57 851.18 3070.22 1549.82 805.92
303.9 556.6 304.85 4907.24 1206.83 561.29
599.59 943.96 1089.65 4168.64 1691.38 919.66
577.81 737.84 836.27 1687.26 1644.04 1379.03
332.32 535.53 563.01 3514.85 1501.28 845.94
87.32 147.0 87.23 1970.91 488.31 209.36
320.84 642.06 272.64 5622.01 1254.73 519.21
388.2 518.55 515.5 1829.87 1169.37 880.61
75.62 190.37 75.45 3696.87 846.54 310.25
579.11 774.39 987.7 1740.29 1741.11 1302.94
205.29 353.17 195.35 2240.04 692.43 393.71
589.64 887.27 1289.01 3458.57 2012.21 1097.77
643.88 1052.97 1402.43 4083.41 2343.3 1382.7
720.54 1007.48 1323.06 2297.11 2104.06 1493.36
480.9 690.17 958.03 1996.91 1790.07 1155.28
328.34 439.34 444.69 2111.68 1128.69 822.87
332.09 558.89 370.2 4322.95 1232.95 649.6
739.14 1175.99 1646.61 3884.87 2578.03 1564.53
342.94 608.69 575.61 4729.8 1622.54 810.1
389.05 609.38 733.45 4005.42 1778.98 1033.8
222.6 328.18 348.9 1682.19 709.62 399.94
481.18 703.39 805.7 2978.77 1698.35 1121.91
145.22 325.46 208.05 3723.45 1145.9 558.03
192.21 345.89 168.18 3178.09 687.34 282.74
201.22 419.91 355.96 4519.69 1467.19 663.77
544.87 838.28 1086.02 3725.63 2008.56 1133.21
619.2 967.59 1315.7 3830.95 2565.62 1523.87
158.86 328.3 102.31 2691.76 629.24 274.94
737.79 1055.53 1520.86 3014.22 2261.31 1371.37
86.27 267.93 89.53 4687.97 1159.12 426.97
205.43 350.7 294.55 3067.91 1075.28 567.24
429.53 646.41 758.39 3284.81 1651.87 1049.13
320.06 440.14 581.39 1033.52 813.55 537.33
810.46 1171.13 1675.49 3102.26 2183.42 1331.96
163.27 204.18 185.37 669.63 349.75 264.37
131.01 209.13 147.02 2634.62 665.7 347.13
246.78 397.95 329.35 3610.01 1230.35 707.04
464.06 628.44 665.63 2359.49 1537.93 1163.53
613.27 921.56 1213.63 3738.57 1874.17 1065.4
679.45 1037.65 1279.5 3452.51 2439.17 1568.72
211.6 381.45 336.35 3406.88 987.32 489.67
134.36 160.74 175.62 475.85 260.13 183.32
92.54 265.72 93.78 4717.15 1056.77 382.95
498.99 722.53 978.6 2810.48 1663.36 1006.9
150.92 297.5 102.0 2342.1 557.84 251.33
651.53 987.52 1329.94 3322.82 2133.69 1331.06
328.09 547.23 361.33 3122.06 1192.48 744.14
326.45 562.99 455.01 4234.51 1191.23 533.49
540.75 826.78 1110.02 3964.94 2280.47 1358.28
100.93 179.97 96.1 1888.89 509.06 236.38
581.56 975.82 1044.46 4781.74 1934.43 1034.05
188.09 331.18 197.93 3240.01 909.09 458.46
216.74 277.7 285.9 942.02 596.36 457.45
458.77 752.79 762.04 4594.14 1587.74 770.7
102.01 273.13 91.55 3972.85 985.59 395.25
340.51 529.45 406.55 3405.21 1152.85 689.47
93.94 197.29 92.4 2873.62 670.49 266.9
190.71 341.79 211.22 3613.98 974.17 524.39
770.01 1146.98 1717.89 3423.61 2471.74 1377.98
217.21 515.21 128.26 4623.3 1067.81 446.48
293.63 581.44 267.65 4993.11 1124.71 455.86
626.81 940.52 1299.21 3747.24 2093.77 1154.38
956.36 1431.16 2136.52 3171.25 2825.21 1781.66
183.11 305.01 227.17 3761.2 1016.86 551.43
248.27 336.13 331.35 1961.19 854.36 595.82
118.24 212.77 106.72 2434.11 562.12 247.32
233.56 462.92 198.56 4826.74 1011.91 373.57
177.58 362.28 271.94 4735.56 1147.27 504.61
126.66 307.28 157.21 4415.46 1197.64 500.72
220.3 422.41 359.08 4133.54 1362.08 642.1
437.24 698.81 892.06 4254.51 1981.99 1126.27
517.27 828.85 1075.04 4032.97 2239.44 1286.73
114.49 242.09 140.09 4105.32 958.42 442.19
120.83 156.6 115.37 837.19 242.22 142.67
127.42 275.99 124.61 4466.77 936.78 399.31
177.06 396.06 184.02 4137.54 1030.86 470.69
218.7 560.42 104.66 5326.87 1167.33 452.8
100.22 102.54 99.78 154.05 109.96 103.11
389.98 561.47 666.64 2657.55 1500.48 985.99
211.96 301.26 259.44 1696.48 673.8 457.61
159.46 228.8 177.47 1467.83 506.59 320.36
149.12 396.1 123.04 4826.18 1070.06 433.59
375.88 638.82 594.0 4067.48 1461.65 767.8
350.49 605.34 566.18 4468.05 1557.17 793.74
385.41 618.47 760.66 2928.66 1706.32 1039.11
137.08 312.54 114.34 4500.61 936.89 389.44
331.62 574.39 551.62 4284.29 1484.46 762.32
240.61 354.49 321.73 2723.37 1032.15 660.53
117.1 205.74 106.3 2288.62 533.31 238.14
390.87 510.81 534.24 1489.25 1176.81 929.07
249.63 566.11 203.3 4757.72 1181.82 518.34
524.91 722.25 719.47 2313.59 1579.14 1235.76
237.58 381.89 317.34 3374.76 1197.0 695.51
197.23 399.2 246.32 4601.25 1159.01 507.73
299.38 630.09 327.56 4718.78 1284.39 585.53
224.12 407.56 288.1 4032.01 1115.94 578.4
883.06 1266.44 1863.71 3329.06 2575.68 1512.43
351.24 475.33 470.02 1994.14 1157.13 860.56
126.68 320.78 94.41 4581.26 947.46 378.38
220.5 408.59 434.19 4202.77 1240.92 595.52
166.69 310.16 212.4 3208.91 863.67 402.37
308.07 424.54 411.94 2236.56 1049.54 758.41
232.45 298.98 402.47 640.9 585.2 378.19
318.46 522.09 586.84 3797.2 1340.67 743.99
102.65 122.92 99.65 492.68 176.81 124.09
230.98 282.17 302.48 652.7 580.7 479.79
125.8 245.12 142.49 3454.56 890.24 398.81
381.35 493.69 513.49 1292.24 1101.5 882.37
423.29 569.53 595.35 2006.4 1371.45 1062.26
301.85 525.59 375.43 3840.86 1298.25 776.4
223.45 376.87 299.78 3861.37 1036.07 594.6
188.12 368.52 195.48 3969.13 1020.17 512.52
80.18 162.11 89.19 1918.74 510.57 220.61
427.31 682.14 818.19 4223.03 1517.86 797.98
840.03 1232.47 1787.78 3385.54 3155.43 2001.52
104.63 133.97 105.35 743.36 259.04 160.35
113.54 229.95 149.11 3671.84 866.39 393.74
264.83 395.34 368.4 2966.17 1162.15 756.23
820.35 1227.75 1824.76 3888.48 3508.1 2023.53
273.18 504.35 484.3 4455.91 1420.24 673.19
290.33 426.09 368.61 2622.51 1068.21 712.12
288.35 524.24 534.01 4344.28 1466.42 684.13
172.16 327.56 242.4 3082.93 1055.03 566.87
548.24 728.13 918.09 1616.74 1635.86 1240.36
210.38 412.2 291.11 4473.97 1079.62 479.93
142.68 325.74 139.54 4595.61 962.51 386.35
92.92 221.52 105.07 4579.07 973.59 387.97
92.42 122.38 89.97 1213.81 303.02 160.17
91.31 184.34 92.08 2458.62 640.01 263.82
634.78 914.17 1242.41 2773.62 2023.79 1274.85
471.76 609.15 680.52 1578.38 1454.24 1185.36
837.97 1299.64 1802.45 3780.92 3260.89 2074.79
414.25 518.69 575.25 1139.61 1183.34 977.63
250.21 481.87 288.15 3327.04 930.69 438.82
210.08 395.66 282.98 3752.48 1032.06 514.97
105.79 244.99 111.42 4169.69 998.62 402.12
302.3 468.03 383.57 2697.02 1136.49 747.62
488.23 792.59 819.75 4513.05 1564.7 789.35
387.84 612.58 662.36 3444.6 1622.01 946.38
102.41 236.6 142.71 4286.95 958.52 400.4
188.06 348.88 198.73 3843.37 974.52 494.55
440.82 711.33 676.32 4166.77 1653.23 951.14
423.51 668.41 890.74 3630.14 2054.97 1101.43
227.3 570.04 127.36 5305.55 1191.19 469.56
421.63 576.17 598.43 2574.81 1449.72 1064.14
156.99 199.31 240.19 741.29 373.56 233.34
777.2 1106.82 1504.98 2747.97 2398.4 1649.03
558.03 721.44 801.94 1866.59 1624.85 1335.57
169.68 282.58 200.28 3088.95 785.21 443.05
291.07 501.9 306.24 4137.2 1115.53 552.58
186.76 286.36 238.4 2501.04 877.45 502.52
939.46 1365.7 2025.54 3166.98 2950.24 1905.14
157.35 304.27 191.67 4064.57 1101.99 519.16
219.28 560.92 105.69 5324.38 1168.7 454.37
224.81 329.0 279.77 2060.93 808.94 522.34
345.12 647.01 501.69 3961.42 1429.98 742.04
460.58 755.23 849.22 3609.99 1607.05 906.28
127.46 229.27 131.41 3035.09 680.95 321.1
457.78 689.16 876.23 2728.98 1503.72 876.12
107.85 273.96 73.39 4475.51 911.8 366.05
425.05 653.81 800.74 2859.43 1231.12 681.85
623.13 948.0 1285.07 3649.41 1763.5 987.53
776.15 1154.36 1496.39 3503.27 2294.65 1436.95
267.22 355.87 353.15 1347.62 806.03 611.54
541.02 720.19 757.65 2249.11 1581.0 1250.55
203.97 396.83 208.19 4407.47 1161.73 546.97
465.89 601.57 671.67 1472.71 1422.5 1162.02
293.32 491.41 525.34 3753.77 1166.96 619.74
137.47 240.28 137.8 2435.32 616.42 281.28
132.05 324.47 108.75 5020.44 1082.38 460.93
301.55 461.5 585.52 2268.58 984.58 573.21
164.19 288.76 271.81 2929.03 890.8 415.02
522.67 774.56 1091.57 2935.24 2235.98 1304.36
126.31 281.75 105.24 4088.26 894.49 392.39
100.5 111.02 98.31 377.21 151.43 116.86
136.01 172.6 138.29 693.67 263.37 180.97
115.52 253.16 152.22 3356.8 909.86 369.49
454.03 767.59 728.99 4975.3 1613.81 769.72
96.08 217.92 110.43 4051.72 907.41 396.71
570.24 888.24 1189.49 4098.81 2040.03 1089.81
239.47 372.49 316.9 3562.2 1167.82 705.26
314.38 613.75 274.95 5219.49 1207.03 519.96
250.77 546.65 234.13 4424.22 1118.12 480.78
100.37 103.31 99.82 175.38 113.54 104.22
114.56 156.47 100.57 741.02 230.9 143.27
83.15 152.82 90.81 1646.82 449.19 202.58
665.08 883.96 1115.0 1929.37 1998.24 1551.43
510.64 691.99 848.25 1815.97 1516.44 1107.02
928.91 1398.31 2067.79 3484.38 3574.28 2322.75
183.73 313.22 205.02 3078.55 858.99 476.81
584.82 772.43 979.72 1672.67 1563.0 1200.29
91.88 224.66 101.96 4129.31 984.45 382.42
100.46 139.35 98.08 980.29 301.29 167.11
182.62 288.16 293.86 2650.12 888.15 475.77
366.13 628.27 733.63 4059.14 1855.21 988.47
166.71 337.89 155.52 4054.48 987.38 431.34
358.37 482.48 489.26 1962.68 1117.0 849.94
246.84 387.42 324.94 3311.25 1055.66 669.39
192.62 380.81 206.07 4417.69 1127.32 533.09
726.16 1127.43 1656.66 3662.6 2539.54 1557.28
139.22 310.79 123.22 4296.1 950.1 381.92
332.37 548.95 575.09 3654.79 1411.54 712.7
267.69 523.22 298.99 3664.07 1102.83 552.07
167.9 289.21 206.45 2634.07 762.62 368.75
904.39 1337.67 1972.24 3248.1 3146.81 2007.51
225.35 331.53 310.54 2006.66 888.67 556.07
441.38 742.12 848.28 4227.57 1886.13 998.88
356.8 482.44 485.56 1838.79 1189.75 884.29
148.19 305.66 245.18 4091.98 1159.27 498.92
862.14 1322.13 1973.48 3584.3 2871.3 1799.07
508.02 744.45 1031.1 2404.56 1887.27 1179.0
610.57 966.73 1324.92 3867.35 2163.11 1240.74
240.87 343.4 306.21 2269.45 880.68 581.61
295.95 539.94 301.01 4737.24 1165.65 535.43
390.82 646.16 816.63 3846.65 1631.17 861.06
65.23 208.98 81.03 3291.24 820.4 311.64
350.17 491.71 471.86 2471.9 1187.49 858.17
250.27 604.94 174.94 5392.67 1247.38 503.54
96.38 145.0 88.51 1616.03 352.83 169.54
96.08 119.53 92.67 848.71 209.54 130.12
82.21 211.49 86.96 4088.69 951.05 355.73
392.1 505.3 537.51 1459.27 1174.73 930.52
489.8 693.6 876.73 2572.42 1669.27 1091.98
85.34 208.37 84.23 4525.89 950.82 379.9
462.71 764.26 796.59 4591.73 1636.17 784.61
252.7 450.27 268.15 3315.91 821.75 366.95
222.94 345.26 240.11 2388.03 720.58 398.15
82.16 213.25 72.83 4925.42 978.57 380.22
374.51 567.53 447.72 2954.63 1203.67 782.69
204.05 402.47 210.84 4535.13 1174.37 545.3
114.5 170.64 106.06 1434.47 378.33 191.46
287.32 464.98 489.19 3146.81 1427.25 788.52
105.85 150.67 99.23 968.1 269.8 153.25
351.97 512.26 699.05 2086.31 1089.5 611.76
100.72 140.69 106.89 1238.72 348.7 178.85
294.64 394.78 405.89 1854.06 1008.48 739.56
502.88 868.29 862.14 4730.81 1766.12 929.43
91.74 115.45 91.01 924.86 247.94 143.03
91.08 246.79 89.0 4276.91 959.64 351.7
185.76 339.84 320.75 3617.0 1187.72 545.3
396.55 562.77 524.29 2512.66 1282.61 907.7
350.43 571.74 675.13 4186.91 1563.15 809.28
534.83 689.23 771.93 1946.92 1585.32 1296.5
136.89 290.3 197.69 4295.6 870.67 365.69
95.83 129.18 94.37 1111.48 308.0 160.73
76.43 144.08 74.36 2452.83 521.98 222.75
121.78 263.62 127.47 4287.84 842.5 386.07
565.98 727.93 819.29 1752.66 1641.74 1362.88
361.05 602.28 692.16 4356.09 1558.79 828.36
91.29 239.9 89.07 4088.35 920.34 339.99
304.06 535.97 313.22 4465.56 1160.07 568.37
130.71 196.65 151.06 2127.13 596.36 326.9
101.81 140.17 93.86 1110.29 287.44 161.43
92.28 114.44 91.6 870.82 238.25 140.21
96.97 148.7 96.19 1488.44 385.58 183.55
176.94 309.07 156.78 2822.97 625.33 257.6
207.14 352.82 273.17 2977.24 928.44 475.56
133.23 187.15 122.24 1039.67 283.99 159.38
481.28 713.77 926.2 3586.81 1746.87 1019.66
464.08 755.11 877.7 4436.51 1808.81 924.25
415.24 519.6 576.77 1128.34 1183.97 979.43
213.53 540.36 104.46 5099.08 1120.81 437.42
486.74 669.72 786.2 2147.25 1638.57 1203.93
514.36 864.24 1017.38 4283.55 2179.63 1245.2
423.32 651.83 774.59 3362.77 1796.92 1057.76
78.86 205.27 60.47 4136.36 690.56 262.39
94.69 269.57 96.98 4753.93 1067.84 388.61
546.42 825.96 1057.81 3049.88 1718.42 1040.23
240.04 332.08 321.63 1928.36 862.1 579.44
291.89 543.09 319.09 4935.96 1227.09 532.0
298.63 542.69 333.42 4711.02 1203.05 548.83
151.52 334.16 145.38 4625.85 1064.6 486.42
756.16 1132.84 1669.73 3472.34 2413.82 1347.52
287.77 568.03 280.54 5528.45 1209.41 472.38
113.16 240.08 121.72 3391.74 833.05 350.46
189.54 437.87 188.12 4714.18 1156.89 530.89
340.07 523.09 583.96 3437.62 1418.14 804.3
147.96 295.36 143.75 3731.98 894.6 432.11
308.54 402.09 516.13 845.61 892.68 655.07
97.38 109.7 97.36 486.08 180.13 122.57
273.13 487.01 413.25 4028.8 1241.86 635.93
158.87 411.13 138.21 4887.7 1114.36 466.13
97.75 121.86 97.95 711.26 239.95 142.46
758.53 1146.37 1556.44 3889.77 2369.86 1308.95
680.53 1071.19 1490.07 3724.11 2453.64 1498.84
710.44 1024.47 1452.12 2498.76 2201.89 1449.82
55.36 239.93 75.65 4197.46 1024.98 371.73
306.65 585.14 349.07 5311.73 1310.31 546.0
83.94 196.18 92.03 3834.72 824.57 346.92
290.9 386.46 369.41 1219.27 821.9 632.34
112.8 210.84 98.31 1999.16 471.48 216.49
739.68 1146.15 1610.34 3673.41 2394.17 1437.74
107.83 273.63 73.44 4467.41 910.29 365.56
230.15 401.14 213.22 2998.67 754.34 363.17
497.41 779.81 1021.07 3896.11 1957.55 1114.21
102.05 145.56 93.03 1245.98 312.62 169.68
273.41 522.94 270.59 5042.51 1136.93 457.06
166.83 334.29 211.73 3931.2 1177.27 563.16
294.34 536.97 290.52 4749.92 1157.81 533.18
205.21 358.96 295.38 3774.74 995.29 495.61
504.99 868.06 779.45 5045.14 1751.68 877.32
137.29 268.82 197.5 3496.1 939.26 404.46
160.19 212.34 198.11 976.3 480.7 331.79
88.08 162.57 80.52 2868.31 598.65 257.01
192.34 370.77 352.94 4086.24 1211.78 537.61
475.41 812.28 805.25 4906.18 1679.32 846.2
102.64 123.89 98.68 643.95 197.7 130.49
571.9 758.83 918.11 2159.35 1706.73 1298.99
404.24 644.43 792.93 4097.71 1684.2 897.85
845.19 1226.04 1751.48 3348.45 2294.1 1393.23
227.06 399.9 261.25 3948.03 1080.78 590.05
106.36 157.57 96.82 1411.15 335.5 173.48
441.0 681.15 549.08 3191.6 1473.71 1021.61
270.15 417.93 335.6 3078.61 1121.91 710.29
152.59 300.39 185.39 3514.65 822.05 367.42
651.68 989.63 1343.94 3679.09 2232.42 1358.85
96.61 106.34 96.31 438.33 160.68 117.65
325.38 524.74 620.33 3169.54 1242.7 641.38
90.7 215.6 70.49 3994.73 749.53 278.65
98.56 113.99 98.69 491.24 189.57 127.17
93.01 236.58 93.5 4497.38 791.47 307.32
470.15 737.13 783.37 3928.28 1582.51 854.69
63.2 215.33 79.93 3477.21 862.39 323.97
116.03 282.9 83.97 3984.65 815.81 323.42
382.1 599.76 719.94 3744.79 1592.36 951.9
208.93 355.39 260.78 2950.03 1020.56 579.9
136.22 276.49 115.15 3434.13 795.41 328.51
290.71 399.2 525.62 1287.81 778.88 467.15
315.12 611.22 280.84 5137.39 1204.85 528.37
826.67 1225.87 1792.46 3229.8 3042.97 1928.72
99.21 107.64 99.28 313.67 148.92 114.84
122.82 241.13 108.41 3021.05 678.33 284.37
443.4 762.82 706.78 4964.32 1701.51 862.95
153.72 303.54 191.65 3525.69 1066.01 511.48
97.01 148.04 96.25 1469.6 381.7 182.41
364.5 606.61 695.27 4373.53 1723.03 934.74
109.35 300.03 70.03 5120.62 1032.5 406.22
726.59 1109.03 1515.46 3690.0 2457.82 1509.87
799.32 1154.79 1756.99 2955.85 2430.92 1394.82
222.22 400.76 258.37 4106.69 1178.53 652.46
423.37 661.61 757.19 3378.72 1581.98 985.93
172.59 272.25 252.27 1930.83 627.69 332.71
95.47 248.72 108.09 4567.34 1052.89 392.53
266.22 509.81 246.77 5010.09 1124.84 458.56
369.61 627.17 684.39 4190.78 1616.17 875.29
226.8 342.68 293.12 2123.96 911.64 584.85
590.54 748.9 858.35 1579.99 1662.23 1408.98
117.13 182.06 116.64 1540.76 394.6 205.67
202.43 336.48 231.22 3092.89 931.65 534.73
340.54 475.46 475.11 2699.02 1292.45 914.15
774.76 1151.66 1644.79 3565.82 2705.69 1658.97
179.68 344.11 311.0 4098.07 1173.41 499.14
619.04 834.21 1043.04 2239.22 1866.91 1372.98
302.4 546.7 485.27 4560.44 1452.48 710.27
205.22 407.42 210.48 4607.61 1204.63 562.83
282.51 506.87 522.14 4408.78 1432.54 658.9
188.24 308.4 231.76 3642.87 1029.14 566.77
88.94 155.06 79.32 2211.12 408.88 184.93
87.21 147.4 87.12 1986.79 491.61 210.29
90.3 150.95 84.14 2353.96 506.0 227.84
654.71 933.7 1145.26 2983.91 2071.53 1416.75
727.35 1096.86 1506.25 3730.07 2975.97 1864.92
169.53 370.59 204.34 4350.32 1026.85 446.87
432.31 771.19 623.53 4999.64 1640.23 818.36
275.26 445.73 400.38 2426.55 825.6 434.82
259.78 605.5 195.83 5223.03 1265.24 542.3
104.91 156.04 95.09 1290.28 319.33 168.46
153.22 288.14 189.83 4374.94 1076.16 523.13
899.92 1319.17 1881.44 3252.79 2810.36 1717.92
333.98 517.87 485.28 3257.06 1392.86 833.04
121.19 174.34 152.76 1645.58 462.36 246.97
921.82 1382.45 2060.94 3217.49 2792.61 1744.72
229.74 357.72 333.55 2820.35 1034.04 590.22
311.58 438.74 585.53 1599.95 977.4 576.4
242.83 472.0 367.84 4730.01 1346.72 625.18
99.34 103.47 98.92 253.65 127.68 108.71
292.73 569.04 301.65 5386.0 1233.9 502.17
645.98 1024.26 1192.32 4554.93 2260.97 1210.72
321.59 606.26 298.47 4907.47 1189.65 545.61
321.28 642.25 273.58 5615.62 1255.39 520.62
90.44 225.86 115.23 4100.16 976.75 367.53
64.0 212.82 80.37 3403.82 845.82 319.1
117.19 159.09 117.86 871.83 285.27 179.03
440.55 730.83 872.53 4487.13 2147.13 1123.75
78.44 179.92 78.29 3280.98 760.22 285.94
922.86 1314.62 1967.04 3210.4 2668.35 1582.01
207.96 393.36 179.67 3920.79 837.13 321.14
408.96 676.03 718.89 3676.35 1413.15 758.44
271.58 466.37 477.3 4543.44 1299.02 625.11
522.97 794.4 1023.09 3764.35 1628.72 943.12
864.52 1271.64 1821.78 3543.9 3438.85 2200.04
122.76 299.44 90.34 4619.06 914.1 355.51
664.43 998.48 1332.53 3402.98 2112.63 1276.12
813.45 1190.94 1664.57 3104.1 2578.78 1598.18
367.76 668.85 509.96 5324.36 1572.14 710.93
95.68 113.55 97.64 496.76 189.57 126.31
184.34 246.64 219.03 1233.45 526.19 360.59
398.03 554.51 553.28 2857.84 1368.45 990.79
261.29 464.45 410.07 4013.95 1219.74 619.09
301.87 454.1 414.12 3283.87 1299.46 819.55
503.54 762.62 984.56 3075.92 2058.57 1255.6
392.61 516.29 616.81 1377.55 1122.07 849.55
161.81 261.85 192.7 2705.21 705.16 407.77
466.62 620.57 664.74 2314.67 1441.38 1136.47
102.73 224.38 111.17 3113.43 824.13 342.97
501.59 681.76 837.19 1789.3 1508.13 1083.53
143.43 311.61 118.16 4097.78 933.82 373.99
266.75 447.81 444.5 3308.18 1185.13 649.66
388.81 500.45 532.2 1446.81 1158.43 921.65
230.73 446.59 405.83 4532.87 1496.08 714.34
419.88 523.89 583.81 1075.77 1186.85 987.75
297.28 550.26 338.69 4748.68 1163.17 513.57
100.37 104.21 99.63 189.32 116.46 105.14
512.06 841.08 835.68 4737.87 1621.75 816.64
572.99 924.71 1138.31 4112.92 2365.08 1392.38
558.63 903.23 997.46 4643.51 1994.41 1090.03
537.21 691.74 775.62 1931.34 1588.53 1301.32
213.36 313.33 269.89 2313.29 817.11 521.36
670.2 934.51 1265.03 2277.1 2219.21 1563.83
210.44 292.43 237.08 1332.7 551.18 371.37
646.99 1011.74 1195.5 4396.12 2026.96 1083.82
537.68 762.16 969.56 2361.96 1474.17 992.77
224.45 369.81 269.91 3209.63 1023.27 608.22
678.99 1040.93 1385.75 3736.45 1865.32 1057.82
110.93 129.71 108.07 486.89 174.64 122.39
235.77 324.53 397.1 1338.35 833.35 515.6
360.22 621.04 652.3 4150.22 1505.35 770.27
400.44 539.8 565.48 2264.34 1328.94 990.28
350.67 524.87 676.99 2660.11 1303.32 761.01
444.39 592.56 638.07 2347.05 1444.0 1112.33
309.96 452.5 425.84 2715.45 1187.35 790.23
114.47 252.54 186.79 4056.81 956.77 410.68
105.84 150.57 99.23 966.45 269.48 153.14
118.75 267.42 112.63 4513.22 921.88 381.37
322.66 684.16 389.58 5139.52 1427.22 626.84
217.59 494.27 302.18 4943.23 1268.02 536.44
84.25 146.49 79.17 2413.4 521.68 224.98
83.13 162.55 83.01 2589.62 616.72 245.53
65.51 187.79 65.82 4293.36 871.35 337.1
196.51 399.87 315.45 4528.81 1225.02 518.41
160.86 374.47 299.42 4114.32 1279.62 571.24
778.7 1120.17 1649.71 2886.61 2588.91 1526.23
387.63 502.29 529.76 1478.61 1163.71 921.62
795.39 1195.99 1763.14 3077.11 2430.03 1508.69
172.31 280.65 188.23 2333.39 692.73 394.57
326.12 518.87 554.46 3265.92 1255.59 678.56
395.55 607.16 780.88 3335.98 1560.59 893.53
263.32 470.33 457.55 3822.42 1196.49 605.92
110.67 273.02 124.8 4085.87 1080.27 441.12
159.73 292.96 163.53 3208.96 816.95 389.98
103.26 120.17 101.2 517.51 182.66 126.35
719.32 1107.98 1577.4 3721.28 2348.57 1403.47
109.81 211.9 90.19 2476.6 537.92 236.69
147.78 280.67 187.44 3717.76 1051.62 501.23
85.21 203.55 80.01 3689.19 838.07 315.5
701.32 1035.13 1467.41 3624.17 2241.1 1262.88
158.02 320.25 237.34 4226.3 1197.12 533.51
642.79 988.16 1242.94 4187.44 2268.25 1230.68
143.92 235.04 162.08 2597.85 631.06 349.33
267.18 410.21 392.2 3051.88 1019.48 643.05
334.92 573.05 632.02 3860.54 1737.16 959.8
958.94 1404.57 1970.83 3270.68 2767.07 1767.18
269.3 541.84 231.16 5530.49 1157.18 441.85
837.67 1200.44 1729.94 2806.69 2621.23 1748.04
192.6 395.44 231.37 4299.42 1286.52 641.16
99.86 101.41 99.87 139.33 109.0 102.73
273.5 540.35 237.28 4676.49 1021.0 406.23
690.28 1021.07 1439.74 2827.27 2296.56 1523.31
249.71 405.81 305.08 3321.49 1066.9 618.79
174.47 249.9 204.0 1612.43 582.97 366.32
919.72 1332.62 1863.76 3223.41 2405.8 1470.46
782.36 1186.16 1627.84 3741.37 2747.44 1691.22
110.99 309.83 191.71 4103.38 1123.01 454.54
213.23 258.16 276.55 629.04 521.76 433.3
89.59 172.85 85.94 2625.02 619.24 251.61
381.12 488.08 524.9 1514.49 1162.27 917.95
195.68 387.83 208.72 4534.27 1139.2 534.48
375.75 599.64 770.65 3497.61 1627.9 923.13
292.81 365.24 397.22 828.85 781.41 645.96
584.35 741.48 849.22 1597.74 1652.07 1396.16
390.96 555.55 550.99 2851.36 1422.4 999.26
172.59 339.4 215.89 4076.82 1147.15 555.1
278.06 360.37 367.93 1394.21 826.31 634.65
80.31 212.59 86.82 4172.3 966.52 356.4
696.92 1039.86 1433.68 3612.47 2342.65 1379.65
462.72 613.26 660.21 2419.19 1487.97 1150.5
346.51 468.51 461.93 1951.81 1119.68 831.65
109.43 275.0 123.11 4172.33 1097.6 444.78
86.49 167.26 74.74 2678.93 477.32 203.75
69.87 194.28 72.82 4321.89 891.64 352.1
501.59 770.45 894.04 3566.49 1822.35 1150.89
471.47 776.54 933.98 4168.83 1792.2 981.95
526.69 754.07 1021.28 2024.78 1586.74 1066.18
699.76 1047.4 1455.81 3802.15 2523.63 1434.84
317.84 565.91 419.39 3323.14 1168.19 644.87
88.65 207.07 101.44 4239.9 907.75 360.97
314.18 625.26 266.99 5447.9 1225.77 510.43
405.21 698.41 524.11 4573.67 1402.28 710.14
487.29 777.08 847.05 3614.29 1720.58 1047.44
443.08 807.53 691.84 4765.29 1662.15 815.96
101.14 197.89 95.22 2289.69 600.71 266.93
666.46 1028.6 1460.58 3513.93 2213.59 1310.25
240.94 316.19 415.9 637.81 465.75 312.3
632.56 935.55 1320.69 3557.45 2084.87 1158.98
171.07 346.78 281.3 4352.03 1234.24 541.43
527.4 761.79 929.15 2995.72 1817.97 1220.86
507.59 773.82 986.39 3130.45 1806.41 1093.43
97.72 158.33 99.28 2243.77 525.05 247.31
370.31 529.86 505.62 2640.3 1336.56 943.34
512.61 775.82 1090.21 3594.95 1836.24 981.31
843.5 1241.78 1809.04 3335.48 2750.92 1739.73
948.69 1376.89 2030.97 3224.59 3457.99 2233.24
77.63 219.39 58.7 4611.76 763.91 283.91
524.3 832.3 986.12 4219.51 1746.67 954.4
559.86 716.6 810.24 1758.4 1602.97 1340.36
382.09 666.06 587.85 4801.09 1434.95 641.69
511.69 854.57 983.33 4164.8 1626.31 852.5
341.32 552.06 547.08 3664.54 1294.87 739.23
84.81 175.61 71.61 2999.09 524.16 216.63
633.89 877.02 1193.9 2243.13 2045.0 1344.02
104.42 139.99 97.79 1010.81 263.59 151.05
349.22 624.55 654.56 4723.39 1791.92 972.76
777.08 1192.95 1699.72 3645.11 2491.9 1502.84
362.81 496.39 516.94 2284.84 1298.09 959.32
147.2 280.28 196.45 3669.75 1033.44 481.14
333.99 444.55 453.27 2047.81 1132.28 833.04
118.62 312.42 81.38 4611.69 931.35 359.49
480.97 700.73 630.25 2773.35 1523.94 1123.62
563.62 721.36 815.28 1761.92 1618.27 1349.43
234.63 372.07 372.14 2525.27 803.0 421.7
208.4 384.85 254.44 3633.31 1196.2 640.78
258.98 523.95 217.55 5407.04 1112.65 415.07
206.0 379.95 345.8 4678.49 1252.99 581.12
163.53 380.51 187.59 4745.53 1110.04 477.68
220.53 283.39 283.37 1202.26 610.73 459.58
497.16 708.66 663.11 2604.0 1544.27 1164.93
127.82 199.1 145.47 1733.45 564.32 299.23
90.66 149.05 84.73 2269.78 490.84 223.06
116.59 180.84 106.94 1627.14 418.52 204.66
578.88 735.73 840.92 1625.86 1644.65 1384.9
297.04 427.66 411.28 2897.1 1225.66 820.94
313.27 447.68 432.42 2931.94 1258.82 857.78
83.36 182.87 68.88 3277.56 564.91 227.84
100.28 124.12 98.82 639.5 223.37 141.13
114.82 161.23 127.69 1376.95 430.2 236.24
465.83 610.93 670.01 1646.29 1466.13 1177.37
113.25 249.7 157.9 4578.64 1020.1 410.07
95.15 295.6 165.29 4272.63 1149.36 448.24
151.28 363.2 155.44 4768.06 1053.28 433.44
165.84 379.65 207.03 5111.36 1226.61 544.33
218.42 354.65 297.66 3829.12 1159.09 652.07
130.68 257.74 120.2 3295.73 765.61 361.3
570.39 911.93 1210.38 3678.57 2055.12 1185.53
441.87 660.65 935.76 2603.0 1496.31 810.06
753.31 1094.58 1517.32 2954.32 2736.5 1869.33
242.36 427.22 286.91 4224.88 1220.61 687.75
546.74 918.35 983.52 4381.7 2335.04 1293.32
450.7 633.86 881.37 1795.92 1163.34 720.64
587.21 913.22 1242.71 3905.93 2051.89 1091.46
438.23 699.06 840.61 3528.77 1626.39 925.15
242.38 483.24 207.17 5054.08 1062.53 393.22
538.29 899.5 894.45 4921.41 1932.45 976.31
366.23 554.71 673.65 2346.61 1201.6 694.92
214.42 359.27 281.38 3554.89 1171.18 647.13
191.16 368.13 331.5 4254.12 1220.43 520.56
216.07 392.52 408.63 4489.53 1438.51 677.83
830.17 1185.51 1709.08 3014.94 2761.01 1695.71
76.5 187.12 76.33 3567.55 819.7 302.69
389.72 552.97 493.3 2325.77 1198.09 851.36
396.19 554.25 558.74 2272.63 1415.27 1041.21
105.66 179.18 108.04 2671.91 611.41 290.18
269.79 387.35 467.09 1535.96 915.55 527.97
131.56 273.05 150.27 4068.83 1047.25 460.97
557.38 939.26 1004.83 4480.12 1951.12 1019.95
354.38 480.11 499.48 2213.13 1251.15 922.94
409.73 584.89 639.4 2970.67 1393.16 964.5
352.26 596.6 733.33 3888.07 1597.74 845.41
235.41 429.81 415.63 4402.01 1300.98 670.86
95.73 153.08 86.45 1888.55 398.28 182.04
102.83 242.84 90.73 4353.23 840.98 323.0
200.45 399.52 266.3 4517.22 1122.97 518.06
202.67 425.59 212.79 4168.41 1111.01 548.4
796.34 1148.41 1651.85 2883.09 2615.24 1692.93
468.83 601.29 676.45 1359.06 1411.08 1164.43
279.95 532.81 304.16 4970.7 1127.91 442.9
209.47 390.35 350.3 4097.98 1212.67 553.1
606.7 928.62 1240.18 3996.77 2085.09 1138.47
116.36 284.27 86.95 4471.32 935.84 388.67
388.06 550.98 529.02 2585.28 1381.72 984.58
336.95 480.63 475.47 2635.96 1312.42 899.49
192.32 225.11 238.99 452.57 426.15 359.23
117.02 206.06 127.36 2616.09 692.35 321.2
181.93 401.3 267.91 4448.51 1323.14 602.22
125.07 255.01 109.23 3308.35 735.21 302.5
760.63 1180.78 1568.58 3749.74 2725.15 1673.16
175.8 380.5 217.53 4857.05 1204.12 557.17
91.74 232.71 89.63 3883.51 878.21 327.67
560.39 717.15 811.07 1755.22 1603.89 1341.52
170.24 372.47 102.76 3193.17 731.63 308.78
207.53 369.54 272.62 3260.25 947.76 495.01
95.2 159.66 84.77 2110.16 435.24 192.21
496.03 734.58 908.44 3221.73 1878.96 1202.21
243.59 429.53 444.09 4139.42 1203.28 573.75
161.09 325.02 200.25 3870.99 1163.57 552.01
417.39 744.47 782.34 4503.44 1901.05 1032.13
231.94 422.77 370.53 3599.32 1191.01 587.98
152.53 355.97 121.97 4935.76 1108.61 431.43
353.09 634.74 680.17 4318.86 1881.96 1023.54
197.25 296.11 261.58 2490.74 872.01 542.03
75.14 146.49 72.96 2581.49 545.05 229.46
488.58 793.76 904.66 4340.42 1893.02 1012.89
396.44 716.38 733.84 4503.81 1785.92 952.16
343.13 453.0 467.16 1944.35 1138.1 849.51
197.47 356.85 258.07 3575.86 1168.43 609.89
166.03 331.6 233.04 3358.54 1103.81 568.39
587.23 873.33 1119.69 2973.84 1958.98 1266.0
108.83 224.74 123.9 4040.35 921.85 404.84
105.92 136.6 102.18 857.5 249.97 147.81
701.1 1071.42 1497.72 3770.26 2315.13 1270.75
223.18 572.71 107.9 5441.75 1196.5 465.88
117.12 300.66 167.09 3913.04 1118.63 503.67
321.78 438.55 436.31 2094.11 1139.41 808.54
91.15 242.11 88.89 4151.46 933.32 343.79
102.64 130.09 97.36 739.02 217.75 136.75
169.76 306.29 207.72 3672.25 1065.76 530.77
94.93 163.04 83.91 2223.85 454.2 197.42
169.18 345.72 272.66 4398.51 1266.23 569.66
308.17 568.18 305.78 5082.64 1218.26 555.81
533.24 791.72 1148.91 2850.82 2227.62 1286.47
333.48 466.02 439.81 2267.78 1148.96 809.75
564.82 741.79 800.51 1895.99 1629.29 1337.62
220.48 388.11 295.62 3600.47 1266.71 692.03
433.43 568.91 621.98 1846.58 1402.5 1105.01
441.26 639.8 575.87 2735.23 1411.02 1004.96
93.89 198.18 92.33 2899.09 675.73 268.43
168.61 292.69 213.99 3355.11 1021.21 520.97
89.49 230.67 66.65 4502.71 834.24 301.95
210.99 332.24 257.6 3050.26 930.56 544.15
130.54 240.71 152.99 2688.01 791.6 377.31
962.0 1398.0 2014.0 3173.0 2939.0 1816.0
69.0 191.5 59.0 4653.5 930.0 346.0
134.0 394.5 95.5 5146.0 1087.0 409.5
969.0 1403.0 2079.0 3181.0 3518.0 2279.0
155.0 368.0 123.0 5163.0 1156.0 447.0
89.8 263.8 87.2 4769.8 1060.5 381.0
971.0 1390.0 2115.5 3245.0 2879.5 1707.0
122.0 299.0 89.0 4632.0 914.0 354.0
72.0 203.8 71.8 4231.5 957.5 341.5
907.5 1325.5 2047.5 3151.5 2757.0 1579.5
948.0 1357.0 1978.0 3155.0 2462.0 1531.0
56.8 180.8 53.0 4412.8 873.5 325.0
119.5 322.5 80.5 4825.8 970.8 371.8
948.0 1376.0 2046.0 3146.0 2970.0 1921.0
911.0 1341.0 1922.0 3127.8 2196.5 1320.8
985.0 1493.5 2276.8 3372.5 3183.8 2033.8
76.2 218.5 55.5 4643.8 764.8 282.8
962.5 1390.0 1954.5 3151.5 2480.0 1527.0
959.5 1435.2 2145.2 3160.2 2832.8 1787.8
88.5 243.0 63.5 4918.0 903.5 321.0
978.0 1422.0 2105.0 3266.0 3199.0 2037.0
79.2 209.2 66.0 4931.0 970.2 374.0
222.2 574.0 104.8 5481.0 1198.8 463.2
992.0 1434.0 2127.0 3253.0 3849.0 2515.0
980.5 1432.2 2016.0 3245.2 2807.8 1800.2
966.0 1422.0 2112.0 3259.5 3477.0 2237.5
109.2 304.0 68.8 5231.2 1052.0 412.0
978.0 1434.0 2220.0 3640.0 4073.0 2397.0
81.5 229.5 75.0 4588.5 1023.0 369.5
937.0 1353.0 2081.0 3198.0 2826.0 1629.0
924.0 1316.0 1970.0 3207.0 2671.0 1584.0
102.5 315.2 89.5 4914.0 1200.8 467.0
980.0 1467.0 2194.0 3388.8 3736.5 2446.5
955.0 1376.0 2056.0 3368.0 3193.0 1885.0
977.5 1462.0 2197.0 3231.5 2940.0 1846.5
939.0 1381.8 2053.5 3176.2 3230.8 2074.0
265.0 540.0 222.0 5608.0 1151.0 427.0
83.0 265.0 84.5 4714.5 1156.5 420.5
245.0 494.0 207.0 5231.5 1090.0 397.0
304.0 635.0 236.5 5868.5 1229.5 464.5
138.0 335.0 114.0 4964.0 1063.0 407.0
53.8 244.8 74.8 4340.2 1057.2 381.2
420.0 524.0 584.0 1074.5 1187.0 988.0
504.0 642.0 731.0 1303.0 1494.0 1252.0
602.0 760.0 876.0 1507.0 1676.0 1432.5
100.0 100.0 100.0 100.0 100.0 100.0
