740.88 1060.41 1349.91 2044.67 2441.32 2101.36
725.23 1085.18 1477.16 3129.1 2436.25 1774.64
183.9 266.05 301.14 1455.69 611.41 358.86
491.16 776.72 770.98 3688.47 1765.61 1246.63
870.69 1244.44 1691.35 2563.58 2805.51 2188.54
222.38 283.38 337.98 470.16 547.35 484.09
535.01 728.85 917.67 1352.12 1545.96 1375.52
264.93 342.65 416.68 582.53 676.91 601.96
484.07 733.95 905.7 3045.62 1838.98 1298.08
636.84 937.12 1084.07 2875.34 2091.42 1691.88
410.39 632.62 697.63 3443.67 1684.67 1198.34
503.03 705.12 903.62 1371.69 1562.85 1310.51
820.13 1159.73 1501.19 2251.6 2598.95 2225.92
815.84 1157.99 1516.2 2283.16 2575.54 2132.35
497.43 745.12 880.23 3661.37 1871.11 1357.57
558.93 887.53 1032.7 3452.61 2174.56 1544.01
756.21 1071.62 1353.27 2155.54 2406.28 2090.45
375.1 622.61 653.36 3787.93 1734.62 1113.43
736.94 1037.1 1322.97 1963.48 2327.96 2038.52
226.3 282.58 337.4 463.53 519.81 470.33
633.45 884.83 1124.25 1660.68 1965.94 1723.53
836.51 1184.38 1575.13 2402.29 2610.31 2124.68
427.45 627.53 716.98 2284.46 1466.4 1164.83
173.39 296.2 268.76 2086.61 821.95 502.04
521.36 722.33 973.07 1479.93 1418.94 1087.56
910.35 1299.86 1759.28 2616.68 2770.2 2224.72
277.37 455.36 402.4 3255.44 1128.06 732.22
757.19 1050.03 1335.29 1991.64 2284.47 2026.98
598.42 849.33 1069.41 1678.82 1937.47 1669.42
937.51 1336.95 1913.79 3028.61 2498.65 1665.53
355.68 555.37 618.5 3309.88 1495.44 1021.5
867.87 1260.98 1794.6 3192.47 2868.64 1940.46
431.61 619.08 742.9 1774.54 1429.17 1176.32
149.85 172.06 193.69 243.48 265.69 246.16
878.72 1236.64 1614.38 2410.58 2673.77 2285.13
425.6 570.68 712.01 1037.19 1182.27 1054.7
437.64 594.24 761.29 1133.93 1168.67 986.43
569.87 831.79 1003.89 2891.72 2016.7 1627.74
720.39 1029.63 1306.43 1976.45 2367.77 2047.08
702.13 1091.63 1564.47 3643.58 2497.43 1549.15
762.43 1174.85 1513.33 3684.76 2771.86 1807.61
557.94 784.05 1094.59 1644.81 1666.93 1218.03
657.48 924.28 1334.67 2016.69 1922.1 1296.92
734.38 1055.37 1380.07 2856.62 2381.71 1849.08
127.81 332.4 96.74 4798.75 989.63 393.83
748.14 1072.58 1356.2 2460.52 2486.32 2093.14
291.77 494.59 441.82 2856.54 1180.84 791.14
810.76 1146.25 1464.71 2194.01 2589.24 2264.14
583.76 806.02 1070.48 1624.71 1609.63 1291.13
281.67 367.28 448.82 631.51 735.47 652.91
799.82 1151.42 1504.91 2320.85 2547.71 2066.56
567.25 843.14 1011.63 2755.58 2078.79 1656.0
722.83 1033.29 1311.17 1983.82 2376.69 2054.73
480.83 724.48 856.46 3080.61 1874.6 1418.35
392.68 530.6 661.96 956.28 1123.76 990.76
734.55 1065.2 1248.0 3123.03 2328.69 1923.32
588.91 882.77 1123.06 3542.14 2059.65 1465.53
238.32 367.64 349.13 2223.27 893.54 616.6
642.38 912.74 1154.72 1740.5 2082.61 1802.24
185.18 401.79 217.33 4555.09 1128.66 550.5
124.52 135.44 146.08 170.57 181.49 171.89
154.11 317.42 206.79 4345.74 962.66 497.54
269.02 470.65 384.37 3831.57 1256.57 744.73
607.4 932.78 1245.59 3871.77 2110.39 1164.69
302.15 400.65 522.22 755.19 810.08 636.77
533.18 868.39 1141.14 3691.16 2384.16 1470.89
457.81 682.65 802.29 2748.35 1725.81 1338.65
849.55 1209.47 1609.87 2425.22 2728.01 2218.39
136.03 153.99 170.07 208.98 231.71 213.08
914.88 1316.89 1920.57 3113.18 3052.67 1934.91
818.32 1158.94 1501.58 2240.37 2603.18 2231.12
849.36 1216.19 1637.69 2471.77 2777.78 2213.43
728.08 1046.81 1322.47 2170.02 2425.39 2076.82
335.57 523.02 545.72 2949.21 1342.45 934.36
800.28 1173.42 1624.72 2431.03 2605.72 1996.16
917.86 1318.01 1808.29 2685.51 2789.21 2182.37
958.92 1417.13 2075.87 3061.36 2893.01 1951.16
644.58 916.42 1111.16 2427.19 2045.39 1725.54
651.84 958.97 1170.79 2497.75 2282.68 1886.38
628.18 886.38 1166.12 1737.1 2019.3 1664.86
757.23 1118.96 1406.44 3150.7 2448.58 1832.28
742.52 1058.76 1337.02 2393.56 2433.64 2088.71
429.52 687.91 691.02 4034.57 1734.32 1232.94
265.05 339.36 414.34 585.09 640.06 564.57
368.65 551.74 610.72 2600.01 1337.78 1008.06
432.16 597.73 745.92 1104.65 1314.16 1142.46
660.34 967.8 1156.72 2876.68 2260.38 1847.05
692.53 1001.31 1253.41 2280.07 2349.54 1986.29
127.81 140.91 153.39 181.35 197.26 184.63
604.87 842.79 1069.37 1577.07 1865.98 1636.55
664.4 983.72 1299.34 3062.58 2435.78 1748.98
966.98 1414.96 2169.83 3542.87 3974.2 2388.52
779.06 1121.49 1416.98 2632.83 2498.82 2038.85
629.73 927.07 1121.42 2820.79 2233.11 1805.68
718.6 1044.1 1278.04 2597.54 2384.47 2011.33
903.09 1274.11 1667.46 2547.19 2720.82 2259.05
933.49 1345.23 2048.87 3144.76 2817.86 1676.67
605.05 843.06 1069.73 1577.61 1866.62 1637.11
610.54 907.69 1106.25 3004.49 2164.52 1691.46
888.92 1258.57 1661.46 2553.88 2564.13 2107.72
682.64 969.22 1221.7 2174.05 2214.97 1902.92
256.59 330.39 400.67 558.14 647.75 576.59
962.11 1447.65 2169.28 3214.58 3105.3 2065.24
503.34 696.7 980.89 1670.27 1404.03 939.7
259.28 434.01 426.9 3339.54 1310.05 815.33
921.58 1331.76 1924.18 2939.57 3292.37 2248.9
942.01 1338.13 1939.12 2956.02 2820.38 1927.04
797.59 1132.18 1442.86 2274.98 2555.9 2209.16
473.73 790.89 949.82 3989.51 1912.3 1112.18
401.51 535.85 666.72 967.84 1102.19 984.06
694.28 1005.24 1250.87 2293.67 2337.41 1981.53
355.8 476.34 591.15 848.38 994.76 878.52
434.55 691.63 755.22 3762.22 1661.47 1028.13
521.12 771.31 906.49 3249.58 1900.22 1488.34
896.02 1268.58 1693.76 2562.54 2834.53 2308.14
199.24 412.2 250.79 4786.45 1252.09 654.81
865.2 1222.9 1613.61 2408.91 2664.32 2246.65
809.87 1138.08 1435.05 2489.26 2534.57 2206.1
660.11 924.82 1195.72 1785.3 2010.15 1711.33
242.81 417.36 394.91 3946.81 1284.8 791.03
891.8 1250.33 1619.21 2454.46 2667.38 2275.66
650.18 895.33 1134.14 1683.61 1928.76 1713.2
536.76 829.09 875.45 3402.64 1890.76 1404.01
580.1 922.33 931.22 3484.92 2044.0 1557.74
631.2 895.98 1132.97 1706.67 2041.73 1767.14
572.03 856.75 1077.76 3115.96 2168.1 1586.97
477.77 671.3 853.21 1357.47 1520.12 1272.66
765.43 1070.53 1391.91 2071.02 2304.8 1975.19
899.85 1267.13 1744.19 2724.5 2685.04 2036.73
802.98 1117.38 1427.71 2134.46 2444.92 2154.61
317.38 549.28 534.1 3783.84 1620.16 1024.72
706.55 992.38 1264.61 1874.56 2221.64 1946.02
777.35 1115.71 1458.2 2215.18 2544.23 2109.75
850.14 1184.63 1509.89 2265.51 2594.55 2299.75
798.76 1122.91 1400.25 2387.37 2446.68 2136.4
337.38 498.67 558.49 1794.62 1189.54 917.99
366.79 492.52 612.26 880.55 1033.22 911.98
812.72 1173.03 1599.48 2499.0 2915.33 2210.7
364.84 517.74 655.27 1652.59 1269.95 933.67
875.75 1256.51 1864.08 3040.53 2898.67 1741.51
63.25 256.05 92.15 4313.39 1076.33 404.71
542.67 837.26 868.37 3635.47 1878.19 1378.57
826.92 1153.7 1503.55 2277.49 2496.8 2123.5
898.35 1285.44 1821.83 2896.47 2954.04 2038.59
729.55 1042.33 1339.02 2038.11 2376.9 2014.96
105.11 107.65 109.93 115.44 118.66 116.02
574.99 861.36 1059.29 3413.95 1834.24 1332.78
607.32 860.26 1076.28 2053.14 1969.36 1677.78
673.79 959.45 1255.63 1897.48 2263.95 1848.47
738.69 1060.71 1366.74 2064.12 2426.44 2058.71
507.6 790.6 876.03 3358.61 1995.14 1494.99
244.54 360.6 382.8 1692.54 873.59 630.57
602.35 826.19 1044.24 1545.94 1769.78 1572.96
743.5 1114.51 1458.2 3550.41 2350.39 1542.74
682.93 993.01 1227.0 2383.61 2321.14 1950.07
343.08 511.93 541.5 2420.15 1200.48 903.22
750.86 1041.91 1323.52 2008.56 2270.49 2010.97
666.83 926.45 1159.1 1911.91 2003.54 1757.11
599.92 851.76 1072.95 1666.33 1941.35 1674.26
768.48 1066.34 1356.5 2024.13 2321.99 2060.08
757.03 1084.5 1390.97 2108.58 2489.17 2120.78
854.64 1201.59 1532.44 2480.08 2668.79 2311.14
881.29 1229.76 1570.43 2352.14 2698.68 2388.42
687.38 984.24 1221.38 2356.45 2243.34 1910.19
490.82 718.35 860.38 2261.78 1688.18 1381.24
201.6 318.41 227.01 2153.26 620.97 348.01
768.72 1093.72 1388.02 2799.03 2396.84 1991.04
471.69 732.45 825.75 3205.81 1879.28 1398.48
258.18 488.23 453.27 3672.56 1473.72 897.53
351.55 476.93 589.16 860.83 1019.5 889.47
771.63 1113.76 1507.83 2705.11 2469.99 1877.11
779.68 1121.51 1490.03 2302.18 2710.9 2157.24
873.61 1218.32 1554.12 2326.74 2671.45 2368.34
616.37 940.43 1237.59 3300.37 2527.43 1698.74
910.56 1319.39 1856.3 2904.42 2826.67 1894.61
912.67 1302.57 1844.8 2901.42 2496.54 1724.39
683.88 997.03 1262.03 2777.47 2316.47 1839.11
716.77 1052.89 1365.51 2737.72 2619.81 1995.72
415.67 562.2 710.18 1148.58 1137.37 960.73
609.14 849.08 1077.58 1589.58 1880.93 1649.57
374.9 497.39 616.72 891.27 1013.76 906.05
378.45 615.48 609.66 3584.15 1551.86 1083.33
666.82 950.2 1196.22 2316.95 2188.4 1846.06
669.68 929.23 1195.56 1797.46 1943.72 1674.08
728.68 1058.84 1267.75 2918.53 2367.92 1986.16
856.05 1225.57 1692.85 2649.25 2468.5 1813.83
564.8 813.81 1010.08 1928.69 1878.76 1558.12
897.2 1261.18 1674.83 2571.3 2804.8 2279.45
510.48 788.73 920.47 2848.4 1987.88 1534.91
683.35 962.91 1263.89 1923.3 1999.89 1610.93
256.91 457.09 345.54 3866.82 1231.6 698.75
159.32 188.89 215.36 279.43 316.85 286.18
779.41 1176.7 1535.17 3572.63 2409.04 1553.26
821.29 1201.69 1711.27 2610.61 2935.67 2109.54
326.24 564.89 410.09 4055.28 1219.47 685.42
526.17 859.36 774.47 4261.13 1825.09 1252.58
689.56 1036.96 1151.31 3622.87 2206.08 1678.51
875.39 1254.94 1716.25 2769.48 2853.74 2182.87
459.49 652.97 930.1 1400.01 1544.6 1072.02
861.95 1210.06 1525.69 2438.6 2652.7 2334.28
527.47 729.36 993.32 1480.54 1721.92 1301.99
251.36 495.36 219.63 4946.17 1043.5 406.4
313.42 426.37 566.94 809.48 823.32 629.57
583.8 880.04 1159.45 3818.65 2179.02 1393.78
783.94 1131.44 1492.45 2598.39 2512.65 2023.2
899.72 1297.19 1906.81 2915.74 2739.1 1817.31
643.29 963.61 1050.49 3614.92 2105.03 1631.13
357.02 480.27 617.27 894.23 991.84 825.4
493.33 867.05 775.32 4446.02 1952.21 1216.94
96.3 164.93 95.55 1939.14 479.13 211.53
884.12 1237.2 1590.95 2380.3 2701.44 2366.05
173.42 213.42 238.58 456.36 381.75 328.63
703.2 1024.27 1259.53 2477.09 2343.17 1944.59
902.11 1319.07 1890.76 2906.5 3180.93 2208.66
939.03 1344.28 1950.7 3147.9 3085.76 1993.97
171.89 214.98 240.08 508.09 403.24 338.31
830.64 1207.73 1643.49 2597.83 2336.01 1729.69
780.73 1108.83 1373.23 2722.58 2482.41 2133.02
143.53 165.23 184.65 231.66 259.12 236.62
340.77 625.49 503.09 4371.5 1532.38 957.71
755.69 1091.68 1411.54 2237.31 2560.09 2129.24
670.64 968.96 1302.56 2951.99 2085.52 1421.29
919.31 1329.93 1888.69 2895.05 3049.25 2181.27
964.95 1431.7 2115.2 3116.61 2908.27 1917.18
854.16 1216.58 1584.7 2749.53 2535.67 2012.92
729.87 1050.02 1326.72 2131.77 2434.97 2089.14
403.72 737.66 466.62 5260.06 1482.95 797.28
326.21 518.15 570.84 3256.37 1432.18 894.59
670.49 958.56 1299.69 1971.33 2114.79 1637.92
942.05 1356.37 1904.14 2969.78 2879.14 1957.39
951.9 1369.19 1979.71 3019.15 3358.29 2300.57
876.57 1274.28 1841.87 2830.9 2937.62 2012.65
609.33 899.98 1136.34 3118.96 2022.96 1478.88
905.76 1300.04 1831.72 2777.65 3143.44 2275.35
793.04 1110.0 1402.97 2381.11 2458.61 2151.7
319.58 477.17 517.93 2201.69 1180.64 860.56
263.42 494.46 462.96 3655.46 1484.39 910.76
542.5 839.97 1037.51 3219.83 2066.82 1461.24
654.62 930.54 1267.31 1987.24 1692.22 1240.92
804.89 1139.66 1423.45 2598.86 2549.82 2202.0
399.89 608.77 669.71 3026.95 1505.41 1120.85
688.16 986.04 1196.3 2744.86 2212.03 1859.58
480.46 721.63 832.86 2839.33 1775.53 1365.91
557.76 812.19 1098.03 1978.17 1809.98 1365.94
116.73 230.97 100.6 2714.32 598.54 267.01
953.81 1377.19 2006.6 3065.69 3632.34 2455.82
359.28 691.91 364.06 5531.23 1370.0 648.97
666.15 918.41 1164.16 1729.58 1981.85 1760.03
940.17 1364.26 1982.06 3066.91 3079.05 2054.09
465.05 664.29 788.45 2213.98 1543.88 1246.17
352.67 547.9 568.91 2727.64 1329.73 970.18
692.39 1048.38 1433.84 3152.38 2550.78 1711.91
620.12 915.13 1106.24 2644.05 2156.46 1756.41
919.41 1313.27 1842.02 2805.47 2853.08 2121.14
939.65 1363.13 1882.58 2986.85 2755.65 1914.79
827.08 1176.78 1513.04 2743.89 2593.29 2117.02
302.45 407.53 485.63 951.59 850.93 727.01
472.66 748.99 818.1 3285.88 1929.8 1423.41
820.26 1188.42 1620.3 2478.69 2756.58 2115.47
883.77 1236.27 1588.35 2376.64 2700.82 2368.77
749.62 1055.87 1356.83 2023.6 2362.0 2043.23
715.36 1044.64 1358.95 2678.96 2385.83 1827.08
724.95 1081.15 1485.25 3479.06 2611.87 1611.35
683.82 958.95 1220.97 1808.07 2142.15 1876.85
397.72 669.51 660.41 4363.27 1595.58 880.03
890.89 1280.15 1731.4 2699.04 2788.6 2235.69
684.18 1024.81 1199.31 3659.89 2251.39 1637.77
683.03 982.6 1225.63 2568.72 2298.3 1935.72
565.68 854.29 1091.63 3213.09 2066.34 1514.12
612.17 885.37 1020.7 2697.87 1914.63 1566.76
145.23 167.77 187.95 236.8 265.33 241.95
650.15 898.53 1151.84 1714.35 1951.71 1694.56
140.63 233.07 167.08 1682.88 494.28 266.8
923.84 1315.76 1969.29 3205.55 2670.89 1584.97
408.12 635.2 712.41 3157.95 1710.3 1233.11
475.15 698.18 903.67 2849.96 1718.96 1129.89
308.24 401.03 491.42 699.4 792.19 710.6
881.86 1232.13 1583.55 2374.06 2697.98 2363.72
681.26 968.15 1163.86 2375.14 2084.52 1777.17
419.95 570.72 714.32 1036.06 1219.14 1073.75
924.07 1316.97 1761.94 2736.4 2744.4 2134.67
755.84 1083.88 1390.86 2153.7 2503.87 2114.0
941.08 1355.47 1884.93 3013.15 2496.34 1633.47
355.55 560.74 602.14 3664.37 1534.1 1073.5
235.37 556.56 157.14 4902.02 1157.61 501.21
682.59 957.14 1218.61 1804.47 2137.84 1873.1
723.28 1034.53 1311.58 1995.0 2379.59 2056.09
736.9 1087.44 1412.39 2897.58 2630.14 2020.64
654.77 973.18 1148.93 2875.78 2242.82 1836.44
519.39 743.68 919.31 1737.53 1718.18 1439.12
648.51 954.48 1302.45 3269.8 2205.79 1461.18
151.54 339.37 205.17 4549.21 1191.42 542.27
507.94 711.28 893.29 1333.86 1591.18 1380.31
394.82 627.36 665.63 3999.27 1568.25 1045.38
768.81 1101.98 1423.31 2158.27 2582.73 2169.15
487.43 762.25 784.66 3874.02 1861.16 1336.69
236.62 434.71 321.91 4166.08 1217.09 705.67
665.97 997.51 1082.21 3441.39 2130.44 1682.29
646.62 955.82 1251.82 2770.99 2225.64 1612.16
757.21 1084.66 1345.04 2485.15 2446.27 2086.02
781.17 1093.72 1414.55 2257.32 2444.06 2073.12
528.48 811.29 886.98 3473.27 1972.2 1481.73
511.09 749.79 874.74 3233.23 1840.95 1438.93
782.48 1107.61 1423.03 2202.56 2495.35 2144.67
540.23 759.66 956.07 1431.51 1709.19 1481.63
378.38 502.42 623.25 901.28 1025.32 916.25
228.95 293.23 350.76 490.03 571.37 504.71
802.16 1135.2 1425.69 2537.87 2539.81 2198.55
585.26 801.74 1011.99 1503.59 1714.18 1523.09
686.81 1011.8 1204.25 2604.75 2299.39 1902.61
889.41 1251.08 1629.81 2434.97 2710.65 2325.52
409.34 559.46 769.35 1135.95 1141.35 836.08
293.17 493.98 476.85 3813.73 1315.82 880.83
195.2 328.69 240.09 2744.02 838.36 468.87
812.81 1169.99 1556.57 2393.96 2613.17 2044.01
870.3 1243.18 1687.19 2833.03 2924.71 2218.14
833.2 1186.32 1562.69 2344.73 2696.08 2238.58
461.28 725.54 809.41 3669.12 1858.67 1276.27
888.43 1271.82 1763.95 2667.11 3040.78 2274.35
695.43 1009.37 1288.48 2479.68 2384.56 1915.6
490.41 712.12 837.18 2243.57 1640.49 1328.51
438.08 727.37 696.82 3869.17 1717.64 1209.87
803.56 1135.11 1450.88 2158.38 2560.98 2241.27
136.19 154.22 170.37 209.45 232.27 213.57
535.38 861.07 946.87 4178.0 1835.5 1102.24
803.2 1131.52 1435.3 2497.68 2513.38 2153.53
803.72 1135.72 1466.37 2185.27 2549.69 2195.5
623.83 908.09 1123.34 2863.57 2189.11 1764.61
872.58 1270.49 1890.34 3053.97 3456.97 2204.69
428.93 585.17 742.22 1085.02 1243.33 1063.78
514.48 699.16 879.07 1293.02 1477.71 1315.31
581.11 878.35 1208.51 3825.87 1958.87 1109.23
716.31 994.28 1283.22 1915.52 2186.54 1880.67
135.54 151.38 166.81 202.3 218.14 204.22
524.56 814.45 969.08 3313.81 1933.03 1387.23
929.55 1336.65 1823.96 2873.23 2719.2 1975.99
142.71 241.13 121.32 1557.89 429.02 228.66
951.81 1382.03 2019.9 3128.18 3115.96 2048.83
898.8 1295.28 1777.5 2826.12 2478.8 1710.75
139.4 250.71 149.51 2689.27 646.66 317.72
866.53 1247.91 1717.33 2606.7 2864.55 2186.73
703.23 1000.37 1246.04 2199.94 2244.41 1925.65
754.78 1080.75 1380.13 2095.09 2471.45 2118.27
840.03 1197.23 1582.61 2375.67 2750.01 2264.26
732.49 1065.04 1516.95 2242.75 2265.51 1660.78
229.08 412.61 352.39 4058.91 1153.06 704.19
939.26 1356.83 1983.66 3041.92 2934.26 1982.17
882.8 1233.29 1577.45 2372.27 2697.36 2374.16
686.95 948.48 1203.25 1789.45 2050.98 1821.01
805.24 1155.94 1715.42 2624.19 2447.6 1555.25
838.73 1190.9 1569.62 2350.12 2746.41 2271.48
383.1 630.57 606.01 3955.28 1618.92 1083.47
592.57 838.1 1057.86 1589.83 1900.53 1645.91
755.38 1081.81 1402.85 2126.45 2543.08 2119.56
546.52 848.66 833.16 3611.97 1778.2 1308.83
401.32 548.11 662.88 1219.94 1146.19 994.22
585.37 857.8 1012.4 3191.34 1986.6 1615.94
581.03 827.65 1127.68 1706.89 1917.82 1446.4
358.6 601.03 556.83 4056.12 1563.35 1015.85
379.96 599.81 554.31 2514.28 1252.09 922.46
343.59 452.13 557.86 801.14 909.68 814.24
808.23 1157.26 1487.35 2832.39 2521.41 2013.41
501.2 755.24 870.84 3226.08 1819.93 1429.07
316.84 511.12 519.83 3154.93 1371.55 920.66
348.03 602.93 572.79 3834.05 1684.35 1101.4
206.6 414.56 288.83 4052.32 1282.87 685.33
653.25 938.12 1178.6 1959.68 2170.23 1854.47
254.97 328.0 397.56 553.4 642.08 571.66
940.28 1361.7 1934.54 3029.1 2888.7 1882.19
783.45 1111.39 1477.94 2216.32 2470.76 2023.05
541.77 806.94 924.0 3448.09 1928.72 1504.36
802.25 1168.26 1678.71 2974.81 2920.27 1906.22
233.77 300.45 360.13 504.61 588.99 519.84
524.06 723.9 914.22 1340.66 1583.32 1390.62
796.31 1127.93 1435.96 2207.64 2547.98 2222.13
650.22 909.75 1166.41 1727.08 2016.84 1744.25
881.39 1230.18 1571.59 2354.04 2701.92 2389.62
546.88 858.94 943.08 4010.06 1893.72 1205.14
755.57 1082.21 1382.8 2101.38 2495.48 2133.07
645.06 997.83 1405.06 3640.59 2316.17 1469.88
379.04 619.77 587.54 3778.53 1580.28 1054.11
137.8 280.04 189.38 4425.33 1083.87 523.91
768.94 1081.88 1369.07 2262.61 2354.3 2022.47
807.97 1146.8 1474.79 2291.1 2576.7 2205.32
858.43 1233.85 1747.09 2650.13 2672.36 1938.07
646.54 897.79 1184.32 1768.79 2004.03 1641.64
748.0 1094.26 1537.02 2859.71 2562.81 1755.17
200.33 283.13 293.37 1012.26 516.59 337.4
427.59 696.17 729.38 3484.12 1841.03 1306.95
444.79 616.67 770.71 1143.38 1359.81 1181.0
839.31 1217.8 1828.74 2954.69 3328.3 2082.89
666.73 1068.37 1249.73 4083.82 2243.95 1283.0
585.01 845.32 1042.19 1939.5 1941.37 1632.57
887.87 1243.52 1614.17 2439.49 2793.51 2390.5
347.75 603.08 555.28 4105.62 1671.84 1072.81
552.57 754.22 950.66 1402.65 1604.31 1426.99
335.22 440.03 542.13 777.04 881.85 789.69
749.36 1073.37 1362.38 2071.47 2474.21 2137.59
957.42 1423.36 2088.83 3100.81 3054.44 2128.26
948.32 1372.89 1990.6 3071.73 3090.17 2078.91
327.66 500.39 594.34 2536.92 1139.59 698.96
473.98 748.43 795.21 3625.64 1899.75 1379.83
955.59 1398.35 2045.35 3147.82 3381.31 2256.18
176.09 212.5 242.23 386.27 364.06 325.95
402.18 616.6 611.88 2860.5 1349.46 962.16
727.6 1040.44 1320.45 1998.26 2394.14 2069.71
253.89 500.42 350.02 4012.16 1264.08 724.39
842.39 1173.27 1495.9 2237.69 2568.08 2276.16
605.02 909.15 1084.89 3001.97 2195.2 1687.02
596.01 829.75 1052.36 1551.15 1834.98 1609.58
355.53 524.82 600.81 1967.24 1234.44 947.93
765.17 1095.02 1419.59 2457.08 2472.37 2033.82
885.15 1290.98 1978.9 3043.3 2694.96 1579.68
465.46 719.5 829.0 3456.85 1790.22 1277.47
906.78 1312.55 2008.51 3228.62 2760.66 1589.07
299.46 416.71 485.08 1254.34 934.27 752.61
375.43 643.8 505.83 4413.92 1447.97 847.18
791.94 1118.01 1428.56 2124.38 2520.32 2205.89
892.37 1297.24 1954.86 2996.89 2730.9 1690.07
901.99 1318.88 1890.35 2905.84 3180.38 2208.61
697.49 1017.42 1286.35 2540.92 2336.9 1868.36
317.63 511.48 530.2 3828.91 1486.08 988.97
728.0 1023.97 1305.8 1937.72 2296.75 2011.29
214.57 484.5 254.32 4844.22 1260.54 623.11
654.93 922.41 1236.77 1858.28 2096.09 1677.36
873.7 1251.07 1728.43 2617.64 2763.06 2113.08
913.15 1308.46 1837.15 2782.99 3296.17 2407.08
845.16 1203.08 1606.46 2414.7 2683.58 2186.86
633.57 920.15 1113.26 2603.07 2121.79 1763.35
251.89 331.35 445.84 642.54 687.76 487.38
592.82 812.42 1026.33 1518.52 1738.11 1545.02
785.27 1095.64 1424.49 2151.0 2459.59 2087.8
903.27 1282.53 1708.81 2582.11 2930.04 2402.71
452.68 618.88 777.16 1131.82 1333.63 1173.37
201.58 423.27 220.15 4920.56 1259.33 579.53
809.61 1144.82 1461.61 2193.93 2583.57 2258.79
727.82 1034.76 1319.24 2210.43 2336.88 2002.96
824.61 1185.85 1658.23 2969.86 2287.09 1541.02
661.53 957.54 1187.79 2230.77 2230.4 1886.32
365.63 498.1 636.79 935.11 1087.89 895.31
662.64 941.56 1306.32 2082.02 1667.57 1055.74
391.21 532.1 729.63 1076.2 1194.0 866.02
879.83 1228.69 1570.27 2360.98 2695.15 2381.23
571.21 904.84 883.53 3935.28 1945.83 1412.34
311.25 470.34 476.73 2444.33 1090.03 793.03
583.62 850.08 1021.2 3070.65 2033.81 1643.16
640.54 998.38 1062.1 3612.33 2174.28 1630.96
252.79 340.44 393.39 871.32 709.29 592.32
749.35 1044.33 1321.04 2107.67 2291.49 2015.0
749.8 1073.75 1363.71 2067.33 2475.37 2139.01
355.34 469.11 579.94 834.96 948.73 848.69
588.55 877.2 1043.32 2963.42 2152.02 1701.35
881.95 1265.57 1694.16 2622.0 2682.01 2076.62
421.68 675.78 734.18 3369.69 1826.49 1293.6
557.3 802.98 964.86 2843.98 1906.95 1544.46
383.96 528.52 720.01 1104.23 1263.49 915.85
630.29 924.25 1104.1 2832.76 2149.78 1763.38
933.29 1347.72 1902.63 2908.7 3176.42 2296.19
454.58 620.58 810.34 1196.73 1335.51 1093.82
804.84 1137.52 1407.46 2593.85 2489.28 2152.19
382.95 636.12 595.13 3968.56 1567.66 1070.03
191.02 236.57 292.76 412.49 358.9 282.6
248.11 383.62 399.13 2332.22 1047.6 704.23
320.82 531.83 536.46 3685.45 1543.17 1003.34
304.29 562.09 342.83 4859.88 1252.71 601.62
547.2 842.31 1031.66 3335.48 1986.03 1417.54
381.33 638.87 595.41 4194.12 1669.52 1060.34
65.81 188.69 68.71 4279.87 870.6 338.82
893.67 1262.37 1674.03 2528.87 2812.79 2320.99
607.07 846.02 1073.6 1583.51 1873.67 1643.25
530.96 802.88 958.03 2623.57 1843.52 1386.6
731.92 1039.39 1288.73 2828.26 2375.12 2015.16
867.12 1233.01 1749.02 2650.6 2646.2 1898.98
406.39 632.54 731.86 3494.27 1712.28 1194.26
805.33 1138.72 1464.91 2183.47 2568.08 2222.11
406.18 630.99 713.77 3229.97 1681.19 1239.79
817.2 1137.05 1451.74 2172.74 2482.02 2192.31
209.24 428.84 293.32 4948.68 1295.28 612.51
289.19 378.34 463.25 653.5 761.75 675.78
666.06 932.88 1186.86 1758.01 2080.23 1822.7
638.82 907.55 1200.11 1811.61 2113.28 1691.86
274.92 458.36 453.61 3871.08 1397.49 888.48
530.58 805.69 916.57 3387.18 2019.97 1525.15
358.31 480.03 595.96 855.72 1003.53 886.15
102.37 103.55 104.61 107.17 108.66 107.44
634.7 917.27 1135.64 2147.76 2131.99 1802.01
295.96 390.44 513.19 737.45 765.52 595.8
317.95 572.01 494.96 3712.16 1410.86 877.68
760.23 1054.42 1341.0 2000.39 2294.57 2035.89
900.84 1282.98 1828.4 2774.72 2752.72 1957.02
743.13 1069.58 1374.91 2970.91 2410.57 1883.73
959.88 1392.03 2035.17 3147.42 3132.57 2062.58
584.14 831.85 1061.85 1711.57 1877.42 1579.59
308.38 411.7 545.41 830.65 686.53 463.84
868.58 1252.8 1809.23 2753.83 2689.86 1863.9
878.41 1286.95 1809.04 2912.85 2253.08 1486.64
891.79 1282.33 1815.24 2763.16 2810.57 2043.62
492.67 700.12 840.9 2029.25 1595.91 1314.81
834.77 1205.08 1686.16 2563.95 2844.8 2086.13
747.6 1070.41 1359.34 2058.75 2467.24 2132.48
535.22 752.17 946.34 1416.38 1690.91 1465.93
434.29 660.88 746.87 3467.12 1708.21 1270.77
205.39 259.79 306.6 474.28 495.55 429.38
258.48 333.17 404.3 563.67 654.36 582.34
850.9 1214.64 1577.33 2640.49 2625.93 2178.53
709.83 1033.71 1420.52 2120.46 2284.52 1764.73
662.96 975.98 1135.65 2990.46 2196.72 1775.25
896.28 1288.17 1773.61 2737.65 2786.83 2016.25
424.43 586.15 730.9 1081.28 1285.93 1118.22
771.58 1104.01 1439.15 2207.49 2500.18 2071.05
486.76 717.53 846.77 2215.54 1641.64 1290.37
154.9 305.48 207.81 4687.13 1133.14 564.34
580.05 845.69 1067.29 2652.37 2003.06 1538.53
813.93 1181.19 1677.29 2810.77 2627.35 1753.34
928.07 1379.47 2009.41 2979.76 2988.57 2111.98
393.6 623.96 738.47 4082.72 1683.21 1030.2
465.05 713.3 779.15 2710.25 1647.55 1275.24
905.18 1277.04 1727.47 2681.32 2858.41 2224.98
907.97 1291.88 1897.64 3059.53 2659.88 1683.08
822.89 1168.33 1514.66 2251.79 2610.13 2237.44
325.34 473.92 523.64 2201.7 1083.39 840.31
690.3 968.48 1233.41 1827.03 2164.82 1896.57
740.33 1094.85 1354.69 2972.24 2281.24 1702.39
379.63 511.65 622.43 1098.13 1063.87 927.22
739.95 1058.94 1345.82 2037.79 2437.98 2104.23
378.26 621.68 633.4 3838.89 1726.12 1149.22
336.37 454.19 559.65 814.92 964.02 841.83
353.18 683.41 360.82 5449.21 1366.95 649.25
760.4 1081.04 1365.58 2284.84 2455.54 2123.96
779.41 1100.94 1392.83 2557.48 2483.36 2115.37
505.19 810.81 941.16 4149.93 2033.64 1229.95
757.28 1050.15 1335.45 1991.88 2284.75 2027.23
443.4 677.64 772.64 3208.72 1778.74 1307.41
887.2 1241.26 1604.01 2406.71 2753.93 2382.18
542.65 869.9 839.81 3833.83 1896.48 1361.04
918.96 1320.27 1808.06 2747.13 3095.01 2411.67
855.5 1229.42 1720.13 2736.05 2844.99 2008.77
217.34 491.82 271.34 4892.18 1261.79 591.24
708.53 1014.58 1284.19 1996.22 2338.73 2015.28
604.65 852.06 1200.06 1825.43 1854.57 1307.44
553.91 823.41 993.74 2945.67 2038.61 1608.91
790.04 1137.75 1526.23 2367.93 2778.49 2171.89
842.33 1183.6 1494.55 2475.47 2621.72 2294.47
610.17 869.46 1029.08 2367.19 1875.52 1571.0
714.68 1027.91 1368.18 2576.27 2511.11 1916.12
667.6 961.87 1193.44 2668.24 2268.8 1893.98
766.85 1106.88 1433.27 2395.31 2631.05 2126.07
816.34 1154.34 1482.81 2213.81 2608.09 2260.94
322.75 433.78 533.16 773.73 914.23 799.09
779.6 1103.03 1422.62 2112.8 2464.86 2126.62
317.87 426.47 523.67 758.97 896.4 783.78
151.58 304.65 218.98 4046.22 1128.52 543.01
299.6 399.1 488.15 703.72 829.63 726.45
406.72 543.38 676.52 982.84 1119.51 999.33
822.57 1174.9 1468.17 2813.24 2546.36 2108.53
876.84 1224.37 1561.71 2364.83 2686.0 2375.36
673.5 977.66 1301.24 2628.16 2354.78 1725.75
489.23 664.56 830.81 1269.69 1402.57 1243.15
632.56 962.75 1083.82 2825.85 2191.82 1766.9
905.07 1318.85 1852.0 2973.59 2295.28 1532.24
648.18 1025.78 1299.33 4114.71 2109.02 1202.83
179.04 218.44 253.7 339.06 388.92 348.06
477.84 743.9 841.93 3146.67 1937.6 1438.39
593.6 839.65 1059.87 1592.96 1904.31 1649.16
931.35 1339.09 1927.92 2932.73 3471.53 2409.24
544.19 797.47 1037.95 2052.67 1769.64 1337.1
366.02 585.19 606.32 3791.17 1618.37 1088.54
432.16 597.72 745.91 1104.64 1314.15 1142.46
258.76 450.29 410.03 3945.37 1228.44 785.99
907.91 1293.69 1738.15 2630.89 2978.81 2405.36
634.13 900.37 1138.67 1715.53 2052.45 1776.34
849.58 1193.84 1520.76 2450.79 2648.62 2304.97
879.93 1257.95 1703.12 2538.64 2730.42 2210.27
250.2 455.04 400.48 3830.13 1412.71 819.75
838.96 1170.73 1494.32 2297.28 2576.49 2265.74
798.85 1132.99 1448.74 2281.08 2549.1 2195.48
743.98 1030.93 1310.45 1953.61 2240.56 1988.24
874.55 1290.99 1834.8 2868.78 3191.9 2286.5
233.19 292.54 350.35 483.37 542.71 490.53
793.89 1144.08 1554.45 2368.47 2554.3 1983.82
178.3 213.19 247.17 325.37 360.26 329.58
833.97 1183.15 1551.01 2319.77 2718.23 2271.21
299.16 445.85 490.6 2073.09 1126.8 823.85
676.82 990.7 1260.77 2523.08 2277.09 1766.83
298.32 391.78 480.79 680.22 793.71 703.59
903.48 1310.85 1974.71 3029.52 2747.74 1702.54
553.17 779.06 981.24 1470.67 1756.51 1522.26
716.16 1032.96 1299.08 2200.37 2409.06 2052.76
665.06 959.21 1170.02 2975.11 2187.6 1816.25
875.57 1228.48 1580.32 2422.06 2698.01 2349.95
423.95 635.69 828.74 2485.02 1587.48 1028.31
587.1 898.33 1142.87 3665.17 2042.0 1268.52
939.07 1347.59 1829.46 2871.61 2761.25 2045.79
740.78 1045.45 1345.29 2011.71 2299.56 1979.73
714.51 1062.13 1586.94 2337.62 2234.47 1474.36
756.63 1066.07 1360.77 2021.08 2396.83 2098.44
563.34 874.13 941.83 3537.84 2011.78 1547.8
761.66 1110.18 1576.53 2547.04 1830.49 1134.72
410.9 661.11 694.08 3742.09 1789.09 1229.78
847.62 1213.53 1666.73 2602.92 2469.1 1839.74
393.06 610.66 665.58 3484.02 1647.43 1154.46
768.42 1089.07 1521.87 2380.79 2693.35 1962.14
836.47 1186.83 1545.21 2337.56 2576.1 2153.37
716.96 991.86 1259.65 1875.82 2150.72 1909.0
526.97 817.85 853.02 3464.02 1863.89 1370.22
703.05 1074.53 1505.08 3584.56 2318.78 1335.12
554.5 781.06 983.83 1474.7 1761.39 1526.44
861.69 1233.21 1745.0 2643.94 3129.49 2244.11
236.6 300.97 362.28 499.65 577.82 515.74
639.35 951.22 1308.57 3519.51 2114.05 1323.88
738.13 1040.21 1325.26 2007.87 2338.75 2044.4
246.89 427.26 402.71 3855.72 1320.97 750.55
685.7 1031.51 1129.21 3601.75 2233.82 1728.62
841.04 1218.79 1713.25 2533.66 2499.51 1845.91
623.57 901.61 1094.81 2992.91 2126.77 1745.03
528.12 741.51 932.52 1394.88 1664.93 1443.62
577.62 862.52 1004.02 3247.67 2110.73 1641.25
608.07 834.46 1054.99 1562.42 1788.8 1589.74
817.34 1157.5 1489.05 2227.69 2576.4 2227.98
419.95 657.49 706.5 3668.14 1676.89 1212.65
700.29 1004.16 1224.93 2934.04 2287.25 1918.2
339.9 616.66 545.65 4108.8 1497.02 889.45
99.96 235.6 104.89 4864.13 1014.88 426.19
698.68 968.16 1240.19 1849.05 2109.29 1839.84
530.47 806.43 982.31 3489.93 1717.26 1083.07
866.4 1208.74 1547.19 2317.06 2662.31 2343.41
271.44 352.23 429.17 601.57 699.68 621.77
263.35 340.33 413.65 577.92 671.39 597.16
865.1 1249.9 1763.68 2892.14 2753.05 1972.6
431.52 691.31 720.29 3639.09 1768.28 1281.19
95.59 294.57 152.18 4203.7 1142.36 486.77
800.27 1152.12 1506.2 2323.19 2548.37 2065.89
950.03 1394.95 2004.48 3073.71 3421.5 2429.4
598.82 925.19 981.8 3354.96 2053.47 1572.05
417.29 566.82 709.22 1028.29 1209.86 1065.67
422.43 583.15 727.0 1075.22 1278.6 1111.93
899.14 1266.86 1667.91 2532.81 2750.43 2261.42
523.42 787.32 892.44 3064.36 1865.77 1460.93
424.96 718.91 571.51 4761.48 1552.19 936.73
232.2 442.83 398.1 3536.98 1342.38 796.41
320.32 430.15 528.44 766.39 905.37 791.48
584.69 837.5 1149.18 1816.31 1493.78 1044.47
470.77 762.87 988.76 3967.82 1855.98 1027.89
892.08 1255.74 1640.2 2449.41 2724.01 2327.62
544.79 785.15 955.32 2477.72 1863.31 1527.92
897.24 1284.53 1864.67 2851.48 2744.82 1851.52
396.18 543.58 743.58 1104.22 1118.8 819.42
830.29 1158.56 1472.34 2275.07 2540.32 2243.62
470.8 739.16 893.58 3828.86 1697.06 958.64
339.33 510.82 540.77 2374.31 1196.84 894.29
361.57 485.61 607.93 875.48 1020.62 887.94
726.48 1022.13 1308.14 1942.0 2297.78 1998.81
291.36 386.75 472.13 678.8 799.5 700.58
568.9 868.32 900.13 3762.99 1907.91 1412.0
731.5 1058.43 1283.54 2694.94 2379.39 1995.9
730.33 1046.46 1274.96 2625.5 2320.79 1978.37
735.17 1069.74 1390.62 3181.93 2341.6 1723.85
885.34 1268.0 1826.01 2776.35 2729.34 1896.07
910.19 1299.48 1758.28 2615.27 2769.81 2225.59
753.15 1078.38 1374.98 2086.67 2479.53 2129.93
841.0 1219.22 1762.75 3385.73 2872.78 1769.82
164.09 194.29 223.05 287.5 324.17 295.05
466.05 648.52 811.83 1207.17 1438.07 1248.84
874.66 1272.5 1758.6 2611.36 2805.44 2185.32
653.85 900.63 1141.04 1694.18 1940.96 1723.96
905.81 1294.17 1750.43 2604.71 2739.24 2199.66
971.03 1445.44 2137.29 3294.52 3642.25 2441.38
253.14 325.59 405.43 567.84 626.81 531.45
470.91 711.4 836.58 3057.8 1777.53 1309.04
492.04 687.46 862.37 1285.78 1533.06 1330.41
714.14 1034.6 1285.37 2645.78 2402.52 1987.71
810.96 1154.29 1480.63 2324.9 2586.74 2192.81
896.87 1293.84 1914.08 3279.3 3006.75 1793.78
848.06 1187.48 1504.18 2416.05 2613.51 2300.32
787.23 1111.09 1419.52 2110.6 2503.86 2191.57
904.07 1275.67 1783.64 2808.78 2682.59 1957.65
663.95 915.24 1160.03 1723.27 1974.55 1753.59
389.4 603.74 647.1 3931.68 1637.89 1153.96
887.08 1249.58 1635.99 2487.68 2771.38 2333.62
339.59 459.02 565.91 824.67 975.79 851.94
741.81 1054.99 1308.08 2738.06 2404.74 2038.24
551.74 809.31 898.58 2839.13 1756.61 1385.44
879.55 1288.84 1813.0 2920.38 2251.1 1480.83
665.52 980.82 1190.04 2488.38 2285.52 1902.68
907.19 1333.0 1903.73 2812.32 2747.53 1959.99
586.17 815.27 1033.47 1522.36 1800.56 1579.64
380.7 520.62 645.86 949.02 1126.08 980.98
815.11 1155.51 1486.33 2276.63 2571.19 2201.28
354.93 566.93 611.04 3327.84 1591.17 1092.01
887.86 1269.68 1712.11 2669.47 2536.91 1897.94
736.43 1053.66 1337.61 2024.95 2426.39 2097.4
859.67 1219.21 1679.63 2615.26 2626.37 1981.59
301.15 390.78 478.1 678.99 768.62 689.81
881.06 1229.14 1568.45 2349.03 2696.76 2389.77
343.74 554.42 558.3 3880.6 1406.79 983.3
674.04 960.17 1216.28 1836.24 2198.32 1901.59
928.09 1353.05 1962.15 3020.36 3130.17 2133.46
602.04 911.69 1161.73 3484.17 2372.72 1595.63
692.15 987.76 1257.51 1900.92 2268.4 1947.79
459.3 787.87 629.11 4544.41 1663.55 1047.94
935.7 1367.21 2061.18 3347.96 3776.7 2349.32
436.32 646.18 739.82 2243.13 1524.76 1200.05
819.49 1161.11 1508.7 2252.26 2605.19 2222.61
941.3 1370.61 2052.95 3316.58 3744.02 2368.75
656.3 953.42 1193.34 3214.36 2284.26 1781.01
280.06 369.81 450.14 644.6 758.18 665.1
791.42 1137.21 1498.6 2283.98 2607.33 2121.29
852.56 1226.51 1648.99 2589.89 2477.93 1844.15
826.07 1158.44 1470.35 2388.66 2528.11 2202.58
291.2 435.87 403.85 2136.07 883.89 614.34
806.98 1166.8 1571.87 2400.7 2703.56 2120.1
725.23 1044.47 1307.82 2435.04 2416.34 2051.65
632.52 995.69 1113.36 4063.71 2361.18 1534.97
902.19 1323.74 1881.28 3043.15 2232.23 1406.12
515.83 714.29 869.3 1626.07 1515.05 1309.01
682.51 957.02 1218.45 1804.23 2137.56 1872.86
548.12 759.29 960.41 1411.04 1667.47 1463.84
490.08 742.64 825.87 3615.71 1811.81 1369.42
522.18 769.61 840.28 2831.8 1666.74 1296.65
612.32 913.2 1124.14 2795.53 2205.14 1697.15
145.29 166.91 198.0 251.71 249.83 204.26
394.13 723.72 464.36 5100.04 1481.41 803.11
829.17 1174.85 1535.84 2320.59 2662.21 2226.16
679.21 969.68 1242.97 1890.91 2158.35 1827.97
698.03 966.64 1233.98 1838.36 2103.83 1848.25
305.73 525.74 462.02 3881.28 1370.98 876.52
635.75 947.55 1177.34 3059.45 2047.26 1462.57
156.13 184.1 209.14 269.76 305.16 276.15
253.98 440.54 387.4 3141.12 1227.17 762.32
165.02 303.64 236.1 4021.82 1066.66 561.64
224.07 429.44 296.28 3435.47 1055.62 601.4
744.45 1031.6 1311.33 1954.95 2242.1 1989.61
377.88 708.13 423.85 5247.82 1433.22 736.66
303.26 404.57 495.26 714.78 842.98 737.92
694.49 1017.53 1365.77 3077.91 2536.82 1818.76
669.57 943.91 1344.37 2136.88 1956.61 1324.37
807.78 1148.2 1476.77 2740.94 2535.96 2077.08
703.48 1026.72 1304.92 3141.97 2153.27 1640.95
794.51 1133.1 1488.34 2803.96 2647.25 2098.0
188.2 232.16 271.51 366.77 422.4 376.81
694.58 1007.94 1251.18 2308.59 2343.69 1984.57
644.66 901.32 1145.77 1693.48 2005.15 1757.65
739.39 1050.54 1326.78 2269.07 2388.43 2061.72
548.14 771.52 971.46 1455.46 1738.13 1506.47
669.68 963.66 1170.85 2950.83 2188.91 1836.69
573.94 857.94 1023.51 2787.03 2098.52 1670.92
806.87 1153.31 1565.14 2452.62 2174.81 1642.0
324.28 655.48 285.6 5721.79 1283.86 536.43
521.67 804.58 900.94 3744.21 1936.4 1367.31
845.41 1210.72 1609.72 2419.45 2815.75 2304.26
946.31 1372.29 2033.95 3125.88 2963.09 1932.82
897.61 1288.56 1878.9 2863.2 3377.09 2278.66
481.06 671.0 841.01 1252.56 1492.92 1295.94
573.54 796.7 1009.22 1485.42 1756.4 1541.21
502.2 716.43 900.3 1844.2 1583.5 1250.14
740.14 1061.41 1313.74 2687.23 2416.94 2047.94
517.51 815.13 979.79 3382.19 1761.32 1095.63
881.61 1284.16 1935.15 2973.07 2710.81 1671.63
452.74 628.57 785.95 1166.91 1389.41 1207.06
735.55 1035.05 1320.29 1959.4 2323.08 2034.28
810.72 1148.62 1475.41 2253.67 2586.57 2230.21
753.4 1061.0 1402.15 2085.25 2292.35 1920.55
716.42 1027.03 1283.73 2508.16 2354.24 2009.53
165.32 197.88 227.02 297.57 338.77 305.01
815.19 1152.61 1479.82 2203.89 2598.1 2258.67
593.96 826.74 1048.43 1545.16 1827.82 1603.35
300.3 505.9 496.89 3762.89 1498.57 948.98
249.94 324.68 391.58 553.51 648.09 570.58
670.52 924.73 1172.37 1742.16 1996.37 1772.84
628.88 976.5 1262.45 3798.0 2264.22 1314.44
659.26 954.62 1173.33 2490.52 2168.29 1798.71
329.76 529.41 558.69 3662.73 1521.97 1032.93
674.16 960.36 1216.52 1836.62 2198.78 1901.98
650.09 970.73 1063.45 3570.01 2116.86 1654.17
922.54 1313.99 1780.82 2796.12 2552.87 1875.37
175.01 212.4 245.87 326.88 374.2 335.42
678.08 935.66 1186.58 1763.92 2021.5 1795.01
112.23 121.28 124.54 227.22 163.63 145.71
211.15 266.56 316.15 436.19 506.3 448.84
607.06 877.63 1226.96 1807.29 1799.31 1310.73
589.4 873.71 1025.5 3250.62 2093.21 1641.76
202.6 336.61 335.13 2485.11 919.76 464.07
465.01 646.95 809.79 1204.0 1434.23 1245.55
265.88 387.57 420.35 2107.94 973.74 709.85
697.87 964.27 1223.78 1820.89 2087.29 1853.04
808.09 1137.46 1430.98 2555.98 2521.05 2199.1
894.77 1332.43 1926.32 2870.86 2912.03 2074.58
766.22 1101.66 1423.38 2149.08 2509.08 2119.08
726.64 1046.06 1278.51 2461.68 2336.01 1980.02
561.84 779.48 986.76 1451.19 1715.47 1505.6
698.88 1004.8 1323.16 2007.35 2353.37 1916.01
450.07 749.98 625.53 4095.59 1563.48 1018.13
566.37 847.85 1019.43 2958.38 2070.54 1620.88
637.95 953.86 1298.94 3612.95 2511.28 1617.01
494.93 670.91 842.33 1236.76 1412.74 1258.0
733.96 1059.94 1340.69 2202.48 2443.86 2077.56
803.9 1140.34 1444.84 2705.75 2532.47 2132.86
815.56 1154.77 1482.78 2213.25 2603.35 2263.02
861.91 1201.4 1532.12 2293.05 2632.54 2334.02
613.38 869.28 1098.32 1652.77 1976.6 1711.22
744.79 1048.64 1338.02 1986.43 2355.39 2062.39
625.09 886.83 1121.1 1688.2 2019.41 1747.98
812.62 1169.51 1579.7 2407.57 2632.24 2070.74
760.21 1079.93 1378.04 2257.72 2401.89 2039.92
238.12 466.65 293.02 4786.95 1337.65 677.28
684.59 972.16 1328.52 1958.18 2020.9 1574.61
881.14 1283.41 1933.12 2969.85 2709.98 1673.3
567.86 839.18 1011.56 2843.93 2067.13 1660.48
745.51 1063.99 1340.71 2339.1 2441.81 2092.58
539.8 773.22 937.57 2140.02 1758.49 1463.31
307.16 552.18 448.74 4495.45 1467.03 810.81
495.88 692.72 968.97 1447.12 1438.83 1036.72
148.45 172.6 194.21 246.54 277.09 252.05
571.65 813.06 1117.64 1764.21 1572.25 1056.07
611.54 934.65 1226.68 3753.02 2396.41 1479.35
337.94 450.07 556.86 796.14 932.3 824.17
269.67 354.25 429.95 613.2 720.22 632.51
683.36 1025.54 1111.92 3553.87 2193.68 1730.46
505.23 802.7 1030.44 3850.24 2257.76 1272.6
908.89 1287.19 1721.56 2632.05 2779.66 2192.37
740.5 1058.08 1347.67 2540.11 2430.34 2033.88
882.74 1232.43 1578.09 2364.44 2712.23 2387.81
930.5 1330.09 1790.87 2794.34 2751.62 2096.59
751.02 1059.36 1376.83 2070.1 2385.94 2011.63
830.19 1176.71 1524.82 2297.01 2580.89 2184.57
122.93 257.36 135.08 2976.34 818.45 379.83
736.99 1048.18 1297.35 2758.82 2350.43 2012.93
362.46 603.95 620.58 3604.83 1709.34 1140.93
695.83 961.32 1219.95 1815.01 2080.51 1847.06
318.34 415.63 510.4 728.45 825.74 740.2
832.05 1219.98 1745.67 2573.43 2494.26 1763.73
333.42 567.51 550.04 3971.87 1639.61 1038.55
588.12 910.57 1133.55 3893.91 2109.64 1294.68
644.66 925.11 1135.28 2316.46 2114.92 1780.49
480.9 651.94 825.24 1212.32 1367.44 1199.3
651.51 922.85 1189.23 2012.47 2058.38 1664.04
89.06 239.0 89.41 4563.67 1039.24 389.14
722.31 1015.58 1294.88 1920.68 2276.79 1994.0
359.62 482.22 581.78 1024.25 982.03 856.43
830.72 1187.92 1590.87 2517.27 2659.18 2124.83
106.91 320.37 98.19 4894.59 1209.49 478.4
840.96 1191.07 1595.2 2443.19 2613.4 2097.2
431.22 578.8 722.57 1053.36 1200.95 1071.18
576.55 850.47 1015.84 2977.22 2008.17 1631.92
628.34 984.81 1289.76 3687.66 2143.14 1347.07
575.76 814.7 1178.46 1785.23 1714.22 1153.52
718.15 1030.33 1263.2 2846.49 2359.36 1976.48
827.06 1172.64 1529.1 2285.99 2633.16 2233.65
700.64 984.93 1252.91 1887.03 2206.1 1929.4
140.04 163.29 177.28 324.57 265.77 230.45
253.57 474.06 340.16 4557.1 1317.0 715.44
808.96 1144.26 1463.14 2204.67 2585.94 2252.66
294.69 522.4 519.02 4220.13 1506.31 827.47
781.7 1104.4 1424.25 2123.14 2485.84 2139.37
312.22 593.59 446.81 4478.45 1470.87 882.01
503.86 796.17 956.98 3312.01 1846.67 1257.53
850.77 1240.87 1738.01 2734.63 2684.9 2016.6
913.5 1317.23 1879.5 2867.97 3403.64 2393.36
169.96 340.69 243.57 4297.98 1212.97 599.32
736.49 1071.85 1407.96 3222.2 2471.01 1753.64
892.93 1257.8 1645.75 2457.2 2726.16 2322.82
860.08 1223.95 1642.05 2466.62 2924.06 2334.43
950.69 1367.44 2027.6 3308.63 3164.07 1914.39
351.66 477.34 589.41 866.84 1021.28 890.28
384.19 511.22 635.89 921.99 1041.19 926.64
888.17 1283.12 1784.9 2713.39 3027.8 2254.03
518.87 731.71 915.02 1853.14 1670.31 1389.16
625.15 904.33 1113.33 2148.05 2099.87 1764.52
231.11 436.76 357.2 4264.94 1360.14 750.1
264.4 437.01 389.19 3015.5 1120.57 711.55
581.89 822.09 1037.08 1557.52 1861.48 1612.38
361.23 594.23 574.7 3654.5 1509.03 1034.36
565.39 817.3 985.27 2036.83 1853.04 1542.78
888.34 1255.72 1700.79 2570.52 2712.89 2165.54
826.78 1152.17 1467.0 2217.09 2523.05 2229.97
599.12 888.84 1072.2 2683.93 2152.5 1737.99
208.34 389.73 319.57 4109.89 1298.69 705.43
921.42 1309.43 1791.77 2730.54 2905.61 2242.9
894.18 1265.38 1805.01 2743.82 2674.91 1897.42
573.61 848.08 1012.8 2972.24 2079.87 1648.04
680.51 966.19 1237.46 2072.05 2194.72 1837.7
486.79 717.59 912.63 2398.86 1605.72 1109.09
562.1 838.56 1017.51 2898.57 1998.26 1574.77
381.26 510.64 664.03 991.36 1060.34 851.53
639.71 903.48 1139.09 1873.05 2037.46 1761.3
528.32 793.0 916.73 3259.5 1929.74 1504.17
569.29 832.83 986.81 2789.91 1979.49 1582.36
542.43 836.98 867.83 3636.77 1877.55 1377.77
960.79 1371.73 2053.37 3143.21 2858.68 1784.5
600.5 841.36 1057.07 1649.77 1862.11 1623.1
467.1 662.12 814.41 1630.17 1523.05 1281.22
959.88 1390.09 1923.15 3059.25 2784.63 1922.44
857.97 1195.7 1524.71 2281.7 2619.44 2322.47
779.33 1109.21 1420.74 2352.38 2518.89 2133.14
365.92 590.68 589.92 3495.55 1490.28 994.35
301.95 521.07 454.34 3896.74 1361.57 865.76
877.09 1224.38 1563.19 2353.67 2689.53 2377.8
838.84 1231.13 1661.69 3343.32 2615.48 1699.51
556.14 838.87 992.13 2835.76 2092.5 1640.25
215.28 436.64 272.26 4461.23 1194.97 633.95
421.94 679.53 755.16 3943.16 1699.39 1013.3
926.59 1332.52 1859.79 2836.9 3114.91 2308.2
148.0 331.0 141.01 4540.44 977.06 425.73
730.24 1029.99 1420.73 2136.29 2218.35 1681.5
530.63 745.28 937.4 1402.48 1674.11 1451.51
886.19 1268.65 1786.31 2815.02 2466.37 1721.12
430.05 707.86 603.0 4392.51 1557.28 976.89
896.16 1285.58 1746.84 2741.95 2443.65 1849.84
807.23 1171.61 1573.55 2359.2 2592.73 2066.17
845.61 1185.83 1501.77 2456.31 2622.85 2300.15
257.07 531.99 338.1 4685.02 1352.09 735.79
856.54 1230.32 1735.55 2630.87 2669.1 1951.84
803.35 1140.27 1508.16 2265.72 2565.29 2107.79
293.4 522.65 431.4 4228.14 1421.79 847.04
341.55 547.63 580.06 3487.41 1552.8 1043.02
546.15 801.22 1006.86 2720.34 1801.83 1388.24
969.09 1446.22 2146.62 3310.2 3661.84 2434.97
652.1 966.87 1199.36 2815.06 2167.34 1696.82
857.18 1237.58 1712.32 2630.08 2815.86 2091.58
784.89 1107.64 1415.03 2103.76 2495.67 2184.45
885.57 1250.26 1675.06 2538.5 2761.32 2226.42
388.33 609.35 654.05 2384.96 1253.05 774.53
943.69 1369.43 2031.15 3122.49 2959.25 1925.77
960.07 1385.19 1942.96 3127.52 2486.45 1552.76
838.9 1190.4 1576.06 2401.59 2703.25 2199.78
612.42 867.85 1096.47 1649.88 1973.1 1708.22
531.52 739.58 929.37 1499.25 1640.42 1423.92
735.02 1051.75 1337.47 2024.97 2422.92 2088.4
823.95 1151.62 1526.6 2334.49 2471.93 2031.64
127.31 141.07 151.75 195.01 197.56 183.11
520.41 707.74 890.23 1310.1 1497.43 1332.71
700.85 1034.49 1377.55 3251.66 2087.21 1350.93
709.59 1042.7 1377.8 3054.36 2650.39 1925.68
529.9 742.18 996.08 1484.36 1674.12 1307.64
736.51 1054.56 1342.36 2054.4 2425.61 2083.44
311.51 509.31 523.4 3570.36 1486.45 964.83
286.09 378.85 461.88 662.85 780.24 684.04
507.71 706.59 955.06 1476.07 1487.84 1123.42
733.76 1054.96 1332.03 2137.44 2444.01 2098.03
160.31 187.19 213.36 273.6 300.47 276.84
808.55 1143.44 1460.37 2202.78 2583.62 2258.03
915.13 1301.12 1797.38 2802.53 3180.44 2392.46
717.71 1031.67 1303.32 2176.45 2398.21 2049.46
807.3 1141.75 1458.95 2200.25 2580.94 2253.37
889.22 1254.26 1755.38 2767.37 2633.59 1914.86
584.68 834.24 1015.75 2664.12 1934.2 1593.53
774.21 1098.98 1393.88 2286.34 2495.5 2163.22
527.6 718.13 903.74 1330.79 1521.33 1353.79
742.67 1088.48 1487.17 2896.35 2823.26 2006.22
899.38 1329.24 1903.05 2925.11 3294.65 2339.06
872.81 1265.33 1835.04 3395.52 2942.86 1788.96
667.51 942.43 1192.06 2254.57 2057.84 1708.06
273.83 355.75 433.77 608.58 708.05 629.06
511.57 805.33 850.21 3503.19 1857.31 1385.63
660.86 942.86 1305.86 1972.04 2190.29 1622.99
571.52 862.78 1039.69 3203.53 2027.3 1466.51
616.59 860.03 1091.88 1611.36 1906.97 1672.22
386.54 521.57 650.17 938.31 1102.27 972.07
565.01 798.14 1079.87 1628.96 1741.28 1345.43
122.64 132.73 142.56 165.17 175.26 166.39
176.99 372.83 196.75 4532.53 1110.19 507.65
349.71 460.98 569.37 818.77 930.04 832.2
906.16 1348.59 1989.51 2949.06 2883.22 1981.77
798.78 1133.36 1653.97 2513.56 2378.98 1580.95
265.5 412.48 335.74 2156.97 787.81 513.98
754.28 1090.21 1408.06 2389.29 2484.2 2008.33
641.73 897.02 1140.15 1684.91 1994.91 1748.74
789.09 1150.13 1647.68 2583.7 2671.11 1842.71
902.09 1295.57 1908.7 2913.08 2760.68 1809.47
771.14 1095.15 1364.92 2685.11 2473.62 2109.25
838.1 1166.98 1487.35 2224.5 2553.39 2264.2
647.3 946.67 1234.08 2801.05 2199.28 1623.47
410.94 561.25 724.56 1059.06 1215.07 1007.07
444.14 728.06 885.09 3544.11 1877.78 1167.81
899.65 1296.9 1905.4 2913.38 2738.92 1819.69
880.75 1263.18 1759.79 2673.61 2782.94 2092.01
852.27 1268.19 1789.99 2956.82 2617.86 1808.76
809.03 1206.28 1603.3 3150.05 2186.61 1467.49
206.03 406.44 311.99 4293.78 1309.71 690.68
109.68 114.5 118.82 129.27 135.37 130.37
902.02 1367.89 2026.28 3312.46 2961.28 1943.31
705.62 1006.82 1316.15 2021.16 2309.52 1882.93
744.4 1066.1 1365.18 2068.55 2446.08 2088.64
249.38 319.77 386.82 537.04 622.51 554.63
638.87 900.22 1228.94 1892.12 1938.09 1476.92
680.64 994.01 1250.4 2532.98 2303.64 1866.74
106.59 231.88 114.23 3772.7 719.05 324.47
705.46 1029.91 1382.44 3332.95 2677.74 1886.56
360.99 512.43 559.03 1749.59 1064.34 840.84
728.74 1039.48 1515.56 2824.53 2132.51 1281.66
494.43 781.64 761.2 3894.09 1750.47 1219.51
270.59 376.21 426.43 1168.24 822.97 666.04
734.61 1039.51 1392.3 2067.15 2236.96 1832.68
938.17 1353.93 1957.29 2988.98 3543.6 2431.59
612.19 853.56 1083.43 1598.5 1891.59 1658.84
803.37 1137.15 1448.22 2216.83 2565.88 2238.64
743.93 1060.11 1338.11 2415.06 2439.53 2091.39
725.92 1042.96 1317.41 2168.84 2421.95 2076.61
415.52 757.14 566.02 4230.16 1666.61 1077.38
212.53 265.56 316.06 429.23 493.62 442.48
962.0 1398.0 2014.0 3173.0 2939.0 1816.0
69.0 191.5 59.0 4653.5 930.0 346.0
134.0 394.5 95.5 5146.0 1087.0 409.5
969.0 1403.0 2079.0 3181.0 3518.0 2279.0
155.0 368.0 123.0 5163.0 1156.0 447.0
89.8 263.8 87.2 4769.8 1060.5 381.0
971.0 1390.0 2115.5 3245.0 2879.5 1707.0
122.0 299.0 89.0 4632.0 914.0 354.0
72.0 203.8 71.8 4231.5 957.5 341.5
907.5 1325.5 2047.5 3151.5 2757.0 1579.5
948.0 1357.0 1978.0 3155.0 2462.0 1531.0
56.8 180.8 53.0 4412.8 873.5 325.0
119.5 322.5 80.5 4825.8 970.8 371.8
948.0 1376.0 2046.0 3146.0 2970.0 1921.0
911.0 1341.0 1922.0 3127.8 2196.5 1320.8
985.0 1493.5 2276.8 3372.5 3183.8 2033.8
76.2 218.5 55.5 4643.8 764.8 282.8
962.5 1390.0 1954.5 3151.5 2480.0 1527.0
959.5 1435.2 2145.2 3160.2 2832.8 1787.8
88.5 243.0 63.5 4918.0 903.5 321.0
978.0 1422.0 2105.0 3266.0 3199.0 2037.0
79.2 209.2 66.0 4931.0 970.2 374.0
222.2 574.0 104.8 5481.0 1198.8 463.2
992.0 1434.0 2127.0 3253.0 3849.0 2515.0
980.5 1432.2 2016.0 3245.2 2807.8 1800.2
966.0 1422.0 2112.0 3259.5 3477.0 2237.5
109.2 304.0 68.8 5231.2 1052.0 412.0
978.0 1434.0 2220.0 3640.0 4073.0 2397.0
81.5 229.5 75.0 4588.5 1023.0 369.5
937.0 1353.0 2081.0 3198.0 2826.0 1629.0
924.0 1316.0 1970.0 3207.0 2671.0 1584.0
102.5 315.2 89.5 4914.0 1200.8 467.0
980.0 1467.0 2194.0 3388.8 3736.5 2446.5
955.0 1376.0 2056.0 3368.0 3193.0 1885.0
977.5 1462.0 2197.0 3231.5 2940.0 1846.5
939.0 1381.8 2053.5 3176.2 3230.8 2074.0
265.0 540.0 222.0 5608.0 1151.0 427.0
83.0 265.0 84.5 4714.5 1156.5 420.5
245.0 494.0 207.0 5231.5 1090.0 397.0
304.0 635.0 236.5 5868.5 1229.5 464.5
138.0 335.0 114.0 4964.0 1063.0 407.0
53.8 244.8 74.8 4340.2 1057.2 381.2
750.0 1074.0 1364.0 2066.0 2476.0 2140.0
813.0 1149.0 1469.0 2186.0 2594.0 2270.0
881.0 1229.0 1568.0 2348.0 2696.0 2390.0
100.0 100.0 100.0 100.0 100.0 100.0
