635.81 950.41 1261.07 3462.99 2027.88 1263.08
273.12 549.89 242.16 5579.42 1166.46 439.8
472.08 759.55 894.75 4333.0 1661.99 896.1
465.62 672.6 707.77 2685.99 1764.46 1351.61
123.58 320.97 102.48 5149.85 1064.58 425.74
133.65 185.57 165.93 1332.08 502.43 312.49
65.22 209.01 81.03 3292.09 820.6 311.69
98.21 112.51 97.58 533.75 189.2 126.04
170.69 375.81 186.91 4858.23 1118.29 462.44
120.69 294.37 93.04 4112.55 849.56 337.43
123.52 245.46 108.67 3110.75 696.08 290.03
158.49 357.2 164.41 4902.59 1161.53 555.48
238.64 443.64 311.39 4308.48 1297.49 718.16
136.18 282.54 175.0 3467.08 1038.94 496.24
439.26 671.02 770.39 2766.71 1867.0 1395.79
186.69 327.35 158.01 2551.34 579.98 254.9
93.11 210.68 91.35 3255.29 748.99 289.87
96.82 130.91 97.1 964.51 297.93 160.04
224.29 414.62 360.14 3416.26 1392.59 845.59
377.41 617.28 591.38 3301.5 1231.14 663.5
807.52 1204.83 1550.89 3657.15 2199.73 1313.66
579.08 925.15 1269.42 4036.03 2150.16 1267.6
105.36 218.87 81.82 3089.93 654.73 281.8
96.28 110.99 95.08 646.96 199.7 129.55
308.57 627.01 259.62 5572.57 1223.98 498.06
81.84 133.97 80.24 1913.22 425.2 194.6
109.37 136.35 100.37 512.7 184.27 127.86
256.18 612.51 196.72 5375.52 1302.38 544.21
444.28 821.3 690.71 4722.28 1520.48 739.71
101.53 231.5 93.58 3041.62 772.65 324.26
444.61 651.51 736.71 2794.5 1789.1 1318.09
407.78 755.81 576.97 4471.05 1656.04 986.88
487.36 755.63 1036.59 3735.23 1854.73 959.74
426.24 642.19 708.43 2860.93 1816.9 1366.3
353.95 541.98 646.2 3039.73 1547.05 1015.82
246.81 489.15 352.41 4925.33 1347.53 603.55
500.53 755.28 963.63 3205.8 1471.77 843.74
174.96 335.47 314.19 4248.51 1118.41 496.54
229.06 444.17 195.43 4408.42 922.1 355.78
451.55 713.15 841.94 3237.45 1708.01 1001.77
87.1 164.24 75.88 2563.2 460.39 199.1
290.81 538.68 353.92 4673.43 1156.82 486.85
109.82 260.24 104.18 4571.71 916.09 372.36
126.36 228.47 111.03 2526.99 606.2 266.34
433.31 642.41 867.53 2411.3 1415.6 798.51
58.91 228.77 77.59 3870.79 951.23 350.07
377.03 599.63 650.4 3489.13 1694.42 1121.19
224.05 352.97 398.54 2609.02 942.25 464.05
288.9 563.25 276.57 5407.14 1215.61 517.58
194.0 402.9 243.39 4785.75 1186.87 511.83
334.52 516.33 521.68 3118.47 1577.06 1098.72
369.06 600.67 709.62 3764.69 1212.61 630.55
155.92 364.87 169.55 4639.33 1058.28 446.34
717.46 1083.03 1479.56 3386.52 1974.91 1164.07
473.45 768.67 946.65 4121.01 1774.04 916.13
500.21 700.6 786.28 2286.87 1870.21 1501.29
165.94 304.16 189.64 3113.99 798.91 356.34
121.51 224.0 118.13 2031.81 506.07 238.42
136.44 293.85 187.06 4273.95 1085.72 463.63
86.7 124.87 85.53 1427.57 338.1 169.26
629.35 962.79 1251.68 3750.78 2137.08 1237.04
98.45 119.26 95.08 748.88 208.21 129.76
98.47 110.71 97.93 471.18 176.33 122.29
321.88 505.82 509.48 3364.82 1405.75 1012.64
689.22 1026.43 1378.92 3195.98 2512.98 1693.69
118.75 268.66 181.01 4175.07 1056.27 417.68
402.52 630.01 680.23 3329.2 1765.52 1259.59
188.2 347.44 328.73 3856.72 1138.79 494.77
278.98 465.39 438.23 3392.69 1187.07 705.72
528.86 779.6 1061.41 2875.7 2141.2 1370.95
294.57 485.43 410.46 2796.93 839.95 415.48
369.41 547.95 730.1 2142.36 1381.98 838.25
459.77 667.39 723.21 2440.84 1543.22 1231.38
673.69 1016.89 1435.36 3272.1 2566.42 1586.19
432.59 678.31 687.56 3107.13 1762.6 1323.67
315.34 498.71 461.13 3335.13 1467.81 1015.6
401.29 645.0 561.09 3821.03 1544.62 1018.9
488.32 742.03 846.0 3394.06 1961.46 1398.84
660.45 945.33 1316.38 2438.96 2519.33 1754.13
648.53 1011.63 1226.99 4365.61 2574.34 1528.53
226.42 437.13 193.48 4320.23 905.28 350.55
190.14 410.18 254.78 4478.07 1366.33 703.43
597.13 948.42 1092.3 4532.12 2383.58 1380.9
194.35 325.46 271.41 2844.43 1020.81 605.18
205.2 288.79 336.3 1420.53 680.25 415.41
172.37 368.29 324.96 3636.24 1188.07 544.42
88.12 144.05 88.03 1853.15 463.87 202.48
99.23 235.17 109.32 4860.53 1010.15 407.71
180.23 336.51 270.96 4546.2 1169.25 580.06
318.02 541.43 468.87 3839.55 1434.94 955.35
115.15 272.9 84.85 3772.31 776.68 311.21
743.74 1108.24 1559.65 3833.38 2658.24 1517.08
818.49 1173.42 1657.08 3165.18 2463.16 1580.89
450.68 710.58 756.24 3603.14 1543.66 865.34
400.86 610.0 797.46 2727.52 1488.16 885.66
363.6 633.37 737.93 4295.34 1640.2 833.01
92.09 141.55 87.06 1938.28 431.13 204.26
665.98 965.05 1279.1 2873.26 2127.46 1492.21
343.83 556.87 605.39 3746.21 1643.86 1028.55
755.89 1110.74 1603.59 3723.33 2687.67 1541.49
103.93 316.96 92.78 4910.4 1204.84 470.22
590.53 837.84 1037.13 2391.56 2100.78 1683.08
101.68 244.77 92.94 3338.41 840.52 346.88
323.79 571.92 620.22 4247.75 1699.7 871.1
605.02 836.4 1032.9 1904.05 2153.05 1857.35
93.04 274.66 102.08 4636.11 1172.27 447.64
190.65 369.77 300.71 4451.1 986.28 443.46
309.85 445.47 564.54 1531.55 1073.99 628.96
471.02 651.43 762.63 2157.39 1816.07 1488.3
170.72 333.75 298.37 4494.29 1155.04 514.0
297.45 476.99 551.0 3110.61 1404.47 815.07
90.0 231.08 80.26 4479.24 788.69 320.44
644.88 969.7 1315.3 3749.21 2673.2 1693.2
213.06 412.05 224.08 2923.55 825.48 395.21
379.92 613.44 574.08 3834.81 1639.91 1120.12
64.9 210.01 80.86 3321.37 827.2 313.63
686.69 1055.55 1420.13 3995.72 2205.07 1183.42
426.36 683.47 794.26 3695.51 1680.44 932.2
92.52 123.44 95.92 786.41 254.95 145.52
127.89 341.55 96.31 4238.75 909.54 353.85
159.41 199.76 206.07 664.98 383.35 311.42
304.38 567.9 315.45 5072.54 1271.41 604.95
127.91 221.15 154.11 2581.42 744.86 377.44
113.13 213.71 98.26 2048.35 481.1 219.5
126.45 329.07 96.5 4024.95 867.72 340.74
239.06 392.4 377.72 3372.93 1256.43 818.09
263.42 448.22 449.51 4008.25 1228.95 686.65
83.34 261.67 84.81 4621.34 1135.17 414.03
544.24 763.55 1063.09 2118.79 1752.71 1186.62
131.13 367.12 96.54 4669.65 995.06 381.45
240.11 428.36 337.97 3811.11 1190.81 652.47
75.59 185.15 89.04 2521.05 653.21 267.0
105.77 282.06 124.37 4678.42 1098.85 414.16
163.79 268.72 252.83 2691.73 840.51 462.61
97.6 116.82 96.75 682.98 219.88 135.0
871.34 1314.48 1947.83 3348.74 2707.57 1670.05
88.84 221.47 115.16 4325.11 938.89 392.08
256.97 507.89 236.37 5178.89 1124.32 429.44
95.7 168.98 94.61 2066.48 504.47 218.33
376.31 606.08 747.14 3802.87 1700.06 1007.77
303.6 530.63 391.97 4108.72 1081.81 477.51
194.51 368.9 274.77 3041.11 865.51 404.68
100.49 142.46 97.93 1049.79 317.19 172.41
294.69 475.23 450.97 3387.24 1492.99 981.9
186.56 365.02 307.47 4454.2 1043.94 490.17
340.82 613.74 395.09 4970.84 1355.94 714.34
446.0 652.59 742.09 2709.4 1811.26 1405.09
234.52 449.39 289.02 4579.87 1340.18 683.03
216.37 361.91 324.61 2787.31 1091.5 671.87
672.61 962.04 1311.6 2852.36 2063.91 1405.9
182.52 245.28 248.96 1211.96 636.07 460.15
152.79 300.12 197.05 4004.96 925.12 496.54
665.38 1012.55 1300.39 3624.23 2112.91 1266.17
91.57 193.02 101.58 3150.18 772.98 317.44
98.98 116.37 98.72 566.57 195.97 128.08
94.63 258.99 95.77 4475.19 1012.71 376.2
107.45 242.16 138.95 4568.6 999.17 403.77
101.73 248.94 92.73 3431.83 861.88 354.01
155.83 291.33 206.61 4164.02 1079.15 567.15
821.23 1254.15 1802.96 3598.46 2601.06 1580.61
341.69 553.43 682.43 4008.08 1462.93 739.01
190.64 276.47 291.83 1350.01 561.68 320.15
504.11 778.54 972.32 3759.5 1749.89 936.85
343.22 546.36 552.4 3358.03 1599.35 1106.67
674.3 971.99 1372.83 2321.32 2021.58 1251.97
102.2 289.24 90.77 4333.29 1068.01 422.73
242.59 447.32 326.55 4311.84 1306.2 695.34
118.25 265.08 90.87 3859.57 775.26 310.71
217.01 385.2 363.31 3857.35 1260.39 653.95
69.31 190.57 59.42 4607.36 921.59 343.51
386.88 676.03 663.58 4124.28 1667.34 989.41
291.13 633.88 294.7 4997.5 1399.86 656.45
579.74 812.55 980.66 2061.82 2087.48 1774.84
374.49 617.59 675.19 3189.03 1379.01 750.05
116.03 282.9 83.97 3984.63 815.8 323.42
333.7 517.96 537.63 3705.42 1527.01 1072.87
704.13 1025.87 1456.16 2806.52 2317.7 1493.8
366.03 541.86 715.09 2258.97 1260.74 752.96
338.95 630.4 432.1 5325.28 1335.84 559.64
683.42 1025.67 1457.77 3720.89 2321.51 1290.37
657.09 967.68 1388.94 3212.75 2181.14 1289.53
98.45 302.03 172.74 4272.55 1178.87 483.98
272.13 488.49 399.55 3991.89 1383.9 815.55
100.74 163.99 96.88 1531.5 427.34 209.13
110.46 127.89 107.73 449.13 166.62 120.73
526.27 898.49 890.61 5133.59 2167.22 1101.79
64.86 165.73 61.77 3608.18 729.19 283.02
214.06 328.37 253.1 2030.27 678.32 417.2
99.93 100.7 99.93 119.66 104.5 101.37
219.15 309.87 370.7 1552.71 697.85 405.01
183.34 304.49 310.21 3153.81 1010.37 499.64
932.94 1349.32 1984.54 3096.77 3380.23 2214.1
372.71 608.46 626.6 3837.05 1496.01 888.29
807.65 1208.28 1644.16 3933.98 2748.57 1563.47
100.11 101.22 99.89 125.82 104.76 101.49
131.77 296.45 111.7 4166.05 905.02 356.64
471.28 758.18 957.91 4048.01 1909.29 1065.54
241.98 411.77 390.2 3661.38 1342.32 799.18
122.35 238.22 108.23 2960.81 666.4 280.57
175.18 290.35 201.03 2506.48 783.26 437.05
321.79 560.41 603.3 4267.55 1694.21 897.37
111.19 130.41 108.26 496.05 176.41 122.92
366.68 487.48 592.74 1002.47 1175.0 1024.76
138.63 276.1 200.16 4006.67 1055.25 537.02
80.44 202.69 68.03 4643.15 918.35 357.67
463.73 685.86 967.14 2014.73 1355.63 844.99
290.21 399.93 458.36 1214.27 991.68 807.97
321.01 471.85 612.03 1857.78 1077.67 648.2
60.65 173.61 57.18 4028.84 804.64 304.97
662.66 988.29 1259.75 3241.1 2418.55 1655.5
362.55 602.48 693.92 4136.68 1634.58 831.22
159.16 203.21 204.19 677.04 414.21 320.02
674.01 1020.4 1440.95 3717.04 2534.08 1550.05
384.78 649.58 756.76 4132.13 1948.72 1064.29
161.64 429.48 164.36 5083.27 1147.71 456.58
91.85 232.06 97.27 4253.97 979.23 365.83
461.87 705.0 771.37 3391.01 1846.68 1389.64
196.92 399.86 235.2 3620.1 1040.36 559.49
622.49 965.07 1217.16 3848.31 1974.26 1107.92
480.8 734.41 998.46 3265.3 1879.44 1116.84
402.24 603.89 780.59 3085.33 1314.36 731.3
551.06 782.47 945.05 2481.89 2003.32 1666.71
515.37 819.98 1014.09 4117.02 1951.44 1112.35
429.98 663.99 756.04 2658.95 1112.61 611.93
118.28 306.86 87.52 4994.84 1042.98 430.25
109.15 302.88 68.97 5203.09 1046.78 410.29
681.7 942.26 1180.64 2045.5 2288.99 2026.93
752.99 1115.05 1501.2 3574.95 2102.09 1237.91
239.38 416.46 405.8 3807.71 1303.43 686.44
129.98 285.43 111.05 3937.91 859.85 342.24
389.66 531.27 636.0 1317.1 1327.13 1124.06
346.4 528.59 542.77 3038.33 1602.13 1133.55
108.61 174.55 98.86 1377.34 349.85 178.35
198.82 359.17 166.12 2894.4 647.16 276.57
234.24 463.89 351.96 4752.68 1270.34 568.77
183.53 310.17 227.44 2759.28 804.3 473.06
148.45 311.57 190.95 4037.28 1112.44 530.27
471.85 723.87 942.82 2969.46 1797.51 1085.68
204.06 372.89 169.63 3042.41 676.14 285.93
95.25 133.26 93.58 1252.91 337.08 169.22
272.63 491.38 380.07 4065.06 1328.81 821.93
606.49 849.83 1038.63 2226.23 2077.97 1793.24
212.09 395.78 298.91 3501.45 1210.79 697.9
131.05 181.43 120.78 977.98 271.91 155.48
357.72 547.74 575.71 3178.25 1499.26 1119.11
92.01 155.91 89.21 2037.95 498.51 216.36
153.12 248.88 224.64 2155.64 656.79 313.64
848.92 1261.4 1844.04 3441.44 3144.57 1990.62
268.24 476.02 448.43 3380.52 1485.86 956.74
420.06 677.38 838.02 4091.9 2073.83 1167.29
114.01 328.77 114.77 4869.65 1223.16 490.36
204.05 366.9 340.06 4236.67 1163.67 569.52
119.39 321.2 80.61 4798.11 965.7 370.21
106.2 160.57 105.89 1700.25 403.7 207.81
123.09 238.25 151.6 2925.74 769.32 347.44
255.19 337.67 378.29 1152.24 879.37 700.49
570.51 876.14 1146.3 3865.3 1845.53 1025.15
88.69 159.4 81.51 2727.69 573.32 249.03
501.32 700.17 808.15 2085.89 1919.93 1573.96
116.72 290.8 83.28 4152.51 846.74 333.08
492.05 773.48 1000.6 4008.45 1887.3 1091.72
381.94 704.23 475.97 4300.25 1576.28 1002.68
254.27 464.71 326.96 4275.82 1317.2 733.9
261.01 405.29 403.43 2391.01 1170.91 800.35
184.5 359.92 260.56 4508.34 1167.56 582.63
265.98 447.24 396.3 3883.0 1331.52 847.69
82.07 225.53 75.77 4450.74 994.67 361.23
162.74 373.84 187.13 4663.86 1056.05 435.19
365.38 611.82 719.76 3810.31 1694.15 896.29
90.75 117.31 89.93 1023.95 265.71 148.2
134.32 245.02 136.12 2498.16 626.09 318.8
120.43 263.01 186.86 4275.69 1033.22 454.82
296.89 506.9 578.32 4051.62 1245.36 604.89
302.5 542.22 343.67 4526.68 1240.86 633.88
430.13 753.28 796.66 4492.65 2040.28 1136.2
226.5 394.01 408.32 2705.41 980.58 484.54
97.85 110.69 95.99 509.75 159.95 116.48
164.62 275.46 204.43 2475.81 706.56 387.67
86.97 191.2 82.39 3261.16 750.05 289.8
188.4 308.19 198.86 1766.89 635.84 397.49
692.05 1044.44 1434.26 3826.8 2493.62 1408.76
720.82 1125.01 1624.59 3827.92 2511.85 1529.08
552.29 740.63 908.35 1645.2 2036.4 1737.59
330.52 572.75 626.26 4125.55 1842.84 1009.57
392.87 593.27 634.23 3143.02 1637.54 1224.26
180.42 337.47 289.04 4538.54 1267.34 616.56
861.82 1307.73 1913.48 3497.91 2688.48 1655.39
391.97 612.65 702.56 3424.36 1745.68 1145.43
464.96 646.44 870.31 1554.99 1420.19 1061.85
88.17 162.12 80.66 2848.37 595.06 255.88
94.64 128.14 91.24 1344.77 324.22 170.6
931.64 1365.62 1908.21 3299.34 2699.47 1725.79
241.54 484.61 204.45 5109.15 1066.4 389.92
589.99 846.8 1204.42 2354.59 2257.87 1480.75
301.07 605.35 311.9 4339.51 1342.65 751.52
596.28 874.72 1056.77 2940.14 1893.05 1333.89
95.4 157.25 85.39 2028.73 421.66 188.47
216.73 423.29 270.11 4545.68 1241.66 637.87
152.59 352.37 153.07 4989.75 1145.75 534.4
419.81 574.04 653.15 1702.43 1502.92 1226.81
474.42 720.63 747.69 3302.09 1659.73 1185.48
293.79 524.73 529.19 4080.35 1452.33 735.46
209.26 420.24 326.65 4490.14 1200.14 567.02
637.23 974.58 1399.57 3686.39 2196.26 1183.36
100.82 118.16 97.22 556.72 184.74 127.77
741.49 1168.36 1673.24 3797.86 2636.62 1601.46
205.71 373.15 301.35 3311.94 919.63 433.51
407.51 640.97 560.17 3670.31 1586.75 1070.96
535.12 756.96 900.96 2313.48 1980.59 1646.39
243.43 433.91 304.31 2686.89 862.28 446.47
422.13 611.67 691.25 2344.17 1781.77 1384.45
163.33 366.77 268.23 4581.56 1312.37 536.88
295.93 411.4 455.26 1494.05 957.51 778.17
711.11 1054.36 1426.7 3501.6 2034.08 1193.36
417.42 608.67 800.43 2118.78 1414.84 936.45
248.88 439.11 401.3 3283.01 1440.97 912.57
834.63 1228.08 1670.24 3405.47 2251.08 1351.77
647.28 1057.36 1411.15 4076.32 2351.68 1389.2
346.26 638.87 602.35 4419.2 1725.98 918.96
81.61 168.18 81.48 2813.77 663.25 258.63
311.16 493.34 448.74 3321.29 1405.89 961.2
93.74 243.71 97.4 4525.39 1049.47 404.28
500.12 727.3 839.51 2914.5 1862.38 1503.94
427.07 635.43 849.22 2024.4 1447.25 903.36
147.9 199.58 172.95 1076.61 441.58 297.82
700.07 1092.99 1497.43 3883.01 2338.25 1374.44
341.85 558.2 697.52 3789.68 1513.65 734.9
518.83 818.19 998.41 3942.74 1870.65 1044.68
225.26 378.46 381.77 3277.59 996.8 506.89
609.33 1003.08 1148.13 4139.83 2285.35 1359.24
137.64 283.4 115.74 3564.79 822.66 337.46
122.42 339.62 131.71 4861.05 1237.56 503.04
242.56 583.87 170.81 5194.36 1232.3 511.83
117.22 206.26 106.74 2327.05 520.56 245.13
237.66 339.67 365.78 1374.8 867.21 659.43
249.96 462.72 421.44 3611.03 1443.3 896.62
435.05 691.83 621.44 3813.08 1644.35 1126.84
76.9 209.27 80.33 4205.05 968.5 355.74
70.41 187.33 60.87 4445.74 892.13 334.78
912.48 1328.36 1966.56 3196.49 2886.43 1857.38
92.21 128.89 92.15 1249.92 338.67 167.22
517.04 750.82 948.08 2385.31 1651.88 1078.77
123.55 322.18 102.76 5179.74 1086.17 442.6
222.11 313.12 331.48 1552.96 831.71 606.87
101.14 198.15 95.21 2295.56 602.05 267.38
171.0 345.73 261.02 4497.18 978.97 441.87
389.76 651.47 536.74 3238.41 1526.8 1073.63
254.45 469.6 276.45 4130.47 998.86 432.07
97.92 106.52 98.87 290.84 143.08 112.66
186.97 436.17 198.9 4656.62 1198.89 575.59
937.66 1411.58 2097.75 3321.92 2852.48 1778.63
310.58 521.34 459.39 3888.73 1499.47 998.16
109.84 299.07 144.42 4642.09 1209.36 470.23
168.63 353.88 199.91 4435.8 997.16 420.05
83.61 148.37 78.33 2507.18 538.77 230.05
479.66 755.0 944.19 3788.93 1787.76 996.04
189.06 388.76 293.57 4252.48 1360.2 676.25
657.78 912.42 1138.55 2120.64 2239.54 1962.04
234.85 449.18 421.07 4518.81 1359.91 599.26
156.13 306.14 198.65 4140.45 977.62 526.84
616.69 987.81 1201.46 4266.4 2024.29 1140.05
300.9 499.62 479.43 3556.47 1338.47 768.49
107.0 255.16 76.27 4002.67 824.07 337.3
106.96 254.35 76.39 3982.4 820.31 336.07
490.05 790.57 948.45 4252.35 1958.22 1090.15
357.59 623.28 643.88 4511.96 1703.2 892.46
383.13 689.12 489.39 4011.38 1597.63 1041.47
167.91 325.75 224.96 4166.38 1004.06 555.24
210.07 415.77 365.69 3729.43 1405.64 769.89
427.89 767.81 604.13 5154.94 1551.83 734.48
615.34 881.42 1322.3 2296.51 1843.15 1061.38
638.79 990.61 1168.52 3468.47 1856.37 1111.06
200.62 490.28 103.95 4530.64 1004.74 399.05
142.12 280.18 205.09 3936.12 1054.92 556.69
377.61 660.87 547.83 4880.28 1579.77 772.98
277.29 512.82 440.36 4581.11 1456.45 733.95
214.9 351.42 278.79 2807.85 982.54 598.29
291.15 497.75 514.61 3716.32 1440.54 817.19
86.63 149.58 86.53 2073.44 509.59 215.35
827.88 1197.67 1760.66 3332.17 2492.74 1451.14
676.75 1072.46 1393.36 3935.88 2232.33 1203.62
202.34 476.9 259.26 4978.09 1245.09 536.4
522.05 733.9 886.98 2187.6 1840.79 1549.54
332.71 565.0 406.08 4219.51 1358.14 776.51
782.56 1151.2 1707.24 3198.2 2488.32 1463.21
782.73 1114.93 1567.16 2629.33 2671.87 1876.29
278.52 504.62 491.01 4076.79 1555.96 873.88
97.67 104.37 97.46 332.99 141.79 112.16
638.68 964.75 1330.34 3722.21 2499.36 1540.44
375.38 642.59 561.07 4335.52 1434.84 769.32
94.36 139.49 92.38 1468.62 381.44 182.18
103.15 135.97 96.85 864.06 240.79 143.94
118.71 235.95 138.5 3995.35 912.36 430.32
630.78 950.51 1321.23 3570.02 2551.21 1549.94
80.45 210.85 68.86 4928.47 972.89 375.93
438.13 658.36 706.58 3065.26 1671.61 1293.09
201.95 355.47 337.65 3167.41 1105.69 553.56
197.8 376.8 224.74 3928.37 1077.19 541.84
269.03 405.58 416.64 2822.89 1154.43 811.73
80.81 156.64 74.62 2918.73 613.79 252.28
104.51 199.98 84.71 2614.86 566.59 252.91
274.95 448.04 434.19 4024.12 1397.9 896.23
669.22 929.14 1154.25 2126.48 2262.32 1985.9
312.7 562.87 357.83 4720.12 1271.83 647.7
695.67 958.63 1207.48 1968.49 2318.92 2065.38
85.73 199.91 80.71 3562.75 812.07 307.91
158.29 334.48 208.8 4307.62 1205.08 581.88
132.37 286.12 167.95 4255.58 1117.51 508.84
210.62 371.82 204.74 3307.13 798.43 360.96
137.23 300.56 191.96 4532.97 869.47 358.69
314.89 556.05 626.81 4324.33 1527.49 710.91
123.41 341.81 135.39 4874.25 1239.08 498.76
769.82 1143.72 1624.9 3079.59 2965.83 2040.35
590.91 833.17 1015.13 2407.02 2098.37 1777.24
448.03 658.36 667.84 2888.95 1710.68 1275.49
211.8 395.69 310.64 3872.74 1398.57 782.18
490.42 699.7 822.17 2563.76 1895.26 1534.06
93.08 121.68 96.23 734.95 243.34 142.11
164.62 428.8 164.14 5027.35 1169.38 486.62
504.68 686.89 823.51 1980.61 1928.41 1600.53
397.93 659.59 776.98 4111.93 1561.41 784.49
408.24 593.08 633.38 2648.59 1658.35 1272.84
98.27 116.8 98.42 569.94 207.59 132.64
934.31 1379.92 1899.58 3381.39 2709.79 1718.76
79.9 137.6 78.13 2106.86 459.93 204.7
648.47 901.84 1119.2 2192.42 2207.97 1930.29
121.66 205.56 109.06 2094.2 515.93 236.68
479.82 784.04 703.41 3576.73 1807.59 1333.25
601.54 856.04 1030.65 2431.69 2143.36 1813.28
640.2 976.9 1359.55 3926.98 2189.96 1192.66
75.13 146.51 72.94 2582.64 545.26 229.52
337.76 605.57 517.58 4044.09 1533.53 943.74
117.69 280.78 88.19 3883.3 804.83 324.82
148.47 197.21 206.71 900.26 381.22 233.65
110.5 127.99 107.76 450.37 166.85 120.8
295.81 505.74 496.46 3257.15 1540.96 1030.73
229.65 371.37 338.65 2707.35 1178.67 746.58
204.63 252.25 292.42 453.4 518.85 459.93
389.32 615.55 758.86 2869.34 1577.81 930.43
585.58 837.43 1139.97 2107.55 1781.43 1154.77
413.93 692.3 835.28 4041.83 1947.62 1077.57
185.57 373.47 264.44 4325.8 1259.55 647.45
596.26 939.41 1226.2 3984.56 2327.74 1352.45
385.75 658.78 713.89 4411.03 1733.51 922.61
300.91 409.22 585.6 1004.38 790.04 477.52
341.12 633.05 375.7 4757.38 1304.05 656.46
253.13 339.72 447.85 817.32 711.78 475.87
164.86 333.71 243.74 4310.38 1199.78 568.1
468.36 769.23 988.66 3786.56 1943.98 1095.06
101.49 132.93 94.96 928.32 253.68 150.37
146.65 280.94 101.83 2154.07 519.44 238.64
130.05 302.69 166.32 4158.55 1184.89 532.32
174.98 227.06 271.17 877.84 412.92 259.15
145.35 296.69 249.41 4272.16 1068.76 467.41
405.87 647.06 776.54 4035.48 1416.23 779.77
218.43 425.12 300.45 4073.51 1416.74 794.63
556.11 913.79 962.9 4312.11 1962.74 1200.03
415.29 610.08 684.02 2996.26 1726.25 1322.11
104.22 239.8 127.93 4057.56 1029.83 435.16
507.4 832.26 864.79 4674.38 2039.8 1126.79
146.35 224.78 203.44 1902.72 503.56 270.41
124.59 219.81 110.28 2363.42 572.09 255.13
245.34 452.99 301.22 4367.57 1356.08 739.88
104.44 138.5 99.41 759.6 229.02 140.46
896.48 1372.42 2050.76 3538.83 2962.15 1863.78
667.69 1046.67 1261.05 4438.0 2129.19 1141.99
863.03 1257.33 1794.7 3039.88 2659.44 1633.04
222.67 362.39 291.13 2691.33 966.01 594.12
253.64 465.51 392.3 4218.1 1234.46 638.6
672.45 943.29 1169.95 2313.87 2250.22 1914.63
289.15 493.24 556.36 4094.56 1403.68 707.72
325.19 512.52 650.0 3351.4 1315.89 681.74
361.61 606.66 471.19 4179.15 1429.19 861.0
444.39 637.06 701.15 2444.41 1768.97 1395.66
106.71 248.69 77.26 3840.1 793.91 327.41
464.97 681.67 696.5 2889.1 1762.43 1330.59
175.38 319.44 252.39 4104.97 1172.59 645.96
499.14 828.23 823.99 4790.0 1751.65 893.61
788.83 1172.28 1548.59 3291.12 2436.25 1632.4
216.21 341.3 248.41 2287.57 691.77 403.5
782.43 1166.89 1670.43 3417.31 3016.35 1892.12
210.42 392.43 376.0 4706.34 1373.18 675.91
415.8 725.82 844.11 4311.57 1823.54 960.94
713.9 1064.89 1497.95 3675.34 2912.42 1837.15
302.72 623.3 305.64 4601.15 1378.83 750.2
111.54 144.76 100.45 608.11 203.76 134.3
479.96 646.41 775.87 1611.09 1757.52 1481.9
273.67 479.36 379.25 4005.91 1314.81 719.38
503.68 811.15 984.3 4081.95 2122.75 1234.31
85.7 175.07 76.63 3421.02 698.21 288.36
395.96 561.85 804.13 1216.65 1051.89 684.33
190.19 353.56 175.07 2453.52 712.75 386.96
105.94 231.61 79.87 3410.33 714.17 301.28
162.81 298.01 223.88 4069.54 1144.55 616.15
267.94 542.52 229.04 5574.81 1158.22 438.53
493.2 792.21 1006.49 4127.36 1844.94 948.22
370.5 575.37 573.3 3170.52 1556.94 1115.45
69.12 157.75 66.41 3182.47 652.84 260.81
166.82 382.69 153.41 5107.82 1176.68 465.77
485.01 795.23 873.77 4477.96 1693.92 825.39
397.68 615.31 623.31 3272.63 1668.04 1209.84
761.56 1107.48 1586.95 3246.42 2377.86 1448.23
122.2 267.34 172.02 4091.77 1069.69 454.0
188.26 334.94 275.8 4038.55 1201.96 682.28
737.07 1046.41 1420.1 2679.21 2378.93 1769.94
401.01 567.0 659.71 2129.68 1520.67 1220.54
101.41 250.12 111.57 4416.6 1046.14 418.23
289.48 492.46 456.73 3844.08 1475.52 936.54
90.19 257.54 87.69 4591.25 1023.78 370.26
391.09 651.42 827.24 4394.36 1732.41 945.52
743.69 1097.71 1501.82 3744.62 2251.15 1268.78
166.53 374.89 199.48 4492.7 1033.38 439.04
152.91 330.76 147.79 4417.79 994.39 453.23
148.14 359.56 276.35 4188.87 1233.45 523.28
387.62 521.73 632.45 1199.49 1205.54 1056.5
99.31 111.01 99.14 413.99 164.58 118.89
330.72 555.44 493.71 3776.46 1464.63 992.69
554.69 800.36 931.15 2724.21 2001.1 1646.0
505.99 805.37 764.22 3383.28 1869.43 1421.63
535.52 746.03 903.2 1839.89 1918.27 1629.97
427.28 736.6 791.39 4426.16 1675.05 845.52
519.99 777.08 838.3 3124.36 1884.68 1394.95
742.76 1083.23 1556.42 3578.17 2287.58 1310.02
597.8 897.58 1150.21 3337.51 2406.37 1632.32
77.41 170.79 87.68 2172.84 567.93 237.47
89.97 261.0 87.42 4689.91 1044.07 376.19
592.33 924.29 1144.71 3639.35 2208.59 1412.95
329.15 543.31 536.1 3607.83 1624.38 1082.12
114.4 226.21 132.78 3211.73 829.54 374.49
222.28 448.42 332.29 4910.5 1363.61 663.73
407.7 597.3 667.11 2422.33 1753.4 1345.17
766.39 1113.29 1639.52 3304.7 2362.34 1383.7
180.23 345.26 258.64 4098.04 1237.62 645.15
159.36 265.48 185.56 2419.75 671.03 382.59
231.35 337.61 386.12 1766.81 722.08 404.47
387.41 617.25 648.32 3491.97 1286.57 645.34
615.21 874.01 1207.96 2013.02 1540.64 958.13
116.23 240.59 97.85 2508.82 571.17 247.75
521.34 854.36 926.65 4531.9 1928.57 1055.28
115.38 330.34 117.87 4861.08 1217.91 484.42
216.28 551.05 104.57 5220.51 1145.61 445.62
101.2 258.35 93.76 4853.93 925.64 338.67
79.77 212.46 85.33 4189.23 974.85 364.04
111.08 196.01 98.53 1745.12 421.79 200.9
407.51 629.16 643.8 3096.17 1669.59 1249.78
407.27 680.99 513.02 4145.45 1561.69 987.08
481.96 719.64 894.53 3125.84 1983.58 1383.19
459.66 635.7 748.72 2158.49 1817.8 1473.85
343.7 519.63 535.81 2701.25 1338.31 1005.85
136.03 281.83 210.52 4538.54 1085.56 466.1
168.61 271.96 280.47 2366.88 774.35 364.42
371.59 529.23 606.7 1955.22 1325.88 1064.03
274.68 471.28 450.22 4136.07 1263.2 689.45
134.63 234.34 101.36 1625.07 411.42 202.94
547.48 860.28 1094.09 4081.73 2290.42 1358.84
796.42 1168.89 1696.03 3605.27 2498.8 1434.55
107.64 169.11 96.18 1673.82 382.68 188.21
422.07 724.34 826.87 4263.58 1665.23 891.84
185.55 250.28 298.24 761.77 440.36 287.78
251.61 408.5 415.38 2815.48 1052.04 577.38
108.87 176.83 98.83 1416.38 357.49 180.74
427.19 713.75 810.45 4201.95 1713.27 947.15
866.1 1287.32 1881.94 3409.6 3199.84 2026.52
478.43 743.53 1026.45 2593.05 1611.83 949.98
714.83 1042.17 1508.9 3425.01 2322.2 1380.5
392.5 620.24 795.08 3946.03 1569.32 812.36
87.42 222.81 85.1 4163.79 948.37 356.83
77.94 209.86 58.75 4312.35 716.31 269.47
434.48 695.51 857.06 3813.3 1776.0 1022.13
594.56 848.52 1101.37 2338.94 2148.21 1644.23
79.13 165.4 88.62 2015.05 532.31 227.0
374.05 594.41 662.32 2778.4 1166.08 641.27
471.34 684.95 792.7 3042.59 1828.16 1450.85
426.06 689.84 820.6 3743.73 1742.26 979.91
378.92 654.03 536.55 4635.46 1357.58 680.99
338.73 523.37 563.02 3328.29 1511.13 1093.73
55.05 246.35 77.53 4338.45 1060.05 383.25
142.08 280.78 193.06 4339.22 1091.95 546.68
561.81 857.8 1162.95 3691.45 2489.85 1501.65
527.19 784.34 914.99 3104.4 1906.33 1377.52
391.38 612.5 539.25 3542.58 1537.5 1030.37
377.28 621.8 506.69 4037.73 1474.77 923.35
669.47 1005.93 1484.63 3459.19 2244.33 1226.8
298.59 512.02 540.59 4120.43 1494.95 766.36
461.08 712.07 828.84 3053.05 1868.52 1353.65
469.87 707.02 810.04 2793.58 1876.14 1474.45
257.33 460.95 504.77 4007.79 1349.11 643.52
922.07 1355.81 2071.38 3603.28 3860.61 2286.37
410.39 644.22 588.57 3644.42 1553.98 1010.32
453.45 690.88 852.81 2721.06 1317.34 808.65
670.81 950.02 1153.84 2433.72 2243.53 1895.82
106.52 215.72 138.93 3678.19 844.53 358.24
478.31 785.52 1007.33 3846.79 2040.99 1141.76
546.89 782.33 927.7 2686.83 1971.34 1638.37
275.54 502.73 415.83 4053.29 1527.62 933.81
895.67 1305.48 1927.7 3235.75 2848.54 1827.23
195.09 401.76 324.47 3815.01 1335.29 752.43
99.59 102.16 99.33 195.46 117.2 105.41
107.58 268.04 74.3 4326.77 884.2 357.01
113.15 135.06 109.72 538.84 183.74 126.05
515.88 824.03 1065.19 3656.38 2108.01 1257.08
84.87 246.88 86.2 4207.75 1040.48 385.3
969.94 1452.0 2176.45 3252.15 2920.9 1831.53
428.36 656.07 788.3 3630.04 1733.02 1115.57
378.77 556.13 683.6 1804.83 900.5 527.25
97.35 168.06 106.21 2206.99 577.94 262.07
212.96 375.05 262.82 3365.01 1027.34 571.17
332.96 553.46 503.36 3986.08 1535.47 1043.19
86.61 125.04 85.44 1436.46 339.69 169.72
277.62 478.76 531.15 4012.8 1603.76 827.29
127.26 268.58 110.04 3589.23 790.82 320.23
554.69 848.36 1126.26 3628.06 1619.97 898.3
127.62 339.24 96.34 4199.21 901.81 351.43
347.72 507.97 548.89 2918.44 1567.49 1148.68
83.25 262.61 84.72 4647.61 1141.19 415.85
244.84 413.91 384.78 4220.39 1360.83 817.14
354.67 491.25 647.55 1371.36 854.35 533.77
97.86 235.12 84.4 4289.55 819.08 310.06
894.96 1372.76 2063.88 3466.07 2978.17 1874.0
118.33 309.15 81.67 4542.18 918.54 355.49
940.2 1355.13 2028.73 3366.15 2803.3 1649.62
150.11 294.35 101.97 2306.38 550.54 248.92
110.97 176.11 121.0 2279.31 566.02 292.34
126.04 284.5 134.53 4653.95 976.78 424.56
204.32 318.41 264.5 2181.14 815.48 516.25
103.55 117.29 101.48 426.67 168.13 122.39
88.11 183.22 83.93 2984.39 693.14 273.19
575.83 891.88 1175.69 3718.02 1722.33 936.41
553.69 784.07 1016.24 2232.97 1798.66 1366.75
543.57 836.81 1009.59 3771.36 1769.46 974.41
502.02 729.54 843.1 2905.24 1866.81 1509.41
106.53 159.05 96.74 1444.86 341.55 175.37
195.86 349.56 280.94 3271.48 893.95 437.11
617.28 876.19 1179.89 2131.32 1990.54 1428.04
337.52 558.54 512.21 3960.73 1545.32 1056.04
828.22 1243.4 1822.04 3123.5 2775.61 1866.68
445.84 647.57 746.46 2576.74 1796.12 1404.29
129.89 358.91 96.04 4536.14 967.71 372.09
502.98 699.88 842.61 1889.99 1796.18 1518.2
447.81 633.23 722.81 2354.04 1816.19 1430.97
97.18 110.47 97.16 516.8 186.51 124.36
251.69 427.05 386.48 3711.12 1391.05 853.03
497.98 707.21 813.92 1904.4 1652.24 1406.69
251.44 458.93 379.1 4027.7 1274.68 620.42
629.49 870.07 1086.24 1991.18 2113.18 1856.33
232.29 351.17 405.41 2136.44 819.15 471.11
385.25 543.4 742.05 1691.93 1241.44 806.29
358.58 705.25 436.14 4750.71 1501.54 814.23
284.36 478.59 394.23 3796.24 1406.36 876.25
536.77 845.62 1077.74 4051.14 1906.15 1026.11
412.11 567.29 666.44 1993.72 1587.45 1267.56
71.38 153.54 68.86 2957.72 612.53 249.09
144.47 320.21 184.26 4400.91 1175.89 541.33
496.29 729.75 820.65 2520.3 1781.27 1454.57
591.67 854.08 1239.28 2556.51 1812.71 1050.52
185.8 330.63 290.56 2588.07 992.04 603.22
121.85 206.46 109.14 2111.19 519.48 237.84
312.43 547.48 619.42 4278.66 1720.09 903.54
413.5 571.45 673.82 1521.69 1422.52 1200.59
130.62 312.74 172.19 4372.83 1230.86 539.45
490.88 739.92 902.71 2995.0 1926.33 1312.29
418.15 717.84 834.08 4493.09 1797.35 1006.87
107.95 283.61 122.88 4650.32 1083.65 418.91
413.75 627.29 638.25 2815.44 1721.35 1296.35
94.21 156.18 94.72 1671.19 459.73 209.13
261.06 467.78 332.25 4229.12 1390.91 790.85
81.29 169.36 81.16 2860.74 673.0 261.37
700.41 963.17 1216.8 1942.31 2329.42 2079.24
258.11 440.42 422.84 3068.83 928.09 461.93
475.18 765.6 789.15 4229.67 1760.1 1002.75
116.86 154.3 132.25 918.34 305.12 187.56
834.64 1256.14 1685.31 3570.34 2639.41 1583.1
98.59 122.62 98.23 744.83 232.63 138.8
595.88 876.47 974.73 2681.99 2077.12 1725.52
104.51 151.49 95.49 1193.67 301.53 162.9
480.33 844.63 736.07 5173.56 1828.15 936.76
78.55 163.32 71.63 3251.25 674.4 270.24
148.92 306.67 204.91 4352.18 960.77 393.4
86.26 140.56 81.83 2118.31 467.89 209.04
190.95 391.68 216.99 4302.08 1146.33 596.97
103.02 134.43 96.98 831.18 234.73 142.05
423.31 616.68 867.51 1613.89 1208.84 761.5
611.58 893.41 1139.5 2975.06 2358.87 1744.61
593.05 844.75 1006.91 2473.22 2077.94 1763.81
244.89 417.86 399.88 3313.44 1047.56 499.34
329.85 490.61 512.25 3192.92 1534.68 1096.55
247.58 333.08 378.1 1165.83 788.05 635.27
162.08 340.81 102.44 2833.71 658.22 284.52
548.07 776.06 929.88 2203.05 2051.29 1701.99
374.83 684.37 703.27 4525.0 1606.96 773.79
322.21 610.35 371.9 5422.69 1363.3 591.3
784.34 1159.63 1624.81 3755.74 2419.41 1370.19
297.73 440.08 450.52 2195.69 1078.38 812.41
250.03 500.05 426.7 4558.64 1576.72 782.35
293.27 447.97 456.84 2947.27 1433.5 977.42
261.23 422.7 408.46 3662.29 1368.36 888.03
189.93 351.51 265.66 4051.75 1061.51 620.65
579.39 864.08 1026.53 3297.69 2034.75 1389.31
751.45 1126.38 1528.51 3630.64 2459.65 1455.97
185.66 332.76 163.21 3131.54 684.86 275.46
116.46 242.54 97.82 2542.25 577.71 249.8
198.29 254.98 284.47 808.3 576.24 472.62
455.64 637.0 731.98 2332.07 1798.57 1441.49
259.49 466.3 329.14 4243.0 1387.42 785.74
751.81 1115.37 1558.66 3460.88 2459.4 1469.79
134.81 315.28 112.82 4555.74 982.17 381.23
653.22 957.47 1146.72 2859.81 2171.88 1630.65
269.56 483.24 453.55 3941.86 1559.48 890.89
351.6 503.32 663.31 2037.34 1003.3 590.49
99.96 277.48 111.23 4751.0 1081.2 397.43
350.43 561.25 534.46 3568.47 1472.7 1035.37
151.6 353.81 159.45 4531.16 1013.41 422.45
207.24 515.96 104.21 4822.08 1064.25 418.73
129.71 357.33 96.07 4509.18 962.44 370.44
77.98 165.01 70.87 3335.02 689.67 274.77
123.14 268.98 164.04 4835.75 1034.97 424.01
609.79 855.54 1049.97 2326.17 2138.23 1829.41
281.09 526.26 462.58 4543.85 1400.6 664.47
282.02 419.52 482.51 1760.23 803.15 464.11
161.62 218.85 217.35 1308.64 553.43 389.58
325.54 546.68 554.99 3330.1 1592.05 1095.2
251.19 402.29 372.2 3738.4 1357.53 869.79
445.33 701.09 861.09 3778.73 1595.78 838.5
168.93 366.64 185.1 4784.43 1175.99 583.17
726.74 1070.21 1553.17 3626.84 2302.24 1318.23
438.31 791.35 667.57 4515.87 1893.2 1088.62
812.5 1212.61 1721.31 3478.93 2656.54 1669.39
214.19 274.42 317.79 699.09 609.49 487.44
156.44 188.7 234.37 337.74 338.95 252.26
86.62 170.25 78.13 3207.69 659.78 276.26
569.45 886.23 1129.04 3579.29 1996.25 1195.93
86.03 141.25 81.52 2152.63 474.15 210.89
309.06 547.17 353.13 4517.58 1284.45 667.36
114.81 228.29 98.04 2298.18 529.97 234.83
179.57 337.73 227.8 3270.66 910.7 470.94
102.24 149.57 92.42 1346.73 331.31 175.81
87.76 218.93 82.13 4870.53 988.6 396.57
605.94 976.01 1296.9 4038.96 2655.58 1602.68
100.52 111.49 98.24 388.94 153.61 117.57
811.55 1196.91 1633.55 3419.76 2252.85 1337.09
408.64 607.29 669.81 2913.16 1632.11 1270.38
287.0 473.22 402.5 3356.08 1301.31 830.89
84.41 146.0 79.39 2389.29 517.29 223.68
62.78 175.83 61.77 4005.08 805.99 307.68
279.25 533.4 300.71 5063.83 1165.97 458.33
387.45 591.64 727.83 3459.31 1639.09 1012.65
536.81 831.15 1099.9 3881.35 1974.06 1054.25
378.12 628.46 798.17 4056.4 1869.96 1063.38
309.27 412.46 474.84 1284.37 1099.3 892.38
94.19 172.21 81.57 2532.95 505.74 211.6
270.46 549.37 416.3 4571.04 1414.1 728.64
235.85 462.26 200.44 4634.81 965.3 369.22
558.0 780.75 952.37 2109.66 2041.02 1720.3
717.18 1060.6 1484.26 3623.15 2233.92 1272.37
183.62 294.78 316.28 2576.81 850.42 426.42
279.06 407.74 417.32 1646.21 982.57 755.98
131.3 298.22 163.02 4753.49 1021.86 422.11
93.53 171.62 92.62 2439.69 592.32 251.16
431.16 635.36 714.93 2785.91 1779.16 1362.92
130.4 248.15 112.71 2898.77 683.74 291.82
264.28 481.34 387.74 4136.77 1302.45 712.95
180.83 359.44 297.4 4410.07 1010.78 473.53
101.84 258.42 92.27 3643.86 910.36 370.17
301.19 461.54 469.84 2454.56 867.63 458.0
199.06 361.65 264.8 4139.29 1173.04 658.42
552.8 794.01 944.05 2623.31 2022.83 1669.14
579.98 880.1 1105.92 3416.91 1952.32 1217.02
546.47 770.03 922.25 2247.26 2007.97 1680.09
198.59 362.9 172.9 3391.05 727.98 295.38
72.87 185.03 85.2 2589.97 662.1 265.13
336.37 669.13 326.99 5685.14 1286.22 517.93
880.63 1272.51 1891.31 3299.97 2704.19 1617.22
642.14 893.21 1145.58 1995.45 2186.31 1795.74
94.84 150.07 95.3 1500.2 420.58 197.25
360.7 495.44 569.39 1242.99 1111.78 956.26
170.39 373.02 102.76 3199.4 732.9 309.2
266.58 346.28 407.83 766.46 793.68 684.22
763.87 1196.39 1575.57 3968.46 2354.31 1392.88
221.8 494.48 178.14 4136.57 1029.45 446.79
162.26 345.42 223.66 4196.47 1305.47 643.08
926.64 1340.06 1989.38 3430.47 3121.22 1835.62
589.6 829.82 984.46 2181.83 2092.71 1762.87
80.53 278.74 131.87 4305.85 1112.58 423.42
78.74 205.83 60.26 4158.16 693.75 263.26
443.16 726.86 869.7 3929.91 1632.48 870.69
374.33 675.57 509.72 5188.24 1327.95 578.27
183.58 322.87 161.8 2889.98 632.36 265.64
132.17 187.42 123.74 1238.63 319.67 165.9
397.01 614.71 625.29 3351.63 1586.61 1174.29
104.07 190.22 86.2 2369.37 521.04 237.99
400.53 610.77 704.09 3275.05 1634.15 1102.14
540.8 816.07 1083.5 3228.69 1691.51 958.91
238.58 476.56 202.26 5004.32 1046.17 383.85
235.81 426.6 355.22 3956.42 1370.95 799.09
443.56 711.45 872.54 3324.7 1542.93 831.6
371.34 615.97 759.44 3890.19 1853.21 1045.9
203.14 340.32 307.37 3633.27 1151.22 657.9
663.3 1005.88 1479.71 3904.0 2979.99 1689.17
501.46 782.93 1017.42 3997.97 2196.97 1319.34
77.24 167.17 69.9 3442.7 709.3 280.59
906.27 1313.85 2005.36 3265.91 2758.2 1582.01
380.93 605.05 764.16 3679.79 1628.51 862.93
524.25 713.71 854.33 1885.24 1973.61 1653.09
961.28 1440.63 2159.74 3250.97 2906.94 1820.77
148.88 362.65 197.64 4573.08 1242.39 528.4
263.46 499.1 411.22 4459.72 1216.61 569.33
177.99 375.57 351.41 3648.36 1304.97 597.79
93.56 112.05 92.99 743.02 215.33 133.55
109.78 203.35 108.51 2862.53 620.89 282.94
84.02 179.57 70.12 3150.94 546.38 222.74
202.38 265.73 285.35 786.4 545.01 452.4
167.96 315.12 192.75 3125.69 834.39 449.35
576.73 871.04 1005.64 3518.14 1809.37 1132.25
120.91 156.82 115.43 840.04 242.77 142.83
326.83 475.77 518.75 2256.68 1240.65 965.25
111.11 295.42 76.26 4931.58 1005.14 399.91
95.9 165.81 94.86 1976.25 485.91 212.9
700.75 1056.8 1461.38 3594.06 2550.31 1573.22
158.97 372.98 196.24 4555.53 1289.83 613.55
770.91 1119.2 1583.05 2557.09 2458.71 1737.98
482.05 716.95 869.18 3096.25 1792.92 1212.82
198.87 420.77 379.72 4009.67 1366.6 659.4
134.21 261.52 163.72 4215.89 1028.8 508.8
115.17 247.71 132.49 4577.35 1013.97 460.15
153.72 348.62 240.38 4455.2 1279.52 537.98
499.07 688.32 820.03 1927.17 1933.15 1594.05
152.23 313.61 256.03 4101.63 1150.09 505.64
111.65 156.76 104.87 1172.24 323.64 173.49
150.44 320.7 230.37 4487.38 1236.97 531.95
532.11 803.3 851.47 2755.63 1981.17 1560.77
428.49 593.62 705.18 1535.25 1394.16 1200.0
618.08 868.51 1056.4 2322.36 2127.31 1833.7
679.5 947.65 1207.01 2170.42 2281.39 1944.77
399.47 576.72 629.71 2727.7 1661.63 1270.06
606.09 872.9 1143.66 2726.04 2164.67 1608.94
270.61 453.39 474.11 4071.91 1385.73 760.84
120.39 318.18 95.99 5203.72 1075.97 428.45
637.99 905.06 1163.23 2240.32 2274.44 1810.54
176.98 232.79 246.92 984.25 533.74 405.19
241.01 446.02 428.33 4463.83 1354.44 674.64
516.1 833.72 962.62 4435.05 2178.0 1140.46
439.05 663.31 635.0 3241.54 1683.17 1213.46
849.13 1247.6 1899.32 3213.33 2641.83 1518.67
98.35 233.17 119.04 4059.12 1003.81 411.94
434.66 650.28 716.1 3233.12 1709.89 1315.82
90.1 136.71 90.03 1561.21 403.28 185.41
525.01 793.27 1070.77 4021.22 1867.74 1012.54
356.03 608.43 453.07 4430.38 1391.83 806.71
194.48 405.14 200.88 4815.42 1243.43 574.98
700.07 998.1 1302.03 2430.52 2214.67 1674.27
293.42 425.56 563.0 1658.16 880.97 535.63
163.05 284.8 275.12 3102.59 959.49 483.56
243.57 330.76 348.16 1304.41 834.2 644.5
629.24 878.04 1084.73 2246.7 2150.22 1874.69
382.19 624.39 780.07 4099.77 1656.72 812.19
69.48 190.09 59.63 4583.55 917.25 342.22
97.52 117.34 96.65 700.85 223.56 136.08
89.62 138.49 89.54 1631.82 417.93 189.54
345.31 618.88 647.5 4687.44 1565.39 802.07
591.07 828.35 991.06 2108.33 2096.66 1774.06
73.53 196.56 68.79 4607.56 929.45 348.88
720.81 1079.09 1452.58 3345.03 2734.53 1800.54
94.75 184.26 93.42 2502.16 594.08 244.55
807.73 1198.53 1733.64 3294.46 3012.72 1926.84
679.17 1039.81 1419.19 3355.22 2227.6 1414.15
724.91 1099.18 1509.04 3484.4 1962.77 1118.46
115.34 157.91 102.09 748.74 234.04 144.82
217.16 508.61 138.78 4489.58 1054.29 454.28
566.53 906.88 1178.99 3949.99 2326.9 1358.45
183.97 323.93 162.09 2903.2 634.89 266.42
395.9 616.16 549.52 3490.41 1551.32 1049.94
199.76 373.25 335.01 4669.64 1147.94 511.23
239.74 394.15 290.31 2092.41 820.17 548.1
129.18 314.09 119.35 4762.14 1029.23 431.36
228.59 376.93 331.97 3895.07 1306.65 804.66
142.28 235.72 173.31 1931.5 643.56 366.48
113.08 222.65 97.93 2916.9 650.06 297.58
185.36 443.32 197.35 4795.27 1203.22 566.76
102.79 283.63 92.68 4187.09 1036.15 412.71
352.75 534.5 688.96 2582.44 1349.5 774.49
340.46 563.69 664.9 4358.39 1653.07 899.51
138.34 327.57 186.03 4465.69 1261.69 569.25
158.41 371.9 226.72 4497.38 1308.2 565.11
234.11 464.41 198.96 4846.11 1015.65 374.69
232.18 442.96 390.01 3677.13 1408.3 849.9
431.3 637.8 726.73 2919.3 1741.86 1335.4
87.82 135.94 83.89 1888.66 426.03 196.63
400.9 583.74 701.45 2345.07 1337.18 937.24
330.04 609.06 379.91 5148.69 1328.81 647.83
96.42 125.04 95.17 968.05 278.5 152.12
343.79 481.83 541.41 2009.35 1393.09 1070.29
502.98 738.8 793.39 2757.44 1814.65 1422.81
142.24 176.06 192.69 504.62 287.74 202.85
98.87 235.14 97.7 4231.26 770.32 330.27
531.69 859.79 1070.55 3717.05 2066.43 1210.55
399.42 602.2 718.91 3070.02 1529.62 1008.35
98.43 125.18 98.03 817.85 247.65 143.2
228.44 376.31 280.0 2741.82 737.51 344.49
332.17 544.23 647.8 4024.16 1364.32 697.64
78.5 221.26 59.9 4633.6 770.39 289.1
192.7 347.2 168.54 3194.49 690.47 283.71
495.53 790.6 1059.87 3966.83 1902.27 975.67
99.4 109.58 99.25 373.08 156.17 116.43
214.38 362.54 294.26 3557.01 1127.13 679.54
961.97 1416.67 2102.68 3266.45 3465.88 2228.96
183.64 371.05 232.65 4294.58 1060.08 449.39
83.71 232.24 79.49 4580.9 1028.05 374.77
965.95 1466.59 2230.79 3390.42 3137.35 1998.49
852.46 1268.42 1767.95 3352.55 2101.76 1239.81
383.15 645.07 661.84 4421.81 1642.36 866.27
358.32 623.73 478.26 4673.41 1453.46 766.58
256.84 461.55 370.35 3794.98 1488.3 903.2
81.24 169.55 81.1 2868.42 674.59 261.82
296.22 571.27 296.7 4674.85 1121.71 477.55
91.97 177.93 92.68 2279.4 598.98 251.37
350.44 570.88 607.91 3959.09 1598.75 1024.68
217.34 378.63 323.1 3639.58 1262.25 737.2
407.93 594.17 681.58 2553.7 1588.03 1235.06
322.14 531.28 584.59 3746.38 1539.16 892.97
417.4 647.69 718.44 3268.3 1306.68 683.67
187.68 440.1 103.44 3960.98 888.41 360.6
523.01 762.59 836.86 2722.58 1898.68 1503.23
319.21 554.08 375.45 4375.24 1316.87 718.11
218.55 388.27 320.43 4026.78 1121.41 692.56
493.96 723.99 823.72 2573.41 1948.93 1551.05
878.19 1296.42 1819.8 3372.72 2751.53 1673.63
677.62 976.18 1223.74 2766.59 2230.15 1693.98
125.5 145.81 157.11 400.5 225.11 163.86
287.95 556.03 492.46 4267.98 1333.76 618.18
436.53 690.24 754.07 3727.45 1760.58 1221.5
92.45 139.62 87.66 1852.89 415.75 199.42
650.99 996.91 1202.41 3878.62 2159.29 1310.71
347.49 569.83 510.42 3783.49 1582.81 1047.21
214.8 334.15 317.46 2185.5 735.05 437.93
736.16 1127.23 1588.51 3474.68 2325.77 1428.03
187.16 394.54 212.84 4419.46 1134.97 578.07
212.34 397.3 281.18 3934.1 1090.12 497.92
538.93 784.63 933.18 2817.77 1862.75 1455.28
526.72 798.4 1058.27 3873.19 1727.75 963.06
340.29 527.36 543.51 3268.97 1453.79 1067.34
565.47 851.73 1114.25 3469.77 2019.5 1220.48
282.9 523.48 319.94 4656.16 1103.97 450.93
97.12 110.68 97.1 524.89 188.19 124.84
396.38 631.09 740.44 3664.02 1722.36 1130.17
113.56 306.56 77.81 5144.53 1051.37 421.54
459.69 656.19 889.91 2014.12 1487.08 1003.32
626.93 960.4 1349.96 3655.85 2195.89 1209.65
117.14 297.84 127.2 4075.83 1045.55 426.43
136.92 259.88 174.85 3392.29 768.9 332.15
774.18 1134.65 1687.02 3206.63 2401.76 1362.59
156.13 293.01 213.04 3030.69 986.79 517.32
281.61 410.27 430.29 2550.88 1255.32 898.39
57.69 181.07 54.53 4383.71 870.16 325.1
683.52 985.39 1439.5 2389.39 2115.77 1365.5
566.11 817.65 963.84 2607.9 2076.46 1717.72
150.81 231.5 197.24 1948.52 672.5 399.06
418.15 576.44 674.18 1545.7 1321.48 1127.52
91.67 203.53 73.57 3588.12 681.72 260.0
415.72 627.99 680.39 3325.32 1665.76 1261.38
78.9 187.62 88.29 3704.65 792.55 333.73
216.65 435.52 260.85 4763.17 1295.99 608.98
91.34 238.64 93.39 4474.52 1029.23 389.55
126.67 312.67 103.81 4354.68 909.17 362.66
370.41 680.02 458.99 4127.54 1566.11 995.77
81.68 228.23 75.25 4544.36 1013.92 366.85
101.65 239.21 155.46 4232.41 946.74 389.48
309.23 506.76 551.82 4297.97 1392.84 763.42
204.58 406.95 253.81 4595.33 1263.95 689.64
517.13 765.12 814.23 2946.78 1882.45 1464.61
598.09 887.94 1105.98 3018.14 2108.22 1478.86
103.13 119.36 101.15 500.76 179.34 125.29
205.73 454.19 234.67 4548.38 1249.67 636.91
218.38 405.8 277.06 4065.83 1156.32 651.79
460.68 741.44 935.69 3813.62 1949.26 1080.47
701.77 1051.0 1491.88 3674.46 3017.39 1819.26
465.35 737.99 873.72 3672.86 1863.34 1116.13
203.64 373.1 279.63 4173.62 1168.42 658.78
218.65 449.51 276.28 5016.3 1314.0 569.96
91.01 273.13 98.57 4662.13 1171.56 443.0
668.86 929.0 1157.61 2096.82 2270.52 1994.9
113.36 220.88 93.32 2852.96 594.46 254.29
375.22 598.5 654.84 3837.46 1616.9 1054.19
107.2 259.64 75.58 4115.42 844.99 344.16
772.94 1145.23 1626.69 3656.69 3134.84 1983.04
460.95 741.69 797.32 3830.92 1352.49 684.21
81.74 153.89 75.85 2781.98 588.86 244.89
434.99 625.59 685.39 2604.83 1775.41 1386.18
182.08 238.47 265.11 867.69 448.24 320.16
97.54 130.62 92.19 1131.53 272.03 147.32
104.21 138.09 97.89 967.48 255.81 148.62
429.62 667.68 673.75 3541.32 1746.84 1268.86
544.5 859.31 1125.19 3764.17 2251.42 1345.86
146.29 301.73 144.69 3512.69 847.85 407.96
143.72 340.02 128.42 4890.55 1071.12 418.44
117.23 255.88 91.38 3650.1 737.64 298.97
243.58 468.72 367.69 4746.11 1293.24 571.78
94.9 135.69 93.11 1337.14 354.4 174.28
108.65 162.95 119.14 1597.47 453.07 235.48
642.63 944.76 1195.85 3131.8 2283.1 1656.39
753.03 1163.43 1630.97 3758.64 2453.12 1464.55
962.0 1398.0 2014.0 3173.0 2939.0 1816.0
69.0 191.5 59.0 4653.5 930.0 346.0
134.0 394.5 95.5 5146.0 1087.0 409.5
969.0 1403.0 2079.0 3181.0 3518.0 2279.0
155.0 368.0 123.0 5163.0 1156.0 447.0
89.8 263.8 87.2 4769.8 1060.5 381.0
971.0 1390.0 2115.5 3245.0 2879.5 1707.0
122.0 299.0 89.0 4632.0 914.0 354.0
72.0 203.8 71.8 4231.5 957.5 341.5
907.5 1325.5 2047.5 3151.5 2757.0 1579.5
948.0 1357.0 1978.0 3155.0 2462.0 1531.0
56.8 180.8 53.0 4412.8 873.5 325.0
119.5 322.5 80.5 4825.8 970.8 371.8
948.0 1376.0 2046.0 3146.0 2970.0 1921.0
911.0 1341.0 1922.0 3127.8 2196.5 1320.8
985.0 1493.5 2276.8 3372.5 3183.8 2033.8
76.2 218.5 55.5 4643.8 764.8 282.8
962.5 1390.0 1954.5 3151.5 2480.0 1527.0
959.5 1435.2 2145.2 3160.2 2832.8 1787.8
88.5 243.0 63.5 4918.0 903.5 321.0
978.0 1422.0 2105.0 3266.0 3199.0 2037.0
79.2 209.2 66.0 4931.0 970.2 374.0
222.2 574.0 104.8 5481.0 1198.8 463.2
992.0 1434.0 2127.0 3253.0 3849.0 2515.0
980.5 1432.2 2016.0 3245.2 2807.8 1800.2
966.0 1422.0 2112.0 3259.5 3477.0 2237.5
109.2 304.0 68.8 5231.2 1052.0 412.0
978.0 1434.0 2220.0 3640.0 4073.0 2397.0
81.5 229.5 75.0 4588.5 1023.0 369.5
937.0 1353.0 2081.0 3198.0 2826.0 1629.0
924.0 1316.0 1970.0 3207.0 2671.0 1584.0
102.5 315.2 89.5 4914.0 1200.8 467.0
980.0 1467.0 2194.0 3388.8 3736.5 2446.5
955.0 1376.0 2056.0 3368.0 3193.0 1885.0
977.5 1462.0 2197.0 3231.5 2940.0 1846.5
939.0 1381.8 2053.5 3176.2 3230.8 2074.0
265.0 540.0 222.0 5608.0 1151.0 427.0
83.0 265.0 84.5 4714.5 1156.5 420.5
245.0 494.0 207.0 5231.5 1090.0 397.0
304.0 635.0 236.5 5868.5 1229.5 464.5
138.0 335.0 114.0 4964.0 1063.0 407.0
53.8 244.8 74.8 4340.2 1057.2 381.2
560.0 749.0 922.0 1597.0 2053.0 1760.0
629.0 865.0 1077.0 1766.0 2207.0 1925.0
703.0 966.0 1222.0 1927.0 2335.0 2087.0
100.0 100.0 100.0 100.0 100.0 100.0
