711.93 1024.93 1458.66 2261.86 2218.73 1528.36
767.34 1147.75 1611.67 3806.44 2403.12 1325.54
909.83 1295.09 1937.84 3153.57 2626.79 1558.48
655.98 937.3 1332.72 2428.07 2056.21 1360.25
523.42 687.17 895.32 1434.84 1438.79 1075.59
806.8 1192.41 1803.56 3368.69 2529.11 1424.77
433.99 580.92 745.99 1505.56 1405.44 1019.96
536.99 699.45 833.43 1437.51 1590.96 1290.81
798.25 1182.73 1775.11 3357.41 2500.68 1409.06
533.54 853.94 921.11 4554.0 1917.08 1012.21
640.96 940.35 1387.22 2026.04 1819.98 1162.27
199.2 248.36 325.43 450.66 516.94 368.58
408.31 529.54 640.53 1097.81 1111.33 861.17
213.49 441.67 269.45 5016.02 1280.91 535.41
637.65 946.57 1422.43 2088.08 1973.44 1274.8
262.49 344.5 472.88 683.65 649.92 448.92
672.19 984.5 1372.84 2802.56 2127.68 1283.65
702.6 1010.27 1389.93 2752.99 2195.42 1389.17
567.65 809.73 1227.86 1867.22 1638.76 956.83
414.87 532.23 637.24 1081.11 1140.17 916.83
829.14 1184.65 1675.09 2550.17 2440.61 1682.93
869.68 1265.22 1867.04 3383.87 2971.4 1736.11
881.38 1331.42 1958.38 3410.71 2724.37 1688.46
952.27 1379.66 2030.42 3159.45 3106.45 1994.39
571.22 755.87 950.33 1610.96 1704.42 1306.56
843.97 1227.83 1854.62 3234.87 2586.89 1478.39
92.04 149.78 94.36 2158.54 487.72 219.86
667.13 881.82 1103.1 1831.25 2031.04 1607.22
653.46 855.26 1073.34 1784.01 1858.09 1457.26
269.86 525.7 472.85 4601.49 1699.05 852.32
605.12 765.5 886.21 1521.62 1688.66 1437.52
598.59 894.27 1114.76 3181.26 2111.45 1345.67
639.31 881.66 1227.0 2082.82 2321.28 1541.78
619.07 925.33 1247.74 3086.0 2026.59 1286.55
429.85 593.3 849.56 1265.94 1486.34 993.04
649.86 907.18 1339.16 2050.49 1852.44 1149.47
446.1 669.0 812.92 3192.43 1666.75 1076.23
774.5 1104.76 1586.47 3022.1 2297.33 1388.79
380.48 531.3 739.94 1383.56 1137.28 732.59
758.13 1049.05 1484.41 2359.79 2247.96 1499.6
466.81 703.56 892.59 3501.59 1712.47 968.9
846.81 1229.6 1871.94 3221.41 2605.27 1488.51
539.15 718.29 898.32 1487.78 1578.01 1230.15
903.4 1301.61 1827.43 2942.42 2316.93 1429.23
488.53 703.74 741.53 2338.15 1555.41 1131.81
783.02 1128.84 1543.59 2659.71 2235.45 1465.2
89.4 176.65 85.94 2742.24 643.87 259.02
703.89 1085.18 1415.95 3788.04 2361.68 1377.56
700.51 1001.58 1373.56 3049.66 1991.49 1270.58
705.03 1011.21 1443.4 2260.59 2093.5 1304.72
414.83 669.41 804.22 4081.52 1595.98 868.93
838.2 1187.22 1622.81 2650.37 2212.7 1452.45
725.63 1011.49 1319.53 2386.83 1921.12 1323.24
664.78 905.12 1197.08 1952.33 2193.81 1607.09
808.24 1168.88 1672.96 2542.13 2423.11 1633.99
800.7 1099.24 1543.43 2442.86 2324.05 1580.31
904.46 1349.93 1998.97 3084.32 2682.41 1700.74
610.57 775.17 906.82 1550.25 1705.41 1437.53
878.05 1302.91 1922.74 2886.76 2586.81 1655.78
250.3 322.8 432.86 641.48 518.65 353.64
924.48 1370.17 2032.83 3015.54 2778.07 1779.93
417.44 694.05 852.93 4293.97 1657.03 885.46
420.99 525.63 586.97 1078.72 1190.19 989.2
950.51 1371.96 2032.72 3106.35 3674.63 2402.68
111.66 127.34 126.17 384.36 189.56 137.42
710.87 960.87 1256.38 2046.22 2178.27 1639.73
534.67 692.71 821.84 1430.32 1595.97 1298.22
830.26 1252.03 1848.1 3903.63 3550.29 2049.08
814.27 1224.31 1650.3 3806.31 2985.52 1856.81
467.3 825.67 689.2 5237.97 1706.67 845.49
792.25 1169.58 1729.16 3553.52 2515.81 1416.2
961.71 1400.52 2066.21 3292.83 3156.92 2006.52
761.8 1137.85 1668.99 2716.93 2251.39 1412.37
467.42 607.96 696.04 1458.12 1413.98 1132.63
941.03 1367.26 2027.77 3166.67 2951.37 1905.9
788.49 1160.65 1749.86 3227.1 2482.62 1410.68
331.65 453.91 639.36 949.34 964.42 645.02
217.43 274.06 360.05 523.04 427.08 298.16
889.39 1307.94 1873.46 3047.13 2140.64 1288.27
934.7 1375.72 2039.66 3188.68 3364.85 2163.43
333.36 603.76 437.1 4999.59 1351.71 582.18
899.13 1295.07 1890.01 2956.23 2914.61 1888.72
773.7 1105.19 1520.21 2512.2 1959.51 1297.59
697.64 1087.1 1588.33 3694.57 2468.55 1504.77
821.43 1151.4 1667.42 2742.02 2383.57 1502.92
474.8 668.16 956.33 1456.18 1486.24 988.13
817.75 1168.48 1600.19 2614.89 2337.17 1564.36
367.39 484.72 619.85 969.18 996.21 756.13
630.16 812.67 974.19 1647.2 1829.51 1508.05
108.74 113.38 118.63 138.99 125.61 114.88
924.67 1327.7 1972.55 3237.97 3079.27 1834.15
376.7 690.07 466.41 4364.89 1551.69 857.91
600.33 893.95 1221.26 2408.0 2190.35 1447.15
728.47 1021.37 1439.24 2268.06 2507.42 1708.07
597.6 914.14 1065.03 3861.11 1954.9 1138.46
950.27 1426.0 2124.21 3388.94 3641.81 2377.65
382.33 597.96 727.9 3494.18 1441.55 801.61
812.73 1166.24 1783.25 2735.26 2421.87 1406.03
273.96 361.77 499.22 724.88 688.77 473.57
205.83 395.66 331.79 4693.15 1210.86 533.72
595.05 820.18 1146.27 1905.74 1866.3 1209.99
881.91 1254.4 1857.76 3155.3 2569.31 1538.2
653.05 992.27 1226.54 3660.95 1815.35 1039.57
379.96 655.12 650.13 4608.27 1653.02 828.62
542.83 861.61 1129.51 3864.85 2338.92 1365.55
606.93 828.06 1089.35 1771.09 1562.09 1105.18
235.12 426.08 444.06 4054.14 1417.22 687.45
862.82 1240.8 1833.44 2796.37 3306.05 2165.25
513.61 780.3 1024.18 3048.54 1615.99 867.29
594.81 870.32 1192.66 2242.91 1414.68 848.23
906.6 1320.97 1946.93 3188.32 2864.03 1841.08
122.78 288.19 142.58 4847.32 985.93 384.82
676.96 935.3 1288.79 2044.46 2238.08 1571.86
767.12 1079.44 1464.12 2411.85 1931.06 1324.97
954.45 1428.29 2132.53 3167.83 2821.41 1779.22
475.75 617.8 745.29 1290.19 1362.29 1073.85
193.6 226.91 250.98 383.34 420.02 359.7
128.36 307.29 104.07 4620.56 929.83 366.07
330.12 575.18 631.63 4335.53 1732.22 899.79
662.16 910.57 1195.77 2001.65 1764.18 1228.6
755.2 1087.98 1553.83 2371.42 2241.01 1504.18
954.13 1434.38 2163.89 3222.13 3062.26 1985.33
899.89 1307.35 1916.2 3217.04 3303.76 2128.57
255.44 341.46 469.88 680.93 742.35 514.48
715.9 1034.17 1583.09 2424.84 2126.15 1230.64
748.64 1069.85 1573.09 2392.21 2825.24 1856.21
661.35 907.96 1235.05 1993.69 2310.19 1632.3
913.66 1335.64 1902.54 3278.06 2828.95 1733.35
444.13 685.08 901.56 2921.49 1585.24 870.9
190.47 233.98 309.34 426.65 388.69 266.91
854.1 1233.74 1825.54 3239.55 3414.43 2094.48
449.43 634.71 885.04 1404.58 1003.31 626.0
538.35 763.23 1053.87 1665.83 1448.07 946.44
648.73 926.55 1285.14 2096.06 1578.74 1019.69
792.15 1187.05 1677.15 3615.84 2774.82 1703.72
527.62 872.3 1123.7 4343.18 2070.49 1186.84
800.71 1188.49 1767.38 2718.75 2995.62 1968.43
818.84 1152.98 1631.66 2561.09 3013.38 2066.85
747.1 1041.18 1488.93 2366.91 2241.82 1463.66
459.1 590.42 705.48 1238.9 1330.56 1050.52
484.95 764.52 1050.93 3961.9 2377.52 1278.38
462.79 635.99 854.29 1455.99 1481.84 1045.58
892.29 1296.1 1914.22 3464.83 3046.55 1779.68
957.55 1405.59 2170.13 3639.94 3994.6 2347.84
672.64 1016.94 1512.69 2655.17 2194.07 1382.54
700.95 1006.49 1452.34 2259.88 2416.25 1599.9
844.7 1197.82 1784.25 2902.44 2425.68 1448.62
426.51 599.63 833.54 1319.0 944.06 591.5
683.64 942.6 1341.2 2106.84 1980.78 1307.45
311.72 597.92 344.94 5428.64 1226.61 491.63
683.26 904.67 1150.77 1891.91 1979.89 1547.22
117.99 228.12 160.3 3574.17 840.75 360.8
762.23 1042.11 1399.73 2256.59 2325.02 1690.11
121.86 273.08 188.82 4176.44 1066.66 424.37
761.12 1075.63 1600.36 2592.84 2162.79 1290.66
706.81 1089.29 1482.89 3560.94 2210.13 1310.11
781.16 1094.26 1518.85 2569.87 2395.98 1672.77
721.67 1049.01 1544.33 2368.08 2524.21 1634.43
693.62 983.63 1448.51 2355.86 2241.3 1346.57
517.6 813.12 990.79 3788.46 1951.25 1158.92
182.55 360.12 310.34 4452.89 1019.66 448.69
226.4 296.35 400.77 572.38 622.33 437.04
788.26 1143.6 1649.48 2499.32 2344.96 1555.09
420.96 544.46 665.62 1117.29 1141.91 900.5
823.61 1203.14 1722.91 3256.16 3064.47 1968.16
712.93 1096.49 1376.19 3992.88 2398.86 1432.87
902.87 1317.33 1806.39 3361.5 2366.39 1432.96
236.62 303.89 412.55 622.2 594.24 385.23
534.74 675.97 789.36 1336.75 1470.5 1242.22
747.94 1106.0 1666.98 3464.65 3179.54 1845.38
689.65 927.85 1196.56 1933.9 2021.05 1570.1
857.19 1239.83 1739.86 2845.57 2105.87 1340.25
571.21 803.65 1151.11 1781.01 1758.89 1157.95
519.59 836.06 1152.77 3810.39 2048.91 1171.13
755.68 1093.73 1573.55 2453.31 2706.3 1847.11
539.47 707.51 855.56 1457.91 1593.46 1278.04
628.09 959.46 1278.95 4006.61 2340.72 1293.61
963.08 1397.45 2061.75 3204.21 3145.33 2012.29
476.94 708.63 662.36 3491.6 1499.76 984.09
703.95 1083.58 1538.49 3725.19 2819.59 1783.74
137.88 157.88 188.21 238.9 241.37 189.14
613.4 780.3 914.56 1561.02 1718.65 1448.6
585.27 772.42 970.75 1671.43 1721.75 1316.24
207.4 260.77 354.18 497.51 449.78 296.19
687.39 979.26 1458.65 2503.51 2023.31 1197.82
510.0 763.58 1026.0 2975.47 1681.72 938.72
589.03 904.94 1098.38 3604.26 1892.28 1072.99
920.91 1329.41 1956.49 3042.31 2871.86 1880.46
814.53 1182.7 1683.68 3382.93 2202.17 1339.91
537.13 750.84 1019.52 1902.07 1631.82 1114.37
539.7 715.65 909.96 1533.79 1695.24 1269.48
771.6 1093.93 1529.92 2424.96 2297.9 1497.26
899.68 1346.83 1993.39 3170.7 2742.84 1723.8
529.25 747.61 1066.47 1643.14 1754.77 1171.15
923.01 1318.92 2004.44 3071.7 2726.34 1618.45
180.75 221.08 283.89 386.29 417.61 302.48
546.6 899.9 902.15 4692.88 1676.69 865.64
265.16 512.29 449.42 4901.23 1532.79 776.38
775.46 1112.8 1638.24 2494.8 2756.75 1793.7
750.35 1034.6 1444.87 2305.56 2200.93 1503.88
860.49 1245.23 1797.21 3366.6 2532.4 1488.68
705.76 1005.19 1405.55 2255.43 2487.95 1732.24
521.89 761.91 1052.48 3103.04 1706.2 972.8
283.47 371.72 524.54 762.46 685.47 438.5
918.03 1341.04 1871.96 3189.31 2659.23 1703.8
828.49 1210.81 1848.7 2968.76 2507.64 1434.52
274.06 359.45 475.98 707.69 773.79 563.58
539.61 825.59 1081.09 3830.63 1783.78 983.57
838.1 1213.42 1812.5 3452.52 2592.27 1506.47
290.81 464.99 515.52 3090.56 1223.22 677.0
214.11 270.29 361.04 536.14 512.79 338.22
804.95 1194.18 1784.65 2615.73 2381.55 1503.07
402.47 675.21 732.67 4065.44 1596.3 846.59
841.6 1223.96 1875.91 2911.54 2546.16 1474.55
153.46 181.62 224.21 295.06 308.49 231.96
811.06 1193.9 1728.73 3184.36 2840.1 1824.54
510.1 817.43 928.4 4278.44 1738.23 921.93
904.28 1330.15 1905.06 3100.27 2180.56 1313.67
859.09 1309.57 1882.36 3354.23 2634.33 1624.06
943.81 1351.77 1968.19 3165.62 2455.09 1525.27
868.27 1267.28 1955.05 3197.59 3576.47 2109.93
742.38 1157.56 1682.13 3492.81 2599.39 1606.91
914.92 1327.33 1943.82 3288.73 3567.91 2324.9
519.07 793.84 945.52 3643.2 1639.52 881.74
334.18 606.88 608.18 4400.12 1446.68 733.69
329.7 581.86 592.47 4723.01 1519.59 743.34
697.86 1054.4 1445.45 3514.86 1830.96 1055.78
907.23 1339.11 1978.81 3239.18 3143.3 2008.56
775.9 1093.05 1512.04 2354.04 2360.63 1705.52
506.88 749.09 1053.24 2923.36 1701.37 944.5
875.78 1251.57 1735.43 2819.49 2273.31 1440.84
511.19 728.21 1057.41 1607.64 1634.4 1067.46
362.45 568.73 700.65 3545.63 1310.63 692.28
428.0 690.0 915.67 2916.58 1575.11 892.25
891.04 1303.41 2008.2 3160.15 2719.69 1554.67
628.89 808.9 967.3 1636.45 1809.03 1491.96
676.96 1014.14 1384.99 3501.67 2441.34 1501.2
670.66 1030.68 1404.77 3497.38 2648.15 1687.07
687.41 920.59 1165.12 1955.0 1819.87 1401.63
584.2 871.54 1211.41 3838.62 2032.59 1140.68
197.72 247.04 324.24 451.0 430.72 309.84
964.77 1413.89 2188.04 3586.64 4013.11 2362.38
396.19 631.03 752.18 3944.46 1696.93 996.26
693.0 946.35 1261.81 2091.34 1906.05 1370.76
654.68 930.72 1287.41 2092.85 1580.35 1031.27
926.16 1400.73 2038.08 3586.31 3536.81 2288.63
717.33 1044.02 1517.64 2770.86 2262.31 1448.56
683.48 1012.01 1393.09 2800.39 1748.3 1046.52
616.46 881.01 1274.89 2048.94 1931.16 1238.73
722.89 1043.74 1491.49 2306.43 2257.46 1548.64
504.92 838.51 1055.01 4102.91 2338.34 1366.43
557.85 808.8 1180.0 1723.41 1558.89 1009.37
221.79 452.92 283.49 5000.38 1349.8 597.32
507.68 647.89 741.9 1318.29 1504.91 1255.58
938.42 1342.67 1956.23 3120.04 2435.77 1515.66
770.5 1085.66 1552.07 2476.27 1984.97 1278.93
583.18 794.38 1007.96 1894.46 1938.72 1460.12
658.4 858.81 1060.86 1764.24 1959.06 1562.58
192.33 385.55 311.63 4739.9 1233.44 568.54
957.69 1370.64 2084.67 3207.87 2838.9 1682.98
685.71 966.14 1308.08 2185.68 1733.31 1168.1
593.16 853.44 1248.26 1908.18 1940.28 1260.31
529.01 847.56 1148.71 4179.03 2609.91 1405.47
829.97 1211.59 1843.49 3159.04 3396.57 2009.0
831.49 1223.08 1765.31 2790.34 2482.26 1628.17
618.7 836.29 1105.22 1828.45 1853.02 1345.09
751.51 1080.34 1595.1 2440.22 2305.0 1499.06
361.71 607.41 472.04 4214.63 1299.67 686.91
744.65 1029.41 1382.42 2166.64 2137.58 1574.27
628.96 846.5 1093.25 1807.68 2037.91 1527.99
860.69 1235.25 1840.24 3007.52 2851.82 1688.1
518.97 783.66 843.97 3407.35 1606.55 999.47
833.75 1189.86 1711.81 2699.48 2678.88 1765.82
887.17 1264.8 1901.78 2946.49 2654.96 1599.77
934.93 1396.98 2086.75 3220.35 3550.25 2326.32
103.39 262.93 99.6 4896.61 956.55 355.75
184.52 226.42 281.74 399.04 333.23 239.84
964.3 1381.15 2096.66 3243.43 2862.27 1697.94
483.45 813.06 1003.3 4134.4 1926.26 1054.12
942.33 1358.05 2025.6 3336.82 3149.28 1859.27
203.77 251.91 320.69 454.94 520.12 384.0
818.59 1160.93 1706.57 2672.91 2442.41 1536.72
234.09 300.55 388.31 574.4 470.01 321.85
704.68 937.3 1224.86 2049.1 1993.29 1480.81
813.06 1182.17 1819.73 2794.6 2446.24 1406.46
723.41 1081.6 1633.37 2405.2 2272.28 1462.2
885.06 1295.07 1809.71 3149.21 2562.88 1631.97
687.47 1069.06 1316.76 4360.22 2178.11 1178.83
158.29 212.74 223.36 857.55 378.2 232.13
690.62 1070.11 1481.48 3622.41 2231.17 1330.66
650.87 1023.89 1174.51 4406.95 1893.35 1038.94
456.26 605.39 705.38 1552.41 1409.25 1075.84
834.98 1206.19 1728.1 2641.78 2593.19 1798.27
569.71 863.82 1075.19 3627.86 1758.35 956.66
553.78 739.87 954.42 1599.35 1638.76 1224.39
135.28 337.33 130.28 5166.37 1111.64 458.92
540.72 816.49 1072.98 3123.04 2085.37 1267.82
595.03 795.0 1018.84 1767.6 1994.51 1472.27
846.99 1281.87 1878.88 3454.82 3306.79 2128.71
847.26 1194.73 1651.47 2643.07 2536.68 1693.66
476.35 686.18 962.39 2054.48 1478.2 938.64
545.12 738.7 958.89 1583.41 1629.21 1219.6
984.78 1493.15 2276.26 3371.69 3183.03 2033.32
849.71 1235.39 1716.42 3185.21 2255.27 1369.12
309.5 565.76 636.93 4064.36 1663.19 807.87
738.51 1012.69 1399.47 2241.83 2159.03 1498.19
336.97 475.33 600.17 1304.96 902.63 602.61
507.57 740.83 918.67 2735.28 1519.82 971.06
670.66 1033.26 1411.68 3840.75 2526.22 1536.54
695.32 921.02 1173.22 1951.49 1887.99 1459.07
921.11 1325.42 1978.47 3238.46 3070.4 1814.24
303.73 422.12 561.74 1334.37 989.74 637.46
531.12 834.34 1097.8 3371.31 1780.0 1031.92
772.51 1145.54 1501.3 3318.32 2329.83 1497.17
516.54 787.56 1046.03 3763.95 1692.94 947.13
721.89 991.65 1373.76 2290.75 2104.6 1424.23
642.38 968.13 1351.4 3589.05 2409.54 1483.87
656.46 1067.92 1319.88 4420.6 2849.39 1574.3
333.26 467.29 673.74 962.54 912.8 609.7
127.8 143.78 168.39 202.81 196.88 160.75
674.46 923.37 1208.51 1998.97 2031.8 1461.91
470.65 790.61 732.8 4883.74 1542.83 751.32
439.53 708.37 896.87 4025.79 1803.24 1037.08
740.62 1032.57 1393.84 2269.1 2240.53 1543.38
606.57 806.6 1033.59 1767.99 1781.44 1333.08
758.68 1099.65 1688.59 2589.13 2267.33 1306.84
718.97 1015.46 1477.67 2427.39 2328.22 1426.23
291.25 384.21 497.99 768.72 696.95 492.41
741.87 1006.31 1364.11 2274.28 2154.72 1524.54
725.33 1071.03 1548.41 2774.53 2529.22 1615.96
810.34 1145.02 1686.1 2643.68 2436.37 1518.72
115.08 122.91 136.4 160.79 168.22 139.44
593.12 885.34 1251.8 3320.45 2030.63 1149.25
702.49 1041.28 1430.39 3035.83 2206.59 1383.77
699.23 1101.11 1380.65 3946.32 2362.92 1421.34
710.12 1063.89 1446.66 3649.9 2107.16 1231.64
624.5 855.36 1106.48 1866.5 1778.36 1284.34
492.94 639.08 776.57 1361.91 1363.14 1063.01
918.92 1324.44 2030.48 3124.13 2768.97 1605.81
613.81 881.75 1248.0 2723.14 1915.98 1166.16
818.96 1203.38 1639.01 3307.49 2239.23 1347.74
715.56 1078.45 1374.81 3501.79 2019.89 1213.71
852.39 1286.07 1892.58 3200.51 2592.41 1609.39
659.36 905.19 1242.58 2100.63 2084.5 1389.32
541.52 768.02 1060.76 1677.14 1457.81 952.55
889.55 1314.03 1942.54 2891.22 2663.46 1711.07
426.04 682.83 846.83 4112.5 1942.99 1135.52
554.54 749.32 876.99 1961.86 1617.46 1223.43
901.98 1310.02 1997.11 3290.47 3679.81 2205.04
738.8 1100.08 1598.88 3522.26 2418.17 1371.36
188.39 392.58 315.95 4431.23 1338.96 575.98
695.22 1035.1 1461.83 3511.54 2463.94 1515.47
838.77 1194.72 1634.37 2649.55 2379.38 1610.57
250.22 397.8 348.01 3940.63 1220.19 708.01
772.69 1139.73 1631.82 3656.16 3157.33 2000.6
934.71 1395.12 2072.22 3131.57 2765.81 1754.23
846.5 1238.32 1791.94 2744.22 2483.75 1640.36
103.85 129.88 109.51 834.46 226.75 143.05
571.59 831.85 1219.44 1860.28 2046.47 1357.82
635.16 841.27 1043.58 2022.69 1777.66 1376.04
504.5 686.54 904.29 1427.62 1451.11 1073.96
671.96 883.98 1097.14 1830.74 1921.43 1507.02
623.86 919.0 1328.88 2362.41 1877.8 1194.06
600.59 940.12 1242.08 3872.47 2243.04 1323.55
132.48 147.94 173.72 222.48 201.35 158.5
318.08 584.72 404.9 5016.75 1273.33 527.11
339.32 539.61 605.34 3520.39 1362.84 723.29
306.71 414.07 599.12 933.43 1035.37 640.79
563.09 792.56 1152.33 1736.91 2046.32 1353.77
452.13 693.68 881.74 2895.29 1675.71 998.88
501.34 747.31 952.57 3034.26 1939.04 1261.01
108.29 165.85 129.59 1917.45 469.66 224.46
378.73 586.77 602.46 3266.2 1534.79 948.5
882.79 1333.44 1952.38 3351.17 2672.91 1659.95
290.66 479.3 537.87 3964.75 1445.91 780.48
539.47 865.44 1094.86 4241.04 2269.8 1328.74
262.18 385.06 490.23 1486.21 807.78 479.7
587.26 807.69 1145.85 1870.1 1648.29 1066.52
722.1 1057.44 1401.43 3249.3 2176.93 1412.14
146.3 246.86 184.85 2081.87 564.97 283.05
135.85 344.16 120.69 4793.38 1007.05 399.37
271.99 362.76 500.45 730.6 741.79 504.65
684.82 1027.1 1433.75 3569.29 2496.03 1413.87
686.08 994.69 1461.65 2238.24 2385.44 1546.59
774.93 1116.31 1598.62 2506.09 2322.88 1443.59
947.25 1388.84 2051.77 3172.96 3387.59 2195.21
755.09 1128.15 1577.04 3410.31 1961.99 1140.3
193.1 374.13 331.64 4477.47 1183.01 556.43
724.29 1020.14 1390.21 2593.82 2382.64 1659.32
698.16 1000.06 1472.66 2248.57 2124.43 1384.49
500.14 806.3 961.03 4103.76 1594.03 835.11
599.71 844.71 1223.9 1858.85 2187.89 1453.96
703.52 990.37 1416.9 2255.41 1801.08 1153.51
531.89 762.03 1103.62 1757.05 1797.49 1170.26
788.8 1118.7 1557.02 2502.39 2379.12 1551.4
839.76 1229.28 1818.7 2798.92 2984.71 1925.9
760.46 1114.38 1628.49 2615.16 2688.79 1731.49
473.57 624.72 794.74 1278.48 1412.47 1093.3
535.5 880.94 1046.14 4260.17 2379.48 1394.77
392.04 554.64 761.16 1719.52 1239.55 733.23
412.44 576.96 825.9 1239.9 1318.37 871.18
690.42 1021.64 1358.78 3220.37 1994.25 1186.22
959.83 1397.83 2063.85 3292.81 3154.89 2003.2
207.16 374.32 267.32 3360.18 997.01 533.4
732.69 1005.73 1318.4 2192.5 1896.14 1385.26
431.51 626.93 731.65 2524.61 1394.57 901.65
635.4 878.42 1229.42 2050.78 2009.66 1302.35
497.87 656.72 803.62 1364.29 1422.64 1111.33
955.6 1429.53 2135.76 3309.22 3637.66 2381.95
883.98 1288.23 1886.23 2939.27 3011.12 1970.03
457.6 652.01 898.57 1789.36 1362.75 840.75
904.4 1309.91 1913.86 3101.32 2956.23 1901.62
547.55 725.73 944.96 1581.5 1577.16 1146.99
508.23 700.77 986.64 1550.28 1246.36 814.1
906.52 1310.43 1937.08 2987.41 2829.83 1842.94
974.13 1408.95 2086.48 3234.13 3783.32 2469.51
566.34 797.43 1159.73 1748.41 2060.01 1362.58
809.92 1202.2 1604.62 3736.78 2197.75 1302.34
755.28 1088.33 1514.78 2429.92 2121.98 1382.0
934.21 1391.17 2066.69 3057.1 2758.48 1758.05
808.72 1207.34 1809.59 3883.22 3469.8 2001.91
460.67 592.48 700.92 1242.57 1372.15 1093.92
505.51 816.42 929.33 3961.87 2154.64 1303.63
346.44 545.92 664.5 3004.29 1569.28 900.56
186.91 354.54 310.35 4731.47 1237.29 573.29
709.63 979.84 1384.02 2303.36 2038.51 1325.95
808.44 1204.3 1695.92 3647.19 2776.42 1709.83
690.95 975.22 1467.45 2233.78 1985.8 1190.3
847.18 1220.16 1820.73 3079.72 3391.59 2083.21
643.11 837.29 1015.15 1722.61 1745.24 1417.64
947.15 1392.69 2145.21 3684.33 3963.07 2325.0
744.17 1088.57 1605.07 3105.82 3049.29 1832.72
207.3 343.64 329.91 2350.38 771.21 407.0
804.95 1154.43 1764.09 2705.87 2396.63 1392.62
546.83 776.06 1072.33 1696.12 1474.15 962.81
522.74 673.63 787.0 1382.34 1574.42 1291.97
169.81 336.34 257.85 4255.3 1220.17 552.39
545.59 855.59 1179.87 3867.76 2006.13 1049.04
278.7 460.59 439.23 3423.92 1304.01 713.45
268.51 352.03 462.31 696.17 564.98 378.79
866.77 1268.03 1843.23 3410.36 2908.35 1833.49
664.01 944.66 1371.61 2542.61 2038.49 1245.71
656.71 985.91 1342.22 3744.84 2106.11 1181.25
977.31 1420.86 2102.99 3263.13 3196.51 2035.85
656.74 1002.41 1343.91 3489.76 1867.94 1062.32
327.0 566.9 600.14 4245.61 1394.99 673.83
935.72 1347.23 2011.9 3294.32 3123.27 1844.76
797.36 1122.1 1581.43 2487.8 2770.91 1899.92
317.83 442.99 635.79 905.48 859.04 575.98
509.42 815.56 1004.51 4276.87 2199.87 1281.05
481.39 608.89 713.83 1201.19 1278.15 1072.55
791.69 1142.85 1597.39 2619.93 1959.57 1252.42
255.85 345.39 483.33 676.28 643.05 440.54
532.67 827.14 1152.75 4279.66 2535.64 1394.66
950.08 1411.05 2089.69 3239.87 3573.43 2366.25
476.01 856.62 774.39 4613.9 1566.43 779.2
705.73 988.1 1346.85 2509.12 2119.93 1424.93
600.05 885.16 1277.56 2191.79 2183.24 1428.23
775.31 1065.14 1442.49 2317.78 2378.0 1711.13
937.81 1361.31 2012.44 3120.4 3057.07 1949.04
616.51 887.38 1344.49 2136.21 1814.15 1050.63
759.62 1082.59 1529.14 2806.91 2284.68 1443.98
545.36 775.9 1174.11 1783.0 1565.42 915.99
498.39 758.86 1029.16 3798.79 1788.81 966.1
276.13 519.99 455.54 4660.7 1360.58 639.18
164.2 198.09 249.49 335.41 339.59 251.06
764.72 1061.05 1475.22 2378.86 2002.8 1361.8
809.82 1146.11 1667.38 2900.84 2358.36 1439.79
760.68 1078.53 1511.35 2408.3 2518.82 1737.03
392.45 670.76 701.81 4585.57 1622.79 863.29
431.18 643.82 749.57 2825.78 1451.79 934.85
290.58 532.99 565.39 3794.02 1470.27 771.36
448.69 597.85 816.17 1314.26 1189.96 816.6
556.5 897.63 1147.81 4181.09 2391.8 1420.68
408.91 657.86 746.2 3711.85 1543.23 851.36
856.04 1216.33 1670.43 2722.31 2251.07 1463.15
801.97 1186.09 1681.85 3554.21 3207.92 2042.98
731.23 1033.43 1446.76 2503.42 2290.26 1569.58
966.31 1410.74 1985.13 3194.53 2764.17 1772.81
700.06 997.71 1481.72 2436.34 2730.66 1688.41
845.44 1209.17 1726.59 2712.78 2799.14 1895.9
548.69 778.86 1076.36 1702.73 1479.84 966.39
570.25 781.11 1079.55 1672.51 1946.08 1366.66
557.73 900.28 1143.22 4118.07 2004.64 1053.01
374.54 600.0 730.77 3725.5 1614.43 927.35
934.41 1395.12 2094.03 3077.73 2800.54 1760.74
330.09 449.44 617.21 935.73 1025.12 717.32
150.14 356.44 247.69 4614.61 1307.4 540.59
634.09 875.35 1168.69 2011.12 1972.36 1387.65
781.09 1077.01 1520.17 2410.98 2290.77 1537.55
485.75 794.14 1038.13 3518.46 1897.48 1095.81
717.63 1076.6 1480.81 3657.27 2761.75 1711.68
883.64 1287.96 1984.3 3054.95 2677.49 1541.14
824.39 1205.6 1664.53 3343.84 2235.02 1343.7
741.5 1057.43 1444.07 2820.92 2410.19 1525.17
556.97 791.37 1192.07 1818.68 1604.8 947.77
653.19 999.96 1336.13 3714.56 2312.77 1325.73
941.46 1361.8 1949.4 3080.75 2867.46 1793.87
471.48 748.36 877.21 3762.97 1743.86 953.64
238.8 311.89 422.48 606.4 641.26 442.6
806.88 1145.22 1569.54 2581.65 2021.11 1358.44
515.91 770.54 1044.22 2913.29 1655.04 933.8
626.27 904.02 1325.35 2029.57 2063.82 1338.21
752.02 1069.88 1580.75 2489.09 2256.28 1390.85
439.88 631.03 702.07 2379.84 1261.45 813.95
643.41 1018.62 1349.05 4112.66 2683.68 1630.72
568.08 765.49 1018.15 1755.32 1952.87 1361.91
815.52 1179.85 1681.55 2659.53 2548.06 1763.82
515.52 785.64 1026.23 4039.07 1719.4 955.06
769.83 1151.38 1734.95 2568.17 2432.87 1571.48
483.61 732.9 883.89 3556.1 1739.63 1041.02
895.69 1281.01 1776.22 2882.15 2336.33 1486.93
406.47 603.86 827.18 2050.87 1212.39 748.24
322.16 432.24 604.84 885.28 1033.72 701.48
816.06 1157.61 1683.27 2806.63 2680.33 1645.52
816.48 1142.51 1657.41 2602.45 2421.08 1556.46
699.6 970.33 1290.34 2144.96 1853.4 1265.79
279.26 475.73 520.57 4573.97 1477.95 719.15
870.21 1279.72 1867.99 2796.16 2570.37 1682.77
968.37 1447.83 2174.91 3200.54 2910.9 1828.73
863.98 1267.18 1878.82 2901.12 2950.84 1897.48
493.15 687.41 946.93 1447.17 1372.25 954.94
805.86 1190.02 1686.36 2995.18 1979.19 1178.9
601.23 931.47 1248.96 3881.28 2691.54 1614.61
395.18 664.06 796.39 4391.96 1878.05 1052.17
933.79 1386.91 2051.97 3186.31 3518.79 2330.53
858.11 1249.18 1767.04 3218.9 2679.99 1656.67
404.43 550.88 804.46 1199.24 1071.49 661.68
692.83 931.54 1198.46 1927.02 1969.9 1522.77
544.35 832.52 1050.31 3215.75 1677.56 951.74
387.14 547.52 727.75 1504.29 1067.47 680.9
459.15 667.51 920.67 2386.26 1709.24 1067.92
843.97 1206.58 1697.05 2703.29 2563.34 1652.74
847.13 1229.48 1862.04 2981.47 2582.29 1519.56
822.44 1164.89 1723.82 2696.63 2473.58 1529.25
305.21 459.14 523.71 1763.83 841.46 496.28
653.45 886.59 1164.25 1906.59 2144.52 1582.08
742.14 1045.39 1507.97 2393.94 2239.39 1445.28
439.27 610.87 853.32 1309.48 1217.38 775.39
567.74 879.06 1120.14 3742.56 2242.2 1361.19
488.17 744.74 800.72 3481.52 1620.03 988.99
233.63 351.61 402.18 1897.19 782.84 423.77
653.3 999.25 1432.81 4106.51 2916.03 1639.19
328.96 558.31 560.36 4071.22 1308.26 648.03
766.76 1114.97 1648.17 3380.07 2408.33 1396.82
766.19 1113.54 1547.66 2630.09 2173.94 1393.52
904.01 1311.21 1999.89 3260.63 2750.62 1578.54
574.36 955.5 1032.12 4974.6 2370.09 1239.67
630.82 956.32 1324.52 3674.03 2257.3 1353.07
960.3 1395.65 2009.91 3173.31 2934.56 1813.18
282.61 399.71 550.63 1196.02 817.13 526.41
190.73 259.83 239.86 1359.6 643.26 429.07
242.74 453.98 456.89 3865.66 1468.36 733.37
371.49 515.43 709.92 1113.57 801.81 508.67
601.88 817.29 1063.86 1778.69 1774.92 1265.85
854.65 1228.4 1751.57 3152.23 2277.23 1413.75
775.37 1099.66 1512.22 2451.42 2010.55 1298.66
416.34 670.27 792.57 3801.66 1806.39 1039.8
458.31 812.55 670.08 5216.16 1646.54 813.49
184.53 320.6 321.0 3194.78 868.37 407.4
423.28 577.07 833.65 1318.96 1108.67 682.21
873.62 1304.08 1940.66 2906.63 2571.61 1623.09
701.42 1061.62 1453.73 3261.56 1893.93 1102.68
128.32 340.1 235.39 4234.8 1156.25 462.89
719.25 1107.0 1488.94 3842.36 2551.52 1538.05
738.84 1002.22 1368.21 2197.72 2145.74 1512.76
542.77 766.16 1101.33 2111.01 1543.36 917.2
227.53 428.59 377.64 4615.4 1122.05 490.0
625.29 975.89 1218.71 4315.87 2049.06 1071.46
740.37 996.25 1340.81 2158.74 2127.31 1535.44
707.26 1032.81 1403.96 3223.19 2587.43 1681.96
522.2 697.62 928.34 1531.44 1503.06 1060.97
551.86 743.41 943.32 1625.91 1458.1 1077.37
532.45 688.97 810.7 1419.17 1583.77 1287.04
861.6 1235.04 1877.27 2899.52 2584.58 1519.32
654.14 856.21 1058.2 1765.28 1916.58 1531.76
740.92 1024.53 1449.86 2302.08 2191.21 1460.79
334.4 631.46 558.97 4655.82 1425.52 685.61
236.78 295.98 373.82 551.28 562.41 425.17
568.8 751.77 942.43 1599.87 1696.84 1304.6
226.11 289.76 389.4 552.98 526.81 370.81
611.12 842.01 1104.81 1873.73 1579.94 1117.54
158.14 247.67 210.14 1929.16 593.78 318.25
782.25 1165.52 1637.99 3723.01 3184.45 2015.34
595.86 843.51 1229.24 1858.05 2050.35 1343.36
204.57 381.86 329.26 3304.34 1111.61 543.4
269.38 470.68 494.19 4017.22 1359.49 658.41
328.66 552.86 577.1 3721.3 1308.08 711.89
844.04 1186.15 1667.14 2639.31 2656.39 1821.63
603.31 859.1 1293.6 1979.14 1752.57 1041.42
582.79 911.78 1170.43 3928.77 2359.98 1411.94
576.07 785.48 1058.08 1716.12 1713.38 1230.16
703.88 1019.96 1555.08 2475.47 2102.59 1210.92
218.47 284.03 381.9 542.74 589.55 415.89
489.89 747.26 823.34 3583.27 1700.79 971.21
252.11 422.21 503.5 2551.53 1072.02 534.21
369.8 618.09 767.82 3955.12 1868.93 1031.88
785.07 1141.69 1688.66 3239.01 2444.23 1414.03
343.72 464.49 653.83 961.49 1124.33 759.84
426.48 534.32 601.84 1102.29 1211.31 998.87
866.75 1246.68 1842.37 2810.26 3322.57 2175.89
707.35 994.16 1360.6 2131.22 2115.01 1507.32
906.68 1329.04 1847.65 3127.44 2602.11 1661.4
489.45 714.99 964.54 2495.08 1393.2 820.05
832.55 1162.32 1646.69 2722.46 2666.79 1728.04
847.06 1207.37 1754.45 2791.34 2180.84 1360.66
788.42 1226.51 1781.21 3789.69 2705.31 1669.78
827.01 1195.71 1732.29 2710.18 2899.81 1915.93
379.02 522.7 735.25 1112.06 1135.27 763.93
729.09 1116.64 1601.25 3818.37 2965.96 1869.21
763.43 1098.92 1615.01 2492.28 2441.65 1563.63
261.76 346.93 475.82 690.16 730.78 499.26
679.41 967.39 1471.35 2244.59 1987.08 1158.45
592.67 852.09 1244.63 1897.45 2021.18 1316.03
625.34 801.1 952.3 1616.2 1770.55 1470.03
129.44 144.33 167.23 206.15 203.91 164.95
671.91 965.3 1344.49 2142.89 1858.79 1204.32
337.02 597.95 564.06 4393.77 1360.23 669.88
771.7 1153.87 1579.93 3632.29 2517.92 1502.7
422.16 670.39 839.71 3192.18 1738.12 1041.92
127.86 277.5 198.78 4170.21 1076.92 426.34
612.9 876.74 1225.92 1979.86 1446.76 915.33
604.41 918.01 1282.63 3553.95 2395.76 1456.52
897.59 1365.46 2061.05 3267.35 2928.79 1859.21
426.24 592.3 739.81 1702.99 1272.95 919.3
553.96 804.8 1181.43 1744.2 1668.56 1110.0
774.7 1123.96 1727.22 2649.66 2320.04 1336.19
629.21 1019.45 1188.53 4307.4 2306.42 1252.9
404.75 561.09 763.16 1188.6 1037.21 688.47
624.29 801.91 951.46 1623.92 1713.55 1424.44
798.94 1116.15 1537.57 2555.62 2502.23 1742.62
916.86 1314.35 1905.15 2979.97 2951.35 1938.7
717.61 1101.45 1585.5 3679.83 2922.8 1843.54
256.1 499.91 428.85 4892.89 1371.41 654.69
175.08 406.3 266.05 4755.08 1341.12 567.31
681.81 1034.82 1395.84 3874.47 2837.06 1749.33
804.95 1122.5 1553.54 2661.32 2151.9 1457.8
684.98 957.16 1292.9 2040.92 2025.94 1464.89
883.06 1281.05 1944.94 3254.4 2694.88 1548.97
907.78 1298.36 1875.46 2937.48 2914.55 1924.1
630.67 828.93 1025.35 1956.91 1814.59 1411.27
639.99 1021.17 1198.4 3817.51 1795.65 1015.54
548.35 768.31 1101.33 1691.22 1617.86 1084.9
622.62 823.14 1037.45 1880.71 1792.71 1372.36
206.56 415.09 351.71 4558.81 1386.85 633.05
672.77 1045.22 1375.32 3878.11 2655.57 1615.77
715.98 974.3 1261.82 2104.84 1867.99 1391.3
435.86 555.05 646.14 1120.42 1254.81 1031.82
600.63 802.21 1017.04 1693.27 1558.45 1194.12
512.15 729.68 1059.65 1611.17 1637.99 1069.72
328.96 408.15 467.63 814.19 859.17 702.33
803.19 1186.59 1761.67 3473.15 2565.41 1442.68
901.13 1350.83 2030.22 3034.62 2887.84 1875.65
745.63 1116.44 1611.79 3027.17 2483.16 1614.94
937.4 1350.97 2027.32 3305.03 2798.33 1650.31
372.33 711.61 421.29 5580.57 1360.28 577.66
731.37 1063.66 1489.29 3180.17 2261.87 1340.26
243.36 342.8 441.45 1224.55 670.03 416.09
728.82 1088.55 1599.79 3427.36 2400.09 1340.08
628.24 910.54 1127.35 3294.66 1939.62 1215.02
913.58 1334.79 1960.0 3364.33 3038.2 1917.16
510.35 722.01 837.74 2110.39 1425.38 1000.11
314.62 407.39 540.17 864.32 786.8 546.88
946.94 1374.25 2042.87 3141.62 2966.49 1919.41
330.62 469.91 583.19 1503.73 919.55 558.93
864.33 1251.1 1896.64 3121.25 3497.03 2113.12
705.14 940.7 1214.08 1977.45 2193.66 1670.39
683.47 980.49 1390.16 2202.19 2427.8 1668.11
162.98 204.02 235.65 684.05 373.44 262.01
978.39 1483.92 2258.9 3379.02 3166.08 2021.85
199.33 398.99 271.61 4514.65 1125.58 496.14
658.73 940.83 1382.2 2110.02 1991.67 1300.03
918.37 1351.4 1882.29 3346.92 2693.48 1704.69
567.23 787.55 1124.49 1870.43 2084.58 1340.61
232.25 463.82 363.1 4926.48 1375.08 658.45
305.51 542.56 558.67 4110.5 1422.94 687.92
480.41 620.16 738.25 1269.71 1408.62 1142.36
555.34 774.85 1103.38 1759.78 1377.36 877.93
920.27 1322.6 1847.83 2989.84 2379.36 1485.05
570.34 794.09 1167.4 1873.48 1567.53 947.07
294.65 433.51 381.0 2648.39 1088.53 722.42
403.01 558.45 759.36 1182.37 1031.84 685.09
157.54 313.93 233.5 4773.17 1104.11 476.26
880.99 1316.52 1944.01 3142.64 2688.71 1692.25
568.21 746.51 919.66 1597.02 1735.91 1342.13
858.67 1281.78 1872.85 3142.86 2590.88 1642.95
731.2 1117.96 1616.07 3476.99 2337.29 1417.85
748.91 1071.42 1635.83 2501.82 2213.41 1285.4
793.51 1199.99 1656.26 3731.27 2905.95 1797.19
766.13 1108.2 1610.74 3153.17 2585.86 1528.03
583.86 934.43 1215.42 4129.89 2478.7 1486.98
462.44 591.52 698.48 1236.13 1384.5 1101.29
394.48 589.79 815.95 2264.12 1318.93 718.56
167.02 251.76 270.76 1989.3 641.24 331.42
460.7 688.35 873.83 2206.27 1714.29 1082.0
883.07 1289.36 1895.13 2949.7 3010.54 1956.96
382.93 654.65 762.51 3761.65 1676.6 929.28
588.12 894.52 1188.99 3917.54 2105.18 1205.29
456.12 653.21 947.38 1367.93 1232.28 799.3
661.27 1008.54 1284.85 3749.79 1940.71 1114.21
712.05 1001.12 1418.71 2221.04 2218.53 1498.23
428.4 609.72 884.78 1271.94 1162.85 753.61
129.59 143.82 168.47 206.84 194.42 154.59
795.52 1133.98 1630.64 2625.14 2470.74 1651.24
545.67 896.03 1156.91 4061.85 2081.67 1165.69
656.26 932.73 1416.54 2158.89 1911.66 1116.15
495.88 662.29 879.83 1424.02 1427.13 1023.22
607.32 952.14 1140.1 4462.25 1989.1 1047.64
763.57 1150.23 1479.26 3932.11 2109.03 1225.57
726.05 982.37 1319.42 2210.72 2466.82 1750.71
429.84 716.82 845.68 4504.01 2108.75 1098.38
835.0 1206.55 1745.4 2735.27 2927.58 1937.72
702.42 997.13 1444.0 2213.71 2450.65 1623.98
531.5 911.06 917.29 4328.14 1643.43 861.4
585.76 872.88 955.91 3165.79 1754.87 1169.34
456.03 584.42 688.69 1198.1 1335.99 1080.9
438.11 606.98 870.0 1298.77 1429.89 947.82
163.55 339.49 288.59 3268.05 1029.35 470.01
631.84 1021.33 1098.86 4597.23 1994.35 1111.79
563.31 811.5 1157.36 2278.18 2171.83 1394.9
886.89 1284.05 1905.77 2926.51 2763.19 1789.78
831.67 1189.38 1683.99 2561.78 2449.12 1685.72
777.2 1079.59 1540.96 2439.1 2304.54 1518.18
975.47 1418.24 2099.05 3259.01 3190.59 2031.76
181.63 261.74 284.94 1679.84 606.62 342.11
833.17 1190.03 1771.5 2761.56 2495.57 1535.17
340.72 704.64 400.93 5108.06 1403.91 633.51
703.48 994.55 1435.87 2210.29 2598.73 1737.01
916.03 1330.46 2025.38 3334.53 3735.89 2247.28
678.79 972.21 1389.9 2417.75 2097.14 1382.74
691.9 1003.32 1362.14 3007.45 2664.01 1743.15
260.75 342.04 467.09 679.66 667.39 454.64
514.58 745.52 1021.71 2136.01 1583.3 961.04
390.67 611.1 739.04 3376.35 1758.94 1060.13
523.29 698.46 882.91 1473.83 1502.11 1141.13
839.13 1230.96 1675.08 3200.18 2474.05 1591.86
323.8 468.29 568.29 1749.09 1058.01 648.82
256.82 397.26 368.26 3093.25 1202.85 717.69
217.17 451.54 432.56 4133.28 1496.46 719.96
566.9 808.87 1021.06 2542.79 1804.06 1185.29
323.91 526.15 509.53 3599.07 1300.78 731.3
673.59 969.52 1407.59 2177.96 2230.14 1467.71
691.35 1049.04 1457.01 2953.16 2084.04 1274.62
598.45 867.07 1192.87 2771.33 1938.1 1190.64
736.62 1106.61 1506.2 3407.18 1928.67 1125.03
455.69 685.28 822.96 3275.58 1661.99 1043.97
871.41 1274.31 1871.13 3277.58 2776.27 1777.08
804.73 1136.07 1621.83 2539.77 2977.48 2015.07
684.32 912.38 1191.66 1950.11 1967.28 1472.11
716.58 1017.49 1392.19 2314.74 1796.76 1189.02
826.27 1227.1 1716.06 3208.02 2969.21 1920.56
923.57 1376.51 2037.17 3235.79 3497.99 2301.96
570.46 751.71 917.19 1574.37 1703.7 1333.85
677.72 1025.72 1348.99 3657.6 2051.45 1168.71
829.06 1177.87 1701.43 2722.43 2139.67 1349.67
200.08 249.68 327.43 453.77 520.64 370.96
877.04 1292.08 1868.38 3494.37 2949.5 1848.16
449.86 575.25 673.48 1195.97 1292.55 1043.28
853.05 1229.35 1759.21 2659.98 2521.1 1709.3
913.87 1348.96 1986.57 3208.88 3146.18 2012.0
582.86 837.27 1263.73 2142.35 2300.88 1367.25
642.09 978.26 1163.43 3748.46 1974.87 1190.97
465.15 631.15 884.04 1379.44 1308.52 869.11
719.4 1062.17 1573.88 2414.85 2659.58 1751.6
480.82 755.53 901.41 4107.69 1920.66 1077.94
576.37 741.57 896.56 1498.57 1615.23 1323.75
739.51 1093.46 1621.74 2376.95 2133.35 1355.81
847.28 1260.87 1878.16 2760.64 2475.99 1567.43
941.93 1425.68 2170.86 3213.23 3033.72 1939.68
540.45 701.46 828.25 1449.93 1572.37 1273.86
939.38 1350.29 1985.06 3052.61 3604.13 2374.54
962.54 1443.78 2151.12 3417.96 3680.39 2404.41
586.02 855.72 1174.17 3173.3 1957.99 1151.94
834.45 1199.48 1838.28 2818.42 2492.0 1441.66
182.53 216.25 254.4 365.75 411.78 330.17
839.79 1299.62 1916.89 3626.14 2857.51 1775.99
623.57 798.18 953.59 1615.89 1750.05 1445.15
499.59 698.2 1045.75 1579.02 1401.43 829.96
521.5 735.83 1098.28 1771.9 1976.27 1203.58
169.46 330.71 304.24 4281.75 1164.44 520.67
843.95 1284.6 1850.37 3665.97 3305.94 2116.21
866.09 1293.48 1870.78 3167.6 3261.48 2149.36
178.97 218.91 275.34 381.51 360.07 257.2
614.69 848.64 1167.4 2074.83 2221.24 1474.66
667.14 970.84 1414.39 2293.8 2226.48 1432.94
685.27 979.19 1378.78 2153.43 2124.51 1479.01
863.15 1265.83 1847.16 2754.65 2523.14 1655.56
797.1 1154.04 1611.56 3248.06 2179.18 1339.84
791.68 1164.09 1669.06 3602.33 2743.88 1585.78
268.81 362.23 501.69 730.89 797.59 550.13
901.53 1271.39 1882.15 2917.8 2652.92 1655.32
242.95 421.78 300.0 3338.41 870.56 389.49
676.95 953.65 1290.35 2799.07 2526.2 1661.63
972.55 1415.34 2092.03 3277.69 3185.27 2026.46
860.31 1223.33 1767.34 2826.03 2232.09 1408.53
313.66 421.33 559.92 878.85 674.54 456.36
398.81 523.68 704.29 1087.26 1047.67 743.11
581.24 843.71 1175.2 2215.69 1994.83 1293.0
496.97 817.6 1000.76 4292.45 2202.79 1276.49
845.43 1214.39 1819.23 2866.25 2548.08 1543.42
420.13 729.24 843.37 4321.01 1739.47 949.09
800.21 1161.61 1780.18 2911.65 3255.32 1933.73
530.86 895.11 828.37 4932.46 1660.31 830.54
882.65 1317.88 1970.16 2956.23 2822.09 1844.36
786.99 1204.16 1506.98 3995.58 2356.33 1418.13
268.76 454.22 505.47 4315.55 1336.76 635.24
354.06 640.86 420.54 3964.43 1393.44 805.4
440.0 557.78 641.88 1151.83 1248.02 1017.65
143.83 315.44 158.75 4268.87 993.28 437.33
833.5 1204.51 1728.69 2714.92 2515.8 1560.2
258.65 337.29 441.13 661.31 537.79 362.49
957.63 1372.75 2083.85 3265.28 2849.23 1686.29
385.63 655.97 631.25 3377.09 1425.35 744.38
788.76 1130.83 1648.75 2557.38 2518.31 1634.16
569.76 755.9 957.64 1615.65 1697.55 1290.87
546.89 863.51 1068.38 4128.67 2044.96 1177.73
895.05 1286.1 1916.79 3136.46 2975.66 1762.01
130.7 179.68 161.76 860.99 313.92 192.41
789.59 1164.44 1645.51 2920.77 1927.74 1151.06
853.37 1273.07 1852.75 3064.86 2574.46 1645.01
584.43 896.92 1085.15 3784.34 1952.83 1158.45
462.49 735.09 942.43 3388.79 1944.79 1175.67
793.48 1163.12 1706.89 3552.18 2513.05 1439.87
805.19 1142.04 1563.81 2572.77 2018.26 1359.05
554.44 880.08 1168.92 3867.28 2298.92 1331.16
488.59 658.5 874.18 1552.13 1420.24 996.98
707.6 1006.75 1374.17 2733.14 1935.73 1251.07
587.56 1000.76 1115.89 4330.96 2008.51 1119.59
737.66 1045.21 1512.18 2397.24 1876.13 1176.06
627.52 886.63 1132.04 2765.5 2009.19 1354.05
147.19 173.3 212.29 276.35 295.0 225.83
706.45 944.89 1251.7 2034.22 2034.55 1493.76
261.81 354.78 497.99 698.32 663.82 453.56
967.0 1404.8 2077.09 3223.91 3159.88 2015.24
786.52 1084.87 1479.12 2370.21 2423.4 1729.15
574.49 757.25 965.22 1568.71 1632.72 1270.3
893.16 1294.72 1900.01 3408.83 2995.1 1754.91
756.45 1079.54 1506.9 2409.2 2683.31 1885.5
202.11 426.07 236.14 5043.18 1248.81 516.65
736.87 1099.18 1584.58 2980.08 2257.24 1427.14
740.97 1052.38 1464.68 2268.14 2217.67 1549.52
795.19 1121.5 1616.3 2682.91 2593.79 1617.06
458.68 700.71 972.06 3086.01 1632.13 865.69
902.14 1306.22 1931.25 3006.85 2821.12 1832.77
511.69 788.12 1008.03 3779.31 1680.37 928.71
485.02 684.99 1029.67 1652.37 1842.25 1107.28
290.28 514.55 473.85 4331.09 1229.37 593.79
909.66 1301.18 1912.66 3195.71 3013.7 1822.3
716.78 1067.71 1491.48 3609.14 2527.91 1447.89
770.62 1084.25 1539.59 2472.34 2014.4 1312.98
539.55 771.52 1123.42 1711.6 1740.2 1134.16
718.63 1058.37 1512.79 3731.35 2581.78 1480.15
464.66 773.04 923.23 4232.29 2027.38 1116.45
633.65 1016.3 1391.0 4118.17 2328.57 1383.17
582.14 813.93 1205.81 1845.9 1665.21 1016.35
551.05 745.34 963.23 1581.14 1586.78 1182.28
703.73 1009.47 1453.73 2266.26 2423.95 1608.68
864.33 1234.91 1780.74 2853.54 2683.15 1797.75
126.36 273.37 208.13 4331.88 1053.14 445.82
571.1 755.66 949.93 1610.39 1704.03 1306.46
595.13 849.35 1147.43 2039.42 1669.52 1100.67
561.31 804.21 1171.76 1783.02 1898.88 1238.61
246.01 601.99 170.76 5410.08 1253.69 506.81
559.29 789.24 1045.5 1998.17 1766.74 1251.16
606.93 847.49 1204.38 1908.77 1530.63 988.06
194.05 363.98 340.74 4684.27 1217.94 541.14
376.84 514.02 729.1 1078.56 1263.53 849.51
591.32 827.2 1132.34 1795.44 1795.7 1283.26
503.97 677.66 922.1 1511.85 1683.46 1163.6
536.77 839.33 1126.66 3711.26 1952.88 1048.77
369.6 518.81 741.54 1107.59 1214.11 818.89
770.87 1094.44 1585.73 2516.89 1968.64 1232.1
906.9 1315.31 1913.28 2986.16 3188.31 2106.99
904.92 1298.03 1946.83 3195.63 2719.91 1623.24
440.28 556.72 640.15 1154.06 1255.48 1023.83
695.4 976.68 1433.34 2235.58 2057.39 1284.22
592.59 851.96 1244.44 1897.14 2020.86 1315.82
764.9 1065.33 1508.56 2575.59 2235.59 1449.94
759.03 1122.91 1674.92 2451.87 2232.94 1411.68
458.22 585.93 681.65 1222.53 1297.53 1043.39
269.14 470.38 433.83 3809.03 1174.25 583.32
642.13 967.88 1321.05 3611.1 2209.13 1289.13
373.98 496.7 544.41 1937.49 1255.27 920.64
467.51 636.27 830.92 1367.52 1169.78 839.46
419.94 644.0 806.99 2534.34 1583.63 961.44
919.6 1321.77 1944.2 2982.77 3525.37 2322.7
633.32 890.04 1223.13 1942.12 1940.9 1382.85
374.65 510.78 690.54 1071.7 857.87 554.41
433.16 577.93 799.36 1227.68 1158.35 790.09
929.19 1339.85 1910.27 3021.14 2823.88 1781.04
938.3 1403.65 2103.97 3163.47 2829.22 1773.52
880.36 1291.36 1792.29 3299.79 2587.08 1647.96
500.12 785.04 996.86 3915.53 1933.93 1057.21
513.62 791.96 861.97 3753.58 1933.33 1171.19
705.49 976.14 1274.37 2124.26 2049.54 1483.81
727.44 1020.49 1460.02 2326.62 2193.4 1433.36
605.81 874.6 1246.29 2355.64 1775.72 1045.19
442.44 733.37 820.04 4431.89 1813.53 981.29
553.57 789.13 1195.17 1928.73 2152.41 1286.61
395.37 507.08 580.17 1259.71 1150.09 906.57
510.62 721.27 993.53 1566.77 1362.79 892.89
798.9 1129.58 1676.57 2724.62 2285.1 1372.82
503.19 742.68 902.89 3467.47 1615.07 1003.67
137.05 156.05 180.62 232.34 213.93 171.54
698.83 1026.82 1456.2 3668.12 2194.66 1243.62
490.23 692.89 1042.23 1673.35 1865.79 1120.9
827.83 1194.33 1765.55 3095.5 2778.2 1633.22
705.08 941.71 1210.34 2054.07 1911.72 1450.54
254.95 333.31 453.84 658.74 646.92 441.84
924.17 1323.02 1839.84 2976.66 2394.52 1516.95
757.87 1086.43 1598.19 2432.46 2687.58 1749.6
729.9 1091.82 1649.33 2429.19 2294.89 1476.38
320.52 430.66 602.21 881.86 967.38 652.96
694.74 1012.22 1479.35 2361.19 2325.25 1497.46
718.18 1032.14 1392.45 3117.84 2186.39 1358.02
774.71 1145.58 1636.63 2871.43 2764.01 1775.8
446.99 625.0 855.07 1339.47 1167.1 770.02
766.12 1180.29 1731.0 3571.57 2584.11 1613.57
340.98 609.7 579.12 4726.49 1688.25 857.6
437.24 652.43 639.83 3079.51 1509.52 1034.06
656.29 940.21 1306.24 2364.66 2192.28 1464.56
513.53 796.36 1053.82 3808.9 1857.55 1100.36
740.06 1043.46 1448.66 2319.5 2436.48 1698.06
928.48 1356.27 1900.91 3175.86 2671.36 1710.05
825.93 1184.77 1682.43 2654.66 2484.14 1574.09
659.95 912.8 1197.04 2003.77 1880.86 1335.7
570.63 758.72 1012.09 1613.22 1589.95 1154.76
335.36 448.58 644.63 949.84 851.07 534.24
387.98 531.11 781.58 1165.9 1037.91 626.07
843.11 1254.83 1873.8 2790.97 2509.45 1579.08
521.24 818.62 1024.06 4017.42 1819.83 977.13
246.07 316.52 423.49 626.23 506.86 346.49
850.09 1241.29 1756.64 2903.96 2072.92 1276.53
232.92 282.6 322.01 558.43 573.6 462.93
779.63 1123.38 1609.06 2522.85 2338.36 1452.95
240.5 425.24 462.64 4199.12 1347.87 644.04
862.62 1261.8 1756.94 3015.85 2478.68 1582.22
710.21 1113.16 1580.18 3773.54 2461.07 1498.94
459.36 778.2 640.35 4766.56 1627.06 853.4
597.06 930.69 1158.23 3613.7 2046.06 1192.53
263.41 345.02 472.13 679.35 742.72 509.74
757.86 1060.16 1448.46 2656.57 2732.01 1896.97
894.77 1318.93 1884.47 3147.25 2173.19 1303.95
974.04 1456.96 2176.85 3364.15 3709.35 2430.97
893.14 1273.17 1900.25 3169.6 2591.69 1533.66
389.86 706.18 696.95 4481.42 1452.35 709.58
853.22 1250.14 1712.02 3241.75 2264.92 1370.71
892.21 1343.64 2017.06 3168.8 2889.98 1862.31
312.61 408.17 420.29 1351.5 929.31 716.25
301.77 429.98 563.45 1739.78 970.63 564.8
500.81 823.07 1024.68 4086.53 2167.41 1232.19
367.69 495.04 707.5 1109.35 935.23 582.1
423.4 733.65 672.04 5002.39 1546.93 711.13
968.55 1406.76 2062.55 3342.16 3759.7 2445.1
757.05 1112.62 1568.99 3058.91 2738.17 1775.25
781.49 1138.0 1673.94 2579.36 2751.68 1785.64
384.95 667.29 717.56 4334.62 1756.72 956.87
536.06 745.82 1109.04 1674.51 1491.52 904.53
437.93 595.48 801.16 1209.63 1169.51 848.88
871.0 1259.77 1830.85 3151.66 3391.53 2213.33
317.46 425.25 567.57 869.37 700.07 459.79
852.15 1247.23 1815.72 2710.7 2487.91 1638.32
421.02 529.89 605.29 1091.42 1190.16 975.0
811.04 1180.33 1816.87 2966.85 3317.52 1960.22
789.92 1120.63 1618.45 2576.44 2031.3 1281.08
300.01 538.53 454.73 4650.03 1434.27 690.42
386.98 507.03 662.43 1105.88 1034.59 753.46
576.37 885.3 1133.54 3936.29 1812.12 1027.17
648.32 980.96 1354.76 3763.84 2249.48 1363.13
522.44 735.71 923.55 2702.54 1632.63 1101.58
414.31 704.18 815.2 4418.6 2036.08 1067.25
407.39 521.38 630.7 1089.75 1136.37 884.04
737.36 1046.13 1453.5 2253.44 2206.64 1544.99
523.56 767.72 917.22 2727.19 1616.11 1055.63
857.45 1224.19 1695.43 2748.23 2229.14 1420.76
228.93 283.95 320.54 682.61 578.53 448.79
463.42 621.99 784.39 1410.93 1244.01 908.55
945.93 1361.86 2032.72 3329.86 3158.56 1868.01
341.7 463.69 654.66 968.19 918.02 619.03
254.54 331.35 465.77 672.01 603.32 382.31
913.88 1356.2 2008.25 2971.97 2686.37 1721.72
588.36 842.0 1279.19 2069.02 2309.87 1377.64
909.67 1338.66 1918.03 3121.53 2193.84 1320.4
105.59 294.51 138.4 4687.38 1230.12 470.39
506.27 707.65 973.55 1537.39 1221.08 772.18
887.6 1289.26 1782.16 3144.77 2579.44 1676.79
607.15 811.73 1029.99 1730.16 1865.02 1422.82
969.85 1388.3 2112.84 3240.85 2875.84 1704.88
446.87 618.2 874.19 1335.18 1322.34 881.25
619.45 866.57 1278.85 2058.66 1720.77 1035.52
203.65 261.01 346.63 469.04 429.55 303.54
763.6 1062.25 1439.45 2311.48 2556.88 1865.99
908.02 1294.07 1956.17 3008.0 2682.0 1606.57
145.22 168.42 198.4 261.53 239.07 187.32
952.77 1436.44 2173.22 3233.82 3070.57 1981.41
223.6 295.39 317.78 1249.23 640.46 459.0
373.72 720.82 438.4 5612.74 1488.08 668.93
794.78 1233.32 1791.08 3729.92 2707.51 1668.45
796.09 1144.46 1692.8 2908.12 2649.39 1562.72
413.59 583.93 648.85 1805.14 1158.49 799.92
962.0 1398.0 2014.0 3173.0 2939.0 1816.0
69.0 191.5 59.0 4653.5 930.0 346.0
134.0 394.5 95.5 5146.0 1087.0 409.5
969.0 1403.0 2079.0 3181.0 3518.0 2279.0
155.0 368.0 123.0 5163.0 1156.0 447.0
89.8 263.8 87.2 4769.8 1060.5 381.0
971.0 1390.0 2115.5 3245.0 2879.5 1707.0
122.0 299.0 89.0 4632.0 914.0 354.0
72.0 203.8 71.8 4231.5 957.5 341.5
907.5 1325.5 2047.5 3151.5 2757.0 1579.5
948.0 1357.0 1978.0 3155.0 2462.0 1531.0
56.8 180.8 53.0 4412.8 873.5 325.0
119.5 322.5 80.5 4825.8 970.8 371.8
948.0 1376.0 2046.0 3146.0 2970.0 1921.0
911.0 1341.0 1922.0 3127.8 2196.5 1320.8
985.0 1493.5 2276.8 3372.5 3183.8 2033.8
76.2 218.5 55.5 4643.8 764.8 282.8
962.5 1390.0 1954.5 3151.5 2480.0 1527.0
959.5 1435.2 2145.2 3160.2 2832.8 1787.8
88.5 243.0 63.5 4918.0 903.5 321.0
978.0 1422.0 2105.0 3266.0 3199.0 2037.0
79.2 209.2 66.0 4931.0 970.2 374.0
222.2 574.0 104.8 5481.0 1198.8 463.2
992.0 1434.0 2127.0 3253.0 3849.0 2515.0
980.5 1432.2 2016.0 3245.2 2807.8 1800.2
966.0 1422.0 2112.0 3259.5 3477.0 2237.5
109.2 304.0 68.8 5231.2 1052.0 412.0
978.0 1434.0 2220.0 3640.0 4073.0 2397.0
81.5 229.5 75.0 4588.5 1023.0 369.5
937.0 1353.0 2081.0 3198.0 2826.0 1629.0
924.0 1316.0 1970.0 3207.0 2671.0 1584.0
102.5 315.2 89.5 4914.0 1200.8 467.0
980.0 1467.0 2194.0 3388.8 3736.5 2446.5
955.0 1376.0 2056.0 3368.0 3193.0 1885.0
977.5 1462.0 2197.0 3231.5 2940.0 1846.5
939.0 1381.8 2053.5 3176.2 3230.8 2074.0
265.0 540.0 222.0 5608.0 1151.0 427.0
83.0 265.0 84.5 4714.5 1156.5 420.5
245.0 494.0 207.0 5231.5 1090.0 397.0
304.0 635.0 236.5 5868.5 1229.5 464.5
138.0 335.0 114.0 4964.0 1063.0 407.0
53.8 244.8 74.8 4340.2 1057.2 381.2
420.0 524.0 584.0 1074.5 1187.0 988.0
504.0 642.0 731.0 1303.0 1494.0 1252.0
602.0 760.0 876.0 1507.0 1676.0 1432.5
100.0 100.0 100.0 100.0 100.0 100.0
