880.45 1251.29 1727.75 2877.16 2392.45 1652.26
765.05 1013.02 1346.24 2039.79 2199.3 1760.77
977.24 1461.62 2196.35 3231.39 2939.38 1846.15
781.23 1125.79 1612.61 2528.55 2343.63 1456.13
224.3 292.94 397.05 543.6 502.3 347.4
711.83 1013.13 1428.28 2420.48 2556.64 2076.1
917.12 1300.14 1940.72 2940.79 2721.28 1753.14
560.95 745.71 1016.93 1412.86 1659.76 1442.2
946.79 1349.63 1883.84 3006.74 2498.01 1653.2
704.88 1008.05 1432.11 3282.55 2343.95 1548.91
657.1 942.89 1312.26 2089.98 1813.24 1175.72
519.34 818.15 1037.02 3980.26 1580.8 844.72
297.2 551.52 479.95 4499.59 1349.93 666.6
325.1 489.65 586.3 2487.29 972.26 548.81
694.63 1036.29 1562.58 2298.78 2171.99 1399.31
883.25 1236.82 1766.14 2670.41 3058.43 2284.7
621.11 973.76 1266.14 4069.0 2489.95 1476.05
761.42 1129.62 1621.87 3519.84 2648.66 1637.7
883.64 1185.27 1586.13 2173.4 2551.07 2388.68
771.68 1099.41 1617.76 2533.43 2485.2 1658.17
725.94 1057.6 1513.53 3127.83 2303.06 1500.29
664.62 818.82 1057.17 1561.11 2293.54 2046.85
204.26 376.6 291.37 3410.8 905.17 426.55
825.75 1174.2 1692.92 2459.88 2621.51 2012.5
361.65 588.61 744.59 3885.43 1583.17 772.62
487.17 676.92 920.08 1400.64 1321.02 969.45
510.27 733.19 1003.98 1330.13 1432.95 1304.17
199.8 248.94 328.32 481.47 461.04 308.36
788.95 1131.37 1730.6 2650.02 2343.82 1358.55
884.29 1250.8 1857.94 3016.52 2564.9 1562.95
675.25 988.54 1309.37 2658.7 2031.0 1379.55
901.25 1324.12 1965.59 3037.77 3089.92 1985.17
967.44 1412.88 1987.55 3208.36 2769.87 1775.73
155.0 368.0 123.0 5163.0 1156.0 447.0
542.15 802.22 1094.91 2424.74 1744.73 1043.61
908.04 1294.03 1930.63 3205.7 2638.71 1576.65
829.16 1197.25 1741.07 2938.31 2599.46 1750.0
350.66 489.06 699.02 994.53 911.26 598.9
486.23 681.59 957.6 1476.91 1372.06 868.88
906.03 1331.43 1981.55 2870.45 2760.65 1964.4
761.25 1127.2 1673.48 2571.29 2832.56 1863.22
740.53 1016.38 1458.39 2171.79 2464.91 1957.81
978.73 1464.79 2190.31 3382.23 3730.4 2444.58
279.59 452.53 490.89 2648.14 1123.53 634.23
561.13 797.72 1200.53 1919.7 2165.79 1342.8
880.42 1226.02 1731.36 2500.25 2808.33 2295.21
877.95 1254.17 1831.66 2767.91 2766.3 1975.8
888.95 1281.4 1893.56 2900.77 2779.34 1840.5
759.81 1108.04 1636.27 2519.19 2562.13 1652.4
839.76 1231.3 1779.47 3263.07 2805.14 1784.67
822.53 1147.94 1610.63 2340.81 2665.24 2248.11
315.99 560.51 592.58 4317.52 1373.4 639.86
901.32 1348.15 2030.91 2955.67 2868.46 1982.28
730.79 1069.2 1567.8 2592.4 2600.03 1671.11
804.15 1143.8 1635.75 2455.35 2907.99 2283.13
560.04 831.48 1092.48 3245.2 1656.47 956.57
650.21 841.31 1122.81 1598.48 2101.12 1915.47
353.55 479.57 700.1 1038.46 925.77 563.17
585.5 893.53 1170.7 3963.66 1978.51 1077.12
651.75 874.86 1183.7 1794.96 2227.04 1739.57
292.32 393.82 547.79 805.14 817.66 552.49
513.21 838.71 1045.0 4189.66 1901.93 1050.38
653.17 925.55 1365.5 2214.34 2101.11 1254.86
302.14 528.89 627.6 4014.98 1518.67 768.07
191.78 240.1 313.23 434.84 457.89 326.53
849.83 1211.48 1760.59 2801.33 2188.56 1365.34
681.87 957.86 1213.46 3203.79 2364.23 1746.56
673.83 1009.94 1378.12 3746.86 2296.33 1345.29
197.22 244.12 315.31 450.26 370.81 264.07
467.26 781.52 946.41 4406.58 1830.55 1003.54
147.63 164.57 189.42 240.08 282.04 250.14
780.87 1119.36 1631.47 2349.03 2798.21 2412.75
842.16 1230.17 1768.24 3257.2 2812.08 1855.42
389.62 542.12 772.88 1156.65 1229.39 814.85
904.55 1318.77 2032.58 3125.26 2751.71 1596.05
760.63 1055.96 1453.33 2591.9 2490.31 2003.47
785.4 1235.73 1765.17 3788.48 2691.99 1652.82
245.15 321.75 437.95 632.18 641.62 441.5
880.54 1287.19 1897.24 2920.42 3004.5 1977.37
924.78 1285.2 1830.18 2775.09 3307.01 2515.14
791.35 1062.34 1430.02 2107.79 2428.32 2179.75
533.51 789.32 1058.33 3360.48 1965.23 1382.37
474.79 768.42 1002.55 4019.23 1726.76 974.33
747.31 1075.06 1551.08 2292.29 2713.91 2089.6
868.83 1220.65 1747.91 2646.36 3011.72 2224.08
814.58 1187.8 1792.64 3288.01 2514.33 1431.89
618.85 952.57 1186.9 3665.99 2187.32 1452.28
314.42 671.5 349.89 5182.19 1392.25 610.48
446.32 627.71 901.12 1353.81 1446.34 965.45
573.12 906.51 868.5 3939.14 1918.54 1292.37
492.95 710.43 1035.03 1499.06 1349.38 871.63
530.58 838.91 1046.2 4061.05 2042.1 1163.63
786.03 1097.53 1522.51 2121.76 2505.56 2148.29
864.2 1278.69 1754.95 3433.07 2551.25 1604.29
779.24 1118.47 1646.86 2508.22 2771.64 1803.19
950.82 1380.41 1987.37 3129.2 2903.03 1799.14
202.03 384.47 376.97 4087.9 1242.18 557.61
562.18 817.98 1199.78 1745.58 1569.52 1007.59
691.95 1022.08 1446.06 3283.9 2406.76 1528.56
412.43 705.49 673.96 4113.39 1706.62 1203.43
773.08 1120.61 1463.48 3417.54 2764.26 2017.05
869.32 1103.52 1403.56 2074.63 2281.77 1899.19
896.49 1296.02 1914.67 2913.87 3058.7 2066.37
495.31 795.8 1047.02 3939.86 1746.02 996.89
643.02 1002.77 1259.06 4006.26 2377.47 1408.82
917.31 1330.7 1914.76 3013.67 2791.8 1727.03
341.66 456.93 659.3 958.16 852.54 578.38
742.67 1045.81 1552.12 2339.99 2140.39 1700.5
819.56 1203.24 1681.57 3431.15 2238.15 1352.09
487.38 732.43 906.43 3593.34 1855.14 1342.54
933.83 1331.03 1968.67 2967.28 3507.23 2423.28
908.62 1304.38 1918.1 2909.35 3452.15 2312.69
845.47 1185.95 1686.92 2434.76 2526.86 1961.59
661.82 967.54 1197.43 3435.99 2238.7 1674.43
861.6 1223.3 1753.15 2437.48 2830.0 2394.99
920.72 1310.05 1956.77 3173.5 2651.59 1587.34
422.59 713.63 704.44 3621.29 1442.67 748.03
925.74 1335.01 1982.0 2998.85 3319.8 2240.42
887.96 1259.66 1821.8 2668.82 2842.48 2188.26
759.7 1093.37 1564.8 2451.79 2272.71 1413.27
809.71 1151.33 1626.63 2516.8 2407.22 1576.17
779.8 1050.11 1398.91 2003.51 2367.03 2113.43
763.78 1069.7 1577.69 2268.18 2302.23 2064.64
592.18 964.19 1124.38 4592.51 2334.11 1351.11
920.07 1132.74 1441.43 2080.82 2925.64 2840.22
869.79 1284.51 1796.6 3543.24 3163.84 2013.54
904.83 1275.6 1808.21 2715.63 3242.19 2548.3
244.95 403.37 323.19 2769.02 830.66 414.35
834.45 1205.96 1731.46 2984.64 3063.2 2102.23
916.98 1329.09 1942.84 3311.6 3578.67 2352.75
774.37 1162.35 1508.48 3886.57 2129.71 1243.47
888.81 1312.71 1938.56 3211.41 3093.32 1971.83
857.82 1171.06 1649.88 2545.91 2651.41 2092.08
234.28 352.88 359.48 1495.29 659.14 373.13
457.32 746.5 739.52 4535.43 1723.14 931.26
817.17 1093.31 1491.69 2113.5 2447.45 2130.16
881.97 1325.62 1953.88 3424.58 3421.42 2235.9
773.65 1092.57 1562.99 2323.29 2342.72 1923.8
803.17 1155.74 1687.92 2706.07 2602.69 1700.86
808.08 1181.14 1745.16 2689.41 2862.58 1848.16
315.89 478.2 589.61 2489.16 1141.78 657.95
474.94 682.46 992.18 1434.96 1292.14 836.27
435.44 608.25 827.11 1448.52 1076.31 702.05
914.31 1333.67 1952.09 2989.33 3230.7 2201.67
562.43 726.04 984.01 1467.77 1746.22 1404.24
526.43 795.32 1089.77 3754.47 1847.84 1012.66
911.43 1359.46 2039.12 2995.74 2726.18 1715.01
345.82 481.87 684.94 975.23 881.6 582.72
865.44 1162.07 1578.52 2275.92 2871.07 2563.61
634.66 911.42 1389.47 2120.45 1859.24 1079.6
259.64 472.94 463.01 4594.55 1405.4 694.77
976.71 1412.1 2089.81 3184.38 3764.67 2483.8
621.98 955.13 1301.54 3848.77 2189.66 1203.64
486.92 747.68 958.97 3615.14 2000.15 1312.84
539.04 752.17 1080.63 1790.39 1601.44 1188.02
390.68 528.01 719.75 986.74 917.76 714.46
860.38 1174.88 1723.09 2613.54 2649.2 1820.39
436.24 761.59 696.66 5036.85 1580.96 768.15
922.54 1289.36 1846.05 2794.12 3474.92 2472.6
493.86 701.73 1017.06 1544.11 1569.74 1026.68
581.83 931.69 1210.4 4133.69 2472.24 1482.05
343.51 468.43 629.89 969.84 848.87 570.21
857.57 1250.42 1818.86 3496.66 2952.67 1742.27
877.19 1282.19 1833.22 3208.56 2789.92 1873.36
803.77 1203.86 1633.33 3948.87 2736.88 1555.02
789.28 1169.65 1590.7 3658.85 3072.21 1986.58
982.07 1488.31 2267.61 3357.76 3173.25 2031.48
817.26 1180.8 1721.1 2625.06 2865.47 1952.43
169.98 204.93 259.37 348.12 375.26 275.48
906.96 1238.08 1672.35 2421.86 2772.5 2364.99
833.63 1196.1 1738.35 2718.46 3116.88 2166.82
738.88 1029.1 1458.17 2124.69 2406.86 2022.19
859.45 1241.62 1790.9 3420.67 2591.78 1570.26
913.39 1362.19 2050.63 3033.67 2972.87 1972.85
608.43 917.65 1234.7 3454.66 1762.68 1061.33
426.08 594.88 886.44 1332.26 1172.95 697.45
831.89 1216.76 1796.86 3501.94 3416.82 2114.6
185.83 385.77 246.28 4527.51 1065.16 465.35
946.44 1277.43 1725.12 2596.42 2929.43 2485.56
874.32 1302.66 1936.67 2912.26 2585.69 1656.17
855.63 1231.19 1888.42 2896.84 2561.0 1480.36
927.16 1384.88 2066.12 3060.22 2733.05 1730.25
336.93 453.59 642.02 1005.58 957.09 594.63
665.57 826.65 1050.07 1595.45 2222.7 1973.21
474.55 644.04 866.53 1295.77 1289.7 1071.05
972.09 1476.19 2246.28 3385.91 3154.33 2010.9
906.02 1312.67 1937.91 3001.05 2944.91 1884.18
936.68 1359.18 2003.34 3222.17 3424.57 2214.68
801.69 1182.4 1796.56 3341.04 2526.44 1423.84
811.65 1231.72 1737.39 3557.01 3091.02 1998.97
965.24 1420.81 2110.18 3256.54 3473.94 2235.93
273.63 520.64 574.16 4055.9 1497.47 691.79
665.51 1016.42 1308.97 3754.03 2112.95 1269.58
227.81 474.1 474.59 4131.34 1411.89 657.24
683.53 938.85 1292.78 1772.93 1917.68 1544.69
495.68 684.9 976.86 1451.36 1734.31 1214.8
538.61 820.69 1119.5 3638.63 2368.69 1439.76
650.12 981.15 1292.5 3820.27 1947.51 1117.64
274.41 525.48 290.95 4945.49 1144.4 493.99
923.1 1360.81 2069.77 3680.81 3824.53 2266.94
567.54 775.25 1032.03 2239.15 1857.83 1455.53
860.28 1282.29 1714.56 3642.21 2529.42 1569.47
842.16 1217.54 1747.9 2745.76 2544.3 1577.43
525.95 740.68 876.26 3531.15 2019.8 1642.05
831.04 1251.36 1845.49 3308.8 3222.38 2085.55
918.25 1300.13 1926.86 3100.71 2692.33 1700.95
201.92 378.36 382.08 4209.38 1261.27 612.71
430.67 664.61 860.72 3346.46 1626.11 1087.01
145.48 169.48 205.89 266.74 269.7 207.0
679.56 925.17 1262.37 1809.18 2188.75 1846.61
879.79 1195.6 1649.04 2406.82 2959.01 2531.89
842.35 1202.83 1744.34 2657.11 2939.96 2060.62
577.76 809.95 1155.83 1790.72 1978.06 1399.57
99.43 234.0 130.3 4602.47 995.03 395.27
742.52 1105.21 1602.22 3627.85 2396.88 1331.56
854.68 1217.32 1776.11 2721.97 3238.41 2225.76
287.7 391.34 548.56 769.85 707.49 473.59
908.8 1314.82 1920.2 2932.27 3183.35 2132.03
226.88 361.38 366.15 2725.7 1008.18 673.81
820.95 1106.47 1544.78 2329.13 2661.98 2017.32
200.61 422.89 295.14 5063.78 1369.86 620.85
680.2 986.42 1450.93 2227.32 2265.08 1465.1
702.6 1048.84 1582.2 2328.27 2199.78 1416.74
300.73 502.92 555.98 3729.16 1390.53 695.55
410.75 681.64 851.33 4052.88 1701.68 901.37
752.6 1015.54 1393.21 2110.84 2633.85 2012.62
968.55 1401.14 2074.32 3171.68 3513.69 2285.95
892.34 1268.88 1890.2 3026.7 2626.47 1676.46
641.95 961.08 1383.31 2612.76 1967.15 1236.44
516.87 793.98 1027.27 3891.26 1622.68 913.73
271.81 487.77 357.4 4481.14 1418.41 828.66
933.92 1388.9 2065.87 3067.68 2763.28 1777.51
754.14 978.09 1274.28 1812.63 2392.35 2279.29
846.94 1242.67 1899.87 3256.94 2625.48 1506.3
246.32 321.34 433.35 676.95 685.06 469.95
230.86 298.59 415.59 594.5 530.57 339.75
726.85 1024.88 1533.72 2323.94 2645.69 1949.11
776.08 1110.9 1558.53 3078.86 2859.4 2021.66
800.11 1170.84 1619.72 2835.28 2295.05 1463.48
328.31 532.93 613.2 3027.41 1179.19 648.42
652.86 936.71 1424.65 2173.03 1918.23 1128.06
785.94 1118.11 1577.14 2364.69 2000.2 1483.71
927.25 1299.12 1797.81 2810.31 2585.11 1911.04
396.56 559.77 636.98 2314.81 1022.17 798.38
256.63 497.05 422.81 4534.43 1281.64 581.97
479.19 668.64 939.77 1420.86 1387.69 970.61
755.69 1087.34 1555.91 2437.51 2259.52 1405.29
938.91 1339.85 1942.39 2984.38 3569.76 2557.77
257.34 612.53 204.4 5361.56 1278.69 520.43
221.8 455.38 326.01 4636.51 1273.68 597.27
790.24 1138.45 1696.21 3083.44 2387.57 1397.97
741.66 1033.7 1480.43 2130.51 2535.22 2204.79
737.92 999.75 1313.1 2002.71 1939.78 1554.2
881.18 1237.59 1695.31 2895.54 2741.63 2026.19
315.19 406.59 540.21 769.52 947.39 834.91
927.0 1367.24 2018.05 3221.85 3191.82 2046.51
947.99 1341.36 1906.29 2815.56 3017.29 2291.56
532.62 788.88 999.23 3138.63 1838.18 1444.54
765.47 1052.63 1414.5 2412.42 2544.06 2128.66
716.82 962.5 1290.69 1837.15 2430.57 2304.07
793.42 1188.17 1624.83 3731.44 2655.37 1621.26
251.86 344.33 419.58 1397.44 789.56 550.46
432.13 618.66 893.45 1357.04 1191.24 766.44
854.14 1249.06 1921.34 3234.49 3533.24 2079.51
682.85 968.83 1322.28 2293.41 1806.02 1216.38
610.54 868.72 1265.88 1940.98 1902.02 1226.34
400.46 782.22 598.12 4919.88 1593.86 783.46
323.25 425.82 616.5 852.63 910.72 855.02
405.78 631.33 711.74 3087.7 1652.35 1207.46
316.94 475.11 524.12 2552.11 1155.54 751.25
841.41 1233.64 1817.68 2796.56 3152.02 2138.72
545.74 823.55 1061.72 3064.91 1815.38 1054.5
433.56 618.72 839.07 1924.56 1230.66 718.27
780.95 1082.97 1665.87 2297.15 2536.0 2282.24
869.53 1281.62 1775.9 3452.77 2581.54 1624.6
952.2 1423.82 2127.85 3284.9 3621.62 2372.37
903.1 1291.23 1941.66 3150.39 2711.83 1699.19
265.76 350.79 460.7 692.1 609.76 420.07
963.68 1406.75 1979.4 3185.12 2756.08 1767.72
314.22 521.29 633.76 4083.97 1438.35 714.15
728.45 1076.24 1595.42 2448.68 2696.99 1775.74
486.75 690.87 1000.51 1518.04 1543.21 1009.96
288.5 461.17 498.81 2836.06 1125.92 612.95
308.15 577.59 377.71 5073.19 1317.37 573.08
299.94 403.78 582.77 906.13 1004.73 623.07
934.02 1341.94 1956.83 2991.13 3180.87 2228.51
750.63 1057.32 1447.74 2259.01 2016.64 1447.84
759.99 938.53 1141.56 1768.93 2155.81 1937.52
804.74 1158.18 1710.03 2610.18 2485.52 1636.59
349.25 459.12 618.24 881.28 1051.54 868.81
221.74 268.69 331.14 447.17 539.74 497.34
383.58 636.74 803.07 3887.4 1639.67 859.36
825.96 1215.91 1819.53 2757.28 3045.96 2102.61
111.79 190.14 102.84 1604.96 399.06 195.63
487.63 683.28 989.55 1492.38 1411.92 932.41
477.44 747.51 928.73 3658.98 1736.37 976.97
584.55 831.25 1200.86 2088.82 1871.14 1114.6
487.19 766.22 926.11 4112.18 1622.65 871.14
730.96 1056.38 1518.83 3336.82 2273.5 1345.92
786.42 1180.82 1788.35 2638.19 2491.83 1599.88
661.15 996.13 1382.46 3794.37 2458.66 1393.63
96.76 228.87 121.32 4608.07 1009.84 405.63
782.56 1010.61 1333.06 1872.9 2389.06 2224.5
707.12 990.16 1274.42 3272.01 2404.72 1878.6
938.56 1355.98 1976.66 2878.04 2891.43 2097.19
765.87 1098.42 1616.41 2460.82 2719.04 1769.66
908.58 1270.01 1757.72 2730.83 2438.32 1866.53
654.02 909.43 1128.84 2882.27 1976.87 1465.5
426.99 776.36 639.5 4503.03 1694.22 983.27
687.17 942.71 1256.92 2298.72 2186.17 1862.52
918.14 1308.2 1954.9 3200.99 2655.95 1576.51
918.93 1327.8 1947.26 2994.25 3292.17 2207.72
938.78 1364.62 2013.19 3167.71 3064.67 1950.14
124.73 271.3 171.25 4838.07 1089.91 464.02
570.18 909.22 1066.24 4513.52 1911.68 972.88
866.72 1214.2 1710.45 2479.25 2785.93 2232.68
775.98 1120.04 1637.71 2654.25 2508.36 1609.75
937.74 1342.12 1872.1 2981.34 2445.48 1589.88
722.45 997.9 1382.13 2063.65 2211.66 1695.34
915.54 1367.32 2058.21 3026.28 2961.39 2030.23
821.49 1166.91 1797.84 2505.09 2640.8 2234.83
291.22 361.0 465.2 646.47 768.44 675.12
260.94 342.32 467.51 680.32 668.04 455.05
674.76 1089.96 1326.06 4129.35 2584.95 1542.75
128.12 142.93 165.33 202.59 209.65 169.41
895.83 1305.78 2003.54 3073.86 2734.96 1610.86
607.45 889.21 1280.45 2277.59 2065.6 1317.75
757.93 1158.06 1603.31 4247.43 3171.11 1788.95
935.35 1351.08 1950.94 2910.78 3215.88 2319.08
698.04 985.32 1431.62 2267.24 2240.82 1469.48
663.46 896.15 1154.77 2225.23 2321.19 2161.94
934.86 1343.45 1879.82 3068.46 2448.13 1554.54
898.72 1263.41 1802.15 2717.64 3059.89 2323.97
870.98 1259.13 1866.2 2863.04 2710.2 1763.82
874.53 1234.02 1817.3 2727.03 2804.26 2045.08
359.48 598.91 660.81 3964.19 1649.45 917.49
274.78 503.73 505.43 4458.81 1632.24 818.54
916.66 1339.15 2049.47 3486.26 3790.53 2261.48
415.6 697.06 767.69 4491.71 1729.98 916.44
713.96 1041.26 1397.27 3195.13 2114.88 1499.4
669.78 979.82 1451.27 2108.76 1956.15 1294.44
534.92 849.88 1124.97 4001.96 1922.47 1102.35
288.42 382.52 529.09 768.03 841.1 572.46
584.33 829.04 1245.66 1999.97 1702.25 997.64
460.59 728.68 955.25 4044.94 2041.91 1171.75
873.02 1185.41 1619.4 2541.61 2968.88 2339.64
615.63 907.87 1234.08 3221.91 2419.14 1620.95
927.25 1302.58 1817.79 2570.1 3170.87 2674.99
453.17 652.45 941.88 1497.97 1579.74 1048.87
786.68 1161.77 1732.19 2618.69 2914.98 2078.22
237.8 425.5 432.61 4607.31 1387.19 687.58
719.52 1037.33 1448.09 2312.95 2005.2 1296.25
695.09 1027.91 1422.56 3573.41 2041.99 1191.98
847.35 1206.87 1829.38 2798.54 2484.92 1478.87
129.61 144.4 167.44 204.99 216.47 174.25
607.32 863.37 1264.2 1922.28 1816.99 1189.42
710.38 1001.28 1280.52 3194.5 2423.65 1957.53
941.31 1334.41 1929.12 3050.82 2505.25 1658.09
592.7 759.09 1007.02 1466.84 1799.21 1530.7
942.14 1405.24 2095.0 3082.32 2779.81 1773.27
947.12 1414.04 2116.84 3246.83 3576.54 2383.94
461.09 686.32 887.39 3013.2 1401.75 824.14
761.36 1135.75 1697.15 3440.72 2453.8 1365.3
605.59 888.5 1169.24 3334.06 2168.93 1460.59
819.34 1081.48 1424.15 2006.4 2672.26 2471.67
863.1 1230.75 1848.54 2959.04 3371.26 2135.07
965.14 1384.93 2029.46 3076.35 3469.94 2358.77
644.95 960.58 1364.35 2956.42 2376.61 1489.62
394.51 548.95 770.9 1513.68 1108.52 673.28
875.93 1226.75 1747.36 2764.86 2691.19 1893.9
913.13 1332.38 1879.47 2983.71 2694.01 1834.95
941.15 1401.27 2085.74 3066.07 2786.06 1795.58
233.86 300.86 371.29 752.25 615.22 493.26
330.05 451.46 635.63 943.46 958.43 641.25
344.87 480.07 685.17 973.84 892.5 587.36
180.51 224.96 292.4 387.32 360.57 260.24
510.83 796.51 852.12 3433.03 1810.48 1400.71
826.33 1228.29 1828.34 2814.5 3101.49 2036.75
159.55 368.79 186.81 5117.31 1176.43 506.18
625.82 940.84 1322.04 3163.0 2259.83 1395.09
923.69 1377.21 2064.14 3029.31 2759.71 1742.99
703.75 1006.61 1497.59 2721.85 2111.85 1244.47
746.41 1079.8 1508.94 3510.98 3001.54 2009.94
606.11 908.51 1249.45 2686.88 1578.48 917.28
881.38 1232.69 1811.05 2734.25 2685.44 2075.44
970.8 1421.57 2198.43 3602.61 4033.86 2380.31
273.66 361.49 496.58 726.22 712.97 483.13
857.19 1221.44 1852.15 2834.06 2516.32 1497.02
469.41 651.31 945.11 1511.98 1436.37 871.23
916.44 1331.49 1967.38 3167.31 2893.0 1883.22
597.86 897.64 1123.21 3469.14 2409.61 1810.41
292.22 512.26 557.0 4478.6 1364.54 634.04
905.37 1310.27 2007.86 3223.34 2752.15 1581.05
886.61 1313.45 1932.99 3270.35 3103.84 1972.8
396.45 758.23 567.92 4916.38 1564.34 741.49
112.15 170.61 142.67 1753.57 455.49 227.03
872.08 1172.58 1561.61 2179.59 2936.07 2778.32
910.29 1339.85 1920.25 3124.73 2194.99 1320.41
876.22 1263.93 1817.88 2843.35 2660.12 1688.64
649.79 927.18 1313.58 2327.2 1676.05 1040.4
306.02 424.39 606.74 861.81 817.88 550.17
442.18 623.61 868.75 1377.52 984.57 615.09
982.51 1405.7 2059.15 3101.75 3690.63 2529.16
743.18 1015.1 1453.98 2054.41 2278.77 2109.3
954.31 1372.55 2023.01 3086.29 3438.09 2274.35
270.41 496.71 513.92 4196.15 1540.92 780.85
891.97 1160.56 1528.78 2340.62 2923.12 2762.3
900.07 1314.06 2026.39 3139.06 2738.58 1572.53
781.49 1211.1 1611.03 3564.21 2488.05 1625.77
333.13 586.32 582.26 4395.93 1422.29 693.7
361.45 489.47 678.26 977.2 1008.13 759.83
380.07 517.1 735.88 1207.83 990.91 627.73
798.89 1140.03 1665.64 2907.29 2373.2 1497.92
938.44 1423.19 2153.62 3285.28 3029.3 1934.99
651.01 922.96 1346.98 2033.42 2401.58 1597.79
684.85 1052.7 1496.5 3712.68 2251.68 1346.7
444.43 656.0 871.87 2262.46 1140.62 661.44
711.71 1107.63 1399.97 3747.97 2537.76 1592.4
629.82 874.23 1224.66 1776.07 2123.92 1770.16
772.47 1117.44 1563.31 2502.09 2168.03 1398.5
855.51 1218.59 1727.62 2679.18 2336.2 1686.56
262.66 386.48 475.06 1910.14 1009.47 593.41
796.62 1152.78 1682.45 2480.49 2425.67 1774.98
251.69 385.87 391.92 3168.04 1173.26 810.5
846.29 1199.11 1642.52 2949.49 2390.87 1802.74
929.86 1342.22 1934.57 2866.65 3116.99 2299.14
216.26 276.45 380.4 539.35 482.55 313.02
960.58 1412.54 2176.14 3671.09 4011.36 2355.97
775.47 1068.35 1478.28 2252.34 2527.67 2160.91
732.4 1034.43 1431.25 2351.42 2393.53 2045.43
858.13 1184.3 1703.64 2529.7 2653.08 2022.83
341.02 467.81 638.03 1261.2 1135.19 788.29
687.06 997.85 1213.72 3208.73 2187.16 1729.41
254.46 384.58 445.3 2101.75 841.58 450.86
912.7 1382.3 2100.02 3184.31 2948.23 1881.48
702.57 1034.41 1459.9 3005.99 2278.12 1466.84
892.28 1277.51 1898.92 3096.48 2964.92 1787.16
653.51 947.82 1375.8 1967.97 1812.93 1235.64
545.9 792.49 1121.65 2755.44 1899.15 1101.74
630.36 886.73 1233.88 1936.75 1573.93 1119.3
777.86 1109.89 1548.39 2480.82 1981.48 1243.13
679.55 1012.12 1432.55 2886.04 2576.49 1719.79
81.18 216.14 92.4 4221.72 980.21 358.68
820.07 1142.66 1588.51 2465.23 2445.65 1938.71
888.68 1166.12 1596.56 2334.73 2824.74 2400.45
964.35 1365.8 1937.37 2776.98 2799.86 2043.06
736.54 1086.25 1535.48 3456.6 2363.29 1458.42
751.34 1075.06 1641.58 2510.81 2221.33 1289.84
959.39 1385.31 1946.73 3148.27 2478.25 1533.1
718.71 992.46 1271.54 2198.87 2398.47 2145.21
734.28 1088.64 1616.75 2502.03 2180.45 1371.55
506.33 863.89 1019.98 4250.34 1874.41 1031.16
210.56 387.94 359.11 4646.23 1163.87 523.53
896.79 1268.48 1781.52 2746.06 2823.5 2120.7
312.92 415.34 592.69 868.8 779.45 492.83
927.56 1331.4 2015.69 3055.88 2797.81 1742.8
776.21 1116.77 1666.3 3076.35 2359.98 1381.66
744.34 1083.69 1529.69 2702.35 2291.56 1405.71
943.37 1347.27 1950.85 3074.77 2491.77 1632.53
132.04 347.63 253.64 4238.27 1210.58 502.7
882.0 1264.4 1859.79 2843.03 2800.47 1942.27
807.48 1182.22 1678.91 3341.25 2241.24 1350.31
383.33 620.85 735.67 4049.22 1526.04 789.13
200.3 424.77 369.61 4539.97 1420.15 630.31
840.43 1213.85 1736.73 3262.0 2302.77 1479.15
919.17 1289.53 1746.69 2524.15 2791.49 2416.81
765.3 1093.74 1531.77 2420.56 2438.13 2071.67
837.44 1222.71 1833.57 3029.84 2549.25 1518.35
115.73 124.07 135.33 158.72 140.66 123.68
199.25 254.18 336.17 453.38 415.57 294.9
909.91 1281.79 1786.16 2620.58 2892.06 2353.53
603.55 839.84 1231.48 1972.15 1669.5 1025.34
472.59 808.63 797.43 4915.59 1672.24 840.58
848.65 1254.23 1703.39 3342.85 2469.39 1547.71
319.57 449.78 580.63 1397.06 908.79 561.38
835.11 1211.85 1763.11 2657.53 2942.07 2057.58
659.92 1005.17 1346.66 3726.05 2288.38 1318.99
108.43 112.79 120.33 131.85 127.73 115.44
163.23 257.04 263.41 1735.9 654.78 345.37
787.15 1077.01 1545.15 2261.64 2348.92 1979.84
329.1 439.6 607.38 925.36 738.14 486.61
938.21 1338.12 1942.46 3082.39 2471.49 1590.0
218.36 301.09 373.76 1149.29 669.35 423.84
608.35 872.37 1327.45 2149.61 2400.31 1429.93
974.41 1408.85 2086.61 3221.81 3780.09 2468.73
798.93 1171.56 1761.88 3151.23 3258.24 1942.5
714.7 1100.4 1532.54 3573.44 2418.84 1530.19
653.73 973.83 1321.0 3289.99 1896.05 1214.54
727.03 1084.43 1515.61 3413.03 2580.62 1666.89
917.12 1309.74 1963.42 3137.4 3633.23 2401.17
586.56 883.17 1182.37 3254.53 2132.29 1425.53
674.73 991.94 1439.8 3365.44 2200.85 1243.93
588.8 823.93 1231.08 1864.94 1659.82 1001.83
612.93 871.82 1277.08 1942.44 1835.98 1201.47
844.19 1280.23 1880.04 3414.52 2647.61 1623.35
890.2 1309.16 1875.26 3050.13 2142.72 1289.48
326.64 444.83 631.38 893.55 839.89 610.78
685.48 975.95 1470.3 2361.36 2685.07 1689.53
726.5 1073.48 1268.42 3760.78 2270.16 1691.39
855.26 1172.09 1696.38 2418.28 2951.02 2455.13
512.86 690.97 935.76 1430.82 1538.1 1199.42
411.12 607.02 789.32 2142.2 1352.79 911.27
799.44 1177.21 1711.19 3330.09 2628.7 1653.13
124.51 136.69 158.01 190.72 179.82 144.77
584.72 815.32 1200.03 1927.7 1612.4 972.97
677.71 988.59 1386.35 3232.22 2103.4 1276.42
882.88 1221.52 1729.09 2578.93 2535.52 2051.93
961.13 1397.74 2149.53 3511.38 3955.53 2379.3
768.13 927.66 1104.62 1522.43 2102.26 1992.69
350.07 535.03 616.64 2319.0 1282.09 712.8
899.27 1280.61 1913.94 3142.74 2599.95 1541.3
585.48 830.51 1214.08 1843.83 1743.07 1142.52
507.09 701.65 963.7 1400.54 1500.05 1116.86
648.96 970.2 1143.4 3545.55 2249.42 1761.91
615.62 949.56 1114.26 3921.42 1764.43 975.0
717.81 1011.71 1502.06 2429.52 2027.64 1212.65
904.04 1268.64 1756.13 2443.12 2807.95 2464.7
878.79 1195.56 1657.76 2381.32 2677.68 2248.6
424.85 622.19 723.14 3166.47 1746.81 1300.19
945.02 1392.53 2063.51 3272.04 3412.45 2191.62
571.44 945.83 1096.56 4656.53 2016.19 1110.88
939.78 1386.12 1913.38 3365.25 2721.41 1728.41
312.32 577.57 389.31 5033.68 1258.88 516.85
916.2 1335.68 1955.62 3380.44 3614.71 2335.7
756.98 1144.04 1590.1 3345.64 1991.79 1151.98
565.51 876.28 1151.79 3646.43 2263.47 1391.72
452.6 628.7 902.98 1350.12 1486.86 984.13
210.07 383.61 343.82 4070.11 1109.16 523.98
501.42 791.29 1033.55 3881.52 2279.66 1245.5
337.06 473.27 683.09 976.59 926.04 618.0
134.39 151.56 178.31 221.92 235.25 186.23
805.91 1159.97 1647.02 2488.17 2812.73 2241.32
576.56 770.89 997.35 2406.88 2145.7 1664.06
883.35 1323.58 1969.37 3082.13 2667.67 1668.46
760.32 1113.74 1542.39 2964.64 2331.46 1415.43
668.64 909.74 1223.65 1730.96 2095.03 1771.31
662.91 943.12 1270.48 2377.28 2083.63 1527.59
876.33 1254.64 1817.18 2666.22 2706.04 2004.97
931.75 1337.5 2037.08 3114.49 2848.09 1743.26
494.1 699.28 1019.81 1794.79 1408.3 821.16
610.73 932.77 1265.23 3393.95 2295.69 1534.75
578.17 842.19 1242.7 1806.43 1647.58 1051.71
852.56 1246.16 1815.31 3593.67 2933.68 1706.59
904.6 1301.46 1921.6 2926.45 3464.85 2289.23
924.11 1300.86 1934.45 2932.46 2793.57 1862.94
137.96 156.92 186.45 234.59 249.31 195.19
605.29 933.36 1283.54 3725.82 2371.6 1410.67
309.89 566.13 625.53 4426.26 1582.53 787.36
133.15 149.92 175.71 219.54 217.01 173.14
715.73 1025.16 1466.93 2094.85 1953.6 1485.77
471.09 665.17 996.2 1635.04 1787.79 1073.55
398.89 541.08 778.31 1227.01 1032.58 638.29
426.27 708.08 867.56 3846.52 1642.36 860.14
885.26 1250.88 1796.06 2842.91 2921.31 2018.98
388.22 673.73 817.12 4304.0 1768.32 931.97
386.72 572.0 733.37 2000.72 1118.36 623.81
622.31 845.57 1113.65 2270.99 2086.95 1701.25
628.46 987.55 1220.16 4182.7 2359.51 1375.86
478.27 695.61 1030.41 1498.74 1418.09 926.55
334.98 673.04 326.67 5747.22 1308.17 528.06
443.26 624.0 897.49 1352.33 1438.54 947.24
895.39 1114.21 1459.12 2069.27 2681.57 2568.41
955.86 1380.1 2044.91 3129.49 3698.09 2417.47
158.92 244.73 245.99 2222.91 741.94 395.0
320.92 568.3 642.18 4475.81 1844.39 905.59
700.9 1019.5 1449.99 2343.41 1653.38 1004.54
411.69 613.23 820.32 2830.35 1419.29 768.48
106.53 204.82 151.61 2984.18 706.06 312.16
936.13 1351.73 2078.76 3193.93 2823.11 1628.82
812.17 1170.05 1677.41 2806.48 2185.16 1484.67
332.17 452.95 497.14 1508.35 995.18 826.95
533.27 718.69 987.68 1410.76 1716.19 1507.82
643.81 909.54 1359.4 2131.82 2444.79 1616.36
759.1 1003.16 1352.32 2023.14 2238.23 1949.78
466.44 655.34 979.5 1566.32 1749.93 1061.43
868.3 1266.01 1952.96 3003.37 2628.02 1507.68
114.98 123.27 135.65 153.34 147.63 129.42
604.56 904.55 1262.14 3078.74 2087.76 1354.04
786.39 1002.88 1377.5 2049.18 2478.49 2005.2
745.35 1117.38 1509.34 3650.67 2119.69 1251.8
338.24 469.78 669.34 950.2 871.06 574.18
236.01 303.23 407.35 584.95 670.67 471.39
448.74 629.86 942.06 1506.08 1678.07 1012.36
906.08 1333.51 1910.95 3110.52 2184.06 1313.57
667.17 1007.33 1423.47 3400.29 2415.11 1497.39
132.51 149.19 170.74 216.13 199.98 162.77
493.51 830.06 946.72 4352.81 2244.31 1291.73
977.23 1432.86 2218.14 3637.53 4069.64 2395.03
267.12 514.9 454.19 4897.09 1538.82 780.95
800.25 1026.82 1397.48 2025.58 2525.59 2169.56
906.85 1324.51 2045.93 3149.04 2754.86 1578.31
601.99 883.81 1083.95 3213.78 2127.14 1757.51
715.69 879.62 1082.88 1680.08 2325.25 2138.22
462.51 810.25 913.95 4400.38 1808.67 969.15
569.79 821.39 1054.78 2638.97 1773.08 1310.69
284.82 372.75 519.44 796.9 676.68 432.86
942.55 1213.29 1516.79 2104.66 2511.76 2268.05
885.51 1118.33 1496.94 2257.69 2826.02 2479.19
154.45 183.18 226.77 299.63 303.17 228.1
319.45 503.05 605.7 2960.39 1315.29 747.35
846.03 1266.26 1855.95 3123.11 2594.93 1649.38
897.01 1299.27 1928.98 2962.83 2797.41 1811.49
558.97 802.4 1143.05 2491.01 1671.24 968.58
415.41 645.88 793.0 3212.39 1497.2 842.12
595.19 891.12 1007.52 3829.0 1986.02 1334.2
159.38 190.21 243.37 339.39 368.68 255.34
428.31 586.72 823.52 1132.66 1266.82 1056.92
807.61 1147.74 1643.25 3190.14 2432.64 1515.59
666.22 1010.51 1366.76 3670.6 2291.07 1388.2
865.01 1258.86 1786.07 3357.74 2321.81 1416.72
872.18 1252.39 1866.52 3051.43 2893.38 1712.09
703.51 914.94 1206.59 1724.91 2015.8 1855.49
221.0 427.0 322.77 4481.78 1184.86 535.96
670.49 969.65 1372.97 2662.04 2472.94 1726.4
847.15 1182.49 1607.89 2618.67 2419.59 1871.97
967.96 1421.99 2109.0 3139.58 3133.71 2209.36
897.1 1281.55 1865.28 2971.64 2320.23 1445.11
797.47 1195.82 1677.35 3288.37 2045.61 1196.36
557.05 812.43 1095.54 2359.07 1605.44 1013.49
694.8 1038.68 1375.29 3692.57 1997.12 1157.61
799.46 1099.39 1536.38 2795.88 2660.34 1814.34
428.33 601.22 862.83 1297.89 1380.35 910.41
322.56 491.08 602.94 2441.4 912.16 506.31
389.79 579.51 775.66 2909.16 1361.3 746.91
880.74 1185.31 1622.72 2420.91 2931.25 2477.28
779.28 1128.44 1567.03 2537.45 2249.76 1562.51
554.87 883.84 1187.3 3742.53 1973.09 1122.63
594.9 936.98 1113.01 4293.27 2096.73 1179.85
315.3 422.31 609.58 896.91 801.22 493.31
817.4 1207.84 1732.63 3387.74 2650.88 1683.54
610.58 796.24 1047.17 1621.31 1673.99 1325.44
966.76 1403.06 2147.23 3492.76 3954.18 2420.48
895.89 1311.1 1906.95 2777.51 2750.6 2007.24
694.62 1007.43 1531.33 2480.79 2091.41 1209.29
132.71 298.31 193.15 4504.16 1154.84 471.29
147.46 295.98 200.14 3126.89 900.9 402.92
355.13 481.56 679.77 1001.83 1172.3 790.75
929.7 1307.46 1878.97 2815.78 3280.91 2411.29
518.67 826.01 929.25 4153.41 1980.22 1112.75
363.6 482.53 642.75 959.92 879.26 657.54
847.21 1226.65 1794.79 3386.34 2613.76 1591.8
448.21 708.89 728.2 4214.4 1901.16 1275.61
548.52 755.0 1011.06 1349.94 1698.06 1521.42
598.47 861.55 1260.62 1927.64 1960.08 1272.8
902.25 1315.96 1908.57 3570.62 3033.9 1769.9
933.82 1280.02 1781.55 2566.76 2949.39 2471.74
932.27 1345.92 2069.8 3180.49 2810.59 1620.36
291.7 462.65 558.51 2798.81 1144.27 576.81
622.97 1025.97 1348.84 4126.97 2291.79 1342.8
635.51 925.37 1277.7 3047.81 1837.34 1121.3
843.56 1176.37 1655.67 2308.54 2864.81 2484.63
586.39 831.84 1133.17 2512.64 1895.04 1330.22
460.11 737.07 939.57 4129.02 1824.91 938.24
829.62 1180.43 1788.11 2733.53 2427.33 1447.3
915.65 1336.72 1953.08 2856.41 2795.38 1986.51
710.12 961.4 1254.06 2150.3 2189.57 1714.36
848.99 1153.9 1544.74 2425.14 2591.21 2006.5
802.66 1169.42 1706.16 3416.5 2751.53 1598.73
862.95 1248.02 1850.82 2840.49 2682.14 1738.35
601.14 865.15 1262.6 1822.79 1946.13 1500.37
877.36 1178.94 1566.52 2190.26 2563.99 2236.11
833.84 1142.47 1623.85 2391.97 2593.82 2064.5
518.9 701.08 964.5 1370.91 1549.06 1295.3
757.69 1010.96 1313.27 2338.77 2462.96 2243.42
642.66 923.63 1228.3 2517.73 1714.13 1118.5
843.15 1242.95 1866.64 3248.9 2577.42 1466.15
853.7 1236.29 1749.11 2762.24 2454.46 1666.44
593.54 880.77 1201.5 2918.9 2225.62 1383.46
119.19 128.63 143.89 173.33 169.41 140.05
947.93 1419.08 2111.33 3352.38 3619.28 2375.61
926.68 1230.78 1643.95 2301.6 3086.16 2928.99
425.04 604.92 873.45 1314.77 1443.2 966.72
976.23 1460.22 2193.98 3231.97 2936.95 1844.29
917.98 1323.82 1945.88 3005.47 2986.43 1957.4
342.29 457.55 649.86 1013.59 855.98 536.36
395.94 626.68 793.53 3841.97 1609.0 813.92
871.91 1188.65 1618.71 2354.55 2841.89 2257.35
825.49 1201.04 1849.72 2841.6 2487.16 1429.25
839.81 1076.77 1419.71 2040.98 2642.77 2505.14
441.16 747.06 961.53 3708.8 1804.94 981.58
879.25 1278.5 1882.75 2863.49 2810.13 1937.73
596.05 869.94 1285.43 1870.23 1705.45 1087.29
851.37 1261.41 1728.77 3552.74 2655.29 1599.48
730.95 1074.57 1501.32 3514.07 2101.55 1240.06
856.68 1156.9 1615.41 2354.69 3020.07 2573.04
802.76 1115.47 1468.41 2547.52 2411.21 2052.02
881.73 1266.37 1871.43 2850.11 3356.02 2212.33
444.68 720.06 922.38 4111.39 1800.05 903.78
335.63 517.53 673.94 2835.87 1463.57 810.77
767.31 1057.75 1461.01 2269.21 2511.02 2145.46
666.59 1047.03 1456.96 3851.99 2835.07 1738.63
741.07 1111.13 1502.64 3440.65 2357.44 1450.67
882.42 1181.17 1575.55 2135.65 2594.79 2454.32
563.82 848.9 1154.1 3463.62 1943.61 1085.37
843.49 1168.17 1600.65 2327.25 2362.91 2019.0
814.3 1064.05 1440.51 2042.95 2832.21 2683.97
800.02 1162.03 1575.46 3072.43 2466.7 1772.44
159.5 348.06 174.93 4566.87 1004.39 419.26
328.51 454.98 643.75 913.6 826.56 548.73
117.19 131.58 136.98 288.13 181.69 142.74
813.59 1136.03 1754.42 2376.13 2569.75 2361.25
859.57 1263.13 1823.16 3441.93 3204.15 2041.38
950.27 1341.93 1927.95 2874.93 3531.71 2608.4
776.66 1111.36 1666.73 2865.15 2320.79 1368.94
918.71 1262.14 1789.68 2752.11 2914.8 2288.46
493.45 695.49 915.1 1889.96 1283.49 1001.86
837.56 1194.64 1705.64 2622.88 2549.21 1739.16
551.71 814.85 991.75 2636.1 1831.8 1308.17
825.57 1210.27 1730.07 2808.85 1975.65 1192.2
911.12 1322.07 2004.28 3243.15 2766.42 1608.01
543.89 833.96 1062.17 3390.29 1730.82 962.67
969.92 1408.62 2081.44 3225.08 3186.02 2059.84
892.27 1332.5 1992.34 2984.08 2674.26 1679.65
636.66 940.89 1292.81 3183.22 2249.26 1536.15
430.86 602.13 897.96 1350.3 1188.66 706.2
678.97 973.94 1425.47 2659.3 2261.13 1331.11
825.29 1233.11 1774.22 3437.8 3047.57 1921.41
663.66 960.46 1409.57 2156.45 2298.02 1491.25
562.77 869.72 1105.66 3779.49 2283.51 1567.19
170.88 206.0 261.06 350.54 397.89 291.9
722.79 996.72 1367.4 2136.92 1928.5 1375.28
374.66 659.41 704.43 4330.82 1767.7 992.72
730.95 1059.63 1618.42 2530.41 2180.3 1255.93
811.29 1146.68 1696.88 2617.97 2664.88 1938.65
795.09 1138.63 1601.79 3031.93 2389.38 1653.17
437.52 634.58 874.76 2259.74 1624.14 1013.18
712.05 1017.72 1493.84 2270.0 2507.35 1634.7
823.93 1190.09 1707.43 2680.79 2484.27 1541.14
272.61 368.15 510.74 714.58 648.83 438.96
189.79 239.48 313.66 435.57 471.05 339.42
659.52 941.92 1384.0 2109.8 1993.67 1301.52
740.83 1013.93 1472.82 2139.94 2122.04 1683.17
253.84 467.5 472.9 3920.84 1458.21 734.33
943.38 1314.07 1840.68 2647.46 2912.18 2360.79
401.89 674.98 836.62 4372.81 2119.03 1089.38
385.89 536.78 765.66 1148.22 1166.83 772.64
300.97 504.81 598.03 3307.0 1343.2 652.17
889.55 1302.65 1904.35 3429.85 2979.67 1873.35
877.28 1284.9 1853.61 3423.9 3487.26 2262.36
128.18 257.78 154.42 3723.59 784.09 321.81
388.6 538.0 796.04 1190.61 1049.62 628.78
906.27 1333.77 1911.38 3110.15 2184.28 1313.68
408.58 669.63 701.26 3657.35 1556.6 867.29
438.55 695.69 796.85 3909.94 1510.86 875.23
323.97 611.34 385.13 5396.52 1297.98 532.47
432.0 656.06 838.68 3220.7 1328.69 752.95
946.21 1363.66 2015.75 3095.27 2966.97 1964.71
946.03 1413.15 2121.78 3119.18 2838.13 1783.85
524.89 757.26 963.05 3038.69 1976.24 1588.27
782.61 1110.98 1679.55 2564.75 2278.3 1359.41
856.54 1244.64 1746.25 2802.4 2426.58 1560.83
421.72 582.09 827.53 1192.39 1234.99 881.86
361.97 605.96 760.71 4074.31 1819.87 1026.27
518.28 703.11 960.19 1371.88 1573.86 1423.13
901.0 1273.55 1789.89 2514.44 2943.0 2565.22
914.85 1292.91 1916.08 3094.52 2637.64 1621.8
569.89 801.26 1174.98 1896.03 1799.85 1081.0
821.18 1146.88 1705.48 2601.99 2557.48 1701.52
455.93 631.19 914.28 1460.46 1387.61 843.09
327.93 446.3 650.35 1018.97 1131.38 696.29
202.13 330.52 302.72 2510.08 806.26 416.72
669.46 1028.7 1362.72 3511.0 2194.85 1315.37
860.06 1158.98 1650.6 2448.42 2658.74 2073.9
770.93 1027.5 1352.89 1914.02 2601.0 2506.31
827.19 1223.05 1742.77 3622.3 3326.84 2122.4
817.4 1173.94 1718.75 2645.12 2647.44 1762.4
967.38 1398.83 2070.6 3166.18 3506.56 2280.62
311.51 568.28 641.34 4062.19 1667.95 811.22
259.02 496.92 441.13 4245.62 1437.44 686.19
716.44 1088.79 1538.17 3593.85 2662.0 1630.29
480.94 650.5 860.17 1193.94 1279.02 1114.14
678.6 1026.59 1501.93 3475.29 2286.48 1249.46
926.57 1170.04 1527.02 2211.17 2927.27 2727.66
592.9 830.23 1143.1 1719.62 1767.94 1389.69
384.9 575.14 646.49 3864.22 1613.56 1139.46
667.51 943.98 1308.86 2065.83 1685.49 1099.56
590.44 861.88 1267.01 1846.18 1659.36 1063.07
439.03 624.65 889.47 1541.75 1468.85 951.85
316.16 417.41 589.04 903.53 766.32 500.58
684.46 1018.33 1414.85 3633.0 2775.45 1777.46
930.01 1344.12 1988.72 3047.98 2923.75 1937.71
598.28 843.63 1239.93 2004.54 1902.56 1140.27
938.32 1272.3 1713.81 2503.51 3007.45 2669.59
961.62 1369.01 2071.52 3169.12 2860.22 1746.26
512.56 720.78 1046.74 1581.9 1496.28 985.93
729.92 1051.44 1549.3 2231.43 2139.83 1586.74
939.94 1281.31 1753.78 2414.14 2764.27 2372.27
563.82 911.17 1178.31 4269.33 2453.5 1474.16
107.79 111.63 117.82 129.78 128.18 116.26
655.83 982.46 1378.29 3105.76 2255.3 1435.93
576.8 913.56 979.18 4417.0 1913.49 1080.17
344.95 466.33 656.64 965.85 1129.52 763.19
237.27 286.68 356.56 476.49 581.76 546.38
893.62 1238.84 1743.74 2577.52 3098.11 2388.6
609.8 785.15 1033.4 1496.93 1903.48 1722.07
424.34 718.99 834.24 4241.01 1874.25 1020.47
276.54 369.49 510.15 744.07 788.41 535.73
755.82 974.87 1287.21 1790.43 2185.78 1900.84
596.1 896.94 1151.04 3160.61 2087.73 1509.29
720.43 1064.61 1528.9 3597.39 2599.14 1474.97
742.56 1069.9 1525.49 2328.35 2208.19 1490.31
407.61 640.98 788.06 4110.48 1744.13 1047.93
779.15 1169.38 1770.49 2611.33 2466.52 1584.01
933.35 1371.65 2110.22 3570.99 3889.78 2285.17
549.83 787.24 1147.37 1749.3 1778.57 1158.36
543.0 853.43 1092.62 4039.58 1920.11 1035.87
526.55 891.65 885.71 4723.55 2034.83 1185.59
543.14 798.47 1089.29 3110.87 1521.96 996.59
888.56 1274.66 1872.78 2789.28 3337.13 2413.95
716.52 1022.52 1412.16 2040.43 2227.8 1890.94
901.75 1296.87 1906.08 2887.09 3249.85 2204.02
674.32 1045.57 1529.05 3463.71 2357.41 1443.48
853.04 1131.9 1523.9 2235.37 2871.84 2637.78
585.77 895.63 1080.37 3778.54 2079.1 1506.04
406.08 618.96 798.44 2600.06 1490.2 898.62
884.64 1226.36 1633.47 2763.66 2850.65 2429.85
606.81 850.62 1272.77 1930.0 1717.32 1035.07
715.3 986.13 1407.68 2039.75 2422.85 2135.11
666.85 1040.71 1425.73 3842.53 2706.37 1682.8
664.71 873.64 1157.12 1676.89 2206.21 2079.91
931.8 1342.17 1883.05 3018.83 2390.19 1491.87
667.6 936.87 1290.7 1871.41 2225.5 1946.69
345.96 468.44 641.5 967.06 912.07 603.22
869.76 1271.18 1956.37 3246.27 3586.35 2113.06
263.57 402.09 474.97 2547.61 902.39 483.75
264.5 477.61 310.78 4029.43 1049.65 459.77
709.99 1000.18 1484.33 2400.06 2003.27 1198.58
537.07 885.5 1043.01 4099.05 1662.56 882.24
539.16 826.31 1135.05 3832.54 2325.03 1419.27
299.08 497.96 588.58 4075.92 1375.7 676.75
712.71 1020.67 1453.62 2265.69 2123.78 1363.6
574.35 815.16 1174.75 1927.74 2119.23 1390.39
530.78 878.95 1124.17 4135.2 2022.4 1161.57
703.52 1010.24 1473.1 2492.47 2689.93 1752.32
105.53 259.65 127.19 4602.77 842.87 339.31
788.71 1165.52 1627.12 3435.04 2559.26 1539.05
303.05 521.86 562.38 4511.26 1383.9 657.96
585.96 903.33 1266.76 3535.16 1997.88 1176.58
924.79 1324.15 1944.54 2942.34 2901.12 2033.69
752.15 1094.11 1483.77 3489.56 2233.65 1497.09
244.03 427.53 435.56 3942.1 1409.19 756.5
937.84 1350.3 2016.43 3301.2 3130.94 1850.68
761.52 1037.47 1460.61 2176.04 2495.46 1918.55
436.12 730.58 792.26 4244.55 1646.34 897.08
554.84 728.47 951.48 1312.15 1631.08 1515.51
909.46 1356.4 2034.41 2988.7 2719.8 1711.08
952.18 1335.82 1991.15 3031.15 2791.59 1754.07
955.12 1300.5 1754.19 2616.09 3066.9 2546.11
682.35 1064.15 1338.97 4272.32 2183.74 1160.53
447.88 621.62 892.24 1333.39 1468.3 972.3
953.12 1429.62 2136.86 3276.8 2884.05 1804.6
726.05 1140.81 1647.42 3757.77 2601.79 1570.64
917.39 1287.14 1920.69 2901.36 2710.45 1786.97
868.21 1276.98 1816.7 3146.31 2153.79 1327.79
941.95 1347.93 1964.42 3132.12 2446.3 1523.41
471.51 664.46 997.04 1597.89 1781.11 1071.94
744.1 1142.1 1637.67 3703.77 3024.08 1901.19
853.84 1200.76 1659.79 2340.85 2896.0 2481.57
570.75 807.4 1232.72 1621.08 1739.21 1661.7
960.89 1408.76 2172.37 3640.82 3999.23 2364.49
664.38 999.98 1346.87 3596.65 2285.5 1355.39
619.28 868.57 1187.59 1717.27 1936.9 1610.91
810.07 1096.82 1539.45 2289.05 2565.0 2061.55
808.17 1188.22 1707.2 2940.23 3046.48 2154.12
525.3 830.26 1041.42 3800.26 1974.39 1144.75
781.0 1125.45 1612.11 2527.75 2342.89 1455.69
491.41 697.51 1009.37 1528.0 1626.31 1066.09
384.83 612.14 771.87 3944.33 1629.42 900.69
615.32 879.68 1221.35 1940.74 1684.75 1095.05
294.53 410.71 535.01 1466.16 821.58 487.02
755.07 1111.4 1577.49 3610.93 3064.4 1991.36
670.6 925.08 1247.29 2555.22 1993.51 1464.5
799.9 1161.74 1715.36 3321.93 2483.52 1449.67
597.21 860.83 1217.03 1956.29 1385.32 848.45
152.96 179.8 220.26 278.93 274.48 220.22
502.41 725.11 1057.55 1603.91 1762.91 1173.01
869.81 1288.88 1768.63 3497.5 2584.75 1623.85
931.85 1319.03 1802.39 2673.28 2794.86 2289.28
930.18 1338.96 1877.57 3022.51 2438.32 1567.83
918.39 1332.52 1968.84 3057.46 2990.05 1905.97
845.19 1229.15 1786.83 2730.18 3131.98 2263.84
727.77 1076.9 1589.91 3265.7 2942.26 1882.09
824.85 1217.87 1796.08 2737.86 3050.46 2079.01
960.04 1384.8 1945.97 3135.02 2479.45 1537.04
359.81 515.52 693.43 1715.38 1296.36 793.29
913.69 1325.26 1906.74 3000.79 2779.9 1719.83
844.76 1194.47 1734.46 3051.86 2530.01 1658.07
908.53 1297.48 1970.94 3019.43 2680.15 1591.74
839.85 1222.49 1791.22 2732.7 3090.43 2154.83
895.28 1281.6 1842.05 2826.82 2741.14 1911.78
961.06 1381.15 2042.31 3163.33 3636.98 2491.01
480.11 662.96 979.58 1472.49 1312.99 801.3
253.6 330.31 449.8 644.58 704.15 485.15
688.82 991.86 1416.49 1981.79 2244.65 1829.1
870.92 1263.32 1687.45 3231.88 2338.49 1556.28
813.39 1154.27 1551.26 2131.93 2580.72 2375.96
845.25 1199.78 1791.27 2910.04 2425.27 1442.16
633.32 1031.8 1189.43 4076.45 1794.29 975.07
814.15 1102.38 1520.38 2264.67 2729.69 2298.63
920.68 1378.08 2050.91 3216.86 2801.86 1771.03
810.72 1219.08 1848.13 2728.06 2576.52 1652.98
356.12 483.41 706.17 1047.97 934.14 567.86
522.36 829.84 1117.31 3780.71 1988.14 1058.5
754.03 1069.22 1566.62 2327.57 2300.21 1647.3
300.96 401.33 557.66 812.51 890.44 603.91
745.38 1092.31 1573.17 3169.36 2994.14 1906.41
635.45 955.86 1288.64 3852.01 2080.68 1151.91
592.07 830.92 1206.22 2046.86 1901.91 1189.58
909.52 1335.66 1911.25 3101.83 2212.52 1356.3
411.54 631.58 821.97 3422.45 1866.8 1100.62
942.07 1385.58 2133.77 3679.99 3941.21 2312.77
663.47 952.84 1437.15 2472.27 1993.74 1148.8
465.93 647.81 966.09 1454.44 1291.8 768.48
630.65 899.0 1311.79 2013.48 1972.99 1270.69
925.98 1341.02 1977.19 3067.06 3018.34 1946.82
582.12 851.92 1157.84 2876.18 2194.08 1507.3
612.17 872.35 1106.97 2693.48 2211.27 1874.35
338.6 574.9 575.35 4178.73 1449.88 722.34
904.72 1297.8 1895.79 2849.31 2691.34 2057.41
467.98 740.57 985.41 3836.44 1972.21 1140.19
703.81 1060.29 1505.28 2964.0 2646.88 1698.17
913.34 1313.49 1826.43 2895.03 2609.43 1771.75
912.42 1325.27 1925.4 2805.36 2858.05 2129.01
405.9 610.95 842.1 1941.9 1288.53 803.42
911.7 1295.0 1796.91 2830.7 2426.49 1676.75
682.49 926.96 1293.7 1833.2 2235.2 2061.6
850.45 1231.85 1828.0 3124.05 3299.63 2217.05
118.21 269.07 183.39 4188.03 1070.17 427.14
947.32 1306.1 1825.56 2690.4 3132.63 2566.03
312.58 533.26 592.69 4193.1 1575.21 804.04
906.13 1250.89 1721.55 2677.11 2520.59 1865.58
861.5 1228.78 1786.44 2843.38 2221.07 1385.03
894.74 1339.68 2000.68 3140.98 2713.01 1695.3
666.43 948.25 1440.51 2202.57 1945.85 1135.03
417.15 577.52 824.23 1243.6 1219.4 799.67
775.72 1094.11 1513.45 2971.7 3009.64 2120.64
681.72 1015.97 1530.84 2251.06 2127.02 1371.11
948.85 1365.04 2035.09 3322.94 3162.95 1889.23
872.49 1280.11 1830.97 2972.29 2108.29 1284.73
164.65 196.7 239.01 328.73 278.4 206.96
897.35 1241.72 1743.35 2580.52 3064.53 2471.92
888.87 1291.74 1898.82 3497.18 3020.6 1765.37
190.64 235.57 294.9 420.69 350.12 249.97
645.84 889.65 1266.44 1853.4 2072.96 1580.14
484.94 670.6 952.5 1486.78 1172.2 749.59
595.83 896.84 1201.21 2724.54 1523.12 886.98
689.29 987.36 1408.48 2200.81 2040.84 1273.12
642.24 1000.0 1312.83 3721.57 1865.51 1036.98
803.32 1201.14 1716.29 3370.73 2956.22 1881.93
828.54 1148.02 1597.57 2279.98 2619.43 2187.99
815.66 1218.5 1747.75 3547.21 2544.33 1430.02
914.75 1214.87 1723.01 2683.29 3310.57 2537.63
752.43 1039.24 1551.55 2280.1 2025.84 1479.87
964.7 1382.55 2098.1 3388.28 3852.39 2426.13
279.22 371.99 532.24 777.27 689.71 428.37
589.41 727.51 883.58 1318.22 1983.38 1826.18
952.85 1377.19 1973.16 3136.81 2914.41 1851.74
793.44 1097.2 1554.86 2109.83 2682.66 2554.21
588.48 910.62 1273.16 3661.09 2028.39 1189.11
768.39 1115.53 1713.88 2794.88 3124.51 1848.63
611.17 922.2 1126.53 3376.33 2284.62 1731.06
456.82 645.14 930.82 1408.29 1431.52 939.53
714.8 1074.51 1492.7 3422.96 1892.62 1092.07
932.3 1332.68 2025.95 3105.27 2756.01 1635.6
696.47 980.64 1479.5 2054.2 2290.93 2056.1
701.88 845.84 1031.66 1510.94 2353.03 2234.15
936.66 1384.8 2056.43 3035.98 3050.11 2145.45
103.18 242.52 156.43 4358.85 993.28 405.56
853.74 1241.69 1891.98 3003.82 2592.87 1555.02
759.07 1102.53 1596.13 2442.52 2719.39 1930.94
808.43 1188.22 1690.92 2895.81 1961.86 1179.59
784.31 1150.74 1648.89 2872.23 2065.22 1429.26
672.9 1074.31 1296.24 4092.93 2598.45 1559.05
354.83 489.32 693.33 1034.33 1050.92 699.56
887.68 1316.53 1996.37 3805.41 3758.95 2190.65
807.71 1232.82 1793.46 3525.73 2580.51 1566.19
722.0 1030.29 1437.38 2300.6 1816.35 1129.09
134.43 244.64 183.89 2899.29 781.68 345.84
377.5 638.1 758.06 4227.15 1727.92 847.16
815.82 1143.69 1624.82 2303.97 2589.59 2318.67
946.99 1378.34 2015.11 3064.55 3495.93 2497.34
389.0 582.52 803.04 1907.41 1240.35 773.79
142.51 332.1 206.61 4674.55 1207.83 494.79
727.71 1058.99 1561.53 2401.49 2442.34 1576.87
641.41 958.22 1343.46 3927.65 2397.11 1343.97
837.32 1059.9 1336.37 1882.14 2283.91 2056.95
329.09 547.59 496.79 3653.98 1166.91 577.25
386.08 618.67 758.79 3718.54 1778.74 1072.12
913.06 1365.35 2061.17 3034.78 2953.92 1999.17
755.07 1059.41 1424.8 1917.87 1961.67 1683.45
809.01 1115.18 1409.85 2641.41 2415.55 2170.2
682.31 963.35 1437.49 2158.94 2000.58 1279.15
300.11 662.18 301.17 5251.28 1364.12 600.57
781.18 1140.68 1686.03 2597.54 2641.87 1702.67
714.89 1039.42 1531.7 2354.51 2394.53 1546.72
134.55 295.4 192.79 4545.8 904.51 374.05
783.82 964.9 1170.09 1646.53 2158.75 1983.95
656.91 992.2 1446.76 2583.68 2085.34 1315.07
767.11 1088.87 1577.4 2503.33 1958.16 1225.75
802.09 1106.13 1620.87 2263.03 2513.9 2256.54
962.0 1398.0 2014.0 3173.0 2939.0 1816.0
69.0 191.5 59.0 4653.5 930.0 346.0
134.0 394.5 95.5 5146.0 1087.0 409.5
969.0 1403.0 2079.0 3181.0 3518.0 2279.0
155.0 368.0 123.0 5163.0 1156.0 447.0
89.8 263.8 87.2 4769.8 1060.5 381.0
971.0 1390.0 2115.5 3245.0 2879.5 1707.0
122.0 299.0 89.0 4632.0 914.0 354.0
72.0 203.8 71.8 4231.5 957.5 341.5
907.5 1325.5 2047.5 3151.5 2757.0 1579.5
948.0 1357.0 1978.0 3155.0 2462.0 1531.0
56.8 180.8 53.0 4412.8 873.5 325.0
119.5 322.5 80.5 4825.8 970.8 371.8
948.0 1376.0 2046.0 3146.0 2970.0 1921.0
911.0 1341.0 1922.0 3127.8 2196.5 1320.8
985.0 1493.5 2276.8 3372.5 3183.8 2033.8
76.2 218.5 55.5 4643.8 764.8 282.8
962.5 1390.0 1954.5 3151.5 2480.0 1527.0
959.5 1435.2 2145.2 3160.2 2832.8 1787.8
88.5 243.0 63.5 4918.0 903.5 321.0
978.0 1422.0 2105.0 3266.0 3199.0 2037.0
79.2 209.2 66.0 4931.0 970.2 374.0
222.2 574.0 104.8 5481.0 1198.8 463.2
992.0 1434.0 2127.0 3253.0 3849.0 2515.0
980.5 1432.2 2016.0 3245.2 2807.8 1800.2
966.0 1422.0 2112.0 3259.5 3477.0 2237.5
109.2 304.0 68.8 5231.2 1052.0 412.0
978.0 1434.0 2220.0 3640.0 4073.0 2397.0
81.5 229.5 75.0 4588.5 1023.0 369.5
937.0 1353.0 2081.0 3198.0 2826.0 1629.0
924.0 1316.0 1970.0 3207.0 2671.0 1584.0
102.5 315.2 89.5 4914.0 1200.8 467.0
980.0 1467.0 2194.0 3388.8 3736.5 2446.5
955.0 1376.0 2056.0 3368.0 3193.0 1885.0
977.5 1462.0 2197.0 3231.5 2940.0 1846.5
939.0 1381.8 2053.5 3176.2 3230.8 2074.0
265.0 540.0 222.0 5608.0 1151.0 427.0
83.0 265.0 84.5 4714.5 1156.5 420.5
245.0 494.0 207.0 5231.5 1090.0 397.0
304.0 635.0 236.5 5868.5 1229.5 464.5
138.0 335.0 114.0 4964.0 1063.0 407.0
53.8 244.8 74.8 4340.2 1057.2 381.2
768.0 937.0 1202.0 1687.0 2456.0 2347.0
839.5 1125.5 1473.5 1964.5 2431.0 2337.0
851.0 1125.0 1487.0 2077.0 2845.0 2757.5
674.0 931.0 1168.0 1598.0 2316.0 2207.0
802.0 1081.5 1471.5 1917.5 2488.0 2377.0
925.8 1236.5 1653.5 2197.5 2743.8 2613.8
730.2 928.0 1240.5 1701.5 2120.2 2066.2
807.5 1039.5 1351.0 1892.0 2546.5 2477.5
913.2 1175.2 1552.5 2217.0 2972.0 2874.8
762.0 1017.0 1384.0 1898.0 2403.0 2316.0
768.8 1023.0 1344.0 1898.0 2593.0 2511.8
829.0 1082.5 1419.0 2036.5 2743.5 2651.0
854.0 1156.0 1575.0 2169.0 2712.0 2618.0
639.0 865.0 1188.0 1648.0 2076.0 2016.0
844.0 1157.0 1430.0 1846.0 2520.0 2406.0
716.0 963.0 1366.8 1791.0 2127.8 2035.2
641.0 907.0 1227.0 1692.0 2009.0 1914.0
822.0 1025.0 1317.0 1836.0 2480.0 2426.0
742.5 1032.0 1418.0 2073.0 2820.5 2703.0
703.5 879.5 1143.8 1618.8 2253.5 2180.0
842.5 1154.0 1648.2 2236.5 2825.8 2704.8
656.2 975.5 1340.8 1867.0 2455.0 2361.2
923.0 1214.2 1604.0 2234.0 3080.0 2985.5
734.8 963.5 1263.8 1827.2 2497.5 2417.8
800.0 989.0 1283.0 1784.0 2597.0 2503.0
706.0 816.0 1002.0 1436.0 2293.0 2206.0
725.0 878.0 1047.0 1489.0 2411.0 2352.0
878.5 1224.0 1682.0 2199.2 2656.0 2552.8
947.0 1212.0 1599.0 2313.0 3158.0 3037.0
589.2 813.2 1233.8 1730.8 1900.0 1827.2
729.0 991.5 1413.5 1964.0 2248.0 2150.5
904.8 1159.0 1500.8 2110.0 2816.5 2720.0
824.0 1099.0 1504.0 2058.0 2602.0 2523.0
836.5 986.8 1224.5 1763.8 2408.0 2363.0
894.0 1109.0 1450.0 2050.0 2679.5 2581.0
922.8 1209.8 1608.8 2273.8 3029.5 2919.0
761.0 1043.0 1428.0 1885.0 2397.0 2298.0
690.5 905.0 1162.8 1628.5 2187.8 2117.0
794.0 1033.0 1333.0 1871.5 2517.0 2421.0
944.0 1266.5 1688.8 2251.2 2816.2 2701.0
726.0 907.0 1139.0 1530.0 2019.0 1932.0
829.2 1124.8 1599.8 2206.2 2634.5 2532.0
921.0 1181.0 1557.0 2200.0 3037.0 2940.0
735.0 948.0 1238.0 1781.0 2503.0 2425.0
684.0 932.0 1313.0 1825.0 2332.0 2243.0
955.2 1228.0 1601.8 2260.2 2853.5 2766.5
806.0 1120.0 1498.0 2025.0 2566.0 2470.0
822.8 960.5 1128.5 1537.0 2182.8 2085.0
641.0 896.0 1266.0 1659.0 1887.5 1822.0
871.0 1129.0 1503.2 2057.8 2777.2 2662.0
833.0 1120.0 1439.0 1912.0 2418.0 2335.0
906.5 1134.2 1379.5 1798.5 2442.5 2363.5
612.5 842.5 1118.0 1490.0 2004.0 1917.0
741.5 944.0 1193.5 1631.5 2141.5 2080.0
882.5 1167.0 1520.5 2088.0 2698.5 2609.0
938.0 1173.0 1417.0 1866.0 2519.0 2437.0
927.0 1208.0 1637.0 2208.0 2809.0 2698.0
855.0 1101.0 1438.0 2028.0 2691.5 2610.0
705.0 972.0 1320.0 1791.5 2238.5 2159.0
837.0 1082.0 1417.0 2015.0 2798.0 2707.0
842.5 1173.5 1560.5 2028.5 2690.5 2567.5
604.0 697.5 845.0 1219.5 2055.5 2008.5
730.5 976.0 1293.0 1724.0 2096.5 2039.5
764.5 919.0 1087.0 1489.5 2095.0 2002.0
745.5 970.5 1232.5 1660.5 2177.5 2078.0
613.2 779.2 979.8 1360.5 1779.8 1769.5
793.0 1047.2 1363.0 1889.5 2419.2 2344.2
815.0 1000.0 1207.0 1625.5 2248.0 2163.0
843.0 1099.0 1451.5 2043.0 2738.0 2657.5
772.0 992.0 1295.8 1845.8 2461.0 2394.0
895.0 1245.5 1667.0 2236.0 2803.0 2694.0
765.5 1003.0 1321.0 1858.0 2440.0 2353.0
714.5 1003.5 1444.0 2002.5 2485.5 2401.5
494.5 611.5 726.5 1056.8 1795.0 1744.5
924.5 1207.0 1571.5 2078.0 2692.0 2588.5
696.8 869.5 1026.8 1427.2 2001.5 1927.5
721.0 985.0 1346.0 1933.0 2632.0 2539.0
849.5 1092.0 1370.2 1861.2 2472.8 2388.2
948.0 1249.0 1638.0 2246.0 2922.0 2819.0
694.8 840.8 1036.8 1393.8 1978.2 1915.8
760.0 991.0 1309.0 1853.0 2493.0 2420.0
928.0 1191.0 1564.0 2183.0 2886.0 2803.0
865.0 1153.0 1527.0 2115.5 2890.0 2785.0
662.8 884.0 1187.0 1705.0 2242.0 2151.8
603.2 862.0 1290.2 1790.5 2089.0 2029.2
682.8 802.2 949.2 1388.8 2317.5 2267.2
571.5 650.0 741.0 1076.0 2143.0 2120.5
811.2 1079.8 1420.5 1908.5 2484.0 2367.8
634.5 841.5 1134.5 1640.5 2306.0 2225.0
693.0 922.0 1262.0 1853.0 2415.0 2306.0
712.5 980.0 1304.5 1763.2 2235.8 2140.0
871.0 1195.0 1616.0 2208.0 2857.0 2755.0
915.0 1197.0 1579.0 2198.8 2939.0 2853.8
726.5 1001.0 1490.5 2050.5 2329.0 2253.0
784.0 1041.0 1376.2 1944.2 2683.0 2583.2
865.8 1136.8 1481.5 2033.0 2641.8 2551.2
837.8 1147.5 1648.5 2250.8 2700.2 2578.0
866.0 1156.0 1526.0 2111.5 2891.0 2797.0
833.0 1069.5 1333.0 1876.5 2457.5 2371.5
823.0 1116.5 1508.0 2131.5 2906.0 2777.0
585.5 771.0 1002.5 1461.5 1967.5 1912.0
873.0 1194.0 1591.0 2159.0 2736.2 2631.8
716.0 947.5 1257.0 1678.0 2192.0 2089.0
846.0 1104.0 1453.0 2038.0 2776.0 2693.0
623.0 879.0 1316.2 1827.2 2025.5 1961.5
935.0 1244.0 1643.0 2260.0 3095.0 2981.0
760.0 1046.0 1398.0 1960.0 2575.0 2476.0
655.0 909.5 1375.0 1859.0 2079.5 1999.0
781.0 1034.8 1371.5 1916.0 2624.0 2537.8
877.0 1167.5 1545.5 2071.5 2560.5 2478.0
755.0 955.0 1238.8 1769.0 2392.8 2328.0
928.0 1278.0 1695.5 2233.0 2786.0 2674.5
663.0 808.0 944.0 1365.0 2433.0 2344.0
655.2 879.8 1083.0 1511.2 1882.5 1803.5
759.0 987.0 1297.0 1832.0 2491.0 2412.0
826.5 1133.0 1648.8 2248.8 2639.5 2538.5
799.0 1081.5 1432.5 1982.0 2481.5 2404.5
657.0 884.0 1228.0 1711.0 2171.0 2084.0
562.8 795.0 1215.0 1587.5 1707.0 1652.8
940.0 1248.0 1642.0 2258.0 3106.2 3016.0
739.0 1000.2 1362.0 1855.0 2252.8 2174.0
911.0 1149.0 1500.0 2130.0 2851.0 2772.0
811.5 1080.5 1496.5 1990.0 2621.5 2521.0
794.0 988.0 1204.0 1609.0 2197.0 2121.0
853.0 1090.0 1411.0 2003.0 2752.0 2658.0
929.0 1206.0 1569.0 2190.0 2983.0 2872.0
864.0 1186.0 1576.0 2099.0 2608.0 2509.0
531.0 693.0 1037.0 1412.0 1224.0 1183.0
625.0 804.0 1144.0 1564.0 1425.0 1398.0
753.2 1030.5 1597.8 2142.8 2414.0 2318.8
715.0 985.0 1354.0 1781.0 2272.0 2160.0
819.0 1111.0 1495.2 2022.2 2530.8 2429.2
562.5 761.5 1033.8 1404.5 1897.2 1825.8
873.0 1144.0 1506.0 2092.0 2837.0 2744.0
680.5 936.8 1301.8 1826.0 2445.2 2354.0
925.0 1180.0 1542.0 2188.0 3006.0 2917.0
760.0 961.0 1251.0 1793.0 2435.0 2355.0
832.5 1056.0 1370.0 1954.0 2629.0 2571.0
761.5 1050.5 1440.0 1886.0 2352.5 2250.5
745.0 1005.0 1345.0 1792.0 1763.0 1724.0
891.0 1224.0 1623.0 2193.0 2784.0 2700.0
891.0 1224.0 1623.0 2193.0 2784.0 2700.0
568.0 821.0 1180.0 1644.0 2111.0 2013.0
866.0 1046.0 1340.0 1946.0 2723.0 2646.0
940.0 1228.0 1620.0 2241.0 3065.0 2968.0
794.0 1042.0 1367.0 1905.0 2584.0 2498.0
919.2 1225.8 1632.0 2231.0 2830.8 2723.5
681.5 912.5 1230.5 1707.5 2195.0 2129.5
626.0 732.0 875.0 1305.0 2153.0 2135.0
445.0 496.0 565.0 791.0 1386.0 1328.0
857.0 1146.8 1590.0 2166.2 2596.8 2497.0
791.0 1049.0 1494.0 2026.0 2529.0 2427.0
891.0 1224.0 1623.0 2193.0 2784.0 2700.0
735.0 1019.0 1466.0 2006.5 2331.5 2246.5
805.0 1139.0 1507.0 2041.0 2565.0 2447.0
773.5 936.5 1210.0 1756.5 2512.5 2418.5
812.0 1059.0 1431.0 2026.0 2822.0 2690.0
766.5 976.8 1268.8 1760.2 2291.8 2219.8
858.5 1094.5 1411.0 1982.0 2601.0 2516.5
720.0 969.0 1285.5 1726.5 2381.0 2285.5
706.0 970.5 1257.0 1597.0 1574.5 1517.0
717.0 935.0 1230.2 1764.0 2423.0 2349.2
829.0 1060.0 1392.0 1986.5 2724.5 2643.5
702.5 921.5 1339.0 1831.0 2148.0 2058.5
549.0 651.0 748.0 1104.0 1802.0 1762.0
644.8 881.0 1280.8 1749.0 2053.0 2000.8
878.0 1092.0 1327.0 1745.0 2368.0 2292.0
919.5 1129.5 1434.0 2069.5 2925.5 2850.0
711.0 952.0 1270.0 1797.0 2394.0 2302.0
933.0 1197.2 1551.5 2165.0 2886.0 2796.2
803.0 1095.0 1504.5 1993.5 2662.0 2566.5
911.0 1260.5 1689.0 2227.5 2882.0 2764.0
601.2 845.8 1120.2 1463.8 1473.8 1429.8
911.0 1170.0 1541.0 2187.0 3003.8 2910.8
832.0 1155.0 1508.0 1996.0 2604.0 2499.0
864.0 1157.0 1609.0 2201.0 2733.5 2620.0
747.2 1003.2 1281.5 1803.5 2383.5 2284.2
836.0 1061.5 1364.0 1938.0 2713.0 2601.5
799.0 1005.0 1309.0 1853.5 2526.0 2427.0
793.2 1096.8 1554.2 2108.2 2683.0 2555.8
874.0 1167.0 1554.0 2196.0 3091.0 3000.0
834.0 1087.0 1449.0 2076.0 2940.0 2831.0
640.0 932.0 1265.5 1641.5 1864.0 1819.0
911.2 1214.2 1595.2 2144.5 2765.5 2671.2
776.5 1048.8 1375.5 1702.0 1798.8 1734.2
811.0 1085.0 1446.0 1942.0 2443.0 2355.0
806.0 1048.0 1354.0 1876.0 2610.0 2516.0
874.0 1099.0 1454.0 2094.0 2880.0 2842.0
906.0 1228.5 1628.2 2185.2 2763.0 2647.8
845.2 1154.8 1519.5 1946.5 2659.5 2539.0
750.8 970.8 1260.2 1788.0 2377.2 2283.0
913.0 1204.0 1595.0 2261.0 3178.0 3049.0
748.0 975.0 1300.0 1870.0 2733.0 2619.0
567.0 814.2 1131.0 1471.0 1600.0 1553.5
586.2 808.0 1102.0 1514.0 2074.0 1984.8
682.0 908.0 1178.0 1613.2 2030.8 1954.5
950.0 1228.0 1561.0 2202.0 3162.0 3089.0
774.0 1019.0 1314.8 1903.5 2600.2 2521.2
853.5 1109.0 1470.0 2096.5 2805.0 2714.5
794.2 1101.8 1720.5 2272.0 2521.5 2432.5
691.5 970.0 1384.0 1883.0 2344.0 2263.0
100.0 100.0 100.0 100.0 100.0 100.0
