0.1538
0.0575
0.2484
0.7544
0.5663
0.0142
0.3887
0.6523
0.1698
0.0863
0.0516
0.254
0.636
0.6502
0.069
0.7174
0.2443
0.2416
0.613
0.6108
0.2749
0.2125
0.9649
0.0519
0.6748
0.8236
0.3748
0.5693
0.2731
0.4824
0.8476
0.3697
0.9613
0.9066
0.4617
0.4557
0.4134
0.7077
0.3568
0.7162
0.6883
0.7351
0.5816
0.7941
0.9113
0.0496
0.6104
0.9108
0.1674
0.0483
0.2707
0.3693
0.7422
0.4089
0.2413
0.1264
0.0322
0.2544
0.0332
0.7301
0.9321
0.7142
0.2677
0.2851
0.2684
0.1338
0.7256
0.6004
0.0123
0.0008
0.9602
0.053
0.0931
0.7216
0.8031
0.0541
0.6118
0.8024
0.3163
0.9681
0.3909
0.629
0.8925
0.1733
0.5247
0.7812
0.3629
0.671
0.1056
0.1796
0.9939
0.1628
0.2582
0.9968
0.214
0.809
0.1121
0.9328
0.1448
0.8185
0.4662
0.8827
0.9118
0.2343
0.8106
0.6016
0.4175
0.8118
0.1935
0.9309
0.0271
0.7736
0.3159
0.7163
0.7662
0.5443
0.7124
0.5618
0.0621
0.8032
0.0835
0.2286
0.2495
0.2319
0.9843
0.1345
0.7262
0.007
0.5752
0.7243
0.7268
0.8934
0.8651
0.374
0.345
0.6068
0.7209
0.788
0.0002
0.1268
0.3331
0.2202
0.6761
0.148
0.9959
0.2855
0.9568
0.8637
0.4495
0.6432
0.7028
0.1022
0.3398
0.121
0.4993
0.5491
0.4081
0.6482
0.0281
0.5792
0.9963
0.2266
0.0119
0.1283
0.883
0.4434
0.4184
0.708
0.7545
0.1703
0.7335
0.4298
0.029
0.6026
0.1091
0.556
0.9748
0.4911
0.0155
0.3482
0.7895
0.5387
0.2576
0.2324
0.2004
0.136
0.5205
0.8791
0.3221
0.7321
0.1654
0.791
0.8592
0.7577
0.6771
0.2353
0.2742
0.4027
0.7069
0.9674
0.0292
0.3667
0.7623
0.9285
0.2007
0.1511
0.3693
0.7961
0.0855
0.4868
0.431
0.2453
0.5708
0.2657
0.8319
0.5899
0.7194
0.8387
0.0817
0.7955
0.0214
0.1371
0.5514
0.561
0.5318
0.2908
0.2275
0.6993
0.6985
0.0944
0.8789
0.3051
0.7515
0.424
0.3004
0.8916
0.9932
0.3698
0.1881
0.5596
0.1495
0.8782
0.6617
0.7063
0.2745
0.5062
0.7041
0.5168
0.4547
0.8434
0.072
0.8537
0.5702
0.2703
0.5892
0.0765
0.9777
0.9047
0.2691
0.9026
0.4622
0.4019
0.0559
0.1089
0.3446
0.8102
0.0726
0.899
0.3867
0.1273
0.3311
0.3495
0.1355
0.8353
0.7367
0.8047
0.5923
0.4032
0.1545
0.5446
0.0835
0.2124
0.2863
0.315
0.8905
0.5535
0.9326
0.5471
0.1798
0.376
0.6495
0.6126
0.5551
0.1421
0.0023
0.9639
0.3998
0.672
0.3442
0.3755
0.4974
0.5702
0.0837
0.1882
0.7573
0.1641
0.5078
0.4143
0.5275
0.4637
0.9633
0.4923
0.7462
0.1269
0.2794
0.4289
0.3318
0.9314
0.0454
0.8647
0.8227
0.1997
0.8211
0.4573
0.9234
0.4931
0.9279
0.3108
0.7277
0.6539
0.1442
0.7703
0.1355
0.5352
0.8065
0.9431
0.7778
0.4207
0.3595
0.0143
0.728
0.4009
0.1609
0.5107
0.5976
0.0737
0.461
0.9684
0.5837
0.7354
0.0306
0.8148
0.5105
0.4149
0.1466
0.9073
0.3899
0.813
0.0788
0.2265
0.3456
0.1821
0.4612
0.5275
0.9045
0.3275
0.9999
0.7906
0.5907
0.9985
0.7045
0.9498
0.8293
0.6005
0.4664
0.2528
0.5912
0.0732
0.7304
0.8955
0.868
0.2744
0.6298
0.6803
0.8232
0.0858
0.1501
0.5981
0.0685
0.0442
0.1699
0.6044
0.0705
0.1083
0.8307
0.0879
0.2251
0.0925
0.8459
0.719
0.6336
0.7313
0.5874
0.0529
0.4126
0.6249
0.6661
0.1478
0.9321
0.7033
0.4649
0.6761
0.5988
0.7805
0.1562
0.6928
0.6479
0.8476
0.2256
0.8447
0.7762
0.673
0.6063
0.0801
0.9144
0.4644
0.0005
0.3857
0.0803
0.545
0.5066
0.8609
0.5424
0.0925
0.8484
0.109
0.8677
0.8807
0.4306
0.8919
0.3588
0.0277
0.3745
0.784
0.2936
0.3814
0.3684
0.683
0.0782
0.9945
0.995
0.1597
0.4819
0.8638
0.1738
0.9454
0.3623
0.7463
0.7559
0.4643
0.2232
0.9177
0.6793
0.2424
0.495
0.4861
0.816
0.6062
0.1103
0.2187
0.6921
0.4936
0.5834
0.2696
0.3682
0.5238
0.1588
0.1177
0.2444
0.2926
0.806
0.8951
0.8043
0.3215
0.9306
0.3225
0.3652
0.0918
0.6308
0.5963
0.4247
0.5148
0.7099
0.7774
0.0776
0.0959
0.4598
0.8848
0.3153
0.5373
0.5567
0.8064
0.491
0.3852
0.4108
0.4698
0.3987
0.0448
0.3785
0.7591
0.0555
0.9834
0.6587
0.9164
0.743
0.1238
0.4354
0.2788
0.0479
0.617
0.671
0.8889
0.1814
0.6942
0.3624
0.2056
0.7506
0.2202
0.732
0.6945
0.138
0.5415
0.6701
0.6062
0.8475
0.9762
0.2293
0.1793
0.0488
0.0069
0.8486
0.9009
0.215
0.7791
0.9747
0.1766
0.5397
0.5129
0.403
0.1228
0.8829
0.7256
0.1722
0.9604
0.8925
0.4999
0.0784
0.2361
0.2857
0.6157
0.7634
0.5677
0.4441
0.1541
0.714
0.4753
0.7397
0.3493
0.7445
0.9608
0.0205
0.4439
0.8815
0.1649
0.7555
0.5438
0.3688
0.0506
0.7365
0.4466
0.6716
0.7725
0.5241
0.8897
0.4948
0.5893
0.8322
0.4208
0.0713
0.4178
0.9062
0.8682
0.3006
0.4877
0.0172
0.8881
0.6354
0.0498
0.3318
0.9484
0.6903
0.5835
0.3825
0.1094
0.5993
0.0593
0.4682
0.2781
0.9594
0.3533
0.0262
0.8782
0.2187
0.3497
0.7513
0.651
0.3905
0.5383
0.4097
0.8788
0.3967
0.7381
0.9563
0.6282
0.5286
0.6701
0.8529
0.9882
0.6962
0.7632
0.8885
0.1031
0.4347
0.4718
0.084
0.0325
0.542
0.8806
0.6507
0.2341
0.298
0.2588
0.4067
0.9979
0.8509
0.2402
0.3772
0.6383
0.2211
0.3919
0.7914
0.7426
0.282
0.7721
0.5053
0.7142
0.4811
0.465
0.9862
0.6435
0.5077
0.9902
0.6716
0.7648
0.3394
0.3749
0.4016
0.6846
0.4076
0.2424
0.4326
0.2526
0.2542
0.9943
0.1961
0.2479
0.6191
0.7551
0.7281
0.1593
0.2425
0.301
0.5138
0.5362
0.4757
0.6351
0.1839
0.6129
0.5652
0.2519
0.4292
0.4028
0.847
0.897
0.4611
0.5707
0.9431
0.5752
0.3512
0.5906
0.9525
0.1579
0.8512
0.7373
0.8473
0.9473
0.686
0.6893
0.343
0.7569
0.5827
0.7848
0.8524
0.7811
0.0361
0.5294
0.0767
0.7604
0.6917
0.9465
0.616
0.7029
0.4213
0.6434
0.0083
0.4802
0.0368
0.5783
0.4465
0.9244
0.1068
0.5762
0.0477
0.7889
0.1246
0.9487
0.6126
0.7666
0.9163
0.495
0.4919
0.2953
0.1496
0.321
0.373
0.0444
0.1632
0.2421
0.2779
0.4234
0.8409
0.4749
0.7165
0.2817
0.8117
0.0936
0.8374
0.7595
0.0443
0.6479
0.5952
0.3227
0.2164
0.2281
0.3038
0.684
0.6565
0.0056
0.0802
0.4339
0.9657
0.2079
0.1253
0.2642
0.8255
0.4117
0.3683
0.2712
0.5434
0.2512
0.9714
0.7406
0.0024
0.4613
0.2661
0.4896
0.9512
0.7019
0.0148
0.7739
0.8464
0.0899
0.6558
0.6148
0.6112
0.1086
0.0919
0.1556
0.626
0.7953
0.6373
0.5592
0.8507
0.6251
0.8113
0.5935
0.4781
0.9064
0.9984
0.3812
0.0824
0.2334
0.5439
0.2898
0.1443
0.1806
0.0207
0.9627
0.706
0.9571
0.0509
0.1037
0.9523
0.7612
0.6143
0.1595
0.8272
0.7855
0.1543
0.3067
0.5154
0.8858
0.1721
0.2198
0.5023
0.5718
0.2974
0.8834
0.1595
0.5773
0.525
0.8391
0.6899
0.9238
0.1689
0.4877
0.207
0.4508
0.5643
0.653
0.2958
0.747
0.6561
0.9911
0.2445
0.5902
0.9099
0.6359
0.7109
0.4335
0.1004
0.9616
0.5058
0.3201
0.0222
0.5847
0.7241
0.1299
0.5505
0.7831
0.7392
0.2853
0.1246
0.4638
0.3137
0.1866
0.5959
0.3661
0.2453
0.6541
0.3562
0.1267
0.4763
0.0555
0.4296
0.6742
0.3131
0.5923
0.8381
0.3394
0.2692
0.8196
0.4213
0.9573
0.5599
0.1646
0.4145
0.2535
0.9105
0.3385
0.6588
0.9392
0.278
0.1493
0.1222
0.3274
0.4813
0.3718
0.2918
0.0012
0.8077
0.934
0.9297
0.4621
0.6871
0.2933
0.3226
0.7609
0.7245
0.1707
0.8235
0.7273
0.9083
0.8404
0.8283
0.2678
0.8396
0.6416
0.7446
0.8248
0.1255
0.7758
0.062
0.2689
0.212
0.0459
0.4476
0.9843
0.6603
0.4339
0.9346
0.6007
0.2885
0.2797
0.375
0.0517
0.0815
0.3744
0.8838
0.4495
0.4228
0.5103
0.3564
0.6305
0.8305
0.8264
0.1847
0.1198
0.9795
0.2939
0.5172
0.1175
0.778
0.8914
0.3977
0.1543
0.1559
0.7153
0.8271
0.0979
0.2628
0.3079
0.7584
0.7094
0.0397
0.7176
0.1209
0.4243
0.0583
0.0017
0.5197
0.4724
0.6238
0.0972
0.3226
0.7128
0.8784
0.6266
0.0916
0.1572
0.7535
0.9482
0.245
0.4315
0.3494
0.4403
0.3431
0.3995
0.5628
0.6237
0.0
0.0
0.0
0.0
0.0
0.0
0.0
0.0
0.0
0.0
0.0
0.0
0.0
0.0
0.0
0.0
0.0
0.0
0.0
0.0
0.0
0.0
0.0
0.0
0.0
0.0
0.0
0.0
0.0
0.0
0.0
0.0
0.0
0.0
0.0
0.0
0.0
0.0
0.0
0.0
0.0
0.0
1.0
1.0
1.0
0.0
