0.7142
0.7747
0.7856
0.0341
0.7556
0.3334
0.8389
0.2567
0.9245
0.2161
0.1258
0.2284
0.047
0.799
0.6339
0.6873
0.5571
0.5243
0.6583
0.7691
0.0484
0.4988
0.7
0.3997
0.9885
0.0132
0.7673
0.4789
0.0177
0.1906
0.8242
0.7531
0.411
0.5354
0.376
0.7737
0.8118
0.5289
0.585
0.1388
0.2081
0.4726
0.016
0.8796
0.0874
0.0556
0.7612
0.1205
0.0156
0.5673
0.0635
0.0156
0.9131
0.9529
0.0885
0.2995
0.8965
0.4207
0.5097
0.7712
0.3647
0.4104
0.5612
0.1688
0.298
0.3139
0.185
0.5267
0.6563
0.4852
0.741
0.9138
0.9959
0.5416
0.2643
0.2098
0.6181
0.7624
0.8577
0.7104
0.9423
0.7612
0.3388
0.1604
0.6354
0.7431
0.9397
0.1568
0.7767
0.4461
0.9856
0.8001
0.0017
0.6019
0.0421
0.6077
0.4106
0.8957
0.1713
0.7349
0.2895
0.7901
0.5136
0.6725
0.2672
0.5413
0.5038
0.1373
0.4024
0.7094
0.959
0.5713
0.2951
0.8081
0.6806
0.3954
0.7003
0.2113
0.942
0.6901
0.5982
0.581
0.9893
0.5726
0.6185
0.8871
0.0977
0.4684
0.1948
0.8954
0.2772
0.666
0.4598
0.0716
0.2236
0.6185
0.587
0.4224
0.5751
0.4122
0.0446
0.1723
0.9184
0.9311
0.7098
0.5007
0.5516
0.0046
0.4727
0.0113
0.105
0.4359
0.3874
0.8899
0.2539
0.7971
0.1462
0.7323
0.309
0.403
0.7218
0.9185
0.1091
0.0739
0.2974
0.7831
0.8391
0.1373
0.0415
0.4807
0.2426
0.431
0.1809
0.0258
0.7314
0.9676
0.0767
0.5349
0.7478
0.9853
0.9636
0.222
0.1486
0.3509
0.398
0.3913
0.8856
0.6786
0.1161
0.6821
0.358
0.4528
0.0898
0.2684
0.3873
0.7411
0.4606
0.9958
0.2134
0.0398
0.3311
0.9571
0.707
0.8178
0.7259
0.9436
0.7775
0.0627
0.9146
0.5939
0.121
0.1418
0.0821
0.9033
0.7021
0.7812
0.5926
0.4845
0.4806
0.6145
0.5628
0.9008
0.1732
0.1838
0.4116
0.5312
0.5336
0.4059
0.3384
0.0273
0.9761
0.4808
0.9924
0.6668
0.3792
0.7493
0.6049
0.9828
0.6458
0.6675
0.8955
0.3687
0.5518
0.8771
0.6849
0.1098
0.4601
0.3284
0.399
0.4595
0.0777
0.9179
0.1312
0.6474
0.6707
0.8594
0.6208
0.6282
0.2115
0.5143
0.2917
0.8793
0.0037
0.8491
0.4249
0.2454
0.8654
0.5285
0.5083
0.83
0.6401
0.5359
0.1669
0.6622
0.7604
0.6297
0.4313
0.6196
0.4168
0.293
0.0773
0.8733
0.4708
0.113
0.2552
0.5542
0.1159
0.8863
0.1733
0.0515
0.0656
0.0887
0.1445
0.8814
0.8456
0.2491
0.2782
0.2192
0.3382
0.922
0.2051
0.7012
0.2484
0.8134
0.9966
0.3078
0.9833
0.9397
0.3356
0.7488
0.6056
0.676
0.1712
0.5144
0.918
0.949
0.1127
0.5449
0.5671
0.037
0.8097
0.3699
0.2981
0.0571
0.2937
0.1986
0.959
0.8282
0.1619
0.3113
0.9956
0.6036
0.1375
0.5755
0.0083
0.806
0.8655
0.1547
0.6811
0.716
0.8523
0.031
0.8379
0.2216
0.6237
0.2981
0.4118
0.1901
0.265
0.5631
0.4138
0.0211
0.0936
0.4979
0.517
0.4949
0.2801
0.0332
0.0969
0.6396
0.7975
0.5847
0.4399
0.1176
0.9805
0.3838
0.3329
0.2619
0.9561
0.6915
0.3693
0.3497
0.038
0.9571
0.9892
0.3852
0.8573
0.3129
0.265
0.0266
0.0534
0.4867
0.7144
0.9668
0.5696
0.8167
0.1569
0.0952
0.3368
0.4851
0.1955
0.2154
0.2287
0.7054
0.3371
0.8391
0.2217
0.0913
0.9873
0.1973
0.7491
0.6656
0.086
0.908
0.7696
0.2043
0.6817
0.6225
0.0517
0.7243
0.137
0.709
0.6807
0.6623
0.4463
0.8535
0.2733
0.4677
0.6973
0.6947
0.9558
0.6113
0.5255
0.3604
0.7051
0.2402
0.1304
0.9893
0.0837
0.9125
0.5325
0.652
0.4548
0.1681
0.1801
0.7145
0.9104
0.651
0.5079
0.3465
0.6588
0.3448
0.927
0.7485
0.04
0.1977
0.2101
0.0686
0.3931
0.7311
0.0158
0.4801
0.2494
0.2193
0.5173
0.8168
0.5179
0.0188
0.6582
0.9277
0.7541
0.5908
0.6908
0.6166
0.1258
0.6699
0.329
0.8655
0.108
0.3742
0.7116
0.8642
0.2415
0.6029
0.0616
0.0724
0.1368
0.0713
0.6357
0.1728
0.7075
0.6713
0.4629
0.9671
0.9779
0.4388
0.0972
0.9556
0.6333
0.0312
0.2218
0.5742
0.0621
0.1211
0.1246
0.9903
0.3767
0.812
0.8161
0.7856
0.1584
0.4179
0.2525
0.4402
0.5809
0.6754
0.9416
0.3155
0.4802
0.8164
0.8811
0.0962
0.3844
0.5972
0.9676
0.5749
0.7971
0.1092
0.7728
0.5869
0.2186
0.1403
0.1392
0.4375
0.4705
0.949
0.3943
0.0171
0.7713
0.2766
0.3929
0.001
0.1324
0.8626
0.3199
0.2757
0.3737
0.6596
0.5466
0.5613
0.61
0.4696
0.4862
0.7292
0.0867
0.5339
0.3772
0.6611
0.2952
0.0358
0.5983
0.0598
0.681
0.2916
0.5184
0.4635
0.7927
0.8106
0.4498
0.5741
0.3663
0.751
0.2921
0.3918
0.2144
0.1384
0.1986
0.2766
0.2503
0.3875
0.0798
0.6711
0.0113
0.5859
0.0181
0.6051
0.9641
0.1545
0.5838
0.6489
0.4846
0.8098
0.8796
0.3641
0.4712
0.8115
0.3654
0.5907
0.4644
0.8764
0.8618
0.5217
0.2724
0.1215
0.6533
0.4493
0.9651
0.2039
0.1625
0.1987
0.2965
0.4678
0.374
0.4984
0.7375
0.0331
0.2026
0.0549
0.4145
0.3544
0.8736
0.3901
0.8635
0.2692
0.2749
0.7993
0.8621
0.8423
0.3679
0.3967
0.9922
0.9975
0.796
0.0264
0.4232
0.4733
0.3276
0.6524
0.1367
0.4077
0.7381
0.762
0.6387
0.7783
0.8762
0.5838
0.2435
0.313
0.9876
0.748
0.1735
0.8881
0.0323
0.6098
0.6967
0.0697
0.447
0.6965
0.877
0.4158
0.7432
0.2892
0.4302
0.544
0.8732
0.4451
0.554
0.2838
0.3618
0.9553
0.6508
0.3582
0.1597
0.5057
0.9053
0.5304
0.2644
0.453
0.0789
0.4477
0.9306
0.6183
0.9185
0.2824
0.2483
0.4168
0.9465
0.9769
0.1772
0.654
0.2055
0.3175
0.9886
0.0075
0.5753
0.5959
0.5541
0.0756
0.1566
0.0607
0.2089
0.8145
0.2163
0.468
0.3783
0.4617
0.747
0.0428
0.9305
0.0063
0.0611
0.4226
0.3848
0.3262
0.1168
0.7048
0.3116
0.6986
0.7782
0.1176
0.0941
0.0365
0.4626
0.7678
0.3952
0.9375
0.6903
0.1391
0.8169
0.2604
0.2091
0.6494
0.3237
0.0943
0.2551
0.9932
0.9242
0.5909
0.0271
0.0139
0.7897
0.0819
0.3935
0.6396
0.7547
0.9486
0.8421
0.0923
0.156
0.5655
0.722
0.2868
0.5145
0.3443
0.9795
0.6712
0.5155
0.8162
0.1813
0.1652
0.0327
0.1716
0.4242
0.6281
0.4011
0.8488
0.05
0.0308
0.5602
0.1143
0.4065
0.8332
0.8088
0.4353
0.7382
0.7625
0.4948
0.2105
0.9244
0.2373
0.8545
0.1943
0.9258
0.451
0.5756
0.4068
0.4652
0.1647
0.1445
0.2843
0.7841
0.6378
0.6096
0.7644
0.9299
0.602
0.8601
0.6275
0.014
0.182
0.7741
0.508
0.5143
0.9558
0.5788
0.9461
0.1138
0.2901
0.1986
0.5811
0.5543
0.8198
0.3644
0.7168
0.8456
0.8497
0.7529
0.1021
0.2715
0.1499
0.8667
0.6788
0.8531
0.9687
0.5412
0.1813
0.1405
0.0752
0.2561
0.6665
0.8242
0.8964
0.2117
0.2491
0.7282
0.3952
0.5091
0.9931
0.6708
0.3965
0.0504
0.3895
0.0102
0.0863
0.4999
0.6887
0.5525
0.1134
0.6526
0.3759
0.4332
0.6288
0.9363
0.0909
0.4685
0.3425
0.1176
0.5709
0.855
0.5248
0.9252
0.6568
0.3683
0.9744
0.1539
0.9841
0.0246
0.4816
0.4784
0.8965
0.245
0.7453
0.3891
0.9642
0.2419
0.6311
0.427
0.1234
0.9343
0.4379
0.3409
0.7753
0.9622
0.7878
0.6527
0.2066
0.2532
0.3763
0.9182
0.9484
0.5453
0.4913
0.4323
0.349
0.1889
0.8645
0.5245
0.3441
0.8505
0.8575
0.7877
0.0973
0.3645
0.1959
0.4048
0.6269
0.7789
0.3293
0.5034
0.6913
0.9313
0.128
0.8698
0.3137
0.4509
0.5486
0.4398
0.4395
0.6409
0.3319
0.4718
0.8208
0.6131
0.1393
0.9266
0.0437
0.6381
0.3953
0.5177
0.661
0.2458
0.2535
0.3899
0.1337
0.851
0.5678
0.6329
0.286
0.5991
0.703
0.0721
0.8102
0.5051
0.4371
0.9838
0.9704
0.5125
0.783
0.0172
0.7976
0.1263
0.7904
0.8879
0.9691
0.4251
0.7207
0.4729
0.3524
0.7174
0.4179
0.8405
0.3109
0.3552
0.8014
0.1106
0.3474
0.7234
0.6888
0.141
0.5275
0.6453
0.3385
0.9358
0.5012
0.3585
0.4914
0.4952
0.5657
0.0052
0.3959
0.0595
0.3383
0.4207
0.6963
0.4087
0.4154
0.435
0.8873
0.6916
0.5753
0.3029
0.2006
0.0633
0.5877
0.6526
0.5521
0.6993
0.4301
0.7575
0.3753
0.9151
0.6245
0.3249
0.1556
0.7705
0.9572
0.9231
0.8972
0.3815
0.875
0.0
0.0
0.0
0.0
0.0
0.0
0.0
0.0
0.0
0.0
0.0
0.0
0.0
0.0
0.0
0.0
0.0
0.0
0.0
0.0
0.0
0.0
0.0
0.0
0.0
0.0
0.0
0.0
0.0
0.0
0.0
0.0
0.0
0.0
0.0
0.0
0.0
0.0
0.0
0.0
0.0
0.0
1.0
1.0
1.0
0.0
