0.1184
0.2711
0.8829
0.999
0.6808
0.2954
0.3726
0.7303
0.0966
0.2042
0.1668
0.6616
0.7958
0.5229
0.5201
0.1746
0.7667
0.9572
0.0002
0.9391
0.1297
0.0189
0.6912
0.6095
0.1046
0.3639
0.0315
0.0352
0.2477
0.6249
0.9596
0.1641
0.8893
0.8621
0.0732
0.239
0.702
0.027
0.6293
0.0992
0.9072
0.3392
0.3322
0.5303
0.7541
0.6987
0.5487
0.034
0.2226
0.1832
0.9737
0.8227
0.8015
0.4784
0.6786
0.4728
0.9536
0.7214
0.981
0.2079
0.3124
0.626
0.6408
0.9792
0.352
0.2039
0.5237
0.8474
0.4906
0.2191
0.5702
0.3101
0.3102
0.34
0.8146
0.4302
0.985
0.1557
0.9782
0.3279
0.4448
0.8834
0.7674
0.6138
0.2839
0.7835
0.4669
0.2437
0.958
0.5748
0.5144
0.2655
0.3005
0.2491
0.4131
0.2578
0.3254
0.4392
0.6338
0.6708
0.716
0.5533
0.7357
0.0557
0.973
0.2174
0.9729
0.8037
0.3493
0.0182
0.2716
0.4867
0.9241
0.7044
0.0821
0.3026
0.5375
0.5808
0.3713
0.8686
0.3251
0.8208
0.304
0.273
0.3054
0.2004
0.0429
0.6594
0.1588
0.7129
0.3196
0.411
0.1455
0.5955
0.9421
0.0661
0.3994
0.2449
0.193
0.492
0.9372
0.3696
0.5609
0.1215
0.1261
0.6149
0.3639
0.9335
0.6007
0.5651
0.5985
0.8662
0.7354
0.1837
0.3472
0.5981
0.6696
0.5564
0.4048
0.6018
0.1588
0.7538
0.584
0.5203
0.2579
0.3837
0.2784
0.7451
0.6809
0.9039
0.162
0.7541
0.6218
0.2151
0.8069
0.3344
0.2894
0.0264
0.6879
0.5709
0.3264
0.7832
0.8019
0.7518
0.6888
0.9601
0.895
0.64
0.1026
0.8103
0.8393
0.0624
0.1661
0.5833
0.4069
0.8451
0.9859
0.0266
0.1967
0.8295
0.4829
0.9738
0.5576
0.1726
0.8195
0.286
0.155
0.3834
0.8834
0.0028
0.7355
0.6882
0.0067
0.5045
0.2691
0.4626
0.7109
0.0199
0.4249
0.367
0.0822
0.2925
0.611
0.2027
0.4781
0.7954
0.1985
0.081
0.0873
0.1399
0.1692
0.1238
0.7605
0.4805
0.3185
0.7713
0.2686
0.4999
0.5428
0.9875
0.0331
0.8114
0.0385
0.9795
0.4982
0.2565
0.9473
0.6962
0.8482
0.5885
0.4691
0.1257
0.1004
0.0578
0.363
0.8481
0.9279
0.6141
0.3461
0.2357
0.9999
0.0924
0.8775
0.9735
0.9356
0.0714
0.9373
0.5737
0.2807
0.4592
0.9167
0.7816
0.6115
0.861
0.119
0.6286
0.1301
0.9052
0.0498
0.5939
0.0769
0.8802
0.9628
0.3614
0.8372
0.3874
0.9786
0.9125
0.2828
0.1097
0.4848
0.8147
0.6856
0.9436
0.8115
0.1458
0.9659
0.0751
0.0816
0.3901
0.1007
0.7658
0.8108
0.3422
0.0929
0.6935
0.6805
0.2878
0.3514
0.8116
0.7651
0.9088
0.1018
0.4298
0.6602
0.6628
0.7154
0.7692
0.1919
0.1349
0.267
0.9257
0.5573
0.0354
0.2195
0.5313
0.477
0.8193
0.1991
0.1913
0.8846
0.4727
0.228
0.9816
0.0167
0.6278
0.006
0.8591
0.8048
0.6086
0.3587
0.9573
0.8395
0.1035
0.537
0.0167
0.9724
0.8267
0.8195
0.5262
0.7522
0.6506
0.1296
0.3287
0.1833
0.321
0.9939
0.4267
0.2693
0.6575
0.6347
0.0002
0.5306
0.5
0.5045
0.081
0.5538
0.7591
0.3084
0.5844
0.1592
0.2725
0.143
0.2719
0.7691
0.7366
0.7361
0.2211
0.0825
0.0805
0.6165
0.2449
0.6274
0.7441
0.4789
0.8381
0.7611
0.4761
0.2929
0.9986
0.472
0.7707
0.665
0.0289
0.8499
0.8118
0.0805
0.506
0.5884
0.1867
0.8978
0.5632
0.9213
0.9914
0.5037
0.0982
0.0583
0.29
0.9457
0.4734
0.2918
0.4491
0.3559
0.9005
0.3946
0.3787
0.4696
0.801
0.7007
0.3525
0.7858
0.8585
0.8192
0.1366
0.7639
0.87
0.4431
0.9301
0.7082
0.0379
0.6547
0.1253
0.7623
0.029
0.2712
0.2125
0.4303
0.9225
0.2892
0.1998
0.1647
0.9686
0.8444
0.811
0.9528
0.832
0.142
0.3777
0.6414
0.5009
0.6366
0.6888
0.3175
0.7634
0.3376
0.669
0.0451
0.5329
0.5425
0.8705
0.7107
0.9273
0.9869
0.928
0.5316
0.0578
0.2061
0.5928
0.5345
0.6889
0.1784
0.1069
0.8449
0.9671
0.4777
0.6813
0.7281
0.6466
0.2344
0.5231
0.9648
0.6916
0.2151
0.3688
0.1871
0.0783
0.8114
0.5098
0.5947
0.1325
0.2553
0.427
0.3597
0.5591
0.9905
0.9095
0.8225
0.6848
0.3469
0.5066
0.8298
0.2391
0.8587
0.1303
0.0309
0.4942
0.3807
0.3954
0.2201
0.7948
0.1199
0.8734
0.438
0.4227
0.1234
0.5755
0.1247
0.9125
0.443
0.4552
0.1994
0.9838
0.0199
0.1645
0.6347
0.0255
0.7908
0.5675
0.3651
0.7662
0.0553
0.2459
0.9551
0.7955
0.5414
0.8074
0.8407
0.7848
0.7403
0.1572
0.2671
0.6684
0.6913
0.0358
0.478
0.4468
0.2727
0.8807
0.7385
0.4702
0.6531
0.4691
0.1621
0.5458
0.9049
0.6808
0.5241
0.7773
0.2096
0.553
0.1098
0.6718
0.8539
0.0837
0.9582
0.7392
0.6556
0.2506
0.6854
0.2763
0.3939
0.2147
0.0495
0.7841
0.445
0.4044
0.8761
0.8049
0.1784
0.9307
0.3481
0.7365
0.9031
0.7275
0.5806
0.8292
0.6294
0.8251
0.0217
0.2561
0.7387
0.4252
0.5168
0.1182
0.9415
0.921
0.711
0.9645
0.6422
0.9541
0.334
0.0699
0.9273
0.5948
0.6203
0.02
0.9552
0.6636
0.3865
0.7988
0.2109
0.8239
0.9504
0.0332
0.3277
0.2406
0.5607
0.1724
0.1577
0.1297
0.1943
0.2968
0.6379
0.9527
0.1881
0.9103
0.0955
0.5401
0.7485
0.4433
0.6522
0.4785
0.1965
0.0315
0.2131
0.6869
0.0891
0.527
0.1118
0.6322
0.9791
0.2026
0.0301
0.1806
0.4342
0.7511
0.737
0.3831
0.4481
0.9361
0.0799
0.8114
0.4974
0.6997
0.588
0.991
0.6019
0.9175
0.9699
0.4142
0.4674
0.9896
0.4482
0.4031
0.7885
0.9261
0.5346
0.243
0.1337
0.778
0.1687
0.5239
0.1698
0.8723
0.4353
0.9309
0.8008
0.5102
0.769
0.7442
0.2363
0.6968
0.9801
0.7957
0.5406
0.2013
0.3848
0.6825
0.1475
0.978
0.7901
0.7346
0.943
0.9744
0.5055
0.761
0.0611
0.7214
0.5969
0.9796
0.9011
0.8796
0.4569
0.5501
0.0104
0.2176
0.8925
0.7851
0.4592
0.0049
0.0997
0.8547
0.3677
0.9874
0.0076
0.6637
0.886
0.9117
0.8721
0.5667
0.1471
0.921
0.284
0.7136
0.3276
0.0194
0.9641
0.1284
0.0023
0.161
0.6976
0.4845
0.0742
0.346
0.8309
0.6147
0.9157
0.1884
0.807
0.38
0.0981
0.0633
0.6417
0.7587
0.224
0.369
0.5232
0.2229
0.4829
0.2328
0.4511
0.6484
0.5585
0.4489
0.7102
0.9192
0.9125
0.7901
0.9743
0.3747
0.0165
0.0602
0.2238
0.1198
0.451
0.0945
0.6603
0.4061
0.6666
0.8244
0.9265
0.8088
0.4336
0.1488
0.7856
0.0505
0.0959
0.6152
0.9915
0.2814
0.2248
0.6074
0.8428
0.8969
0.7024
0.9849
0.5998
0.2578
0.7836
0.7927
0.5951
0.6764
0.734
0.2916
0.4514
0.8572
0.8864
0.5695
0.6583
0.1851
0.9486
0.1249
0.6615
0.206
0.5453
0.5027
0.5048
0.5454
0.1137
0.338
0.571
0.0669
0.3242
0.3848
0.3422
0.9558
0.0529
0.1783
0.2567
0.1209
0.3242
0.7358
0.0245
0.0158
0.7851
0.8098
0.8973
0.1582
0.0047
0.5019
0.7917
0.0896
0.0728
0.4718
0.901
0.1724
0.0125
0.1243
0.5834
0.9819
0.9881
0.1028
0.0256
0.0554
0.0175
0.2861
0.9038
0.8162
0.3613
0.564
0.5756
0.6861
0.1803
0.9006
0.7672
0.6895
0.8427
0.9891
0.5365
0.3894
0.6023
0.0973
0.0039
0.4767
0.5562
0.959
0.8634
0.0707
0.8342
0.6501
0.5628
0.6442
0.7939
0.098
0.1864
0.9293
0.5923
0.7358
0.1053
0.6437
0.3414
0.1645
0.3238
0.5461
0.8804
0.8105
0.1809
0.3969
0.6451
0.1206
0.4338
0.0969
0.9359
0.0955
0.3386
0.6104
0.9102
0.556
0.7653
0.6348
0.1178
0.6963
0.9836
0.4534
0.3084
0.5666
0.4305
0.3807
0.6561
0.7042
0.6781
0.0492
0.8548
0.5315
0.2504
0.1412
0.9495
0.2354
0.4219
0.8579
0.1263
0.8247
0.703
0.8819
0.3092
0.1137
0.4128
0.0252
0.4234
0.4957
0.7356
0.8495
0.7955
0.0897
0.3048
0.8761
0.7316
0.7847
0.0844
0.6722
0.7731
0.5035
0.5257
0.7504
0.1541
0.847
0.1198
0.3126
0.3563
0.7237
0.8035
0.0918
0.8602
0.6013
0.4919
0.4658
0.8935
0.9826
0.4589
0.0682
0.5428
0.098
0.6537
0.8929
0.7953
0.3563
0.2518
0.9978
0.5028
0.7006
0.7332
0.1928
0.6929
0.0714
0.6937
0.4697
0.146
0.9934
0.0169
0.0663
0.2051
0.7942
0.5215
0.8552
0.4783
0.1727
0.9031
0.5382
0.2339
0.3169
0.4663
0.2259
0.3857
0.2214
0.6281
0.1637
0.1993
0.4855
0.3119
0.9411
0.0
1.0
1.0
0.0
1.0
1.0
0.0
1.0
1.0
0.0
0.0
1.0
1.0
0.0
0.0
0.0
1.0
0.0
0.0
1.0
0.0
1.0
1.0
0.0
0.0
0.0
1.0
0.0
1.0
0.0
0.0
1.0
0.0
0.0
0.0
0.0
1.0
1.0
1.0
1.0
1.0
1.0
0.0
0.0
0.0
0.0
