524.2 824.45 1056.29 3943.07 2365.33 1420.44
937.83 1383.35 2047.51 3303.29 3397.0 2178.09
850.49 1257.19 1817.31 2687.68 2561.12 1758.73
844.45 1240.67 1795.14 3314.33 2725.21 1751.74
907.41 1310.83 1836.1 3070.19 2349.98 1443.98
808.16 1214.23 1619.85 3465.24 2083.42 1275.41
113.73 321.14 206.46 4270.54 1196.09 488.58
864.51 1229.76 1671.82 2534.51 2816.08 2200.68
583.77 861.74 1289.92 1888.87 1785.72 1157.09
946.66 1373.06 2036.45 3130.05 2964.52 1930.37
576.91 811.75 1191.05 1922.87 1825.26 1095.66
775.82 1164.13 1762.29 2599.0 2454.91 1576.72
758.33 1132.4 1579.11 3215.35 2426.76 1662.35
748.91 1084.05 1559.86 2381.86 2582.87 1769.81
916.15 1327.43 1936.31 2972.29 2890.55 1956.22
676.66 1028.36 1467.47 3695.23 2248.82 1227.76
355.64 481.52 684.83 1077.11 1024.79 633.7
929.32 1334.94 1949.82 3154.2 3084.65 1954.64
675.56 1063.09 1274.86 4028.11 1987.83 1130.18
393.61 652.9 727.07 4130.0 1576.63 837.72
774.65 1221.69 1697.0 3634.67 2592.81 1594.45
633.14 910.03 1387.3 2249.55 2512.48 1494.78
139.48 159.98 195.32 259.17 278.64 203.28
583.46 828.11 1208.74 1853.16 1739.55 1139.95
862.06 1236.12 1830.69 3308.56 2549.84 1494.71
683.57 1036.15 1415.28 3739.51 2347.44 1426.74
115.91 123.86 136.24 156.42 162.59 139.9
687.28 977.34 1396.3 2110.82 2359.81 1634.33
950.74 1421.59 2124.36 3129.01 2804.95 1770.6
677.2 976.98 1493.7 2427.21 2711.86 1610.06
891.09 1319.44 1940.97 3348.59 3260.42 2081.59
433.58 595.82 813.71 1202.5 1413.32 1045.4
453.79 750.99 950.74 3833.57 2132.7 1210.64
348.07 478.99 677.6 1009.55 1025.7 683.66
410.88 670.17 860.22 4178.88 1983.22 1134.28
881.78 1230.71 1573.57 2357.3 2699.19 2384.53
783.81 1157.1 1686.5 2588.97 2881.18 1967.5
605.64 924.1 1276.64 3621.58 2080.59 1143.95
885.0 1237.77 1596.51 2395.59 2712.34 2362.03
520.72 730.25 1095.0 1671.68 1473.66 871.83
481.65 655.26 834.4 1221.57 1365.65 1187.58
952.85 1365.88 2074.11 3273.35 2840.26 1679.61
251.39 448.72 446.89 4165.85 1040.2 493.09
127.98 142.47 167.49 205.74 192.07 151.27
795.55 1143.62 1503.66 2303.86 2575.48 2070.38
195.48 248.33 327.2 439.96 403.59 287.5
710.07 1065.57 1480.55 3907.54 2573.01 1458.45
828.18 1207.59 1646.13 2515.64 2904.46 2244.18
861.1 1234.82 1658.96 2818.1 2679.02 1994.71
214.6 426.09 362.91 4541.31 1329.3 586.34
848.41 1236.94 1842.75 3391.38 2635.94 1529.8
892.28 1302.53 2010.78 3096.87 2707.57 1551.83
609.79 864.8 1220.3 2049.74 1824.35 1274.49
852.8 1233.27 1760.35 2761.79 2594.01 1645.14
921.66 1319.45 1947.72 2981.78 2789.42 1803.67
897.06 1313.32 2016.54 3193.29 2730.09 1560.22
935.12 1337.18 2025.63 3104.58 2773.61 1664.78
747.8 1081.63 1579.92 2653.57 2428.35 1543.34
597.87 853.57 1206.5 2273.74 1971.88 1264.43
805.21 1178.6 1545.72 3114.02 2551.77 1805.77
102.38 235.92 122.1 3363.73 880.84 349.34
945.31 1356.04 1872.97 2982.02 2525.56 1709.03
904.85 1332.98 1900.4 2819.64 2908.98 2143.86
954.08 1427.81 2119.7 3348.72 3632.3 2396.91
590.41 866.23 1172.58 2519.07 2073.01 1309.86
571.86 842.49 1028.04 3308.62 2020.94 1547.78
774.74 1196.01 1629.03 3720.09 2951.16 1859.82
826.58 1171.47 1521.35 2274.89 2643.79 2250.82
876.13 1252.86 1780.57 2701.21 2712.11 1943.67
749.93 1126.25 1469.53 3293.85 2383.41 1675.08
805.1 1178.21 1737.12 2721.05 2857.96 1842.46
320.54 620.58 527.72 4701.5 1504.24 726.37
954.41 1374.01 1916.12 3071.71 2501.45 1612.7
577.66 856.43 1032.82 3048.14 2061.94 1589.28
269.64 359.59 481.12 733.34 538.54 355.36
688.37 971.4 1461.48 2224.47 1977.57 1185.54
944.1 1370.06 2032.58 3124.75 2960.28 1925.31
901.62 1275.81 1699.95 2569.09 2885.44 2353.01
645.75 979.6 1285.76 3764.54 1917.98 1108.1
598.48 853.77 1161.17 1758.94 1981.33 1501.97
865.97 1281.02 1814.45 2710.73 2825.29 2087.59
335.29 542.51 602.62 3275.46 1232.53 640.17
881.87 1232.18 1583.8 2374.48 2698.01 2363.29
252.04 487.72 395.96 4713.61 1308.67 598.68
252.66 325.7 414.33 587.51 632.31 512.26
146.03 169.26 205.62 265.33 255.77 198.84
862.66 1262.79 1810.88 3219.14 3357.17 2204.01
509.56 791.22 1022.65 3940.07 2191.14 1345.26
606.47 916.79 1181.84 3630.43 1858.04 1127.87
859.06 1237.58 1818.35 3194.08 2879.82 1741.3
943.06 1434.5 2164.19 3432.97 3078.57 1966.34
342.53 583.15 657.89 4397.75 1598.64 844.6
353.44 484.64 711.25 1057.75 933.93 564.36
939.66 1364.35 1964.39 3093.35 2865.41 1771.52
864.54 1250.25 1870.38 3400.18 2626.1 1537.0
772.61 1121.93 1724.06 2811.87 3143.58 1859.65
912.42 1326.39 1886.82 2883.55 3167.76 2248.88
212.83 416.9 290.6 4472.0 1083.24 480.77
937.32 1356.09 1895.23 3154.11 2453.71 1527.19
732.33 1062.09 1450.63 2604.36 2342.63 1633.97
317.69 541.96 607.31 4242.06 1756.09 926.06
970.6 1470.63 2240.32 3317.74 3133.66 2004.04
769.4 1106.93 1495.76 2276.52 2473.43 1937.92
784.63 1141.17 1561.79 2804.28 2804.6 2034.31
112.05 118.44 127.08 145.0 131.16 118.14
836.57 1195.05 1577.79 2342.73 2632.42 2192.42
942.34 1338.74 1941.18 2959.4 2821.07 1924.46
480.04 799.22 877.68 4180.13 1704.64 971.32
700.87 1048.06 1293.44 3621.83 2328.02 1604.34
803.45 1172.31 1657.58 2669.88 1982.2 1266.29
194.9 408.22 248.12 4850.0 1248.62 547.45
870.87 1253.18 1821.52 2774.09 3090.6 2083.97
464.59 739.7 919.64 3784.14 1762.95 930.86
760.86 1086.26 1611.86 2625.95 2490.68 1479.69
946.51 1369.28 2027.79 3101.27 3429.55 2222.61
449.67 626.16 902.43 1356.02 1283.44 850.89
134.78 302.64 136.1 4271.31 932.09 393.99
257.85 348.55 488.26 683.69 650.03 444.92
319.84 431.01 602.02 892.72 875.94 585.0
962.17 1395.7 2055.8 3299.54 3747.15 2442.74
837.67 1239.89 1773.49 3541.19 3389.53 2159.67
558.81 812.75 1191.75 1733.57 1558.8 1000.97
423.5 682.77 705.96 3899.25 1727.84 1146.5
938.44 1398.88 2066.65 3050.18 2796.92 1823.21
423.91 723.25 794.8 4283.74 1784.67 953.58
772.04 1111.95 1592.2 2495.78 2313.35 1437.83
121.8 239.69 113.65 2754.04 618.07 272.3
895.22 1325.56 1950.48 3336.45 3277.54 2087.4
113.97 176.55 109.03 1626.63 407.68 200.06
960.54 1395.8 2010.72 3167.72 2934.22 1813.23
952.83 1396.28 1948.68 3303.45 2741.22 1747.34
754.0 1069.78 1581.66 2687.05 2162.63 1284.02
420.67 695.21 847.93 4193.09 1945.1 987.6
839.03 1197.62 1628.34 2451.94 2638.9 2079.81
950.83 1373.73 1993.48 3078.92 3077.91 2065.96
428.51 698.59 813.65 3491.61 1810.8 1177.29
767.93 1100.73 1611.27 2451.06 2715.16 1789.55
116.97 333.21 122.88 4887.76 1234.62 491.07
534.08 739.87 983.69 1467.07 1630.79 1301.94
889.93 1287.77 1865.07 2860.19 2810.34 1931.19
807.59 1159.67 1545.58 2348.48 2802.75 2229.24
711.81 1042.25 1483.52 2644.98 2537.03 1707.88
645.89 968.89 1313.29 3828.68 2102.04 1167.54
897.47 1295.78 1900.68 2914.02 2794.71 1868.0
792.97 1155.28 1668.64 3022.23 2636.02 1697.96
216.67 274.49 350.85 512.76 421.93 293.02
902.5 1317.67 1881.74 3283.42 2806.35 1722.34
96.43 272.17 102.85 4742.92 1070.92 390.79
916.19 1306.92 1890.35 2882.1 2777.69 1911.82
826.57 1199.43 1787.17 3403.48 2570.73 1487.63
282.58 622.05 289.07 4987.61 1293.51 553.14
961.51 1376.42 2083.22 3194.35 2862.17 1725.6
882.45 1234.27 1594.18 2391.88 2699.33 2345.74
301.22 501.55 561.88 3555.82 1196.28 579.35
277.43 369.7 504.1 920.0 765.85 484.25
618.79 905.91 1334.46 1947.11 1749.49 1118.74
718.19 1043.71 1536.26 2355.41 2510.67 1625.85
866.14 1233.39 1765.56 2826.77 2808.85 1879.85
241.83 313.57 414.92 605.62 567.12 382.34
873.32 1243.09 1641.39 2602.28 2671.66 2200.06
833.95 1221.31 1808.9 2791.03 2838.79 1826.83
645.97 1010.85 1358.9 3855.76 2627.45 1585.61
713.28 1079.07 1528.57 3459.47 2467.9 1516.81
397.37 637.72 693.81 3895.47 1682.61 1130.74
792.64 1150.12 1529.62 2303.06 2604.43 2120.73
373.7 505.37 733.34 1088.28 973.42 604.98
908.77 1278.68 1736.96 2624.81 2752.63 2179.23
546.87 772.85 1120.48 1711.39 1677.29 1085.87
721.43 1088.72 1431.72 3645.55 2121.43 1229.87
736.94 1079.02 1477.96 2328.32 2402.71 1846.75
812.23 1193.0 1717.67 3197.42 3229.41 2110.14
778.47 1153.08 1721.37 2521.23 2295.85 1450.37
536.01 762.51 1067.89 1619.51 1717.62 1222.7
292.25 490.69 550.31 2911.32 1369.44 769.59
583.59 886.03 1166.22 3620.87 2077.75 1248.16
943.64 1350.02 1963.69 3129.23 2457.32 1540.91
357.25 635.52 489.89 4909.24 1379.46 619.15
750.26 1088.05 1523.79 2244.56 2253.1 1667.18
267.39 466.0 487.24 4319.79 1194.67 576.23
898.39 1327.2 1933.62 3222.7 3258.1 2129.67
804.65 1161.27 1601.18 2442.68 2573.51 1945.5
885.56 1237.16 1595.74 2393.45 2705.3 2355.39
891.82 1286.96 1900.96 2903.55 3210.95 2087.89
729.44 1036.59 1491.6 2387.88 2361.27 1539.84
908.65 1362.92 2021.61 3160.73 2701.45 1696.54
945.52 1351.13 2011.24 3074.21 2833.46 1797.8
840.24 1202.36 1594.91 2447.76 2483.52 2006.18
929.03 1364.51 2071.85 3566.75 3827.52 2306.73
449.94 674.53 875.98 2727.56 1455.67 870.82
709.03 1095.96 1533.32 3634.48 2312.9 1378.76
739.0 1070.79 1550.43 2370.07 2557.77 1725.97
328.13 593.76 403.6 4202.28 1080.67 480.69
453.22 715.39 942.63 4010.57 1667.57 872.41
424.52 651.32 812.68 2969.86 1672.19 990.71
930.75 1324.04 1872.43 2947.21 2522.25 1752.18
662.72 993.46 1367.12 3328.13 1766.86 1017.17
949.19 1381.96 1930.23 3088.8 2740.66 1816.46
348.55 603.23 647.53 4326.89 1568.1 793.29
657.84 1033.43 1243.36 4180.53 2169.04 1267.56
114.88 273.34 153.28 4534.24 1093.36 418.65
365.93 542.2 694.1 2505.92 1254.84 723.14
775.18 1157.61 1552.91 3659.27 2499.65 1607.93
753.28 1173.23 1613.07 3767.26 2989.48 1914.05
548.35 783.37 1182.03 1893.38 1595.02 927.89
925.86 1320.46 1894.99 3001.79 2454.96 1619.87
958.11 1366.95 2037.11 3116.57 2853.23 1804.79
329.79 445.43 629.83 1066.29 856.11 530.51
257.76 357.63 465.22 1057.59 801.92 518.07
318.38 426.59 596.26 871.93 1017.84 691.25
646.3 998.66 1286.37 3810.88 2305.25 1368.95
545.74 891.41 861.74 3728.13 1961.01 1421.77
126.95 139.78 161.17 201.64 184.1 148.54
497.43 688.62 1019.66 1535.05 1368.27 833.27
879.38 1254.68 1712.99 2581.66 3059.37 2360.85
484.77 761.53 1023.9 3097.92 2065.74 1247.97
726.64 1048.12 1463.6 2338.41 2027.12 1310.02
936.14 1336.82 1972.84 3011.32 2816.5 1831.23
402.92 662.4 808.3 3803.04 1748.28 950.17
959.76 1405.62 1972.55 3269.71 2768.62 1768.44
933.71 1374.56 2041.36 3185.19 3216.8 2063.48
611.03 949.69 1303.04 3595.43 2249.14 1341.05
208.41 417.51 357.92 4545.38 1324.4 593.84
99.68 239.34 150.11 4358.41 996.29 415.2
963.58 1446.8 2146.46 3449.02 3675.62 2398.37
383.48 532.74 758.61 1134.23 1205.42 799.69
279.23 384.3 511.88 1273.04 854.32 507.16
787.11 1117.66 1689.99 2581.03 2292.69 1367.73
320.79 437.32 614.08 909.53 923.9 619.48
314.12 558.06 572.96 4385.84 1500.55 738.42
621.14 974.07 1284.39 3897.6 2456.0 1477.43
178.31 264.75 264.27 1711.71 582.83 317.35
505.91 730.03 1070.02 1548.56 1413.72 907.89
811.88 1233.13 1789.91 3603.29 3172.22 2046.93
361.26 699.81 397.81 5643.28 1371.15 571.16
623.7 900.09 1319.37 2020.15 2054.23 1332.16
701.01 1038.32 1477.37 3485.49 2504.7 1424.6
819.83 1160.3 1495.32 2230.7 2619.04 2260.36
708.73 1061.33 1503.24 2971.43 2586.7 1632.31
897.59 1309.04 1834.4 3011.06 2565.25 1646.2
606.54 918.97 1155.61 3228.42 2194.31 1614.72
927.77 1346.14 1998.82 3088.61 2903.17 1877.5
822.58 1203.56 1645.92 2469.52 2694.61 2107.2
693.15 1080.32 1571.7 3620.77 2466.21 1490.96
900.55 1305.39 1928.14 2986.73 2925.64 1866.14
838.48 1205.57 1609.86 2517.97 2477.67 1884.77
500.34 701.98 959.57 1601.67 1220.18 766.76
726.22 1062.98 1442.31 3486.36 2302.26 1489.99
352.9 495.22 566.63 1578.82 1013.44 780.23
366.0 543.47 701.93 1985.32 997.52 566.42
536.71 807.58 1119.28 2761.25 1954.48 1196.17
958.07 1371.34 1956.15 2976.39 3496.6 2476.79
850.99 1250.27 1824.57 3329.56 2754.14 1746.91
858.78 1240.69 1684.01 2501.81 2750.98 2207.13
165.92 199.9 251.6 398.01 321.04 224.63
443.07 750.13 847.09 4445.86 1756.41 927.1
875.48 1293.24 1842.58 3192.3 2135.58 1276.63
144.75 279.73 215.71 3543.56 771.11 352.35
810.32 1148.25 1712.02 2778.37 2316.32 1379.27
654.16 977.24 1378.52 3566.99 2189.19 1241.75
737.81 1129.93 1588.24 3342.72 2560.15 1711.56
223.82 298.4 375.56 777.37 605.25 427.4
842.23 1255.44 1864.27 3562.57 3511.12 2045.99
456.79 704.42 952.84 3458.49 1701.73 887.4
140.66 179.48 202.13 627.28 331.59 217.67
970.89 1451.33 2179.26 3205.28 2918.94 1836.93
262.63 343.84 470.35 676.58 739.65 507.78
917.81 1368.53 2013.83 3233.71 2805.74 1821.53
512.66 766.27 970.97 3355.23 1871.5 1280.18
712.59 1119.68 1577.28 3862.46 2500.21 1517.57
476.05 675.44 944.85 1503.96 1072.13 666.07
281.19 512.68 528.84 4359.24 1513.41 694.69
598.61 844.12 1240.68 2005.8 1903.74 1140.96
929.76 1377.09 2007.91 2962.41 2784.32 1885.7
383.88 644.74 787.97 4096.6 1646.29 857.96
580.1 921.21 1093.68 4477.96 1936.4 990.62
357.82 487.94 691.65 1026.08 972.57 653.64
890.16 1253.13 1644.68 2478.81 2780.47 2340.09
958.66 1387.01 2051.82 3138.25 3471.77 2256.97
283.34 488.76 456.02 4333.07 1344.24 783.27
523.35 737.48 1040.02 1609.23 1494.31 942.77
740.29 1057.56 1555.01 2363.26 2791.08 1833.52
295.48 478.42 426.9 3086.28 934.68 455.78
888.27 1278.98 1794.9 2888.89 2275.18 1404.19
819.04 1192.55 1646.92 3093.75 2178.64 1318.12
869.41 1256.25 1752.07 2694.45 2854.64 2086.06
228.05 438.46 377.44 4416.78 1425.93 723.73
655.21 925.42 1318.31 1999.3 1955.26 1357.02
614.69 912.25 1097.93 2768.76 2161.08 1724.85
639.64 899.12 1273.88 1995.33 1654.47 1108.38
792.78 1133.69 1628.38 2482.89 2435.71 1703.74
302.02 411.65 570.61 805.5 745.25 516.27
523.81 812.14 1018.62 3867.04 1754.5 950.63
779.08 1102.1 1490.12 2638.37 2398.02 1834.54
730.67 1058.22 1622.81 2642.8 2953.82 1749.95
773.86 1112.09 1467.53 2230.42 2518.56 2055.1
885.85 1247.1 1625.2 2473.99 2615.3 2217.25
188.34 373.55 321.06 4427.96 1319.43 595.14
149.02 295.96 218.5 3496.83 993.34 444.12
869.33 1266.48 1943.87 2987.17 2636.29 1538.07
404.79 565.65 809.66 1217.52 1237.35 817.11
907.95 1282.29 1724.5 2603.12 2947.75 2356.0
804.1 1160.39 1598.79 2438.88 2572.53 1947.46
696.23 1023.72 1335.4 2564.68 2384.41 1881.41
320.66 582.64 697.71 3657.07 1563.77 819.64
438.45 614.22 917.21 1464.58 1631.49 985.44
232.39 305.66 415.04 594.79 647.1 453.03
957.0 1425.63 2107.59 3247.81 3597.89 2411.22
949.74 1367.59 2034.26 3324.22 3170.81 1899.26
464.56 637.99 927.33 1474.61 1237.47 756.56
536.49 759.63 1037.43 1629.87 1473.38 1007.46
503.5 698.21 932.54 1380.77 1581.83 1241.35
801.37 1185.15 1651.76 3436.56 2731.44 1791.97
331.63 467.54 582.61 1675.93 1115.95 807.21
841.61 1220.28 1813.21 3201.31 2618.85 1588.92
527.45 761.73 1078.0 1746.4 1521.7 1032.38
913.17 1312.95 1887.64 3233.5 3013.19 1930.13
101.08 234.53 127.05 4599.58 985.64 388.4
777.37 1122.92 1643.38 2711.82 2810.23 1813.07
654.34 921.7 1327.64 2097.05 1644.03 1035.44
252.83 328.56 447.29 640.21 742.32 513.76
380.79 536.2 768.15 1099.75 992.79 651.39
879.8 1310.34 1901.26 3106.53 2676.16 1780.8
647.1 1015.62 1467.24 3751.21 2342.75 1411.73
928.7 1365.06 2025.35 3123.43 3331.56 2145.44
825.1 1179.01 1629.42 2593.08 2162.76 1439.76
624.69 883.04 1300.33 2105.47 1998.07 1195.4
927.73 1329.44 1922.58 3095.76 2450.86 1559.96
549.25 873.16 1021.41 3760.03 2031.8 1317.09
732.16 1100.49 1490.47 3656.33 2417.53 1433.5
118.47 282.5 131.94 4862.78 1001.19 393.77
915.48 1321.32 1907.02 2914.77 2879.44 2005.06
543.27 751.27 1029.15 1603.04 1549.5 1151.88
703.53 1104.37 1569.13 3785.68 2465.44 1502.04
824.82 1167.9 1517.86 2284.39 2643.86 2237.95
945.34 1375.09 1979.78 3037.95 3287.17 2274.57
932.17 1352.01 1891.56 2885.95 3233.8 2419.2
365.41 624.5 591.3 4054.07 1707.15 1113.45
625.44 898.34 1368.73 2218.53 2477.66 1474.65
936.6 1348.52 2013.31 3296.68 3126.33 1848.15
805.79 1184.14 1622.35 2937.21 2876.85 2137.37
895.63 1262.22 1661.64 2504.9 2830.44 2363.75
730.65 1038.37 1472.88 2274.4 2193.2 1565.61
651.61 983.61 1238.95 3386.73 2214.85 1503.08
891.58 1254.53 1636.93 2444.82 2722.74 2330.44
921.78 1345.23 2008.92 3251.86 3679.19 2333.63
914.86 1310.58 1904.41 3117.81 2383.82 1479.14
800.23 1182.47 1709.01 3487.31 2750.23 1706.62
161.13 196.26 250.37 326.05 313.02 233.58
909.85 1295.85 1927.42 3129.6 2644.09 1601.61
308.72 428.64 613.37 871.78 827.27 556.06
446.58 765.83 794.83 4226.79 1601.19 914.26
843.57 1214.93 1793.36 2736.3 3024.66 1964.49
395.56 717.52 729.43 4552.94 1838.34 984.17
670.63 962.91 1326.39 2000.41 2276.54 1729.4
728.02 1070.58 1554.89 2382.35 2651.89 1817.47
321.67 489.42 608.93 3122.23 1208.08 637.92
846.18 1279.15 1927.77 2980.98 2712.81 1731.07
926.03 1347.62 1944.9 2990.94 3111.17 2144.68
514.77 758.95 1009.01 2064.92 1238.4 739.5
605.35 952.77 1038.04 3518.58 1970.35 1351.14
668.29 978.75 1424.39 2488.04 2286.89 1457.98
901.37 1291.46 1755.98 2756.72 2526.61 1830.8
828.93 1221.41 1795.06 2981.31 2857.62 1826.91
364.91 502.49 739.64 1168.08 1298.72 793.04
544.28 765.0 1045.51 1570.69 1860.23 1387.11
435.0 748.21 890.57 4211.54 1847.35 986.46
788.86 1154.1 1647.6 2671.8 1880.76 1136.94
243.95 367.32 447.12 1997.09 948.25 538.08
213.66 343.86 262.61 2348.78 626.71 300.42
411.33 732.13 755.81 4528.25 1780.99 944.29
528.89 848.05 1089.22 3729.62 2041.59 1131.76
691.47 1010.17 1450.26 3600.4 2197.5 1247.3
178.8 384.72 299.29 4542.77 1329.02 553.04
924.26 1315.07 1807.47 2757.37 2920.31 2232.58
399.15 681.68 836.09 3878.99 1795.94 975.88
208.93 272.76 327.54 699.14 459.76 311.11
727.16 1081.15 1445.32 3627.16 2055.5 1202.27
763.9 1103.01 1521.08 2415.68 2200.85 1505.1
832.61 1238.08 1843.27 2708.42 2429.36 1538.63
766.02 1134.61 1684.83 2589.11 2852.26 1875.93
210.0 264.67 360.35 507.15 458.26 300.95
540.51 832.38 1024.08 3408.88 1770.94 1036.46
547.89 760.32 1053.95 1648.43 1669.39 1181.33
932.63 1346.94 1930.13 2969.05 3032.65 2101.06
413.11 681.05 687.28 3200.62 1274.92 691.04
356.02 630.14 630.95 4542.17 1553.18 776.11
924.4 1324.22 1877.63 2864.92 2873.49 2086.2
690.52 1078.32 1493.87 3866.99 2311.39 1370.92
526.2 731.88 1050.49 1579.13 1496.1 1010.71
463.76 754.74 991.02 3992.7 1895.62 955.73
643.43 991.58 1296.66 3731.3 1798.27 1002.8
764.4 1102.07 1615.88 3052.84 2284.7 1333.52
307.26 491.21 537.98 2989.6 1337.43 754.22
893.08 1307.02 1885.98 2906.47 3047.42 2090.04
730.81 1120.16 1394.35 3845.72 2504.78 1638.2
685.72 1023.59 1393.18 3629.35 2323.45 1405.84
652.98 912.76 1266.1 1905.7 1920.64 1433.96
705.94 1026.89 1492.0 2804.36 2251.97 1435.49
912.22 1311.0 1797.54 2671.0 2750.4 2150.51
613.04 919.82 1125.96 3305.51 2294.06 1672.46
593.97 840.67 1224.93 1851.34 2042.9 1338.62
848.17 1249.24 1745.3 2611.76 2771.66 2095.64
909.8 1309.26 1840.73 2871.32 2772.21 1870.58
876.09 1254.52 1715.04 2928.95 3092.27 2297.9
887.69 1284.95 1905.44 2925.65 2765.58 1795.6
870.91 1225.31 1625.31 2607.2 2671.61 2182.66
901.15 1271.04 1678.94 2553.21 2756.44 2247.22
472.02 667.9 964.31 1457.26 1550.69 1018.23
386.21 525.74 730.32 1077.62 1057.54 751.03
887.25 1284.58 1906.58 2927.78 2764.39 1790.54
557.9 778.29 1004.98 1485.2 1737.28 1472.43
753.28 1074.84 1583.59 2941.37 2210.36 1300.53
776.55 1119.77 1462.99 2204.65 2521.21 2095.37
885.11 1237.57 1590.62 2389.84 2708.32 2360.89
401.89 560.85 801.39 1201.41 1277.23 845.14
354.91 608.84 727.84 3608.76 1776.3 974.03
328.04 463.16 608.07 1603.26 983.16 598.36
703.16 1040.29 1323.25 3262.46 2248.72 1559.88
382.8 650.07 764.34 4170.87 1785.05 940.56
360.18 495.31 728.23 1149.02 1277.34 780.68
859.32 1269.15 1788.64 2673.79 2805.27 2090.6
907.09 1291.99 1738.05 2586.85 2761.96 2243.07
240.16 478.22 388.6 4912.23 1326.27 623.9
650.21 932.4 1280.01 2238.36 1653.02 1020.17
631.81 920.59 1332.89 3012.37 1955.84 1129.78
759.44 1088.26 1370.55 2481.4 2489.24 2103.07
185.35 229.14 285.73 404.89 362.49 264.81
880.78 1261.14 1730.25 2629.63 2842.51 2174.29
778.05 1146.12 1655.03 3555.38 2438.68 1402.02
736.7 1099.77 1388.09 3285.25 2188.07 1447.31
564.05 778.6 1014.86 1509.65 1697.75 1416.1
409.91 573.48 821.6 1236.3 1256.47 829.17
862.9 1256.07 1787.25 2944.13 2630.13 1621.73
842.89 1215.96 1648.8 2551.04 2678.87 1998.04
776.7 1137.93 1516.96 3060.58 2278.33 1545.56
964.2 1404.84 2127.26 3456.22 3877.13 2396.0
813.02 1170.8 1597.36 2446.64 2665.26 2033.04
804.43 1211.18 1671.48 3404.61 2044.32 1195.81
682.06 1030.31 1307.29 3491.08 2044.73 1228.77
126.15 140.62 162.22 193.1 183.14 151.35
421.34 586.19 799.25 1247.86 1088.23 720.5
685.77 962.94 1269.64 1891.9 2114.0 1746.13
536.73 767.27 1061.8 2206.31 1413.3 867.98
811.96 1181.72 1819.07 2970.53 3321.64 1962.6
754.47 1081.71 1380.69 2089.37 2483.62 2132.48
788.34 1181.54 1602.46 3803.81 2910.59 1803.75
890.7 1275.52 1772.84 2681.61 3054.25 2274.48
680.95 984.92 1378.89 2764.55 1818.42 1109.69
543.22 888.31 1164.47 4171.17 2083.37 1207.75
402.35 638.52 751.65 3937.74 1789.98 1138.6
893.32 1281.14 1865.43 2841.53 2744.28 1854.78
632.18 919.14 1310.4 2497.08 2064.63 1301.43
905.2 1276.82 1682.79 2586.63 2631.85 2133.7
596.36 870.42 1286.18 1871.35 1706.46 1087.92
622.83 869.78 1148.06 1736.52 1881.02 1534.05
628.88 878.15 1117.98 1653.37 1947.28 1700.76
372.34 626.93 724.15 3620.92 1735.88 961.99
762.6 1093.47 1416.27 2151.73 2511.74 2103.15
853.21 1216.2 1616.08 2452.37 2687.11 2147.48
887.53 1277.19 1725.71 2690.93 2667.16 2003.1
870.54 1277.17 1860.2 3290.87 3447.34 2206.58
776.74 1151.25 1710.32 2629.14 2896.53 1904.5
630.79 964.49 1326.54 3139.49 2367.83 1512.95
954.45 1386.63 1997.23 3146.07 2914.12 1800.96
439.47 619.46 862.66 1367.39 977.56 611.01
937.42 1360.78 2011.93 3116.2 2943.07 1922.55
927.28 1345.36 1984.53 3175.43 3385.03 2184.26
831.19 1211.53 1773.59 3127.5 2599.78 1615.54
870.58 1241.81 1655.97 2557.83 2550.1 1983.86
882.11 1335.82 1963.79 3533.47 3454.94 2225.4
433.59 683.52 716.19 3757.19 1644.06 1140.1
762.05 1093.03 1409.24 2149.19 2560.41 2153.58
933.44 1350.92 1997.62 3084.58 3383.2 2191.26
520.65 756.04 921.18 2584.88 1773.8 1408.02
626.04 895.9 1244.68 1979.05 1717.73 1115.76
407.3 547.54 706.43 1051.16 1142.18 941.44
700.22 1032.23 1445.15 3604.61 2180.75 1240.8
911.5 1306.58 1775.9 2648.5 2839.08 2285.52
936.43 1404.88 2092.46 3190.26 2787.57 1751.97
821.99 1165.78 1524.01 2277.81 2609.5 2204.34
292.85 532.29 495.2 4621.75 1404.67 643.82
904.04 1360.25 2006.59 3404.38 3473.68 2256.29
730.75 1101.01 1571.24 3530.43 2635.58 1641.66
314.1 515.75 609.67 3056.36 1418.89 771.1
597.33 845.71 1232.58 1863.26 2056.13 1347.04
429.54 700.21 809.42 4144.53 1951.5 1117.9
154.79 181.77 225.35 309.42 298.21 214.39
261.51 367.62 476.15 1302.59 738.17 425.95
482.62 735.49 983.47 3953.74 1772.23 944.9
908.29 1303.61 1895.85 2888.71 3405.59 2311.8
819.38 1166.34 1693.15 2691.62 2103.74 1313.95
843.4 1237.68 1687.28 3290.83 2324.34 1440.46
974.34 1457.99 2178.87 3364.92 3711.28 2433.2
326.62 543.87 685.61 4012.74 1470.91 722.9
622.75 915.69 1142.97 2863.85 1934.3 1323.78
837.19 1190.78 1579.08 2399.13 2810.8 2288.62
449.41 702.18 831.44 2901.23 1614.26 1038.79
499.06 730.3 1030.62 2180.04 1689.52 1070.72
703.78 1031.45 1447.25 2847.28 2281.92 1522.82
571.82 809.41 1048.99 1579.74 1830.93 1516.32
148.02 341.27 217.36 4390.95 1234.74 535.58
611.4 865.58 1310.38 1992.86 1765.57 1034.21
935.84 1338.89 2013.7 3085.61 2793.0 1713.72
953.8 1425.72 2128.77 3136.0 2815.49 1782.13
758.64 1130.59 1613.79 3504.29 2548.67 1581.2
155.23 181.87 222.32 298.98 253.84 193.2
755.94 1124.25 1515.0 2989.56 2641.02 1803.81
864.38 1217.52 1576.13 2506.2 2663.4 2279.33
779.84 1166.3 1565.91 3441.82 2351.35 1463.09
531.89 787.51 1066.69 2749.91 1815.39 1170.75
768.71 1153.77 1712.59 3940.71 3327.24 1908.53
776.51 1111.73 1637.32 2491.3 2943.32 1931.59
904.52 1312.3 1853.63 2828.15 3122.19 2250.56
843.54 1200.35 1599.52 2403.15 2679.05 2191.06
905.86 1321.83 1861.4 2994.32 2282.0 1503.82
798.4 1188.83 1687.31 3522.19 3061.79 1922.25
908.51 1309.71 1804.47 2875.71 2478.98 1682.74
206.69 417.13 340.33 4569.72 1289.81 567.25
451.59 652.38 956.52 1389.27 1327.87 883.58
957.7 1382.87 1941.17 3127.0 2479.91 1540.83
912.83 1309.93 1793.2 2830.72 2517.88 1773.85
890.26 1331.96 1897.42 3558.0 3219.86 2034.65
893.56 1319.3 1882.06 2891.66 3262.77 2331.31
314.08 456.38 557.09 1735.73 916.17 563.65
195.14 338.96 320.87 2404.61 955.76 570.45
699.85 986.98 1308.25 1952.99 2267.06 1840.84
685.3 967.76 1286.39 1978.93 1946.48 1503.59
127.85 260.65 182.03 4223.46 967.09 402.68
927.3 1365.47 2026.85 3164.82 3195.22 2049.26
515.53 729.95 994.11 1635.13 1796.37 1312.59
369.24 627.64 739.18 4240.82 1711.9 835.2
631.56 913.4 1294.22 2084.55 1474.14 900.16
630.49 909.16 1312.69 2268.26 2033.39 1289.89
792.8 1148.2 1607.55 2574.71 2230.56 1437.75
391.58 583.47 727.35 2522.03 1144.02 658.85
114.98 252.8 156.47 4563.35 1007.24 405.96
835.87 1208.07 1733.93 2723.34 2523.58 1564.91
346.18 467.99 629.54 962.73 994.28 717.01
566.79 796.64 1167.89 1884.19 1788.64 1074.53
712.65 1053.27 1472.37 3542.13 2346.52 1434.79
481.9 771.16 936.62 4057.67 1874.72 1061.61
379.81 613.82 722.58 3858.19 1483.77 751.28
551.96 783.82 1083.49 1714.44 1489.92 972.72
671.79 988.6 1294.88 3202.15 1851.47 1141.97
628.18 939.48 1177.84 3509.64 2142.13 1479.19
759.0 1075.96 1411.61 2112.0 2431.61 2027.35
358.17 585.34 624.78 3961.72 1589.77 962.44
622.16 873.35 1308.28 1985.41 1766.29 1063.39
460.94 753.74 856.42 4276.26 1733.05 963.57
481.11 666.31 884.6 1355.63 1263.46 940.86
396.06 560.49 773.16 1651.95 1352.23 868.2
925.67 1380.22 2062.04 3032.97 2782.71 1771.98
920.27 1310.49 1961.53 3192.93 2659.36 1577.28
843.35 1234.07 1664.83 3176.83 2644.77 1784.12
189.47 234.72 304.32 422.63 415.8 297.39
546.95 849.42 1089.35 3744.54 2034.01 1182.01
816.7 1179.13 1736.65 2684.35 2629.66 1681.14
909.57 1338.63 1917.04 3118.36 2198.99 1328.09
711.65 1038.25 1298.87 2664.56 2354.28 1908.7
853.84 1211.29 1636.1 2459.71 2667.79 2124.48
944.01 1428.96 2175.99 3220.94 3040.98 1944.24
857.52 1234.02 1892.89 2903.83 2567.15 1483.81
716.98 1116.8 1397.76 3640.84 1963.12 1174.0
503.07 773.09 1049.75 3353.44 2185.75 1226.5
397.75 662.35 773.5 4147.03 1631.54 824.59
372.85 595.24 600.03 3054.67 1157.98 598.75
619.77 940.79 1110.66 3407.62 2211.68 1560.26
918.25 1323.73 1821.85 2714.91 2870.7 2262.43
159.95 190.2 237.57 315.33 302.89 228.73
930.37 1344.4 1999.03 3399.32 3134.19 1846.62
918.11 1330.92 1879.42 2943.8 2843.14 1883.08
521.09 806.79 1105.75 3874.01 1949.44 1016.68
942.68 1348.05 2049.79 3142.44 2789.2 1655.23
762.29 1159.39 1591.41 3746.49 2659.22 1621.05
315.01 417.29 587.94 910.71 770.85 487.22
805.42 1179.15 1712.25 3108.69 2566.31 1636.87
418.6 701.63 720.88 4506.36 1588.21 799.56
864.35 1254.22 1806.8 2768.84 2991.05 2058.77
534.46 751.45 1089.42 1640.37 1808.86 1189.41
125.2 225.08 178.89 2717.42 759.83 336.64
596.03 885.47 1225.3 2823.8 1941.64 1211.71
787.89 1145.35 1663.47 2547.46 2747.88 1847.42
887.73 1299.12 1888.99 3374.79 3284.9 2102.52
829.19 1159.62 1514.0 2271.37 2620.87 2213.26
387.46 697.19 557.94 5154.21 1492.29 726.81
375.66 531.89 724.11 1256.51 1014.62 691.83
769.22 1125.54 1673.8 3205.59 2391.26 1354.13
725.34 1043.85 1436.93 2396.42 2627.03 1909.09
909.72 1349.37 1959.57 2900.2 2748.02 1871.49
557.73 935.54 971.65 4112.63 1755.44 1021.44
488.64 698.95 941.45 1779.7 1347.33 864.84
868.16 1264.86 1758.72 3408.45 2326.15 1439.19
665.49 986.43 1410.39 3220.03 2237.97 1391.76
882.92 1331.9 1973.0 3374.75 2737.64 1690.59
851.06 1235.25 1713.15 2826.99 2670.82 1824.39
91.81 230.4 118.64 4205.89 1000.17 370.85
166.84 200.64 252.64 341.03 335.93 247.46
848.16 1206.25 1606.48 2410.26 2802.26 2272.03
517.13 810.0 1054.77 3936.76 1840.98 972.15
972.85 1456.57 2176.01 3379.86 3708.31 2427.04
496.19 697.12 916.87 1374.8 1578.17 1261.26
496.9 686.35 887.7 1305.68 1477.48 1244.78
388.76 691.48 552.51 5161.88 1480.6 697.71
742.86 1052.12 1587.59 2421.25 2151.48 1286.09
715.75 1053.97 1346.9 3088.33 2363.5 1642.65
944.85 1343.23 1956.45 2984.42 2826.19 1905.42
555.4 789.02 1090.97 1726.72 1500.49 979.36
756.47 1134.68 1539.41 3549.1 2459.43 1475.92
594.66 841.7 1226.5 1853.79 2045.62 1340.35
905.54 1278.65 1797.42 2838.24 2681.73 1930.01
538.01 805.21 1110.06 3397.18 1794.38 993.64
845.67 1243.43 1804.79 3511.15 2870.84 1792.15
888.47 1275.99 1891.25 3083.1 2948.25 1778.75
140.71 291.73 184.08 4151.99 881.88 432.54
841.1 1240.13 1811.87 2668.24 2471.25 1655.25
914.99 1319.99 1888.73 3294.1 2398.82 1476.33
863.61 1224.33 1729.19 2625.47 2611.51 1899.11
572.82 815.38 1128.87 1788.94 1554.06 1012.99
675.42 959.92 1389.09 2104.34 2330.59 1565.66
485.13 674.46 886.6 1351.4 1445.71 1153.56
387.08 530.46 753.78 1117.83 1229.16 819.85
742.44 1061.74 1620.51 2477.87 2192.34 1273.58
441.58 689.41 829.72 3350.87 1867.57 1246.18
650.3 990.79 1354.44 3827.48 2792.87 1706.76
888.14 1243.1 1601.85 2418.38 2677.08 2314.41
783.66 1153.95 1651.6 3613.97 2721.92 1569.43
776.23 1185.14 1720.32 3536.33 2509.37 1514.71
773.27 1110.81 1447.67 2948.66 2327.72 1769.77
245.51 322.46 377.12 745.11 642.61 542.53
810.79 1163.0 1715.22 2612.48 3087.41 2024.4
816.69 1155.46 1489.19 2219.53 2622.87 2261.55
760.26 1110.33 1583.34 2565.02 1806.82 1093.89
160.66 236.99 227.89 1481.3 538.28 312.42
144.57 299.44 189.91 4226.15 935.74 407.41
708.67 1019.05 1458.72 2224.48 2401.63 1660.27
714.13 1084.73 1440.69 3596.69 2475.24 1407.41
863.21 1243.04 1828.19 2789.33 3086.74 2024.32
804.45 1155.24 1572.82 2395.92 2577.89 1991.04
650.45 981.58 1363.56 3107.47 2416.17 1508.74
888.16 1267.31 1923.81 2945.88 2615.15 1554.16
875.48 1274.14 1762.43 2616.99 2808.24 2184.2
928.35 1328.83 1912.74 3126.07 2456.61 1580.41
124.17 309.05 166.78 4705.3 1148.34 449.52
862.78 1252.31 1814.71 3370.45 2626.28 1591.32
559.77 884.39 1170.63 3947.59 2352.48 1380.02
758.0 1161.2 1581.0 3417.38 2911.48 1971.37
803.8 1200.76 1797.68 3890.28 3452.29 1990.44
730.1 1053.35 1471.13 2350.77 2037.76 1316.7
328.0 497.35 600.52 2499.68 1177.12 647.48
885.91 1291.84 1806.01 2886.65 2298.28 1563.84
675.35 955.57 1404.95 2274.89 1984.43 1252.32
801.18 1139.36 1652.84 2626.05 2053.04 1283.24
488.93 759.58 994.76 3682.31 2129.11 1256.89
442.27 685.39 905.1 3876.83 1672.48 884.62
926.45 1412.61 2134.34 3431.5 3045.51 1926.93
868.44 1244.89 1710.5 2707.58 2354.49 1623.49
866.65 1230.83 1688.52 2545.59 2690.94 2078.83
374.11 606.23 710.53 3865.1 1474.03 743.7
259.7 361.33 468.18 1275.52 812.75 476.41
442.27 621.59 917.13 1446.54 1243.41 750.72
904.0 1277.0 1694.67 2582.31 2765.01 2226.98
385.45 521.37 674.39 1009.82 972.6 789.8
886.89 1240.72 1600.6 2403.73 2726.54 2368.57
171.62 239.3 247.17 1224.99 485.38 275.88
790.04 1135.11 1494.13 2276.73 2602.96 2121.91
801.75 1147.96 1524.47 2350.62 2472.34 1980.83
756.47 1083.72 1385.13 2098.95 2506.79 2144.11
516.03 820.56 896.59 4080.8 1795.01 1057.32
170.1 390.01 333.55 4201.33 1288.26 549.31
605.69 929.66 1247.93 4086.93 2104.84 1158.06
855.49 1229.35 1746.38 2666.78 2684.71 1931.26
556.58 828.05 1210.6 2842.77 1830.33 1006.84
818.62 1184.56 1601.64 2445.17 2794.01 2170.98
496.99 815.39 1058.97 3992.75 2010.9 1169.92
841.09 1258.42 1865.36 3089.26 3208.57 2093.85
239.81 327.07 408.72 1112.19 690.67 417.81
657.2 957.15 1261.73 2635.08 2006.85 1434.6
263.26 388.41 468.96 1722.21 734.32 409.5
900.68 1270.05 1676.34 2548.4 2755.03 2250.57
317.88 426.17 615.67 906.44 809.6 498.01
695.66 991.95 1509.85 2313.13 2041.65 1188.67
548.08 767.91 1091.15 1641.77 1580.02 1106.04
512.45 729.64 1058.27 1604.79 1708.38 1118.04
713.97 1078.21 1544.39 3780.72 3069.68 1826.74
955.12 1379.02 1933.99 3113.8 2479.86 1548.29
486.21 743.51 892.09 3706.19 1656.91 1115.89
659.66 925.34 1325.96 2103.51 1893.96 1264.94
668.8 1082.94 1298.39 4440.19 2155.98 1213.05
814.93 1152.68 1477.56 2198.29 2598.07 2265.02
901.1 1304.62 1855.07 2861.26 2955.14 2071.74
533.98 870.77 926.83 4736.67 2149.24 1199.54
822.98 1184.36 1688.21 2649.98 2658.04 1843.97
350.97 575.32 710.87 3994.64 1565.53 851.82
525.63 736.53 1067.21 1604.49 1888.88 1252.35
777.7 1117.82 1620.2 2492.47 2489.64 1658.24
340.88 479.29 692.49 990.73 939.37 626.35
837.56 1290.17 1789.66 3779.4 2584.6 1559.36
642.04 899.02 1261.72 1978.42 1865.18 1319.41
341.17 565.68 675.65 3943.71 1623.28 845.63
626.47 882.45 1215.94 1904.04 1872.59 1372.82
548.5 899.12 1082.39 4222.71 2124.23 1208.78
962.1 1435.06 2142.54 3152.36 2899.99 1855.45
429.52 601.37 828.86 1195.71 1199.11 887.27
301.63 585.93 324.66 5506.89 1301.13 528.22
626.36 874.33 1188.61 1781.52 2001.64 1537.39
688.83 974.99 1317.03 1984.28 2235.52 1767.96
903.85 1302.37 1985.21 3045.22 2727.38 1615.62
320.15 424.88 599.6 930.09 786.89 496.48
934.52 1350.53 1910.55 2921.96 3187.79 2293.97
898.1 1274.05 1711.14 2592.18 2853.68 2296.83
502.32 703.24 1016.2 1526.39 1682.41 1108.8
196.46 274.63 305.36 877.35 473.8 302.5
714.55 1151.54 1523.48 3840.82 2441.9 1471.5
461.02 713.59 879.47 3653.86 1919.92 1263.64
823.44 1169.3 1586.82 2492.04 2239.61 1621.32
144.98 226.17 184.1 1843.49 509.53 257.92
431.93 683.49 884.94 3947.57 2067.06 1203.47
351.32 470.88 670.34 1047.62 884.15 552.61
633.25 897.08 1341.31 2037.64 1847.92 1130.7
649.74 915.4 1212.82 1830.29 1983.96 1572.35
976.81 1425.42 2001.88 3223.7 2802.55 1813.87
582.86 908.88 1237.88 3769.46 2311.04 1264.02
834.2 1182.76 1546.94 2312.38 2742.65 2299.02
780.36 1116.5 1592.51 2551.8 2568.3 1716.31
536.9 953.34 1000.87 4611.13 2017.72 1111.16
431.72 611.79 839.91 1450.19 972.49 601.25
817.92 1238.02 1793.91 3395.63 2522.59 1578.25
827.0 1222.14 1710.6 3160.14 2133.27 1334.57
292.1 393.49 547.28 804.34 816.84 551.98
121.8 132.83 148.4 177.71 171.8 143.4
921.61 1321.22 1827.92 2783.51 3069.16 2317.14
753.91 1145.81 1531.85 3668.84 2473.56 1462.53
882.13 1277.41 1912.24 3392.06 2707.07 1578.25
853.55 1223.7 1737.64 2635.6 2968.31 2107.17
813.06 1205.72 1764.35 3051.21 2846.86 1811.67
158.17 185.84 232.01 319.34 281.5 204.76
906.57 1296.85 1921.26 3281.83 2630.47 1552.52
592.14 853.81 1244.37 1947.17 2032.45 1319.36
774.42 1130.6 1525.46 3202.7 2745.1 1935.29
920.46 1374.55 2052.31 3021.2 2708.67 1711.14
858.16 1250.7 1821.76 3291.18 3376.11 2179.17
339.71 463.79 678.12 1005.84 888.74 539.19
943.95 1353.35 1866.52 2968.61 2529.17 1723.44
850.07 1204.77 1636.32 2526.98 2619.72 2040.9
302.93 411.21 551.01 783.26 780.09 584.57
860.36 1271.55 1864.8 2865.19 3170.11 2151.15
555.18 823.11 1058.93 2539.1 1629.14 1132.48
593.02 878.82 1202.41 2804.34 1872.45 1135.56
714.48 1114.99 1557.47 3661.61 2366.21 1410.18
702.25 1031.14 1503.47 3415.99 2277.2 1290.21
448.39 687.54 782.96 3143.37 1285.63 705.58
133.85 150.17 174.96 221.93 194.27 157.12
933.75 1353.47 2001.06 3073.05 2925.5 1919.7
458.95 752.69 864.68 4201.61 1533.63 786.41
490.29 709.35 976.01 1924.38 1171.88 705.5
871.67 1260.32 1852.03 2974.41 2691.54 1721.26
363.9 685.45 668.27 4624.2 1592.04 801.16
457.3 640.58 877.21 1375.62 1199.54 791.45
955.44 1428.85 2135.57 3297.02 3635.02 2381.02
414.06 587.88 795.48 1563.94 1235.46 787.22
569.21 792.43 1164.84 1869.24 1564.02 945.04
452.76 752.85 753.71 3826.34 1816.32 1264.78
848.27 1237.36 1763.45 3177.34 3262.6 2192.37
962.23 1386.61 2017.58 3075.57 3640.31 2474.26
788.45 1181.13 1746.62 2991.95 2411.32 1498.22
820.77 1221.4 1701.2 3118.34 2821.6 1888.47
886.26 1239.39 1592.94 2399.84 2682.06 2334.32
653.07 982.23 1440.93 2411.95 2049.47 1304.19
607.74 929.93 1248.78 3826.01 2359.66 1345.18
899.85 1266.44 1692.29 2607.78 2822.58 2261.38
870.29 1243.79 1689.83 2560.99 2804.07 2189.1
895.03 1255.8 1653.84 2516.96 2647.01 2210.15
378.74 523.48 732.76 1090.34 1172.18 809.19
411.22 692.71 798.56 4212.94 1865.42 1059.35
850.2 1238.74 1722.27 2697.92 2958.11 2166.63
127.5 141.99 163.9 200.35 207.25 167.89
907.59 1335.73 1913.77 3113.73 2189.74 1318.79
396.62 546.33 780.69 1165.46 1103.9 736.97
920.39 1353.49 1935.22 2959.47 3328.7 2383.5
324.81 448.93 637.23 902.26 827.58 547.44
856.94 1233.09 1701.18 2590.55 3082.74 2305.72
369.94 510.14 751.8 1188.38 1321.51 806.22
925.8 1349.45 1896.98 3049.82 2639.6 1694.59
875.83 1292.66 1786.89 3441.49 2584.35 1626.63
595.96 943.32 1044.07 4442.4 1781.61 948.95
550.89 826.35 1024.4 3186.91 2075.67 1536.3
989.89 1431.22 2122.18 3256.89 3842.12 2509.88
540.03 799.94 1088.72 2673.87 1766.85 1091.66
136.08 156.05 185.87 234.86 249.12 196.22
721.87 1008.86 1335.4 2009.74 2200.92 1803.9
348.34 722.64 452.55 5132.75 1621.21 793.33
925.39 1367.25 2018.47 3320.52 3364.33 2151.73
522.4 825.99 1076.44 4097.91 2176.04 1268.67
862.85 1300.13 1917.2 3320.49 3341.38 2163.01
510.85 789.65 1059.92 3940.02 1919.1 1015.09
824.4 1225.33 1823.74 2679.2 2403.26 1522.51
147.67 172.42 215.1 292.19 315.7 224.71
921.99 1315.63 1843.52 2893.97 3277.89 2392.96
535.81 837.87 974.95 3845.75 1799.22 1070.0
462.89 652.33 937.06 1528.67 1679.35 1090.43
168.2 201.79 256.03 360.68 346.73 242.39
872.57 1253.68 1828.54 2962.53 2899.11 1832.04
939.81 1363.75 1982.45 3067.68 3077.33 2049.97
922.6 1330.59 1849.22 2961.65 2454.88 1601.74
646.91 951.57 1350.68 3675.79 2106.77 1182.78
307.92 422.98 594.75 877.04 959.2 654.41
133.82 151.67 178.74 224.0 226.2 179.57
822.33 1175.05 1769.96 2844.09 2435.85 1447.16
830.64 1181.59 1550.84 2324.64 2683.16 2242.56
846.74 1249.12 1731.71 3163.32 2495.26 1575.22
972.11 1470.49 2226.74 3300.85 3144.98 2039.62
756.87 1085.39 1387.81 2111.31 2464.07 2105.05
925.28 1359.46 2003.46 3095.63 3176.02 2078.79
892.92 1260.3 1655.62 2471.3 2716.77 2298.58
831.93 1222.56 1774.8 2720.54 3016.49 2087.2
618.35 952.45 1348.07 4156.73 2791.49 1557.62
886.7 1302.05 1840.84 3050.34 2218.07 1408.3
507.95 788.42 994.21 3946.24 1759.54 945.92
903.22 1311.97 1830.24 2925.67 2325.97 1597.95
964.19 1401.2 2073.46 3216.19 3150.24 2006.53
526.57 837.83 1035.0 4178.54 2051.07 1161.01
930.32 1389.97 2075.77 3058.79 2740.61 1730.68
883.08 1236.75 1592.5 2401.98 2661.42 2315.99
515.43 783.04 1012.32 3076.98 1811.91 1144.87
534.31 748.16 1093.57 1760.02 1671.12 1006.71
943.48 1369.6 1895.09 3011.08 2760.54 1904.04
923.83 1390.41 2080.56 3086.47 2985.83 1984.86
894.24 1320.46 1884.52 2895.58 3266.5 2332.22
854.08 1218.76 1726.49 2748.5 2592.64 1807.42
545.92 766.93 1058.78 1677.64 1330.47 837.76
910.11 1333.91 1890.58 2885.41 3258.35 2372.63
670.36 954.03 1393.58 2120.78 2010.77 1316.95
861.31 1277.06 1806.4 3234.4 2119.55 1261.22
771.94 1116.17 1457.79 2346.8 2386.76 1930.46
774.8 1093.6 1467.69 2214.66 2471.83 1974.79
916.07 1327.75 1956.85 3030.58 2976.99 1912.46
852.61 1217.41 1649.27 2535.01 2949.02 2300.48
959.69 1385.57 2003.65 3092.74 3104.06 2103.62
408.64 572.28 793.39 1252.28 897.86 564.6
828.15 1186.55 1654.69 2518.74 2761.67 2040.53
839.85 1217.47 1753.92 2685.25 2636.3 1820.25
773.34 1181.16 1713.48 3540.71 2503.19 1509.95
709.07 1113.29 1505.66 3577.94 2477.44 1621.29
912.4 1300.62 1875.73 2852.25 2773.62 1915.8
900.57 1315.73 1854.57 3245.51 2771.76 1718.13
895.95 1291.55 1983.85 3046.07 2692.32 1554.02
293.89 471.46 510.9 3256.96 1059.79 542.85
960.73 1398.78 1951.45 3120.21 2782.57 1855.64
931.14 1350.07 1894.85 2807.1 2822.79 2107.58
189.77 354.24 332.0 4446.38 1210.29 562.4
868.96 1265.66 1775.96 2723.32 3027.3 2193.7
236.41 407.21 418.17 3347.26 1170.86 559.78
949.4 1379.62 1914.45 3048.56 2768.11 1887.42
146.86 297.38 221.7 3933.12 1101.64 510.67
848.12 1217.8 1631.34 2523.5 2451.55 1929.85
863.84 1272.12 1923.45 3318.43 2647.87 1501.18
706.58 1062.88 1426.19 3191.05 2761.38 1748.45
895.28 1306.91 2017.56 3104.51 2717.0 1558.29
906.43 1337.96 1853.47 3385.99 2672.22 1687.72
314.8 516.8 538.37 4108.01 1455.57 886.45
905.5 1304.53 1864.34 2843.75 2851.62 2030.88
598.04 835.61 1132.91 1733.24 1656.65 1262.89
611.77 924.96 1158.32 3734.2 1944.05 1235.31
792.37 1142.26 1510.71 2300.09 2672.34 2159.12
675.33 934.24 1199.31 1786.77 2014.99 1753.15
841.44 1211.14 1675.92 2816.86 2418.43 1716.99
90.75 291.18 156.03 4300.34 1144.77 442.86
629.71 903.33 1255.48 1911.92 2061.19 1505.74
844.13 1222.76 1700.15 2709.84 2419.95 1619.89
258.44 360.76 475.11 1188.47 706.24 415.14
870.22 1288.61 1830.97 2734.38 2838.1 2085.67
896.95 1290.49 1860.06 2999.34 2989.98 1957.2
314.02 552.03 597.43 4406.51 1613.15 770.77
886.68 1289.29 1788.85 2716.64 3098.04 2347.87
492.91 789.56 911.4 3497.3 1971.89 1353.47
857.31 1245.81 1747.93 2805.14 2428.94 1562.32
737.0 1096.18 1567.67 3142.75 2696.33 1735.76
897.56 1294.06 1831.91 2897.45 3155.41 2229.61
931.23 1355.63 1876.62 2993.12 2736.87 1872.84
651.5 923.93 1295.56 2238.36 1917.23 1289.33
953.74 1373.74 1970.72 3036.45 3073.22 2125.27
693.84 1031.5 1357.1 3230.27 2031.88 1399.2
899.82 1299.12 1871.29 2857.2 3204.0 2200.66
481.01 671.29 967.68 1450.84 1598.6 1055.37
502.56 703.45 960.35 1438.94 1636.27 1216.43
220.93 418.7 339.46 3861.75 1068.78 489.11
793.24 1122.65 1540.35 2318.27 2439.78 1877.37
380.84 632.59 555.93 3564.43 1152.35 577.86
808.49 1180.41 1735.21 2671.52 2735.53 1791.31
852.74 1256.44 1831.29 2698.4 2510.66 1694.16
841.23 1191.47 1596.42 2445.67 2613.58 2095.53
784.82 1136.14 1590.2 2546.23 2206.03 1422.36
241.55 492.89 427.87 4711.66 1656.97 773.53
413.98 712.48 818.71 4445.44 1754.03 937.07
565.87 910.16 926.76 3959.05 1935.73 1320.45
864.14 1232.26 1668.95 2512.16 2896.88 2272.95
526.78 879.4 944.01 4795.49 2097.63 1166.4
588.78 823.91 1231.04 1864.88 1659.78 1001.8
482.75 684.29 989.25 1496.42 1592.55 1044.72
352.14 576.11 615.7 3791.03 1599.48 1018.46
740.19 1072.68 1645.78 2681.17 2996.88 1774.84
942.38 1360.07 1898.58 3048.7 2479.62 1585.05
624.9 907.66 1368.26 2520.68 2525.87 1489.3
696.59 1011.59 1434.62 2314.07 1653.66 1020.13
717.85 1043.19 1535.48 2354.17 2509.35 1625.02
161.67 310.59 280.19 4103.7 1073.57 488.5
806.41 1152.45 1560.46 2435.9 2539.22 1959.75
628.13 923.28 1170.14 2877.23 1846.94 1271.53
760.01 1091.08 1400.66 2117.29 2496.42 2127.08
829.56 1191.38 1653.28 2642.75 2180.22 1418.11
712.88 1026.59 1481.0 2491.5 2221.33 1481.88
522.13 807.04 1062.86 3905.38 1883.68 1001.0
769.6 1131.48 1635.24 2410.21 2328.24 1600.18
484.38 696.61 1018.56 1471.71 1344.02 865.03
234.1 451.09 364.23 4434.99 1170.84 545.92
382.52 524.47 688.47 992.4 1087.09 886.65
950.89 1396.55 2152.13 3669.04 3972.2 2337.44
874.58 1251.91 1694.25 2593.94 2736.59 2082.36
656.52 972.91 1392.7 3815.36 2201.59 1235.39
919.96 1317.47 1817.37 2765.83 3054.01 2320.09
225.96 295.67 399.72 548.47 500.49 347.34
936.5 1406.93 2088.43 3102.89 3037.74 2055.72
918.31 1330.89 1911.0 2951.84 3009.72 2063.97
559.69 886.52 1080.62 4185.35 1876.18 965.34
489.1 768.31 968.43 3958.21 1778.27 997.48
588.35 838.01 1148.79 1811.57 1636.65 1115.46
895.26 1296.64 1924.96 2956.55 2791.49 1807.74
906.47 1343.91 1970.15 3385.5 3306.53 2110.04
337.75 637.15 562.4 4583.77 1582.47 843.66
749.31 1120.93 1673.04 2567.05 2384.32 1566.52
906.02 1317.51 1973.02 3186.09 3595.28 2271.91
808.22 1151.12 1646.1 2497.63 2934.98 2053.66
467.76 713.55 875.02 3404.87 1824.49 1251.32
470.02 653.93 975.76 1469.56 1305.11 775.94
620.13 877.6 1237.03 1867.71 1877.48 1352.21
859.45 1226.65 1778.6 2866.78 2805.03 1807.18
887.94 1271.02 1762.05 2664.01 3037.9 2274.32
375.93 549.1 690.55 1903.58 1049.75 619.0
830.26 1217.79 1797.47 2834.12 2830.55 1817.61
283.57 454.57 485.79 3119.84 1201.0 704.53
561.1 819.74 1218.05 2605.66 2320.6 1351.53
938.59 1426.89 2157.14 3386.22 3053.5 1945.5
929.5 1329.4 1932.48 3077.9 2421.44 1520.67
910.64 1308.78 1916.11 3179.66 2748.78 1740.6
158.95 188.17 226.75 308.56 262.67 197.53
337.38 455.28 592.18 894.33 834.44 624.28
920.88 1317.31 1933.35 2953.35 2788.58 1848.03
939.84 1370.68 1927.52 3099.96 2682.76 1721.69
205.32 331.4 314.09 2427.57 799.78 422.11
865.32 1251.59 1856.27 2849.02 2690.18 1743.46
305.52 420.1 581.13 1190.43 827.94 492.03
96.28 232.48 140.27 4357.91 955.33 382.31
707.64 1045.86 1518.25 2917.52 2487.0 1571.04
683.29 1019.26 1391.86 3819.26 2196.78 1228.1
213.14 267.56 361.8 508.51 461.04 308.74
596.56 843.59 1092.47 1664.33 1912.14 1576.15
894.09 1255.01 1654.33 2528.45 2783.93 2300.66
319.25 467.43 631.82 1691.12 962.38 586.75
725.43 1078.99 1457.08 3319.39 1974.27 1282.91
854.71 1242.42 1797.02 3117.91 3297.39 2134.78
376.41 529.03 760.55 1086.41 994.59 650.14
411.92 573.38 852.27 1278.72 1126.33 671.49
907.49 1299.1 1852.39 2932.21 2464.86 1655.59
573.07 808.14 1073.73 1665.21 1594.75 1196.31
311.56 556.18 618.83 4308.63 1603.31 743.93
879.61 1256.37 1685.3 2616.15 2543.21 1938.98
690.87 1057.53 1452.7 3730.01 2559.28 1557.61
267.95 473.84 514.98 4299.58 1224.32 581.9
860.84 1252.9 1891.46 2904.92 2637.47 1615.69
951.84 1379.26 1911.53 3044.27 2755.0 1887.11
913.98 1301.36 1803.28 2740.8 2830.87 2159.15
726.09 1061.97 1514.14 2831.38 2820.23 1817.96
290.0 413.28 547.98 1519.83 1069.54 625.88
899.71 1344.36 1966.53 2925.79 2919.96 2033.48
842.05 1183.32 1553.0 2336.92 2642.05 2214.91
889.88 1247.76 1627.66 2466.21 2821.99 2390.64
747.77 1066.72 1581.91 2575.91 2443.32 1452.35
612.96 923.63 1280.55 3060.12 2295.95 1427.89
397.69 753.11 517.19 5525.11 1498.36 680.4
851.93 1292.71 1880.8 3373.49 2594.36 1606.47
346.2 475.3 641.02 918.02 959.48 740.64
962.09 1447.61 2169.2 3214.45 3105.23 2065.26
612.45 925.13 1259.49 2869.85 1652.69 969.39
688.68 970.98 1284.95 1919.45 2142.61 1760.99
787.45 1135.54 1673.63 3063.21 2651.51 1556.91
717.86 1087.0 1341.6 3809.33 2276.55 1474.96
238.38 313.59 418.42 599.37 659.94 480.79
325.0 449.52 635.39 901.09 815.38 541.83
733.82 1073.17 1347.04 2464.37 2455.66 1997.78
562.86 856.53 982.75 3516.15 1925.19 1412.37
873.66 1246.81 1813.37 2887.19 2254.94 1405.56
402.38 648.12 798.02 4170.27 1666.06 877.48
864.04 1256.5 1841.9 3455.47 2935.79 1715.45
311.18 560.96 657.08 3563.39 1464.27 749.85
772.78 1114.66 1452.47 2192.62 2544.6 2129.71
443.29 739.83 854.77 4235.55 1724.15 952.8
720.15 1027.44 1509.24 2292.07 2706.43 1778.99
403.96 614.21 715.22 2671.53 1417.54 835.86
914.66 1360.96 1966.54 3461.85 3302.69 2099.99
760.55 1075.49 1412.28 2486.74 2405.37 1891.78
962.0 1398.0 2014.0 3173.0 2939.0 1816.0
69.0 191.5 59.0 4653.5 930.0 346.0
134.0 394.5 95.5 5146.0 1087.0 409.5
969.0 1403.0 2079.0 3181.0 3518.0 2279.0
155.0 368.0 123.0 5163.0 1156.0 447.0
89.8 263.8 87.2 4769.8 1060.5 381.0
971.0 1390.0 2115.5 3245.0 2879.5 1707.0
122.0 299.0 89.0 4632.0 914.0 354.0
72.0 203.8 71.8 4231.5 957.5 341.5
907.5 1325.5 2047.5 3151.5 2757.0 1579.5
948.0 1357.0 1978.0 3155.0 2462.0 1531.0
56.8 180.8 53.0 4412.8 873.5 325.0
119.5 322.5 80.5 4825.8 970.8 371.8
948.0 1376.0 2046.0 3146.0 2970.0 1921.0
911.0 1341.0 1922.0 3127.8 2196.5 1320.8
985.0 1493.5 2276.8 3372.5 3183.8 2033.8
76.2 218.5 55.5 4643.8 764.8 282.8
962.5 1390.0 1954.5 3151.5 2480.0 1527.0
959.5 1435.2 2145.2 3160.2 2832.8 1787.8
88.5 243.0 63.5 4918.0 903.5 321.0
978.0 1422.0 2105.0 3266.0 3199.0 2037.0
79.2 209.2 66.0 4931.0 970.2 374.0
222.2 574.0 104.8 5481.0 1198.8 463.2
992.0 1434.0 2127.0 3253.0 3849.0 2515.0
980.5 1432.2 2016.0 3245.2 2807.8 1800.2
966.0 1422.0 2112.0 3259.5 3477.0 2237.5
109.2 304.0 68.8 5231.2 1052.0 412.0
978.0 1434.0 2220.0 3640.0 4073.0 2397.0
81.5 229.5 75.0 4588.5 1023.0 369.5
937.0 1353.0 2081.0 3198.0 2826.0 1629.0
924.0 1316.0 1970.0 3207.0 2671.0 1584.0
102.5 315.2 89.5 4914.0 1200.8 467.0
980.0 1467.0 2194.0 3388.8 3736.5 2446.5
955.0 1376.0 2056.0 3368.0 3193.0 1885.0
977.5 1462.0 2197.0 3231.5 2940.0 1846.5
939.0 1381.8 2053.5 3176.2 3230.8 2074.0
265.0 540.0 222.0 5608.0 1151.0 427.0
83.0 265.0 84.5 4714.5 1156.5 420.5
245.0 494.0 207.0 5231.5 1090.0 397.0
304.0 635.0 236.5 5868.5 1229.5 464.5
138.0 335.0 114.0 4964.0 1063.0 407.0
53.8 244.8 74.8 4340.2 1057.2 381.2
750.0 1074.0 1364.0 2066.0 2476.0 2140.0
813.0 1149.0 1469.0 2186.0 2594.0 2270.0
881.0 1229.0 1568.0 2348.0 2696.0 2390.0
100.0 100.0 100.0 100.0 100.0 100.0
