0.2343
0.0642
0.3391
0.7784
0.3223
0.4136
0.825
0.7767
0.8916
0.255
0.577
0.5885
0.2852
0.4871
0.7375
0.8294
0.7673
0.254
0.0729
0.2226
0.0306
0.5958
0.5132
0.4777
0.9434
0.0873
0.9942
0.7026
0.7139
0.3257
0.9228
0.9061
0.3312
0.5173
0.8895
0.4407
0.346
0.1357
0.6584
0.4967
0.1803
0.7813
0.5706
0.4198
0.0889
0.259
0.6296
0.8682
0.9837
0.1644
0.3592
0.4744
0.2587
0.5273
0.1967
0.1071
0.671
0.1662
0.8604
0.5607
0.7299
0.8704
0.1956
0.4325
0.5226
0.7754
0.0137
0.5612
0.2428
0.6222
0.2513
0.4499
0.5814
0.5924
0.3633
0.1336
0.5007
0.6522
0.8575
0.4151
0.4687
0.118
0.3253
0.3815
0.5852
0.3798
0.3339
0.7354
0.1626
0.5676
0.1395
0.3112
0.5632
0.6067
0.181
0.3121
0.1984
0.5123
0.3472
0.9692
0.7189
0.9504
0.5079
0.554
0.1461
0.7295
0.3101
0.4127
0.3493
0.9474
0.551
0.1163
0.3102
0.9693
0.6529
0.425
0.161
0.0794
0.9623
0.1858
0.3433
0.4517
0.447
0.1335
0.2415
0.3799
0.613
0.455
0.1822
0.0271
0.3587
0.6522
0.8345
0.1045
0.1127
0.5996
0.9163
0.5583
0.1698
0.2407
0.739
0.5764
0.4055
0.3281
0.6392
0.6138
0.8396
0.8445
0.246
0.3781
0.5888
0.4462
0.1416
0.7784
0.7238
0.6562
0.4396
0.8362
0.1087
0.1347
0.6268
0.1806
0.5156
0.6249
0.1031
0.8775
0.5314
0.8604
0.6575
0.0444
0.6338
0.3372
0.0513
0.1366
0.7299
0.4421
0.959
0.3211
0.2318
0.002
0.3325
0.9743
0.0244
0.2413
0.2081
0.713
0.1378
0.7217
0.0446
0.6745
0.4085
0.7166
0.3062
0.0232
0.1257
0.3613
0.6989
0.8384
0.3494
0.8114
0.846
0.1179
0.8258
0.2927
0.3495
0.6383
0.7029
0.6423
0.1576
0.6794
0.6862
0.9511
0.783
0.104
0.3562
0.8096
0.8236
0.2922
0.8475
0.1616
0.6437
0.0485
0.1937
0.3424
0.4466
0.2322
0.569
0.4974
0.3931
0.9882
0.1511
0.3556
0.8252
0.2524
0.0885
0.6863
0.5524
0.2534
0.9067
0.6639
0.7158
0.7849
0.5078
0.4364
0.689
0.3095
0.6921
0.7734
0.5672
0.5943
0.5583
0.931
0.1702
0.9891
0.0645
0.9255
0.3478
0.7728
0.0906
0.5458
0.7305
0.795
0.53
0.3475
0.8751
0.0139
0.9489
0.0836
0.9559
0.2225
0.8888
0.523
0.1518
0.6595
0.2897
0.5019
0.8417
0.4239
0.0572
0.5702
0.1852
0.7914
0.6063
0.0663
0.7611
0.5367
0.7243
0.028
0.8699
0.1881
0.6744
0.4755
0.1368
0.901
0.2847
0.9153
0.5237
0.0953
0.3245
0.2882
0.973
0.4097
0.0906
0.7679
0.6343
0.2591
0.7321
0.1774
0.4499
0.411
0.8518
0.9091
0.0818
0.8297
0.9705
0.1566
0.2495
0.0891
0.1304
0.3605
0.5767
0.3402
0.642
0.5719
0.1394
0.3971
0.4689
0.9151
0.5602
0.3304
0.9198
0.2861
0.7882
0.1444
0.907
0.7815
0.9493
0.0243
0.514
0.3893
0.1641
0.4492
0.7925
0.334
0.6719
0.6794
0.9438
0.5144
0.6472
0.7775
0.4892
0.6685
0.6786
0.3112
0.4888
0.9129
0.5595
0.7881
0.9998
0.6289
0.7277
0.7702
0.8927
0.2256
0.0437
0.5826
0.7229
0.9702
0.7567
0.6034
0.655
0.5796
0.5928
0.817
0.4107
0.1949
0.7102
0.6535
0.0327
0.8705
0.1102
0.4893
0.4951
0.3646
0.399
0.0415
0.6474
0.1276
0.4462
0.0237
0.8789
0.1347
0.0503
0.3305
0.9087
0.076
0.1625
0.0592
0.6248
0.5137
0.262
0.2648
0.914
0.3766
0.068
0.7662
0.8092
0.9387
0.3049
0.1207
0.311
0.0068
0.6803
0.9995
0.2813
0.2025
0.7117
0.3675
0.6359
0.9309
0.4254
0.56
0.0814
0.9257
0.7356
0.8719
0.1451
0.4121
0.9389
0.3229
0.5444
0.6144
0.1484
0.8784
0.2818
0.9545
0.2805
0.139
0.9282
0.1177
0.6995
0.9579
0.4182
0.3744
0.0838
0.3852
0.5755
0.8969
0.6654
0.9555
0.4446
0.4139
0.747
0.3787
0.8868
0.8808
0.7303
0.0634
0.368
0.0762
0.2783
0.8262
0.2184
0.3547
0.0666
0.2965
0.2727
0.4141
0.293
0.2168
0.2299
0.743
0.9495
0.92
0.7322
0.2107
0.2816
0.4058
0.4228
0.0593
0.9792
0.8306
0.1683
0.2182
0.1863
0.338
0.3361
0.9175
0.3389
0.5478
0.9592
0.376
0.0595
0.4379
0.0902
0.212
0.6079
0.9783
0.8398
0.2048
0.8332
0.9015
0.8961
0.0268
0.6192
0.204
0.4475
0.4885
0.1943
0.4299
0.1465
0.1089
0.1329
0.0867
0.4601
0.2623
0.5381
0.4464
0.4795
0.7809
0.0992
0.4522
0.782
0.789
0.1381
0.9896
0.417
0.5721
0.2241
0.2314
0.1587
0.0997
0.9551
0.672
0.0945
0.7352
0.094
0.8756
0.6504
0.4392
0.3597
0.7464
0.3695
0.8404
0.3002
0.6939
0.4743
0.1213
0.6153
0.9268
0.6267
0.2546
0.7958
0.0127
0.1757
0.3776
0.9536
0.1817
0.9414
0.0141
0.7364
0.8983
0.3394
0.4482
0.5301
0.4458
0.2914
0.2532
0.0416
0.2162
0.834
0.3702
0.2278
0.9305
0.5486
0.4613
0.8902
0.9991
0.7847
0.6331
0.7885
0.6957
0.9881
0.6065
0.407
0.0164
0.0658
0.1024
0.5601
0.2257
0.7914
0.4165
0.3899
0.1878
0.3466
0.1379
0.1004
0.2633
0.0396
0.9229
0.5309
0.119
0.675
0.6519
0.6021
0.1866
0.5464
0.5899
0.5116
0.3225
0.1116
0.3535
0.6271
0.8608
0.3067
0.0311
0.3389
0.3219
0.7098
0.9536
0.3486
0.0424
0.2161
0.1433
0.9831
0.8991
0.0225
0.7351
0.0957
0.8737
0.3895
0.6808
0.8385
0.1355
0.1866
0.5154
0.5912
0.0145
0.3876
0.482
0.2901
0.3664
0.4546
0.2707
0.7022
0.3701
0.5234
0.1928
0.1002
0.6853
0.1045
0.7443
0.1182
0.9235
0.4549
0.3025
0.2077
0.9763
0.469
0.8037
0.5219
0.8838
0.2954
0.813
0.3774
0.2563
0.6608
0.2089
0.8021
0.983
0.511
0.8213
0.0662
0.9475
0.0845
0.6709
0.7854
0.8469
0.7182
0.9819
0.491
0.0505
0.8032
0.7802
0.6649
0.7574
0.444
0.9176
0.7562
0.1307
0.2029
0.3514
0.3896
0.1293
0.3296
0.1442
0.8394
0.4423
0.1963
0.2611
0.4991
0.7796
0.5086
0.2649
0.1949
0.4931
0.2297
0.0632
0.822
0.3567
0.008
0.4623
0.6939
0.9648
0.9581
0.9683
0.4698
0.8958
0.4718
0.5754
0.3272
0.7075
0.2636
0.0001
0.0991
0.4954
0.7429
0.832
0.8966
0.7077
0.3423
0.6163
0.2139
0.6278
0.3824
0.3205
0.34
0.7814
0.2839
0.3415
0.8073
0.8502
0.6337
0.5336
0.237
0.4519
0.9021
0.1496
0.321
0.9956
0.2631
0.4145
0.7627
0.3627
0.6719
0.4142
0.8509
0.853
0.1182
0.3362
0.5063
0.0712
0.7666
0.2791
0.3609
0.6807
0.8194
0.9236
0.3667
0.74
0.5478
0.9369
0.9605
0.8063
0.5182
0.6427
0.7176
0.1023
0.0103
0.6045
0.7402
0.3356
0.0333
0.8076
0.8009
0.9942
0.5682
0.2344
0.6729
0.5992
0.5452
0.6817
0.8468
0.2621
0.8503
0.467
0.2564
0.4429
0.6151
0.6754
0.1474
0.339
0.8284
0.7274
0.9932
0.356
0.5105
0.3726
0.6603
0.9419
0.571
0.5457
0.358
0.6484
0.2798
0.143
0.723
0.1321
0.3856
0.6161
0.5935
0.8189
0.1932
0.4229
0.6108
0.843
0.646
0.5565
0.3672
0.4389
0.662
0.4526
0.7675
0.0974
0.9205
0.3119
0.4786
0.4718
0.829
0.4909
0.5744
0.7517
0.701
0.7875
0.6748
0.1644
0.225
0.6667
0.8371
0.5119
0.7363
0.6013
0.1947
0.6511
0.0932
0.8997
0.0443
0.6391
0.182
0.3269
0.1942
0.4314
0.1991
0.6086
0.8948
0.8352
0.2667
0.4754
0.8131
0.0802
0.9646
0.5748
0.894
0.5405
0.3001
0.0951
0.1555
0.9643
0.5922
0.7689
0.3022
0.4816
0.947
0.8585
0.504
0.9027
0.4923
0.418
0.5237
0.9094
0.2482
0.4185
0.0682
0.3779
0.2817
0.7338
0.7927
0.4681
0.745
0.3121
0.5486
0.3842
0.9384
0.0124
0.6781
0.2517
0.9226
0.7335
0.7207
0.4468
0.5217
0.7716
0.8374
0.6635
0.2701
0.6583
0.1022
0.618
0.6488
0.4729
0.8439
0.3249
0.1028
0.3647
0.4491
0.6658
0.6388
0.9838
0.6093
0.2172
0.1679
0.348
0.7882
0.5583
0.3931
0.0752
0.7068
0.4137
0.7756
0.0384
0.102
0.0178
0.153
0.0815
0.6555
0.1493
0.3072
0.6542
0.672
0.9977
0.9203
0.1169
0.2619
0.0636
0.1537
0.1041
0.0155
0.4729
0.1344
0.5566
0.4546
0.7962
0.2668
0.173
0.2122
0.0011
0.4742
0.6767
0.5807
0.4417
0.6171
0.8427
0.8455
0.8344
0.2373
0.8712
0.3643
0.1113
0.0519
0.3803
0.7383
0.9694
0.6218
0.7371
0.8056
0.4311
0.7406
0.2625
0.252
0.2808
0.9116
0.1961
0.1068
0.1124
0.1086
0.7469
0.3762
0.4073
0.2498
0.1712
1.0
0.0
0.0
1.0
0.0
0.0
1.0
0.0
0.0
1.0
1.0
0.0
0.0
1.0
1.0
1.0
0.0
1.0
1.0
0.0
1.0
0.0
0.0
1.0
1.0
1.0
0.0
1.0
0.0
1.0
1.0
0.0
1.0
1.0
1.0
1.0
0.0
0.0
0.0
0.0
0.0
0.0
0.0
0.0
0.0
0.0
