597.57 943.18 1208.43 4124.23 2422.6 1424.1
235.06 379.49 344.91 4026.99 1448.57 975.71
379.43 590.75 728.62 2812.71 1428.78 786.37
97.59 115.2 98.96 637.49 214.0 133.17
165.13 377.41 142.84 5089.61 1188.1 490.88
800.1 1226.04 1749.67 3648.1 2555.22 1544.65
400.53 662.05 743.41 4154.84 1770.32 987.03
383.75 648.59 477.88 4748.93 1574.0 986.41
225.07 455.76 294.1 4998.3 1304.0 555.2
147.94 266.17 216.09 3509.37 832.0 373.09
405.1 650.84 549.04 4222.04 1709.64 1170.69
580.67 884.67 1102.55 3423.31 2416.49 1701.51
94.17 172.46 81.51 2541.2 507.12 211.98
659.54 960.58 1322.17 3427.41 2043.78 1299.03
889.48 1346.61 1971.68 3539.96 3445.57 2228.26
213.08 417.85 350.52 4282.94 1479.61 791.14
919.44 1355.51 2008.36 3208.42 3180.43 2035.11
108.97 297.96 107.59 4313.95 1081.53 434.2
287.3 491.84 557.8 3670.51 1321.48 662.78
192.45 399.46 253.64 4371.69 1449.18 813.74
105.37 231.83 145.04 3717.95 923.46 358.43
465.7 766.51 832.56 4418.49 1784.89 973.66
222.55 501.45 305.85 4937.61 1344.81 607.76
238.74 457.19 444.27 4475.03 1369.52 599.31
292.55 604.97 228.84 5544.72 1166.1 444.04
98.42 234.89 107.09 4892.28 1003.05 399.09
322.38 568.44 453.61 4391.02 1217.84 531.03
204.57 304.99 287.4 2348.61 868.01 637.77
134.12 294.79 187.36 4559.71 924.85 388.4
92.9 222.53 116.35 4291.12 978.13 449.68
429.06 647.92 818.82 3374.77 1851.59 1222.95
337.74 536.75 576.31 3195.25 1763.65 1281.94
159.06 364.57 179.47 3831.9 916.25 389.55
411.49 548.12 653.43 1546.17 1517.62 1371.62
332.1 603.81 423.09 4255.7 1247.3 601.0
702.16 1075.56 1432.95 3574.09 2281.99 1373.99
287.59 382.01 437.12 1510.25 1041.99 906.29
581.86 763.17 961.12 2044.3 2506.24 2299.64
103.46 176.78 88.26 2031.26 458.31 217.43
542.27 810.97 1082.58 2662.7 1842.21 1131.54
398.04 650.46 753.24 4146.04 1491.9 822.84
311.85 488.88 486.53 3723.61 1664.03 1179.06
359.58 456.2 564.41 1080.98 1385.65 1283.47
375.29 647.75 687.32 4307.19 1588.02 850.09
381.69 489.86 608.16 1358.32 1545.68 1411.57
224.9 377.53 323.01 3864.75 1274.95 878.69
400.84 614.77 546.23 3163.22 1546.1 1167.97
217.79 360.06 233.23 2862.63 818.46 450.48
355.99 670.47 361.4 5335.91 1436.59 752.56
279.16 528.96 300.56 4807.35 1128.15 470.96
590.48 827.67 1183.46 2133.72 2003.72 1430.75
406.11 714.97 472.24 5007.21 1606.89 978.56
689.38 1060.89 1498.92 3228.66 2208.26 1335.0
453.88 656.23 758.75 2822.92 2130.76 1775.85
254.12 482.07 393.01 4724.37 1316.22 588.22
156.53 332.54 140.47 4217.32 1003.22 428.77
155.97 328.87 189.64 3765.7 1161.34 611.98
451.29 702.78 619.57 3710.19 1789.96 1343.83
432.83 780.83 599.43 5361.77 1548.2 704.49
88.09 262.55 93.78 4493.8 1121.74 419.7
153.58 245.55 217.52 2273.49 673.04 348.02
101.85 196.88 119.18 2902.87 755.19 338.75
549.84 741.7 919.11 2179.59 2313.96 2079.99
126.84 170.38 117.96 858.84 248.58 147.95
488.16 823.52 934.07 4363.4 2226.87 1278.54
418.22 634.73 589.51 3629.75 1801.1 1352.52
217.82 446.34 269.94 5003.94 1259.45 532.87
325.22 428.45 487.53 1352.14 1157.71 1017.22
948.37 1371.39 1924.36 3174.54 2456.64 1508.44
108.97 143.73 103.75 926.14 272.31 156.62
160.7 355.64 169.69 4713.75 1081.85 441.71
221.64 571.84 104.78 5456.51 1193.8 461.55
367.1 615.55 631.01 4063.68 1666.47 1016.77
237.06 398.67 381.27 4235.21 1405.41 858.49
124.12 163.27 116.14 782.17 233.57 143.11
189.03 271.44 302.59 1307.4 544.24 326.17
99.69 104.98 99.61 241.89 129.18 108.54
86.11 264.73 91.33 4604.09 1137.68 417.01
242.92 436.44 393.69 4144.68 1506.72 865.77
272.22 539.81 244.82 5391.86 1167.27 470.4
109.35 156.94 132.07 1370.65 416.43 213.36
715.0 1126.92 1408.99 4036.76 2502.99 1489.36
101.23 152.06 121.23 1654.76 420.11 207.99
337.61 538.97 493.27 3864.67 1678.54 1200.01
174.09 391.51 337.55 4137.96 1310.82 589.86
234.12 462.37 341.71 4524.47 1263.9 632.02
61.03 222.13 78.75 3676.4 907.35 337.18
542.62 707.32 891.73 1815.66 2299.34 2121.41
171.45 296.27 220.32 2690.27 807.15 383.52
357.34 543.26 644.92 3695.76 1682.52 1107.27
552.34 821.6 1122.3 2777.62 1462.08 842.89
107.09 262.5 132.56 4546.41 1073.06 406.42
157.58 320.2 189.39 4621.82 1110.11 571.34
163.51 299.61 226.79 4240.52 1189.47 670.89
196.65 473.53 251.67 4998.55 1223.69 515.97
86.67 229.39 87.84 3718.67 928.5 351.33
497.24 679.58 820.01 2772.78 2195.34 1899.83
447.97 704.0 875.32 4008.92 1488.55 815.08
235.71 455.25 209.59 4461.72 946.76 368.07
778.12 1143.62 1655.05 2895.94 2510.17 1725.5
506.95 842.19 879.47 4735.03 1897.6 1018.24
204.63 384.31 177.21 3802.89 814.38 314.32
225.15 271.84 325.08 542.01 645.59 607.79
277.65 498.73 377.52 4516.76 1510.89 888.27
84.73 147.86 91.67 1501.54 416.39 192.95
568.72 748.94 947.19 1997.23 2314.26 2126.36
905.87 1319.41 1949.98 3232.57 2873.01 1845.97
233.8 574.15 136.55 5264.85 1223.67 520.15
95.35 145.15 95.76 1362.79 389.12 187.71
411.61 562.32 682.26 2015.29 1681.05 1413.95
281.18 519.51 314.65 4646.65 1147.18 498.14
323.68 526.68 485.39 3894.97 1542.51 1061.19
197.4 359.64 333.41 4231.38 1150.14 536.18
332.19 450.9 523.32 1870.15 1340.88 1124.98
608.53 836.62 996.11 2818.37 2472.07 2177.36
668.77 1006.09 1432.99 2778.27 2044.19 1275.06
101.93 266.52 91.87 3825.13 951.81 383.99
122.8 262.99 181.66 4569.49 1046.28 427.18
118.44 248.58 136.14 4578.4 1065.86 516.1
471.03 737.27 1003.36 4089.2 1815.46 944.27
641.49 864.91 1061.83 2501.82 2543.22 2299.38
260.76 442.65 453.78 2897.27 1015.99 508.09
379.01 619.11 739.15 4056.13 1699.91 1005.31
273.67 527.21 566.28 4051.08 1597.09 801.67
878.81 1263.84 1826.69 3228.81 3462.86 2360.39
120.73 151.79 135.66 702.19 315.6 227.72
909.21 1329.5 1950.62 3339.31 3028.8 1908.26
261.95 461.65 349.5 4281.38 1445.21 899.42
658.44 950.75 1170.1 2913.19 2571.83 2059.03
133.22 328.61 114.04 5094.42 1122.83 502.46
182.33 348.03 212.18 3069.94 929.93 539.77
172.85 441.44 188.07 5046.82 1199.05 500.33
225.64 360.31 333.43 1680.9 662.27 374.97
528.4 723.44 857.06 2425.04 2339.32 2075.33
468.75 723.21 955.57 2830.37 1854.62 1142.16
99.89 101.79 99.86 150.89 110.47 103.06
413.63 643.38 686.59 3753.3 1877.54 1324.54
522.86 757.63 793.2 3368.92 2131.24 1746.79
92.77 170.2 93.41 2063.14 549.46 236.35
277.1 432.78 421.3 3957.1 1551.68 1095.0
184.06 411.12 212.13 4218.42 1110.7 542.51
622.76 905.02 1297.54 2845.88 2112.27 1228.89
407.12 602.19 616.92 3335.65 1955.3 1539.72
926.01 1340.88 1978.95 3462.11 3107.21 1823.75
101.26 208.54 94.7 2528.13 655.23 285.11
329.24 588.71 687.63 4011.31 1604.44 779.34
213.42 414.37 263.96 4719.58 1349.77 787.11
72.9 180.0 64.16 4080.98 825.64 315.07
248.94 444.43 385.9 3504.8 1058.32 532.07
281.87 459.34 432.77 3709.51 1624.95 1123.36
439.26 672.54 893.86 2536.71 1402.91 839.77
672.54 1027.91 1248.3 3992.08 1918.27 1070.34
887.4 1270.54 1884.6 3297.92 2598.28 1531.36
742.92 1116.89 1583.91 3467.35 2910.12 1810.19
274.53 511.91 300.66 4554.54 1074.25 453.51
252.29 432.23 448.67 3858.15 1409.48 778.05
98.24 112.34 97.62 527.6 187.93 125.67
488.79 752.53 926.76 3556.32 1870.8 1188.88
66.78 162.13 63.86 3416.03 694.73 273.0
436.5 622.95 683.7 3000.45 2033.6 1679.83
832.03 1230.26 1743.98 3618.05 3334.3 2119.75
336.62 540.87 616.05 3951.9 1462.96 884.46
182.98 381.9 239.27 4532.17 1058.42 460.39
510.4 764.4 750.78 3832.75 2025.13 1583.01
774.87 1159.12 1584.55 3540.11 2501.84 1495.23
372.18 526.19 574.43 2052.87 1456.06 1235.21
118.05 256.38 97.61 2779.46 624.1 264.35
680.4 903.27 1176.44 2162.79 2757.09 2478.68
736.04 1004.29 1377.39 2435.0 2708.84 2224.43
380.63 625.16 758.1 4325.83 1565.39 771.33
356.66 489.35 549.26 1961.73 1372.27 1173.51
148.58 310.14 257.32 3088.0 968.9 435.17
88.67 156.42 78.81 2263.35 416.52 187.03
157.04 370.72 128.15 5158.2 1160.43 450.48
100.57 149.0 97.61 1196.21 350.67 183.57
96.89 130.23 97.16 945.5 293.58 158.72
562.5 937.4 1004.7 4165.17 2338.45 1505.31
158.75 298.41 286.68 3499.73 962.23 455.65
149.68 232.47 136.73 1758.27 416.42 198.45
690.57 938.13 1135.94 2475.85 2691.46 2460.9
345.87 457.12 535.12 1464.69 1251.27 1112.88
748.28 981.62 1265.29 2094.36 2877.49 2711.07
668.02 954.51 1315.62 2238.64 1683.89 1041.39
500.93 779.04 1022.49 4136.14 1826.97 968.74
256.61 503.47 232.62 5124.94 1137.73 461.0
375.7 575.83 625.1 3119.41 1920.97 1503.32
191.49 365.39 333.32 3613.98 1090.72 504.51
173.69 267.47 253.36 1859.57 605.39 309.49
959.05 1413.05 2093.63 3278.52 3453.98 2219.75
122.32 186.59 100.88 1082.94 300.72 166.35
403.52 563.56 646.38 3049.86 1965.62 1626.09
116.63 289.78 83.37 4130.89 842.75 331.83
483.71 868.71 815.73 4640.15 1940.12 1050.86
251.88 374.01 441.34 2065.81 826.56 449.96
91.05 211.31 71.59 3850.19 725.42 272.02
254.8 504.2 230.13 5175.77 1123.25 433.58
103.43 176.12 88.36 2014.59 455.22 216.42
104.02 145.82 95.98 1073.12 279.31 155.97
359.14 632.26 657.44 4343.43 1631.66 869.55
78.83 211.12 85.19 4183.37 970.82 360.98
90.13 258.47 87.62 4617.92 1029.26 371.86
186.37 351.98 309.52 4739.74 1242.2 558.9
80.47 207.39 105.71 4190.49 887.39 350.75
344.41 563.05 697.84 3836.31 1663.98 884.72
88.14 204.95 81.67 4375.13 894.17 367.37
737.2 1127.98 1620.43 3804.48 2990.88 1887.89
109.54 208.84 90.46 2411.67 525.96 232.95
728.88 1106.39 1453.67 3818.74 2300.74 1399.3
179.08 334.09 303.49 4150.57 1177.48 608.23
518.15 821.91 978.2 3992.07 1787.88 1021.34
503.21 690.94 840.9 2800.26 2206.81 1888.76
239.32 471.51 203.01 4750.62 987.4 376.1
969.17 1468.72 2237.65 3317.73 3129.01 1999.19
605.71 792.08 998.45 1971.6 2568.06 2373.92
251.13 494.39 231.93 5024.5 1096.9 418.32
625.2 859.38 1077.47 2313.08 2311.32 1979.09
411.93 587.23 606.42 2652.75 1695.08 1386.92
815.26 1140.83 1653.92 2713.72 2755.52 1997.88
336.81 663.31 350.8 5471.18 1335.31 570.62
329.15 540.48 411.0 3874.77 1322.24 833.7
881.17 1303.49 1987.6 3747.78 3717.8 2170.0
483.31 772.79 1024.66 4166.45 1856.35 1036.43
520.6 724.85 872.83 2569.85 2309.81 2008.47
451.14 645.09 785.83 2986.77 1980.27 1557.08
100.49 110.88 98.34 373.55 150.75 116.63
541.35 846.8 1061.61 3987.36 2030.53 1216.16
538.55 855.68 1044.65 4229.1 2268.95 1310.22
135.03 286.46 124.38 3515.87 813.14 382.54
691.51 973.31 1323.93 2802.03 2568.7 1994.78
304.1 516.57 575.69 4223.48 1458.43 690.39
461.82 618.4 759.46 1820.57 1893.47 1697.75
477.48 857.17 786.01 4637.05 1985.74 1110.65
224.27 310.68 318.83 1833.81 939.93 739.28
364.67 519.34 589.12 2981.99 1833.75 1493.07
463.74 602.06 743.45 1569.0 1884.86 1728.97
125.53 321.16 96.62 3889.46 841.22 332.43
595.26 852.03 1112.65 3127.93 2282.36 1685.84
296.12 428.32 434.36 2266.97 1308.64 1050.96
74.77 174.46 66.64 3805.51 775.43 300.19
557.91 874.67 1115.57 4021.53 2051.61 1191.88
265.99 413.29 400.27 3847.57 1543.51 1095.13
554.39 866.1 1057.26 4151.69 1813.76 992.95
307.46 494.52 593.86 3230.19 1370.49 728.37
756.6 1080.07 1452.55 3287.28 2470.08 1725.96
370.8 538.87 578.88 3258.78 1820.65 1458.19
99.62 101.89 99.29 172.37 110.59 102.91
615.44 920.75 1216.54 3401.56 1898.63 1057.6
421.28 618.37 685.29 3160.38 2052.52 1634.67
312.49 644.19 303.57 4901.69 1486.54 848.3
106.51 271.67 102.96 3797.05 956.52 389.75
564.54 844.92 1071.67 3542.68 2189.24 1392.35
351.77 613.18 671.2 4617.43 1865.18 956.64
101.47 258.42 89.51 4868.45 935.64 354.92
90.04 233.44 80.44 4568.27 804.47 331.44
563.99 890.32 949.47 4383.62 1797.17 1043.19
95.88 166.24 94.82 1988.48 488.43 213.64
256.55 387.91 322.6 2369.21 910.53 620.11
467.17 670.75 743.06 3192.6 2107.73 1760.27
515.42 710.91 857.81 2866.94 2202.71 1909.03
479.26 690.39 714.86 2798.99 1876.17 1559.66
283.24 608.61 247.43 4914.77 1418.49 770.05
319.32 504.97 524.42 3143.09 1793.63 1356.41
859.77 1264.8 1699.32 3513.32 2284.25 1364.98
227.18 385.94 327.82 3975.32 1256.93 852.67
525.16 841.77 965.69 4408.23 1792.82 895.78
567.06 882.32 1176.53 3866.77 2122.42 1237.43
86.0 197.81 78.88 4206.14 850.84 342.4
253.52 397.11 395.56 3498.55 1487.07 1071.36
677.55 1061.18 1436.48 3862.12 2245.13 1317.89
192.26 369.43 225.95 3822.99 1093.5 630.3
771.82 1108.63 1558.1 3265.39 2789.89 1859.47
84.75 220.92 101.96 4215.01 984.97 360.4
517.67 803.01 1026.42 3595.99 1903.28 1113.26
374.25 541.71 593.17 3099.32 1698.71 1393.97
397.5 570.78 613.33 2920.43 1841.1 1515.41
254.24 433.44 450.75 4121.34 1207.99 576.77
53.98 244.24 74.9 4323.73 1053.48 380.11
878.46 1302.85 1980.97 3766.62 3735.37 2171.06
242.57 587.91 151.05 5322.46 1266.65 556.41
449.42 749.22 701.23 4786.72 1732.65 924.1
291.4 542.69 451.49 4848.59 1494.6 710.53
386.68 578.24 619.5 3365.35 1903.4 1477.02
414.46 635.31 801.14 2086.62 1497.31 944.65
198.04 335.8 275.79 2770.92 846.37 419.62
174.46 295.29 149.83 2205.63 512.29 233.05
431.78 615.01 701.05 3056.0 2025.61 1653.08
616.0 995.33 1100.95 4607.59 2303.21 1315.82
303.08 484.26 473.54 3517.83 1760.28 1257.08
429.58 570.65 751.47 1363.79 1621.54 1334.96
510.84 820.53 1042.05 4129.29 1990.07 1050.0
772.9 1143.92 1677.0 3560.71 2463.9 1378.02
210.27 366.45 331.31 2916.91 1256.34 836.36
630.7 899.99 1233.65 3034.0 2335.46 1724.72
72.46 204.3 72.61 4229.45 958.9 343.28
152.34 348.23 147.29 3785.05 924.26 433.88
646.72 963.71 1412.27 2508.23 1962.9 1219.96
651.98 967.05 1133.45 3673.8 2255.15 1635.64
697.85 922.24 1177.28 2240.97 2734.84 2536.07
124.17 328.36 91.67 4817.12 981.28 379.13
112.51 208.34 98.34 1956.31 463.1 213.86
234.31 425.13 367.45 4157.38 1445.92 828.47
102.86 163.59 114.51 1886.26 527.51 263.84
217.32 555.06 104.61 5266.04 1154.9 448.69
186.34 235.41 305.93 446.11 382.41 272.23
537.75 735.64 892.1 2881.19 2274.16 1979.46
699.38 1069.88 1384.05 3761.27 2208.01 1333.82
683.55 906.88 1149.5 2331.8 2672.44 2478.12
165.41 269.24 216.51 2805.32 839.26 553.99
168.75 348.34 176.14 4139.12 989.27 409.21
358.7 606.66 618.34 4320.21 1615.78 915.22
160.19 340.56 160.73 4476.85 1033.61 497.71
91.3 184.46 92.07 2461.98 640.78 264.05
539.07 778.86 824.49 3404.06 2131.62 1745.35
741.29 1178.77 1652.12 3880.39 2583.32 1568.63
99.56 105.44 98.61 283.45 130.59 108.41
92.7 190.74 76.84 3157.17 609.84 240.23
97.49 117.6 96.6 709.89 225.42 136.62
222.94 316.13 322.38 2230.14 970.4 723.7
617.27 916.27 1178.17 3571.03 2021.02 1321.96
346.18 608.36 689.88 4241.54 1794.25 928.87
267.18 410.4 409.6 3625.3 1541.48 1107.01
749.6 1138.53 1630.14 3425.25 2765.73 1711.81
135.08 236.06 101.38 1644.58 415.4 204.25
185.31 345.7 340.01 4086.3 1276.63 632.66
109.69 249.85 84.79 3761.28 787.57 328.21
108.72 293.43 70.42 4965.26 1002.66 395.83
327.38 476.9 516.1 3312.96 1727.23 1338.19
100.12 101.1 99.94 124.98 104.49 101.4
132.17 168.29 175.54 833.52 312.65 194.37
345.55 590.52 414.57 4505.58 1432.61 869.33
727.8 1029.75 1509.03 2489.12 2446.36 1550.01
212.5 441.37 399.24 4521.84 1447.55 652.11
739.08 1088.15 1619.94 3529.89 2393.67 1336.45
168.88 311.24 282.25 3667.04 954.43 434.6
510.84 713.37 872.35 2778.9 2179.25 1802.61
128.5 209.21 155.04 2260.12 679.24 371.77
408.94 615.0 629.6 3353.99 1881.24 1502.19
525.31 730.45 817.63 2807.8 2236.37 1920.49
207.2 439.83 176.06 3526.02 889.02 394.08
202.88 311.11 264.03 2274.35 874.23 593.03
60.21 174.43 56.71 4072.81 812.52 307.26
107.62 268.89 74.17 4348.01 888.14 358.3
697.42 959.07 1251.15 2769.06 2579.94 2149.98
542.26 735.0 883.83 2329.41 2383.34 2133.88
823.67 1216.33 1751.84 3432.54 3130.64 1974.15
421.53 728.97 543.65 4202.02 1834.07 1313.41
799.64 1135.94 1617.27 2882.46 2859.32 2059.75
200.11 308.95 366.68 2012.3 767.45 428.89
134.9 220.66 171.01 2763.74 790.85 455.26
59.4 250.85 86.85 4309.52 1065.84 390.43
451.94 623.91 727.01 2781.9 2084.25 1785.03
252.81 358.14 478.13 1168.58 741.58 468.15
167.1 328.75 207.13 4526.89 1146.78 618.76
104.93 209.21 83.3 2846.93 609.64 267.03
122.3 297.31 90.17 4577.7 906.71 353.46
299.28 504.96 496.11 3541.69 1701.41 1205.79
112.36 160.23 105.17 1237.79 337.31 177.98
184.37 366.74 256.52 4384.57 1321.62 715.86
181.59 347.88 319.39 4104.86 1193.95 514.05
505.06 673.92 843.16 2135.48 2200.1 1933.52
480.26 660.77 786.74 2554.42 2246.36 1930.59
208.18 364.3 372.82 3507.85 1168.7 537.76
334.85 590.58 653.07 4306.89 1731.26 875.38
434.51 717.96 914.94 4331.32 2229.65 1163.41
315.38 529.37 380.62 4028.67 1306.64 791.81
822.22 1208.69 1735.16 3665.93 2854.9 1646.32
578.9 784.29 969.21 2652.97 2386.7 2128.29
309.2 595.2 342.1 5448.53 1287.39 535.0
431.53 637.82 672.44 3239.16 1952.27 1590.38
250.16 498.86 217.94 5196.14 1108.01 420.85
395.71 675.83 811.09 4203.64 1683.89 875.83
850.57 1232.19 1771.53 3106.79 3153.42 2199.3
482.0 706.1 888.65 3473.1 1864.65 1307.01
297.84 535.35 517.21 4605.69 1485.89 770.79
363.15 630.79 663.97 4656.78 1679.56 886.98
575.88 762.89 1000.44 1762.12 2162.29 1895.91
186.3 397.86 226.97 4849.27 1133.82 464.1
550.39 727.1 906.75 2203.23 2404.11 2181.63
118.65 190.39 151.79 1534.49 550.38 328.76
137.33 241.01 171.86 2895.53 877.08 477.35
112.17 253.72 120.95 4255.93 850.88 326.91
167.72 373.0 171.38 4615.95 1116.96 551.22
227.09 379.96 384.79 3665.35 1096.75 555.07
300.17 651.58 319.19 5055.98 1286.52 554.5
330.12 518.88 482.44 3640.32 1592.4 1176.91
111.94 131.3 107.99 437.54 166.09 121.33
605.46 1005.92 1146.73 4248.67 2285.27 1324.47
328.72 596.54 629.37 4448.81 1641.37 782.01
83.34 131.17 81.87 1763.67 398.38 186.79
237.76 382.4 270.64 2737.9 857.76 519.2
213.04 462.79 363.48 4720.92 1449.19 663.25
84.07 183.66 73.95 3801.03 766.66 309.91
136.09 281.69 128.02 3371.55 793.17 381.05
923.11 1354.0 1937.7 3514.89 3586.71 2309.68
363.36 459.1 571.21 1073.46 1400.17 1298.73
600.98 859.17 929.63 3195.41 2318.65 1974.46
327.2 616.74 359.45 4763.34 1182.48 516.23
746.29 1111.52 1515.87 3447.59 2877.59 1907.57
792.77 1157.83 1709.28 2637.84 2803.62 1811.28
440.11 654.71 684.0 3542.41 1961.02 1547.5
708.06 1008.66 1375.59 3137.92 2451.34 1767.26
224.56 412.24 363.99 3572.74 1531.48 1008.65
620.16 936.16 1265.63 3739.73 2169.96 1253.29
211.2 435.96 430.04 3820.44 1294.92 602.87
363.42 544.37 580.21 3189.72 1925.82 1486.46
566.1 870.84 1138.67 3830.35 1967.27 1130.76
97.1 120.29 96.08 803.22 244.61 142.22
257.74 475.36 467.95 4627.7 1441.31 724.5
81.57 229.04 75.09 4572.41 1019.69 368.53
306.72 566.72 340.92 4956.78 1224.8 566.46
470.07 666.83 931.59 1498.35 1059.97 658.15
353.59 489.82 567.04 1722.24 1248.08 976.27
116.45 287.74 83.55 4087.46 834.75 329.34
299.94 546.63 506.1 4602.57 1501.26 744.01
198.46 284.92 305.26 2051.89 831.21 545.24
753.7 1134.13 1514.49 3884.17 2968.84 1839.32
290.75 525.23 398.17 4064.58 1584.72 1071.57
521.38 726.61 837.11 2817.11 2236.93 1918.5
218.51 356.93 311.67 3475.89 1181.68 826.49
418.98 640.76 631.19 3798.32 1922.01 1454.15
755.04 1196.38 1579.37 3803.78 2379.67 1420.47
192.9 354.94 274.01 4170.24 1333.0 761.0
122.33 293.44 97.04 3414.45 748.31 303.29
789.53 1162.33 1669.85 3625.19 3210.46 2040.11
462.76 688.93 940.22 3099.11 1737.48 964.59
87.57 220.68 88.66 3474.91 872.69 334.4
391.52 672.03 819.28 3889.18 1779.62 962.75
190.21 355.42 346.44 4436.38 1194.1 524.31
495.51 782.85 991.32 3665.66 1923.72 1126.67
96.96 137.81 90.35 1373.75 312.42 158.43
193.59 292.8 334.3 1795.08 643.9 372.9
113.82 225.05 93.09 2947.82 611.5 259.61
593.62 911.61 1270.31 3660.32 2307.93 1389.27
512.6 812.59 1098.61 4037.67 2296.59 1368.82
196.87 381.26 298.26 4578.88 1078.33 464.6
628.22 942.12 1289.61 3634.02 2203.64 1311.06
870.34 1282.69 1849.83 3483.62 2925.25 1828.1
586.74 794.67 966.9 2449.9 2440.49 2196.55
677.25 1063.39 1379.54 3978.44 2144.33 1238.38
336.38 479.12 624.69 1451.04 790.78 479.08
128.89 302.27 106.5 4075.45 886.54 383.78
355.13 519.58 699.11 1571.52 1009.0 629.24
320.03 493.54 507.98 3028.49 1377.52 988.56
616.4 829.14 1106.58 1898.5 2212.05 1896.22
71.8 189.48 83.29 4025.04 831.82 324.13
658.43 876.22 1108.78 2384.87 2617.22 2403.01
318.45 575.83 515.76 4765.02 1630.29 814.86
113.57 253.65 142.43 3998.15 969.97 384.19
68.53 195.08 79.91 4349.3 890.04 339.17
832.91 1213.72 1838.53 3372.54 2598.64 1475.15
453.93 770.1 774.6 4661.05 1617.67 810.43
108.24 185.66 116.62 2789.02 668.0 337.68
181.25 413.49 192.11 4415.0 1169.6 596.33
547.99 844.44 1124.81 3870.79 2219.71 1337.68
413.23 597.24 683.52 2724.79 2055.5 1701.92
274.96 488.33 352.61 3814.02 1007.77 461.31
178.08 259.83 263.03 1405.22 534.23 303.77
177.24 371.86 226.84 4160.5 1338.59 732.71
705.32 1054.9 1493.98 3550.0 2424.71 1486.47
270.97 444.04 416.55 3396.96 1504.31 1020.41
69.09 196.87 83.14 2936.6 740.34 288.12
221.13 362.53 307.57 3542.03 1228.8 821.69
486.46 739.93 975.26 2944.29 1926.41 1223.89
859.55 1245.47 1792.18 3177.06 2963.26 1991.23
160.86 228.7 206.33 1338.5 612.9 435.67
402.54 627.55 798.76 3275.84 1620.18 909.47
191.16 244.1 265.83 894.23 636.01 529.22
500.34 709.29 901.06 2764.33 2152.02 1710.23
217.45 464.1 256.63 4570.3 1351.97 761.96
105.88 167.04 94.12 1523.81 362.36 181.89
579.09 912.43 982.52 3711.43 2252.88 1671.09
71.19 198.52 82.77 4372.06 908.73 358.04
427.39 598.18 682.19 2926.19 2004.49 1686.14
315.25 628.94 289.61 5411.41 1208.11 485.53
616.17 903.1 1287.77 2602.09 2001.34 1257.9
270.4 479.8 448.98 4043.52 1245.65 581.97
533.94 736.9 862.37 2686.28 2265.65 1967.76
343.77 563.98 713.19 3744.67 1512.46 734.83
329.27 547.04 636.62 4098.32 1391.65 675.65
84.9 175.17 71.77 2982.19 521.69 215.95
561.17 766.21 896.87 2336.45 2418.86 2167.29
692.21 1056.25 1437.89 3756.31 2552.81 1556.73
92.6 218.84 90.71 3488.01 796.86 303.87
503.1 691.94 825.49 2753.67 2156.3 1894.1
76.3 187.87 76.13 3597.61 825.93 304.45
254.67 409.36 394.19 3550.51 1491.71 1008.85
98.76 115.41 96.07 619.28 186.6 123.82
326.56 646.37 340.99 4686.52 1548.36 940.16
106.09 235.15 79.33 3499.33 730.68 306.69
106.19 316.36 96.77 4837.68 1197.77 475.63
101.46 225.41 93.88 2905.32 741.48 313.87
162.35 341.86 102.45 2845.63 660.66 285.32
375.58 653.38 772.09 4191.94 1976.32 1074.28
692.31 1075.33 1512.95 3654.7 2288.32 1355.61
272.94 497.33 541.53 4330.85 1480.85 722.14
150.62 340.53 142.66 4685.48 1061.47 440.62
306.47 609.26 311.42 4448.2 1410.75 835.25
595.28 863.12 908.95 3411.65 2306.0 1930.88
291.98 622.39 262.74 4949.75 1432.54 782.13
741.28 1101.9 1564.81 3542.14 2877.83 1789.06
382.24 548.51 615.64 3277.84 1855.54 1482.56
496.32 645.04 814.04 1544.51 1936.69 1793.98
474.58 825.87 845.81 4269.97 2092.46 1105.75
610.88 843.52 984.46 2522.11 2500.68 2239.53
562.07 769.74 920.1 2575.34 2362.89 2100.2
315.41 490.14 505.96 2566.03 998.62 553.16
350.49 563.76 542.79 2650.17 1146.57 711.0
202.73 351.52 314.13 3945.34 1282.54 802.85
378.33 682.27 458.15 4292.43 1721.76 1176.75
308.51 470.03 479.19 3410.77 1700.45 1251.58
288.01 489.64 541.89 4501.98 1450.85 745.82
232.7 370.92 387.92 3151.87 1197.17 771.07
287.82 540.96 587.28 4043.79 1686.44 866.48
88.46 142.76 88.38 1802.09 453.27 199.49
783.52 1214.63 1766.03 3666.55 2653.88 1641.63
95.71 168.97 94.61 2066.3 504.44 218.32
418.43 651.77 579.7 3940.96 1743.39 1256.32
135.82 211.98 171.35 2443.64 743.57 447.77
745.78 1018.34 1287.27 2585.04 2677.56 2336.97
484.27 758.86 942.39 4173.35 1796.08 1014.98
568.35 874.93 1134.0 3692.64 1968.4 1138.45
709.55 1021.56 1478.55 2459.6 2515.55 1625.57
86.08 143.63 92.41 1377.62 388.42 184.73
97.15 135.47 90.95 1294.92 299.28 154.81
571.74 817.68 879.71 3125.88 2295.94 1947.89
165.78 365.82 184.34 4945.78 1207.42 586.77
140.52 301.77 215.33 4322.7 1178.92 488.8
180.42 325.82 247.56 4501.03 1258.81 727.85
91.96 123.74 89.36 1281.23 315.31 163.82
472.48 611.1 768.41 1419.73 1810.38 1682.29
683.89 1041.8 1441.04 3741.99 2527.81 1505.8
479.11 657.52 782.25 2585.05 2212.9 1908.95
727.36 1059.69 1403.74 3253.86 2283.8 1548.92
444.52 708.12 795.08 4111.04 1796.74 1054.41
333.0 536.65 480.04 3892.06 1699.02 1177.81
261.16 408.69 380.05 2671.67 1137.15 794.5
315.28 446.9 482.26 1722.6 994.07 736.21
316.26 573.56 564.34 4285.37 1671.99 945.14
525.54 821.61 853.89 4168.56 1958.98 1343.81
535.94 757.36 1047.23 1921.75 1866.88 1427.05
239.53 464.4 359.98 4863.7 1288.77 619.79
89.11 154.2 79.65 2178.29 404.07 183.61
595.89 876.21 1229.01 2892.07 2355.91 1498.08
120.36 280.15 148.86 3945.58 1102.92 497.47
849.92 1251.28 1807.75 3481.43 3428.16 2187.63
96.04 111.7 94.76 682.31 206.14 131.46
542.6 909.54 906.92 4859.81 1874.36 1004.14
342.31 520.64 507.01 3376.63 1673.34 1286.66
280.12 466.35 553.04 3626.62 1277.08 679.77
248.15 435.49 387.69 4333.74 1283.3 732.66
233.65 456.39 198.82 4561.36 951.29 364.86
75.49 145.85 73.33 2547.16 538.9 227.67
656.23 994.05 1439.22 3454.71 2869.16 1638.63
456.73 717.81 905.73 3782.76 2315.61 1427.44
206.81 378.45 372.39 3893.97 1325.32 613.74
513.42 808.27 1074.35 3830.54 1852.46 983.03
344.65 615.38 471.68 4910.78 1348.79 598.29
129.52 191.68 170.25 1597.29 479.8 241.64
332.6 591.86 359.96 4361.99 1326.0 770.86
489.39 671.92 812.5 2382.49 2267.03 1981.77
268.46 543.43 233.69 5565.92 1157.72 434.94
610.38 946.86 1235.32 3875.37 2442.68 1473.86
858.52 1272.96 1933.23 3772.99 3634.7 2116.89
364.4 529.24 578.69 3120.87 1867.21 1468.71
390.37 568.1 643.81 2581.35 1832.05 1502.0
696.71 1133.17 1413.0 4170.92 2787.84 1705.09
721.89 950.34 1218.57 2185.83 2792.88 2616.72
146.23 325.26 119.33 4355.48 987.57 391.66
318.72 651.7 278.01 5800.87 1271.64 499.03
367.8 531.59 561.79 2745.58 1600.75 1300.15
906.27 1368.79 2008.93 3547.35 3505.9 2267.82
256.68 398.8 391.02 3679.8 1509.07 1066.68
261.63 429.2 387.6 3969.29 1454.52 982.46
312.1 536.94 632.73 3941.67 1464.84 732.78
446.42 705.9 612.92 4295.57 1797.24 1281.63
498.64 708.83 813.1 2898.47 2255.04 1904.73
481.19 647.62 776.4 2055.95 1859.13 1664.41
276.51 495.92 433.25 4244.72 1298.12 602.69
669.34 901.27 1159.58 2208.97 2472.06 2211.56
273.29 515.77 465.23 4439.43 1309.06 604.47
110.5 194.96 94.75 2262.67 488.44 221.21
425.22 657.95 594.29 3890.41 1768.99 1289.97
180.85 278.42 281.36 2011.27 697.69 364.84
116.75 217.75 128.96 3077.15 675.16 360.04
326.92 536.47 611.16 4424.61 1395.55 703.89
423.99 606.65 664.7 2717.15 1834.55 1538.21
58.63 229.66 77.43 3896.9 957.13 351.8
103.06 167.81 89.63 1805.55 416.43 203.71
775.78 1131.51 1666.84 3614.08 2461.54 1415.19
67.78 260.9 102.15 4306.15 1096.83 421.21
222.43 573.48 106.15 5467.37 1197.46 463.22
367.75 731.24 493.35 4900.77 1396.44 641.4
107.08 164.03 96.46 1558.31 361.93 181.73
472.33 828.68 709.47 5156.89 1684.43 845.2
544.54 826.14 1001.39 3558.13 2242.71 1600.37
268.7 529.59 240.96 5268.98 1151.51 473.68
523.5 801.63 1109.67 4033.39 1931.41 1024.03
297.18 565.51 633.97 4048.08 1553.29 767.28
159.32 298.96 209.65 4499.85 1180.85 647.44
626.84 929.67 1316.8 3111.23 2036.02 1180.72
80.49 223.37 63.23 4627.46 778.28 298.32
282.43 485.01 534.63 4104.07 1500.38 745.98
490.73 680.29 783.79 2600.82 2078.42 1785.8
250.6 494.96 200.77 4358.51 933.84 369.09
307.04 476.25 523.69 1888.37 1006.69 602.91
213.92 453.89 347.27 4597.11 1417.14 671.0
91.38 160.31 88.36 2190.38 529.86 225.51
530.7 832.18 1108.45 3973.63 2025.17 1069.11
163.93 303.09 213.16 3190.8 785.32 353.99
197.43 397.31 266.22 4502.78 1145.89 525.43
433.32 666.0 670.1 3411.11 1990.37 1588.69
103.6 238.29 140.65 3994.87 983.36 381.39
562.9 801.1 965.0 3095.53 2319.93 1881.66
535.56 734.2 893.16 2799.03 2261.1 1978.62
769.46 1021.67 1333.61 2202.77 2837.11 2591.22
152.29 237.33 174.28 2016.5 617.13 384.75
926.62 1339.37 2056.67 3214.87 2804.13 1613.72
424.84 664.22 680.21 3471.38 1900.11 1425.51
473.29 798.4 785.83 4834.67 1796.8 947.48
405.07 682.63 792.82 4127.21 1676.17 954.44
364.56 586.7 556.32 3829.21 1666.66 1203.79
168.22 354.65 205.65 4362.37 991.1 425.47
158.26 315.92 286.76 4272.77 1098.56 475.31
117.16 178.31 115.54 1461.79 394.38 223.34
250.18 328.01 362.0 1269.96 938.67 805.72
748.46 981.1 1265.78 2088.83 2877.13 2711.93
91.14 162.02 88.03 2249.58 542.03 229.07
127.91 251.24 162.62 4161.73 1072.52 556.73
530.49 756.29 937.18 2889.47 2191.16 1729.29
671.02 893.47 1125.74 2248.21 2638.33 2431.08
254.25 444.84 342.86 4254.91 1500.14 994.15
410.95 573.42 745.23 1820.72 1437.91 1034.51
841.26 1243.9 1731.09 3470.73 2672.24 1611.18
783.86 1171.8 1633.63 3401.94 2569.89 1534.57
93.57 118.99 91.49 1044.81 272.22 151.04
401.71 544.03 650.09 2295.98 1835.77 1584.99
269.99 481.93 461.9 3704.17 1577.2 1024.68
403.09 735.15 547.7 5035.34 1453.89 697.97
118.78 314.27 81.22 4651.0 938.59 361.75
987.55 1428.53 2115.34 3267.41 3832.49 2502.22
98.97 103.82 98.96 252.01 131.55 108.89
547.74 825.89 799.2 3812.64 2130.3 1691.54
399.08 629.46 568.14 3748.18 1524.85 1030.93
546.96 740.26 877.1 2289.51 2169.71 1935.0
95.17 115.15 97.36 543.59 200.14 129.42
286.05 483.44 445.19 3912.4 1682.53 1120.32
628.17 976.37 1293.6 3932.4 2765.8 1677.3
248.83 490.32 199.59 4308.55 924.05 365.93
496.54 764.24 725.69 3392.53 2117.7 1716.99
305.99 518.49 433.53 4022.84 1534.83 1059.39
170.62 288.32 152.22 2457.44 549.83 239.96
306.76 471.75 461.97 3635.17 1612.6 1200.22
566.93 865.92 1147.83 3217.08 2314.67 1658.48
101.94 197.55 136.59 2987.71 674.9 289.65
109.76 160.35 103.6 1349.16 347.32 178.84
80.75 160.32 89.5 1866.37 498.75 217.14
165.47 353.93 102.57 2982.75 688.66 294.58
796.12 1185.54 1617.92 3520.7 2441.76 1506.78
141.87 213.77 130.9 1581.76 385.87 185.76
520.72 707.19 865.89 2591.67 2259.3 1991.19
245.52 414.19 368.02 3972.68 1479.42 945.93
637.43 925.76 1244.07 3516.7 2069.33 1385.67
750.0 1045.18 1457.63 2465.04 2857.42 2250.18
537.98 901.52 1001.07 4760.42 1921.73 1036.21
86.13 143.48 92.43 1373.18 387.41 184.43
510.21 697.95 818.87 2588.5 2282.1 1986.49
608.0 841.45 1090.04 2763.51 2419.1 1979.04
481.94 698.55 809.62 2947.5 2180.77 1819.38
947.69 1379.64 1981.36 3207.53 2907.34 1792.44
344.36 541.88 509.27 3495.64 1646.76 1242.39
582.05 892.87 1148.15 3715.05 2294.46 1480.05
82.74 185.91 67.74 3394.35 581.99 232.53
168.25 359.5 210.95 4093.28 1250.84 656.1
83.03 162.93 82.9 2604.68 619.85 246.41
377.95 618.45 647.57 4071.56 1673.21 1025.15
186.42 313.0 245.88 3291.72 984.39 609.39
104.79 242.22 119.71 4854.05 1019.35 422.66
382.87 552.27 589.02 2763.47 1676.04 1353.58
206.24 358.17 379.85 3769.43 1101.67 506.51
774.41 1160.19 1567.73 3829.31 3045.35 1898.06
94.48 117.31 96.99 606.84 214.42 133.61
596.29 796.96 991.42 2391.31 2475.16 2244.6
141.25 354.53 273.44 4227.11 1232.34 504.75
365.48 518.45 730.84 1692.07 1096.13 625.53
322.93 559.86 555.24 4245.1 1607.14 848.45
116.38 201.27 106.03 2196.16 515.01 232.3
126.28 327.6 96.52 3999.71 862.79 339.19
777.33 1157.17 1743.03 3644.76 3353.68 1932.37
471.21 766.31 1003.06 4284.64 2354.12 1246.71
669.19 982.15 1190.58 3447.28 2315.01 1693.77
105.87 311.66 97.86 4730.3 1168.19 459.71
102.42 120.99 99.68 459.64 170.35 122.06
324.02 505.12 510.55 3403.97 1817.72 1336.68
469.83 696.07 926.22 2442.63 1829.74 1149.97
540.07 857.46 1152.92 3864.68 1850.82 1073.16
549.42 740.97 897.65 2280.02 2406.07 2164.12
499.24 815.38 967.25 4355.04 2141.17 1206.99
241.0 522.42 351.02 4914.27 1361.48 601.81
465.76 763.13 869.74 4406.33 2057.74 1146.4
657.68 964.08 1189.3 3331.91 2132.85 1562.79
635.28 1008.51 1347.32 3964.47 2628.55 1615.37
312.63 515.87 367.48 3334.14 1203.09 786.27
214.38 402.25 346.75 3618.51 1503.19 971.23
95.01 148.47 95.45 1455.59 410.36 194.15
138.66 274.74 176.22 3818.66 1071.54 539.2
413.09 627.27 634.4 3220.56 1973.19 1588.3
106.73 155.24 98.61 1335.23 323.44 170.31
373.22 560.99 637.29 3416.65 1752.95 1249.47
392.43 655.4 811.29 3690.45 1795.3 936.3
326.58 515.07 479.51 3768.14 1723.58 1284.41
447.44 614.79 712.61 2341.53 1856.4 1614.15
304.04 394.53 471.45 1310.23 1147.62 1017.36
103.02 118.69 101.11 486.92 176.6 124.42
467.66 730.88 815.64 3894.11 1946.84 1252.03
572.52 886.62 1279.2 3127.57 2011.01 1223.92
307.66 496.7 443.76 3895.47 1665.13 1208.49
418.13 621.72 649.02 2892.59 1842.22 1508.54
555.23 889.44 929.24 4439.72 2269.08 1415.31
120.19 133.5 136.65 340.52 225.95 194.91
507.06 803.44 1042.84 4060.8 2048.84 1183.71
337.44 637.49 387.47 4899.35 1287.35 577.22
600.95 816.56 1063.06 2376.63 2454.43 2083.87
368.1 738.42 501.44 5011.88 1612.39 791.06
397.08 651.47 514.56 4461.16 1653.07 1102.99
205.2 429.48 276.71 4652.61 1125.24 492.07
161.07 254.03 209.05 2463.85 722.99 477.48
108.64 291.64 70.69 4920.24 994.31 393.09
677.93 998.91 1388.4 3615.4 1991.3 1166.92
489.03 736.36 957.73 3209.54 1607.66 883.64
460.46 705.45 788.62 3767.77 1962.78 1353.82
507.88 810.42 1016.86 3944.41 2008.25 1166.38
706.0 936.91 1202.98 2304.79 2722.69 2506.56
95.42 144.46 95.82 1343.43 384.69 186.36
115.15 237.05 92.42 3221.09 660.58 274.92
669.99 880.62 1120.3 2069.0 2691.16 2502.78
90.22 151.34 84.02 2371.19 509.11 228.82
131.71 184.56 123.45 1158.56 301.99 162.84
418.63 649.58 761.85 2703.49 1246.91 703.07
143.63 167.67 179.05 464.55 366.48 317.08
533.87 829.91 1126.21 3676.36 2073.28 1178.36
247.69 495.2 216.05 5167.32 1088.01 400.54
857.99 1248.92 1822.98 2863.26 2983.39 2206.66
469.76 677.48 742.29 3219.01 2003.36 1662.77
607.45 937.9 1255.86 4026.09 2122.23 1130.88
155.15 239.6 250.16 1815.01 632.94 328.5
415.91 738.97 702.73 4069.18 1830.49 950.46
268.67 501.33 285.23 3440.88 1191.64 742.22
256.75 517.99 215.9 5332.52 1098.44 410.65
116.54 333.05 120.29 4887.13 1226.54 488.42
804.51 1165.04 1610.81 2896.69 2095.47 1280.46
944.39 1391.33 1924.98 3351.68 2731.17 1736.52
512.92 733.75 776.65 2811.41 1936.69 1630.81
261.05 481.79 345.4 4645.48 1438.1 783.37
260.43 512.0 355.99 4430.7 1453.39 852.84
846.09 1244.49 1856.23 3418.53 2629.13 1490.94
147.0 328.76 197.63 4366.52 1332.07 663.77
137.74 261.87 205.58 3267.89 892.42 384.73
97.4 132.35 91.74 1189.86 281.76 149.99
226.0 416.6 227.39 3889.74 884.85 353.41
308.59 505.71 596.8 3560.4 1604.38 868.97
554.56 751.43 915.17 2598.95 2346.01 2086.53
104.44 244.16 110.06 4320.84 823.76 369.58
91.47 182.79 92.22 2415.42 630.12 260.82
245.06 385.85 335.35 2724.8 1164.03 843.52
502.49 734.31 971.84 3144.07 2179.23 1482.57
169.61 297.75 282.24 3565.27 962.04 437.29
603.62 784.16 1002.64 1901.2 2576.98 2392.4
145.2 289.4 143.25 3561.84 864.03 399.3
619.16 874.9 1299.08 2070.4 1952.84 1287.75
122.03 305.89 130.95 4145.28 1087.91 468.26
113.43 286.38 141.28 4501.93 1077.4 416.29
97.77 135.74 97.21 1118.93 309.58 161.31
425.55 552.81 686.62 1527.29 1653.2 1510.15
176.12 306.84 156.17 2793.97 619.74 255.92
166.8 278.14 149.39 2329.93 525.5 232.39
320.65 444.07 484.85 1859.24 1277.41 1078.54
257.54 473.45 340.41 3815.65 1399.71 916.3
409.27 738.99 510.94 5258.57 1543.09 798.6
473.67 692.78 704.88 3269.48 1857.26 1478.49
321.57 653.11 285.28 5772.85 1302.35 529.35
921.92 1361.72 2004.64 3248.6 3176.98 2030.72
164.76 314.69 280.86 4140.79 1064.5 477.87
201.06 371.91 317.3 4311.03 1090.37 573.73
245.04 494.03 207.08 5231.22 1090.14 397.19
373.34 626.17 739.83 4279.18 1645.79 807.66
430.68 624.8 837.09 2032.7 1531.78 961.82
673.79 962.15 1301.5 2817.0 2537.43 1947.93
304.3 536.83 586.03 3758.72 1648.91 930.26
216.79 343.44 360.75 2066.62 911.87 509.41
164.66 316.37 279.82 3735.27 1128.34 509.0
106.37 241.27 78.39 3653.38 759.26 316.06
212.84 375.02 331.03 3908.09 1315.14 740.75
489.06 677.29 794.89 2583.41 2268.2 1957.11
459.94 619.03 817.72 1723.42 1753.9 1450.24
371.38 521.45 571.78 2318.15 1642.54 1385.19
386.36 596.32 702.4 4022.27 1616.82 1008.69
101.72 230.2 131.23 4204.02 1013.62 495.44
197.88 413.24 356.51 3982.23 1322.94 681.41
150.43 292.38 150.91 3351.1 816.43 347.95
430.63 617.97 751.85 3102.3 1957.98 1529.09
123.39 261.34 174.28 4519.79 1100.92 494.58
84.84 156.19 84.73 2336.67 564.22 230.74
330.96 496.5 606.35 2565.58 1122.71 651.05
74.38 180.28 86.03 2450.94 630.71 255.91
60.66 252.07 86.57 4317.89 1075.2 404.24
91.24 161.32 88.16 2225.36 537.05 227.61
294.74 538.38 314.73 4830.22 1258.59 629.84
99.6 236.35 124.27 4147.38 1026.15 420.4
159.06 373.0 132.74 5152.68 1163.99 453.0
307.91 507.58 443.07 4099.59 1638.03 1160.41
439.0 788.93 743.33 4179.6 1840.08 1025.28
205.81 425.23 366.99 4493.8 1454.1 657.72
417.83 666.03 700.77 4108.38 1808.2 1223.61
954.75 1390.52 2052.66 3301.49 3140.95 1993.74
809.09 1254.96 1820.32 3751.98 2754.02 1697.49
729.19 1049.15 1526.55 3099.6 2171.45 1264.33
853.05 1241.47 1886.01 3298.3 2644.66 1504.05
236.93 332.72 394.77 1376.08 800.59 536.33
409.23 590.01 661.18 2940.64 2051.49 1660.59
745.95 1112.55 1567.29 3509.49 2467.08 1537.69
760.09 1168.55 1680.29 3608.24 2479.69 1487.59
588.87 836.17 919.88 3265.03 2304.68 1952.7
87.16 147.58 87.07 1993.96 493.1 210.71
760.49 1148.53 1536.35 4007.16 3119.44 1922.1
240.01 413.9 321.2 3843.71 1323.13 870.29
577.88 921.28 999.14 4506.1 1747.15 920.42
630.99 964.16 1358.08 3672.66 2108.24 1148.11
221.65 445.95 323.84 4462.26 1205.28 561.2
267.9 494.06 416.9 4455.03 1318.59 618.04
253.06 430.85 337.67 3885.19 1365.72 908.83
535.96 736.36 871.57 2659.5 2263.38 1990.81
296.27 509.54 518.91 4051.75 1676.67 1017.24
346.05 615.81 645.09 4512.88 1789.44 906.23
181.29 330.89 244.55 4093.23 1125.33 703.92
100.49 141.81 97.96 1035.34 313.88 171.31
193.36 276.54 275.98 1879.48 869.31 622.7
199.26 417.23 265.99 4837.58 1199.96 512.04
275.79 532.82 284.6 5143.1 1169.41 457.94
988.49 1429.27 2119.13 3258.33 3837.9 2506.75
243.43 470.5 365.47 4727.37 1311.22 604.07
464.51 644.5 757.75 3034.85 2102.32 1777.76
588.36 803.5 990.09 2435.96 2416.45 2159.22
196.44 414.55 280.86 5016.93 1238.95 540.25
959.11 1394.16 2007.62 3177.79 2931.92 1811.01
300.38 435.88 526.34 1774.15 857.7 472.57
808.57 1195.26 1627.16 3242.49 2151.04 1379.91
424.45 619.0 770.89 2540.95 1562.57 1086.23
87.91 144.82 87.82 1884.04 470.28 204.28
511.67 846.09 878.56 4458.01 1703.71 847.42
110.51 225.22 91.25 3089.28 675.02 302.72
476.18 761.1 911.82 3927.34 1778.09 976.59
142.74 401.3 112.75 5072.19 1109.12 442.51
797.33 1128.95 1641.56 2879.55 2692.41 1868.33
273.69 555.5 216.22 5011.29 1061.65 410.33
379.01 565.21 534.04 3004.44 1454.57 1096.47
100.69 106.28 99.65 243.1 125.7 108.02
176.6 398.12 348.02 4193.57 1301.18 558.7
198.4 311.83 326.6 2599.32 755.68 380.73
757.26 1100.44 1609.04 2804.22 2379.74 1528.75
751.41 1044.36 1457.99 2522.28 2731.17 2146.87
116.84 245.89 97.77 2599.7 588.94 253.32
473.3 612.56 773.09 1530.48 1973.5 1819.26
445.92 654.71 809.22 3260.18 1898.17 1340.21
101.85 140.95 93.74 1130.08 291.11 162.63
495.94 792.61 1071.42 3925.71 2235.36 1334.14
261.84 515.55 251.81 5181.62 1141.95 437.7
321.07 641.42 299.37 5536.76 1261.74 518.15
390.92 645.18 712.08 4061.47 1740.09 1027.23
91.83 155.8 86.97 2458.21 533.16 242.28
507.58 857.34 890.69 4032.81 2013.94 1150.56
559.43 786.33 921.91 2915.66 2388.9 2056.31
833.45 1240.98 1728.0 3445.5 2921.27 1912.66
160.07 325.49 154.35 3920.39 970.14 431.6
432.98 608.89 701.15 3190.0 2009.68 1662.89
510.62 826.98 951.38 4058.43 2003.23 1147.57
154.27 305.75 250.27 4496.05 1171.54 527.9
813.52 1213.47 1760.21 3546.9 3045.98 1917.09
720.94 1090.33 1449.14 3767.44 2406.4 1407.06
579.31 789.0 960.46 2488.0 2469.74 2197.53
328.19 549.79 509.18 4148.53 1528.95 928.99
663.56 946.45 1287.48 3004.17 2795.15 2032.83
80.43 202.74 68.01 4645.11 918.7 357.79
275.65 547.16 269.34 4065.18 1298.13 767.37
359.19 592.97 709.65 3567.04 1610.46 951.83
299.88 624.19 233.74 5751.95 1206.68 457.14
320.55 506.36 526.55 3141.34 1798.07 1361.35
345.2 656.45 340.56 5336.32 1412.3 725.26
936.66 1382.94 2043.65 3306.85 3396.18 2177.03
761.08 1062.84 1487.16 2984.67 2553.66 1869.36
346.99 565.44 581.81 3490.99 1249.06 641.0
199.0 399.39 271.43 4493.48 1105.65 500.07
477.11 655.5 778.68 2596.25 2206.99 1901.12
138.44 200.81 125.72 1186.98 312.84 168.68
100.72 162.3 96.96 1493.73 418.7 206.25
528.89 700.55 870.75 2322.65 2350.43 2110.12
666.24 945.74 1372.05 2486.68 1894.37 1121.33
271.58 430.64 440.87 2950.34 1440.74 965.69
134.06 394.58 95.64 5145.85 1087.11 409.58
768.5 1119.86 1619.03 3498.32 2370.79 1359.75
255.17 513.8 214.73 5279.97 1088.41 407.53
379.65 670.44 738.64 4382.97 1931.37 1035.26
154.18 351.13 129.84 4751.92 1079.5 424.88
810.58 1235.75 1776.98 3487.2 2511.97 1537.49
263.97 508.7 405.27 4560.58 1279.04 611.48
214.38 393.46 372.82 4058.82 1200.93 531.04
174.51 298.69 155.09 2587.18 574.59 247.66
551.77 760.75 907.8 2931.66 2289.15 1999.88
357.93 626.32 481.72 4680.68 1386.31 704.5
768.8 1138.28 1626.94 3498.5 2955.18 1848.25
661.37 887.2 1111.9 2429.81 2654.85 2413.86
805.11 1126.03 1536.95 2613.15 2794.42 2294.61
103.36 130.4 98.32 792.35 224.35 138.8
835.92 1202.83 1738.98 2960.39 3244.56 2186.74
418.08 565.37 676.97 2245.22 1908.38 1641.49
122.25 292.75 97.05 3402.69 746.01 302.57
310.93 472.34 488.97 3738.79 1623.73 1189.05
373.45 487.0 587.65 1376.04 1407.06 1271.93
209.28 400.92 368.41 3925.1 1172.41 534.38
114.44 252.26 183.89 4074.48 948.82 401.85
655.11 1004.91 1337.15 3111.19 2298.59 1421.03
774.09 1086.48 1494.23 2575.68 2751.25 2221.17
450.41 761.98 896.79 4210.91 1730.28 940.56
784.64 1186.9 1749.46 3921.37 3438.65 1970.74
475.87 691.46 794.55 3133.35 2031.79 1639.32
143.47 365.32 180.4 4824.15 1263.71 522.19
256.91 488.02 394.29 4725.76 1450.92 700.52
87.0 168.25 78.75 3119.27 643.86 271.24
433.23 677.16 732.11 3422.16 1635.56 1072.97
122.66 296.64 91.15 4548.43 903.26 353.69
234.44 397.85 340.53 4041.44 1261.81 854.76
110.29 163.62 103.79 1416.88 360.72 183.12
268.76 401.04 385.53 2530.64 1165.02 883.01
510.66 727.72 1088.7 1904.19 1991.86 1198.94
113.79 185.27 105.08 1864.81 449.41 211.39
225.74 505.69 308.07 4927.39 1292.21 565.34
285.82 492.93 478.96 3609.92 1672.37 1149.05
77.79 174.73 71.63 3683.11 762.23 302.89
118.08 244.37 155.32 3538.53 907.16 377.93
291.58 495.56 509.32 3986.37 1241.96 630.2
237.5 355.05 352.51 2286.61 1193.04 872.59
794.52 1186.71 1598.54 3545.63 2397.53 1486.9
406.83 526.76 649.73 1273.7 1523.97 1407.61
111.53 305.44 73.41 5193.46 1055.29 420.2
268.01 508.2 261.29 4913.24 1178.04 532.14
134.12 310.99 112.57 4466.97 964.59 375.63
339.93 487.51 474.02 2147.29 1301.91 1051.02
364.19 633.37 736.49 4261.98 1619.66 824.84
535.14 813.57 999.58 3518.59 2113.03 1431.78
378.58 608.32 768.74 3895.08 1612.94 807.16
101.47 226.58 93.82 2931.54 747.48 315.87
444.92 591.54 721.73 1837.03 1728.49 1541.75
312.76 603.63 290.79 5031.73 1223.61 576.07
430.8 671.56 846.96 3289.78 1261.62 690.2
873.01 1293.44 1899.09 3311.35 3050.22 1937.98
420.32 715.05 648.85 4728.15 1542.12 743.98
111.78 202.07 98.44 1848.89 442.08 207.27
292.3 456.69 460.93 3530.83 1583.13 1113.99
264.71 508.16 513.64 4413.24 1518.81 710.18
888.57 1270.31 1890.32 3265.09 2601.7 1532.93
436.63 600.56 711.88 2610.64 2070.4 1752.38
555.56 776.52 874.38 2920.55 2260.02 1935.76
528.55 836.63 1127.52 4161.7 2350.13 1407.84
144.6 276.44 217.86 3972.92 950.81 425.99
122.25 292.68 97.06 3401.45 745.76 302.5
156.6 363.49 175.98 5083.71 1129.02 481.95
159.79 417.32 145.15 4985.31 1162.93 510.71
183.35 412.7 276.58 4636.28 1388.7 631.79
462.63 642.83 890.26 1450.15 1355.63 911.42
343.97 504.87 537.23 3240.9 1683.46 1355.87
464.27 643.54 754.69 2713.03 1908.4 1658.16
759.43 1123.99 1603.94 3495.35 2867.01 1809.0
375.9 503.97 588.55 1674.66 1467.39 1298.24
393.83 654.23 766.76 4119.66 1551.79 778.1
160.45 264.26 144.61 2239.3 512.73 223.82
638.69 988.12 1300.71 3995.47 2080.61 1099.7
457.3 649.44 690.01 2677.54 1729.58 1436.31
418.68 621.24 698.18 2936.72 1957.65 1583.77
244.02 384.15 289.75 2646.66 881.91 550.48
434.59 651.97 861.89 2415.87 1537.86 937.39
452.94 702.79 776.01 3863.63 1822.71 1197.14
222.93 412.28 217.31 3879.32 875.88 350.75
733.24 1094.15 1463.96 3576.63 2107.1 1225.95
131.29 371.06 95.86 4744.32 1008.43 384.86
620.55 850.98 996.96 2625.93 2490.34 2218.3
884.26 1282.95 1887.49 3482.33 2665.7 1550.49
780.05 1140.77 1553.62 3170.82 2206.83 1501.66
377.86 685.39 413.94 5111.9 1523.69 873.72
91.5 236.44 89.34 3989.73 900.05 334.06
231.59 438.75 298.49 4286.09 1315.4 789.05
85.2 154.88 85.09 2284.19 553.33 227.67
118.99 150.64 114.04 733.88 220.95 137.63
385.91 622.19 509.82 4182.93 1620.88 1095.2
728.16 1097.9 1561.39 3439.59 2499.74 1542.44
271.39 508.6 426.0 4647.13 1258.6 564.69
623.96 882.19 1100.82 2880.98 2482.65 2074.7
287.63 395.35 440.79 1678.55 1147.49 940.04
193.05 379.97 279.96 4208.88 1448.01 815.52
420.71 671.2 761.71 3742.04 1695.87 1007.96
90.5 135.23 90.43 1502.27 391.04 181.97
780.31 1176.83 1523.62 3785.84 2340.24 1418.27
962.0 1398.0 2014.0 3173.0 2939.0 1816.0
69.0 191.5 59.0 4653.5 930.0 346.0
134.0 394.5 95.5 5146.0 1087.0 409.5
969.0 1403.0 2079.0 3181.0 3518.0 2279.0
155.0 368.0 123.0 5163.0 1156.0 447.0
89.8 263.8 87.2 4769.8 1060.5 381.0
971.0 1390.0 2115.5 3245.0 2879.5 1707.0
122.0 299.0 89.0 4632.0 914.0 354.0
72.0 203.8 71.8 4231.5 957.5 341.5
907.5 1325.5 2047.5 3151.5 2757.0 1579.5
948.0 1357.0 1978.0 3155.0 2462.0 1531.0
56.8 180.8 53.0 4412.8 873.5 325.0
119.5 322.5 80.5 4825.8 970.8 371.8
948.0 1376.0 2046.0 3146.0 2970.0 1921.0
911.0 1341.0 1922.0 3127.8 2196.5 1320.8
985.0 1493.5 2276.8 3372.5 3183.8 2033.8
76.2 218.5 55.5 4643.8 764.8 282.8
962.5 1390.0 1954.5 3151.5 2480.0 1527.0
959.5 1435.2 2145.2 3160.2 2832.8 1787.8
88.5 243.0 63.5 4918.0 903.5 321.0
978.0 1422.0 2105.0 3266.0 3199.0 2037.0
79.2 209.2 66.0 4931.0 970.2 374.0
222.2 574.0 104.8 5481.0 1198.8 463.2
992.0 1434.0 2127.0 3253.0 3849.0 2515.0
980.5 1432.2 2016.0 3245.2 2807.8 1800.2
966.0 1422.0 2112.0 3259.5 3477.0 2237.5
109.2 304.0 68.8 5231.2 1052.0 412.0
978.0 1434.0 2220.0 3640.0 4073.0 2397.0
81.5 229.5 75.0 4588.5 1023.0 369.5
937.0 1353.0 2081.0 3198.0 2826.0 1629.0
924.0 1316.0 1970.0 3207.0 2671.0 1584.0
102.5 315.2 89.5 4914.0 1200.8 467.0
980.0 1467.0 2194.0 3388.8 3736.5 2446.5
955.0 1376.0 2056.0 3368.0 3193.0 1885.0
977.5 1462.0 2197.0 3231.5 2940.0 1846.5
939.0 1381.8 2053.5 3176.2 3230.8 2074.0
265.0 540.0 222.0 5608.0 1151.0 427.0
83.0 265.0 84.5 4714.5 1156.5 420.5
245.0 494.0 207.0 5231.5 1090.0 397.0
304.0 635.0 236.5 5868.5 1229.5 464.5
138.0 335.0 114.0 4964.0 1063.0 407.0
53.8 244.8 74.8 4340.2 1057.2 381.2
619.0 799.0 1032.0 1800.0 2627.0 2458.0
688.0 897.0 1159.0 1935.0 2759.0 2592.0
756.0 989.0 1280.0 2056.0 2900.0 2740.0
100.0 100.0 100.0 100.0 100.0 100.0
