437.69 751.32 756.74 4172.44 1736.34 1094.57
716.06 1154.62 1472.8 4010.15 2337.29 1367.68
621.81 899.21 1276.24 2847.87 1869.5 1085.0
670.01 949.23 1220.76 2326.9 2091.48 1721.71
324.89 574.81 588.92 4299.86 1394.48 707.95
549.23 819.25 1068.33 2933.95 1601.09 922.03
827.85 1185.22 1591.43 2692.83 2472.72 1897.66
95.11 160.76 84.49 2147.03 441.38 193.9
494.07 798.63 935.65 4324.96 2135.64 1213.22
255.17 480.12 255.62 4488.8 1051.37 454.98
83.82 232.09 79.54 4571.02 1025.87 374.58
436.68 701.7 860.5 4231.13 1937.36 1095.26
88.08 162.56 80.52 2867.51 598.51 256.97
125.4 210.82 127.52 2127.44 521.79 242.33
176.35 350.69 211.11 4031.18 1035.24 538.68
535.31 821.52 1079.88 3880.4 1979.08 1113.62
626.15 915.34 1106.52 2890.59 2158.01 1767.35
157.48 368.39 187.13 5120.01 1156.98 491.76
305.99 537.82 497.36 4307.91 1256.8 610.77
434.55 664.36 885.66 2825.89 1509.21 823.4
276.86 471.91 440.44 3974.46 1262.95 823.98
119.53 322.13 80.68 4815.82 969.18 371.44
806.18 1141.42 1455.2 2215.74 2578.86 2251.3
657.13 1024.21 1405.45 3685.61 2186.91 1287.02
225.79 382.66 350.19 3458.34 995.74 593.83
410.68 562.23 697.8 1167.21 1219.69 1058.25
478.94 746.79 976.23 3550.4 1938.65 1141.42
118.63 261.34 97.53 2864.38 640.71 269.56
454.76 748.47 884.56 4105.89 1840.49 991.99
543.23 826.22 1080.96 3518.25 2321.77 1484.78
121.08 202.73 108.82 2040.83 504.8 233.02
475.6 771.88 717.89 4069.95 1726.36 1170.84
196.39 276.8 288.45 1264.82 584.97 335.41
176.26 334.83 210.39 3277.24 874.58 466.52
70.35 192.94 83.83 2821.44 714.35 280.48
107.4 145.77 102.73 1047.43 287.58 159.8
93.5 180.77 79.39 2821.16 553.81 224.82
760.21 1152.16 1653.86 3411.3 2791.79 1732.1
523.14 906.94 875.26 4380.31 1888.79 1140.09
695.33 1018.9 1368.84 3373.74 2351.09 1654.3
566.6 845.9 976.91 3058.22 1994.93 1586.77
962.44 1389.93 1954.37 3151.64 2479.9 1526.92
366.58 596.19 700.13 4358.72 1611.1 843.41
100.93 120.65 96.84 619.41 196.37 131.58
302.16 554.65 342.9 4740.62 1233.88 598.75
513.28 795.85 1069.82 3844.53 2025.85 1173.34
405.65 659.86 780.8 3971.42 1511.69 802.57
73.43 183.27 85.51 2538.35 650.44 261.71
457.82 688.43 847.24 3543.61 1707.45 1125.28
457.32 759.19 745.15 4556.16 1630.22 817.07
181.03 414.32 103.18 3668.31 828.65 340.85
395.77 553.68 774.68 1443.82 1327.89 862.12
116.86 309.44 86.3 5098.72 1049.49 422.68
101.64 114.83 99.18 437.81 160.68 118.93
385.73 646.43 700.24 4244.2 1761.13 961.3
105.96 230.34 148.43 3849.46 893.53 400.4
107.18 259.25 75.64 4105.65 843.17 343.56
753.8 1138.16 1524.47 3867.18 2553.93 1535.38
699.28 1036.14 1523.43 3276.42 2279.57 1266.76
302.65 587.2 327.49 5504.09 1305.28 531.02
525.44 804.16 910.11 3175.2 1976.98 1534.44
463.87 759.1 876.2 4189.91 1540.85 792.23
252.63 460.21 354.21 4098.25 1238.91 725.5
503.49 840.07 865.0 4809.01 1942.34 1042.96
141.67 213.23 130.75 1574.72 384.51 185.35
462.08 731.47 775.95 3996.26 1861.55 1306.32
334.57 538.71 578.33 3472.42 1515.63 1052.28
411.45 644.24 703.77 3504.84 1731.6 1226.73
206.37 357.03 308.05 3053.75 1032.2 599.19
595.22 923.39 1191.73 4047.96 2554.58 1535.59
252.52 593.67 200.22 5124.01 1263.1 543.51
664.47 1027.97 1225.83 3472.88 2340.76 1573.99
127.7 271.28 159.12 4781.25 1075.43 491.86
716.49 1033.9 1240.57 2985.86 2347.05 1949.73
569.93 819.14 1014.01 1969.32 1890.74 1599.85
208.07 419.5 254.66 4675.63 1221.93 600.39
244.68 485.81 206.97 4929.61 1021.55 386.73
652.84 962.41 1141.39 2675.04 2209.33 1804.65
88.86 158.51 81.78 2688.44 566.25 246.81
679.52 1032.41 1383.73 3451.82 2371.48 1448.19
97.19 176.22 87.44 2527.46 514.17 220.24
306.66 532.43 538.95 3237.37 1501.33 993.05
799.59 1131.04 1408.68 2634.64 2517.07 2172.72
520.88 844.3 1035.71 3860.46 1987.27 1214.8
112.67 180.54 140.47 2241.89 547.03 255.42
324.29 635.32 569.59 4714.1 1505.03 733.68
449.49 682.63 773.96 3517.36 1784.13 1328.81
93.49 124.13 93.44 1060.55 299.36 156.15
184.83 360.04 274.24 4198.59 1247.59 643.17
125.36 166.52 116.97 817.22 240.43 145.32
394.93 683.6 744.27 4321.66 1792.18 925.97
601.88 853.49 1239.76 2380.19 1727.78 1022.75
659.1 965.59 1160.88 2771.8 2233.79 1848.77
169.15 399.16 238.73 4779.0 1335.58 571.6
378.13 682.11 670.95 4518.04 1612.57 829.82
471.04 715.72 848.68 3662.07 1779.76 1241.15
165.65 272.18 143.93 1956.52 463.52 217.31
922.3 1359.44 2014.43 3210.4 3185.11 2039.58
720.69 1075.3 1531.83 3586.33 2549.43 1558.8
181.36 399.7 186.94 5033.26 1181.22 474.27
400.5 681.19 719.8 4567.23 1639.01 876.11
86.81 192.3 82.18 3299.29 757.89 292.09
214.88 432.39 283.66 4813.5 1272.7 663.08
792.6 1196.29 1663.58 3678.97 2735.07 1679.5
294.85 388.71 501.54 760.0 715.25 561.53
91.75 202.62 73.81 3557.41 676.59 258.59
89.09 120.4 88.13 1189.03 295.32 156.81
91.39 169.16 96.76 2844.38 621.05 262.66
132.94 303.91 115.9 4362.72 902.06 369.3
170.47 359.13 115.59 2960.1 698.11 303.19
755.38 1161.22 1642.91 3714.27 2997.57 1898.69
383.7 660.29 694.59 4238.73 1721.89 980.87
360.67 582.83 658.05 3100.51 1131.31 598.03
332.03 537.55 567.4 3400.97 1539.89 1031.28
841.0 1237.26 1888.69 3267.2 2617.39 1482.08
254.54 486.22 259.12 4670.07 1067.41 425.18
73.27 199.08 73.08 4043.63 918.51 330.52
124.64 252.37 109.08 3253.79 724.4 299.06
461.95 769.62 917.0 4237.38 2021.2 1111.59
254.34 483.65 446.16 3685.11 1465.89 887.83
761.12 1082.57 1371.85 2338.79 2475.95 2136.55
377.86 641.27 680.3 4566.21 1503.61 770.41
135.39 273.07 128.11 3414.83 784.64 336.99
651.97 952.32 1142.22 3027.2 2254.15 1824.74
261.05 529.47 219.08 5476.22 1125.85 419.18
898.24 1304.4 1818.64 3229.44 2370.13 1441.45
336.25 543.9 598.54 3921.01 1465.2 874.73
308.56 467.72 607.09 1773.51 1032.8 628.32
688.06 1019.57 1352.32 3255.34 2034.87 1393.98
242.45 342.17 434.48 1331.05 785.87 483.84
86.45 167.45 74.67 2686.27 478.39 204.05
212.5 345.96 295.37 2585.05 882.02 562.35
349.78 596.94 541.55 3949.25 1509.78 1002.1
865.85 1264.1 1860.02 3464.17 2981.73 1736.25
616.03 932.63 989.01 3750.3 2031.41 1545.61
194.5 405.84 244.79 4825.08 1230.56 625.35
98.95 105.25 98.03 301.4 129.47 108.1
881.73 1301.54 1795.39 3008.94 2674.34 1925.97
753.99 1127.32 1536.78 3551.08 2512.58 1534.57
564.76 862.88 1097.96 3043.72 1937.28 1095.95
600.95 918.11 1236.51 3907.07 2425.13 1460.55
630.69 923.64 1099.51 3114.19 2178.57 1754.41
757.13 1120.24 1534.12 2928.06 2672.38 1893.65
447.53 657.48 763.94 2166.12 1554.03 1236.16
503.08 774.52 890.34 3046.44 1987.54 1503.46
779.26 1110.05 1397.19 2747.69 2453.46 2041.97
337.13 508.32 568.53 2602.5 1329.18 976.1
565.36 828.84 1155.2 2798.28 1949.26 1124.38
340.81 542.71 525.65 3173.46 1132.85 610.11
285.45 580.25 230.71 5209.67 1115.99 438.01
95.44 156.69 85.53 2010.15 418.56 187.62
430.26 706.77 631.44 4070.24 1598.45 1036.42
94.86 163.96 83.68 2254.87 459.37 198.84
277.72 566.09 218.92 5125.45 1084.01 417.55
818.23 1150.58 1453.69 2469.34 2557.59 2223.03
107.73 188.25 92.27 1974.49 445.4 207.81
581.77 902.95 1179.09 4190.19 2248.22 1234.99
128.17 230.03 186.71 2032.4 655.12 334.28
99.27 109.03 97.7 404.2 150.73 113.95
202.12 427.51 295.3 5003.86 1246.62 563.09
112.48 177.18 104.6 1697.44 416.27 200.83
86.81 165.7 75.33 2619.11 468.57 201.35
125.0 165.57 116.73 806.97 238.43 144.67
164.16 249.67 206.13 1808.26 588.28 373.2
161.63 376.12 138.07 5141.18 1170.22 460.76
786.53 1132.39 1503.5 2848.63 2612.51 2015.91
534.4 838.92 927.33 3190.15 1988.87 1515.64
96.87 130.42 97.14 950.62 294.75 159.08
445.28 681.37 787.71 3097.6 1771.58 1342.17
197.05 349.8 305.2 3493.67 1144.63 636.5
353.53 648.26 593.09 4419.01 1567.84 865.72
478.09 732.28 984.28 3827.02 1746.73 936.62
89.45 223.14 81.86 4232.37 737.33 295.79
198.91 363.76 173.13 3401.8 730.03 296.02
489.72 763.46 861.69 3290.34 1920.82 1439.8
225.9 452.15 268.04 4842.22 1310.95 643.43
58.43 250.31 83.3 4327.07 1066.57 392.72
626.08 926.68 1060.62 3336.43 2155.26 1707.75
270.87 512.68 443.2 4452.62 1316.18 640.72
203.68 293.87 300.45 1896.71 745.73 512.72
157.01 261.9 182.27 2388.63 641.73 357.25
124.55 251.81 109.04 3242.22 722.11 298.33
130.05 360.3 96.02 4560.05 972.39 373.56
169.1 281.21 209.96 1911.72 624.16 377.33
447.79 687.43 754.03 2919.65 1678.07 1261.42
59.62 175.52 56.07 4131.07 822.97 310.3
667.53 986.56 1361.17 3438.22 2181.68 1398.48
218.9 423.07 187.74 4307.73 911.78 343.53
714.43 1035.33 1249.99 2714.52 2333.0 1944.96
270.74 554.0 419.96 4810.37 1361.18 612.8
311.95 570.15 541.73 4384.23 1538.31 798.95
337.74 553.09 536.65 4109.76 1467.23 971.68
519.3 907.35 891.08 4610.28 1985.08 1081.86
429.11 722.42 692.45 3859.53 1741.97 1218.11
450.7 727.12 780.9 3904.54 1739.96 1150.04
97.88 133.97 97.35 1068.39 299.18 158.27
694.63 1000.73 1281.92 2450.29 2195.33 1742.05
125.11 258.42 171.24 3159.46 890.67 379.99
367.14 641.79 658.04 4214.64 1706.38 997.58
185.35 366.88 309.05 4436.18 1345.33 614.21
301.97 547.25 565.16 4330.49 1600.55 768.14
181.65 396.53 204.98 4588.42 1116.12 541.79
394.42 627.31 664.94 3599.04 1630.73 1162.23
483.06 773.23 749.83 3092.99 1690.11 1262.57
718.61 1047.58 1247.89 2956.27 2346.21 1959.45
185.11 279.7 285.47 1965.39 650.79 347.84
737.54 1142.03 1392.41 3859.39 2090.67 1203.73
102.46 312.09 89.65 4844.53 1184.91 461.7
386.95 648.72 749.85 4166.51 1615.24 810.72
120.95 228.66 123.11 2758.56 635.18 290.53
585.86 878.36 1029.86 2784.46 2084.15 1679.68
522.71 798.33 928.0 2968.5 2026.37 1554.06
525.99 783.7 934.72 2917.15 1967.45 1549.87
238.14 435.12 429.39 4278.23 1386.02 655.46
195.13 372.75 266.21 4483.48 1129.3 594.73
612.8 968.12 1207.08 3693.84 2379.54 1543.58
212.71 406.26 183.17 4088.71 869.53 330.86
149.33 328.16 208.74 4063.56 1186.33 554.92
466.88 731.57 948.08 3886.75 1834.25 1004.43
246.82 437.31 390.04 4045.53 1378.05 799.01
158.46 314.77 236.58 3955.36 1151.13 570.84
352.18 600.98 631.11 4264.68 1528.44 806.56
522.57 858.55 821.42 3537.5 1925.66 1417.48
210.37 397.75 318.9 3069.95 915.94 446.17
692.92 1027.25 1471.55 3672.86 2516.2 1429.81
421.45 673.48 790.38 3909.03 1428.1 855.05
281.98 526.98 471.85 4432.1 1341.24 655.54
749.2 1124.77 1545.67 3807.06 3067.8 1915.11
163.07 271.37 146.54 2331.99 530.61 229.18
126.07 330.39 94.99 4802.59 984.67 384.57
269.26 619.8 213.47 5218.52 1309.94 607.13
247.5 437.35 471.69 3876.25 1385.48 681.91
113.6 223.03 93.2 2901.97 603.27 257.04
452.36 824.82 722.83 4793.72 1715.4 845.51
81.64 196.39 69.99 4364.1 868.09 341.85
403.85 634.59 744.54 3074.49 1231.64 657.47
261.82 444.62 423.94 3792.63 1363.38 818.01
329.16 576.86 647.51 4307.14 1634.13 777.13
328.06 554.98 543.47 3906.5 1559.2 996.01
689.7 1002.18 1252.34 2262.98 2353.11 1987.66
261.68 454.0 415.69 3934.2 1235.85 794.04
382.86 631.34 674.68 4126.28 1418.11 766.15
355.52 560.7 602.09 3664.45 1534.03 1073.42
209.27 421.06 259.56 4626.53 1227.54 608.81
668.04 1034.68 1330.39 3839.1 2235.9 1325.74
124.67 272.56 189.15 4168.16 1063.43 418.31
475.26 666.89 904.73 1577.03 1162.6 728.58
356.08 633.46 494.2 4916.91 1462.51 685.74
643.12 963.93 1176.12 3190.96 2150.44 1542.75
351.77 569.47 704.83 3844.37 1768.66 1000.23
84.3 129.36 82.92 1667.13 381.07 181.76
107.8 167.56 98.97 1257.59 326.43 171.0
153.97 246.65 139.83 2010.03 468.49 210.55
90.75 248.54 88.39 4334.64 971.0 354.82
423.8 725.7 639.4 4759.28 1564.06 832.52
224.21 401.2 398.8 4396.18 1279.18 601.5
138.84 299.88 184.25 4479.99 902.48 407.57
321.12 565.11 469.47 4298.36 1524.53 919.66
278.81 464.85 525.73 3946.29 1383.52 730.69
717.96 1032.88 1302.94 2168.33 2404.25 2055.02
934.21 1346.24 1830.44 2959.01 2742.21 1986.85
85.04 245.2 86.36 4160.84 1029.74 382.05
207.31 372.79 264.17 3516.0 1003.46 542.45
708.39 1017.5 1269.64 2529.58 2369.33 1998.21
446.32 675.72 743.81 2887.9 1604.18 1228.32
97.2 144.9 96.49 1379.93 363.26 177.02
215.71 428.71 269.99 4644.18 1239.26 621.48
171.7 317.98 279.92 3107.51 981.73 439.12
246.47 429.8 390.82 3688.43 1065.66 510.08
633.21 999.14 1145.22 4392.07 2003.61 1133.67
533.45 811.88 907.83 3336.5 1959.94 1498.44
547.41 817.17 1068.58 3413.68 1931.69 1265.71
813.16 1153.61 1472.61 2591.69 2611.38 2200.3
704.76 1018.95 1299.27 2347.66 2408.5 1991.48
468.06 756.06 806.91 4258.64 1711.29 864.96
653.76 1011.49 1443.11 3646.88 2213.36 1311.5
437.74 785.72 585.46 4412.37 1682.63 1093.54
579.91 848.15 1042.72 2912.81 2088.99 1647.62
411.03 692.02 561.91 3870.27 1447.74 924.69
683.54 991.88 1288.71 2579.87 2247.56 1695.29
229.46 325.37 361.96 1163.16 587.8 349.89
392.01 680.12 587.67 4837.29 1512.99 725.92
104.97 156.76 95.03 1305.64 322.16 169.34
227.1 360.46 340.99 2604.49 934.01 611.23
110.34 191.79 112.95 2453.33 540.16 254.05
221.41 332.32 412.1 1546.0 747.53 404.26
446.06 641.35 911.33 2238.86 1385.7 799.12
268.86 469.57 418.08 4140.4 1332.24 816.95
864.13 1250.77 1815.54 2947.18 2668.05 1785.63
105.42 133.52 102.0 793.71 237.34 143.78
94.71 116.58 97.11 585.51 209.6 132.2
220.96 399.06 376.28 3376.87 1146.65 548.55
175.94 389.76 193.49 4610.98 1102.89 526.27
97.98 132.51 97.46 1026.7 290.61 155.76
82.44 222.92 76.27 4360.54 976.12 355.81
722.36 1035.82 1259.74 2620.26 2297.44 1955.76
534.67 838.29 1074.19 3741.9 2091.59 1278.35
397.62 561.29 668.47 1598.45 1252.29 1033.82
362.92 597.15 694.36 3915.67 1549.99 808.6
316.01 557.85 533.19 4534.95 1395.1 721.27
441.09 700.98 733.05 3528.8 1762.77 1265.25
806.26 1171.37 1561.6 2949.5 2505.11 1838.12
163.2 271.72 146.63 2336.46 531.47 229.44
637.9 938.64 1135.04 2596.81 2217.19 1822.58
608.52 849.36 1057.83 1877.0 1859.72 1608.43
290.56 529.8 470.95 4741.49 1487.47 776.18
374.53 619.28 772.77 3969.54 1827.32 1067.92
153.47 360.52 122.36 5021.78 1126.55 437.32
584.37 877.47 1018.53 2928.13 2108.54 1668.71
99.61 297.74 166.46 4157.49 1127.57 469.04
217.23 407.98 294.09 4032.16 1081.77 525.08
241.42 468.74 440.47 4459.78 1625.76 785.54
301.27 511.18 396.57 2653.44 1066.58 709.16
452.71 753.43 880.76 4606.13 2208.86 1153.24
142.2 255.18 205.45 3034.65 842.66 460.24
230.72 455.51 399.7 3838.19 1415.33 821.36
869.4 1255.96 1710.53 2853.85 2716.42 1942.4
918.23 1369.0 1997.04 3042.78 2968.29 2075.65
304.52 565.2 560.76 4525.78 1591.27 755.43
333.95 617.87 489.64 4397.07 1517.67 939.61
149.33 299.64 238.99 4531.61 1184.06 534.78
516.88 853.29 945.62 4489.17 1776.66 935.0
780.03 1177.46 1592.37 3606.61 2531.98 1506.89
522.84 791.97 948.16 3417.87 1786.18 1280.78
324.11 530.66 498.05 3462.13 1330.4 895.38
101.8 139.84 93.91 1102.14 285.93 160.93
643.29 979.02 1180.01 3290.61 2220.54 1612.79
490.75 731.75 865.53 2411.85 1797.48 1413.05
104.79 206.14 83.77 2769.61 595.3 262.32
378.28 649.02 695.81 4427.7 1713.29 907.06
561.86 819.43 1061.06 2447.48 1836.6 1325.05
319.13 562.75 465.33 4308.69 1520.12 914.01
964.73 1399.09 2063.41 3314.12 3762.59 2450.03
463.57 692.16 960.41 2622.89 1922.65 1097.73
116.24 141.0 131.16 762.2 272.18 189.77
87.97 163.15 80.34 2893.77 603.24 258.45
106.76 261.47 124.04 4510.57 1077.34 432.26
872.26 1282.4 1850.36 3539.85 2657.88 1542.99
155.34 302.28 215.5 3909.9 915.76 411.29
823.06 1211.34 1614.77 3218.81 2205.2 1505.21
107.14 123.51 115.67 553.28 213.72 154.3
823.29 1184.91 1577.61 2886.85 2415.26 1800.86
389.22 672.89 620.74 4459.1 1460.05 738.35
223.09 407.48 344.82 4123.47 1327.08 737.36
122.17 329.2 127.51 4642.69 1191.64 500.13
600.04 930.01 1162.02 3859.78 1968.54 1159.3
613.73 898.19 1135.05 2943.13 2132.36 1649.14
689.13 1071.97 1498.45 3414.46 2306.83 1427.6
614.67 925.0 1045.35 3054.32 2106.29 1662.02
522.09 871.38 853.12 3930.68 1885.6 1225.15
82.34 192.72 71.13 4201.75 838.84 332.64
721.61 1084.14 1601.86 3519.39 2371.33 1307.04
334.7 510.27 509.51 1819.14 1089.25 832.51
96.56 162.55 113.21 1485.7 443.05 222.89
104.3 195.35 85.42 2498.33 544.97 245.83
139.33 222.22 170.78 1934.77 547.5 277.01
502.79 807.87 876.23 3547.6 1943.57 1390.0
581.51 907.19 921.01 3365.58 1959.36 1513.68
744.17 1041.51 1313.82 2167.2 2295.31 2009.1
454.52 800.62 645.12 5147.85 1609.91 810.5
599.5 943.82 1152.26 4089.58 2247.75 1304.22
119.46 322.04 80.54 4816.03 969.0 371.24
450.88 725.78 958.79 4197.7 2279.67 1204.87
89.96 224.85 68.13 4306.43 801.51 292.95
161.06 388.69 231.93 4785.79 1314.0 547.92
571.11 891.63 1147.06 3991.9 2082.69 1216.55
467.41 803.96 644.97 4793.07 1660.86 989.65
109.64 146.98 104.03 987.52 285.11 160.83
237.28 464.2 346.2 4728.17 1208.58 524.36
453.23 721.87 745.02 3610.7 1817.62 1295.58
101.23 127.21 95.84 784.29 226.96 141.61
292.47 528.64 426.81 4167.4 1375.65 845.24
100.39 133.84 98.35 856.92 273.08 157.7
645.0 956.71 1180.69 2762.02 2239.45 1786.58
628.58 930.5 1244.2 2734.04 1931.74 1228.57
622.41 943.66 1190.37 3287.77 2337.47 1630.18
676.9 985.59 1198.23 2774.89 2295.81 1910.7
179.74 330.36 260.15 4207.11 1138.94 618.26
99.29 111.42 99.11 425.54 166.96 119.59
721.39 1059.24 1400.01 3114.7 2197.64 1531.9
614.15 963.02 1150.02 4474.54 2184.27 1164.76
703.86 1009.27 1264.64 2507.37 2345.7 1989.3
508.51 797.88 792.48 3818.59 1787.76 1265.95
86.56 222.37 99.26 4191.31 989.66 379.4
93.79 199.69 92.21 2942.01 684.55 271.01
100.06 105.04 99.75 212.84 125.8 108.6
412.05 642.65 699.81 3523.47 1598.6 1188.62
130.9 248.98 188.47 2344.91 750.32 396.02
113.17 134.55 108.81 472.52 172.94 123.54
242.03 322.35 424.26 958.15 668.59 412.4
226.05 428.0 415.82 4353.35 1320.95 603.0
790.3 1150.67 1568.71 3128.3 2293.39 1551.07
616.72 915.58 1041.99 3372.72 2135.41 1682.7
819.42 1154.9 1447.48 2564.83 2560.65 2225.64
440.29 711.06 754.39 3428.23 1866.06 1339.78
622.11 925.11 1076.32 3201.33 2198.77 1750.5
153.8 308.7 102.11 2469.26 583.8 259.92
221.4 415.34 343.76 4564.97 1164.36 554.88
720.75 1085.16 1393.74 3971.17 2025.8 1163.67
290.79 484.84 433.05 3450.48 1228.02 797.56
729.97 1084.27 1499.0 3315.91 2335.3 1449.84
214.11 383.13 327.06 4354.78 1273.05 729.19
643.83 1052.28 1225.72 4537.94 2092.58 1161.82
336.88 565.22 549.63 4013.51 1571.24 1008.38
405.51 752.41 528.09 4458.62 1631.7 1023.82
429.92 669.65 746.82 3273.79 1780.29 1292.27
215.02 436.34 271.75 4462.2 1194.38 633.25
276.75 493.22 448.75 4004.18 1461.32 879.09
367.64 622.44 749.67 4123.02 1612.81 831.72
671.94 980.95 1205.09 2407.7 2289.64 1921.07
299.95 581.39 310.65 5454.41 1269.15 532.55
727.36 1037.98 1533.05 2542.05 2373.98 1409.69
279.43 445.22 496.34 3312.42 1141.51 611.16
163.87 296.7 210.32 3455.87 862.68 453.82
889.97 1314.83 1895.41 3462.09 2978.71 1867.25
168.55 365.91 102.69 3118.68 716.42 303.75
94.2 118.17 96.84 632.0 220.1 135.28
707.96 1041.77 1374.24 2966.33 2340.17 1673.92
139.66 200.82 166.95 1348.69 423.93 227.55
668.7 981.42 1353.68 3517.97 2112.88 1306.04
801.8 1185.4 1661.22 3430.54 2590.4 1552.82
105.84 115.87 104.31 306.64 139.87 111.96
83.41 216.15 77.58 4125.71 927.83 341.71
880.83 1228.78 1567.69 2348.48 2695.63 2389.58
422.63 690.97 697.48 3858.82 1815.65 1257.77
444.47 790.33 618.04 4241.35 1723.7 1142.96
99.65 102.47 99.52 185.68 117.62 105.14
74.9 193.04 74.72 3803.21 868.61 316.47
520.49 783.21 901.54 3289.02 1911.48 1483.11
170.25 307.45 225.5 3463.53 894.92 480.44
123.39 213.96 109.78 2252.97 549.05 247.56
306.49 518.93 567.17 3966.31 1407.06 809.0
912.18 1335.18 2046.15 3427.62 3757.61 2236.56
518.92 822.51 1042.73 4048.71 1946.05 1033.21
514.72 847.79 746.75 4343.96 1794.4 1211.97
221.74 569.24 107.09 5410.05 1187.88 461.91
387.57 677.62 613.8 4068.02 1651.13 1091.56
203.18 370.04 314.41 3926.09 1239.4 673.67
395.75 701.44 568.05 3771.06 1539.73 973.63
421.71 675.82 734.24 3369.57 1826.55 1293.68
330.04 592.06 395.94 4775.55 1315.17 677.41
356.22 612.53 588.91 3798.02 1700.48 1122.56
173.64 426.88 180.87 4737.02 1132.44 503.85
816.64 1199.66 1799.62 3411.73 2590.71 1458.68
106.98 254.69 76.34 3990.88 821.88 336.58
391.78 579.13 633.86 2474.74 1346.91 1041.23
340.27 517.17 606.06 2856.28 1309.39 839.0
577.65 961.38 1087.52 4345.72 2007.97 1042.92
214.74 405.89 367.9 4405.11 1192.21 621.55
354.22 500.87 665.44 1713.64 957.38 575.06
279.47 415.02 428.14 1859.1 968.38 706.56
214.5 301.1 288.87 1285.62 587.75 422.4
136.28 287.68 225.19 4303.93 1054.87 455.92
501.25 799.61 851.76 3309.75 1915.1 1441.2
88.68 133.41 85.03 1762.43 403.02 189.81
170.01 382.52 154.28 5019.37 1172.63 483.94
263.92 528.76 229.81 5354.89 1124.71 433.12
119.0 271.83 90.5 4013.16 802.85 319.32
154.1 236.12 233.44 1846.13 523.99 284.9
167.51 298.76 216.94 2900.65 795.68 376.42
603.62 939.68 1345.14 3101.25 2126.56 1287.54
650.24 998.19 1290.76 3351.3 2257.81 1556.68
299.55 649.28 283.41 5049.6 1381.47 699.76
521.03 829.62 791.12 4310.28 1773.66 1190.83
606.4 906.67 1046.48 3253.12 2168.59 1711.69
686.11 970.03 1197.15 2394.14 2147.37 1837.77
133.49 307.11 112.34 4386.81 948.73 370.57
102.03 274.73 91.47 4008.74 993.8 397.99
83.26 214.55 68.94 4233.8 719.65 280.45
430.67 677.05 887.16 3837.92 1724.31 886.28
164.0 365.59 168.89 4845.48 1106.38 458.0
126.55 326.53 110.29 5188.24 1097.54 446.74
349.82 584.62 508.58 3812.71 1331.67 719.09
111.74 206.22 94.13 2519.0 534.48 235.57
287.14 528.55 504.88 4509.97 1536.44 809.37
116.98 242.68 133.51 3686.78 732.91 347.36
299.93 558.38 544.49 4396.86 1618.33 810.09
745.07 1114.75 1561.23 3762.0 2344.51 1287.3
114.85 267.31 129.64 4514.88 860.75 387.03
531.34 809.34 903.6 3345.18 1955.16 1492.62
553.32 847.96 1136.84 3099.95 2020.99 1231.51
292.37 410.8 481.81 1574.63 964.59 716.82
458.19 754.73 751.27 3732.76 1806.51 1297.79
434.8 704.45 805.75 3741.51 1938.34 1247.47
223.19 448.63 415.62 3850.16 1386.55 735.98
111.75 215.17 128.23 2987.73 757.69 337.89
342.61 559.16 545.91 4093.94 1478.26 984.42
284.98 408.1 421.08 1577.69 843.11 634.29
237.78 417.42 347.95 4090.15 1181.5 692.68
300.96 512.85 468.94 3457.86 1399.68 897.21
756.21 1075.91 1361.37 2374.35 2466.98 2123.13
566.56 853.57 956.59 3336.92 1974.83 1546.96
299.67 500.07 520.91 4303.89 1390.46 769.41
413.89 604.26 814.65 1966.61 1545.46 900.63
510.23 780.17 1014.79 3531.64 2031.23 1218.29
444.83 802.42 635.48 5313.48 1707.62 841.68
217.85 538.41 119.62 4966.92 1117.73 451.59
351.26 580.57 677.5 4135.75 1676.22 948.42
75.27 208.23 79.01 4227.2 962.33 345.32
75.19 207.74 79.12 4213.81 961.14 345.72
625.57 923.08 1125.31 2560.08 2229.85 1819.22
613.49 907.41 1090.62 2877.03 2201.14 1764.54
784.68 1179.64 1698.41 3433.47 2852.03 1774.35
435.25 678.87 757.6 3012.73 1709.07 1268.58
138.97 265.52 186.38 2844.37 868.5 427.3
763.17 1109.21 1443.09 3025.56 2580.24 1968.64
164.12 379.42 145.26 5141.57 1175.25 461.08
376.82 646.38 551.11 4571.61 1339.9 619.49
359.2 590.78 562.72 3792.35 1490.7 1011.71
677.07 982.86 1273.04 2927.42 2194.07 1694.7
709.67 1025.54 1282.48 2265.22 2386.37 2031.24
253.58 441.37 474.46 4371.75 1390.75 689.38
278.02 368.96 495.35 765.87 692.28 456.39
824.03 1231.23 1593.23 3722.85 2217.04 1303.57
387.71 661.29 704.08 4559.02 1668.27 870.53
62.2 170.7 58.88 3873.47 776.77 296.86
885.14 1301.72 1879.8 3378.34 3273.86 2091.25
91.77 157.59 88.88 2095.91 510.43 219.84
884.91 1332.28 1939.29 3297.21 2880.23 1944.11
97.78 104.16 97.58 321.87 139.79 111.57
434.11 702.64 851.86 4082.84 1646.22 842.27
443.38 715.32 736.89 3790.43 1855.5 1309.02
632.53 947.58 1189.82 3482.7 2056.52 1429.75
878.06 1286.76 1866.38 3397.85 3257.17 2081.52
629.53 922.66 1127.16 2585.4 2189.62 1808.73
651.16 1032.21 1278.28 4305.55 2108.19 1105.9
396.49 612.75 660.37 3908.86 1653.13 1171.76
101.59 113.76 99.79 335.77 146.12 114.46
681.84 991.7 1224.79 2388.74 2318.64 1947.0
631.27 967.92 1283.38 3778.49 2226.69 1271.86
272.06 504.11 378.51 4329.4 1316.43 776.13
642.93 978.09 1371.41 2957.69 1993.63 1211.55
990.9 1432.62 2124.48 3255.05 3845.73 2512.47
361.35 612.84 553.39 4088.94 1613.78 1034.14
123.74 152.83 150.96 709.15 274.32 182.99
135.93 239.37 101.41 1682.19 423.08 206.79
106.5 156.32 99.14 1064.97 288.75 159.19
151.38 289.93 234.23 3533.81 803.77 380.52
99.96 100.55 99.86 118.44 103.07 100.85
501.31 794.64 965.15 4132.51 1993.04 1057.37
190.32 407.4 325.51 3952.83 1333.55 720.85
82.53 151.55 76.9 2665.49 567.63 238.6
852.09 1264.8 1759.34 3434.89 2693.17 1629.31
847.77 1252.96 1770.1 3319.8 2702.32 1635.54
152.4 345.21 225.5 4655.19 1195.33 484.0
69.64 195.15 83.44 2886.38 729.01 284.79
149.53 184.84 183.26 550.08 302.02 240.1
306.13 497.05 511.1 3762.08 1419.43 947.61
760.14 1077.02 1368.53 2199.51 2447.24 2122.17
132.51 333.54 125.47 5173.94 1101.96 446.27
499.75 771.35 948.91 3809.69 1715.26 1057.16
176.73 370.53 225.47 4528.84 1042.42 439.39
106.79 250.51 76.98 3885.71 802.37 330.19
227.59 403.5 368.34 3734.55 1305.97 754.23
63.72 167.85 60.53 3721.82 749.57 288.95
389.82 624.13 730.79 3723.02 1533.79 846.66
450.05 736.05 826.3 4130.55 1563.06 859.5
639.38 929.82 1305.8 2247.22 1552.9 960.98
227.7 459.32 289.98 4934.13 1291.65 566.27
297.75 554.42 334.72 4970.36 1226.95 536.78
184.86 374.99 235.32 4354.91 1037.59 455.49
334.55 549.13 530.61 4120.07 1460.03 963.38
160.68 332.14 237.41 4401.5 1187.76 542.54
483.9 715.55 837.47 2351.52 1530.65 1118.94
191.62 354.63 283.96 3841.6 1175.74 627.98
541.97 879.73 1125.6 4177.15 1958.35 1112.22
122.08 291.29 97.08 3377.65 741.11 301.04
687.29 1083.01 1343.17 4139.94 2464.46 1365.58
457.55 721.95 918.71 3949.45 1514.44 795.83
259.26 477.92 412.17 4191.8 1496.54 855.51
504.56 712.06 954.5 1755.41 1526.61 1110.72
351.21 657.75 598.78 4628.43 1572.83 778.46
383.34 694.62 724.75 4503.05 1625.34 786.66
93.17 121.39 96.28 726.5 241.43 141.55
89.18 234.59 65.65 4634.73 856.26 308.01
236.39 461.32 344.3 4734.58 1310.06 605.82
543.2 897.32 837.36 4586.15 1837.3 1158.62
473.09 749.68 943.85 4159.3 2045.49 1176.23
198.0 374.43 308.33 4287.62 1059.12 555.58
345.57 488.83 559.35 1539.99 1086.09 873.83
741.08 1133.77 1443.96 3818.14 2101.86 1226.57
204.16 289.84 359.21 1585.95 792.4 447.03
111.94 203.38 98.42 1871.34 446.47 208.65
91.59 235.08 89.44 3951.11 892.11 331.74
680.91 1073.91 1372.99 4015.92 2243.03 1211.33
155.31 217.27 237.39 1482.99 577.89 322.22
162.31 377.19 288.11 4125.73 1279.07 613.86
81.36 192.81 65.15 3658.91 620.7 243.18
555.94 813.01 1112.94 3044.32 1616.25 951.42
464.74 747.98 661.43 3754.88 1539.35 1052.0
157.94 358.2 153.28 4872.79 1103.14 459.36
108.32 151.46 103.07 1165.06 310.87 167.22
854.3 1264.15 1796.97 3202.38 2112.77 1254.62
89.41 231.64 66.4 4535.19 839.66 303.44
469.57 721.71 812.68 3275.05 1809.37 1368.87
189.38 262.71 275.14 1373.28 620.65 450.06
194.69 400.26 237.09 4210.25 1101.23 569.74
221.66 417.8 405.56 3882.51 1288.33 572.69
263.11 612.99 206.62 5252.48 1298.53 573.44
175.41 389.14 194.31 4581.08 1104.27 528.59
826.76 1212.32 1659.64 2856.17 2949.0 2205.49
111.35 198.33 98.5 1784.87 429.56 203.34
80.34 136.76 78.61 2062.33 451.94 202.38
585.72 862.44 1041.49 2617.02 2058.08 1679.94
163.92 240.68 226.26 1928.19 642.9 406.73
150.46 251.79 213.66 2687.6 772.52 441.52
258.85 471.26 414.14 4077.46 1422.96 831.41
486.11 836.39 690.96 4225.93 1798.58 1235.07
154.22 360.87 124.14 5004.1 1125.67 438.88
124.82 284.53 174.2 4480.07 1104.14 431.77
389.11 638.23 626.9 3774.9 1642.78 1118.08
96.38 119.01 94.08 941.08 251.5 147.7
670.89 971.28 1193.31 2721.89 2262.4 1887.7
220.43 431.76 375.11 4523.84 1444.71 693.3
180.04 391.3 217.94 4871.7 1153.56 477.66
121.02 271.79 96.23 3938.24 798.06 321.21
474.53 728.93 853.09 3437.97 1921.9 1353.73
509.65 816.6 888.62 3429.04 1878.53 1354.94
95.14 230.2 125.5 4283.02 962.12 425.37
173.99 387.8 291.75 4050.74 1295.31 673.07
104.78 205.95 83.8 2764.86 594.42 262.04
168.57 273.95 266.5 2730.77 802.74 393.95
258.27 522.05 217.02 5383.29 1108.12 413.66
450.92 691.47 673.03 2926.68 1424.71 1047.03
99.76 103.92 99.69 211.79 122.99 106.73
506.55 856.71 736.35 4128.72 1845.03 1294.85
386.67 726.61 461.58 5357.52 1449.82 703.39
278.25 524.87 438.68 4862.39 1580.73 735.97
94.64 128.15 91.24 1345.3 324.31 170.63
455.8 704.85 839.75 3932.3 1683.93 1043.34
90.16 151.68 83.91 2386.43 511.85 229.68
743.16 1135.9 1651.29 3532.18 2414.02 1459.23
742.22 1053.76 1586.75 2494.59 2166.35 1290.14
111.24 325.45 106.71 4875.54 1218.02 489.59
121.42 232.49 107.89 2842.32 642.94 273.09
117.46 314.82 123.38 4449.74 1124.35 452.7
97.29 133.68 91.4 1234.81 289.25 152.05
86.99 164.76 75.68 2583.2 463.32 199.9
323.17 543.02 577.39 3036.35 1473.9 975.34
161.75 345.11 192.73 3968.51 962.85 427.47
175.59 352.22 204.9 3174.04 865.07 448.89
350.11 611.61 631.63 4397.68 1487.73 733.41
376.63 645.18 508.58 4406.39 1451.27 851.33
84.46 211.45 94.84 4602.86 958.84 367.25
590.12 876.7 1039.4 2719.27 2078.34 1685.31
242.85 415.24 388.48 4076.92 1318.83 795.58
814.28 1149.61 1447.56 2508.69 2563.81 2227.97
293.09 441.12 559.11 2040.38 941.43 547.12
911.18 1330.8 1926.39 2965.79 3092.22 2114.34
181.8 369.89 205.4 4339.49 1076.51 504.56
358.69 566.16 598.04 4059.5 1592.82 1072.48
836.81 1222.08 1599.29 2973.62 2339.9 1739.68
229.13 515.32 173.65 4312.26 1069.38 489.58
607.85 881.54 1041.36 2517.73 1956.91 1629.61
347.7 624.6 654.01 4167.07 1707.11 964.4
501.68 763.74 989.61 3793.67 1995.63 1203.18
162.0 334.92 206.09 4640.83 1075.01 518.74
195.3 469.64 103.74 4296.28 956.88 383.24
327.98 594.93 482.42 4091.09 1446.84 909.88
223.95 425.07 182.94 3605.0 786.3 321.47
102.82 117.47 101.04 461.56 171.58 122.82
121.65 205.52 109.06 2093.38 515.76 236.62
96.41 134.82 96.73 1073.9 322.98 167.64
95.77 152.61 86.57 1872.55 395.61 181.31
646.57 951.27 1148.27 2604.36 2246.54 1845.7
247.12 336.01 427.03 940.13 715.31 500.7
178.08 312.16 157.62 2863.21 633.1 259.93
90.0 260.54 87.45 4676.82 1041.37 375.4
644.97 958.14 1147.71 2591.16 2239.17 1844.94
338.51 565.98 676.71 3924.88 1701.86 909.23
98.58 281.44 113.26 4609.68 1172.57 454.3
234.47 447.98 366.08 4265.32 1448.71 794.33
117.23 183.95 107.2 1686.02 430.8 208.7
402.99 691.93 546.92 4600.22 1527.99 914.39
419.65 645.17 811.76 2547.15 1411.85 848.8
97.03 277.52 116.6 4557.97 1152.64 430.46
122.28 208.54 109.32 2150.57 527.69 240.54
653.68 1039.48 1218.39 4098.23 1949.75 1097.99
254.35 505.55 230.32 5201.15 1122.4 424.47
855.6 1259.12 1842.32 3269.39 2772.36 1761.9
707.01 1066.79 1414.56 3453.26 1970.68 1223.92
549.61 817.53 959.59 2628.24 1946.25 1557.28
443.91 630.36 884.06 1705.36 1534.78 987.51
84.31 252.3 85.69 4359.46 1075.21 395.84
241.43 341.06 361.0 1398.22 740.6 567.45
166.85 355.57 244.33 4108.86 1257.01 614.82
176.73 369.85 249.9 4503.71 1240.2 601.73
348.69 574.22 673.23 3844.58 1690.86 956.85
878.06 1307.25 1902.29 3461.87 3228.1 2050.13
428.48 741.25 642.32 5036.86 1570.38 752.79
689.72 1047.5 1499.31 3591.83 2264.55 1258.37
463.61 709.69 775.61 3701.57 1751.93 1300.3
671.37 1041.78 1454.01 3608.55 2695.44 1637.94
704.26 1028.98 1248.36 2455.99 2348.16 1968.16
260.95 481.44 268.29 4231.58 1014.23 466.27
437.34 716.29 859.62 3658.25 1810.24 1097.45
424.58 719.12 668.31 4057.57 1712.9 1179.92
451.14 834.5 745.51 4923.34 2069.42 1048.97
775.93 1182.85 1599.53 3896.29 2846.31 1746.59
352.11 523.33 584.47 2412.61 1237.24 954.43
502.37 763.28 870.38 2763.87 1811.31 1412.53
443.4 689.51 897.05 3756.34 1730.86 994.79
650.97 1040.41 1286.52 4410.03 2546.7 1517.17
221.1 408.82 320.74 4417.98 1212.9 677.71
207.18 331.83 377.36 2532.99 1048.94 528.77
342.29 643.51 592.88 4694.92 1621.29 783.84
170.25 373.89 178.74 4831.27 1136.15 496.01
769.09 1149.25 1624.52 3691.28 2447.19 1403.19
556.24 824.37 936.88 3125.46 1917.81 1508.18
240.0 459.68 300.93 4537.42 1299.29 673.65
599.83 897.68 1255.39 2455.54 2193.4 1415.31
484.12 738.44 966.62 3360.72 2014.44 1255.93
446.01 721.59 666.47 3825.98 1604.36 1083.83
377.14 647.37 689.68 4376.26 1656.06 838.42
349.05 569.68 687.41 3925.64 1526.15 755.75
553.36 862.98 922.15 3575.23 1990.28 1521.34
294.78 540.54 467.98 4068.25 1579.49 963.82
947.92 1367.19 2039.66 3380.84 3176.45 1873.22
732.5 1051.32 1330.46 2132.5 2436.27 2093.9
120.17 198.29 108.44 1956.94 487.31 227.27
477.84 761.86 928.96 4315.39 1784.49 942.25
96.04 184.6 96.31 2464.24 590.05 244.96
329.85 559.84 637.35 4222.14 1625.79 831.43
660.26 961.26 1187.57 2452.91 2262.67 1893.23
613.07 947.08 1230.84 3682.47 2313.6 1462.02
347.64 677.95 346.81 5496.47 1351.46 628.43
304.58 519.78 564.93 4219.44 1393.47 668.53
103.87 185.87 86.87 2259.97 500.74 231.34
155.77 316.33 102.19 2555.86 601.49 265.76
346.43 493.14 582.55 1649.42 1164.01 932.81
521.75 829.33 1129.08 3882.77 2008.18 1037.25
88.98 237.05 65.02 4717.56 870.07 311.81
508.67 714.25 961.98 1560.07 1390.59 984.05
99.17 113.25 98.96 477.76 177.7 122.73
533.13 794.11 918.38 3322.87 1968.06 1510.86
588.07 877.59 1053.36 2709.0 2155.65 1722.54
619.46 910.01 1107.36 2628.82 2165.68 1781.03
519.33 784.22 910.5 3060.52 1927.65 1505.7
341.36 538.64 550.72 3009.6 1087.82 554.68
85.25 267.79 89.13 4708.59 1159.81 423.89
494.98 773.76 831.79 3673.04 1897.49 1355.96
387.62 598.42 689.31 3005.2 1378.28 863.49
485.92 721.53 854.45 2326.63 1764.66 1396.07
808.5 1236.43 1770.34 3709.64 3191.95 2031.09
108.04 246.69 125.57 4849.56 1032.33 435.2
494.47 804.91 930.82 4249.12 1623.22 839.37
519.39 823.05 973.42 3636.42 2103.69 1411.87
323.51 469.05 599.34 1670.03 1034.33 601.34
244.14 475.24 455.17 4424.91 1546.99 731.78
112.46 242.12 87.54 3118.53 656.21 273.61
157.13 323.82 220.75 4267.66 1179.66 567.25
114.48 156.17 100.57 737.69 230.22 143.04
280.45 502.62 467.22 4373.14 1280.83 606.52
710.9 1099.28 1343.06 4131.44 2589.32 1602.12
137.82 284.31 115.82 3581.95 826.24 338.64
398.95 559.5 653.2 1682.47 1220.75 1006.27
227.04 445.6 306.99 4649.11 1313.88 729.78
356.91 598.39 542.38 4193.26 1544.12 991.24
216.95 417.79 186.3 4238.96 898.51 339.55
377.84 602.99 612.79 3979.7 1557.94 1076.39
77.52 218.82 58.02 4598.98 761.52 284.12
102.19 124.95 97.81 629.92 197.65 130.48
711.83 1032.34 1244.22 2728.44 2326.12 1936.39
324.2 430.7 530.63 780.61 889.83 784.26
126.53 248.16 176.09 3577.7 891.2 447.37
214.37 338.39 246.74 2254.43 662.4 378.47
79.4 138.53 77.59 2156.64 468.86 207.3
248.68 471.72 341.97 4716.61 1347.44 761.96
111.6 317.33 107.4 4689.55 1174.09 474.94
74.87 174.16 66.77 3790.72 772.73 299.39
94.95 125.15 90.56 1064.17 241.07 138.79
625.92 909.4 1111.31 2885.83 2180.01 1786.62
302.41 608.0 513.25 4796.19 1614.44 815.01
420.39 688.25 706.7 3693.46 1824.13 1273.68
599.43 915.64 1221.14 3775.44 1750.21 991.7
95.18 226.15 95.8 4761.17 981.85 406.06
762.11 1122.66 1575.12 3394.77 2868.81 1869.17
763.08 1113.79 1621.28 3295.52 2439.32 1501.05
203.28 380.63 176.21 3755.0 805.15 311.54
487.08 837.15 963.38 4273.61 1834.37 1015.89
877.22 1297.69 1913.4 3262.8 3065.71 1951.51
542.17 823.45 1088.65 3901.72 1863.5 1040.02
105.81 150.35 99.23 962.77 268.76 152.92
150.04 337.29 199.95 4585.41 1185.03 533.96
204.43 355.01 342.58 3509.81 1139.65 649.11
716.9 1022.96 1259.61 2816.11 2302.23 1960.35
77.28 213.12 57.52 4437.67 734.64 274.51
653.03 957.63 1122.7 3089.77 2179.54 1785.82
586.7 899.73 1173.26 3672.73 2005.76 1167.9
240.66 592.35 145.8 5393.21 1240.75 517.19
347.25 566.22 680.92 3757.68 1557.84 835.6
402.43 659.69 646.97 3748.83 1633.02 1146.22
381.27 617.53 748.3 3934.79 1548.97 863.88
161.32 221.9 216.47 1444.54 528.15 359.79
193.55 273.43 280.67 1670.17 672.39 468.69
535.08 772.61 941.11 2317.37 1836.03 1497.39
193.2 255.24 290.88 808.21 432.77 271.08
88.58 214.36 107.29 3853.97 912.56 343.47
88.86 217.84 102.36 4619.64 964.62 372.78
202.51 291.79 338.28 1654.12 741.96 460.76
383.0 637.17 671.57 3796.1 1540.69 901.32
393.2 641.24 679.55 3482.78 1770.15 1220.18
500.39 733.67 1040.96 1729.02 1402.26 891.31
227.15 451.57 303.02 4376.79 1236.87 670.4
371.19 578.44 624.07 3673.77 1584.52 1117.06
95.65 121.64 91.88 929.58 221.38 133.37
642.65 936.22 1159.4 2408.87 2235.57 1855.23
95.08 161.14 84.39 2160.05 443.55 194.49
89.17 153.91 79.76 2167.15 402.44 183.16
202.54 284.6 293.85 1423.46 636.67 466.09
192.98 307.67 329.5 1975.27 762.47 399.48
493.68 757.11 1008.3 3623.92 1962.58 1058.36
202.83 369.69 168.81 3007.84 669.37 283.74
183.98 402.39 183.44 5012.16 1220.29 529.46
269.27 370.56 420.31 1173.19 793.92 643.45
131.52 268.59 206.21 3658.28 1020.66 440.82
163.05 336.65 210.07 4596.58 1080.72 526.0
541.1 814.54 925.99 3148.47 1932.94 1516.08
452.21 698.16 820.71 3153.19 1485.66 850.77
93.25 208.43 91.53 3191.37 735.84 286.02
85.64 266.2 90.25 4656.13 1151.36 422.29
938.97 1375.66 1926.83 3309.37 2722.23 1733.94
761.28 1082.76 1370.11 2379.47 2479.55 2136.37
193.91 362.24 355.95 4514.23 1361.89 627.84
242.8 360.77 418.22 1798.64 778.75 420.42
82.62 151.3 77.01 2653.07 565.37 237.93
181.8 417.28 103.21 3701.9 835.51 343.12
907.37 1343.12 2056.07 3693.51 3842.53 2242.95
603.7 927.8 1234.93 3685.85 1669.48 938.71
907.09 1332.36 1941.76 3399.48 3037.16 1909.84
67.35 231.98 91.04 3706.34 932.37 357.5
113.63 255.54 86.37 3403.68 708.75 290.01
104.4 245.38 133.55 4128.02 1030.06 427.44
727.32 1037.79 1276.25 2846.37 2348.4 1988.78
221.42 432.89 350.04 4164.85 1430.34 777.35
424.03 580.79 763.15 1444.61 1204.38 913.74
585.52 839.49 1013.94 2488.14 1923.46 1589.14
612.88 931.78 1228.0 3683.47 2118.3 1282.43
389.35 658.73 644.26 4392.27 1671.53 945.18
317.84 574.98 517.87 4748.83 1528.49 749.67
424.08 665.01 851.77 4257.64 1708.75 905.85
396.17 645.98 755.33 4220.96 1794.27 1025.44
221.39 407.93 196.93 3305.03 750.99 317.26
205.6 379.92 349.5 3658.67 1129.57 531.39
73.18 179.16 64.53 4039.33 818.05 312.82
152.88 238.68 135.38 1595.27 392.78 194.48
117.17 206.17 106.32 2297.41 535.05 238.69
668.68 953.47 1171.65 2509.01 2174.56 1828.78
199.41 299.21 293.88 2276.64 810.36 528.66
353.96 544.62 520.29 2692.28 1178.01 816.24
259.39 505.41 401.01 4022.48 1253.78 627.58
807.31 1206.88 1643.04 3851.28 3163.58 1984.55
402.19 641.22 738.83 3696.52 1761.63 1096.54
118.1 333.96 121.59 4861.89 1233.46 503.86
101.25 103.32 100.92 141.62 107.94 102.47
324.41 569.74 586.7 3511.13 1620.44 1047.57
120.64 164.77 149.13 1188.51 347.56 204.95
86.78 236.25 85.87 4575.77 1034.06 380.78
107.29 250.15 106.27 3290.79 843.32 352.39
262.44 489.91 339.2 4603.1 1358.4 729.12
94.9 234.97 104.49 4204.32 978.67 371.26
238.18 435.26 442.38 4333.84 1353.2 600.17
110.95 194.81 98.55 1724.4 417.73 199.63
95.14 178.07 93.9 2325.65 557.78 233.93
729.49 1065.31 1409.56 3308.55 2687.88 1933.32
907.61 1330.21 1945.09 3385.18 3029.52 1905.76
803.34 1207.3 1665.3 3745.64 2503.19 1428.51
867.27 1249.19 1819.51 3413.7 2540.14 1484.39
336.64 577.64 710.95 3982.51 1602.82 832.03
762.44 1109.47 1612.06 2996.16 2817.3 1799.06
111.67 255.24 166.34 4062.57 1024.55 405.62
440.59 745.66 945.2 4222.26 1892.52 1028.66
525.03 842.98 869.62 4023.96 1812.2 1070.87
102.03 274.99 91.46 4014.45 995.1 398.42
151.35 268.73 239.55 3432.29 890.43 399.24
691.31 971.28 1343.99 2140.93 1860.84 1342.36
238.66 337.55 406.29 1366.68 704.93 434.4
231.1 455.52 307.68 4337.31 1237.23 684.78
78.07 209.21 58.99 4287.46 712.66 268.46
583.69 900.09 1246.21 3744.45 2382.25 1433.31
258.81 521.68 219.83 5354.82 1107.79 415.56
309.18 551.44 664.14 3348.69 1456.35 771.52
84.32 252.15 85.71 4355.09 1074.21 395.54
380.73 611.99 700.83 3760.98 1598.5 938.12
85.13 178.09 75.69 3554.51 722.25 295.93
545.33 932.69 959.0 4485.83 2202.28 1248.86
199.09 268.98 296.39 992.64 597.2 457.32
488.52 707.59 835.2 1712.73 1577.15 1317.59
218.84 448.51 276.38 4977.39 1355.62 607.84
116.02 238.79 97.88 2478.12 565.16 245.86
332.38 547.37 663.73 3945.77 1514.18 737.0
109.89 212.87 90.11 2497.36 541.75 237.88
457.04 669.63 799.14 2346.34 1641.87 1306.71
453.99 701.13 873.39 3328.09 1501.69 880.58
393.55 614.26 676.81 2931.08 1091.4 571.65
109.22 205.23 90.78 2335.1 511.85 228.55
100.43 103.86 99.79 187.91 115.79 104.93
393.62 641.15 673.61 3638.61 1768.16 1207.47
680.06 996.99 1199.31 2576.81 2284.92 1892.96
199.61 473.64 114.09 4267.01 967.13 396.94
297.75 465.65 556.94 2824.8 1376.3 777.55
405.26 632.5 721.37 3743.12 1653.62 1112.8
209.2 436.01 174.37 3399.97 885.59 430.67
784.82 1147.51 1608.62 3621.98 2346.92 1340.69
168.96 362.11 243.71 4294.13 1282.84 619.5
456.15 720.23 934.95 4054.39 1719.64 891.26
92.82 184.99 92.72 3427.35 716.51 299.88
442.94 630.34 849.48 1865.0 1431.83 953.91
381.79 610.98 656.15 3125.79 1651.13 1158.53
797.87 1136.02 1386.35 2787.94 2487.5 2125.09
89.82 137.73 89.75 1601.56 411.65 187.77
303.75 547.24 345.87 4590.47 1197.97 591.28
205.47 423.18 277.37 4813.41 1245.6 547.42
444.74 674.83 784.21 2747.72 1591.17 1111.84
87.32 166.59 79.27 3046.04 630.67 267.09
102.45 247.05 112.33 4410.7 801.79 328.88
747.28 1076.7 1489.18 2697.31 1957.52 1211.56
206.74 431.95 287.87 4443.0 1372.05 714.96
510.52 857.82 808.89 3811.75 1834.07 1255.03
219.31 412.9 179.83 3473.81 760.61 313.18
274.63 423.2 408.51 2029.63 932.5 672.54
239.92 473.12 203.46 4770.79 991.25 377.3
190.15 356.31 249.11 3353.12 909.68 458.29
489.42 821.56 892.99 4290.38 1684.58 888.89
210.4 372.16 321.77 4252.03 1237.52 701.93
542.97 807.98 950.96 3086.77 1923.61 1541.7
128.88 280.89 185.54 4119.77 1038.71 420.91
435.19 630.85 835.66 1823.81 1297.91 793.23
347.73 539.85 703.82 2562.51 1241.21 697.2
303.67 522.54 506.96 3210.75 1211.43 684.41
117.75 209.76 106.54 2371.88 549.8 243.39
449.87 701.98 941.71 3095.33 1650.63 889.53
408.97 671.52 568.64 4181.88 1471.05 919.15
781.64 1187.33 1649.75 3540.31 2991.31 1995.4
500.69 776.8 843.71 3374.79 1863.02 1415.18
351.28 642.12 706.52 4360.25 1732.72 899.71
519.95 759.56 958.45 2055.64 1731.33 1364.08
491.35 778.69 734.17 4114.61 1712.07 1168.97
239.81 388.63 392.26 2499.15 974.49 541.68
508.94 791.17 1010.3 3842.42 1902.78 1161.07
480.53 746.31 997.1 3621.53 1837.0 1029.89
211.25 396.67 182.26 3813.83 808.65 320.48
521.07 730.38 1063.47 1778.66 1636.56 983.54
767.19 1094.44 1384.87 2315.99 2501.27 2156.03
162.11 356.56 164.88 4665.2 1082.83 465.51
570.01 909.01 1065.77 4514.14 1911.26 972.57
67.24 161.27 64.36 3370.14 686.5 270.6
242.7 445.26 410.59 4605.34 1392.5 699.31
596.63 920.67 1220.8 3940.01 2040.33 1119.97
477.53 859.31 808.07 4748.46 2131.89 1133.45
562.44 851.58 1030.19 3445.14 1866.43 1288.84
175.42 270.22 229.67 1709.34 612.32 399.03
232.88 577.08 135.91 5290.72 1208.88 497.62
701.49 1106.05 1371.83 4004.88 2687.25 1628.57
742.17 1059.64 1308.17 2772.95 2409.02 2037.48
537.74 798.93 1008.85 2813.32 1973.78 1269.52
291.34 551.57 327.68 5109.87 1227.26 494.12
182.05 339.02 281.46 3883.05 877.71 403.43
485.33 825.39 950.04 4286.31 2022.63 1135.94
163.54 374.58 288.72 4029.45 1241.02 592.53
109.12 323.26 104.65 4900.25 1212.64 476.0
288.14 480.27 497.25 3667.74 1418.25 921.45
162.74 298.11 248.12 3313.44 1008.05 509.3
224.09 487.17 275.3 4647.88 1252.66 641.53
717.2 1064.99 1524.28 3541.82 2434.36 1507.46
92.92 137.15 88.43 1743.32 396.01 193.2
112.46 207.96 98.35 1949.81 461.82 213.46
102.4 306.66 89.92 4723.0 1157.12 452.44
237.86 415.89 274.1 3352.3 858.28 390.05
129.81 255.2 123.42 3142.65 718.1 301.95
450.47 651.33 887.43 1994.08 1683.98 1079.67
365.62 648.43 454.32 4893.21 1407.8 768.41
771.64 1096.89 1364.7 2672.31 2485.02 2120.09
227.4 451.55 393.59 3847.63 1408.6 813.09
442.23 695.54 892.43 3554.99 1760.23 1017.49
730.61 1118.94 1617.55 3504.16 2399.46 1436.15
187.06 394.03 210.0 4791.27 1170.82 537.93
679.94 1051.77 1401.46 4287.15 2860.03 1583.74
584.27 877.52 1001.12 3220.83 2094.14 1636.31
87.91 217.36 88.98 3382.22 851.47 327.97
315.76 571.98 553.99 4544.64 1440.78 704.35
382.08 650.83 729.93 3741.84 1614.98 919.55
700.75 1067.37 1430.23 3627.24 1888.19 1072.25
118.51 148.55 112.39 623.49 202.5 133.08
83.23 227.88 71.48 4633.06 783.77 296.47
357.61 671.47 390.08 5081.85 1338.05 665.67
504.23 782.44 1022.29 3799.99 1894.45 1061.98
126.12 227.3 110.92 2504.89 601.59 264.82
545.5 810.77 985.59 3254.32 2073.45 1523.68
239.54 457.5 388.69 4282.21 1458.05 782.52
605.7 942.02 1202.11 4134.51 2606.12 1560.57
747.72 1071.18 1359.37 2075.32 2470.32 2133.51
556.57 828.32 971.53 3152.98 1995.65 1580.16
193.74 297.48 277.27 2110.09 743.5 485.68
682.09 1035.35 1420.89 3557.66 2532.67 1608.17
159.71 373.18 134.99 5124.08 1161.75 454.93
296.93 484.59 476.45 2730.04 1281.91 870.07
79.55 209.52 101.68 4328.08 932.26 375.61
660.05 968.59 1186.95 2461.63 2298.85 1907.59
106.09 235.07 79.34 3497.48 730.34 306.58
962.0 1398.0 2014.0 3173.0 2939.0 1816.0
69.0 191.5 59.0 4653.5 930.0 346.0
134.0 394.5 95.5 5146.0 1087.0 409.5
969.0 1403.0 2079.0 3181.0 3518.0 2279.0
155.0 368.0 123.0 5163.0 1156.0 447.0
89.8 263.8 87.2 4769.8 1060.5 381.0
971.0 1390.0 2115.5 3245.0 2879.5 1707.0
122.0 299.0 89.0 4632.0 914.0 354.0
72.0 203.8 71.8 4231.5 957.5 341.5
907.5 1325.5 2047.5 3151.5 2757.0 1579.5
948.0 1357.0 1978.0 3155.0 2462.0 1531.0
56.8 180.8 53.0 4412.8 873.5 325.0
119.5 322.5 80.5 4825.8 970.8 371.8
948.0 1376.0 2046.0 3146.0 2970.0 1921.0
911.0 1341.0 1922.0 3127.8 2196.5 1320.8
985.0 1493.5 2276.8 3372.5 3183.8 2033.8
76.2 218.5 55.5 4643.8 764.8 282.8
962.5 1390.0 1954.5 3151.5 2480.0 1527.0
959.5 1435.2 2145.2 3160.2 2832.8 1787.8
88.5 243.0 63.5 4918.0 903.5 321.0
978.0 1422.0 2105.0 3266.0 3199.0 2037.0
79.2 209.2 66.0 4931.0 970.2 374.0
222.2 574.0 104.8 5481.0 1198.8 463.2
992.0 1434.0 2127.0 3253.0 3849.0 2515.0
980.5 1432.2 2016.0 3245.2 2807.8 1800.2
966.0 1422.0 2112.0 3259.5 3477.0 2237.5
109.2 304.0 68.8 5231.2 1052.0 412.0
978.0 1434.0 2220.0 3640.0 4073.0 2397.0
81.5 229.5 75.0 4588.5 1023.0 369.5
937.0 1353.0 2081.0 3198.0 2826.0 1629.0
924.0 1316.0 1970.0 3207.0 2671.0 1584.0
102.5 315.2 89.5 4914.0 1200.8 467.0
980.0 1467.0 2194.0 3388.8 3736.5 2446.5
955.0 1376.0 2056.0 3368.0 3193.0 1885.0
977.5 1462.0 2197.0 3231.5 2940.0 1846.5
939.0 1381.8 2053.5 3176.2 3230.8 2074.0
265.0 540.0 222.0 5608.0 1151.0 427.0
83.0 265.0 84.5 4714.5 1156.5 420.5
245.0 494.0 207.0 5231.5 1090.0 397.0
304.0 635.0 236.5 5868.5 1229.5 464.5
138.0 335.0 114.0 4964.0 1063.0 407.0
53.8 244.8 74.8 4340.2 1057.2 381.2
750.0 1074.0 1364.0 2066.0 2476.0 2140.0
813.0 1149.0 1469.0 2186.0 2594.0 2270.0
881.0 1229.0 1568.0 2348.0 2696.0 2390.0
100.0 100.0 100.0 100.0 100.0 100.0
