0.7386
0.3615
0.9996
0.7903
0.1417
0.2896
0.8136
0.1622
0.8791
0.5266
0.6327
0.5238
0.2064
0.2705
0.6719
0.5983
0.5747
0.76
0.0942
0.6191
0.627
0.1675
0.1084
0.506
0.3349
0.3368
0.0972
0.1167
0.8231
0.9196
0.5351
0.955
0.9852
0.0
0.522
0.9676
0.7724
0.2857
0.4481
0.7053
0.7514
0.3809
0.9966
0.1982
0.488
0.4108
0.7372
0.8911
0.7864
0.8216
0.2963
0.2754
0.7567
0.7305
0.4456
0.5408
0.1062
0.3029
0.5693
0.3771
0.2292
0.4469
0.647
0.2521
0.106
0.8842
0.3387
0.6736
0.1147
0.4124
0.0268
0.25
0.7555
0.3344
0.9801
0.344
0.7654
0.173
0.8826
0.4427
0.2128
0.2746
0.4422
0.4543
0.6121
0.8571
0.3672
0.1314
0.3868
0.2071
0.4572
0.4684
0.2757
0.8645
0.7816
0.9826
0.1436
0.5377
0.6323
0.0433
0.4311
0.333
0.7961
0.4745
0.5523
0.9482
0.2304
0.4277
0.8425
0.1575
0.7991
0.8486
0.5116
0.2396
0.322
0.9777
0.322
0.8622
0.586
0.7653
0.7333
0.1748
0.2021
0.4576
0.0097
0.8377
0.5022
0.087
0.7173
0.885
0.7304
0.9419
0.4715
0.1283
0.2345
0.2401
0.8695
0.3838
0.7619
0.8177
0.2502
0.4362
0.3645
0.8137
0.2727
0.5367
0.9247
0.286
0.209
0.6621
0.195
0.9588
0.5982
0.3305
0.3438
0.1596
0.6683
0.2403
0.7399
0.4694
0.5271
0.2766
0.8617
0.8103
0.7677
0.6778
0.9925
0.7282
0.0805
0.3077
0.6826
0.2946
0.786
0.8677
0.5798
0.4038
0.7264
0.0746
0.3863
0.8791
0.9028
0.9573
0.2771
0.2499
0.2228
0.9861
0.9123
0.9573
0.8738
0.7474
0.9988
0.2489
0.6331
0.1884
0.1993
0.3849
0.5133
0.6322
0.0085
0.9031
0.2699
0.832
0.861
0.0385
0.836
0.9026
0.1645
0.2444
0.0542
0.2307
0.2991
0.6985
0.4482
0.0342
0.7566
0.7484
0.2139
0.8411
0.0376
0.5128
0.1052
0.6915
0.6809
0.2466
0.375
0.4848
0.9902
0.8638
0.599
0.5055
0.0097
0.9372
0.0177
0.914
0.1687
0.1621
0.3922
0.5684
0.7933
0.2535
0.6699
0.5327
0.6766
0.0163
0.174
0.3634
0.7607
0.7271
0.0513
0.1209
0.7938
0.2261
0.3954
0.5721
0.0776
0.9775
0.5832
0.117
0.2913
0.0218
0.7465
0.0958
0.3784
0.8594
0.5812
0.5815
0.2418
0.0233
0.0612
0.1541
0.7841
0.4991
0.359
0.1494
0.8769
0.9684
0.8359
0.1883
0.9809
0.2816
0.7141
0.461
0.1959
0.0859
0.2277
0.8071
0.5715
0.0902
0.8061
0.1274
0.0263
0.3441
0.7209
0.0019
0.4571
0.4389
0.5627
0.4562
0.7286
0.7756
0.6389
0.0308
0.0793
0.2798
0.7038
0.7662
0.61
0.2425
0.2
0.1665
0.9904
0.87
0.9537
0.053
0.4541
0.4353
0.7588
0.8859
0.3681
0.7992
0.2946
0.0695
0.1833
0.6084
0.0325
0.95
0.6046
0.6913
0.6995
0.5815
0.0125
0.9241
0.6051
0.9014
0.6244
0.2925
0.205
0.8997
0.3593
0.4763
0.5998
0.49
0.2168
0.5749
0.4366
0.3331
0.4751
0.2425
0.4023
0.637
0.1845
0.7036
0.7081
0.858
0.0341
0.5983
0.2089
0.9004
0.1915
0.9615
0.9212
0.4073
0.8213
0.4081
0.1003
0.7273
0.8864
0.6316
0.3259
0.7203
0.8367
0.9448
0.0783
0.2742
0.279
0.0918
0.0397
0.8254
0.058
0.6299
0.929
0.6937
0.4768
0.6331
0.5056
0.9864
0.1978
0.8693
0.4321
0.9458
0.2483
0.2487
0.9638
0.9388
0.2483
0.0321
0.0533
0.9987
0.8605
0.6463
0.2328
0.4219
0.8567
0.0727
0.936
0.2022
0.0409
0.9872
0.619
0.2655
0.2253
0.3239
0.7661
0.9395
0.601
0.688
0.4272
0.6205
0.2469
0.7637
0.6632
0.1929
0.6027
0.0141
0.5644
0.6737
0.144
0.9794
0.2868
0.2713
0.5063
0.2246
0.2318
0.1761
0.9192
0.6764
0.8982
0.5194
0.5204
0.5042
0.7728
0.5845
0.0101
0.4715
0.2884
0.6671
0.6193
0.7782
0.9896
0.0954
0.7239
0.451
0.1579
0.5632
0.2445
0.8707
0.779
0.7473
0.9127
0.0864
0.7999
0.8429
0.3373
0.13
0.7973
0.3147
0.2212
0.8428
0.0194
0.1155
0.4275
0.5909
0.2914
0.83
0.2518
0.6954
0.6537
0.0104
0.0772
0.3045
0.2702
0.9414
0.1384
0.579
0.9801
0.7594
0.6148
0.56
0.6256
0.722
0.4302
0.6683
0.5612
0.6049
0.8497
0.9743
0.1883
0.5893
0.3086
0.3197
0.2889
0.2379
0.8304
0.0293
0.5883
0.6383
0.4749
0.9382
0.0198
0.2279
0.9701
0.5725
0.3122
0.12
0.5202
0.7498
0.2153
0.3114
0.0766
0.9762
0.4256
0.9463
0.0973
0.916
0.8203
0.4858
0.4058
0.135
0.4373
0.2679
0.0396
0.3972
0.2359
0.8918
0.7474
0.1645
0.4517
0.5404
0.9167
0.4613
0.4276
0.5449
0.8789
0.8791
0.7788
0.0437
0.6108
0.2459
0.0378
0.3739
0.4228
0.3627
0.4165
0.6644
0.3334
0.3138
0.2166
0.5318
0.4274
0.046
0.3964
0.0161
0.9595
0.0803
0.2602
0.7409
0.3907
0.039
0.9976
0.7029
0.0322
0.1251
0.484
0.268
0.4103
0.9515
0.0174
0.4608
0.348
0.751
0.2715
0.1483
0.3972
0.9938
0.6835
0.0369
0.419
0.9991
0.1813
0.2312
0.9992
0.0768
0.1434
0.3895
0.3202
0.2243
0.1857
0.2192
0.0649
0.259
0.8089
0.9399
0.5587
0.3674
0.2324
0.0676
0.1501
0.7512
0.6472
0.898
0.9031
0.1207
0.1188
0.5231
0.5113
0.7832
0.94
0.8676
0.5227
0.6937
0.5903
0.3791
0.284
0.3413
0.3152
0.653
0.5343
0.4773
0.2572
0.8333
0.3553
0.9101
0.6811
0.7296
0.0597
0.0528
0.286
0.6805
0.3889
0.2212
0.796
0.1112
0.0934
0.5941
0.919
0.3618
0.9943
0.2342
0.5746
0.6047
0.2488
0.3552
0.4202
0.8357
0.7502
0.423
0.5583
0.8236
0.8997
0.363
0.2533
0.3985
0.2059
0.0896
0.5418
0.8987
0.7714
0.554
0.0224
0.9521
0.0594
0.3694
0.9986
0.8818
0.294
0.3802
0.4189
0.8984
0.0699
0.4174
0.8179
0.5653
0.8378
0.7495
0.2846
0.2144
0.8567
0.4189
0.2788
0.2795
0.6506
0.607
0.0537
0.5519
0.3249
0.0147
0.5718
0.0446
0.2659
0.0194
0.1156
0.8727
0.6688
0.7784
0.5191
0.1781
0.704
0.289
0.8947
0.946
0.5219
0.9657
0.9024
0.4163
0.4097
0.6789
0.8311
0.6509
0.3319
0.0795
0.556
0.2785
0.779
0.5367
0.5744
0.3958
0.7043
0.8398
0.2008
0.102
0.6598
0.3397
0.1798
0.4715
0.3514
0.3408
0.2599
0.9016
0.8488
0.0431
0.3574
0.9942
0.2585
0.3201
0.0877
0.4032
0.9517
0.9641
0.1289
0.7837
0.8592
0.2987
0.3306
0.1145
0.2631
0.9296
0.5496
0.7156
0.4163
0.2596
0.1011
0.6631
0.4425
0.0125
0.8133
0.754
0.989
0.286
0.1823
0.7379
0.1357
0.7219
0.1219
0.3466
0.07
0.6087
0.5706
0.3931
0.2431
0.6284
0.9348
0.5828
0.2665
0.9455
0.4865
0.4403
0.2914
0.5221
0.0091
0.6237
0.3599
0.2746
0.0204
0.5376
0.098
0.3806
0.2039
0.2158
0.3025
0.7344
0.6305
0.2814
0.7674
0.9483
0.5361
0.4974
0.2879
0.3836
0.6727
0.2353
0.8346
0.6625
0.1482
0.2603
0.3618
0.3091
0.5819
0.1647
0.635
0.0521
0.9406
0.2065
0.2742
0.8752
0.2099
0.0606
0.7403
0.5188
0.4037
0.2794
0.6708
0.5299
0.4752
0.6785
0.0323
0.7944
0.2431
0.562
0.8128
0.6183
0.1226
0.9787
0.4371
0.3677
0.0599
0.9225
0.8743
0.4265
0.5977
0.4003
0.9716
0.7129
0.7774
0.9093
0.991
0.4231
0.7375
0.2572
0.0211
0.9684
0.6307
0.2052
0.4409
0.6407
0.4741
0.79
0.452
0.358
0.5853
0.2347
0.6873
0.4346
0.7939
0.6131
0.0485
0.4573
0.873
0.4565
0.9048
0.9321
0.6583
0.564
0.7446
0.9879
0.2445
0.944
0.7581
0.9283
0.7161
0.7137
0.6612
0.4364
0.1768
0.2866
0.7181
0.0819
0.9044
0.5969
0.3257
0.9169
0.8031
0.306
0.5109
0.6018
0.2313
0.7294
0.6329
0.5301
0.9753
0.3658
0.9602
0.6765
0.4372
0.6044
0.9193
0.3983
0.1159
0.2173
0.5932
0.4661
0.6643
0.8213
0.6551
0.3423
0.77
0.0836
0.608
0.0506
0.4422
0.251
0.6531
0.898
0.9072
0.6767
0.3612
0.5944
0.6573
0.9726
0.9391
0.075
0.4419
0.9191
0.1051
0.414
0.4539
0.6048
0.6836
0.6676
0.7902
0.3241
0.8314
0.4352
0.4511
0.8417
0.2219
0.0938
0.9374
0.0016
0.5655
0.7613
0.2012
0.4253
0.7703
0.9556
0.1276
0.0689
0.7709
0.0516
0.8597
0.5933
0.8715
0.6738
0.6035
0.3037
0.896
0.8087
0.7212
0.0515
0.3316
0.192
0.7591
0.325
0.06
0.7482
0.6419
0.1678
0.1503
0.2668
0.8181
0.1791
0.0717
0.5924
0.1027
0.8119
0.7329
0.0678
0.0894
0.6141
0.7867
0.1519
1.0
0.0
0.0
1.0
0.0
0.0
1.0
0.0
0.0
1.0
1.0
0.0
0.0
1.0
1.0
1.0
0.0
1.0
1.0
0.0
1.0
0.0
0.0
1.0
1.0
1.0
0.0
1.0
0.0
1.0
1.0
0.0
1.0
1.0
1.0
1.0
0.0
0.0
0.0
0.0
0.0
0.0
0.0
0.0
0.0
0.0
0.0
0.0
0.0
0.0
0.0
0.0
0.0
0.0
0.0
0.0
0.0
0.0
0.0
0.0
0.0
0.0
0.0
0.0
0.0
0.0
0.0
0.0
0.0
0.0
0.0
0.0
0.0
0.0
0.0
0.0
0.0
0.0
0.0
0.0
0.0
0.0
0.0
0.0
0.0
0.0
0.0
0.0
0.0
0.0
0.0
0.0
0.0
0.0
0.0
0.0
0.0
0.0
0.0
0.0
0.0
0.0
0.0
0.0
0.0
0.0
0.0
0.0
0.0
0.0
0.0
0.0
0.0
0.0
0.0
0.0
0.0
0.0
0.0
0.0
0.0
0.0
0.0
0.0
0.0
0.0
0.0
0.0
0.0
0.0
0.0
0.0
0.0
0.0
0.0
0.0
0.0
0.0
0.0
0.0
0.0
0.0
0.0
0.0
0.0
0.0
0.0
0.0
0.0
0.0
0.0
0.0
0.0
0.0
0.0
0.0
0.0
0.0
0.0
0.0
0.0
0.0
0.0
0.0
0.0
0.0
0.0
0.0
0.0
0.0
0.0
0.0
0.0
0.0
0.0
0.0
0.0
0.0
0.0
0.0
0.0
0.0
0.0
0.0
0.0
0.0
0.0
0.0
0.0
0.0
0.0
0.0
0.0
0.0
0.0
0.0
0.0
0.0
0.0
0.0
0.0
0.0
0.0
0.0
0.0
0.0
0.0
0.0
0.0
0.0
0.0
0.0
0.0
0.0
0.0
0.0
0.0
0.0
0.0
0.0
0.0
0.0
0.0
0.0
0.0
0.0
0.0
0.0
0.0
0.0
0.0
0.0
0.0
0.0
0.0
0.0
0.0
0.0
0.0
0.0
0.0
0.0
0.0
0.0
